8.303834e-01	7.448213e-03	4.250205e-02	3.699567e-01	6.124770e-02	2.344763e-01	0.000000e+00	0.000000e+00	2.341267e-02	1.208079e-01	2.632704e-02	1.347386e-02	6.034541e-04	0.000000e+00	1.370302e-01	2.195200e-02	0.000000e+00	3.173740e-03	1.265178e-02	0.000000e+00	2.149791e-01	4.937833e-03	2.997970e-01	6.673534e-03	1.581675e-05	0.000000e+00	4.885129e-02	1.776078e-02	1.774825e-02	4.648410e-02	8.303834e-01	-2.699698e-01
8.303834e-01	7.448213e-03	4.250205e-02	3.699567e-01	6.124770e-02	2.344763e-01	0.000000e+00	0.000000e+00	2.341267e-02	1.208079e-01	2.632704e-02	1.347386e-02	6.034541e-04	0.000000e+00	1.370302e-01	2.195200e-02	0.000000e+00	3.173740e-03	1.265178e-02	0.000000e+00	2.149791e-01	4.937833e-03	2.997970e-01	6.673534e-03	1.581675e-05	0.000000e+00	4.885129e-02	1.776078e-02	1.774825e-02	4.648410e-02	8.303834e-01	-2.699698e-01
8.620877e-01	7.448213e-03	4.250205e-02	3.699567e-01	6.124770e-02	2.344763e-01	0.000000e+00	0.000000e+00	2.341267e-02	1.208079e-01	2.632704e-02	1.347386e-02	6.034541e-04	0.000000e+00	1.370302e-01	2.195200e-02	2.780613e-03	3.173740e-03	1.265178e-02	0.000000e+00	2.149791e-01	4.937833e-03	2.997970e-01	6.673534e-03	1.581675e-05	0.000000e+00	4.885129e-02	1.776078e-02	1.774825e-02	4.648410e-02	8.620877e-01	-4.138468e-01
8.620877e-01	6.222894e-03	5.671389e-02	3.699567e-01	6.124770e-02	2.332171e-01	0.000000e+00	9.197546e-04	2.341267e-02	1.208079e-01	2.632704e-02	1.347386e-02	6.034541e-04	0.000000e+00	1.370302e-01	2.195200e-02	2.780613e-03	3.178619e-03	1.265178e-02	0.000000e+00	2.149791e-01	4.937833e-03	2.607243e-01	6.673534e-03	1.581675e-05	2.997311e-02	4.885129e-02	1.776078e-02	1.774825e-02	4.699532e-02	8.620877e-01	-4.130576e-01
8.620877e-01	6.222894e-03	5.671389e-02	3.477498e-01	6.124770e-02	2.332171e-01	0.000000e+00	9.197546e-04	2.341267e-02	1.208079e-01	2.632704e-02	6.076304e-03	6.177704e-04	0.000000e+00	1.370302e-01	2.195200e-02	5.561226e-04	3.178619e-03	9.470905e-03	0.000000e+00	2.149791e-01	5.925400e-03	3.310551e-01	7.732333e-03	0.000000e+00	2.997311e-02	4.885129e-02	1.776078e-02	1.774825e-02	4.699532e-02	8.620877e-01	-4.057917e-01
8.620877e-01	6.222894e-03	5.671389e-02	3.477498e-01	6.124770e-02	2.332171e-01	0.000000e+00	9.197546e-04	2.341267e-02	1.208079e-01	2.632704e-02	6.076304e-03	6.177704e-04	0.000000e+00	1.370302e-01	2.195200e-02	5.561226e-04	3.178619e-03	9.470905e-03	0.000000e+00	2.149791e-01	5.925400e-03	3.310551e-01	7.732333e-03	0.000000e+00	2.997311e-02	4.885129e-02	1.776078e-02	1.774825e-02	4.699532e-02	8.620877e-01	-4.057917e-01
8.620877e-01	6.222894e-03	5.671389e-02	3.477498e-01	6.124770e-02	2.332171e-01	0.000000e+00	9.197546e-04	2.341267e-02	1.208079e-01	2.632704e-02	6.076304e-03	6.177704e-04	0.000000e+00	1.370302e-01	2.195200e-02	5.561226e-04	3.178619e-03	9.470905e-03	0.000000e+00	2.149791e-01	5.925400e-03	3.310551e-01	7.732333e-03	0.000000e+00	2.997311e-02	4.885129e-02	1.776078e-02	1.774825e-02	4.699532e-02	8.620877e-01	-4.057917e-01
8.620877e-01	6.222894e-03	5.671389e-02	3.477498e-01	6.124770e-02	2.332171e-01	0.000000e+00	9.197546e-04	2.341267e-02	1.208079e-01	2.632704e-02	6.076304e-03	6.177704e-04	0.000000e+00	1.370302e-01	2.195200e-02	5.561226e-04	3.178619e-03	9.470905e-03	0.000000e+00	2.149791e-01	5.925400e-03	3.310551e-01	7.732333e-03	0.000000e+00	2.997311e-02	4.885129e-02	1.776078e-02	1.774825e-02	4.699532e-02	8.620877e-01	-4.057917e-01
8.620877e-01	6.222894e-03	5.671389e-02	3.477498e-01	6.124770e-02	2.332171e-01	0.000000e+00	9.197546e-04	2.341267e-02	1.208079e-01	2.632704e-02	6.076304e-03	6.177704e-04	0.000000e+00	1.370302e-01	2.195200e-02	5.561226e-04	3.178619e-03	9.470905e-03	0.000000e+00	2.149791e-01	5.925400e-03	3.310551e-01	7.732333e-03	0.000000e+00	2.997311e-02	4.885129e-02	1.776078e-02	1.774825e-02	4.699532e-02	8.620877e-01	-4.057917e-01
8.620877e-01	6.222894e-03	5.671389e-02	3.477498e-01	6.124770e-02	2.332171e-01	0.000000e+00	9.197546e-04	2.341267e-02	1.208079e-01	2.632704e-02	6.076304e-03	6.177704e-04	0.000000e+00	1.370302e-01	2.195200e-02	5.561226e-04	3.178619e-03	9.470905e-03	0.000000e+00	2.149791e-01	5.925400e-03	3.310551e-01	7.732333e-03	0.000000e+00	2.997311e-02	4.885129e-02	1.776078e-02	1.774825e-02	4.699532e-02	8.620877e-01	-4.057917e-01
8.620877e-01	6.222894e-03	5.671389e-02	3.477498e-01	6.124770e-02	2.332171e-01	0.000000e+00	9.197546e-04	2.341267e-02	1.208079e-01	2.632704e-02	6.076304e-03	6.177704e-04	0.000000e+00	1.370302e-01	2.195200e-02	5.561226e-04	3.178619e-03	9.470905e-03	0.000000e+00	2.149791e-01	5.925400e-03	3.310551e-01	7.732333e-03	0.000000e+00	2.997311e-02	4.885129e-02	1.776078e-02	1.774825e-02	4.699532e-02	8.620877e-01	-4.057917e-01
8.620877e-01	6.222894e-03	5.671389e-02	3.477498e-01	6.124770e-02	2.332171e-01	0.000000e+00	9.197546e-04	2.341267e-02	1.208079e-01	2.632704e-02	6.076304e-03	6.177704e-04	0.000000e+00	1.370302e-01	2.195200e-02	5.561226e-04	3.178619e-03	9.470905e-03	0.000000e+00	2.149791e-01	5.925400e-03	3.310551e-01	7.732333e-03	0.000000e+00	2.997311e-02	4.885129e-02	1.776078e-02	1.774825e-02	4.699532e-02	8.620877e-01	-4.057917e-01
8.620877e-01	6.222894e-03	5.671389e-02	3.477498e-01	6.124770e-02	2.332171e-01	0.000000e+00	9.197546e-04	2.341267e-02	1.208079e-01	2.632704e-02	6.076304e-03	6.177704e-04	0.000000e+00	1.370302e-01	2.195200e-02	5.561226e-04	3.178619e-03	9.470905e-03	0.000000e+00	2.149791e-01	5.925400e-03	3.310551e-01	7.732333e-03	0.000000e+00	2.997311e-02	4.885129e-02	1.776078e-02	1.774825e-02	4.699532e-02	8.620877e-01	-4.057917e-01
8.620877e-01	6.222894e-03	5.671389e-02	3.477498e-01	6.124770e-02	2.332171e-01	0.000000e+00	9.197546e-04	2.341267e-02	1.208079e-01	2.632704e-02	6.076304e-03	6.177704e-04	0.000000e+00	1.370302e-01	2.195200e-02	5.561226e-04	3.178619e-03	9.470905e-03	0.000000e+00	2.149791e-01	5.925400e-03	3.310551e-01	7.732333e-03	0.000000e+00	2.997311e-02	4.885129e-02	1.776078e-02	1.774825e-02	4.699532e-02	8.620877e-01	-4.057917e-01
8.303834e-01	6.222894e-03	5.387152e-02	3.699567e-01	6.124770e-02	2.334689e-01	0.000000e+00	9.197546e-04	2.341267e-02	1.208079e-01	2.632704e-02	7.555815e-03	6.034541e-04	0.000000e+00	1.370302e-01	2.195200e-02	0.000000e+00	3.173740e-03	1.010708e-02	0.000000e+00	2.149791e-01	5.925400e-03	3.313052e-01	7.520573e-03	0.000000e+00	0.000000e+00	4.885129e-02	1.776078e-02	1.774825e-02	0.000000e+00	8.303834e-01	-2.722391e-01
8.303834e-01	6.271907e-03	5.603173e-02	3.712139e-01	6.124770e-02	2.335294e-01	0.000000e+00	0.000000e+00	2.341267e-02	1.208079e-01	2.632704e-02	6.431386e-03	6.000182e-04	0.000000e+00	1.370302e-01	2.195200e-02	0.000000e+00	3.172568e-03	0.000000e+00	0.000000e+00	2.149791e-01	7.859700e-03	3.295547e-01	7.469751e-03	3.796019e-06	0.000000e+00	4.885129e-02	0.000000e+00	1.774825e-02	3.759625e-02	8.303834e-01	-2.700130e-01
8.303834e-01	6.271907e-03	5.603173e-02	3.712139e-01	6.124770e-02	2.335294e-01	0.000000e+00	0.000000e+00	2.341267e-02	1.208079e-01	2.632704e-02	6.431386e-03	6.000182e-04	0.000000e+00	1.370302e-01	2.195200e-02	0.000000e+00	3.172568e-03	0.000000e+00	0.000000e+00	2.149791e-01	7.859700e-03	3.295547e-01	7.469751e-03	3.796019e-06	0.000000e+00	4.885129e-02	0.000000e+00	1.774825e-02	3.759625e-02	8.303834e-01	-2.700130e-01
8.303834e-01	6.271907e-03	5.603173e-02	3.595498e-01	6.288197e-02	2.452609e-01	0.000000e+00	0.000000e+00	1.455229e-02	1.449695e-01	2.632704e-02	6.431386e-03	6.000182e-04	0.000000e+00	1.370302e-01	2.195200e-02	5.637999e-02	3.802070e-03	0.000000e+00	0.000000e+00	2.312606e-01	9.431641e-03	3.295547e-01	8.875226e-03	0.000000e+00	0.000000e+00	4.885129e-02	0.000000e+00	1.774825e-02	3.759625e-02	8.303834e-01	-2.516541e-01
8.291152e-01	6.271907e-03	5.548599e-02	3.743981e-01	6.288197e-02	2.452609e-01	0.000000e+00	0.000000e+00	1.455229e-02	1.498018e-01	2.632704e-02	6.431386e-03	4.800146e-04	0.000000e+00	1.370302e-01	2.195200e-02	5.637999e-02	3.927970e-03	2.021416e-03	0.000000e+00	2.149791e-01	5.727886e-03	3.283544e-01	9.156321e-03	3.036815e-06	0.000000e+00	4.885129e-02	0.000000e+00	1.774825e-02	3.935338e-02	8.291152e-01	-2.297249e-01
8.291152e-01	6.271907e-03	5.548599e-02	3.743981e-01	6.288197e-02	2.452609e-01	0.000000e+00	0.000000e+00	1.455229e-02	1.440030e-01	2.632704e-02	6.431386e-03	4.800146e-04	0.000000e+00	1.370302e-01	2.195200e-02	0.000000e+00	3.927970e-03	2.021416e-03	0.000000e+00	2.149791e-01	5.727886e-03	3.283544e-01	9.156321e-03	1.898009e-05	0.000000e+00	4.885129e-02	2.967047e-02	1.774825e-02	4.638186e-02	8.291152e-01	-2.347498e-01
8.291152e-01	6.271907e-03	5.548599e-02	3.743981e-01	6.288197e-02	2.452609e-01	0.000000e+00	0.000000e+00	1.455229e-02	1.440030e-01	2.632704e-02	6.431386e-03	4.800146e-04	0.000000e+00	1.370302e-01	2.195200e-02	0.000000e+00	3.927970e-03	2.021416e-03	0.000000e+00	2.149791e-01	5.727886e-03	3.283544e-01	9.156321e-03	1.898009e-05	0.000000e+00	4.885129e-02	2.967047e-02	1.774825e-02	4.638186e-02	8.291152e-01	-2.347498e-01
8.291152e-01	6.271907e-03	5.548599e-02	3.743981e-01	6.288197e-02	2.452609e-01	0.000000e+00	0.000000e+00	1.455229e-02	1.440030e-01	2.632704e-02	6.431386e-03	4.800146e-04	0.000000e+00	1.370302e-01	2.195200e-02	0.000000e+00	3.927970e-03	2.021416e-03	0.000000e+00	2.149791e-01	5.727886e-03	3.283544e-01	9.156321e-03	1.898009e-05	0.000000e+00	4.885129e-02	2.967047e-02	1.774825e-02	4.638186e-02	8.291152e-01	-2.347498e-01
8.291152e-01	6.271907e-03	5.548599e-02	3.743981e-01	6.288197e-02	2.452609e-01	0.000000e+00	0.000000e+00	1.455229e-02	1.440030e-01	2.632704e-02	6.431386e-03	4.800146e-04	0.000000e+00	1.370302e-01	2.195200e-02	0.000000e+00	3.927970e-03	2.021416e-03	0.000000e+00	2.149791e-01	5.727886e-03	3.283544e-01	9.156321e-03	1.898009e-05	0.000000e+00	4.885129e-02	2.967047e-02	1.774825e-02	4.638186e-02	8.291152e-01	-2.347498e-01
8.291152e-01	6.271907e-03	5.548599e-02	3.743981e-01	6.092084e-02	2.452609e-01	0.000000e+00	0.000000e+00	1.455229e-02	1.440030e-01	5.462920e-02	6.431386e-03	4.800146e-04	0.000000e+00	1.370302e-01	2.195200e-02	0.000000e+00	3.927970e-03	2.021416e-03	0.000000e+00	2.149791e-01	5.727886e-03	3.461640e-01	1.098759e-02	1.898009e-05	0.000000e+00	4.885129e-02	3.553067e-02	1.774825e-02	4.638186e-02	8.291152e-01	-2.245120e-01
8.291152e-01	6.271907e-03	5.548599e-02	3.743981e-01	6.092084e-02	2.452609e-01	0.000000e+00	0.000000e+00	1.455229e-02	1.440030e-01	5.462920e-02	6.431386e-03	4.800146e-04	0.000000e+00	1.370302e-01	2.195200e-02	0.000000e+00	3.927970e-03	2.021416e-03	0.000000e+00	2.149791e-01	5.727886e-03	3.461640e-01	1.098759e-02	1.898009e-05	0.000000e+00	4.885129e-02	3.553067e-02	1.774825e-02	4.638186e-02	8.291152e-01	-2.245120e-01
8.240425e-01	6.271907e-03	7.300582e-02	3.743981e-01	6.092084e-02	2.452609e-01	0.000000e+00	0.000000e+00	2.518474e-02	1.440030e-01	2.632704e-02	6.431386e-03	0.000000e+00	0.000000e+00	1.370302e-01	2.195200e-02	0.000000e+00	3.776890e-03	1.010708e-02	0.000000e+00	2.149791e-01	5.727886e-03	3.225929e-01	8.819007e-03	1.898009e-05	0.000000e+00	4.885129e-02	0.000000e+00	1.774825e-02	4.638186e-02	8.240425e-01	-1.396191e-01
8.240425e-01	6.271907e-03	1.059857e-01	3.743981e-01	6.092084e-02	2.452609e-01	0.000000e+00	0.000000e+00	1.455229e-02	1.440030e-01	2.632704e-02	6.431386e-03	0.000000e+00	0.000000e+00	1.370302e-01	2.195200e-02	0.000000e+00	3.927970e-03	2.021416e-03	0.000000e+00	2.149791e-01	5.727886e-03	3.283544e-01	9.156321e-03	1.898009e-05	0.000000e+00	4.885129e-02	2.967047e-02	1.774825e-02	4.638186e-02	8.240425e-01	-1.296933e-01
8.240425e-01	6.271907e-03	7.589364e-02	3.743981e-01	6.092084e-02	2.621483e-01	0.000000e+00	0.000000e+00	6.239183e-03	7.717458e-02	5.462920e-02	6.431386e-03	0.000000e+00	0.000000e+00	1.370302e-01	2.195200e-02	0.000000e+00	3.927970e-03	2.021416e-03	0.000000e+00	2.149791e-01	6.644348e-03	3.426021e-01	1.098759e-02	1.898009e-05	0.000000e+00	4.885129e-02	3.553067e-02	1.774825e-02	4.638186e-02	8.240425e-01	-1.370517e-01
8.240425e-01	3.585134e-04	7.589364e-02	4.071641e-01	5.306843e-02	2.621483e-01	0.000000e+00	0.000000e+00	5.611780e-02	7.717458e-02	1.025359e-02	6.431386e-03	0.000000e+00	1.798271e-02	1.586649e-01	2.195200e-02	0.000000e+00	2.506188e-05	2.021416e-03	0.000000e+00	1.087216e-01	6.644348e-03	2.393065e-01	0.000000e+00	2.039561e-02	2.710274e-02	4.885129e-02	3.553067e-02	1.774825e-02	0.000000e+00	8.240425e-01	-1.683800e-01
8.240425e-01	3.585134e-04	7.589364e-02	4.071641e-01	5.306843e-02	2.621483e-01	0.000000e+00	0.000000e+00	5.611780e-02	7.717458e-02	1.025359e-02	6.431386e-03	0.000000e+00	1.798271e-02	1.586649e-01	2.195200e-02	0.000000e+00	2.506188e-05	2.021416e-03	0.000000e+00	1.087216e-01	6.644348e-03	2.393065e-01	0.000000e+00	2.039561e-02	2.710274e-02	4.885129e-02	3.553067e-02	1.774825e-02	0.000000e+00	8.240425e-01	-1.683800e-01
8.240425e-01	3.585134e-04	6.902743e-02	4.071641e-01	1.290364e-01	2.418835e-01	0.000000e+00	0.000000e+00	5.611780e-02	6.173967e-02	1.025359e-02	6.431386e-03	0.000000e+00	1.798271e-02	1.586649e-01	1.756644e-02	2.874755e-02	2.506188e-05	2.021416e-03	0.000000e+00	1.087216e-01	5.315479e-03	2.393065e-01	0.000000e+00	2.039561e-02	2.710274e-02	4.885129e-02	2.849843e-02	1.419860e-02	0.000000e+00	8.240425e-01	-1.593881e-01
8.240425e-01	3.585134e-04	6.902743e-02	4.620436e-01	3.787485e-02	2.418835e-01	0.000000e+00	0.000000e+00	5.611780e-02	6.173967e-02	1.025359e-02	6.431386e-03	0.000000e+00	1.798271e-02	1.586649e-01	1.756644e-02	2.874755e-02	2.506188e-05	2.021416e-03	0.000000e+00	1.087216e-01	5.315479e-03	2.393065e-01	0.000000e+00	2.039561e-02	2.710274e-02	9.241853e-02	2.849843e-02	0.000000e+00	0.000000e+00	8.240425e-01	-1.607454e-01
8.240425e-01	3.585134e-04	4.156262e-02	4.071641e-01	5.290136e-02	2.418835e-01	0.000000e+00	7.972368e-05	5.611780e-02	6.173967e-02	1.025359e-02	1.392597e-02	0.000000e+00	1.881550e-02	1.586649e-01	1.756644e-02	1.437377e-01	2.506188e-05	2.021416e-03	0.000000e+00	1.087216e-01	0.000000e+00	2.386927e-01	0.000000e+00	2.039561e-02	2.654560e-02	4.316966e-02	3.694471e-04	0.000000e+00	3.384752e-03	8.240425e-01	-1.655314e-01
8.240425e-01	3.585134e-04	4.156262e-02	4.071641e-01	5.290136e-02	2.418835e-01	0.000000e+00	7.972368e-05	5.611780e-02	6.173967e-02	1.025359e-02	1.392597e-02	0.000000e+00	1.881550e-02	1.586649e-01	1.756644e-02	1.437377e-01	2.506188e-05	2.021416e-03	0.000000e+00	1.087216e-01	0.000000e+00	2.386927e-01	0.000000e+00	2.039561e-02	2.654560e-02	4.316966e-02	3.694471e-04	0.000000e+00	3.384752e-03	8.240425e-01	-1.655314e-01
8.240425e-01	3.585134e-04	4.156262e-02	4.071641e-01	5.290136e-02	2.418835e-01	0.000000e+00	7.972368e-05	5.611780e-02	6.173967e-02	1.025359e-02	1.392597e-02	0.000000e+00	1.881550e-02	1.586649e-01	1.756644e-02	1.437377e-01	2.506188e-05	2.021416e-03	0.000000e+00	1.087216e-01	0.000000e+00	2.386927e-01	0.000000e+00	2.039561e-02	2.654560e-02	4.316966e-02	3.694471e-04	0.000000e+00	3.384752e-03	8.240425e-01	-1.655314e-01
8.240425e-01	3.585134e-04	4.156262e-02	4.071641e-01	5.290136e-02	2.418835e-01	0.000000e+00	7.972368e-05	5.611780e-02	6.173967e-02	1.025359e-02	1.392597e-02	0.000000e+00	1.881550e-02	1.586649e-01	1.756644e-02	1.437377e-01	2.506188e-05	2.021416e-03	0.000000e+00	1.087216e-01	0.000000e+00	2.386927e-01	0.000000e+00	2.039561e-02	2.654560e-02	4.316966e-02	3.694471e-04	0.000000e+00	3.384752e-03	8.240425e-01	-1.655314e-01
8.240425e-01	3.585134e-04	4.156262e-02	4.071641e-01	5.290136e-02	2.418835e-01	0.000000e+00	7.972368e-05	5.611780e-02	6.173967e-02	1.025359e-02	1.392597e-02	0.000000e+00	1.881550e-02	1.586649e-01	1.756644e-02	1.437377e-01	2.506188e-05	2.021416e-03	0.000000e+00	1.087216e-01	0.000000e+00	2.386927e-01	0.000000e+00	2.039561e-02	2.654560e-02	4.316966e-02	3.694471e-04	0.000000e+00	3.384752e-03	8.240425e-01	-1.655314e-01
8.240425e-01	3.585134e-04	4.156262e-02	4.071641e-01	5.290136e-02	2.418835e-01	0.000000e+00	7.972368e-05	5.611780e-02	6.173967e-02	1.025359e-02	1.392597e-02	0.000000e+00	1.881550e-02	1.586649e-01	1.756644e-02	1.437377e-01	2.506188e-05	2.021416e-03	0.000000e+00	1.087216e-01	0.000000e+00	2.386927e-01	0.000000e+00	2.039561e-02	2.654560e-02	4.316966e-02	3.694471e-04	0.000000e+00	3.384752e-03	8.240425e-01	-1.655314e-01
8.240425e-01	3.585134e-04	4.156262e-02	4.071641e-01	5.290136e-02	2.418835e-01	0.000000e+00	7.972368e-05	5.611780e-02	6.173967e-02	1.025359e-02	1.392597e-02	0.000000e+00	1.881550e-02	1.586649e-01	1.756644e-02	1.437377e-01	2.506188e-05	2.021416e-03	0.000000e+00	1.087216e-01	0.000000e+00	2.386927e-01	0.000000e+00	2.039561e-02	2.654560e-02	4.316966e-02	3.694471e-04	0.000000e+00	3.384752e-03	8.240425e-01	-1.655314e-01
8.240425e-01	3.585134e-04	4.156262e-02	4.071641e-01	5.290136e-02	2.418835e-01	0.000000e+00	7.972368e-05	5.611780e-02	6.173967e-02	1.025359e-02	1.392597e-02	0.000000e+00	1.881550e-02	1.586649e-01	1.756644e-02	1.437377e-01	2.506188e-05	2.021416e-03	0.000000e+00	1.087216e-01	0.000000e+00	2.386927e-01	0.000000e+00	2.039561e-02	2.654560e-02	4.316966e-02	3.694471e-04	0.000000e+00	3.384752e-03	8.240425e-01	-1.655314e-01
8.240425e-01	3.585134e-04	4.156262e-02	4.071641e-01	5.290136e-02	2.418835e-01	0.000000e+00	7.972368e-05	5.611780e-02	6.173967e-02	1.025359e-02	1.392597e-02	0.000000e+00	1.881550e-02	1.586649e-01	1.756644e-02	1.437377e-01	2.506188e-05	2.021416e-03	0.000000e+00	1.087216e-01	0.000000e+00	2.386927e-01	0.000000e+00	2.039561e-02	2.654560e-02	4.316966e-02	3.694471e-04	0.000000e+00	3.384752e-03	8.240425e-01	-1.655314e-01
8.240425e-01	3.585134e-04	4.156262e-02	4.071641e-01	5.290136e-02	2.418835e-01	0.000000e+00	7.972368e-05	5.611780e-02	6.173967e-02	1.025359e-02	1.392597e-02	0.000000e+00	1.881550e-02	1.586649e-01	1.756644e-02	1.437377e-01	2.506188e-05	2.021416e-03	0.000000e+00	1.087216e-01	0.000000e+00	2.386927e-01	0.000000e+00	2.039561e-02	2.654560e-02	4.316966e-02	3.694471e-04	0.000000e+00	3.384752e-03	8.240425e-01	-1.655314e-01
8.240425e-01	3.585134e-04	4.156262e-02	4.071641e-01	5.290136e-02	2.418835e-01	0.000000e+00	7.972368e-05	5.611780e-02	6.173967e-02	1.025359e-02	1.392597e-02	0.000000e+00	1.881550e-02	1.586649e-01	1.756644e-02	1.437377e-01	2.506188e-05	2.021416e-03	0.000000e+00	1.087216e-01	0.000000e+00	2.386927e-01	0.000000e+00	2.039561e-02	2.654560e-02	4.316966e-02	3.694471e-04	0.000000e+00	3.384752e-03	8.240425e-01	-1.655314e-01
4.525778e-01	3.585134e-04	4.156262e-02	4.071641e-01	5.306843e-02	1.608244e-01	0.000000e+00	0.000000e+00	5.611780e-02	0.000000e+00	1.025359e-02	1.374233e-02	0.000000e+00	1.798271e-02	1.586649e-01	2.418598e-05	1.437377e-01	2.506188e-05	6.635628e-02	0.000000e+00	1.087216e-01	0.000000e+00	2.393065e-01	0.000000e+00	2.039561e-02	2.710274e-02	4.372211e-02	3.694471e-04	0.000000e+00	0.000000e+00	4.525778e-01	2.156125e-01
4.525778e-01	3.585134e-04	4.156262e-02	4.071641e-01	5.306843e-02	1.608244e-01	0.000000e+00	0.000000e+00	5.611780e-02	0.000000e+00	1.025359e-02	1.374233e-02	0.000000e+00	1.798271e-02	1.586649e-01	2.418598e-05	1.437377e-01	2.506188e-05	6.635628e-02	0.000000e+00	1.087216e-01	0.000000e+00	2.393065e-01	0.000000e+00	2.039561e-02	2.710274e-02	4.372211e-02	3.694471e-04	0.000000e+00	0.000000e+00	4.525778e-01	2.156125e-01
4.525778e-01	3.585134e-04	4.156262e-02	4.071641e-01	5.306843e-02	1.608244e-01	0.000000e+00	0.000000e+00	5.611780e-02	0.000000e+00	1.025359e-02	1.374233e-02	0.000000e+00	1.798271e-02	1.586649e-01	2.418598e-05	1.437377e-01	2.506188e-05	6.635628e-02	0.000000e+00	1.087216e-01	0.000000e+00	2.393065e-01	0.000000e+00	2.039561e-02	2.710274e-02	4.372211e-02	3.694471e-04	0.000000e+00	0.000000e+00	4.525778e-01	2.156125e-01
4.525778e-01	3.585134e-04	4.156262e-02	4.071641e-01	5.306843e-02	1.608244e-01	0.000000e+00	0.000000e+00	5.611780e-02	0.000000e+00	0.000000e+00	1.370560e-02	0.000000e+00	1.793091e-02	1.586649e-01	2.418598e-05	1.437377e-01	2.506188e-05	6.635628e-02	0.000000e+00	1.087216e-01	0.000000e+00	2.361596e-01	0.000000e+00	2.039561e-02	2.710274e-02	4.372211e-02	3.694471e-04	0.000000e+00	2.242594e-03	4.525778e-01	2.130856e-01
4.525778e-01	3.585134e-04	4.156262e-02	4.071641e-01	5.306843e-02	1.608244e-01	0.000000e+00	0.000000e+00	5.611780e-02	0.000000e+00	0.000000e+00	1.370560e-02	0.000000e+00	1.793091e-02	1.586649e-01	2.418598e-05	1.437377e-01	2.506188e-05	6.635628e-02	0.000000e+00	1.087216e-01	0.000000e+00	2.361596e-01	0.000000e+00	2.039561e-02	2.710274e-02	4.372211e-02	3.694471e-04	0.000000e+00	2.242594e-03	4.525778e-01	2.130856e-01
4.525778e-01	3.585134e-04	4.156262e-02	4.071641e-01	5.306843e-02	1.608244e-01	0.000000e+00	0.000000e+00	5.611780e-02	0.000000e+00	0.000000e+00	1.370560e-02	0.000000e+00	1.793091e-02	1.586649e-01	2.418598e-05	1.437377e-01	0.000000e+00	6.635628e-02	0.000000e+00	1.087216e-01	0.000000e+00	2.361596e-01	0.000000e+00	2.039561e-02	2.710274e-02	4.372211e-02	3.694471e-04	0.000000e+00	2.242594e-03	4.525778e-01	2.130800e-01
4.525778e-01	3.585134e-04	4.156262e-02	4.071641e-01	5.306843e-02	1.608244e-01	0.000000e+00	0.000000e+00	5.611780e-02	0.000000e+00	0.000000e+00	1.370560e-02	0.000000e+00	1.793091e-02	1.586649e-01	2.418598e-05	1.437377e-01	0.000000e+00	6.635628e-02	0.000000e+00	1.087216e-01	0.000000e+00	2.361596e-01	0.000000e+00	2.039561e-02	2.710274e-02	4.372211e-02	3.694471e-04	0.000000e+00	2.242594e-03	4.525778e-01	2.130800e-01
4.525778e-01	3.585134e-04	4.156262e-02	4.071641e-01	5.306843e-02	1.608244e-01	0.000000e+00	0.000000e+00	5.611780e-02	0.000000e+00	0.000000e+00	1.370560e-02	0.000000e+00	1.793091e-02	1.586649e-01	2.418598e-05	1.437377e-01	0.000000e+00	6.635628e-02	0.000000e+00	1.087216e-01	0.000000e+00	2.361596e-01	0.000000e+00	2.039561e-02	2.710274e-02	4.372211e-02	3.694471e-04	0.000000e+00	2.242594e-03	4.525778e-01	2.130800e-01
4.525778e-01	3.585134e-04	4.156262e-02	4.071641e-01	5.306843e-02	1.608244e-01	0.000000e+00	0.000000e+00	5.611780e-02	0.000000e+00	0.000000e+00	1.370560e-02	0.000000e+00	1.793091e-02	1.586649e-01	2.418598e-05	1.437377e-01	0.000000e+00	6.635628e-02	0.000000e+00	1.087216e-01	0.000000e+00	2.361596e-01	0.000000e+00	2.039561e-02	2.710274e-02	4.372211e-02	3.694471e-04	0.000000e+00	2.242594e-03	4.525778e-01	2.130800e-01
4.525778e-01	3.585134e-04	4.156262e-02	4.071641e-01	5.306843e-02	1.608244e-01	0.000000e+00	0.000000e+00	5.611780e-02	0.000000e+00	0.000000e+00	1.370560e-02	0.000000e+00	1.793091e-02	1.586649e-01	2.418598e-05	1.437377e-01	0.000000e+00	6.635628e-02	0.000000e+00	1.087216e-01	0.000000e+00	2.361596e-01	0.000000e+00	2.039561e-02	2.710274e-02	4.372211e-02	3.694471e-04	0.000000e+00	2.242594e-03	4.525778e-01	2.130800e-01
4.525778e-01	3.585134e-04	4.156262e-02	4.071641e-01	5.306843e-02	1.608244e-01	0.000000e+00	0.000000e+00	5.611780e-02	0.000000e+00	0.000000e+00	1.370560e-02	0.000000e+00	1.793091e-02	1.586649e-01	2.418598e-05	1.437377e-01	0.000000e+00	6.635628e-02	0.000000e+00	1.087216e-01	0.000000e+00	2.361596e-01	0.000000e+00	2.039561e-02	2.710274e-02	4.372211e-02	3.694471e-04	0.000000e+00	2.242594e-03	4.525778e-01	2.130800e-01
4.525778e-01	3.585134e-04	4.156262e-02	4.071641e-01	5.306843e-02	1.608244e-01	0.000000e+00	0.000000e+00	5.611780e-02	0.000000e+00	0.000000e+00	1.370560e-02	0.000000e+00	1.793091e-02	1.586649e-01	2.418598e-05	1.437377e-01	0.000000e+00	6.635628e-02	0.000000e+00	1.087216e-01	0.000000e+00	2.361596e-01	0.000000e+00	2.039561e-02	2.710274e-02	4.372211e-02	3.694471e-04	0.000000e+00	2.242594e-03	4.525778e-01	2.130800e-01
4.525778e-01	3.585134e-04	4.156262e-02	4.071641e-01	5.306843e-02	1.608244e-01	0.000000e+00	0.000000e+00	5.611780e-02	0.000000e+00	0.000000e+00	1.370560e-02	0.000000e+00	1.793091e-02	1.586649e-01	2.418598e-05	1.437377e-01	0.000000e+00	6.635628e-02	0.000000e+00	1.087216e-01	0.000000e+00	2.361596e-01	0.000000e+00	2.039561e-02	2.710274e-02	4.372211e-02	3.694471e-04	0.000000e+00	2.242594e-03	4.525778e-01	2.130800e-01
4.525778e-01	3.585134e-04	4.156262e-02	4.071641e-01	5.306843e-02	1.608244e-01	0.000000e+00	0.000000e+00	5.611780e-02	0.000000e+00	0.000000e+00	1.370560e-02	0.000000e+00	1.793091e-02	1.586649e-01	2.418598e-05	1.437377e-01	0.000000e+00	6.635628e-02	0.000000e+00	1.087216e-01	0.000000e+00	2.361596e-01	0.000000e+00	2.039561e-02	2.710274e-02	4.372211e-02	3.694471e-04	0.000000e+00	2.242594e-03	4.525778e-01	2.130800e-01
4.525778e-01	3.585134e-04	4.156262e-02	4.071641e-01	5.306843e-02	1.608244e-01	0.000000e+00	0.000000e+00	5.611780e-02	0.000000e+00	0.000000e+00	1.370560e-02	0.000000e+00	1.793091e-02	1.586649e-01	2.418598e-05	1.437377e-01	0.000000e+00	6.635628e-02	0.000000e+00	1.087216e-01	0.000000e+00	2.361596e-01	0.000000e+00	2.039561e-02	2.710274e-02	4.372211e-02	3.694471e-04	0.000000e+00	2.242594e-03	4.525778e-01	2.130800e-01
4.525778e-01	0.000000e+00	4.983979e-02	4.105169e-01	5.505595e-02	1.687286e-01	0.000000e+00	2.753093e-03	4.869339e-02	0.000000e+00	1.657583e-03	1.337368e-02	0.000000e+00	1.843192e-02	1.707326e-01	4.759941e-05	1.437377e-01	9.319362e-06	7.164986e-02	0.000000e+00	1.034687e-01	0.000000e+00	2.395013e-01	0.000000e+00	2.222738e-02	2.710274e-02	5.049902e-02	3.614885e-04	0.000000e+00	2.793609e-04	4.525778e-01	2.221714e-01
4.525778e-01	1.270803e-03	4.983979e-02	4.105169e-01	5.505595e-02	1.687286e-01	1.151028e-03	2.753093e-03	4.869339e-02	0.000000e+00	6.177544e-02	1.310814e-02	0.000000e+00	0.000000e+00	1.707326e-01	4.759941e-05	1.331768e-01	9.319362e-06	5.953318e-02	0.000000e+00	1.034687e-01	0.000000e+00	2.363175e-01	0.000000e+00	2.320143e-02	2.710274e-02	5.592055e-02	3.614885e-04	0.000000e+00	2.793609e-04	4.525778e-01	2.276587e-01
4.525778e-01	1.270803e-03	4.983979e-02	4.105169e-01	5.505595e-02	1.687286e-01	1.151028e-03	2.753093e-03	4.869339e-02	0.000000e+00	6.177544e-02	1.310814e-02	0.000000e+00	0.000000e+00	1.707326e-01	4.759941e-05	1.331768e-01	9.319362e-06	5.953318e-02	0.000000e+00	1.034687e-01	0.000000e+00	2.363175e-01	0.000000e+00	2.320143e-02	2.710274e-02	5.592055e-02	3.614885e-04	0.000000e+00	2.793609e-04	4.525778e-01	2.276587e-01
4.525778e-01	1.270803e-03	4.983979e-02	4.105169e-01	5.505595e-02	1.687286e-01	1.151028e-03	2.753093e-03	4.869339e-02	0.000000e+00	6.177544e-02	1.310814e-02	0.000000e+00	0.000000e+00	1.707326e-01	4.759941e-05	1.331768e-01	9.319362e-06	5.953318e-02	0.000000e+00	1.034687e-01	0.000000e+00	2.363175e-01	0.000000e+00	2.320143e-02	2.710274e-02	5.592055e-02	3.614885e-04	0.000000e+00	2.793609e-04	4.525778e-01	2.276587e-01
4.525778e-01	1.270803e-03	4.983979e-02	4.105169e-01	5.505595e-02	1.687286e-01	1.151028e-03	2.753093e-03	4.869339e-02	0.000000e+00	6.177544e-02	1.310814e-02	0.000000e+00	0.000000e+00	1.707326e-01	4.759941e-05	1.331768e-01	9.319362e-06	5.953318e-02	0.000000e+00	1.034687e-01	0.000000e+00	2.363175e-01	0.000000e+00	2.320143e-02	2.710274e-02	5.592055e-02	3.614885e-04	0.000000e+00	2.793609e-04	4.525778e-01	2.276587e-01
4.525778e-01	1.270803e-03	4.983979e-02	4.105169e-01	5.505595e-02	1.687286e-01	1.151028e-03	2.753093e-03	4.869339e-02	0.000000e+00	6.177544e-02	1.310814e-02	0.000000e+00	0.000000e+00	1.707326e-01	4.759941e-05	1.331768e-01	9.319362e-06	5.953318e-02	0.000000e+00	1.034687e-01	0.000000e+00	2.363175e-01	0.000000e+00	2.320143e-02	2.710274e-02	5.592055e-02	3.614885e-04	0.000000e+00	2.793609e-04	4.525778e-01	2.276587e-01
4.525778e-01	1.270803e-03	4.983979e-02	4.105169e-01	5.505595e-02	1.687286e-01	1.151028e-03	2.753093e-03	4.869339e-02	0.000000e+00	6.177544e-02	1.310814e-02	0.000000e+00	0.000000e+00	1.707326e-01	4.759941e-05	1.331768e-01	9.319362e-06	5.953318e-02	0.000000e+00	1.034687e-01	0.000000e+00	2.363175e-01	0.000000e+00	2.320143e-02	2.710274e-02	5.592055e-02	3.614885e-04	0.000000e+00	2.793609e-04	4.525778e-01	2.276587e-01
4.525778e-01	1.270803e-03	4.983979e-02	4.105169e-01	5.505595e-02	1.687286e-01	1.151028e-03	2.753093e-03	4.869339e-02	0.000000e+00	6.177544e-02	1.310814e-02	0.000000e+00	0.000000e+00	1.707326e-01	4.759941e-05	1.331768e-01	9.319362e-06	5.953318e-02	0.000000e+00	1.034687e-01	0.000000e+00	2.363175e-01	0.000000e+00	2.320143e-02	2.710274e-02	5.592055e-02	3.614885e-04	0.000000e+00	2.793609e-04	4.525778e-01	2.276587e-01
4.525778e-01	1.270803e-03	4.983979e-02	4.105169e-01	5.505595e-02	1.687286e-01	1.151028e-03	2.753093e-03	4.869339e-02	0.000000e+00	6.177544e-02	1.310814e-02	0.000000e+00	0.000000e+00	1.707326e-01	4.759941e-05	1.331768e-01	9.319362e-06	5.953318e-02	0.000000e+00	1.034687e-01	0.000000e+00	2.363175e-01	0.000000e+00	2.320143e-02	2.710274e-02	5.592055e-02	3.614885e-04	0.000000e+00	2.793609e-04	4.525778e-01	2.276587e-01
4.525778e-01	1.270803e-03	4.983979e-02	4.105169e-01	5.505595e-02	1.687286e-01	1.151028e-03	2.753093e-03	4.869339e-02	0.000000e+00	6.177544e-02	1.310814e-02	0.000000e+00	0.000000e+00	1.707326e-01	4.759941e-05	1.331768e-01	9.319362e-06	5.953318e-02	0.000000e+00	1.034687e-01	0.000000e+00	2.363175e-01	0.000000e+00	2.320143e-02	2.710274e-02	5.592055e-02	3.614885e-04	0.000000e+00	2.793609e-04	4.525778e-01	2.276587e-01
2.502343e-01	2.037191e-03	0.000000e+00	3.908501e-01	5.555283e-02	1.137587e-01	0.000000e+00	1.376546e-02	4.683729e-02	4.360479e-03	2.071979e-03	1.337368e-02	0.000000e+00	1.855718e-02	1.657163e-02	1.412531e-04	9.093288e-02	1.164920e-05	2.883044e-02	0.000000e+00	8.241719e-02	4.884417e-05	2.235824e-01	1.381695e-04	1.123673e-02	2.509800e-03	8.121401e-02	1.516979e-03	0.000000e+00	2.659688e-02	2.502343e-01	5.427336e-01
2.502343e-01	2.037191e-03	0.000000e+00	3.908501e-01	5.555283e-02	1.137587e-01	0.000000e+00	1.376546e-02	4.683729e-02	4.360479e-03	2.071979e-03	1.337368e-02	0.000000e+00	1.855718e-02	1.657163e-02	1.412531e-04	9.093288e-02	1.164920e-05	2.883044e-02	0.000000e+00	8.241719e-02	4.884417e-05	2.235824e-01	1.381695e-04	1.123673e-02	2.509800e-03	8.121401e-02	1.516979e-03	0.000000e+00	2.659688e-02	2.502343e-01	5.427336e-01
2.502343e-01	2.037191e-03	0.000000e+00	3.908501e-01	5.555283e-02	1.137587e-01	0.000000e+00	1.376546e-02	4.683729e-02	4.360479e-03	2.071979e-03	1.337368e-02	0.000000e+00	1.855718e-02	1.657163e-02	1.412531e-04	9.093288e-02	1.164920e-05	2.883044e-02	0.000000e+00	8.241719e-02	4.884417e-05	2.235824e-01	1.381695e-04	1.123673e-02	2.509800e-03	8.121401e-02	1.516979e-03	0.000000e+00	2.659688e-02	2.502343e-01	5.427336e-01
2.502343e-01	2.037191e-03	0.000000e+00	3.908501e-01	5.555283e-02	1.137587e-01	0.000000e+00	1.376546e-02	4.683729e-02	4.360479e-03	2.071979e-03	1.337368e-02	0.000000e+00	1.855718e-02	1.657163e-02	1.412531e-04	9.093288e-02	1.164920e-05	2.883044e-02	0.000000e+00	8.241719e-02	4.884417e-05	2.235824e-01	1.381695e-04	1.123673e-02	2.509800e-03	8.121401e-02	1.516979e-03	0.000000e+00	2.659688e-02	2.502343e-01	5.427336e-01
2.502343e-01	2.037191e-03	0.000000e+00	3.908501e-01	5.555283e-02	1.137587e-01	0.000000e+00	1.376546e-02	4.683729e-02	4.360479e-03	2.071979e-03	1.337368e-02	0.000000e+00	1.855718e-02	1.657163e-02	1.412531e-04	9.093288e-02	1.164920e-05	2.883044e-02	0.000000e+00	8.241719e-02	4.884417e-05	2.235824e-01	1.381695e-04	1.123673e-02	2.509800e-03	8.121401e-02	1.516979e-03	0.000000e+00	2.659688e-02	2.502343e-01	5.427336e-01
2.502343e-01	2.037191e-03	0.000000e+00	3.908501e-01	5.555283e-02	1.137587e-01	0.000000e+00	1.376546e-02	4.683729e-02	4.360479e-03	2.071979e-03	1.337368e-02	0.000000e+00	1.855718e-02	1.657163e-02	1.412531e-04	9.093288e-02	1.164920e-05	2.883044e-02	0.000000e+00	8.241719e-02	4.884417e-05	2.235824e-01	1.381695e-04	1.123673e-02	2.509800e-03	8.121401e-02	1.516979e-03	0.000000e+00	2.659688e-02	2.502343e-01	5.427336e-01
2.502343e-01	2.037191e-03	0.000000e+00	3.908501e-01	5.555283e-02	1.137587e-01	0.000000e+00	1.376546e-02	4.683729e-02	4.360479e-03	2.071979e-03	1.337368e-02	0.000000e+00	1.855718e-02	1.657163e-02	1.412531e-04	9.093288e-02	1.164920e-05	2.883044e-02	0.000000e+00	8.241719e-02	4.884417e-05	2.235824e-01	1.381695e-04	1.123673e-02	2.509800e-03	8.121401e-02	1.516979e-03	0.000000e+00	2.659688e-02	2.502343e-01	5.427336e-01
2.502343e-01	2.037191e-03	0.000000e+00	3.908501e-01	5.555283e-02	1.137587e-01	0.000000e+00	1.376546e-02	4.683729e-02	4.360479e-03	2.071979e-03	1.337368e-02	0.000000e+00	1.855718e-02	1.657163e-02	1.412531e-04	9.093288e-02	1.164920e-05	2.883044e-02	0.000000e+00	8.241719e-02	4.884417e-05	2.235824e-01	1.381695e-04	1.123673e-02	2.509800e-03	8.121401e-02	1.516979e-03	0.000000e+00	2.659688e-02	2.502343e-01	5.427336e-01
2.502343e-01	2.037191e-03	0.000000e+00	3.908501e-01	5.555283e-02	1.137587e-01	0.000000e+00	1.376546e-02	4.683729e-02	4.360479e-03	2.071979e-03	1.337368e-02	0.000000e+00	1.855718e-02	1.657163e-02	1.412531e-04	9.093288e-02	1.164920e-05	2.883044e-02	0.000000e+00	8.241719e-02	4.884417e-05	2.235824e-01	1.381695e-04	1.123673e-02	2.509800e-03	8.121401e-02	1.516979e-03	0.000000e+00	2.659688e-02	2.502343e-01	5.427336e-01
2.502343e-01	2.037191e-03	0.000000e+00	3.908501e-01	5.555283e-02	1.137587e-01	0.000000e+00	1.376546e-02	4.683729e-02	4.360479e-03	2.071979e-03	1.337368e-02	0.000000e+00	1.855718e-02	1.657163e-02	1.412531e-04	9.093288e-02	1.164920e-05	2.883044e-02	0.000000e+00	8.241719e-02	4.884417e-05	2.235824e-01	1.381695e-04	1.123673e-02	2.509800e-03	8.121401e-02	1.516979e-03	0.000000e+00	2.659688e-02	2.502343e-01	5.427336e-01
2.502343e-01	2.037191e-03	0.000000e+00	3.908501e-01	5.555283e-02	1.137587e-01	0.000000e+00	1.376546e-02	4.683729e-02	4.360479e-03	2.071979e-03	1.337368e-02	0.000000e+00	1.855718e-02	1.657163e-02	1.412531e-04	9.093288e-02	1.164920e-05	2.883044e-02	0.000000e+00	8.241719e-02	4.884417e-05	2.235824e-01	1.381695e-04	1.123673e-02	2.509800e-03	8.121401e-02	1.516979e-03	0.000000e+00	2.659688e-02	2.502343e-01	5.427336e-01
2.502343e-01	2.037191e-03	1.824523e-03	3.908501e-01	5.555283e-02	1.123213e-01	0.000000e+00	1.376546e-02	4.683729e-02	3.802338e-03	3.411051e-03	1.495246e-02	3.694477e-03	1.855718e-02	2.298156e-02	1.503468e-04	8.983319e-02	1.164920e-05	0.000000e+00	5.551096e-03	1.038859e-01	4.884417e-05	2.235824e-01	0.000000e+00	1.123673e-02	2.430017e-03	7.187552e-02	1.516979e-03	3.268077e-04	3.013366e-02	2.502343e-01	5.437736e-01
2.502343e-01	2.037191e-03	1.824523e-03	3.908501e-01	5.555283e-02	1.123213e-01	0.000000e+00	1.376546e-02	4.683729e-02	3.802338e-03	3.411051e-03	1.495246e-02	3.694477e-03	1.855718e-02	2.298156e-02	1.503468e-04	8.983319e-02	1.164920e-05	0.000000e+00	5.551096e-03	1.038859e-01	4.884417e-05	2.235824e-01	0.000000e+00	1.123673e-02	2.430017e-03	7.187552e-02	1.516979e-03	3.268077e-04	3.013366e-02	2.502343e-01	5.437736e-01
2.263708e-01	2.037191e-03	0.000000e+00	3.255991e-01	3.833940e-02	1.040541e-01	5.755139e-03	7.954969e-03	0.000000e+00	0.000000e+00	9.952277e-03	9.539275e-03	1.851783e-02	6.437153e-02	3.204966e-02	6.165060e-04	9.093288e-02	5.824601e-05	1.043529e-01	0.000000e+00	2.173773e-01	5.427130e-05	2.189766e-01	1.381695e-04	1.123673e-02	2.509800e-03	8.121401e-02	1.516979e-03	0.000000e+00	4.870176e-02	2.263708e-01	6.967946e-01
2.148937e-01	2.037191e-03	0.000000e+00	3.266933e-01	4.003795e-02	1.082250e-01	1.317255e-03	7.954969e-03	0.000000e+00	0.000000e+00	9.952277e-03	9.539275e-03	1.847239e-02	6.437153e-02	1.024851e-02	6.260994e-04	9.093288e-02	5.861879e-05	3.604825e-02	0.000000e+00	2.173773e-01	0.000000e+00	2.189766e-01	1.381695e-04	1.123673e-02	2.509800e-03	8.121401e-02	1.470760e-03	0.000000e+00	2.659688e-02	2.148937e-01	7.538689e-01
2.148937e-01	2.037191e-03	0.000000e+00	3.266933e-01	4.003795e-02	1.082250e-01	1.317255e-03	7.954969e-03	0.000000e+00	0.000000e+00	9.952277e-03	9.539275e-03	1.847239e-02	6.437153e-02	1.024851e-02	6.260994e-04	9.093288e-02	5.861879e-05	3.604825e-02	0.000000e+00	2.173773e-01	0.000000e+00	2.189766e-01	1.381695e-04	1.123673e-02	2.509800e-03	8.121401e-02	1.470760e-03	0.000000e+00	2.659688e-02	2.148937e-01	7.538689e-01
2.091035e-01	0.000000e+00	0.000000e+00	3.255991e-01	4.828205e-02	1.082250e-01	6.899456e-06	8.043404e-03	0.000000e+00	0.000000e+00	9.952277e-03	9.539275e-03	1.379797e-02	5.382897e-02	3.132802e-03	6.260994e-04	9.093288e-02	0.000000e+00	0.000000e+00	0.000000e+00	2.173773e-01	0.000000e+00	2.109460e-01	6.534581e-03	8.425899e-03	2.406758e-03	7.245512e-02	0.000000e+00	6.143610e-03	2.167177e-02	2.091035e-01	7.822005e-01
2.091035e-01	0.000000e+00	0.000000e+00	3.255991e-01	4.828205e-02	1.082250e-01	6.899456e-06	8.043404e-03	0.000000e+00	0.000000e+00	9.952277e-03	9.539275e-03	1.379797e-02	5.382897e-02	3.132802e-03	6.260994e-04	9.093288e-02	0.000000e+00	0.000000e+00	0.000000e+00	2.173773e-01	0.000000e+00	2.109460e-01	6.534581e-03	8.425899e-03	2.406758e-03	7.245512e-02	0.000000e+00	6.143610e-03	2.167177e-02	2.091035e-01	7.822005e-01
1.998275e-01	1.629753e-03	0.000000e+00	3.230329e-01	4.828205e-02	1.082250e-01	5.753760e-03	7.954969e-03	0.000000e+00	0.000000e+00	9.952277e-03	9.539275e-03	1.976379e-02	6.437153e-02	3.742627e-03	6.260994e-04	9.115282e-02	6.763993e-05	0.000000e+00	0.000000e+00	2.173773e-01	0.000000e+00	2.111302e-01	6.534581e-03	1.123673e-02	2.512991e-03	8.333933e-02	1.818526e-03	0.000000e+00	4.954531e-02	1.998275e-01	8.693174e-01
1.815378e-01	7.854005e-04	0.000000e+00	3.266933e-01	3.858379e-02	1.071183e-01	1.317255e-03	6.792870e-03	0.000000e+00	0.000000e+00	1.031290e-02	9.539275e-03	1.847239e-02	4.867423e-02	1.615592e-02	6.260161e-04	9.093288e-02	0.000000e+00	1.924817e-02	0.000000e+00	2.175335e-01	0.000000e+00	2.177530e-01	5.255299e-03	1.111486e-02	2.326975e-03	8.121401e-02	1.050470e-03	5.735100e-03	0.000000e+00	1.815378e-01	9.822164e-01
7.638666e-02	1.629753e-03	0.000000e+00	3.127678e-01	4.828205e-02	1.082250e-01	0.000000e+00	7.954969e-03	0.000000e+00	0.000000e+00	9.952277e-03	9.539275e-03	2.002778e-02	5.382897e-02	3.742627e-03	6.260994e-04	9.115282e-02	6.763993e-05	0.000000e+00	0.000000e+00	2.173773e-01	0.000000e+00	2.111302e-01	6.534581e-03	1.123673e-02	2.422715e-03	8.308171e-02	1.507735e-03	4.914888e-03	2.588952e-02	7.638666e-02	1.005755e+00
7.638666e-02	1.629753e-03	0.000000e+00	3.127678e-01	4.828205e-02	1.082250e-01	0.000000e+00	7.954969e-03	0.000000e+00	0.000000e+00	9.952277e-03	9.539275e-03	2.002778e-02	5.382897e-02	3.742627e-03	6.260994e-04	9.115282e-02	6.763993e-05	0.000000e+00	0.000000e+00	2.173773e-01	0.000000e+00	2.111302e-01	6.534581e-03	1.123673e-02	2.422715e-03	8.308171e-02	1.507735e-03	4.914888e-03	2.588952e-02	7.638666e-02	1.005755e+00
7.638666e-02	1.629753e-03	0.000000e+00	3.127678e-01	4.828205e-02	1.082250e-01	0.000000e+00	7.954969e-03	0.000000e+00	0.000000e+00	9.952277e-03	9.539275e-03	2.002778e-02	5.382897e-02	3.742627e-03	6.260994e-04	9.115282e-02	6.763993e-05	0.000000e+00	0.000000e+00	2.173773e-01	0.000000e+00	2.111302e-01	6.534581e-03	1.123673e-02	2.422715e-03	8.308171e-02	1.507735e-03	4.914888e-03	2.588952e-02	7.638666e-02	1.005755e+00
7.638666e-02	1.629753e-03	0.000000e+00	3.127678e-01	4.828205e-02	1.082250e-01	0.000000e+00	7.954969e-03	0.000000e+00	0.000000e+00	9.952277e-03	9.539275e-03	2.002778e-02	5.382897e-02	3.742627e-03	6.260994e-04	9.115282e-02	6.763993e-05	0.000000e+00	0.000000e+00	2.173773e-01	0.000000e+00	2.111302e-01	6.534581e-03	1.123673e-02	2.422715e-03	8.308171e-02	1.507735e-03	4.914888e-03	2.588952e-02	7.638666e-02	1.005755e+00
7.638666e-02	1.629753e-03	0.000000e+00	3.127678e-01	4.828205e-02	1.082250e-01	0.000000e+00	7.954969e-03	0.000000e+00	0.000000e+00	9.952277e-03	9.539275e-03	2.002778e-02	5.382897e-02	3.742627e-03	6.260994e-04	9.115282e-02	6.763993e-05	0.000000e+00	0.000000e+00	2.173773e-01	0.000000e+00	2.111302e-01	6.534581e-03	1.123673e-02	2.422715e-03	8.308171e-02	1.507735e-03	4.914888e-03	2.588952e-02	7.638666e-02	1.005755e+00
7.638666e-02	1.629753e-03	0.000000e+00	3.127678e-01	4.828205e-02	1.082250e-01	0.000000e+00	7.954969e-03	0.000000e+00	0.000000e+00	9.952277e-03	9.539275e-03	2.002778e-02	5.382897e-02	3.742627e-03	6.260994e-04	9.115282e-02	6.763993e-05	0.000000e+00	0.000000e+00	2.173773e-01	0.000000e+00	2.111302e-01	6.534581e-03	1.123673e-02	2.422715e-03	8.308171e-02	1.507735e-03	4.914888e-03	2.588952e-02	7.638666e-02	1.005755e+00
7.638666e-02	1.629753e-03	0.000000e+00	3.127678e-01	4.828205e-02	1.082250e-01	0.000000e+00	7.954969e-03	0.000000e+00	0.000000e+00	9.952277e-03	9.539275e-03	2.002778e-02	5.382897e-02	3.742627e-03	6.260994e-04	9.115282e-02	6.763993e-05	0.000000e+00	0.000000e+00	2.173773e-01	0.000000e+00	2.111302e-01	6.534581e-03	1.123673e-02	2.422715e-03	8.308171e-02	1.507735e-03	4.914888e-03	2.588952e-02	7.638666e-02	1.005755e+00
4.868525e-02	1.629753e-03	0.000000e+00	3.949287e-01	2.264397e-02	1.082250e-01	0.000000e+00	7.954969e-03	0.000000e+00	0.000000e+00	9.952277e-03	9.539275e-03	2.033886e-02	5.172046e-02	9.745992e-03	6.260994e-04	9.093288e-02	0.000000e+00	0.000000e+00	0.000000e+00	2.173773e-01	3.527157e-05	2.189766e-01	7.813864e-03	2.218250e-02	2.405298e-03	8.345525e-02	1.868015e-03	6.143610e-03	2.659688e-02	4.868525e-02	1.097658e+00
3.995183e-02	1.629753e-03	1.402810e-02	3.949287e-01	2.264397e-02	1.082250e-01	3.806316e-03	0.000000e+00	0.000000e+00	0.000000e+00	9.952277e-03	0.000000e+00	1.851783e-02	5.382897e-02	9.745992e-03	6.217050e-04	9.093288e-02	0.000000e+00	0.000000e+00	0.000000e+00	2.173773e-01	3.527157e-05	2.189766e-01	6.534581e-03	2.218250e-02	2.406758e-03	8.121401e-02	1.868015e-03	6.143610e-03	2.659688e-02	3.995183e-02	1.132145e+00
3.269127e-02	0.000000e+00	0.000000e+00	3.129975e-01	2.806003e-02	9.585541e-02	2.600427e-02	4.168166e-04	2.756937e-02	1.091605e-03	1.035689e-02	1.615443e-02	4.926781e-02	8.805834e-02	8.073421e-02	6.348161e-04	9.780591e-02	1.867407e-03	5.367496e-02	0.000000e+00	2.429271e-01	1.056934e-04	2.295807e-01	0.000000e+00	2.377574e-02	0.000000e+00	7.251779e-02	3.325396e-02	2.042548e-03	1.937082e-01	3.269127e-02	1.272822e+00
1.513460e-02	2.199595e-02	0.000000e+00	3.259446e-01	3.037417e-02	1.076395e-01	2.315434e-02	1.248759e-04	9.397416e-03	1.684020e-03	1.113648e-02	1.005477e-01	5.530619e-02	2.450385e-02	7.935660e-02	6.373191e-04	1.221247e-01	3.285377e-03	5.570526e-02	0.000000e+00	2.430278e-01	9.263026e-05	2.291843e-01	6.534581e-03	2.387510e-02	4.448420e-03	6.891112e-02	3.416545e-02	1.183468e-02	1.941703e-01	1.513460e-02	1.394908e+00
0.000000e+00	8.995617e-03	0.000000e+00	3.284649e-01	2.071121e-02	1.153808e-01	8.173733e-03	1.650193e-03	2.318801e-07	1.465700e-03	1.105556e-02	9.922464e-02	5.537352e-02	9.498598e-02	6.383632e-02	6.355758e-04	1.318792e-01	0.000000e+00	4.497027e-02	5.532023e-06	2.425079e-01	5.379762e-05	2.254574e-01	1.306916e-03	2.471017e-02	2.423669e-02	6.889859e-02	8.406953e-03	1.265489e-02	1.597630e-01	0.000000e+00	1.544595e+00
