8.441193e-01	2.519991e-03	2.356499e-01	5.336917e-01	0.000000e+00	0.000000e+00	7.473235e-01	2.032536e-02	9.390985e-02	9.383035e-02	7.141854e-02	4.368275e-02	0.000000e+00	4.169725e-01	0.000000e+00	0.000000e+00	0.000000e+00	1.479258e-03	6.130643e-02	4.420145e-03	2.755225e-02	1.782819e-02	4.746551e-01	2.173265e-03	2.037848e-02	2.129769e-01	0.000000e+00	6.999869e-02	2.297350e-01	1.650679e-01	8.441193e-01	-6.064391e-02
8.441193e-01	2.519991e-03	2.356499e-01	5.336917e-01	0.000000e+00	0.000000e+00	7.473235e-01	2.032536e-02	9.390985e-02	9.383035e-02	7.141854e-02	4.368275e-02	0.000000e+00	4.169725e-01	0.000000e+00	0.000000e+00	0.000000e+00	1.479258e-03	6.130643e-02	4.420145e-03	2.755225e-02	1.782819e-02	4.746551e-01	2.173265e-03	2.037848e-02	2.129769e-01	0.000000e+00	6.999869e-02	2.297350e-01	1.650679e-01	8.441193e-01	-6.064391e-02
8.441193e-01	2.519991e-03	2.434824e-01	5.336917e-01	0.000000e+00	0.000000e+00	7.473235e-01	2.032536e-02	9.390985e-02	9.383035e-02	7.141854e-02	4.368275e-02	0.000000e+00	4.169725e-01	0.000000e+00	0.000000e+00	0.000000e+00	1.479258e-03	6.910191e-02	4.420145e-03	2.755225e-02	1.782819e-02	4.635513e-01	0.000000e+00	2.037848e-02	2.129769e-01	0.000000e+00	6.999869e-02	2.138016e-01	1.650679e-01	8.441193e-01	-6.352250e-02
8.441193e-01	2.519991e-03	2.434824e-01	5.336917e-01	0.000000e+00	0.000000e+00	7.473235e-01	0.000000e+00	9.390985e-02	9.383035e-02	7.141854e-02	4.368275e-02	0.000000e+00	4.169725e-01	0.000000e+00	0.000000e+00	0.000000e+00	1.479258e-03	6.910191e-02	4.420145e-03	2.755225e-02	1.782819e-02	4.635513e-01	0.000000e+00	2.037848e-02	2.129769e-01	0.000000e+00	6.999869e-02	2.138016e-01	1.650679e-01	8.441193e-01	-6.782761e-02
8.441193e-01	2.519991e-03	2.340834e-01	5.336917e-01	0.000000e+00	0.000000e+00	7.571637e-01	0.000000e+00	9.144106e-02	9.383035e-02	7.141854e-02	4.368275e-02	0.000000e+00	4.169725e-01	0.000000e+00	0.000000e+00	0.000000e+00	1.183406e-03	6.910191e-02	4.420145e-03	3.570310e-02	1.782819e-02	4.768759e-01	7.679760e-03	2.034919e-02	2.082876e-01	0.000000e+00	5.664299e-02	2.329217e-01	1.650679e-01	8.441193e-01	-6.192210e-02
8.441193e-01	0.000000e+00	2.340834e-01	5.336917e-01	0.000000e+00	0.000000e+00	7.571637e-01	0.000000e+00	9.144106e-02	9.383035e-02	7.141854e-02	4.368275e-02	0.000000e+00	4.169725e-01	0.000000e+00	0.000000e+00	0.000000e+00	2.166912e-03	6.910191e-02	4.420145e-03	3.570310e-02	1.782819e-02	4.768759e-01	7.679760e-03	2.034919e-02	2.082876e-01	0.000000e+00	5.664299e-02	2.329217e-01	1.650679e-01	8.441193e-01	-6.224773e-02
8.441193e-01	0.000000e+00	2.340834e-01	5.336917e-01	0.000000e+00	0.000000e+00	7.571637e-01	0.000000e+00	9.144106e-02	9.383035e-02	7.141854e-02	4.368275e-02	0.000000e+00	4.169725e-01	0.000000e+00	0.000000e+00	0.000000e+00	2.166912e-03	6.910191e-02	4.420145e-03	3.570310e-02	1.782819e-02	4.768759e-01	7.679760e-03	2.034919e-02	2.082876e-01	0.000000e+00	5.664299e-02	2.329217e-01	1.650679e-01	8.441193e-01	-6.224773e-02
8.441193e-01	0.000000e+00	2.340834e-01	5.336917e-01	3.050703e-02	0.000000e+00	7.571637e-01	0.000000e+00	9.144106e-02	9.383035e-02	7.141854e-02	4.368275e-02	0.000000e+00	4.169725e-01	0.000000e+00	0.000000e+00	0.000000e+00	2.166912e-03	6.371874e-02	4.420145e-03	3.570310e-02	1.782819e-02	4.768759e-01	7.679760e-03	2.034919e-02	2.082876e-01	0.000000e+00	5.664299e-02	2.329217e-01	1.650679e-01	8.441193e-01	-5.692100e-02
8.441193e-01	0.000000e+00	2.340834e-01	5.336917e-01	3.050703e-02	0.000000e+00	7.571637e-01	0.000000e+00	9.144106e-02	9.383035e-02	7.141854e-02	4.368275e-02	0.000000e+00	4.169725e-01	0.000000e+00	0.000000e+00	0.000000e+00	2.166912e-03	6.371874e-02	4.420145e-03	3.570310e-02	1.782819e-02	4.768759e-01	7.679760e-03	2.034919e-02	2.082876e-01	0.000000e+00	5.664299e-02	2.329217e-01	1.650679e-01	8.441193e-01	-5.692100e-02
8.441193e-01	0.000000e+00	2.340834e-01	5.336917e-01	3.050703e-02	0.000000e+00	7.571637e-01	0.000000e+00	9.144106e-02	9.383035e-02	7.141854e-02	4.368275e-02	1.327262e-02	4.169725e-01	0.000000e+00	0.000000e+00	0.000000e+00	2.166912e-03	6.371874e-02	4.420145e-03	3.570310e-02	1.782819e-02	4.768759e-01	7.679760e-03	2.034919e-02	2.082876e-01	0.000000e+00	5.664299e-02	2.329217e-01	1.650679e-01	8.441193e-01	-5.410511e-02
8.441193e-01	0.000000e+00	2.340834e-01	5.336917e-01	3.050703e-02	0.000000e+00	7.571637e-01	0.000000e+00	9.144106e-02	9.383035e-02	7.141854e-02	4.368275e-02	1.327262e-02	4.169725e-01	0.000000e+00	0.000000e+00	0.000000e+00	0.000000e+00	6.371874e-02	4.420145e-03	3.570310e-02	1.782819e-02	4.768759e-01	7.679760e-03	2.034919e-02	2.082876e-01	0.000000e+00	5.664299e-02	2.329217e-01	1.650679e-01	8.441193e-01	-5.456492e-02
8.441193e-01	0.000000e+00	2.340834e-01	5.336917e-01	3.050703e-02	0.000000e+00	7.571637e-01	0.000000e+00	9.144106e-02	9.383035e-02	7.141854e-02	4.368275e-02	1.327262e-02	4.169725e-01	0.000000e+00	0.000000e+00	0.000000e+00	0.000000e+00	6.371874e-02	4.420145e-03	3.570310e-02	1.782819e-02	4.768759e-01	7.679760e-03	2.034919e-02	2.082876e-01	0.000000e+00	5.664299e-02	2.329217e-01	1.650679e-01	8.441193e-01	-5.456492e-02
8.441193e-01	0.000000e+00	2.340834e-01	5.336917e-01	3.050703e-02	0.000000e+00	7.571637e-01	0.000000e+00	9.144106e-02	9.383035e-02	7.141854e-02	4.368275e-02	1.327262e-02	4.169725e-01	0.000000e+00	0.000000e+00	0.000000e+00	0.000000e+00	6.371874e-02	4.420145e-03	3.570310e-02	1.782819e-02	4.768759e-01	7.679760e-03	2.034919e-02	2.082876e-01	0.000000e+00	5.664299e-02	2.329217e-01	1.650679e-01	8.441193e-01	-5.456492e-02
8.441193e-01	0.000000e+00	2.416026e-01	5.336917e-01	3.050703e-02	0.000000e+00	7.571637e-01	0.000000e+00	9.144106e-02	9.980989e-02	7.141854e-02	4.719744e-02	1.592715e-02	4.169725e-01	9.927005e-03	0.000000e+00	0.000000e+00	0.000000e+00	6.371874e-02	4.420145e-03	2.918242e-02	2.017949e-02	4.662162e-01	9.215712e-03	2.034919e-02	2.082876e-01	0.000000e+00	5.664299e-02	2.329217e-01	1.650679e-01	8.441193e-01	-5.110488e-02
8.441193e-01	0.000000e+00	2.416026e-01	5.336917e-01	3.050703e-02	0.000000e+00	7.571637e-01	0.000000e+00	9.144106e-02	9.980989e-02	7.141854e-02	4.719744e-02	1.592715e-02	4.169725e-01	9.927005e-03	0.000000e+00	0.000000e+00	0.000000e+00	6.371874e-02	4.420145e-03	2.918242e-02	2.017949e-02	4.662162e-01	9.215712e-03	2.034919e-02	2.082876e-01	0.000000e+00	5.664299e-02	2.329217e-01	1.650679e-01	8.441193e-01	-5.110488e-02
8.441193e-01	0.000000e+00	1.874645e-01	5.448477e-01	3.050703e-02	0.000000e+00	7.571637e-01	0.000000e+00	9.144106e-02	9.980989e-02	6.106207e-02	2.189169e-02	0.000000e+00	4.169725e-01	9.927005e-03	0.000000e+00	0.000000e+00	0.000000e+00	6.371874e-02	4.420145e-03	7.613130e-02	3.250124e-03	5.429661e-01	0.000000e+00	2.020862e-02	1.744411e-01	0.000000e+00	0.000000e+00	2.329217e-01	1.411018e-02	8.441193e-01	-1.015543e-01
8.441193e-01	0.000000e+00	1.874645e-01	5.448477e-01	3.050703e-02	0.000000e+00	7.571637e-01	0.000000e+00	9.144106e-02	9.980989e-02	6.106207e-02	2.189169e-02	0.000000e+00	4.169725e-01	9.927005e-03	0.000000e+00	0.000000e+00	0.000000e+00	6.371874e-02	4.420145e-03	7.613130e-02	3.250124e-03	5.429661e-01	0.000000e+00	2.020862e-02	1.744411e-01	0.000000e+00	0.000000e+00	2.329217e-01	1.411018e-02	8.441193e-01	-1.015543e-01
8.441193e-01	0.000000e+00	1.874645e-01	5.448477e-01	3.050703e-02	0.000000e+00	7.571637e-01	0.000000e+00	9.144106e-02	9.980989e-02	6.106207e-02	2.189169e-02	0.000000e+00	4.169725e-01	9.927005e-03	0.000000e+00	0.000000e+00	0.000000e+00	6.371874e-02	4.420145e-03	7.613130e-02	6.794717e-02	5.429661e-01	0.000000e+00	2.020862e-02	1.744411e-01	0.000000e+00	0.000000e+00	2.329217e-01	1.411018e-02	8.441193e-01	-8.791682e-02
8.435062e-01	0.000000e+00	1.874645e-01	5.444758e-01	2.765411e-02	0.000000e+00	7.554968e-01	0.000000e+00	8.537449e-02	1.207768e-01	6.106207e-02	2.189169e-02	0.000000e+00	4.169725e-01	1.470953e-02	0.000000e+00	2.646866e-03	0.000000e+00	6.371874e-02	4.420145e-03	1.470517e-01	6.794717e-02	5.404078e-01	1.317724e-02	5.301476e-02	1.744411e-01	0.000000e+00	0.000000e+00	2.329217e-01	1.914210e-02	8.435062e-01	-5.475027e-02
8.435062e-01	0.000000e+00	1.874645e-01	5.444758e-01	2.765411e-02	0.000000e+00	7.554968e-01	0.000000e+00	8.537449e-02	6.393267e-02	6.106207e-02	2.610932e-02	0.000000e+00	4.169725e-01	3.383964e-02	0.000000e+00	4.678511e-03	0.000000e+00	2.232901e-02	4.420145e-03	1.470517e-01	6.071685e-03	5.301744e-01	1.317724e-02	5.301476e-02	1.800822e-01	0.000000e+00	0.000000e+00	2.726721e-01	3.926980e-02	8.435062e-01	-7.157540e-02
8.435062e-01	0.000000e+00	1.874645e-01	5.444758e-01	2.765411e-02	0.000000e+00	7.554968e-01	0.000000e+00	8.537449e-02	6.393267e-02	6.106207e-02	2.610932e-02	0.000000e+00	4.169725e-01	3.383964e-02	0.000000e+00	4.678511e-03	0.000000e+00	2.232901e-02	4.420145e-03	1.470517e-01	6.071685e-03	5.301744e-01	1.317724e-02	5.301476e-02	1.800822e-01	0.000000e+00	0.000000e+00	2.726721e-01	3.926980e-02	8.435062e-01	-7.157540e-02
8.435062e-01	0.000000e+00	1.874645e-01	5.444758e-01	2.765411e-02	0.000000e+00	7.554968e-01	0.000000e+00	8.537449e-02	6.393267e-02	6.106207e-02	2.610932e-02	0.000000e+00	4.169725e-01	3.383964e-02	0.000000e+00	4.678511e-03	0.000000e+00	2.232901e-02	4.420145e-03	1.470517e-01	6.071685e-03	5.301744e-01	1.317724e-02	5.301476e-02	1.800822e-01	0.000000e+00	0.000000e+00	2.726721e-01	3.926980e-02	8.435062e-01	-7.157540e-02
8.435062e-01	0.000000e+00	1.874645e-01	5.444758e-01	2.765411e-02	0.000000e+00	7.554968e-01	0.000000e+00	8.537449e-02	6.393267e-02	6.106207e-02	2.610932e-02	0.000000e+00	4.169725e-01	3.383964e-02	0.000000e+00	4.678511e-03	0.000000e+00	2.232901e-02	4.420145e-03	1.470517e-01	6.071685e-03	5.301744e-01	1.317724e-02	5.301476e-02	1.800822e-01	0.000000e+00	0.000000e+00	2.726721e-01	3.926980e-02	8.435062e-01	-7.157540e-02
8.435062e-01	0.000000e+00	1.874645e-01	5.444758e-01	2.765411e-02	0.000000e+00	7.554968e-01	0.000000e+00	8.537449e-02	6.393267e-02	6.106207e-02	2.610932e-02	0.000000e+00	4.169725e-01	3.383964e-02	0.000000e+00	4.678511e-03	0.000000e+00	2.232901e-02	4.420145e-03	1.470517e-01	6.071685e-03	5.301744e-01	1.317724e-02	5.301476e-02	1.800822e-01	0.000000e+00	0.000000e+00	2.726721e-01	3.926980e-02	8.435062e-01	-7.157540e-02
8.435062e-01	0.000000e+00	1.874645e-01	5.444758e-01	2.765411e-02	0.000000e+00	7.554968e-01	0.000000e+00	8.537449e-02	6.393267e-02	6.106207e-02	2.610932e-02	0.000000e+00	4.169725e-01	3.383964e-02	0.000000e+00	4.678511e-03	0.000000e+00	2.232901e-02	4.420145e-03	1.470517e-01	6.071685e-03	5.301744e-01	1.317724e-02	5.301476e-02	1.800822e-01	0.000000e+00	0.000000e+00	2.726721e-01	3.926980e-02	8.435062e-01	-7.157540e-02
8.435062e-01	0.000000e+00	1.874645e-01	5.444758e-01	2.765411e-02	0.000000e+00	7.554968e-01	0.000000e+00	8.537449e-02	6.393267e-02	6.106207e-02	2.610932e-02	0.000000e+00	4.169725e-01	3.383964e-02	0.000000e+00	4.678511e-03	0.000000e+00	2.232901e-02	4.420145e-03	1.470517e-01	6.071685e-03	5.301744e-01	1.317724e-02	5.301476e-02	1.800822e-01	0.000000e+00	0.000000e+00	2.726721e-01	3.926980e-02	8.435062e-01	-7.157540e-02
8.435062e-01	0.000000e+00	1.874645e-01	5.444758e-01	2.765411e-02	0.000000e+00	7.554968e-01	0.000000e+00	8.537449e-02	6.393267e-02	6.106207e-02	2.610932e-02	0.000000e+00	4.169725e-01	3.383964e-02	0.000000e+00	4.678511e-03	0.000000e+00	2.232901e-02	4.420145e-03	1.470517e-01	6.071685e-03	5.301744e-01	1.317724e-02	5.301476e-02	1.800822e-01	0.000000e+00	0.000000e+00	2.726721e-01	3.926980e-02	8.435062e-01	-7.157540e-02
8.435062e-01	0.000000e+00	1.874645e-01	5.444758e-01	2.765411e-02	0.000000e+00	7.554968e-01	0.000000e+00	8.537449e-02	6.393267e-02	6.106207e-02	2.610932e-02	0.000000e+00	4.169725e-01	3.383964e-02	0.000000e+00	4.678511e-03	0.000000e+00	2.232901e-02	4.420145e-03	1.470517e-01	6.071685e-03	5.301744e-01	1.317724e-02	5.301476e-02	1.800822e-01	0.000000e+00	0.000000e+00	2.726721e-01	3.926980e-02	8.435062e-01	-7.157540e-02
8.435062e-01	0.000000e+00	1.874645e-01	5.444758e-01	2.765411e-02	0.000000e+00	7.554968e-01	0.000000e+00	8.537449e-02	6.393267e-02	6.106207e-02	2.610932e-02	0.000000e+00	4.169725e-01	3.383964e-02	0.000000e+00	4.678511e-03	0.000000e+00	2.232901e-02	4.420145e-03	1.470517e-01	6.071685e-03	5.301744e-01	1.317724e-02	5.301476e-02	1.800822e-01	0.000000e+00	0.000000e+00	2.726721e-01	3.926980e-02	8.435062e-01	-7.157540e-02
8.435062e-01	0.000000e+00	1.874645e-01	5.444758e-01	2.765411e-02	0.000000e+00	7.554968e-01	0.000000e+00	8.537449e-02	6.393267e-02	6.106207e-02	2.610932e-02	0.000000e+00	4.169725e-01	3.383964e-02	0.000000e+00	4.678511e-03	0.000000e+00	2.232901e-02	4.420145e-03	1.470517e-01	6.071685e-03	5.301744e-01	1.317724e-02	5.301476e-02	1.800822e-01	0.000000e+00	0.000000e+00	2.726721e-01	3.926980e-02	8.435062e-01	-7.157540e-02
6.441062e-01	0.000000e+00	1.897719e-01	5.372664e-01	1.457572e-02	0.000000e+00	7.513445e-01	0.000000e+00	8.047131e-02	6.393267e-02	7.387189e-02	0.000000e+00	0.000000e+00	4.179155e-01	4.060757e-02	5.167202e-02	6.104480e-03	3.559567e-02	9.661648e-03	4.420145e-03	5.979022e-02	6.351468e-03	5.304757e-01	0.000000e+00	2.055176e-02	1.148907e-01	0.000000e+00	0.000000e+00	2.741102e-01	3.926980e-02	6.441062e-01	2.542670e-01
6.441062e-01	0.000000e+00	1.897719e-01	5.372664e-01	1.457572e-02	0.000000e+00	7.513445e-01	0.000000e+00	8.047131e-02	6.393267e-02	7.387189e-02	0.000000e+00	0.000000e+00	4.179155e-01	4.060757e-02	5.167202e-02	6.104480e-03	3.559567e-02	9.661648e-03	4.420145e-03	5.979022e-02	6.351468e-03	5.304757e-01	0.000000e+00	2.055176e-02	1.148907e-01	0.000000e+00	0.000000e+00	2.741102e-01	3.926980e-02	6.441062e-01	2.542670e-01
6.441062e-01	0.000000e+00	1.897719e-01	5.372664e-01	1.457572e-02	0.000000e+00	7.513445e-01	0.000000e+00	8.047131e-02	6.393267e-02	7.387189e-02	0.000000e+00	0.000000e+00	4.179155e-01	4.060757e-02	5.167202e-02	6.104480e-03	3.559567e-02	9.661648e-03	4.420145e-03	5.979022e-02	6.351468e-03	5.304757e-01	0.000000e+00	2.055176e-02	1.148907e-01	0.000000e+00	0.000000e+00	2.741102e-01	3.926980e-02	6.441062e-01	2.542670e-01
6.441062e-01	0.000000e+00	1.897719e-01	5.372664e-01	1.457572e-02	0.000000e+00	7.513445e-01	0.000000e+00	8.047131e-02	6.393267e-02	7.387189e-02	0.000000e+00	0.000000e+00	4.179155e-01	4.060757e-02	5.167202e-02	6.104480e-03	3.559567e-02	9.661648e-03	4.420145e-03	5.979022e-02	6.351468e-03	5.304757e-01	0.000000e+00	2.055176e-02	1.148907e-01	0.000000e+00	0.000000e+00	2.741102e-01	3.926980e-02	6.441062e-01	2.542670e-01
6.441062e-01	0.000000e+00	1.897719e-01	5.372664e-01	1.457572e-02	0.000000e+00	7.513445e-01	0.000000e+00	8.047131e-02	6.393267e-02	7.387189e-02	0.000000e+00	0.000000e+00	4.179155e-01	4.060757e-02	5.167202e-02	6.104480e-03	3.559567e-02	9.661648e-03	4.420145e-03	5.979022e-02	6.351468e-03	5.304757e-01	0.000000e+00	2.055176e-02	1.148907e-01	0.000000e+00	0.000000e+00	2.741102e-01	3.926980e-02	6.441062e-01	2.542670e-01
6.441062e-01	0.000000e+00	1.897719e-01	2.654490e-01	1.457572e-02	0.000000e+00	7.258704e-01	6.189473e-03	8.047131e-02	1.877096e-01	4.500905e-02	2.322305e-02	1.292657e-03	4.179155e-01	0.000000e+00	6.634337e-03	5.333895e-03	0.000000e+00	9.661648e-03	4.420145e-03	0.000000e+00	6.351468e-03	5.304757e-01	0.000000e+00	1.760011e-02	8.331879e-02	1.291054e-02	0.000000e+00	2.741102e-01	3.926980e-02	6.441062e-01	1.711200e-01
6.348576e-01	0.000000e+00	1.897719e-01	2.042191e-01	1.457572e-02	0.000000e+00	7.615277e-01	5.359785e-03	8.047131e-02	1.877096e-01	4.500905e-02	1.041770e-02	0.000000e+00	4.190470e-01	6.351183e-02	4.471025e-03	6.215959e-03	0.000000e+00	9.661648e-03	3.157936e-02	0.000000e+00	6.351468e-03	5.286684e-01	0.000000e+00	1.863351e-02	8.024683e-02	1.291054e-02	0.000000e+00	2.581152e-01	3.926980e-02	6.348576e-01	2.545244e-01
6.348576e-01	0.000000e+00	1.897719e-01	2.042191e-01	1.457572e-02	0.000000e+00	7.615277e-01	5.359785e-03	8.047131e-02	1.877096e-01	4.500905e-02	1.041770e-02	0.000000e+00	4.190470e-01	6.351183e-02	1.325911e-02	6.215959e-03	6.048927e-02	9.661648e-03	3.157936e-02	0.000000e+00	6.351468e-03	5.286684e-01	0.000000e+00	1.863351e-02	8.024683e-02	1.291054e-02	0.000000e+00	2.581152e-01	3.926980e-02	6.348576e-01	2.698666e-01
6.348576e-01	0.000000e+00	1.897719e-01	2.042191e-01	1.457572e-02	0.000000e+00	7.615277e-01	5.359785e-03	8.047131e-02	1.877096e-01	4.500905e-02	1.041770e-02	0.000000e+00	4.190470e-01	6.351183e-02	1.325911e-02	6.215959e-03	6.048927e-02	9.661648e-03	3.157936e-02	0.000000e+00	6.351468e-03	5.286684e-01	0.000000e+00	1.863351e-02	8.024683e-02	1.291054e-02	0.000000e+00	2.581152e-01	3.926980e-02	6.348576e-01	2.698666e-01
6.348576e-01	0.000000e+00	1.897719e-01	2.042191e-01	1.457572e-02	0.000000e+00	7.615277e-01	5.359785e-03	8.047131e-02	1.877096e-01	4.500905e-02	1.041770e-02	0.000000e+00	4.190470e-01	6.351183e-02	1.325911e-02	6.215959e-03	6.048927e-02	9.661648e-03	3.157936e-02	0.000000e+00	6.351468e-03	5.286684e-01	0.000000e+00	1.863351e-02	8.024683e-02	1.291054e-02	0.000000e+00	2.581152e-01	3.926980e-02	6.348576e-01	2.698666e-01
6.348576e-01	0.000000e+00	1.897719e-01	2.042191e-01	1.457572e-02	0.000000e+00	7.313726e-01	5.359785e-03	8.047131e-02	1.877096e-01	5.564943e-02	1.041770e-02	0.000000e+00	3.542757e-01	1.270237e-02	1.325911e-02	6.339253e-03	1.188627e-02	9.661648e-03	2.438748e-02	4.437710e-03	6.351468e-03	5.029654e-01	0.000000e+00	1.863351e-02	4.900795e-02	1.291054e-02	0.000000e+00	2.581152e-01	3.926980e-02	6.348576e-01	2.161452e-01
6.348576e-01	0.000000e+00	1.897719e-01	2.042191e-01	1.457572e-02	0.000000e+00	7.313726e-01	5.605159e-02	2.453343e-02	1.877096e-01	5.564943e-02	1.041770e-02	0.000000e+00	3.542757e-01	1.270237e-02	1.325911e-02	6.339253e-03	1.188627e-02	9.661648e-03	2.438748e-02	4.437710e-03	6.351468e-03	5.029654e-01	0.000000e+00	1.863351e-02	4.900795e-02	1.291054e-02	0.000000e+00	2.581152e-01	3.926980e-02	6.348576e-01	2.149915e-01
6.348576e-01	0.000000e+00	2.150371e-01	2.042191e-01	1.457572e-02	0.000000e+00	7.313726e-01	5.605159e-02	2.453343e-02	1.877096e-01	5.564943e-02	1.041770e-02	0.000000e+00	3.542757e-01	1.270237e-02	2.934751e-02	6.339253e-03	1.188627e-02	9.661648e-03	2.438748e-02	4.437710e-03	6.351468e-03	5.029654e-01	0.000000e+00	1.863351e-02	4.900795e-02	1.291054e-02	0.000000e+00	2.581152e-01	3.926980e-02	6.348576e-01	2.240913e-01
6.348576e-01	0.000000e+00	2.150371e-01	2.042191e-01	1.457572e-02	0.000000e+00	7.313726e-01	5.605159e-02	2.453343e-02	1.877096e-01	5.564943e-02	1.041770e-02	0.000000e+00	3.542757e-01	1.270237e-02	2.934751e-02	6.339253e-03	1.188627e-02	9.661648e-03	2.438748e-02	4.437710e-03	6.351468e-03	5.029654e-01	0.000000e+00	1.863351e-02	4.900795e-02	1.291054e-02	0.000000e+00	2.581152e-01	3.926980e-02	6.348576e-01	2.240913e-01
6.348576e-01	0.000000e+00	2.760511e-01	2.585826e-01	1.457572e-02	0.000000e+00	7.313726e-01	5.605159e-02	2.453343e-02	1.877096e-01	5.564943e-02	1.041770e-02	1.292657e-03	3.331562e-01	1.270237e-02	9.673834e-02	6.370076e-03	1.188627e-02	9.661648e-03	2.258951e-02	0.000000e+00	6.351468e-03	5.029654e-01	0.000000e+00	1.798376e-02	8.656121e-02	1.291054e-02	0.000000e+00	3.720103e-01	1.702017e-02	6.348576e-01	2.872081e-01
6.348576e-01	0.000000e+00	2.760511e-01	2.585826e-01	1.457572e-02	0.000000e+00	7.313726e-01	5.605159e-02	2.453343e-02	1.877096e-01	5.564943e-02	1.041770e-02	1.292657e-03	3.331562e-01	1.270237e-02	9.673834e-02	6.370076e-03	1.188627e-02	9.661648e-03	2.258951e-02	0.000000e+00	6.351468e-03	5.029654e-01	0.000000e+00	1.798376e-02	8.656121e-02	1.291054e-02	0.000000e+00	3.720103e-01	1.702017e-02	6.348576e-01	2.872081e-01
6.348576e-01	0.000000e+00	2.760511e-01	2.585826e-01	1.457572e-02	0.000000e+00	7.313726e-01	5.605159e-02	2.453343e-02	1.877096e-01	5.564943e-02	1.041770e-02	1.292657e-03	3.331562e-01	1.270237e-02	9.673834e-02	6.370076e-03	1.188627e-02	9.661648e-03	2.258951e-02	0.000000e+00	6.351468e-03	5.029654e-01	0.000000e+00	1.798376e-02	8.656121e-02	1.291054e-02	0.000000e+00	3.720103e-01	1.702017e-02	6.348576e-01	2.872081e-01
6.348576e-01	0.000000e+00	2.760511e-01	2.585826e-01	1.457572e-02	0.000000e+00	7.313726e-01	5.605159e-02	2.453343e-02	1.877096e-01	5.564943e-02	1.041770e-02	1.292657e-03	3.331562e-01	1.270237e-02	9.673834e-02	6.370076e-03	1.188627e-02	9.661648e-03	2.258951e-02	0.000000e+00	6.351468e-03	5.029654e-01	0.000000e+00	1.798376e-02	8.656121e-02	1.291054e-02	0.000000e+00	3.720103e-01	1.702017e-02	6.348576e-01	2.872081e-01
6.348576e-01	0.000000e+00	2.760511e-01	2.585826e-01	1.457572e-02	0.000000e+00	7.313726e-01	5.605159e-02	2.453343e-02	1.877096e-01	5.564943e-02	1.041770e-02	1.292657e-03	3.331562e-01	1.270237e-02	9.673834e-02	6.370076e-03	1.188627e-02	9.661648e-03	2.258951e-02	0.000000e+00	6.351468e-03	5.029654e-01	0.000000e+00	1.798376e-02	8.656121e-02	1.291054e-02	0.000000e+00	3.720103e-01	1.702017e-02	6.348576e-01	2.872081e-01
6.348576e-01	0.000000e+00	2.760511e-01	2.585826e-01	1.457572e-02	0.000000e+00	7.313726e-01	5.605159e-02	2.453343e-02	1.877096e-01	5.564943e-02	1.041770e-02	1.292657e-03	3.331562e-01	1.270237e-02	9.673834e-02	6.370076e-03	1.188627e-02	9.661648e-03	2.258951e-02	0.000000e+00	6.351468e-03	5.029654e-01	0.000000e+00	1.798376e-02	8.656121e-02	1.291054e-02	0.000000e+00	3.720103e-01	1.702017e-02	6.348576e-01	2.872081e-01
6.348576e-01	0.000000e+00	2.760511e-01	2.585826e-01	1.457572e-02	0.000000e+00	7.313726e-01	5.605159e-02	2.453343e-02	1.877096e-01	5.564943e-02	1.041770e-02	1.292657e-03	3.331562e-01	1.270237e-02	9.673834e-02	6.370076e-03	1.188627e-02	9.661648e-03	2.258951e-02	0.000000e+00	6.351468e-03	5.029654e-01	0.000000e+00	1.798376e-02	8.656121e-02	1.291054e-02	0.000000e+00	3.720103e-01	1.702017e-02	6.348576e-01	2.872081e-01
6.348576e-01	0.000000e+00	2.760511e-01	2.585826e-01	1.457572e-02	0.000000e+00	7.313726e-01	5.605159e-02	2.453343e-02	1.877096e-01	5.564943e-02	1.041770e-02	1.292657e-03	3.331562e-01	1.270237e-02	9.673834e-02	6.370076e-03	1.188627e-02	9.661648e-03	2.258951e-02	0.000000e+00	6.351468e-03	5.029654e-01	0.000000e+00	1.798376e-02	8.656121e-02	1.291054e-02	0.000000e+00	3.720103e-01	1.702017e-02	6.348576e-01	2.872081e-01
6.172880e-01	7.334260e-02	2.760511e-01	2.585826e-01	1.830596e-02	0.000000e+00	7.238338e-01	4.121890e-03	1.747867e-01	1.590205e-01	5.830953e-02	5.773087e-03	1.292657e-03	3.331562e-01	0.000000e+00	1.347856e-02	6.370076e-03	0.000000e+00	1.253648e-01	2.258951e-02	4.009776e-03	0.000000e+00	4.965397e-01	0.000000e+00	1.798376e-02	8.656121e-02	1.032843e-02	0.000000e+00	3.720103e-01	1.702017e-02	6.172880e-01	5.780759e-01
6.172880e-01	7.334260e-02	2.760511e-01	2.585826e-01	1.905200e-02	0.000000e+00	7.237912e-01	0.000000e+00	2.012147e-01	1.532827e-01	5.830953e-02	5.773087e-03	1.292657e-03	3.331562e-01	0.000000e+00	1.347856e-02	6.533385e-03	0.000000e+00	1.477660e-01	2.221412e-02	4.009776e-03	0.000000e+00	4.953187e-01	0.000000e+00	1.798376e-02	8.742838e-02	1.032843e-02	0.000000e+00	3.720103e-01	1.702017e-02	6.172880e-01	5.868559e-01
6.131853e-01	0.000000e+00	2.760511e-01	2.581006e-01	1.830596e-02	0.000000e+00	7.223260e-01	4.121890e-03	2.048374e-01	1.532827e-01	6.154178e-02	0.000000e+00	1.292657e-03	3.134495e-01	0.000000e+00	1.033213e-02	6.376241e-03	0.000000e+00	1.253648e-01	2.222992e-02	3.798735e-03	0.000000e+00	4.952545e-01	0.000000e+00	1.736932e-02	8.246195e-02	5.991268e-03	0.000000e+00	2.960344e-01	1.896499e-02	6.131853e-01	6.178459e-01
6.131853e-01	0.000000e+00	2.760511e-01	2.581006e-01	1.830596e-02	0.000000e+00	7.223260e-01	4.121890e-03	2.048374e-01	1.532827e-01	6.154178e-02	0.000000e+00	1.292657e-03	3.134495e-01	0.000000e+00	1.033213e-02	6.376241e-03	0.000000e+00	1.253648e-01	2.222992e-02	3.798735e-03	0.000000e+00	4.952545e-01	0.000000e+00	1.736932e-02	8.246195e-02	5.991268e-03	0.000000e+00	2.960344e-01	1.896499e-02	6.131853e-01	6.178459e-01
6.131853e-01	0.000000e+00	2.760511e-01	2.581006e-01	1.830596e-02	0.000000e+00	7.223260e-01	4.121890e-03	2.048374e-01	1.532827e-01	6.154178e-02	0.000000e+00	1.292657e-03	3.134495e-01	0.000000e+00	1.033213e-02	6.376241e-03	0.000000e+00	1.253648e-01	2.222992e-02	3.798735e-03	0.000000e+00	4.952545e-01	0.000000e+00	1.736932e-02	8.246195e-02	5.991268e-03	0.000000e+00	2.960344e-01	1.896499e-02	6.131853e-01	6.178459e-01
6.095867e-01	7.404481e-02	3.463089e-01	2.817480e-01	1.830066e-02	0.000000e+00	7.290617e-01	4.211217e-03	8.421976e-02	1.403253e-01	8.326757e-02	7.400822e-04	1.297645e-03	3.134495e-01	0.000000e+00	2.979960e-02	6.532201e-03	8.512249e-04	1.246254e-01	2.222850e-02	3.798735e-03	0.000000e+00	4.953084e-01	0.000000e+00	1.734945e-02	8.263538e-02	1.036313e-02	0.000000e+00	3.349163e-01	1.881517e-02	6.095867e-01	7.154534e-01
6.083157e-01	7.209855e-02	2.322392e-01	2.585055e-01	1.827946e-02	0.000000e+00	7.307450e-01	4.121890e-03	1.566733e-01	1.532827e-01	7.061788e-02	3.700411e-03	1.317595e-03	3.331562e-01	0.000000e+00	1.063344e-02	7.185632e-03	4.256124e-03	1.216677e-01	2.222284e-02	3.798735e-03	7.743226e-05	4.957810e-01	0.000000e+00	1.726997e-02	8.577605e-02	9.634488e-03	0.000000e+00	3.568151e-01	1.884014e-02	6.083157e-01	7.323398e-01
6.083157e-01	7.209855e-02	2.322392e-01	2.585055e-01	1.827946e-02	0.000000e+00	7.307450e-01	4.121890e-03	1.566733e-01	1.532827e-01	7.061788e-02	3.700411e-03	1.317595e-03	3.331562e-01	0.000000e+00	1.063344e-02	7.185632e-03	4.256124e-03	1.216677e-01	2.222284e-02	3.798735e-03	7.743226e-05	4.957810e-01	0.000000e+00	1.726997e-02	8.577605e-02	9.634488e-03	0.000000e+00	3.568151e-01	1.884014e-02	6.083157e-01	7.323398e-01
6.083157e-01	7.209855e-02	2.322392e-01	2.585055e-01	1.827946e-02	0.000000e+00	7.307450e-01	4.121890e-03	1.566733e-01	1.532827e-01	7.061788e-02	3.700411e-03	1.317595e-03	3.331562e-01	0.000000e+00	1.063344e-02	7.185632e-03	4.256124e-03	1.216677e-01	2.222284e-02	3.798735e-03	7.743226e-05	4.957810e-01	0.000000e+00	1.726997e-02	8.577605e-02	9.634488e-03	0.000000e+00	3.568151e-01	1.884014e-02	6.083157e-01	7.323398e-01
6.019609e-01	7.404481e-02	2.650056e-01	2.581006e-01	1.817348e-02	0.000000e+00	7.391613e-01	3.675260e-03	8.421976e-02	1.590205e-01	6.154178e-02	1.850206e-02	0.000000e+00	3.383576e-01	0.000000e+00	2.979960e-02	1.045279e-02	2.128062e-02	1.068795e-01	2.219450e-02	3.798735e-03	0.000000e+00	4.981439e-01	0.000000e+00	1.687256e-02	8.263538e-02	5.991268e-03	0.000000e+00	3.349163e-01	1.896499e-02	6.019609e-01	8.543445e-01
6.019609e-01	7.404481e-02	2.650056e-01	2.581006e-01	1.817348e-02	0.000000e+00	7.391613e-01	3.675260e-03	8.421976e-02	1.590205e-01	6.154178e-02	1.850206e-02	0.000000e+00	3.383576e-01	0.000000e+00	2.979960e-02	1.045279e-02	2.128062e-02	1.068795e-01	2.219450e-02	3.798735e-03	0.000000e+00	4.981439e-01	0.000000e+00	1.687256e-02	8.263538e-02	5.991268e-03	0.000000e+00	3.349163e-01	1.896499e-02	6.019609e-01	8.543445e-01
6.019609e-01	7.404481e-02	2.650056e-01	2.581006e-01	1.817348e-02	0.000000e+00	7.391613e-01	3.675260e-03	8.421976e-02	1.590205e-01	6.154178e-02	1.850206e-02	0.000000e+00	3.383576e-01	0.000000e+00	2.979960e-02	1.045279e-02	2.128062e-02	1.068795e-01	2.219450e-02	3.798735e-03	0.000000e+00	4.981439e-01	0.000000e+00	1.687256e-02	8.263538e-02	5.991268e-03	0.000000e+00	3.349163e-01	1.896499e-02	6.019609e-01	8.543445e-01
2.512449e-01	0.000000e+00	2.650056e-01	2.404072e-01	1.817348e-02	0.000000e+00	7.604622e-01	5.543199e-03	8.421976e-02	1.272164e-01	6.154178e-02	0.000000e+00	1.215012e-02	3.134495e-01	0.000000e+00	2.553712e-03	1.045279e-02	0.000000e+00	1.068795e-01	2.230974e-02	3.038988e-03	3.871613e-04	4.985337e-01	0.000000e+00	1.401493e-02	8.263538e-02	6.139957e-03	8.144501e-03	2.960344e-01	1.526330e-02	2.512449e-01	9.718909e-01
2.512449e-01	0.000000e+00	2.650056e-01	2.404072e-01	1.817348e-02	0.000000e+00	7.604622e-01	5.543199e-03	8.421976e-02	1.272164e-01	6.154178e-02	0.000000e+00	1.215012e-02	3.134495e-01	0.000000e+00	2.553712e-03	1.045279e-02	0.000000e+00	1.068795e-01	2.230974e-02	3.038988e-03	3.871613e-04	4.985337e-01	0.000000e+00	1.401493e-02	8.263538e-02	6.139957e-03	8.144501e-03	2.960344e-01	1.526330e-02	2.512449e-01	9.718909e-01
2.512449e-01	0.000000e+00	2.650056e-01	2.368685e-01	1.817348e-02	0.000000e+00	7.571967e-01	4.057877e-03	8.421976e-02	1.272164e-01	6.154178e-02	0.000000e+00	1.458015e-02	3.134495e-01	0.000000e+00	2.553712e-03	1.045279e-02	0.000000e+00	1.011236e-01	2.210015e-02	3.038988e-03	3.871613e-04	4.985337e-01	0.000000e+00	1.401493e-02	8.263538e-02	6.169695e-03	1.253454e-03	2.960344e-01	1.831595e-02	2.512449e-01	9.679178e-01
2.512449e-01	0.000000e+00	2.650056e-01	2.368685e-01	1.817348e-02	0.000000e+00	7.571967e-01	4.057877e-03	8.421976e-02	1.272164e-01	6.154178e-02	0.000000e+00	1.458015e-02	3.134495e-01	0.000000e+00	2.553712e-03	1.045279e-02	0.000000e+00	1.011236e-01	2.210015e-02	3.038988e-03	3.871613e-04	4.985337e-01	0.000000e+00	1.401493e-02	8.263538e-02	6.169695e-03	1.253454e-03	2.960344e-01	1.831595e-02	2.512449e-01	9.679178e-01
2.640205e-01	0.000000e+00	2.581574e-01	2.326221e-01	1.817348e-02	0.000000e+00	7.670552e-01	4.057877e-03	7.613875e-02	1.272164e-01	6.154178e-02	0.000000e+00	1.458015e-02	3.131860e-01	0.000000e+00	2.553712e-03	8.048159e-03	0.000000e+00	9.374224e-02	2.210015e-02	3.038988e-03	3.871613e-04	4.987277e-01	0.000000e+00	1.401493e-02	7.999601e-02	6.089728e-03	1.253454e-03	2.960344e-01	1.831595e-02	2.640205e-01	9.572161e-01
2.640205e-01	0.000000e+00	2.581574e-01	2.326221e-01	1.817348e-02	0.000000e+00	7.670552e-01	4.057877e-03	7.613875e-02	1.272164e-01	6.154178e-02	0.000000e+00	1.458015e-02	3.131860e-01	0.000000e+00	2.553712e-03	8.048159e-03	0.000000e+00	9.374224e-02	2.210015e-02	3.038988e-03	3.871613e-04	4.987277e-01	0.000000e+00	1.401493e-02	7.999601e-02	6.089728e-03	1.253454e-03	2.960344e-01	1.831595e-02	2.640205e-01	9.572161e-01
2.640205e-01	0.000000e+00	2.581574e-01	2.326221e-01	1.817348e-02	0.000000e+00	7.670552e-01	4.057877e-03	7.613875e-02	1.272164e-01	6.154178e-02	0.000000e+00	1.458015e-02	3.131860e-01	0.000000e+00	2.553712e-03	8.048159e-03	0.000000e+00	9.374224e-02	2.210015e-02	3.038988e-03	3.871613e-04	4.987277e-01	0.000000e+00	1.401493e-02	7.999601e-02	6.089728e-03	1.253454e-03	2.960344e-01	1.831595e-02	2.640205e-01	9.572161e-01
2.640205e-01	0.000000e+00	2.581574e-01	2.326221e-01	1.817348e-02	0.000000e+00	7.670552e-01	4.057877e-03	7.613875e-02	1.272164e-01	6.154178e-02	0.000000e+00	1.458015e-02	3.131860e-01	0.000000e+00	2.553712e-03	8.048159e-03	0.000000e+00	9.374224e-02	2.210015e-02	3.038988e-03	3.871613e-04	4.987277e-01	0.000000e+00	1.401493e-02	7.999601e-02	6.089728e-03	1.253454e-03	2.960344e-01	1.831595e-02	2.640205e-01	9.572161e-01
2.640205e-01	0.000000e+00	2.581574e-01	2.326221e-01	1.817348e-02	0.000000e+00	7.670552e-01	4.057877e-03	7.613875e-02	1.272164e-01	6.154178e-02	0.000000e+00	1.458015e-02	3.131860e-01	0.000000e+00	2.553712e-03	8.048159e-03	0.000000e+00	9.374224e-02	2.210015e-02	3.038988e-03	3.871613e-04	4.987277e-01	0.000000e+00	1.401493e-02	7.999601e-02	6.089728e-03	1.253454e-03	2.960344e-01	1.831595e-02	2.640205e-01	9.572161e-01
2.640205e-01	0.000000e+00	2.581574e-01	2.326221e-01	1.817348e-02	0.000000e+00	7.670552e-01	4.057877e-03	7.613875e-02	1.272164e-01	6.154178e-02	0.000000e+00	1.458015e-02	3.131860e-01	0.000000e+00	2.553712e-03	8.048159e-03	0.000000e+00	9.374224e-02	2.210015e-02	3.038988e-03	3.871613e-04	4.987277e-01	0.000000e+00	1.401493e-02	7.999601e-02	6.089728e-03	1.253454e-03	2.960344e-01	1.831595e-02	2.640205e-01	9.572161e-01
2.640205e-01	0.000000e+00	2.581574e-01	2.326221e-01	1.817348e-02	0.000000e+00	7.670552e-01	4.057877e-03	7.613875e-02	1.272164e-01	6.154178e-02	0.000000e+00	1.458015e-02	3.131860e-01	0.000000e+00	2.553712e-03	8.048159e-03	0.000000e+00	9.374224e-02	2.210015e-02	3.038988e-03	3.871613e-04	4.987277e-01	0.000000e+00	1.401493e-02	7.999601e-02	6.089728e-03	1.253454e-03	2.960344e-01	1.831595e-02	2.640205e-01	9.572161e-01
2.640205e-01	0.000000e+00	2.581574e-01	2.326221e-01	1.817348e-02	0.000000e+00	7.670552e-01	4.057877e-03	7.613875e-02	1.272164e-01	6.154178e-02	0.000000e+00	1.458015e-02	3.131860e-01	0.000000e+00	2.553712e-03	8.048159e-03	0.000000e+00	9.374224e-02	2.210015e-02	3.038988e-03	3.871613e-04	4.987277e-01	0.000000e+00	1.401493e-02	7.999601e-02	6.089728e-03	1.253454e-03	2.960344e-01	1.831595e-02	2.640205e-01	9.572161e-01
2.640205e-01	0.000000e+00	2.581574e-01	2.326221e-01	1.817348e-02	0.000000e+00	7.670552e-01	4.057877e-03	7.613875e-02	1.272164e-01	6.154178e-02	0.000000e+00	1.458015e-02	3.131860e-01	0.000000e+00	2.553712e-03	8.048159e-03	0.000000e+00	9.374224e-02	2.210015e-02	3.038988e-03	3.871613e-04	4.987277e-01	0.000000e+00	1.401493e-02	7.999601e-02	6.089728e-03	1.253454e-03	2.960344e-01	1.831595e-02	2.640205e-01	9.572161e-01
2.640205e-01	0.000000e+00	2.581574e-01	2.326221e-01	1.817348e-02	0.000000e+00	7.670552e-01	4.057877e-03	7.613875e-02	1.272164e-01	6.154178e-02	0.000000e+00	1.458015e-02	3.131860e-01	0.000000e+00	2.553712e-03	8.048159e-03	0.000000e+00	9.374224e-02	2.210015e-02	3.038988e-03	3.871613e-04	4.987277e-01	0.000000e+00	1.401493e-02	7.999601e-02	6.089728e-03	1.253454e-03	2.960344e-01	1.831595e-02	2.640205e-01	9.572161e-01
2.640205e-01	0.000000e+00	2.581574e-01	2.326221e-01	1.817348e-02	0.000000e+00	7.670552e-01	4.057877e-03	7.613875e-02	1.272164e-01	6.154178e-02	0.000000e+00	1.458015e-02	3.131860e-01	0.000000e+00	2.553712e-03	8.048159e-03	0.000000e+00	9.374224e-02	2.210015e-02	3.038988e-03	3.871613e-04	4.987277e-01	0.000000e+00	1.401493e-02	7.999601e-02	6.089728e-03	1.253454e-03	2.960344e-01	1.831595e-02	2.640205e-01	9.572161e-01
2.640205e-01	0.000000e+00	2.581574e-01	2.326221e-01	1.817348e-02	0.000000e+00	7.670552e-01	4.057877e-03	7.613875e-02	1.272164e-01	6.154178e-02	0.000000e+00	1.458015e-02	3.131860e-01	0.000000e+00	2.553712e-03	8.048159e-03	0.000000e+00	9.374224e-02	2.210015e-02	3.038988e-03	3.871613e-04	4.987277e-01	0.000000e+00	1.401493e-02	7.999601e-02	6.089728e-03	1.253454e-03	2.960344e-01	1.831595e-02	2.640205e-01	9.572161e-01
2.512449e-01	0.000000e+00	2.650056e-01	2.368685e-01	1.817348e-02	0.000000e+00	7.571967e-01	4.057877e-03	8.421976e-02	1.272164e-01	6.154178e-02	0.000000e+00	1.458015e-02	3.134495e-01	0.000000e+00	2.553712e-03	1.045279e-02	0.000000e+00	1.011236e-01	2.210015e-02	3.038988e-03	3.871613e-04	4.985337e-01	0.000000e+00	1.401493e-02	8.263538e-02	6.169695e-03	1.253454e-03	2.960344e-01	1.831595e-02	2.512449e-01	9.679178e-01
2.512449e-01	0.000000e+00	2.682873e-01	2.242709e-01	1.817348e-02	0.000000e+00	7.564357e-01	3.592753e-03	8.421976e-02	1.152167e-01	6.154178e-02	0.000000e+00	1.169558e-02	3.134495e-01	1.900465e-03	0.000000e+00	1.399836e-02	5.420699e-02	1.011236e-01	2.242488e-02	3.038988e-03	3.871613e-04	4.983241e-01	0.000000e+00	1.133143e-02	8.260978e-02	6.169695e-03	1.002763e-03	3.120432e-01	1.831595e-02	2.512449e-01	9.793153e-01
2.419315e-01	0.000000e+00	2.877142e-01	1.696338e-01	1.817348e-02	0.000000e+00	7.893692e-01	1.301496e-02	1.527859e-01	1.590205e-01	1.010621e-02	0.000000e+00	5.629387e-04	3.134495e-01	9.502327e-03	1.276856e-02	2.577601e-02	0.000000e+00	1.068795e-01	2.195165e-02	0.000000e+00	0.000000e+00	4.981439e-01	0.000000e+00	1.736932e-02	1.375922e-01	5.991268e-03	4.072250e-02	2.960344e-01	1.896499e-02	2.419315e-01	1.040308e+00
2.263722e-01	0.000000e+00	2.788895e-01	2.216947e-01	1.825258e-02	0.000000e+00	7.604622e-01	3.685778e-03	8.691343e-02	1.176166e-01	4.923342e-02	0.000000e+00	1.227250e-02	3.134495e-01	1.520372e-03	0.000000e+00	1.040369e-02	0.000000e+00	1.022748e-01	2.235993e-02	3.798735e-03	3.871613e-04	4.981439e-01	0.000000e+00	1.854904e-02	7.944765e-02	1.013807e-02	1.052901e-03	3.088414e-01	1.896499e-02	2.263722e-01	1.087207e+00
2.209039e-01	1.294744e-02	2.650653e-01	1.696338e-01	1.825258e-02	0.000000e+00	7.810652e-01	3.528461e-03	1.534867e-01	1.176166e-01	2.021242e-03	1.422732e-03	5.629387e-04	3.134495e-01	9.502327e-03	2.169913e-03	8.089846e-02	1.882251e-04	1.421065e-01	2.235993e-02	3.798735e-03	0.000000e+00	4.981439e-01	7.413357e-03	1.538776e-02	8.008622e-02	1.013807e-02	1.650850e-02	3.114028e-01	1.896499e-02	2.209039e-01	1.158038e+00
2.172694e-01	0.000000e+00	2.650056e-01	2.581006e-01	1.817348e-02	0.000000e+00	7.767895e-01	1.296981e-02	8.421976e-02	0.000000e+00	6.154178e-02	0.000000e+00	0.000000e+00	3.134495e-01	0.000000e+00	1.301813e-02	1.045279e-02	9.426965e-04	1.356593e-01	2.335769e-02	0.000000e+00	3.871613e-04	4.975636e-01	0.000000e+00	1.736932e-02	1.317828e-01	5.991268e-03	4.259974e-02	2.960344e-01	0.000000e+00	2.172694e-01	1.162194e+00
2.058218e-01	4.840067e-02	2.992465e-01	2.581006e-01	1.817348e-02	0.000000e+00	7.079044e-01	1.296981e-02	1.246248e-01	9.902197e-02	0.000000e+00	0.000000e+00	1.060369e-03	3.147671e-01	7.218114e-03	1.301813e-02	2.247593e-02	9.426965e-04	1.380302e-01	2.239927e-02	1.687811e-02	3.871613e-04	4.975636e-01	0.000000e+00	1.032331e-03	9.583225e-02	6.569533e-03	5.216043e-02	2.960344e-01	1.097327e-03	2.058218e-01	1.277689e+00
1.999159e-01	5.751636e-02	3.029317e-01	2.335889e-01	1.535782e-02	0.000000e+00	7.774698e-01	1.301496e-02	1.582449e-01	6.721787e-02	5.942746e-03	0.000000e+00	8.018373e-04	3.491769e-01	1.142107e-02	1.619956e-02	2.764070e-02	9.819755e-04	1.437862e-01	1.337191e-02	1.696252e-02	9.147295e-05	5.047356e-01	0.000000e+00	5.973997e-04	1.210185e-01	1.063781e-02	5.285858e-02	3.592494e-01	1.196792e-02	1.999159e-01	1.381421e+00
7.971597e-02	0.000000e+00	2.696298e-01	1.519404e-01	1.823676e-02	6.455225e-02	7.062481e-01	1.030892e-02	1.340852e-01	6.211342e-02	1.010621e-02	0.000000e+00	4.634527e-04	3.147671e-01	2.982147e-02	0.000000e+00	2.540857e-02	1.963951e-04	1.098971e-01	1.558503e-02	1.371304e-03	0.000000e+00	4.960844e-01	0.000000e+00	1.580640e-02	7.667516e-02	6.685186e-03	0.000000e+00	2.960344e-01	1.539660e-03	7.971597e-02	1.440435e+00
7.971597e-02	0.000000e+00	2.696298e-01	1.519404e-01	1.823676e-02	6.455225e-02	7.062481e-01	1.030892e-02	1.340852e-01	6.211342e-02	1.010621e-02	0.000000e+00	4.634527e-04	3.147671e-01	2.982147e-02	0.000000e+00	2.540857e-02	1.963951e-04	1.098971e-01	1.558503e-02	1.371304e-03	0.000000e+00	4.960844e-01	0.000000e+00	1.580640e-02	7.667516e-02	6.685186e-03	0.000000e+00	2.960344e-01	1.539660e-03	7.971597e-02	1.440435e+00
7.971597e-02	0.000000e+00	2.696298e-01	1.519404e-01	1.823676e-02	6.455225e-02	7.062481e-01	1.030892e-02	1.340852e-01	6.211342e-02	1.010621e-02	0.000000e+00	4.634527e-04	3.147671e-01	2.982147e-02	0.000000e+00	2.540857e-02	1.963951e-04	1.098971e-01	1.558503e-02	1.371304e-03	0.000000e+00	4.960844e-01	0.000000e+00	1.580640e-02	7.667516e-02	6.685186e-03	0.000000e+00	2.960344e-01	1.539660e-03	7.971597e-02	1.440435e+00
7.971597e-02	0.000000e+00	2.696298e-01	1.519404e-01	1.823676e-02	6.455225e-02	7.062481e-01	1.030892e-02	1.340852e-01	6.211342e-02	1.010621e-02	0.000000e+00	4.634527e-04	3.147671e-01	2.982147e-02	0.000000e+00	2.540857e-02	1.963951e-04	1.098971e-01	1.558503e-02	1.371304e-03	0.000000e+00	4.960844e-01	0.000000e+00	1.580640e-02	7.667516e-02	6.685186e-03	0.000000e+00	2.960344e-01	1.539660e-03	7.971597e-02	1.440435e+00
7.971597e-02	0.000000e+00	2.696298e-01	1.519404e-01	1.823676e-02	6.455225e-02	7.062481e-01	1.030892e-02	1.340852e-01	6.211342e-02	1.010621e-02	0.000000e+00	4.634527e-04	3.147671e-01	2.982147e-02	0.000000e+00	2.540857e-02	1.963951e-04	1.098971e-01	1.558503e-02	1.371304e-03	0.000000e+00	4.960844e-01	0.000000e+00	1.580640e-02	7.667516e-02	6.685186e-03	0.000000e+00	2.960344e-01	1.539660e-03	7.971597e-02	1.440435e+00
7.971597e-02	0.000000e+00	2.696298e-01	1.519404e-01	1.823676e-02	6.455225e-02	7.062481e-01	1.030892e-02	1.340852e-01	6.211342e-02	1.010621e-02	0.000000e+00	4.634527e-04	3.147671e-01	2.982147e-02	0.000000e+00	2.540857e-02	1.963951e-04	1.098971e-01	1.558503e-02	1.371304e-03	0.000000e+00	4.960844e-01	0.000000e+00	1.580640e-02	7.667516e-02	6.685186e-03	0.000000e+00	2.960344e-01	1.539660e-03	7.971597e-02	1.440435e+00
7.971597e-02	0.000000e+00	2.696298e-01	1.519404e-01	1.823676e-02	6.455225e-02	7.062481e-01	1.030892e-02	1.340852e-01	6.211342e-02	1.010621e-02	0.000000e+00	4.634527e-04	3.147671e-01	2.982147e-02	0.000000e+00	2.540857e-02	1.963951e-04	1.098971e-01	1.558503e-02	1.371304e-03	0.000000e+00	4.960844e-01	0.000000e+00	1.580640e-02	7.667516e-02	6.685186e-03	0.000000e+00	2.960344e-01	1.539660e-03	7.971597e-02	1.440435e+00
6.806047e-02	0.000000e+00	2.745659e-01	1.696338e-01	1.809439e-02	0.000000e+00	7.632501e-01	1.526247e-02	1.380931e-01	1.455769e-01	0.000000e+00	1.275412e-02	1.573336e-04	3.147671e-01	9.502327e-03	1.537219e-02	2.271136e-02	0.000000e+00	1.052541e-01	2.187843e-02	1.371304e-03	2.867670e-04	4.976797e-01	0.000000e+00	2.072370e-02	7.986801e-02	6.569533e-03	0.000000e+00	3.760783e-01	1.966622e-02	6.806047e-02	1.519299e+00
5.237410e-02	6.473721e-02	2.745659e-01	2.439459e-01	1.823676e-02	0.000000e+00	7.062481e-01	1.339026e-02	1.340852e-01	6.211342e-02	0.000000e+00	7.113660e-03	1.573336e-04	3.147671e-01	9.502327e-03	1.084957e-02	2.540857e-02	1.137520e-03	1.386768e-01	1.558503e-02	1.371304e-03	0.000000e+00	4.960844e-01	3.706679e-02	0.000000e+00	7.986801e-02	6.685186e-03	7.727800e-02	3.088414e-01	1.539660e-03	5.237410e-02	1.574817e+00
2.765292e-02	0.000000e+00	2.659782e-01	1.696338e-01	1.842975e-02	0.000000e+00	7.810652e-01	4.884552e-03	1.534867e-01	3.541377e-02	3.638235e-03	0.000000e+00	5.430415e-04	3.099131e-01	1.356616e-02	0.000000e+00	8.089846e-02	1.963951e-04	1.047933e-01	2.345887e-02	2.742608e-04	0.000000e+00	4.867251e-01	0.000000e+00	1.334406e-02	7.986801e-02	0.000000e+00	0.000000e+00	4.116052e-01	1.604091e-02	2.765292e-02	1.671183e+00
1.463716e-02	0.000000e+00	2.650653e-01	1.696338e-01	1.842975e-02	0.000000e+00	7.810652e-01	3.528461e-03	1.534867e-01	3.541377e-02	2.021242e-03	0.000000e+00	5.629387e-04	3.099131e-01	9.502327e-03	0.000000e+00	8.089846e-02	1.963951e-04	1.421065e-01	2.345887e-02	0.000000e+00	0.000000e+00	4.867251e-01	0.000000e+00	1.334406e-02	7.986801e-02	0.000000e+00	0.000000e+00	4.404979e-01	1.966622e-02	1.463716e-02	1.766921e+00
0.000000e+00	9.288584e-03	2.783706e-01	1.519404e-01	1.848986e-02	0.000000e+00	7.843519e-01	3.979769e-03	1.535684e-01	3.541377e-02	0.000000e+00	3.612951e-02	1.138994e-05	3.147671e-01	9.502327e-03	1.460782e-02	0.000000e+00	9.741197e-04	1.479466e-01	2.345887e-02	6.667328e-03	0.000000e+00	4.966878e-01	0.000000e+00	1.162398e-02	7.986801e-02	6.569533e-03	0.000000e+00	4.667544e-01	1.626661e-02	0.000000e+00	1.951902e+00
