6.514704e-01	1.477840e-02	0.000000e+00	1.209159e-01	1.248221e-01	8.452088e-03	3.655169e-01	0.000000e+00	1.424451e-02	0.000000e+00	1.077199e-02	0.000000e+00	0.000000e+00	0.000000e+00	5.882700e-02	3.382782e-01	2.078201e-05	4.535514e-02	2.427184e-02	2.816053e-02	0.000000e+00	3.413557e-03	0.000000e+00	1.629247e-01	0.000000e+00	1.434980e-02	4.448002e-02	4.484104e-02	6.321248e-02	0.000000e+00	6.514704e-01	-1.649236e-01
6.514704e-01	1.477840e-02	0.000000e+00	1.209159e-01	1.248221e-01	8.452088e-03	3.655169e-01	0.000000e+00	1.424451e-02	0.000000e+00	1.077199e-02	0.000000e+00	0.000000e+00	0.000000e+00	5.882700e-02	3.382782e-01	2.078201e-05	4.535514e-02	2.427184e-02	2.816053e-02	0.000000e+00	3.413557e-03	0.000000e+00	1.629247e-01	0.000000e+00	1.434980e-02	4.448002e-02	4.484104e-02	6.321248e-02	0.000000e+00	6.514704e-01	-1.649236e-01
6.514704e-01	1.477840e-02	0.000000e+00	1.209159e-01	1.248221e-01	8.452088e-03	3.655169e-01	0.000000e+00	1.424451e-02	0.000000e+00	1.077199e-02	0.000000e+00	0.000000e+00	0.000000e+00	5.882700e-02	3.382782e-01	2.078201e-05	4.535514e-02	2.427184e-02	2.816053e-02	0.000000e+00	3.413557e-03	0.000000e+00	1.629247e-01	0.000000e+00	1.434980e-02	4.448002e-02	4.484104e-02	6.321248e-02	0.000000e+00	6.514704e-01	-1.649236e-01
6.487250e-01	1.477840e-02	0.000000e+00	1.209159e-01	1.248221e-01	8.452088e-03	3.655169e-01	0.000000e+00	1.424451e-02	0.000000e+00	1.077199e-02	0.000000e+00	0.000000e+00	0.000000e+00	5.882700e-02	3.382782e-01	0.000000e+00	4.535514e-02	2.427184e-02	2.816053e-02	0.000000e+00	3.413557e-03	0.000000e+00	2.153272e-01	0.000000e+00	1.434980e-02	4.448002e-02	4.484104e-02	6.321248e-02	0.000000e+00	6.487250e-01	-1.494381e-01
6.487250e-01	1.477840e-02	0.000000e+00	1.209159e-01	1.248221e-01	8.452088e-03	3.655169e-01	0.000000e+00	1.424451e-02	0.000000e+00	1.077199e-02	0.000000e+00	0.000000e+00	0.000000e+00	3.716656e-02	3.382782e-01	0.000000e+00	4.535514e-02	2.427184e-02	7.845392e-02	0.000000e+00	0.000000e+00	0.000000e+00	2.153272e-01	0.000000e+00	1.434980e-02	4.448002e-02	4.484104e-02	6.321248e-02	0.000000e+00	6.487250e-01	-1.442006e-01
6.487250e-01	1.477840e-02	0.000000e+00	1.209159e-01	1.248221e-01	8.452088e-03	3.655169e-01	0.000000e+00	1.424451e-02	0.000000e+00	0.000000e+00	0.000000e+00	0.000000e+00	0.000000e+00	3.716656e-02	3.382782e-01	0.000000e+00	4.535514e-02	2.427184e-02	7.845392e-02	0.000000e+00	0.000000e+00	0.000000e+00	2.153272e-01	0.000000e+00	1.434980e-02	4.448002e-02	4.484104e-02	6.321248e-02	0.000000e+00	6.487250e-01	-1.464385e-01
6.487250e-01	1.477840e-02	0.000000e+00	1.209159e-01	1.248221e-01	8.452088e-03	3.655169e-01	0.000000e+00	1.424451e-02	0.000000e+00	0.000000e+00	0.000000e+00	0.000000e+00	0.000000e+00	3.716656e-02	3.382782e-01	0.000000e+00	4.535514e-02	2.427184e-02	7.845392e-02	0.000000e+00	0.000000e+00	0.000000e+00	2.153272e-01	0.000000e+00	1.434980e-02	4.448002e-02	4.484104e-02	6.321248e-02	0.000000e+00	6.487250e-01	-1.464385e-01
6.487250e-01	1.477840e-02	0.000000e+00	1.883912e-01	1.248221e-01	8.452088e-03	3.655169e-01	0.000000e+00	1.424451e-02	0.000000e+00	0.000000e+00	0.000000e+00	0.000000e+00	0.000000e+00	3.716656e-02	3.382782e-01	0.000000e+00	4.535514e-02	2.427184e-02	3.527920e-02	0.000000e+00	0.000000e+00	0.000000e+00	2.153272e-01	0.000000e+00	1.434980e-02	4.448002e-02	4.484104e-02	6.321248e-02	0.000000e+00	6.487250e-01	-1.413883e-01
6.487250e-01	1.477840e-02	0.000000e+00	1.883912e-01	1.248221e-01	8.452088e-03	3.655169e-01	0.000000e+00	1.424451e-02	0.000000e+00	0.000000e+00	0.000000e+00	0.000000e+00	0.000000e+00	3.716656e-02	3.382782e-01	0.000000e+00	4.535514e-02	2.427184e-02	3.527920e-02	0.000000e+00	0.000000e+00	0.000000e+00	2.153272e-01	0.000000e+00	1.434980e-02	4.448002e-02	4.484104e-02	6.321248e-02	0.000000e+00	6.487250e-01	-1.413883e-01
6.487250e-01	1.477840e-02	0.000000e+00	1.883912e-01	1.509837e-01	0.000000e+00	3.655169e-01	0.000000e+00	1.424451e-02	0.000000e+00	0.000000e+00	0.000000e+00	0.000000e+00	0.000000e+00	3.716656e-02	3.382782e-01	0.000000e+00	4.535514e-02	2.427184e-02	3.527920e-02	0.000000e+00	0.000000e+00	0.000000e+00	2.153272e-01	0.000000e+00	1.434980e-02	4.448002e-02	4.484104e-02	6.321248e-02	0.000000e+00	6.487250e-01	-1.377038e-01
6.487250e-01	1.477840e-02	0.000000e+00	1.883912e-01	1.509837e-01	0.000000e+00	3.655169e-01	0.000000e+00	1.424451e-02	0.000000e+00	0.000000e+00	0.000000e+00	0.000000e+00	0.000000e+00	3.716656e-02	3.382782e-01	0.000000e+00	4.535514e-02	2.427184e-02	3.527920e-02	0.000000e+00	0.000000e+00	0.000000e+00	2.153272e-01	0.000000e+00	1.434980e-02	4.448002e-02	4.484104e-02	6.321248e-02	0.000000e+00	6.487250e-01	-1.377038e-01
6.487250e-01	1.477840e-02	0.000000e+00	1.883912e-01	1.509837e-01	0.000000e+00	3.655169e-01	0.000000e+00	1.424451e-02	0.000000e+00	0.000000e+00	0.000000e+00	0.000000e+00	0.000000e+00	3.716656e-02	3.382782e-01	0.000000e+00	4.535514e-02	2.427184e-02	3.527920e-02	0.000000e+00	0.000000e+00	0.000000e+00	2.153272e-01	0.000000e+00	1.434980e-02	4.448002e-02	4.484104e-02	6.321248e-02	0.000000e+00	6.487250e-01	-1.377038e-01
6.487250e-01	1.477840e-02	0.000000e+00	2.197664e-01	1.609953e-01	0.000000e+00	3.513576e-01	0.000000e+00	1.424451e-02	0.000000e+00	0.000000e+00	0.000000e+00	0.000000e+00	0.000000e+00	3.716656e-02	3.203571e-01	0.000000e+00	4.535514e-02	2.347576e-02	3.830430e-02	0.000000e+00	0.000000e+00	0.000000e+00	2.153272e-01	0.000000e+00	1.434980e-02	3.065324e-02	4.484104e-02	0.000000e+00	0.000000e+00	6.487250e-01	-1.513151e-01
6.487250e-01	1.622077e-02	0.000000e+00	2.574167e-01	1.609953e-01	0.000000e+00	3.513576e-01	0.000000e+00	1.424451e-02	0.000000e+00	0.000000e+00	0.000000e+00	0.000000e+00	0.000000e+00	3.716656e-02	2.988518e-01	0.000000e+00	4.880850e-02	2.252047e-02	4.193442e-02	0.000000e+00	0.000000e+00	0.000000e+00	2.259148e-01	0.000000e+00	1.434980e-02	1.406110e-02	4.484104e-02	0.000000e+00	0.000000e+00	6.487250e-01	-1.476394e-01
6.487250e-01	1.622077e-02	0.000000e+00	2.574167e-01	1.609953e-01	0.000000e+00	3.513576e-01	0.000000e+00	1.424451e-02	0.000000e+00	0.000000e+00	0.000000e+00	0.000000e+00	0.000000e+00	3.716656e-02	2.988518e-01	0.000000e+00	4.880850e-02	2.252047e-02	4.193442e-02	0.000000e+00	0.000000e+00	0.000000e+00	2.259148e-01	0.000000e+00	1.434980e-02	1.406110e-02	4.484104e-02	0.000000e+00	0.000000e+00	6.487250e-01	-1.476394e-01
6.487250e-01	1.622077e-02	0.000000e+00	2.574167e-01	1.609953e-01	0.000000e+00	3.513576e-01	0.000000e+00	1.424451e-02	0.000000e+00	0.000000e+00	0.000000e+00	0.000000e+00	0.000000e+00	3.716656e-02	2.988518e-01	0.000000e+00	4.880850e-02	2.252047e-02	4.193442e-02	0.000000e+00	0.000000e+00	0.000000e+00	2.259148e-01	0.000000e+00	1.434980e-02	1.406110e-02	4.484104e-02	0.000000e+00	0.000000e+00	6.487250e-01	-1.476394e-01
6.487250e-01	1.622077e-02	0.000000e+00	2.574167e-01	1.609953e-01	0.000000e+00	3.513576e-01	0.000000e+00	1.424451e-02	0.000000e+00	0.000000e+00	0.000000e+00	0.000000e+00	0.000000e+00	3.716656e-02	2.988518e-01	0.000000e+00	4.880850e-02	2.252047e-02	4.193442e-02	0.000000e+00	0.000000e+00	0.000000e+00	1.845437e-01	0.000000e+00	1.434980e-02	1.406110e-02	4.484104e-02	0.000000e+00	0.000000e+00	6.487250e-01	-1.562201e-01
6.487250e-01	1.622077e-02	0.000000e+00	2.266987e-02	1.948545e-01	0.000000e+00	3.513576e-01	9.701937e-04	1.424451e-02	0.000000e+00	0.000000e+00	0.000000e+00	0.000000e+00	0.000000e+00	4.540310e-02	4.278838e-01	0.000000e+00	4.880850e-02	2.252047e-02	4.193442e-02	0.000000e+00	0.000000e+00	6.978210e-02	1.623890e-01	0.000000e+00	1.434980e-02	5.050939e-02	4.484104e-02	0.000000e+00	0.000000e+00	6.487250e-01	-1.517783e-01
6.487250e-01	1.622077e-02	0.000000e+00	2.266987e-02	1.948545e-01	0.000000e+00	3.513576e-01	9.701937e-04	1.424451e-02	0.000000e+00	0.000000e+00	0.000000e+00	0.000000e+00	0.000000e+00	4.540310e-02	4.278838e-01	0.000000e+00	4.880850e-02	2.252047e-02	4.193442e-02	0.000000e+00	0.000000e+00	6.978210e-02	1.623890e-01	0.000000e+00	1.434980e-02	5.050939e-02	4.484104e-02	0.000000e+00	0.000000e+00	6.487250e-01	-1.517783e-01
6.487250e-01	1.622077e-02	0.000000e+00	2.266987e-02	1.948545e-01	0.000000e+00	3.513576e-01	9.701937e-04	1.424451e-02	0.000000e+00	0.000000e+00	0.000000e+00	0.000000e+00	0.000000e+00	4.540310e-02	4.278838e-01	0.000000e+00	4.880850e-02	2.252047e-02	4.193442e-02	0.000000e+00	0.000000e+00	6.978210e-02	1.623890e-01	0.000000e+00	1.434980e-02	5.050939e-02	4.484104e-02	0.000000e+00	0.000000e+00	6.487250e-01	-1.517783e-01
6.487250e-01	1.622077e-02	0.000000e+00	2.266987e-02	1.948545e-01	0.000000e+00	3.513576e-01	9.701937e-04	1.424451e-02	0.000000e+00	0.000000e+00	0.000000e+00	0.000000e+00	0.000000e+00	4.540310e-02	4.278838e-01	0.000000e+00	4.880850e-02	2.252047e-02	4.193442e-02	0.000000e+00	0.000000e+00	6.978210e-02	1.623890e-01	0.000000e+00	1.434980e-02	5.050939e-02	4.484104e-02	0.000000e+00	0.000000e+00	6.487250e-01	-1.517783e-01
6.487250e-01	1.622077e-02	0.000000e+00	2.266987e-02	1.948545e-01	0.000000e+00	3.513576e-01	9.701937e-04	1.424451e-02	0.000000e+00	0.000000e+00	0.000000e+00	0.000000e+00	0.000000e+00	4.540310e-02	4.278838e-01	0.000000e+00	4.880850e-02	2.252047e-02	4.193442e-02	0.000000e+00	0.000000e+00	6.978210e-02	1.623890e-01	0.000000e+00	1.434980e-02	5.050939e-02	4.484104e-02	0.000000e+00	0.000000e+00	6.487250e-01	-1.517783e-01
6.487250e-01	1.622077e-02	0.000000e+00	2.266987e-02	1.948545e-01	0.000000e+00	3.513576e-01	9.701937e-04	1.424451e-02	0.000000e+00	0.000000e+00	0.000000e+00	0.000000e+00	0.000000e+00	4.540310e-02	4.278838e-01	0.000000e+00	4.880850e-02	2.252047e-02	4.193442e-02	0.000000e+00	0.000000e+00	6.978210e-02	1.623890e-01	0.000000e+00	1.434980e-02	5.050939e-02	4.484104e-02	0.000000e+00	0.000000e+00	6.487250e-01	-1.517783e-01
6.487250e-01	1.622077e-02	0.000000e+00	2.266987e-02	1.948545e-01	0.000000e+00	3.513576e-01	9.701937e-04	1.424451e-02	0.000000e+00	0.000000e+00	0.000000e+00	0.000000e+00	0.000000e+00	4.540310e-02	4.278838e-01	0.000000e+00	4.880850e-02	2.252047e-02	4.193442e-02	0.000000e+00	0.000000e+00	6.978210e-02	1.623890e-01	0.000000e+00	1.434980e-02	5.050939e-02	4.484104e-02	0.000000e+00	0.000000e+00	6.487250e-01	-1.517783e-01
6.487250e-01	1.622077e-02	0.000000e+00	2.266987e-02	1.948545e-01	0.000000e+00	3.513576e-01	9.701937e-04	1.424451e-02	0.000000e+00	0.000000e+00	0.000000e+00	0.000000e+00	0.000000e+00	4.540310e-02	4.278838e-01	0.000000e+00	4.880850e-02	2.252047e-02	4.193442e-02	0.000000e+00	0.000000e+00	6.978210e-02	1.623890e-01	0.000000e+00	1.434980e-02	5.050939e-02	4.484104e-02	0.000000e+00	0.000000e+00	6.487250e-01	-1.517783e-01
6.487250e-01	1.622077e-02	0.000000e+00	2.266987e-02	1.948545e-01	0.000000e+00	3.513576e-01	9.701937e-04	1.424451e-02	0.000000e+00	0.000000e+00	0.000000e+00	0.000000e+00	0.000000e+00	4.540310e-02	4.278838e-01	0.000000e+00	4.880850e-02	2.252047e-02	4.193442e-02	0.000000e+00	0.000000e+00	6.978210e-02	1.623890e-01	0.000000e+00	1.434980e-02	5.050939e-02	4.484104e-02	0.000000e+00	0.000000e+00	6.487250e-01	-1.517783e-01
6.283694e-01	1.622077e-02	0.000000e+00	3.151493e-02	1.948545e-01	0.000000e+00	3.513576e-01	9.701937e-04	1.424451e-02	2.599369e-02	5.408977e-03	0.000000e+00	0.000000e+00	4.976154e-03	4.540310e-02	4.278838e-01	0.000000e+00	4.880850e-02	2.252047e-02	4.193442e-02	4.569766e-03	2.376262e-02	8.722763e-02	1.623890e-01	0.000000e+00	1.434980e-02	1.136139e-01	4.484104e-02	4.073351e-02	0.000000e+00	6.283694e-01	6.403835e-02
6.283694e-01	1.622077e-02	0.000000e+00	7.669528e-02	1.948545e-01	0.000000e+00	3.513576e-01	9.701937e-04	1.424451e-02	2.079495e-02	5.408977e-03	0.000000e+00	0.000000e+00	4.976154e-03	4.540310e-02	4.278838e-01	0.000000e+00	4.880850e-02	2.252047e-02	4.193442e-02	3.655813e-03	2.376262e-02	6.978210e-02	1.623890e-01	0.000000e+00	1.434980e-02	9.370337e-02	4.484104e-02	5.134383e-02	0.000000e+00	6.283694e-01	6.663978e-02
6.283694e-01	1.622077e-02	0.000000e+00	7.669528e-02	1.948545e-01	0.000000e+00	3.513576e-01	9.701937e-04	1.424451e-02	2.079495e-02	5.408977e-03	0.000000e+00	0.000000e+00	4.976154e-03	4.540310e-02	4.278838e-01	0.000000e+00	4.880850e-02	2.252047e-02	4.193442e-02	3.655813e-03	2.376262e-02	6.978210e-02	1.623890e-01	0.000000e+00	1.434980e-02	9.370337e-02	4.484104e-02	5.134383e-02	0.000000e+00	6.283694e-01	6.663978e-02
6.283694e-01	1.622077e-02	0.000000e+00	7.669528e-02	1.948545e-01	0.000000e+00	3.513576e-01	9.701937e-04	1.424451e-02	2.079495e-02	5.408977e-03	0.000000e+00	0.000000e+00	4.976154e-03	4.540310e-02	4.278838e-01	0.000000e+00	4.880850e-02	2.252047e-02	4.193442e-02	3.655813e-03	2.376262e-02	6.978210e-02	1.623890e-01	0.000000e+00	1.434980e-02	9.370337e-02	4.484104e-02	5.134383e-02	0.000000e+00	6.283694e-01	6.663978e-02
6.283694e-01	1.622077e-02	0.000000e+00	7.669528e-02	1.948545e-01	0.000000e+00	3.513576e-01	9.701937e-04	1.424451e-02	2.079495e-02	5.408977e-03	0.000000e+00	0.000000e+00	4.976154e-03	4.540310e-02	4.278838e-01	0.000000e+00	4.880850e-02	2.252047e-02	4.193442e-02	3.655813e-03	2.376262e-02	6.978210e-02	1.623890e-01	0.000000e+00	1.434980e-02	9.370337e-02	4.484104e-02	5.134383e-02	0.000000e+00	6.283694e-01	6.663978e-02
6.283694e-01	1.622077e-02	0.000000e+00	7.669528e-02	1.948545e-01	0.000000e+00	3.513576e-01	9.701937e-04	1.424451e-02	2.079495e-02	5.408977e-03	0.000000e+00	0.000000e+00	4.976154e-03	4.540310e-02	4.278838e-01	0.000000e+00	4.880850e-02	2.252047e-02	4.193442e-02	3.655813e-03	2.376262e-02	6.978210e-02	1.623890e-01	0.000000e+00	1.434980e-02	9.370337e-02	4.484104e-02	5.134383e-02	0.000000e+00	6.283694e-01	6.663978e-02
6.283694e-01	1.622077e-02	0.000000e+00	7.669528e-02	1.948545e-01	0.000000e+00	3.513576e-01	9.701937e-04	1.424451e-02	2.079495e-02	5.408977e-03	0.000000e+00	0.000000e+00	4.976154e-03	4.540310e-02	4.278838e-01	0.000000e+00	4.880850e-02	2.252047e-02	4.193442e-02	3.655813e-03	2.376262e-02	6.978210e-02	1.623890e-01	0.000000e+00	1.434980e-02	9.370337e-02	4.484104e-02	5.134383e-02	0.000000e+00	6.283694e-01	6.663978e-02
4.547529e-01	1.622077e-02	3.493470e-02	0.000000e+00	3.888871e-02	0.000000e+00	3.545495e-01	1.552310e-04	2.279121e-03	2.465923e-02	5.408977e-03	0.000000e+00	2.403264e-02	1.091459e-03	7.264497e-03	4.163670e-01	8.214249e-05	7.809359e-03	1.094474e-02	0.000000e+00	3.655813e-03	2.376262e-02	0.000000e+00	1.104107e-01	0.000000e+00	1.434980e-02	9.370337e-02	1.159328e-02	5.134383e-02	0.000000e+00	4.547529e-01	1.445559e-01
4.547529e-01	1.622077e-02	3.493470e-02	0.000000e+00	3.888871e-02	0.000000e+00	3.545495e-01	1.552310e-04	2.279121e-03	2.465923e-02	5.408977e-03	0.000000e+00	2.403264e-02	1.091459e-03	7.264497e-03	4.163670e-01	8.214249e-05	7.809359e-03	1.094474e-02	0.000000e+00	3.655813e-03	2.376262e-02	0.000000e+00	1.104107e-01	0.000000e+00	1.434980e-02	9.370337e-02	1.159328e-02	5.134383e-02	0.000000e+00	4.547529e-01	1.445559e-01
4.547529e-01	1.622077e-02	3.493470e-02	0.000000e+00	3.888871e-02	0.000000e+00	3.545495e-01	1.552310e-04	2.279121e-03	2.465923e-02	5.408977e-03	0.000000e+00	2.403264e-02	1.091459e-03	7.264497e-03	4.163670e-01	8.214249e-05	7.809359e-03	1.094474e-02	0.000000e+00	3.655813e-03	2.376262e-02	0.000000e+00	1.104107e-01	0.000000e+00	1.434980e-02	9.370337e-02	1.159328e-02	5.134383e-02	0.000000e+00	4.547529e-01	1.445559e-01
4.547529e-01	1.622077e-02	3.493470e-02	0.000000e+00	3.888871e-02	0.000000e+00	3.545495e-01	1.552310e-04	2.279121e-03	2.465923e-02	5.408977e-03	0.000000e+00	2.403264e-02	1.091459e-03	7.264497e-03	4.163670e-01	8.214249e-05	7.809359e-03	1.094474e-02	0.000000e+00	3.655813e-03	2.376262e-02	0.000000e+00	1.104107e-01	0.000000e+00	1.434980e-02	9.370337e-02	1.159328e-02	5.134383e-02	0.000000e+00	4.547529e-01	1.445559e-01
4.547529e-01	1.622077e-02	3.493470e-02	0.000000e+00	3.888871e-02	0.000000e+00	3.545495e-01	1.552310e-04	2.279121e-03	2.465923e-02	5.408977e-03	0.000000e+00	2.403264e-02	1.091459e-03	7.264497e-03	4.163670e-01	8.214249e-05	7.809359e-03	1.094474e-02	0.000000e+00	3.655813e-03	2.376262e-02	0.000000e+00	1.104107e-01	0.000000e+00	1.434980e-02	9.370337e-02	1.159328e-02	5.134383e-02	0.000000e+00	4.547529e-01	1.445559e-01
4.547529e-01	1.622077e-02	3.493470e-02	0.000000e+00	3.888871e-02	0.000000e+00	3.545495e-01	1.552310e-04	2.279121e-03	2.465923e-02	5.408977e-03	0.000000e+00	2.403264e-02	1.091459e-03	7.264497e-03	4.163670e-01	8.214249e-05	7.809359e-03	1.094474e-02	0.000000e+00	3.655813e-03	2.376262e-02	0.000000e+00	1.104107e-01	0.000000e+00	1.434980e-02	9.370337e-02	1.159328e-02	5.134383e-02	0.000000e+00	4.547529e-01	1.445559e-01
4.547529e-01	1.622077e-02	3.493470e-02	0.000000e+00	3.888871e-02	0.000000e+00	3.545495e-01	1.552310e-04	2.279121e-03	2.465923e-02	5.408977e-03	0.000000e+00	2.403264e-02	1.091459e-03	7.264497e-03	4.163670e-01	8.214249e-05	7.809359e-03	1.094474e-02	0.000000e+00	3.655813e-03	2.376262e-02	0.000000e+00	1.104107e-01	0.000000e+00	1.434980e-02	9.370337e-02	1.159328e-02	5.134383e-02	0.000000e+00	4.547529e-01	1.445559e-01
4.547529e-01	1.622077e-02	3.493470e-02	0.000000e+00	3.888871e-02	0.000000e+00	3.545495e-01	1.552310e-04	2.279121e-03	2.465923e-02	5.408977e-03	0.000000e+00	2.403264e-02	1.091459e-03	7.264497e-03	4.163670e-01	8.214249e-05	7.809359e-03	1.094474e-02	0.000000e+00	3.655813e-03	2.376262e-02	0.000000e+00	1.104107e-01	0.000000e+00	1.434980e-02	9.370337e-02	1.159328e-02	5.134383e-02	0.000000e+00	4.547529e-01	1.445559e-01
4.547529e-01	1.603750e-02	3.437793e-02	0.000000e+00	3.888871e-02	0.000000e+00	3.545495e-01	1.862772e-04	2.734945e-03	2.397220e-02	5.408977e-03	0.000000e+00	2.403264e-02	8.924132e-04	7.264497e-03	4.169105e-01	0.000000e+00	9.371231e-03	1.155353e-02	0.000000e+00	3.560565e-03	2.321924e-03	0.000000e+00	1.114774e-01	0.000000e+00	1.434980e-02	1.494015e-01	1.159029e-02	5.134383e-02	0.000000e+00	4.547529e-01	1.526979e-01
4.547529e-01	1.603750e-02	3.426657e-02	0.000000e+00	3.888871e-02	0.000000e+00	3.545495e-01	1.862772e-04	2.826110e-03	2.383479e-02	5.408977e-03	0.000000e+00	2.403264e-02	8.526040e-04	7.264497e-03	4.169105e-01	0.000000e+00	9.683606e-03	1.155353e-02	0.000000e+00	3.541516e-03	2.321924e-03	0.000000e+00	1.709685e-01	0.000000e+00	1.434980e-02	1.494015e-01	1.158970e-02	5.134383e-02	0.000000e+00	4.547529e-01	1.659386e-01
4.506818e-01	0.000000e+00	3.426657e-02	2.207864e-03	9.180930e-03	0.000000e+00	4.713793e-01	3.145015e-03	0.000000e+00	2.383479e-02	5.408977e-03	0.000000e+00	2.403264e-02	2.086690e-03	0.000000e+00	4.169105e-01	0.000000e+00	2.665150e-03	5.215939e-03	0.000000e+00	3.541516e-03	1.327003e-02	0.000000e+00	1.709685e-01	0.000000e+00	1.743524e-02	1.031847e-01	1.161765e-02	6.826564e-02	2.142760e-02	4.506818e-01	1.820993e-01
4.506818e-01	0.000000e+00	3.426657e-02	2.207864e-03	9.180930e-03	0.000000e+00	4.713793e-01	3.145015e-03	0.000000e+00	2.383479e-02	5.408977e-03	0.000000e+00	2.403264e-02	2.086690e-03	0.000000e+00	4.169105e-01	0.000000e+00	2.665150e-03	5.215939e-03	0.000000e+00	3.541516e-03	1.327003e-02	0.000000e+00	1.709685e-01	0.000000e+00	1.743524e-02	1.031847e-01	1.161765e-02	6.826564e-02	2.142760e-02	4.506818e-01	1.820993e-01
4.506818e-01	0.000000e+00	3.426657e-02	2.207864e-03	9.180930e-03	0.000000e+00	4.713793e-01	3.145015e-03	0.000000e+00	2.383479e-02	5.408977e-03	0.000000e+00	2.403264e-02	2.086690e-03	0.000000e+00	4.169105e-01	0.000000e+00	2.665150e-03	5.215939e-03	0.000000e+00	3.541516e-03	1.327003e-02	0.000000e+00	1.709685e-01	0.000000e+00	1.743524e-02	1.031847e-01	1.161765e-02	6.826564e-02	2.142760e-02	4.506818e-01	1.820993e-01
4.506818e-01	0.000000e+00	3.426657e-02	2.207864e-03	9.180930e-03	0.000000e+00	4.713793e-01	3.145015e-03	0.000000e+00	2.383479e-02	6.103508e-02	0.000000e+00	2.403264e-02	2.086690e-03	0.000000e+00	4.169105e-01	0.000000e+00	2.665150e-03	5.215939e-03	0.000000e+00	3.541516e-03	9.296504e-02	0.000000e+00	1.709685e-01	0.000000e+00	1.743524e-02	1.031847e-01	1.161765e-02	6.826564e-02	2.142760e-02	4.506818e-01	2.124232e-01
4.506818e-01	0.000000e+00	3.426657e-02	2.207864e-03	9.180930e-03	0.000000e+00	4.713793e-01	3.145015e-03	0.000000e+00	2.383479e-02	6.103508e-02	0.000000e+00	2.403264e-02	2.086690e-03	0.000000e+00	4.169105e-01	0.000000e+00	2.665150e-03	5.215939e-03	0.000000e+00	3.541516e-03	9.296504e-02	0.000000e+00	1.709685e-01	0.000000e+00	1.743524e-02	1.031847e-01	1.161765e-02	6.826564e-02	2.142760e-02	4.506818e-01	2.124232e-01
4.506818e-01	1.484151e-03	3.426657e-02	2.207864e-03	9.180930e-03	0.000000e+00	4.713793e-01	3.145015e-03	0.000000e+00	0.000000e+00	1.735586e-02	0.000000e+00	2.403264e-02	2.086690e-03	0.000000e+00	4.294476e-01	0.000000e+00	4.595086e-04	5.215939e-03	0.000000e+00	3.541516e-03	9.296504e-02	0.000000e+00	1.709685e-01	7.090858e-02	1.743524e-02	1.031847e-01	1.161765e-02	6.826564e-02	2.142760e-02	4.506818e-01	2.158420e-01
4.506818e-01	1.484151e-03	3.426657e-02	2.207864e-03	9.180930e-03	0.000000e+00	4.713793e-01	3.145015e-03	0.000000e+00	0.000000e+00	1.735586e-02	0.000000e+00	2.403264e-02	2.086690e-03	0.000000e+00	4.294476e-01	0.000000e+00	4.595086e-04	5.215939e-03	0.000000e+00	3.541516e-03	9.296504e-02	0.000000e+00	1.709685e-01	7.090858e-02	1.743524e-02	1.031847e-01	1.161765e-02	6.826564e-02	2.142760e-02	4.506818e-01	2.158420e-01
4.506818e-01	1.484151e-03	3.426657e-02	2.207864e-03	9.180930e-03	0.000000e+00	4.713793e-01	3.145015e-03	0.000000e+00	0.000000e+00	1.735586e-02	0.000000e+00	2.403264e-02	2.086690e-03	0.000000e+00	4.294476e-01	0.000000e+00	4.595086e-04	5.215939e-03	0.000000e+00	3.541516e-03	9.296504e-02	0.000000e+00	1.709685e-01	7.090858e-02	1.743524e-02	1.031847e-01	1.161765e-02	6.826564e-02	2.142760e-02	4.506818e-01	2.158420e-01
4.506818e-01	1.484151e-03	3.426657e-02	2.207864e-03	9.180930e-03	0.000000e+00	4.713793e-01	3.145015e-03	0.000000e+00	0.000000e+00	1.735586e-02	0.000000e+00	2.403264e-02	2.086690e-03	0.000000e+00	4.294476e-01	0.000000e+00	4.595086e-04	5.215939e-03	0.000000e+00	3.541516e-03	9.296504e-02	0.000000e+00	1.709685e-01	7.090858e-02	1.743524e-02	1.031847e-01	1.161765e-02	6.826564e-02	2.142760e-02	4.506818e-01	2.158420e-01
4.506818e-01	1.484151e-03	3.426657e-02	2.207864e-03	9.180930e-03	0.000000e+00	4.713793e-01	3.145015e-03	0.000000e+00	0.000000e+00	1.735586e-02	0.000000e+00	2.403264e-02	2.086690e-03	0.000000e+00	4.294476e-01	0.000000e+00	4.595086e-04	5.215939e-03	0.000000e+00	3.541516e-03	9.296504e-02	0.000000e+00	1.709685e-01	7.090858e-02	1.743524e-02	1.031847e-01	1.161765e-02	6.826564e-02	2.142760e-02	4.506818e-01	2.158420e-01
4.506818e-01	1.484151e-03	3.426657e-02	2.207864e-03	9.180930e-03	0.000000e+00	4.713793e-01	3.145015e-03	0.000000e+00	0.000000e+00	1.735586e-02	0.000000e+00	2.403264e-02	2.086690e-03	0.000000e+00	4.294476e-01	0.000000e+00	4.595086e-04	5.215939e-03	0.000000e+00	3.541516e-03	9.296504e-02	0.000000e+00	1.709685e-01	7.090858e-02	1.743524e-02	1.031847e-01	1.161765e-02	6.826564e-02	2.142760e-02	4.506818e-01	2.158420e-01
4.249349e-01	1.484151e-03	1.152839e-01	1.187015e-02	9.180930e-03	0.000000e+00	4.644719e-01	3.145015e-03	0.000000e+00	0.000000e+00	2.622682e-02	0.000000e+00	2.403264e-02	2.086690e-03	0.000000e+00	4.294476e-01	0.000000e+00	4.595086e-04	5.215939e-03	5.583139e-02	3.541516e-03	9.296504e-02	0.000000e+00	1.008523e-01	3.193305e-02	3.487048e-03	0.000000e+00	1.161765e-02	4.368658e-02	5.537688e-03	4.249349e-01	3.634551e-01
4.249349e-01	1.484151e-03	1.152839e-01	1.187015e-02	9.180930e-03	0.000000e+00	4.644719e-01	3.145015e-03	0.000000e+00	0.000000e+00	2.622682e-02	0.000000e+00	2.403264e-02	2.086690e-03	0.000000e+00	4.294476e-01	0.000000e+00	4.595086e-04	5.215939e-03	5.583139e-02	3.541516e-03	9.296504e-02	0.000000e+00	1.008523e-01	3.193305e-02	3.487048e-03	0.000000e+00	1.161765e-02	4.368658e-02	5.537688e-03	4.249349e-01	3.634551e-01
4.249349e-01	1.484151e-03	1.152839e-01	1.187015e-02	9.180930e-03	0.000000e+00	4.644719e-01	3.145015e-03	0.000000e+00	0.000000e+00	2.622682e-02	0.000000e+00	2.403264e-02	2.086690e-03	0.000000e+00	4.294476e-01	0.000000e+00	4.595086e-04	5.215939e-03	5.583139e-02	3.541516e-03	9.296504e-02	0.000000e+00	1.008523e-01	3.193305e-02	3.487048e-03	0.000000e+00	1.161765e-02	4.368658e-02	5.537688e-03	4.249349e-01	3.634551e-01
4.184982e-01	1.484151e-03	1.763689e-02	1.187015e-02	9.180930e-03	0.000000e+00	4.652651e-01	0.000000e+00	4.498823e-03	2.709079e-02	2.796011e-02	9.338708e-03	5.381925e-02	3.106002e-03	0.000000e+00	4.294476e-01	0.000000e+00	4.595086e-04	7.488175e-04	0.000000e+00	3.541516e-03	2.694286e-02	0.000000e+00	6.579415e-02	0.000000e+00	3.487048e-03	2.042988e-02	1.161765e-02	4.368658e-02	1.596055e-03	4.184982e-01	3.935773e-01
4.184982e-01	1.484151e-03	1.763689e-02	1.187015e-02	9.180930e-03	0.000000e+00	4.652651e-01	0.000000e+00	4.498823e-03	2.709079e-02	2.796011e-02	9.338708e-03	5.381925e-02	3.106002e-03	0.000000e+00	4.294476e-01	0.000000e+00	4.595086e-04	7.488175e-04	0.000000e+00	3.541516e-03	2.694286e-02	0.000000e+00	6.579415e-02	0.000000e+00	3.487048e-03	2.042988e-02	1.161765e-02	4.368658e-02	1.596055e-03	4.184982e-01	3.935773e-01
4.184982e-01	1.484151e-03	1.763689e-02	1.187015e-02	9.180930e-03	0.000000e+00	4.652651e-01	0.000000e+00	4.498823e-03	2.709079e-02	2.796011e-02	9.338708e-03	5.381925e-02	3.106002e-03	0.000000e+00	4.294476e-01	0.000000e+00	4.595086e-04	7.488175e-04	0.000000e+00	3.541516e-03	2.694286e-02	0.000000e+00	6.579415e-02	0.000000e+00	3.487048e-03	2.042988e-02	1.161765e-02	4.368658e-02	1.596055e-03	4.184982e-01	3.935773e-01
4.184982e-01	1.484151e-03	1.763689e-02	1.187015e-02	9.180930e-03	0.000000e+00	4.652651e-01	0.000000e+00	4.498823e-03	2.709079e-02	2.796011e-02	9.338708e-03	5.381925e-02	3.106002e-03	0.000000e+00	4.294476e-01	0.000000e+00	4.595086e-04	7.488175e-04	0.000000e+00	3.541516e-03	2.694286e-02	0.000000e+00	6.579415e-02	0.000000e+00	3.487048e-03	2.042988e-02	1.161765e-02	4.368658e-02	1.596055e-03	4.184982e-01	3.935773e-01
4.184982e-01	1.484151e-03	1.763689e-02	1.187015e-02	9.180930e-03	0.000000e+00	4.652651e-01	0.000000e+00	4.498823e-03	2.709079e-02	2.796011e-02	9.338708e-03	5.381925e-02	3.106002e-03	0.000000e+00	4.294476e-01	0.000000e+00	4.595086e-04	7.488175e-04	0.000000e+00	3.541516e-03	2.694286e-02	0.000000e+00	6.579415e-02	0.000000e+00	3.487048e-03	2.042988e-02	1.161765e-02	4.368658e-02	1.596055e-03	4.184982e-01	3.935773e-01
2.561158e-01	1.484151e-03	0.000000e+00	1.187015e-02	9.180930e-03	0.000000e+00	4.652651e-01	2.096677e-05	4.498823e-03	4.495102e-05	2.796011e-02	9.338708e-03	5.381925e-02	2.945843e-03	0.000000e+00	4.306032e-01	0.000000e+00	4.595086e-04	6.934397e-04	0.000000e+00	2.154593e-03	2.694286e-02	0.000000e+00	6.579415e-02	0.000000e+00	0.000000e+00	2.055171e-02	1.161765e-02	4.368658e-02	1.596055e-03	2.561158e-01	5.258350e-01
2.561158e-01	1.484151e-03	0.000000e+00	1.187015e-02	9.180930e-03	0.000000e+00	4.652651e-01	2.096677e-05	4.498823e-03	4.495102e-05	2.796011e-02	9.338708e-03	5.381925e-02	2.945843e-03	0.000000e+00	4.306032e-01	0.000000e+00	4.595086e-04	6.934397e-04	0.000000e+00	2.154593e-03	2.694286e-02	0.000000e+00	6.579415e-02	0.000000e+00	0.000000e+00	2.055171e-02	1.161765e-02	4.368658e-02	1.596055e-03	2.561158e-01	5.258350e-01
2.561158e-01	1.484151e-03	0.000000e+00	1.187015e-02	9.180930e-03	0.000000e+00	4.652651e-01	2.096677e-05	4.498823e-03	4.495102e-05	2.796011e-02	9.338708e-03	5.381925e-02	2.945843e-03	0.000000e+00	4.306032e-01	0.000000e+00	4.595086e-04	6.934397e-04	0.000000e+00	2.154593e-03	2.694286e-02	0.000000e+00	6.579415e-02	0.000000e+00	0.000000e+00	2.055171e-02	1.161765e-02	4.368658e-02	1.596055e-03	2.561158e-01	5.258350e-01
2.561158e-01	1.484151e-03	0.000000e+00	1.187015e-02	9.180930e-03	0.000000e+00	4.652651e-01	2.096677e-05	4.498823e-03	4.495102e-05	2.796011e-02	9.338708e-03	5.381925e-02	2.945843e-03	0.000000e+00	4.306032e-01	0.000000e+00	4.595086e-04	6.934397e-04	0.000000e+00	2.154593e-03	2.694286e-02	0.000000e+00	6.579415e-02	0.000000e+00	0.000000e+00	2.055171e-02	1.161765e-02	4.368658e-02	1.596055e-03	2.561158e-01	5.258350e-01
2.495663e-01	1.602039e-03	0.000000e+00	4.848965e-03	9.166265e-03	1.250396e-03	4.636867e-01	4.193354e-05	4.473115e-03	4.495102e-05	0.000000e+00	9.338708e-03	5.342188e-02	0.000000e+00	0.000000e+00	4.169428e-01	5.002322e-07	3.125872e-03	6.656512e-04	0.000000e+00	3.438140e-03	3.129366e-02	0.000000e+00	6.543114e-02	0.000000e+00	1.117719e-04	1.450211e-02	1.205464e-02	4.368658e-02	1.666277e-03	2.495663e-01	5.231852e-01
2.495663e-01	1.602039e-03	0.000000e+00	4.848965e-03	9.166265e-03	1.250396e-03	4.636867e-01	4.193354e-05	4.473115e-03	4.495102e-05	0.000000e+00	9.338708e-03	5.342188e-02	0.000000e+00	0.000000e+00	4.169428e-01	5.002322e-07	3.125872e-03	6.656512e-04	0.000000e+00	3.438140e-03	3.129366e-02	0.000000e+00	6.543114e-02	0.000000e+00	1.117719e-04	1.450211e-02	1.205464e-02	4.368658e-02	1.666277e-03	2.495663e-01	5.231852e-01
2.574569e-01	1.484151e-03	1.943549e-02	4.450537e-03	9.180930e-03	0.000000e+00	4.652651e-01	0.000000e+00	5.283508e-03	1.081408e-02	0.000000e+00	1.120645e-02	6.910590e-02	0.000000e+00	2.107885e-06	4.232494e-01	0.000000e+00	4.595086e-04	0.000000e+00	0.000000e+00	2.154593e-03	2.694286e-02	5.869973e-03	5.411003e-02	0.000000e+00	0.000000e+00	9.360726e-03	1.189930e-02	4.511874e-02	1.632763e-03	2.574569e-01	5.219836e-01
2.574569e-01	1.484151e-03	1.943549e-02	4.450537e-03	9.180930e-03	0.000000e+00	4.652651e-01	0.000000e+00	5.283508e-03	1.081408e-02	0.000000e+00	1.120645e-02	6.910590e-02	0.000000e+00	2.107885e-06	4.232494e-01	0.000000e+00	4.595086e-04	0.000000e+00	0.000000e+00	2.154593e-03	2.694286e-02	5.869973e-03	5.411003e-02	0.000000e+00	0.000000e+00	9.360726e-03	1.189930e-02	4.511874e-02	1.632763e-03	2.574569e-01	5.219836e-01
2.574569e-01	1.484151e-03	1.943549e-02	4.450537e-03	9.180930e-03	0.000000e+00	4.652651e-01	0.000000e+00	5.283508e-03	1.081408e-02	0.000000e+00	1.120645e-02	6.910590e-02	0.000000e+00	2.107885e-06	4.232494e-01	0.000000e+00	4.595086e-04	0.000000e+00	0.000000e+00	2.154593e-03	2.694286e-02	5.869973e-03	5.411003e-02	0.000000e+00	0.000000e+00	9.360726e-03	1.189930e-02	4.511874e-02	1.632763e-03	2.574569e-01	5.219836e-01
2.574569e-01	1.484151e-03	1.943549e-02	4.450537e-03	9.180930e-03	0.000000e+00	4.652651e-01	0.000000e+00	5.283508e-03	1.081408e-02	0.000000e+00	1.120645e-02	6.910590e-02	0.000000e+00	2.107885e-06	4.232494e-01	0.000000e+00	4.595086e-04	0.000000e+00	0.000000e+00	2.154593e-03	2.694286e-02	5.869973e-03	5.411003e-02	0.000000e+00	0.000000e+00	9.360726e-03	1.189930e-02	4.511874e-02	1.632763e-03	2.574569e-01	5.219836e-01
2.574569e-01	1.484151e-03	1.943549e-02	4.450537e-03	9.180930e-03	0.000000e+00	4.652651e-01	0.000000e+00	5.283508e-03	1.081408e-02	0.000000e+00	1.120645e-02	6.910590e-02	0.000000e+00	2.107885e-06	4.232494e-01	0.000000e+00	4.595086e-04	0.000000e+00	0.000000e+00	2.154593e-03	2.694286e-02	5.869973e-03	5.411003e-02	0.000000e+00	0.000000e+00	9.360726e-03	1.189930e-02	4.511874e-02	1.632763e-03	2.574569e-01	5.219836e-01
2.495663e-01	1.602039e-03	0.000000e+00	4.848965e-03	9.166265e-03	1.250396e-03	4.636867e-01	4.193354e-05	4.473115e-03	4.495102e-05	0.000000e+00	9.338708e-03	5.342188e-02	0.000000e+00	0.000000e+00	4.169428e-01	5.002322e-07	3.125872e-03	6.656512e-04	0.000000e+00	3.438140e-03	3.129366e-02	0.000000e+00	6.543114e-02	0.000000e+00	1.117719e-04	1.450211e-02	1.205464e-02	4.368658e-02	1.666277e-03	2.495663e-01	5.231852e-01
2.495663e-01	1.602039e-03	0.000000e+00	4.848965e-03	9.166265e-03	1.250396e-03	4.636867e-01	4.193354e-05	4.473115e-03	4.495102e-05	0.000000e+00	9.338708e-03	5.342188e-02	0.000000e+00	0.000000e+00	4.169428e-01	5.002322e-07	3.125872e-03	6.656512e-04	0.000000e+00	3.438140e-03	3.129366e-02	0.000000e+00	6.543114e-02	0.000000e+00	1.117719e-04	1.450211e-02	1.205464e-02	4.368658e-02	1.666277e-03	2.495663e-01	5.231852e-01
2.495663e-01	1.602039e-03	0.000000e+00	4.848965e-03	9.166265e-03	1.250396e-03	4.636867e-01	4.193354e-05	4.473115e-03	4.495102e-05	0.000000e+00	9.338708e-03	5.342188e-02	0.000000e+00	0.000000e+00	4.169428e-01	5.002322e-07	3.125872e-03	6.656512e-04	0.000000e+00	3.438140e-03	3.129366e-02	0.000000e+00	6.543114e-02	0.000000e+00	1.117719e-04	1.450211e-02	1.205464e-02	4.368658e-02	1.666277e-03	2.495663e-01	5.231852e-01
2.287756e-01	1.484151e-03	0.000000e+00	4.848965e-03	9.180930e-03	1.123875e-02	4.655097e-01	2.096677e-05	4.541669e-03	4.495102e-05	0.000000e+00	0.000000e+00	4.254726e-02	9.160921e-03	0.000000e+00	4.306032e-01	0.000000e+00	1.013241e-03	1.708838e-03	0.000000e+00	1.214044e-02	3.129366e-02	0.000000e+00	8.682903e-02	0.000000e+00	1.117719e-04	1.450211e-02	8.031565e-04	4.368658e-02	1.266562e-03	2.287756e-01	6.255233e-01
2.287756e-01	1.484151e-03	0.000000e+00	4.848965e-03	9.180930e-03	1.123875e-02	4.655097e-01	2.096677e-05	4.541669e-03	4.495102e-05	0.000000e+00	0.000000e+00	4.254726e-02	9.160921e-03	0.000000e+00	4.306032e-01	0.000000e+00	1.013241e-03	1.708838e-03	0.000000e+00	1.214044e-02	3.129366e-02	0.000000e+00	8.682903e-02	0.000000e+00	1.117719e-04	1.450211e-02	8.031565e-04	4.368658e-02	1.266562e-03	2.287756e-01	6.255233e-01
2.231239e-01	1.484151e-03	1.943549e-02	6.453862e-03	9.180930e-03	0.000000e+00	4.652651e-01	1.572508e-02	4.498823e-03	1.081408e-02	1.118404e-03	3.735483e-04	6.910590e-02	7.998569e-03	2.107885e-06	4.306032e-01	0.000000e+00	4.595086e-04	1.643237e-03	6.978924e-02	2.154593e-03	2.694286e-02	5.869973e-03	6.579415e-02	0.000000e+00	0.000000e+00	2.055171e-02	1.189930e-02	4.511874e-02	1.596055e-03	2.231239e-01	6.941312e-01
2.231239e-01	1.484151e-03	1.943549e-02	6.453862e-03	9.180930e-03	0.000000e+00	4.652651e-01	1.572508e-02	4.498823e-03	1.081408e-02	1.118404e-03	3.735483e-04	6.910590e-02	7.998569e-03	2.107885e-06	4.306032e-01	0.000000e+00	4.595086e-04	1.643237e-03	6.978924e-02	2.154593e-03	2.694286e-02	5.869973e-03	6.579415e-02	0.000000e+00	0.000000e+00	2.055171e-02	1.189930e-02	4.511874e-02	1.596055e-03	2.231239e-01	6.941312e-01
2.168154e-01	1.484151e-03	1.943549e-02	6.774841e-03	9.180930e-03	0.000000e+00	4.652651e-01	2.364308e-02	4.498823e-03	1.081408e-02	1.118404e-03	3.735483e-04	6.910590e-02	1.363363e-02	2.107885e-06	4.215646e-01	2.809364e-06	4.595086e-04	2.108280e-03	6.978924e-02	2.154593e-03	2.088915e-02	5.869973e-03	6.947315e-02	0.000000e+00	9.388843e-05	2.055171e-02	1.413571e-02	4.644643e-02	1.596055e-03	2.168154e-01	7.426562e-01
2.168154e-01	1.484151e-03	1.943549e-02	6.774841e-03	9.180930e-03	0.000000e+00	4.652651e-01	2.364308e-02	4.498823e-03	1.081408e-02	1.118404e-03	3.735483e-04	6.910590e-02	1.363363e-02	2.107885e-06	4.215646e-01	2.809364e-06	4.595086e-04	2.108280e-03	6.978924e-02	2.154593e-03	2.088915e-02	5.869973e-03	6.947315e-02	0.000000e+00	9.388843e-05	2.055171e-02	1.413571e-02	4.644643e-02	1.596055e-03	2.168154e-01	7.426562e-01
2.101136e-01	1.463050e-03	4.560442e-02	6.841103e-03	1.113076e-02	3.437868e-03	4.523078e-01	2.842025e-02	3.683289e-03	1.750335e-03	8.947235e-04	2.988387e-04	6.546378e-02	2.075931e-02	0.000000e+00	4.125260e-01	5.618728e-06	1.434506e-02	4.034054e-03	1.424257e-01	4.894386e-03	3.313239e-05	3.987033e-03	1.220367e-01	1.938995e-02	2.057172e-02	2.448317e-02	4.787188e-02	4.308737e-02	1.643613e-03	2.101136e-01	8.458190e-01
1.955319e-01	1.479931e-03	4.560442e-02	6.771743e-03	1.722779e-02	0.000000e+00	4.600265e-01	3.961096e-02	3.683289e-03	1.089082e-02	1.118404e-03	5.841665e-05	6.652612e-02	1.855306e-02	9.555552e-04	3.602303e-01	5.618728e-06	1.451559e-02	2.294621e-03	7.562630e-02	3.189552e-03	1.650016e-02	5.748454e-03	1.211411e-01	0.000000e+00	6.992452e-05	1.255210e-02	1.466558e-02	4.902775e-02	1.596055e-03	1.955319e-01	9.195010e-01
1.955319e-01	1.479931e-03	4.560442e-02	6.771743e-03	1.722779e-02	0.000000e+00	4.600265e-01	3.961096e-02	3.683289e-03	1.089082e-02	1.118404e-03	5.841665e-05	6.652612e-02	1.855306e-02	9.555552e-04	3.602303e-01	5.618728e-06	1.451559e-02	2.294621e-03	7.562630e-02	3.189552e-03	1.650016e-02	5.748454e-03	1.211411e-01	0.000000e+00	6.992452e-05	1.255210e-02	1.466558e-02	4.902775e-02	1.596055e-03	1.955319e-01	9.195010e-01
1.885332e-01	1.463050e-03	4.560442e-02	6.453862e-03	1.113076e-02	3.437868e-03	4.523078e-01	3.961096e-02	3.683289e-03	9.043983e-03	0.000000e+00	3.329623e-03	6.546378e-02	2.075931e-02	0.000000e+00	3.602303e-01	5.618728e-06	1.451559e-02	5.627419e-04	1.189116e-01	1.585356e-02	3.313239e-05	7.908962e-03	1.211411e-01	0.000000e+00	2.057172e-02	2.448317e-02	5.500474e-02	4.290801e-02	1.643613e-03	1.885332e-01	9.926053e-01
8.666436e-02	4.508577e-02	2.293039e-02	7.355138e-03	1.356819e-02	9.416432e-03	4.380313e-01	3.234247e-02	0.000000e+00	7.046284e-07	0.000000e+00	0.000000e+00	1.485477e-02	0.000000e+00	1.890031e-04	3.162969e-01	1.002548e-05	1.742420e-02	1.815728e-02	3.191032e-02	1.590146e-02	2.884170e-02	0.000000e+00	1.126492e-01	1.023666e-03	4.031339e-03	0.000000e+00	2.199893e-02	5.383520e-02	1.729581e-03	8.666436e-02	9.943407e-01
8.666436e-02	4.508577e-02	2.293039e-02	7.355138e-03	1.356819e-02	9.416432e-03	4.380313e-01	3.234247e-02	0.000000e+00	7.046284e-07	0.000000e+00	0.000000e+00	1.485477e-02	0.000000e+00	1.890031e-04	3.162969e-01	1.002548e-05	1.742420e-02	1.815728e-02	3.191032e-02	1.590146e-02	2.884170e-02	0.000000e+00	1.126492e-01	1.023666e-03	4.031339e-03	0.000000e+00	2.199893e-02	5.383520e-02	1.729581e-03	8.666436e-02	9.943407e-01
8.666436e-02	4.508577e-02	2.293039e-02	7.355138e-03	1.356819e-02	9.416432e-03	4.380313e-01	3.234247e-02	0.000000e+00	7.046284e-07	0.000000e+00	0.000000e+00	1.485477e-02	0.000000e+00	1.890031e-04	3.162969e-01	1.002548e-05	1.742420e-02	1.815728e-02	3.191032e-02	1.590146e-02	2.884170e-02	0.000000e+00	1.126492e-01	1.023666e-03	4.031339e-03	0.000000e+00	2.199893e-02	5.383520e-02	1.729581e-03	8.666436e-02	9.943407e-01
8.666436e-02	4.508577e-02	2.293039e-02	7.355138e-03	1.356819e-02	9.416432e-03	4.380313e-01	3.234247e-02	0.000000e+00	7.046284e-07	0.000000e+00	0.000000e+00	1.485477e-02	0.000000e+00	1.890031e-04	3.162969e-01	1.002548e-05	1.742420e-02	1.815728e-02	3.191032e-02	1.590146e-02	2.884170e-02	0.000000e+00	1.126492e-01	1.023666e-03	4.031339e-03	0.000000e+00	2.199893e-02	5.383520e-02	1.729581e-03	8.666436e-02	9.943407e-01
8.666436e-02	4.508577e-02	2.293039e-02	7.355138e-03	1.356819e-02	9.416432e-03	4.380313e-01	3.234247e-02	0.000000e+00	7.046284e-07	0.000000e+00	0.000000e+00	1.485477e-02	0.000000e+00	1.890031e-04	3.162969e-01	1.002548e-05	1.742420e-02	1.815728e-02	3.191032e-02	1.590146e-02	2.884170e-02	0.000000e+00	1.126492e-01	1.023666e-03	4.031339e-03	0.000000e+00	2.199893e-02	5.383520e-02	1.729581e-03	8.666436e-02	9.943407e-01
8.666436e-02	4.508577e-02	2.293039e-02	7.355138e-03	1.356819e-02	9.416432e-03	4.380313e-01	3.234247e-02	0.000000e+00	7.046284e-07	0.000000e+00	0.000000e+00	1.485477e-02	0.000000e+00	1.890031e-04	3.162969e-01	1.002548e-05	1.742420e-02	1.815728e-02	3.191032e-02	1.590146e-02	2.884170e-02	0.000000e+00	1.126492e-01	1.023666e-03	4.031339e-03	0.000000e+00	2.199893e-02	5.383520e-02	1.729581e-03	8.666436e-02	9.943407e-01
8.666436e-02	4.508577e-02	2.293039e-02	7.355138e-03	1.356819e-02	9.416432e-03	4.380313e-01	3.234247e-02	0.000000e+00	7.046284e-07	0.000000e+00	0.000000e+00	1.485477e-02	0.000000e+00	1.890031e-04	3.162969e-01	1.002548e-05	1.742420e-02	1.815728e-02	3.191032e-02	1.590146e-02	2.884170e-02	0.000000e+00	1.126492e-01	1.023666e-03	4.031339e-03	0.000000e+00	2.199893e-02	5.383520e-02	1.729581e-03	8.666436e-02	9.943407e-01
5.661665e-02	4.508577e-02	5.104115e-02	6.970637e-03	1.356819e-02	9.416432e-03	4.380313e-01	1.035783e-01	4.343583e-04	2.923096e-04	0.000000e+00	0.000000e+00	3.849530e-02	0.000000e+00	0.000000e+00	3.789018e-01	1.131040e-05	1.691101e-02	2.133234e-02	3.191032e-02	1.590146e-02	0.000000e+00	2.290217e-02	1.040360e-01	2.167033e-02	6.788069e-03	0.000000e+00	4.896385e-02	5.403722e-02	1.705128e-03	5.661665e-02	1.103043e+00
5.661665e-02	4.508577e-02	5.104115e-02	6.970637e-03	1.356819e-02	9.416432e-03	4.380313e-01	1.035783e-01	4.343583e-04	2.923096e-04	0.000000e+00	0.000000e+00	3.849530e-02	0.000000e+00	0.000000e+00	3.789018e-01	1.131040e-05	1.691101e-02	2.133234e-02	3.191032e-02	1.590146e-02	0.000000e+00	2.290217e-02	1.040360e-01	2.167033e-02	6.788069e-03	0.000000e+00	4.896385e-02	5.403722e-02	1.705128e-03	5.661665e-02	1.103043e+00
4.529332e-02	1.479931e-03	1.502801e-01	4.849241e-03	4.615241e-03	3.388796e-02	4.312483e-01	7.922193e-03	3.474867e-04	2.860230e-03	0.000000e+00	1.575658e-03	6.837747e-02	3.733623e-02	1.053942e-05	3.872679e-01	1.204333e-05	1.392079e-02	1.816996e-02	8.522810e-02	4.719519e-03	3.313239e-05	3.088144e-03	7.807535e-02	0.000000e+00	5.588597e-04	0.000000e+00	1.473197e-02	4.978352e-02	1.873119e-03	4.529332e-02	1.135424e+00
3.960025e-02	1.463050e-03	2.074913e-01	6.930859e-03	4.786774e-02	7.533146e-03	4.424303e-01	9.849584e-02	8.128929e-04	8.530398e-03	0.000000e+00	2.750092e-03	2.046094e-02	3.710611e-03	1.264731e-05	3.286008e-01	1.482847e-05	1.643192e-02	2.154098e-02	8.771610e-03	1.652244e-02	2.734030e-02	2.716182e-02	8.048737e-02	1.867704e-02	5.444440e-03	2.510420e-03	1.513927e-02	5.511617e-02	0.000000e+00	3.960025e-02	1.179204e+00
2.638731e-02	1.463050e-03	2.311007e-01	5.973495e-03	4.019148e-02	2.909001e-03	4.380313e-01	1.035783e-01	0.000000e+00	7.235186e-03	0.000000e+00	2.130596e-03	2.463210e-02	4.961677e-02	1.139742e-03	4.054195e-01	1.497506e-05	1.790575e-02	3.227243e-03	6.850341e-02	1.042905e-02	0.000000e+00	2.068386e-02	9.931169e-02	1.803905e-02	0.000000e+00	4.632472e-02	8.396975e-02	4.778439e-02	0.000000e+00	2.638731e-02	1.315949e+00
0.000000e+00	1.467270e-03	2.293039e-02	6.970637e-03	1.356819e-02	9.416432e-03	4.380313e-01	3.234247e-02	0.000000e+00	7.046284e-07	0.000000e+00	2.738408e-03	1.485477e-02	0.000000e+00	0.000000e+00	3.162969e-01	0.000000e+00	1.742420e-02	2.961142e-02	3.191032e-02	1.590146e-02	2.884170e-02	0.000000e+00	6.807230e-02	1.023666e-03	4.031339e-03	0.000000e+00	2.199893e-02	5.383520e-02	1.729581e-03	0.000000e+00	1.351620e+00
0.000000e+00	1.467270e-03	2.293039e-02	6.970637e-03	1.356819e-02	9.416432e-03	4.380313e-01	3.234247e-02	0.000000e+00	7.046284e-07	0.000000e+00	2.738408e-03	1.485477e-02	0.000000e+00	0.000000e+00	3.162969e-01	0.000000e+00	1.742420e-02	2.961142e-02	3.191032e-02	1.590146e-02	2.884170e-02	0.000000e+00	6.807230e-02	1.023666e-03	4.031339e-03	0.000000e+00	2.199893e-02	5.383520e-02	1.729581e-03	0.000000e+00	1.351620e+00
