8.552427e-01	1.347835e-03	3.938294e-01	0.000000e+00	3.356410e-02	0.000000e+00	4.239514e-02	3.938676e-01	2.704907e-02	1.581715e-01	3.477465e-02	0.000000e+00	1.542174e-03	9.768906e-03	0.000000e+00	5.469800e-02	4.378911e-04	1.163061e-03	3.148289e-02	1.446335e-01	1.927871e-01	3.105537e-03	0.000000e+00	1.508069e-01	5.859721e-03	0.000000e+00	1.184822e-01	2.004405e-01	0.000000e+00	6.493065e-04	8.552427e-01	-4.001297e-01
8.552427e-01	1.347835e-03	3.938294e-01	0.000000e+00	3.356410e-02	0.000000e+00	4.239514e-02	3.938676e-01	2.704907e-02	1.581715e-01	3.477465e-02	0.000000e+00	1.542174e-03	9.768906e-03	0.000000e+00	5.469800e-02	4.378911e-04	1.163061e-03	3.148289e-02	1.446335e-01	1.927871e-01	3.105537e-03	0.000000e+00	1.508069e-01	5.859721e-03	0.000000e+00	1.184822e-01	2.004405e-01	0.000000e+00	6.493065e-04	8.552427e-01	-4.001297e-01
8.552427e-01	1.347835e-03	3.938294e-01	0.000000e+00	3.356410e-02	0.000000e+00	4.239514e-02	3.938676e-01	2.704907e-02	1.581715e-01	3.477465e-02	0.000000e+00	1.542174e-03	9.768906e-03	0.000000e+00	5.469800e-02	4.378911e-04	1.163061e-03	3.148289e-02	1.446335e-01	1.927871e-01	3.105537e-03	0.000000e+00	1.508069e-01	5.859721e-03	0.000000e+00	1.184822e-01	2.004405e-01	0.000000e+00	6.493065e-04	8.552427e-01	-4.001297e-01
8.474432e-01	9.477547e-03	3.938294e-01	3.168075e-04	4.027692e-02	0.000000e+00	5.508280e-02	3.146417e-01	1.746907e-02	1.582405e-01	3.477465e-02	2.950060e-02	1.542174e-03	1.353592e-02	0.000000e+00	5.470681e-02	5.429850e-04	1.163061e-03	5.351738e-03	1.358960e-01	2.151941e-01	3.105537e-03	3.492422e-02	1.657309e-01	5.549192e-03	0.000000e+00	1.158383e-01	2.168706e-01	1.960031e-02	6.493065e-04	8.474432e-01	-3.872698e-01
8.451044e-01	9.215459e-03	3.802673e-01	4.320367e-04	4.027692e-02	0.000000e+00	5.508280e-02	3.169049e-01	2.896507e-02	1.582405e-01	3.477465e-02	2.851724e-02	1.542174e-03	1.353592e-02	0.000000e+00	5.470681e-02	5.429850e-04	3.545196e-03	5.351738e-03	1.463810e-01	2.151941e-01	3.209259e-03	2.793938e-02	1.478221e-01	5.921827e-03	0.000000e+00	1.158383e-01	2.163229e-01	1.960031e-02	6.493065e-04	8.451044e-01	-3.786521e-01
8.451044e-01	9.215459e-03	3.802673e-01	4.320367e-04	4.027692e-02	0.000000e+00	5.508280e-02	3.169049e-01	2.896507e-02	1.582405e-01	3.477465e-02	4.953596e-02	1.542174e-03	1.353592e-02	0.000000e+00	5.470681e-02	0.000000e+00	3.545196e-03	5.351738e-03	1.463810e-01	2.151941e-01	3.209259e-03	9.142667e-02	1.478221e-01	5.921827e-03	0.000000e+00	1.177328e-01	1.759415e-01	1.960031e-02	6.493065e-04	8.451044e-01	-3.696087e-01
8.435445e-01	1.057931e-02	3.802673e-01	4.320367e-04	4.161948e-02	0.000000e+00	5.762033e-02	3.010597e-01	2.704907e-02	1.582543e-01	3.477465e-02	5.543608e-02	1.542174e-03	1.353592e-02	0.000000e+00	5.470681e-02	1.751565e-05	3.545196e-03	1.255074e-04	1.551184e-01	2.196755e-01	3.209259e-03	9.841152e-02	1.328982e-01	5.859721e-03	0.000000e+00	1.172040e-01	1.792275e-01	1.960031e-02	6.493065e-04	8.435445e-01	-3.604120e-01
8.432717e-01	1.107244e-02	3.368686e-01	4.715958e-04	0.000000e+00	0.000000e+00	5.804663e-02	3.241471e-01	1.976827e-02	1.174387e-01	4.172958e-02	2.458383e-02	1.542174e-03	7.796350e-03	7.413959e-05	5.471739e-02	5.254694e-04	7.090392e-04	8.586726e-02	1.471920e-01	2.108573e-01	3.541170e-03	1.027272e-01	1.442404e-01	5.623719e-03	0.000000e+00	1.651169e-01	1.683033e-01	2.025365e-02	0.000000e+00	8.432717e-01	-3.622916e-01
8.412058e-01	1.057931e-02	3.802673e-01	4.320367e-04	4.027692e-02	0.000000e+00	5.714300e-02	3.169049e-01	2.896507e-02	1.582405e-01	3.477465e-02	5.445273e-02	1.542174e-03	1.353592e-02	3.706980e-04	5.470681e-02	1.751565e-05	5.927331e-03	5.351738e-03	1.551184e-01	2.188082e-01	3.209259e-03	9.142667e-02	1.328982e-01	5.921827e-03	0.000000e+00	1.177328e-01	1.759415e-01	1.960031e-02	6.493065e-04	8.412058e-01	-3.393594e-01
8.412058e-01	1.057931e-02	3.802673e-01	4.320367e-04	4.027692e-02	0.000000e+00	5.714300e-02	3.169049e-01	2.896507e-02	1.582405e-01	3.477465e-02	5.445273e-02	1.542174e-03	1.353592e-02	3.706980e-04	5.470681e-02	1.751565e-05	5.927331e-03	5.351738e-03	1.551184e-01	2.188082e-01	3.209259e-03	9.142667e-02	1.328982e-01	5.921827e-03	0.000000e+00	1.177328e-01	1.759415e-01	1.960031e-02	6.493065e-04	8.412058e-01	-3.393594e-01
8.412058e-01	1.057931e-02	3.802673e-01	4.320367e-04	4.027692e-02	0.000000e+00	5.714300e-02	3.169049e-01	2.896507e-02	1.582405e-01	3.477465e-02	5.445273e-02	1.542174e-03	1.353592e-02	3.706980e-04	5.470681e-02	1.751565e-05	5.927331e-03	5.351738e-03	1.551184e-01	2.188082e-01	3.209259e-03	9.142667e-02	1.328982e-01	5.921827e-03	0.000000e+00	1.177328e-01	1.759415e-01	1.960031e-02	6.493065e-04	8.412058e-01	-3.393594e-01
8.412058e-01	1.057931e-02	3.802673e-01	4.320367e-04	4.027692e-02	0.000000e+00	5.714300e-02	3.169049e-01	2.896507e-02	1.582405e-01	3.477465e-02	5.445273e-02	1.542174e-03	1.353592e-02	3.706980e-04	5.470681e-02	1.751565e-05	5.927331e-03	5.351738e-03	1.551184e-01	2.188082e-01	3.209259e-03	9.142667e-02	1.328982e-01	5.921827e-03	0.000000e+00	1.177328e-01	1.759415e-01	1.960031e-02	6.493065e-04	8.412058e-01	-3.393594e-01
8.412058e-01	1.057931e-02	3.802673e-01	4.320367e-04	4.027692e-02	0.000000e+00	5.714300e-02	3.169049e-01	2.896507e-02	1.582405e-01	3.477465e-02	5.445273e-02	1.542174e-03	1.353592e-02	3.706980e-04	5.470681e-02	1.751565e-05	5.927331e-03	5.351738e-03	1.551184e-01	2.188082e-01	3.209259e-03	9.142667e-02	1.328982e-01	5.921827e-03	0.000000e+00	1.177328e-01	1.759415e-01	1.960031e-02	6.493065e-04	8.412058e-01	-3.393594e-01
8.357494e-01	8.103010e-03	3.260190e-01	8.929535e-04	0.000000e+00	0.000000e+00	5.261057e-02	3.259577e-01	7.494906e-02	1.073417e-01	9.916645e-02	2.458383e-02	1.542174e-03	6.361458e-03	1.853490e-03	5.465395e-02	5.254694e-04	1.307374e-02	0.000000e+00	1.960361e-01	2.108573e-01	3.624148e-03	4.190907e-02	7.618704e-02	7.412367e-03	0.000000e+00	1.769630e-01	2.141322e-01	0.000000e+00	8.320601e-03	8.357494e-01	-2.899342e-01
8.347747e-01	8.103010e-03	3.368686e-01	8.007701e-04	0.000000e+00	0.000000e+00	5.261057e-02	3.241471e-01	6.575226e-02	1.174387e-01	8.628809e-02	2.458383e-02	1.542174e-03	7.796350e-03	1.482792e-03	5.465395e-02	5.254694e-04	7.090392e-04	2.624894e-03	1.957789e-01	2.108573e-01	3.541170e-03	4.051210e-02	7.618704e-02	7.114259e-03	0.000000e+00	1.651169e-01	2.064941e-01	6.533437e-03	8.320601e-03	8.347747e-01	-2.822755e-01
8.347747e-01	1.107030e-02	3.390386e-01	5.849016e-04	0.000000e+00	0.000000e+00	5.804378e-02	3.233318e-01	2.473950e-02	1.174387e-01	8.628809e-02	2.458383e-02	1.542174e-03	7.067838e-03	1.482792e-03	5.471739e-02	5.254694e-04	7.090392e-04	8.444905e-02	1.473978e-01	2.108573e-01	4.249404e-03	1.038447e-01	7.618704e-02	5.564097e-03	0.000000e+00	1.746842e-01	2.064941e-01	1.829362e-02	8.320601e-03	8.347747e-01	-2.652937e-01
8.347747e-01	1.107030e-02	3.390386e-01	5.849016e-04	0.000000e+00	0.000000e+00	5.804378e-02	3.233318e-01	2.473950e-02	1.174387e-01	8.628809e-02	2.458383e-02	1.542174e-03	7.067838e-03	1.482792e-03	5.471739e-02	5.254694e-04	7.090392e-04	8.444905e-02	1.473978e-01	2.108573e-01	4.249404e-03	1.038447e-01	7.618704e-02	5.564097e-03	0.000000e+00	1.746842e-01	2.064941e-01	1.829362e-02	8.320601e-03	8.347747e-01	-2.652937e-01
8.337217e-01	1.166162e-02	3.416425e-01	2.342412e-04	8.055383e-03	0.000000e+00	2.414248e-02	3.249815e-01	7.494906e-02	1.578266e-01	1.035457e-01	3.055761e-02	1.542174e-03	1.098410e-02	1.853490e-03	5.473008e-02	5.254694e-04	0.000000e+00	9.939568e-02	1.947502e-01	2.108573e-01	1.491733e-03	3.492422e-02	7.618704e-02	6.744605e-03	0.000000e+00	1.288517e-01	2.141322e-01	1.633359e-02	6.786342e-03	8.337217e-01	-2.412736e-01
8.308760e-01	8.113693e-03	3.368686e-01	8.007701e-04	0.000000e+00	0.000000e+00	5.262482e-02	3.282236e-01	6.575226e-02	1.578266e-01	0.000000e+00	2.458383e-02	1.542174e-03	7.796350e-03	1.853490e-03	5.465395e-02	5.254694e-04	7.090392e-04	2.624894e-03	1.947502e-01	2.108573e-01	3.541170e-03	3.492422e-02	7.618704e-02	7.114259e-03	0.000000e+00	1.651169e-01	2.064941e-01	1.633359e-02	8.320601e-03	8.308760e-01	-2.314577e-01
8.308760e-01	7.640636e-03	3.368686e-01	1.601540e-04	0.000000e+00	0.000000e+00	5.262482e-02	3.292020e-01	6.706690e-02	1.642886e-01	0.000000e+00	2.458383e-02	1.542174e-03	7.113130e-02	1.927629e-03	5.465395e-02	1.050939e-04	7.090392e-04	0.000000e+00	1.947502e-01	2.194442e-01	3.541170e-03	2.114012e-02	7.618704e-02	7.114259e-03	0.000000e+00	1.651169e-01	2.064941e-01	1.594159e-02	8.320601e-03	8.308760e-01	-2.190224e-01
8.308760e-01	7.640636e-03	3.368686e-01	1.601540e-04	0.000000e+00	0.000000e+00	5.262482e-02	3.292020e-01	6.706690e-02	1.642886e-01	0.000000e+00	2.458383e-02	1.542174e-03	7.113130e-02	1.927629e-03	5.465395e-02	1.050939e-04	7.090392e-04	0.000000e+00	1.947502e-01	2.194442e-01	3.541170e-03	2.114012e-02	7.618704e-02	7.114259e-03	0.000000e+00	1.651169e-01	2.064941e-01	1.594159e-02	8.320601e-03	8.308760e-01	-2.190224e-01
8.308760e-01	7.640636e-03	3.368686e-01	1.601540e-04	0.000000e+00	0.000000e+00	5.262482e-02	3.292020e-01	6.706690e-02	1.642886e-01	0.000000e+00	2.458383e-02	1.542174e-03	7.113130e-02	1.927629e-03	5.465395e-02	1.050939e-04	7.090392e-04	0.000000e+00	1.947502e-01	2.194442e-01	3.541170e-03	2.114012e-02	7.618704e-02	7.114259e-03	0.000000e+00	1.651169e-01	2.064941e-01	1.594159e-02	8.320601e-03	8.308760e-01	-2.190224e-01
8.308760e-01	8.113693e-03	3.260190e-01	2.342412e-04	0.000000e+00	0.000000e+00	5.262482e-02	3.282236e-01	7.494906e-02	1.642886e-01	0.000000e+00	2.458383e-02	1.542174e-03	1.143891e-02	1.927629e-03	5.465395e-02	0.000000e+00	7.090392e-04	0.000000e+00	1.947502e-01	2.063866e-01	3.541170e-03	3.492422e-02	7.618704e-02	7.412367e-03	0.000000e+00	1.651169e-01	2.141322e-01	1.633359e-02	8.320601e-03	8.308760e-01	-2.298115e-01
8.308760e-01	8.113693e-03	3.260190e-01	2.342412e-04	0.000000e+00	0.000000e+00	5.262482e-02	3.282236e-01	7.494906e-02	1.642886e-01	0.000000e+00	2.458383e-02	1.542174e-03	1.143891e-02	1.927629e-03	5.465395e-02	0.000000e+00	7.090392e-04	0.000000e+00	1.947502e-01	2.063866e-01	3.541170e-03	3.492422e-02	7.618704e-02	7.412367e-03	0.000000e+00	1.651169e-01	2.141322e-01	1.633359e-02	8.320601e-03	8.308760e-01	-2.298115e-01
8.308760e-01	8.113693e-03	3.260190e-01	2.342412e-04	0.000000e+00	0.000000e+00	5.262482e-02	3.282236e-01	7.494906e-02	1.642886e-01	0.000000e+00	2.458383e-02	1.542174e-03	1.143891e-02	1.927629e-03	5.465395e-02	0.000000e+00	7.090392e-04	0.000000e+00	1.947502e-01	2.063866e-01	3.541170e-03	3.492422e-02	7.618704e-02	7.412367e-03	0.000000e+00	1.651169e-01	2.141322e-01	1.633359e-02	8.320601e-03	8.308760e-01	-2.298115e-01
8.308760e-01	8.113693e-03	3.260190e-01	2.342412e-04	0.000000e+00	0.000000e+00	5.262482e-02	3.282236e-01	7.494906e-02	1.642886e-01	0.000000e+00	2.458383e-02	1.542174e-03	1.143891e-02	1.927629e-03	5.465395e-02	0.000000e+00	7.090392e-04	0.000000e+00	1.947502e-01	2.063866e-01	3.541170e-03	3.492422e-02	7.618704e-02	7.412367e-03	0.000000e+00	1.651169e-01	2.141322e-01	1.633359e-02	8.320601e-03	8.308760e-01	-2.298115e-01
8.308760e-01	8.113693e-03	3.260190e-01	2.342412e-04	0.000000e+00	0.000000e+00	5.262482e-02	3.282236e-01	7.494906e-02	1.642886e-01	0.000000e+00	2.458383e-02	1.542174e-03	1.143891e-02	1.927629e-03	5.465395e-02	0.000000e+00	7.090392e-04	0.000000e+00	1.947502e-01	2.063866e-01	3.541170e-03	3.492422e-02	7.618704e-02	7.412367e-03	0.000000e+00	1.651169e-01	2.141322e-01	1.633359e-02	8.320601e-03	8.308760e-01	-2.298115e-01
8.308760e-01	8.113693e-03	3.260190e-01	2.342412e-04	0.000000e+00	0.000000e+00	5.262482e-02	3.282236e-01	7.494906e-02	1.642886e-01	0.000000e+00	2.458383e-02	1.542174e-03	1.143891e-02	1.927629e-03	5.465395e-02	0.000000e+00	7.090392e-04	0.000000e+00	1.947502e-01	2.063866e-01	3.541170e-03	3.492422e-02	7.618704e-02	7.412367e-03	0.000000e+00	1.651169e-01	2.141322e-01	1.633359e-02	8.320601e-03	8.308760e-01	-2.298115e-01
8.308760e-01	8.113693e-03	3.260190e-01	2.342412e-04	0.000000e+00	0.000000e+00	5.262482e-02	3.282236e-01	7.494906e-02	1.642886e-01	0.000000e+00	2.458383e-02	1.542174e-03	1.143891e-02	1.927629e-03	5.465395e-02	0.000000e+00	7.090392e-04	0.000000e+00	1.947502e-01	2.063866e-01	3.541170e-03	3.492422e-02	7.618704e-02	7.412367e-03	0.000000e+00	1.651169e-01	2.141322e-01	1.633359e-02	8.320601e-03	8.308760e-01	-2.298115e-01
8.308760e-01	8.113693e-03	3.260190e-01	2.342412e-04	0.000000e+00	0.000000e+00	5.262482e-02	3.282236e-01	7.494906e-02	1.642886e-01	0.000000e+00	2.458383e-02	1.542174e-03	1.143891e-02	1.927629e-03	5.465395e-02	0.000000e+00	7.090392e-04	0.000000e+00	1.947502e-01	2.063866e-01	3.541170e-03	3.492422e-02	7.618704e-02	7.412367e-03	0.000000e+00	1.651169e-01	2.141322e-01	1.633359e-02	8.320601e-03	8.308760e-01	-2.298115e-01
6.462811e-01	8.113693e-03	3.260190e-01	2.342412e-04	0.000000e+00	0.000000e+00	5.262482e-02	3.282236e-01	7.494906e-02	1.578266e-01	0.000000e+00	2.458383e-02	1.542174e-03	1.143891e-02	1.853490e-03	5.465395e-02	0.000000e+00	1.307374e-02	9.715916e-03	1.947502e-01	2.063866e-01	0.000000e+00	3.492422e-02	7.618704e-02	7.412367e-03	3.448383e-03	1.172805e-01	2.141322e-01	1.633359e-02	8.320601e-03	6.462811e-01	-5.649256e-02
6.462811e-01	8.113693e-03	3.260190e-01	2.342412e-04	0.000000e+00	0.000000e+00	5.262482e-02	3.282236e-01	7.494906e-02	1.578266e-01	0.000000e+00	2.458383e-02	1.542174e-03	1.143891e-02	1.853490e-03	5.465395e-02	0.000000e+00	1.307374e-02	9.715916e-03	1.947502e-01	2.063866e-01	0.000000e+00	3.492422e-02	7.618704e-02	7.412367e-03	3.448383e-03	1.172805e-01	2.141322e-01	1.633359e-02	8.320601e-03	6.462811e-01	-5.649256e-02
6.462811e-01	8.113693e-03	3.260190e-01	2.342412e-04	0.000000e+00	0.000000e+00	5.262482e-02	3.282236e-01	7.494906e-02	1.578266e-01	0.000000e+00	2.458383e-02	1.542174e-03	1.143891e-02	1.853490e-03	5.465395e-02	0.000000e+00	1.307374e-02	9.715916e-03	1.947502e-01	2.063866e-01	0.000000e+00	3.492422e-02	7.618704e-02	7.412367e-03	3.448383e-03	1.172805e-01	2.141322e-01	1.633359e-02	8.320601e-03	6.462811e-01	-5.649256e-02
6.462811e-01	8.113693e-03	3.260190e-01	2.342412e-04	0.000000e+00	0.000000e+00	5.262482e-02	3.282236e-01	7.494906e-02	1.578266e-01	0.000000e+00	2.458383e-02	1.542174e-03	1.143891e-02	1.853490e-03	5.465395e-02	0.000000e+00	1.307374e-02	9.715916e-03	1.947502e-01	2.063866e-01	0.000000e+00	3.492422e-02	7.618704e-02	7.412367e-03	3.448383e-03	1.172805e-01	2.141322e-01	1.633359e-02	8.320601e-03	6.462811e-01	-5.649256e-02
6.462811e-01	8.113693e-03	3.260190e-01	2.342412e-04	0.000000e+00	0.000000e+00	5.262482e-02	3.282236e-01	7.494906e-02	1.578266e-01	0.000000e+00	2.458383e-02	1.542174e-03	1.143891e-02	1.853490e-03	5.465395e-02	0.000000e+00	1.307374e-02	9.715916e-03	1.947502e-01	2.063866e-01	0.000000e+00	3.492422e-02	7.618704e-02	7.412367e-03	3.448383e-03	1.172805e-01	2.141322e-01	1.633359e-02	8.320601e-03	6.462811e-01	-5.649256e-02
6.462811e-01	8.113693e-03	3.260190e-01	2.342412e-04	0.000000e+00	0.000000e+00	5.262482e-02	3.282236e-01	7.494906e-02	1.578266e-01	0.000000e+00	2.458383e-02	1.542174e-03	1.143891e-02	1.853490e-03	5.465395e-02	0.000000e+00	1.307374e-02	9.715916e-03	1.947502e-01	2.063866e-01	0.000000e+00	3.492422e-02	7.618704e-02	7.412367e-03	3.448383e-03	1.172805e-01	2.141322e-01	1.633359e-02	8.320601e-03	6.462811e-01	-5.649256e-02
6.452514e-01	8.409652e-03	3.339753e-01	3.715196e-03	0.000000e+00	0.000000e+00	5.285763e-02	3.282236e-01	7.388824e-02	1.506921e-01	1.499733e-03	2.467390e-02	1.233739e-03	1.143891e-02	1.853490e-03	5.465395e-02	0.000000e+00	1.307374e-02	9.390247e-03	1.896349e-01	2.067374e-01	0.000000e+00	3.492422e-02	1.129028e-01	7.412367e-03	3.448383e-03	1.172805e-01	2.141322e-01	1.535143e-02	6.656481e-03	6.452514e-01	-4.467360e-02
6.444276e-01	2.108226e-02	3.403403e-01	2.342412e-04	0.000000e+00	2.041911e-02	5.304388e-02	3.270988e-01	7.280066e-02	1.578266e-01	1.499733e-03	2.467390e-02	1.542174e-03	1.143891e-02	1.482792e-03	5.270262e-02	4.713513e-03	1.307374e-02	8.990461e-03	1.947502e-01	2.088278e-01	7.022152e-04	3.492422e-02	7.618704e-02	6.130432e-03	2.857912e-03	1.172805e-01	2.231356e-01	1.633359e-02	8.320601e-03	6.444276e-01	-3.534262e-02
6.444276e-01	2.108226e-02	3.403403e-01	2.342412e-04	0.000000e+00	2.041911e-02	5.304388e-02	3.270988e-01	7.280066e-02	1.578266e-01	1.499733e-03	2.467390e-02	1.542174e-03	1.143891e-02	1.482792e-03	5.270262e-02	4.713513e-03	1.307374e-02	8.990461e-03	1.947502e-01	2.088278e-01	7.022152e-04	3.492422e-02	7.618704e-02	6.130432e-03	2.857912e-03	1.172805e-01	2.231356e-01	1.633359e-02	8.320601e-03	6.444276e-01	-3.534262e-02
6.411325e-01	0.000000e+00	3.346552e-01	5.173066e-04	0.000000e+00	1.020955e-01	5.374231e-02	3.194088e-01	8.866053e-02	1.263716e-01	2.999467e-04	1.862509e-02	4.731792e-02	9.997423e-03	0.000000e+00	2.162593e-02	2.356756e-02	3.388225e-02	6.153778e-03	2.118512e-01	2.047142e-01	3.511076e-03	4.190907e-02	8.590392e-02	1.002690e-03	8.251323e-04	1.234314e-01	2.007257e-01	1.964327e-04	8.199912e-03	6.411325e-01	-3.335057e-04
6.411325e-01	0.000000e+00	3.346552e-01	5.173066e-04	0.000000e+00	1.020955e-01	5.374231e-02	3.194088e-01	8.866053e-02	1.263716e-01	2.999467e-04	1.862509e-02	4.731792e-02	9.997423e-03	0.000000e+00	2.162593e-02	2.356756e-02	3.388225e-02	6.153778e-03	2.118512e-01	2.047142e-01	3.511076e-03	4.190907e-02	8.590392e-02	1.002690e-03	8.251323e-04	1.234314e-01	2.007257e-01	1.964327e-04	8.199912e-03	6.411325e-01	-3.335057e-04
6.411325e-01	0.000000e+00	3.346552e-01	5.173066e-04	0.000000e+00	1.020955e-01	5.374231e-02	3.194088e-01	8.866053e-02	1.263716e-01	2.999467e-04	1.862509e-02	4.731792e-02	9.997423e-03	0.000000e+00	2.162593e-02	2.356756e-02	3.388225e-02	6.153778e-03	2.118512e-01	2.047142e-01	3.511076e-03	4.190907e-02	8.590392e-02	1.002690e-03	8.251323e-04	1.234314e-01	2.007257e-01	1.964327e-04	8.199912e-03	6.411325e-01	-3.335057e-04
6.411325e-01	0.000000e+00	3.346552e-01	5.173066e-04	0.000000e+00	1.020955e-01	5.374231e-02	3.194088e-01	8.866053e-02	1.263716e-01	2.999467e-04	1.862509e-02	4.731792e-02	9.997423e-03	0.000000e+00	2.162593e-02	2.356756e-02	3.388225e-02	6.153778e-03	2.118512e-01	2.047142e-01	3.511076e-03	4.190907e-02	8.590392e-02	1.002690e-03	8.251323e-04	1.234314e-01	2.007257e-01	1.964327e-04	8.199912e-03	6.411325e-01	-3.335057e-04
6.363751e-01	7.057092e-02	3.346552e-01	2.342412e-04	0.000000e+00	8.589638e-02	5.378887e-02	3.194088e-01	7.370568e-02	1.263716e-01	1.499733e-03	1.862509e-02	7.020131e-04	9.997423e-03	0.000000e+00	2.162593e-02	4.713513e-03	3.388225e-02	6.088644e-03	2.108281e-01	2.088278e-01	3.511076e-03	4.190907e-02	1.954411e-01	1.002690e-03	8.251323e-04	1.234314e-01	2.007257e-01	0.000000e+00	7.867088e-03	6.363751e-01	5.955092e-02
6.339393e-01	0.000000e+00	3.351363e-01	1.796958e-02	0.000000e+00	0.000000e+00	5.493311e-02	3.200469e-01	0.000000e+00	2.220388e-01	2.898785e-03	2.594342e-02	1.078148e-02	1.623808e-02	4.551222e-03	3.569316e-02	1.728028e-03	1.075783e-02	2.931738e-02	1.842690e-01	1.452979e-01	3.531226e-03	1.129537e-05	1.018771e-01	1.139685e-03	7.759461e-04	1.164012e-01	2.492913e-01	1.777560e-02	2.794466e-03	6.339393e-01	3.322650e-02
6.339393e-01	0.000000e+00	3.351363e-01	1.796958e-02	0.000000e+00	0.000000e+00	5.493311e-02	3.200469e-01	0.000000e+00	2.220388e-01	2.898785e-03	2.594342e-02	1.078148e-02	1.623808e-02	4.551222e-03	3.569316e-02	1.728028e-03	1.075783e-02	2.931738e-02	1.842690e-01	1.452979e-01	3.531226e-03	1.129537e-05	1.018771e-01	1.139685e-03	7.759461e-04	1.164012e-01	2.492913e-01	1.777560e-02	2.794466e-03	6.339393e-01	3.322650e-02
6.339393e-01	0.000000e+00	3.351363e-01	1.796958e-02	0.000000e+00	0.000000e+00	5.493311e-02	3.200469e-01	0.000000e+00	2.220388e-01	2.898785e-03	2.594342e-02	1.078148e-02	1.623808e-02	4.551222e-03	3.569316e-02	1.728028e-03	1.075783e-02	2.931738e-02	1.842690e-01	1.452979e-01	3.531226e-03	1.129537e-05	1.018771e-01	1.139685e-03	7.759461e-04	1.164012e-01	2.492913e-01	1.777560e-02	2.794466e-03	6.339393e-01	3.322650e-02
6.339393e-01	0.000000e+00	3.351363e-01	1.796958e-02	0.000000e+00	0.000000e+00	5.493311e-02	3.200469e-01	0.000000e+00	2.220388e-01	2.898785e-03	2.594342e-02	1.078148e-02	1.623808e-02	4.551222e-03	3.569316e-02	1.728028e-03	1.075783e-02	2.931738e-02	1.842690e-01	1.452979e-01	3.531226e-03	1.129537e-05	1.018771e-01	1.139685e-03	7.759461e-04	1.164012e-01	2.492913e-01	1.777560e-02	2.794466e-03	6.339393e-01	3.322650e-02
6.241963e-01	0.000000e+00	3.351363e-01	2.107338e-02	0.000000e+00	8.434127e-02	5.493311e-02	3.225995e-01	0.000000e+00	2.140148e-01	0.000000e+00	5.521673e-02	1.078148e-02	1.633358e-02	4.551222e-03	1.307902e-01	1.728028e-03	3.506477e-02	0.000000e+00	7.885082e-02	9.021383e-02	3.611827e-03	5.647685e-05	1.018771e-01	1.687665e-03	5.792014e-04	9.845778e-02	2.484694e-01	1.751385e-02	2.794466e-03	6.241963e-01	1.699863e-01
6.241963e-01	0.000000e+00	3.351363e-01	2.107338e-02	0.000000e+00	8.434127e-02	5.493311e-02	3.225995e-01	0.000000e+00	2.140148e-01	0.000000e+00	5.521673e-02	1.078148e-02	1.633358e-02	4.551222e-03	1.307902e-01	1.728028e-03	3.506477e-02	0.000000e+00	7.885082e-02	9.021383e-02	3.611827e-03	5.647685e-05	1.018771e-01	1.687665e-03	5.792014e-04	9.845778e-02	2.484694e-01	1.751385e-02	2.794466e-03	6.241963e-01	1.699863e-01
6.241963e-01	0.000000e+00	3.351363e-01	2.107338e-02	0.000000e+00	8.434127e-02	5.493311e-02	3.225995e-01	0.000000e+00	2.140148e-01	0.000000e+00	5.521673e-02	1.078148e-02	1.633358e-02	4.551222e-03	1.307902e-01	1.728028e-03	3.506477e-02	0.000000e+00	7.885082e-02	9.021383e-02	3.611827e-03	5.647685e-05	1.018771e-01	1.687665e-03	5.792014e-04	9.845778e-02	2.484694e-01	1.751385e-02	2.794466e-03	6.241963e-01	1.699863e-01
6.241963e-01	0.000000e+00	3.351363e-01	2.107338e-02	0.000000e+00	8.434127e-02	5.493311e-02	3.225995e-01	0.000000e+00	2.140148e-01	0.000000e+00	5.521673e-02	1.078148e-02	1.633358e-02	4.551222e-03	1.307902e-01	1.728028e-03	3.506477e-02	0.000000e+00	7.885082e-02	9.021383e-02	3.611827e-03	5.647685e-05	1.018771e-01	1.687665e-03	5.792014e-04	9.845778e-02	2.484694e-01	1.751385e-02	2.794466e-03	6.241963e-01	1.699863e-01
4.571798e-01	0.000000e+00	2.970825e-01	2.012137e-02	0.000000e+00	0.000000e+00	2.280659e-02	3.808877e-01	0.000000e+00	2.081658e-01	7.878743e-05	6.219176e-02	1.009307e-02	1.817532e-02	4.096478e-03	1.117434e-01	1.728028e-03	3.459471e-02	1.297766e-03	8.036117e-02	8.161906e-02	4.889546e-03	5.647685e-05	9.992117e-02	2.546733e-03	1.599004e-02	9.791217e-02	2.474470e-01	1.428812e-02	2.794466e-03	4.571798e-01	2.736123e-01
4.571798e-01	0.000000e+00	2.970825e-01	2.012137e-02	0.000000e+00	0.000000e+00	2.280659e-02	3.808877e-01	0.000000e+00	2.081658e-01	7.878743e-05	6.219176e-02	1.009307e-02	1.817532e-02	4.096478e-03	1.117434e-01	1.728028e-03	3.459471e-02	1.297766e-03	8.036117e-02	8.161906e-02	4.889546e-03	5.647685e-05	9.992117e-02	2.546733e-03	1.599004e-02	9.791217e-02	2.474470e-01	1.428812e-02	2.794466e-03	4.571798e-01	2.736123e-01
4.571798e-01	0.000000e+00	2.970825e-01	2.012137e-02	0.000000e+00	0.000000e+00	2.280659e-02	3.808877e-01	0.000000e+00	2.081658e-01	7.878743e-05	6.219176e-02	1.009307e-02	1.817532e-02	4.096478e-03	1.117434e-01	1.728028e-03	3.459471e-02	1.297766e-03	8.036117e-02	8.161906e-02	4.889546e-03	5.647685e-05	9.992117e-02	2.546733e-03	1.599004e-02	9.791217e-02	2.474470e-01	1.428812e-02	2.794466e-03	4.571798e-01	2.736123e-01
4.478154e-01	0.000000e+00	1.205574e-01	1.837959e-02	0.000000e+00	0.000000e+00	2.296591e-01	2.518947e-01	0.000000e+00	2.079459e-01	7.801796e-05	7.093885e-02	1.078148e-02	8.257932e-03	2.618266e-03	1.117434e-01	2.046022e-03	3.542488e-02	1.297766e-03	8.495047e-02	1.030716e-01	4.290298e-03	2.277292e-04	9.992117e-02	2.546733e-03	2.629001e-02	1.023985e-01	2.579234e-01	1.428812e-02	2.794466e-03	4.478154e-01	2.696735e-01
4.478154e-01	0.000000e+00	1.205574e-01	1.837959e-02	0.000000e+00	0.000000e+00	2.296591e-01	2.518947e-01	0.000000e+00	2.079459e-01	7.801796e-05	7.093885e-02	1.078148e-02	8.257932e-03	2.618266e-03	1.117434e-01	2.046022e-03	3.542488e-02	1.297766e-03	8.495047e-02	1.030716e-01	4.290298e-03	2.277292e-04	9.992117e-02	2.546733e-03	2.629001e-02	1.023985e-01	2.579234e-01	1.428812e-02	2.794466e-03	4.478154e-01	2.696735e-01
4.478154e-01	0.000000e+00	1.205574e-01	1.837959e-02	0.000000e+00	0.000000e+00	2.296591e-01	2.518947e-01	0.000000e+00	2.079459e-01	7.801796e-05	7.093885e-02	1.078148e-02	8.257932e-03	2.618266e-03	1.117434e-01	2.046022e-03	3.542488e-02	1.297766e-03	8.495047e-02	1.030716e-01	4.290298e-03	2.277292e-04	9.992117e-02	2.546733e-03	2.629001e-02	1.023985e-01	2.579234e-01	1.428812e-02	2.794466e-03	4.478154e-01	2.696735e-01
4.478154e-01	0.000000e+00	1.205574e-01	1.837959e-02	0.000000e+00	0.000000e+00	2.296591e-01	2.518947e-01	0.000000e+00	2.079459e-01	7.801796e-05	7.093885e-02	1.078148e-02	8.257932e-03	2.618266e-03	1.117434e-01	2.046022e-03	3.542488e-02	1.297766e-03	8.495047e-02	1.030716e-01	4.290298e-03	2.277292e-04	9.992117e-02	2.546733e-03	2.629001e-02	1.023985e-01	2.579234e-01	1.428812e-02	2.794466e-03	4.478154e-01	2.696735e-01
4.478154e-01	0.000000e+00	1.205574e-01	1.837959e-02	0.000000e+00	0.000000e+00	2.296591e-01	2.518947e-01	0.000000e+00	2.079459e-01	7.801796e-05	7.093885e-02	1.078148e-02	8.257932e-03	2.618266e-03	1.117434e-01	2.046022e-03	3.542488e-02	1.297766e-03	8.495047e-02	1.030716e-01	4.290298e-03	2.277292e-04	9.992117e-02	2.546733e-03	2.629001e-02	1.023985e-01	2.579234e-01	1.428812e-02	2.794466e-03	4.478154e-01	2.696735e-01
4.478154e-01	0.000000e+00	1.205574e-01	1.837959e-02	0.000000e+00	0.000000e+00	2.296591e-01	2.518947e-01	0.000000e+00	2.079459e-01	7.801796e-05	7.093885e-02	1.078148e-02	8.257932e-03	2.618266e-03	1.117434e-01	2.046022e-03	3.542488e-02	1.297766e-03	8.495047e-02	1.030716e-01	4.290298e-03	2.277292e-04	9.992117e-02	2.546733e-03	2.629001e-02	1.023985e-01	2.579234e-01	1.428812e-02	2.794466e-03	4.478154e-01	2.696735e-01
4.478154e-01	0.000000e+00	1.205574e-01	1.837959e-02	0.000000e+00	0.000000e+00	2.296591e-01	2.518947e-01	0.000000e+00	2.079459e-01	7.801796e-05	7.093885e-02	1.078148e-02	8.257932e-03	2.618266e-03	1.117434e-01	2.046022e-03	3.542488e-02	1.297766e-03	8.495047e-02	1.030716e-01	4.290298e-03	2.277292e-04	9.992117e-02	2.546733e-03	2.629001e-02	1.023985e-01	2.579234e-01	1.428812e-02	2.794466e-03	4.478154e-01	2.696735e-01
4.478154e-01	0.000000e+00	1.205574e-01	1.837959e-02	0.000000e+00	0.000000e+00	2.296591e-01	2.518947e-01	0.000000e+00	2.079459e-01	7.801796e-05	7.093885e-02	1.078148e-02	8.257932e-03	2.618266e-03	1.117434e-01	2.046022e-03	3.542488e-02	1.297766e-03	8.495047e-02	1.030716e-01	4.290298e-03	2.277292e-04	9.992117e-02	2.546733e-03	2.629001e-02	1.023985e-01	2.579234e-01	1.428812e-02	2.794466e-03	4.478154e-01	2.696735e-01
4.478154e-01	0.000000e+00	1.205574e-01	1.837959e-02	0.000000e+00	0.000000e+00	2.296591e-01	2.518947e-01	0.000000e+00	2.079459e-01	7.801796e-05	7.093885e-02	1.078148e-02	8.257932e-03	2.618266e-03	1.117434e-01	2.046022e-03	3.542488e-02	1.297766e-03	8.495047e-02	1.030716e-01	4.290298e-03	2.277292e-04	9.992117e-02	2.546733e-03	2.629001e-02	1.023985e-01	2.579234e-01	1.428812e-02	2.794466e-03	4.478154e-01	2.696735e-01
4.478154e-01	0.000000e+00	1.205574e-01	1.837959e-02	0.000000e+00	0.000000e+00	2.296591e-01	2.518947e-01	0.000000e+00	2.079459e-01	7.801796e-05	7.093885e-02	1.078148e-02	8.257932e-03	2.618266e-03	1.117434e-01	2.046022e-03	3.542488e-02	1.297766e-03	8.495047e-02	1.030716e-01	4.290298e-03	2.277292e-04	9.992117e-02	2.546733e-03	2.629001e-02	1.023985e-01	2.579234e-01	1.428812e-02	2.794466e-03	4.478154e-01	2.696735e-01
4.290951e-01	6.488841e-02	1.687909e-01	1.903232e-02	0.000000e+00	0.000000e+00	2.644959e-01	2.188326e-01	0.000000e+00	2.145773e-01	4.070274e-05	6.618911e-02	1.293777e-02	3.554984e-03	2.277502e-03	3.719052e-02	5.952946e-04	3.675687e-02	0.000000e+00	8.755844e-02	1.023241e-01	5.148357e-03	2.299883e-04	1.047170e-01	4.295344e-03	4.765452e-02	1.029770e-01	2.579234e-01	8.553489e-03	3.401068e-03	4.290951e-01	4.089893e-01
4.243937e-01	5.191073e-02	1.687909e-01	1.787385e-02	6.548578e-04	0.000000e+00	2.575286e-01	1.530342e-01	0.000000e+00	2.132510e-01	1.553472e-04	4.417339e-02	1.078148e-02	6.634087e-03	2.345655e-03	3.719052e-02	8.854401e-04	3.777518e-02	3.989267e-03	1.078970e-01	1.024736e-01	4.976745e-03	2.277292e-04	1.037579e-01	3.430626e-03	3.262291e-02	1.029770e-01	2.535818e-01	8.883882e-03	1.540272e-02	4.243937e-01	4.379775e-01
4.243937e-01	5.191073e-02	1.687909e-01	1.787385e-02	6.548578e-04	0.000000e+00	2.575286e-01	1.530342e-01	0.000000e+00	2.132510e-01	1.553472e-04	4.417339e-02	1.078148e-02	6.634087e-03	2.345655e-03	3.719052e-02	8.854401e-04	3.777518e-02	3.989267e-03	1.078970e-01	1.024736e-01	4.976745e-03	2.277292e-04	1.037579e-01	3.430626e-03	3.262291e-02	1.029770e-01	2.535818e-01	8.883882e-03	1.540272e-02	4.243937e-01	4.379775e-01
4.243937e-01	5.191073e-02	1.687909e-01	1.787385e-02	6.548578e-04	0.000000e+00	2.575286e-01	1.530342e-01	0.000000e+00	2.132510e-01	1.553472e-04	4.417339e-02	1.078148e-02	6.634087e-03	2.345655e-03	3.719052e-02	8.854401e-04	3.777518e-02	3.989267e-03	1.078970e-01	1.024736e-01	4.976745e-03	2.277292e-04	1.037579e-01	3.430626e-03	3.262291e-02	1.029770e-01	2.535818e-01	8.883882e-03	1.540272e-02	4.243937e-01	4.379775e-01
4.169210e-01	6.268379e-02	1.802355e-01	1.625445e-02	0.000000e+00	0.000000e+00	1.533260e-01	2.608554e-01	0.000000e+00	1.697143e-01	6.385825e-06	1.159650e-01	0.000000e+00	3.004670e-02	1.165377e-03	3.984481e-02	9.299659e-03	2.791739e-02	1.942969e-02	9.107809e-02	1.851282e-01	0.000000e+00	1.392772e-04	3.259650e-02	7.553131e-03	2.862569e-02	1.036849e-01	2.709695e-01	4.972697e-03	0.000000e+00	4.169210e-01	5.438118e-01
4.168402e-01	7.576032e-02	1.921711e-01	1.385633e-02	6.548578e-04	0.000000e+00	2.644959e-01	2.194837e-01	0.000000e+00	2.065795e-01	1.553472e-04	7.318184e-02	1.078148e-02	6.634087e-03	7.193966e-04	3.719052e-02	1.075039e-02	3.675687e-02	2.305608e-02	1.093489e-01	2.094265e-01	0.000000e+00	2.277292e-04	2.397940e-02	5.283148e-04	2.535211e-02	1.079063e-01	2.783507e-01	3.109612e-03	1.540272e-02	4.168402e-01	5.758448e-01
4.101930e-01	1.262672e-02	1.324931e-01	1.461020e-02	0.000000e+00	0.000000e+00	1.578963e-01	2.459674e-01	0.000000e+00	2.010412e-01	1.307990e-04	9.693054e-02	0.000000e+00	3.014882e-02	1.035875e-03	4.129562e-02	3.496750e-03	2.881576e-02	1.942969e-02	9.630903e-02	1.917007e-01	0.000000e+00	2.164339e-04	3.449843e-02	7.686088e-03	2.550843e-02	1.033165e-01	2.613279e-01	4.972697e-03	1.236971e-02	4.101930e-01	6.123632e-01
2.597033e-01	6.268379e-02	1.802355e-01	9.496650e-03	7.796049e-04	0.000000e+00	1.578963e-01	2.222582e-01	0.000000e+00	1.697143e-01	0.000000e+00	1.159650e-01	0.000000e+00	3.004670e-02	1.165377e-03	4.129562e-02	9.299659e-03	2.881576e-02	1.942969e-02	1.028477e-01	1.802492e-01	0.000000e+00	1.392772e-04	0.000000e+00	8.647179e-04	2.161185e-02	1.036849e-01	2.709695e-01	4.972697e-03	1.236971e-02	2.597033e-01	6.615348e-01
2.597033e-01	6.268379e-02	1.802355e-01	9.496650e-03	7.796049e-04	0.000000e+00	1.578963e-01	2.222582e-01	0.000000e+00	1.697143e-01	0.000000e+00	1.159650e-01	0.000000e+00	3.004670e-02	1.165377e-03	4.129562e-02	9.299659e-03	2.881576e-02	1.942969e-02	1.028477e-01	1.802492e-01	0.000000e+00	1.392772e-04	0.000000e+00	8.647179e-04	2.161185e-02	1.036849e-01	2.709695e-01	4.972697e-03	1.236971e-02	2.597033e-01	6.615348e-01
2.597033e-01	6.268379e-02	1.802355e-01	9.496650e-03	7.796049e-04	0.000000e+00	1.578963e-01	2.222582e-01	0.000000e+00	1.697143e-01	0.000000e+00	1.159650e-01	0.000000e+00	3.004670e-02	1.165377e-03	4.129562e-02	9.299659e-03	2.881576e-02	1.942969e-02	1.028477e-01	1.802492e-01	0.000000e+00	1.392772e-04	0.000000e+00	8.647179e-04	2.161185e-02	1.036849e-01	2.709695e-01	4.972697e-03	1.236971e-02	2.597033e-01	6.615348e-01
2.597033e-01	6.268379e-02	1.802355e-01	9.496650e-03	7.796049e-04	0.000000e+00	1.578963e-01	2.222582e-01	0.000000e+00	1.697143e-01	0.000000e+00	1.159650e-01	0.000000e+00	3.004670e-02	1.165377e-03	4.129562e-02	9.299659e-03	2.881576e-02	1.942969e-02	1.028477e-01	1.802492e-01	0.000000e+00	1.392772e-04	0.000000e+00	8.647179e-04	2.161185e-02	1.036849e-01	2.709695e-01	4.972697e-03	1.236971e-02	2.597033e-01	6.615348e-01
2.597033e-01	6.268379e-02	1.802355e-01	9.496650e-03	7.796049e-04	0.000000e+00	1.578963e-01	2.222582e-01	0.000000e+00	1.697143e-01	0.000000e+00	1.159650e-01	0.000000e+00	3.004670e-02	1.165377e-03	4.129562e-02	9.299659e-03	2.881576e-02	1.942969e-02	1.028477e-01	1.802492e-01	0.000000e+00	1.392772e-04	0.000000e+00	8.647179e-04	2.161185e-02	1.036849e-01	2.709695e-01	4.972697e-03	1.236971e-02	2.597033e-01	6.615348e-01
2.597033e-01	6.268379e-02	1.802355e-01	9.496650e-03	7.796049e-04	0.000000e+00	1.578963e-01	2.222582e-01	0.000000e+00	1.697143e-01	0.000000e+00	1.159650e-01	0.000000e+00	3.004670e-02	1.165377e-03	4.129562e-02	9.299659e-03	2.881576e-02	1.942969e-02	1.028477e-01	1.802492e-01	0.000000e+00	1.392772e-04	0.000000e+00	8.647179e-04	2.161185e-02	1.036849e-01	2.709695e-01	4.972697e-03	1.236971e-02	2.597033e-01	6.615348e-01
2.597033e-01	6.268379e-02	1.802355e-01	9.496650e-03	7.796049e-04	0.000000e+00	1.578963e-01	2.222582e-01	0.000000e+00	1.697143e-01	0.000000e+00	1.159650e-01	0.000000e+00	3.004670e-02	1.165377e-03	4.129562e-02	9.299659e-03	2.881576e-02	1.942969e-02	1.028477e-01	1.802492e-01	0.000000e+00	1.392772e-04	0.000000e+00	8.647179e-04	2.161185e-02	1.036849e-01	2.709695e-01	4.972697e-03	1.236971e-02	2.597033e-01	6.615348e-01
2.597033e-01	6.268379e-02	1.802355e-01	9.496650e-03	7.796049e-04	0.000000e+00	1.578963e-01	2.222582e-01	0.000000e+00	1.697143e-01	0.000000e+00	1.159650e-01	0.000000e+00	3.004670e-02	1.165377e-03	4.129562e-02	9.299659e-03	2.881576e-02	1.942969e-02	1.028477e-01	1.802492e-01	0.000000e+00	1.392772e-04	0.000000e+00	8.647179e-04	2.161185e-02	1.036849e-01	2.709695e-01	4.972697e-03	1.236971e-02	2.597033e-01	6.615348e-01
2.529753e-01	6.268379e-02	1.802355e-01	7.852407e-03	0.000000e+00	0.000000e+00	1.578963e-01	2.073702e-01	0.000000e+00	1.697143e-01	0.000000e+00	1.159650e-01	1.305563e-03	3.004670e-02	1.165377e-03	4.129562e-02	9.084195e-03	2.881576e-02	2.108715e-02	1.080787e-01	1.802492e-01	0.000000e+00	1.460512e-04	1.901932e-03	9.976750e-04	2.161185e-02	1.036849e-01	2.709695e-01	4.972697e-03	1.236971e-02	2.529753e-01	6.638403e-01
2.511249e-01	5.064673e-02	2.311466e-01	3.384136e-03	5.676919e-02	0.000000e+00	1.398351e-01	1.478182e-01	0.000000e+00	1.972327e-01	6.220660e-04	1.788167e-01	6.638312e-03	2.963819e-02	1.683385e-03	4.633164e-02	1.037723e-02	3.330760e-02	9.528731e-03	1.092725e-01	2.046404e-01	0.000000e+00	5.169995e-04	1.423902e-02	9.783084e-03	6.025549e-03	1.066765e-01	2.061417e-01	4.656550e-03	1.395173e-01	2.511249e-01	7.181202e-01
2.390061e-01	6.313360e-02	1.802355e-01	1.239496e-02	7.796049e-04	0.000000e+00	1.519516e-01	2.414658e-01	0.000000e+00	1.734224e-01	0.000000e+00	8.688579e-02	0.000000e+00	3.014882e-02	1.035875e-03	1.052455e-01	9.299659e-03	2.881576e-02	2.271758e-02	9.630903e-02	1.890044e-01	0.000000e+00	6.793740e-04	0.000000e+00	2.799829e-03	2.213050e-02	1.262386e-01	2.760747e-01	5.965328e-03	1.236971e-02	2.390061e-01	7.331492e-01
2.327327e-01	0.000000e+00	1.680785e-01	1.054351e-02	8.938428e-04	0.000000e+00	1.821221e-01	2.103534e-01	6.640630e-03	1.665260e-01	0.000000e+00	1.385492e-01	5.524975e-04	2.928144e-02	9.582020e-04	3.701726e-02	9.306748e-03	3.598878e-02	1.825411e-02	1.133706e-01	1.687977e-01	0.000000e+00	1.731471e-04	4.972366e-02	4.809398e-03	1.773368e-02	9.489326e-02	2.594279e-01	5.462785e-03	1.624213e-02	2.327327e-01	7.434325e-01
2.282612e-01	5.289581e-02	2.478601e-01	7.926169e-03	7.796049e-04	0.000000e+00	1.808027e-01	2.222582e-01	9.618503e-03	2.157734e-01	4.301261e-04	9.693054e-02	0.000000e+00	3.014882e-02	1.035875e-03	4.129562e-02	9.299659e-03	2.881576e-02	1.608582e-02	9.630903e-02	2.703691e-01	0.000000e+00	1.460512e-04	2.944110e-03	1.068290e-03	2.550843e-02	1.021063e-01	2.749462e-01	5.108528e-03	1.247226e-02	2.282612e-01	8.235366e-01
2.236341e-01	5.064673e-02	2.343528e-01	1.275434e-03	5.676919e-02	0.000000e+00	1.578963e-01	2.222582e-01	0.000000e+00	1.972327e-01	4.301261e-04	1.921028e-01	6.527813e-03	2.963819e-02	1.683385e-03	4.855842e-02	9.299659e-03	2.881576e-02	5.877910e-03	9.630903e-02	2.131116e-01	0.000000e+00	5.589305e-04	1.029431e-02	9.544928e-03	6.025549e-03	1.069883e-01	2.550630e-01	4.972697e-03	1.441152e-01	2.236341e-01	8.903080e-01
2.137516e-01	5.289581e-02	2.478601e-01	2.684319e-02	7.796049e-04	0.000000e+00	1.578963e-01	2.222582e-01	0.000000e+00	2.157734e-01	4.301261e-04	9.693054e-02	2.959776e-02	3.014882e-02	1.035875e-03	4.129562e-02	9.299659e-03	2.881576e-02	5.877910e-03	9.630903e-02	2.703691e-01	0.000000e+00	5.589305e-04	8.354747e-02	8.647179e-04	2.550843e-02	1.069883e-01	2.749462e-01	4.972697e-03	1.236971e-02	2.137516e-01	9.538370e-01
1.965914e-01	0.000000e+00	1.870750e-01	0.000000e+00	4.453236e-05	0.000000e+00	2.735203e-01	1.571189e-01	4.809252e-02	1.990653e-01	1.709617e-03	2.268849e-01	0.000000e+00	3.395745e-02	0.000000e+00	3.643476e-02	0.000000e+00	1.655969e-02	0.000000e+00	7.995950e-02	2.265934e-01	0.000000e+00	4.247331e-04	3.174289e-02	4.182595e-03	5.081030e-03	9.712284e-02	2.450556e-01	7.191771e-03	1.301069e-02	1.965914e-01	1.049293e+00
1.837421e-01	6.137831e-02	2.005999e-01	1.644243e-03	2.185377e-04	0.000000e+00	2.552921e-01	1.558871e-01	4.039771e-02	1.869414e-01	6.220660e-04	1.897519e-01	2.611125e-04	2.632253e-02	0.000000e+00	2.579719e-02	3.918915e-03	2.223108e-02	5.059364e-03	5.956458e-02	2.293846e-01	0.000000e+00	1.731471e-04	1.274565e-02	1.882576e-03	1.145565e-02	1.233713e-01	2.448458e-01	7.251778e-03	1.288249e-02	1.837421e-01	1.133843e+00
1.024928e-01	1.227566e-02	1.732858e-01	1.087236e-02	9.286439e-04	2.557283e-02	1.784764e-01	1.478182e-01	3.320315e-02	1.641012e-01	0.000000e+00	9.888917e-02	1.044142e-02	3.089904e-02	9.582020e-04	3.858716e-02	3.686462e-03	3.546581e-02	2.130756e-02	4.986115e-02	1.693559e-01	0.000000e+00	1.228299e-04	4.592421e-02	1.882576e-03	1.900860e-02	1.281977e-01	2.570840e-01	1.276992e-02	1.288249e-02	1.024928e-01	1.135560e+00
1.024928e-01	1.227566e-02	1.732858e-01	1.087236e-02	9.286439e-04	2.557283e-02	1.784764e-01	1.478182e-01	3.320315e-02	1.641012e-01	0.000000e+00	9.888917e-02	1.044142e-02	3.089904e-02	9.582020e-04	3.858716e-02	3.686462e-03	3.546581e-02	2.130756e-02	4.986115e-02	1.693559e-01	0.000000e+00	1.228299e-04	4.592421e-02	1.882576e-03	1.900860e-02	1.281977e-01	2.570840e-01	1.276992e-02	1.288249e-02	1.024928e-01	1.135560e+00
1.024928e-01	1.227566e-02	1.732858e-01	1.087236e-02	9.286439e-04	2.557283e-02	1.784764e-01	1.478182e-01	3.320315e-02	1.641012e-01	0.000000e+00	9.888917e-02	1.044142e-02	3.089904e-02	9.582020e-04	3.858716e-02	3.686462e-03	3.546581e-02	2.130756e-02	4.986115e-02	1.693559e-01	0.000000e+00	1.228299e-04	4.592421e-02	1.882576e-03	1.900860e-02	1.281977e-01	2.570840e-01	1.276992e-02	1.288249e-02	1.024928e-01	1.135560e+00
1.024928e-01	1.227566e-02	1.732858e-01	1.087236e-02	9.286439e-04	2.557283e-02	1.784764e-01	1.478182e-01	3.320315e-02	1.641012e-01	0.000000e+00	9.888917e-02	1.044142e-02	3.089904e-02	9.582020e-04	3.858716e-02	3.686462e-03	3.546581e-02	2.130756e-02	4.986115e-02	1.693559e-01	0.000000e+00	1.228299e-04	4.592421e-02	1.882576e-03	1.900860e-02	1.281977e-01	2.570840e-01	1.276992e-02	1.288249e-02	1.024928e-01	1.135560e+00
1.024928e-01	1.227566e-02	1.732858e-01	1.087236e-02	9.286439e-04	2.557283e-02	1.784764e-01	1.478182e-01	3.320315e-02	1.641012e-01	0.000000e+00	9.888917e-02	1.044142e-02	3.089904e-02	9.582020e-04	3.858716e-02	3.686462e-03	3.546581e-02	2.130756e-02	4.986115e-02	1.693559e-01	0.000000e+00	1.228299e-04	4.592421e-02	1.882576e-03	1.900860e-02	1.281977e-01	2.570840e-01	1.276992e-02	1.288249e-02	1.024928e-01	1.135560e+00
6.210101e-02	0.000000e+00	1.814078e-01	3.105874e-02	2.259629e-02	0.000000e+00	1.747294e-01	1.601933e-01	4.809252e-02	1.922896e-01	0.000000e+00	2.240139e-01	5.774748e-03	2.674332e-02	2.989251e-03	4.079293e-02	3.761143e-03	1.379974e-02	2.100775e-02	4.855342e-02	1.997024e-01	3.661643e-03	9.831644e-05	4.941238e-02	1.627383e-03	7.236864e-03	1.266834e-01	2.569744e-01	1.270754e-02	1.953999e-03	6.210101e-02	1.206010e+00
6.210101e-02	0.000000e+00	1.814078e-01	3.105874e-02	2.259629e-02	0.000000e+00	1.747294e-01	1.601933e-01	4.809252e-02	1.922896e-01	0.000000e+00	2.240139e-01	5.774748e-03	2.674332e-02	2.989251e-03	4.079293e-02	3.761143e-03	1.379974e-02	2.100775e-02	4.855342e-02	1.997024e-01	3.661643e-03	9.831644e-05	4.941238e-02	1.627383e-03	7.236864e-03	1.266834e-01	2.569744e-01	1.270754e-02	1.953999e-03	6.210101e-02	1.206010e+00
3.077384e-02	2.455132e-03	1.565265e-01	1.033414e-02	7.119199e-04	0.000000e+00	1.633867e-01	1.566143e-01	5.312504e-03	1.598997e-01	0.000000e+00	2.280059e-01	0.000000e+00	2.943449e-02	1.111345e-02	4.804614e-02	9.531276e-03	2.268530e-02	1.675502e-02	1.145128e-01	1.559023e-01	0.000000e+00	5.057991e-05	6.716453e-02	4.831609e-03	1.848997e-02	8.732184e-02	2.588801e-01	5.150896e-03	1.877309e-02	3.077384e-02	1.300404e+00
3.077384e-02	2.455132e-03	1.565265e-01	1.033414e-02	7.119199e-04	0.000000e+00	1.633867e-01	1.566143e-01	5.312504e-03	1.598997e-01	0.000000e+00	2.280059e-01	0.000000e+00	2.943449e-02	1.111345e-02	4.804614e-02	9.531276e-03	2.268530e-02	1.675502e-02	1.145128e-01	1.559023e-01	0.000000e+00	5.057991e-05	6.716453e-02	4.831609e-03	1.848997e-02	8.732184e-02	2.588801e-01	5.150896e-03	1.877309e-02	3.077384e-02	1.300404e+00
2.091525e-03	0.000000e+00	1.814078e-01	3.105874e-02	2.259629e-02	0.000000e+00	2.724267e-01	1.601933e-01	4.809252e-02	1.922896e-01	1.435228e-03	2.240139e-01	5.774748e-03	2.674332e-02	0.000000e+00	4.960370e-02	3.761143e-03	1.379974e-02	0.000000e+00	4.855342e-02	1.997024e-01	3.661643e-03	3.828021e-04	6.697675e-02	1.627383e-03	7.236864e-03	1.281157e-01	2.410789e-01	7.043517e-03	1.953999e-03	2.091525e-03	1.543903e+00
0.000000e+00	8.725880e-04	2.733394e-01	3.207749e-02	3.411913e-03	2.557283e-02	2.790253e-01	2.146401e-01	3.320315e-02	2.092307e-01	0.000000e+00	2.098514e-01	1.044142e-02	2.632253e-02	5.358091e-03	3.858716e-02	3.686462e-03	5.736689e-02	4.335510e-02	5.411512e-02	2.131116e-01	3.661643e-03	3.623110e-03	6.226885e-02	3.094508e-04	6.601267e-03	1.281977e-01	2.570840e-01	1.276992e-02	3.173181e-02	0.000000e+00	1.695116e+00
