8.417401e-01	6.209583e-03	1.602208e-03	0.000000e+00	2.870769e-03	0.000000e+00	3.686110e-03	1.047801e-01	0.000000e+00	1.145672e-02	3.656368e-02	8.707543e-02	1.059813e-02	0.000000e+00	4.592239e-01	0.000000e+00	3.203280e-04	6.257649e-03	0.000000e+00	1.259959e-02	0.000000e+00	1.125895e-02	1.353329e-02	3.809895e-03	8.294938e-05	0.000000e+00	1.344019e-01	1.867398e-02	1.179896e-02	0.000000e+00	8.417401e-01	-5.651610e-01
8.417401e-01	6.209583e-03	1.602208e-03	0.000000e+00	2.870769e-03	0.000000e+00	3.686110e-03	1.047801e-01	0.000000e+00	1.145672e-02	3.656368e-02	8.707543e-02	1.059813e-02	0.000000e+00	4.592239e-01	0.000000e+00	3.203280e-04	4.920330e-02	0.000000e+00	1.259959e-02	0.000000e+00	1.125895e-02	1.353329e-02	3.809895e-03	8.294938e-05	0.000000e+00	1.344019e-01	1.867398e-02	1.179896e-02	0.000000e+00	8.417401e-01	-5.572007e-01
8.417401e-01	6.209583e-03	1.602208e-03	0.000000e+00	2.870769e-03	0.000000e+00	3.686110e-03	1.047801e-01	0.000000e+00	1.145672e-02	3.656368e-02	8.707543e-02	1.059813e-02	0.000000e+00	4.592239e-01	0.000000e+00	3.203280e-04	4.920330e-02	0.000000e+00	1.259959e-02	0.000000e+00	1.125895e-02	1.353329e-02	3.809895e-03	8.294938e-05	0.000000e+00	1.344019e-01	1.867398e-02	1.179896e-02	0.000000e+00	8.417401e-01	-5.572007e-01
8.417401e-01	6.209583e-03	1.602208e-03	0.000000e+00	2.870769e-03	0.000000e+00	3.686110e-03	1.047801e-01	7.678009e-03	1.145672e-02	3.656368e-02	8.707543e-02	1.059813e-02	0.000000e+00	4.592239e-01	0.000000e+00	3.203280e-04	4.920330e-02	0.000000e+00	1.259959e-02	0.000000e+00	1.125895e-02	1.353329e-02	3.809895e-03	8.294938e-05	0.000000e+00	1.344019e-01	1.867398e-02	1.179896e-02	0.000000e+00	8.417401e-01	-5.557746e-01
8.417401e-01	6.209583e-03	1.602208e-03	0.000000e+00	2.870769e-03	0.000000e+00	3.686110e-03	1.047801e-01	7.678009e-03	1.145672e-02	3.656368e-02	8.707543e-02	1.059813e-02	0.000000e+00	4.592239e-01	0.000000e+00	3.203280e-04	4.920330e-02	0.000000e+00	1.259959e-02	0.000000e+00	1.125895e-02	1.353329e-02	3.809895e-03	8.294938e-05	0.000000e+00	1.344019e-01	1.867398e-02	1.179896e-02	0.000000e+00	8.417401e-01	-5.557746e-01
8.397834e-01	6.209583e-03	1.602208e-03	5.766413e-02	2.870769e-03	0.000000e+00	3.686110e-03	1.047801e-01	6.142407e-03	1.145672e-02	3.656368e-02	3.456635e-02	1.059813e-02	0.000000e+00	4.592239e-01	0.000000e+00	3.203280e-04	4.920330e-02	0.000000e+00	1.259959e-02	0.000000e+00	2.006515e-02	1.353329e-02	1.536407e-02	8.294938e-05	1.849101e-04	1.344019e-01	1.867398e-02	1.179896e-02	1.800014e-02	8.397834e-01	-5.300404e-01
8.397834e-01	6.209583e-03	1.602208e-03	5.766413e-02	2.870769e-03	0.000000e+00	3.686110e-03	1.047801e-01	6.142407e-03	1.145672e-02	3.656368e-02	3.456635e-02	1.059813e-02	0.000000e+00	4.592239e-01	0.000000e+00	3.203280e-04	4.920330e-02	0.000000e+00	1.259959e-02	0.000000e+00	2.006515e-02	1.353329e-02	1.536407e-02	8.294938e-05	1.849101e-04	1.344019e-01	1.867398e-02	1.179896e-02	1.800014e-02	8.397834e-01	-5.300404e-01
8.397834e-01	6.209583e-03	1.602208e-03	4.613130e-02	2.870769e-03	0.000000e+00	3.686110e-03	1.047801e-01	9.764495e-04	1.145672e-02	3.656368e-02	4.506817e-02	1.059813e-02	8.507922e-04	4.592239e-01	7.826577e-04	0.000000e+00	4.920330e-02	4.014469e-02	1.259959e-02	4.356556e-05	2.006515e-02	1.353329e-02	2.460740e-02	8.294938e-05	3.328381e-04	1.344019e-01	1.493918e-02	1.299554e-02	1.800014e-02	8.397834e-01	-5.221629e-01
8.397834e-01	6.209583e-03	1.602208e-03	4.613130e-02	2.870769e-03	0.000000e+00	3.686110e-03	1.047801e-01	9.764495e-04	1.145672e-02	3.656368e-02	4.506817e-02	1.059813e-02	8.507922e-04	4.592239e-01	7.826577e-04	0.000000e+00	4.920330e-02	4.014469e-02	1.259959e-02	4.356556e-05	2.006515e-02	1.353329e-02	2.460740e-02	8.294938e-05	3.328381e-04	1.344019e-01	1.493918e-02	1.299554e-02	1.800014e-02	8.397834e-01	-5.221629e-01
8.382181e-01	6.209583e-03	1.602208e-03	4.613130e-02	2.870769e-03	0.000000e+00	3.686110e-03	1.047801e-01	9.764495e-04	1.145672e-02	3.656368e-02	2.111280e-02	1.059813e-02	8.507922e-04	4.592239e-01	3.913288e-03	6.406561e-05	4.920330e-02	3.211575e-02	1.259959e-02	7.841801e-05	2.006515e-02	1.353329e-02	2.460740e-02	8.294938e-05	9.245503e-04	1.344019e-01	0.000000e+00	1.299554e-02	3.240026e-02	8.382181e-01	-5.110996e-01
8.382181e-01	6.209583e-03	1.602208e-03	4.613130e-02	2.870769e-03	0.000000e+00	3.686110e-03	1.047801e-01	9.764495e-04	1.145672e-02	3.656368e-02	2.111280e-02	1.059813e-02	8.507922e-04	4.592239e-01	3.913288e-03	6.406561e-05	4.920330e-02	3.211575e-02	1.259959e-02	7.841801e-05	2.006515e-02	1.353329e-02	2.460740e-02	8.294938e-05	9.245503e-04	1.344019e-01	0.000000e+00	1.299554e-02	3.240026e-02	8.382181e-01	-5.110996e-01
8.369658e-01	6.209583e-03	1.602208e-03	4.428605e-02	2.870769e-03	0.000000e+00	4.301260e-03	1.047801e-01	1.306523e-02	1.286890e-02	3.518334e-02	3.739908e-02	1.064864e-02	8.507922e-04	4.592239e-01	3.913288e-03	3.759319e-04	4.920330e-02	0.000000e+00	1.259959e-02	2.222726e-03	2.498257e-02	1.353329e-02	2.460740e-02	1.569617e-02	7.171553e-03	1.302401e-01	4.473942e-04	1.299554e-02	4.642671e-02	8.369658e-01	-4.901448e-01
8.369658e-01	6.209583e-03	1.602208e-03	4.428605e-02	2.870769e-03	0.000000e+00	4.301260e-03	1.047801e-01	1.306523e-02	1.286890e-02	3.518334e-02	3.739908e-02	1.064864e-02	8.507922e-04	4.592239e-01	3.913288e-03	3.759319e-04	4.920330e-02	0.000000e+00	1.259959e-02	2.222726e-03	2.498257e-02	1.353329e-02	2.460740e-02	1.569617e-02	7.171553e-03	1.302401e-01	4.473942e-04	1.299554e-02	4.642671e-02	8.369658e-01	-4.901448e-01
8.369658e-01	6.209583e-03	1.602208e-03	4.428605e-02	2.870769e-03	0.000000e+00	4.301260e-03	1.047801e-01	1.306523e-02	1.286890e-02	3.518334e-02	3.739908e-02	1.064864e-02	8.507922e-04	4.592239e-01	3.913288e-03	3.759319e-04	4.920330e-02	0.000000e+00	1.259959e-02	2.222726e-03	2.498257e-02	1.353329e-02	2.460740e-02	1.569617e-02	7.171553e-03	1.302401e-01	4.473942e-04	1.299554e-02	4.642671e-02	8.369658e-01	-4.901448e-01
8.369658e-01	6.209583e-03	1.602208e-03	4.428605e-02	2.870769e-03	0.000000e+00	4.301260e-03	1.047801e-01	1.306523e-02	1.286890e-02	3.518334e-02	3.739908e-02	1.064864e-02	8.507922e-04	4.592239e-01	3.913288e-03	3.759319e-04	4.920330e-02	0.000000e+00	1.259959e-02	2.222726e-03	2.498257e-02	1.353329e-02	2.460740e-02	1.569617e-02	7.171553e-03	1.302401e-01	4.473942e-04	1.299554e-02	4.642671e-02	8.369658e-01	-4.901448e-01
8.369658e-01	6.209583e-03	1.602208e-03	4.428605e-02	2.870769e-03	0.000000e+00	4.301260e-03	1.047801e-01	1.306523e-02	1.286890e-02	3.518334e-02	3.739908e-02	1.064864e-02	8.507922e-04	4.592239e-01	3.913288e-03	3.759319e-04	4.920330e-02	0.000000e+00	1.259959e-02	2.222726e-03	2.498257e-02	1.353329e-02	2.460740e-02	1.569617e-02	7.171553e-03	1.302401e-01	4.473942e-04	1.299554e-02	4.642671e-02	8.369658e-01	-4.901448e-01
8.319567e-01	6.209583e-03	1.602208e-03	4.613130e-02	2.870769e-03	0.000000e+00	3.686110e-03	1.047801e-01	9.764495e-04	1.145672e-02	3.656368e-02	8.707543e-02	1.059813e-02	8.507922e-04	4.592239e-01	3.913288e-03	3.203280e-04	4.920330e-02	0.000000e+00	1.259959e-02	2.178278e-04	2.006515e-02	1.353329e-02	2.460740e-02	8.294938e-05	9.245503e-04	1.344019e-01	0.000000e+00	1.299554e-02	9.000072e-02	8.319567e-01	-4.102789e-01
8.319567e-01	6.209583e-03	1.602208e-03	1.085982e-01	2.870769e-03	1.145082e-02	6.761861e-03	1.047801e-01	9.764495e-04	1.145672e-02	1.247774e-02	1.025442e-01	1.059813e-02	1.134961e-02	4.592239e-01	3.913288e-03	3.759319e-04	4.920330e-02	0.000000e+00	1.259959e-02	5.653416e-03	2.498257e-02	1.353329e-02	2.460740e-02	8.294938e-05	7.227771e-03	1.302401e-01	0.000000e+00	1.299554e-02	9.000072e-02	8.319567e-01	-3.929756e-01
8.318928e-01	7.451500e-03	1.602208e-03	3.690504e-02	2.870769e-03	0.000000e+00	7.323895e-03	1.078458e-01	6.975249e-03	1.072983e-01	2.115938e-02	1.230531e-01	8.478505e-03	1.134961e-02	4.278135e-01	0.000000e+00	4.007691e-04	4.920330e-02	1.724947e-03	1.259959e-02	5.653416e-03	2.498257e-02	2.126284e-03	2.952888e-02	8.294938e-05	8.542227e-03	1.295363e-01	0.000000e+00	1.299554e-02	1.029896e-01	8.318928e-01	-3.873881e-01
8.293286e-01	6.209583e-03	1.602208e-03	3.690504e-02	2.870769e-03	0.000000e+00	6.761861e-03	8.987148e-02	6.975249e-03	1.851763e-02	1.247774e-02	1.025442e-01	8.478505e-03	1.134961e-02	4.592239e-01	0.000000e+00	3.759319e-04	4.920330e-02	0.000000e+00	1.259959e-02	5.653416e-03	2.498257e-02	1.353329e-02	2.460740e-02	8.294938e-05	7.227771e-03	1.302401e-01	0.000000e+00	1.299554e-02	8.582469e-02	8.293286e-01	-3.679886e-01
8.293286e-01	6.209583e-03	1.602208e-03	3.690504e-02	2.870769e-03	0.000000e+00	6.761861e-03	8.987148e-02	6.975249e-03	1.851763e-02	1.247774e-02	1.025442e-01	8.478505e-03	1.134961e-02	4.592239e-01	0.000000e+00	3.759319e-04	4.920330e-02	0.000000e+00	1.259959e-02	5.653416e-03	2.498257e-02	1.353329e-02	2.460740e-02	8.294938e-05	7.227771e-03	1.302401e-01	0.000000e+00	1.299554e-02	8.582469e-02	8.293286e-01	-3.679886e-01
8.293286e-01	6.209583e-03	1.602208e-03	3.690504e-02	2.870769e-03	4.162257e-03	6.761861e-03	9.051949e-02	1.977920e-02	9.240960e-02	2.719209e-02	1.025442e-01	8.478505e-03	1.134961e-02	4.592239e-01	0.000000e+00	3.759319e-04	4.920330e-02	7.684454e-03	1.259146e-02	5.653416e-03	2.498257e-02	1.068382e-02	2.460740e-02	8.294938e-05	7.281582e-03	1.301696e-01	0.000000e+00	1.299554e-02	8.582469e-02	8.293286e-01	-3.469443e-01
8.293286e-01	6.209583e-03	1.602208e-03	3.690504e-02	2.870769e-03	4.162257e-03	6.761861e-03	9.051949e-02	1.977920e-02	9.240960e-02	2.719209e-02	1.025442e-01	8.478505e-03	1.134961e-02	4.592239e-01	0.000000e+00	3.759319e-04	4.920330e-02	7.684454e-03	1.259146e-02	5.653416e-03	2.498257e-02	1.068382e-02	2.460740e-02	8.294938e-05	7.281582e-03	1.301696e-01	0.000000e+00	1.299554e-02	8.582469e-02	8.293286e-01	-3.469443e-01
8.293286e-01	0.000000e+00	1.439722e-02	0.000000e+00	0.000000e+00	0.000000e+00	3.951691e-03	0.000000e+00	3.097045e-02	0.000000e+00	2.719209e-02	1.010344e-01	8.478505e-03	1.111612e-01	3.553094e-01	2.329338e-02	3.759319e-04	0.000000e+00	2.569157e-03	1.645505e-04	5.653416e-03	0.000000e+00	1.197690e-02	0.000000e+00	4.723755e-03	7.281582e-03	1.922846e-01	0.000000e+00	1.299554e-02	8.999772e-02	8.293286e-01	-3.919047e-01
8.293286e-01	0.000000e+00	1.439722e-02	0.000000e+00	0.000000e+00	0.000000e+00	3.951691e-03	0.000000e+00	3.097045e-02	0.000000e+00	2.719209e-02	1.010344e-01	8.478505e-03	1.111612e-01	3.553094e-01	2.329338e-02	3.759319e-04	0.000000e+00	2.569157e-03	1.645505e-04	5.653416e-03	0.000000e+00	1.197690e-02	0.000000e+00	4.723755e-03	7.281582e-03	1.922846e-01	0.000000e+00	1.299554e-02	8.999772e-02	8.293286e-01	-3.919047e-01
8.293286e-01	0.000000e+00	1.439722e-02	0.000000e+00	0.000000e+00	0.000000e+00	3.951691e-03	0.000000e+00	3.097045e-02	0.000000e+00	2.719209e-02	1.010344e-01	8.478505e-03	1.111612e-01	3.553094e-01	2.329338e-02	3.759319e-04	0.000000e+00	2.569157e-03	1.645505e-04	5.653416e-03	0.000000e+00	1.197690e-02	0.000000e+00	4.723755e-03	7.281582e-03	1.922846e-01	0.000000e+00	1.299554e-02	8.999772e-02	8.293286e-01	-3.919047e-01
8.293286e-01	0.000000e+00	1.439722e-02	0.000000e+00	0.000000e+00	0.000000e+00	3.951691e-03	0.000000e+00	3.097045e-02	0.000000e+00	2.719209e-02	1.010344e-01	8.478505e-03	1.111612e-01	3.553094e-01	2.329338e-02	2.517458e-04	3.261422e-05	2.569157e-03	1.645505e-04	5.653416e-03	0.000000e+00	1.197690e-02	0.000000e+00	3.950288e-03	6.554952e-04	1.922846e-01	0.000000e+00	1.963176e-02	0.000000e+00	8.293286e-01	-4.088289e-01
8.293286e-01	0.000000e+00	1.439722e-02	0.000000e+00	0.000000e+00	0.000000e+00	3.951691e-03	0.000000e+00	3.097045e-02	0.000000e+00	2.719209e-02	1.010344e-01	8.478505e-03	1.111612e-01	3.553094e-01	2.329338e-02	2.517458e-04	3.261422e-05	2.569157e-03	1.645505e-04	5.653416e-03	0.000000e+00	1.197690e-02	0.000000e+00	3.950288e-03	6.554952e-04	1.922846e-01	0.000000e+00	1.963176e-02	0.000000e+00	8.293286e-01	-4.088289e-01
8.293286e-01	0.000000e+00	0.000000e+00	0.000000e+00	0.000000e+00	0.000000e+00	3.951691e-03	0.000000e+00	3.097045e-02	0.000000e+00	5.756751e-02	0.000000e+00	5.677040e-02	1.111612e-01	3.553094e-01	2.329338e-02	2.516845e-04	3.387670e-05	2.569157e-03	1.974605e-04	2.722848e-02	0.000000e+00	1.197690e-02	0.000000e+00	3.950288e-03	6.519142e-04	1.922846e-01	0.000000e+00	1.963774e-02	0.000000e+00	8.293286e-01	-4.116395e-01
8.293286e-01	0.000000e+00	0.000000e+00	0.000000e+00	0.000000e+00	0.000000e+00	3.951691e-03	0.000000e+00	3.097045e-02	0.000000e+00	5.756751e-02	0.000000e+00	5.677040e-02	1.111612e-01	3.553094e-01	2.329338e-02	2.516845e-04	3.387670e-05	2.569157e-03	1.974605e-04	2.722848e-02	0.000000e+00	1.197690e-02	0.000000e+00	3.950288e-03	6.519142e-04	1.922846e-01	0.000000e+00	1.963774e-02	0.000000e+00	8.293286e-01	-4.116395e-01
8.293286e-01	0.000000e+00	0.000000e+00	0.000000e+00	0.000000e+00	0.000000e+00	3.951691e-03	0.000000e+00	3.097045e-02	0.000000e+00	5.756751e-02	0.000000e+00	5.677040e-02	1.111612e-01	3.553094e-01	2.329338e-02	2.516845e-04	3.387670e-05	2.569157e-03	1.974605e-04	2.722848e-02	0.000000e+00	1.197690e-02	0.000000e+00	3.950288e-03	6.519142e-04	1.922846e-01	0.000000e+00	1.963774e-02	0.000000e+00	8.293286e-01	-4.116395e-01
8.293286e-01	0.000000e+00	0.000000e+00	0.000000e+00	0.000000e+00	0.000000e+00	3.951691e-03	0.000000e+00	3.097045e-02	0.000000e+00	5.756751e-02	0.000000e+00	5.677040e-02	1.111612e-01	3.553094e-01	2.329338e-02	2.516845e-04	3.387670e-05	2.569157e-03	1.974605e-04	2.722848e-02	0.000000e+00	1.197690e-02	0.000000e+00	3.950288e-03	6.519142e-04	1.922846e-01	0.000000e+00	1.963774e-02	0.000000e+00	8.293286e-01	-4.116395e-01
8.165074e-01	0.000000e+00	2.214781e-03	0.000000e+00	0.000000e+00	4.972422e-03	2.309549e-03	0.000000e+00	1.492423e-02	8.675311e-03	5.782174e-02	0.000000e+00	0.000000e+00	1.111612e-01	3.553094e-01	2.329338e-02	2.517580e-04	2.630179e-05	3.082989e-03	0.000000e+00	2.671770e-02	0.000000e+00	0.000000e+00	0.000000e+00	4.898357e-03	6.467576e-04	1.220545e-01	0.000000e+00	1.963056e-02	0.000000e+00	8.165074e-01	-1.737527e-01
8.165074e-01	0.000000e+00	2.214781e-03	0.000000e+00	0.000000e+00	4.972422e-03	6.126687e-04	0.000000e+00	1.492423e-02	8.964488e-03	5.812681e-02	0.000000e+00	0.000000e+00	1.111612e-01	3.553094e-01	2.440114e-02	2.517580e-04	2.630179e-05	3.082989e-03	0.000000e+00	2.671770e-02	0.000000e+00	0.000000e+00	0.000000e+00	5.087971e-03	6.467576e-04	1.220545e-01	0.000000e+00	1.963630e-02	0.000000e+00	8.165074e-01	-1.737157e-01
8.165074e-01	0.000000e+00	2.214781e-03	0.000000e+00	0.000000e+00	4.972422e-03	6.126687e-04	0.000000e+00	1.492423e-02	8.964488e-03	5.812681e-02	0.000000e+00	0.000000e+00	1.111612e-01	3.553094e-01	2.440114e-02	2.517580e-04	2.630179e-05	3.082989e-03	0.000000e+00	2.671770e-02	0.000000e+00	0.000000e+00	0.000000e+00	5.087971e-03	6.467576e-04	1.220545e-01	0.000000e+00	1.963630e-02	0.000000e+00	8.165074e-01	-1.737157e-01
8.165074e-01	0.000000e+00	1.471766e-02	0.000000e+00	0.000000e+00	5.102028e-03	2.648925e-03	0.000000e+00	1.447617e-02	8.906652e-03	5.812681e-02	0.000000e+00	0.000000e+00	9.615774e-02	3.553094e-01	2.440114e-02	2.517580e-04	2.630179e-05	3.287601e-03	0.000000e+00	2.733063e-02	7.236682e-02	0.000000e+00	8.821161e-05	3.950288e-03	6.467576e-04	1.220545e-01	0.000000e+00	1.963630e-02	0.000000e+00	8.165074e-01	-1.605442e-01
8.165074e-01	0.000000e+00	1.471766e-02	0.000000e+00	0.000000e+00	5.102028e-03	2.648925e-03	0.000000e+00	1.447617e-02	8.906652e-03	5.812681e-02	0.000000e+00	0.000000e+00	9.615774e-02	3.553094e-01	2.440114e-02	2.517580e-04	2.630179e-05	3.287601e-03	0.000000e+00	2.733063e-02	7.236682e-02	0.000000e+00	8.821161e-05	3.950288e-03	6.467576e-04	1.220545e-01	0.000000e+00	1.963630e-02	0.000000e+00	8.165074e-01	-1.605442e-01
8.165074e-01	0.000000e+00	1.471766e-02	0.000000e+00	0.000000e+00	5.102028e-03	2.648925e-03	0.000000e+00	1.447617e-02	8.906652e-03	5.812681e-02	0.000000e+00	0.000000e+00	9.615774e-02	3.553094e-01	2.440114e-02	2.517580e-04	2.630179e-05	3.287601e-03	0.000000e+00	2.733063e-02	7.236682e-02	0.000000e+00	8.821161e-05	3.950288e-03	6.467576e-04	1.220545e-01	0.000000e+00	1.963630e-02	0.000000e+00	8.165074e-01	-1.605442e-01
8.165074e-01	0.000000e+00	1.471766e-02	0.000000e+00	0.000000e+00	5.102028e-03	2.648925e-03	0.000000e+00	1.447617e-02	8.906652e-03	5.812681e-02	0.000000e+00	0.000000e+00	9.615774e-02	3.553094e-01	2.440114e-02	2.517580e-04	2.630179e-05	3.287601e-03	0.000000e+00	2.733063e-02	7.236682e-02	0.000000e+00	8.821161e-05	3.950288e-03	6.467576e-04	1.220545e-01	0.000000e+00	1.963630e-02	0.000000e+00	8.165074e-01	-1.605442e-01
8.165074e-01	0.000000e+00	1.471766e-02	0.000000e+00	0.000000e+00	5.102028e-03	2.648925e-03	0.000000e+00	1.447617e-02	8.906652e-03	5.812681e-02	0.000000e+00	0.000000e+00	9.615774e-02	3.553094e-01	2.440114e-02	2.517580e-04	2.630179e-05	3.287601e-03	0.000000e+00	2.733063e-02	7.236682e-02	0.000000e+00	8.821161e-05	3.950288e-03	6.467576e-04	1.220545e-01	0.000000e+00	1.963630e-02	0.000000e+00	8.165074e-01	-1.605442e-01
8.165074e-01	0.000000e+00	1.471766e-02	0.000000e+00	0.000000e+00	5.102028e-03	2.648925e-03	0.000000e+00	1.447617e-02	8.906652e-03	5.812681e-02	0.000000e+00	0.000000e+00	9.615774e-02	3.553094e-01	2.440114e-02	2.517580e-04	2.630179e-05	3.287601e-03	0.000000e+00	2.733063e-02	7.236682e-02	0.000000e+00	8.821161e-05	3.950288e-03	6.467576e-04	1.220545e-01	0.000000e+00	1.963630e-02	0.000000e+00	8.165074e-01	-1.605442e-01
8.165074e-01	0.000000e+00	1.471766e-02	0.000000e+00	0.000000e+00	5.102028e-03	2.648925e-03	0.000000e+00	1.447617e-02	8.906652e-03	5.812681e-02	0.000000e+00	0.000000e+00	9.615774e-02	3.553094e-01	2.440114e-02	2.517580e-04	2.630179e-05	3.287601e-03	0.000000e+00	2.733063e-02	7.236682e-02	0.000000e+00	8.821161e-05	3.950288e-03	6.467576e-04	1.220545e-01	0.000000e+00	1.963630e-02	0.000000e+00	8.165074e-01	-1.605442e-01
4.536077e-01	0.000000e+00	0.000000e+00	0.000000e+00	0.000000e+00	5.102028e-03	2.648925e-03	0.000000e+00	1.545910e-02	0.000000e+00	5.776072e-02	0.000000e+00	0.000000e+00	9.615774e-02	3.553094e-01	2.378201e-02	2.520520e-04	2.630179e-05	3.287601e-03	0.000000e+00	2.733063e-02	0.000000e+00	0.000000e+00	8.821161e-05	3.950288e-03	6.520861e-04	1.174173e-01	0.000000e+00	1.962941e-02	0.000000e+00	4.536077e-01	2.970248e-02
4.536077e-01	0.000000e+00	0.000000e+00	0.000000e+00	0.000000e+00	5.102028e-03	2.648925e-03	0.000000e+00	1.545910e-02	0.000000e+00	5.776072e-02	0.000000e+00	0.000000e+00	9.615774e-02	3.553094e-01	2.378201e-02	2.520520e-04	2.630179e-05	3.287601e-03	0.000000e+00	2.733063e-02	0.000000e+00	0.000000e+00	8.821161e-05	3.950288e-03	6.520861e-04	1.174173e-01	0.000000e+00	1.962941e-02	0.000000e+00	4.536077e-01	2.970248e-02
4.536077e-01	0.000000e+00	0.000000e+00	0.000000e+00	0.000000e+00	5.102028e-03	2.648925e-03	0.000000e+00	1.545910e-02	0.000000e+00	5.776072e-02	0.000000e+00	0.000000e+00	9.615774e-02	3.553094e-01	2.378201e-02	3.024624e-04	2.630179e-05	3.287601e-03	0.000000e+00	1.690182e-02	0.000000e+00	0.000000e+00	8.821161e-05	3.950288e-03	6.520861e-04	1.174173e-01	0.000000e+00	1.962941e-02	0.000000e+00	4.536077e-01	2.746174e-02
4.536077e-01	0.000000e+00	0.000000e+00	0.000000e+00	0.000000e+00	5.102028e-03	2.648925e-03	0.000000e+00	1.545910e-02	0.000000e+00	5.776072e-02	0.000000e+00	0.000000e+00	9.615774e-02	3.553094e-01	2.378201e-02	3.024624e-04	2.630179e-05	3.287601e-03	0.000000e+00	1.690182e-02	0.000000e+00	0.000000e+00	8.821161e-05	3.950288e-03	6.520861e-04	1.174173e-01	0.000000e+00	1.962941e-02	0.000000e+00	4.536077e-01	2.746174e-02
4.536077e-01	0.000000e+00	0.000000e+00	0.000000e+00	0.000000e+00	5.102028e-03	2.648925e-03	0.000000e+00	1.545910e-02	0.000000e+00	5.776072e-02	0.000000e+00	0.000000e+00	9.615774e-02	3.553094e-01	2.378201e-02	3.024624e-04	0.000000e+00	3.287601e-03	0.000000e+00	1.690182e-02	0.000000e+00	0.000000e+00	8.821161e-05	3.950288e-03	6.520861e-04	1.174173e-01	0.000000e+00	1.962941e-02	0.000000e+00	4.536077e-01	2.745606e-02
4.536077e-01	0.000000e+00	0.000000e+00	0.000000e+00	0.000000e+00	5.102028e-03	2.648925e-03	0.000000e+00	1.270672e-02	0.000000e+00	0.000000e+00	0.000000e+00	0.000000e+00	9.615774e-02	3.553094e-01	2.316921e-02	3.125445e-04	0.000000e+00	3.287601e-03	0.000000e+00	1.558362e-02	0.000000e+00	0.000000e+00	8.821161e-05	2.813911e-04	6.254332e-04	1.130716e-01	0.000000e+00	1.962941e-02	0.000000e+00	4.536077e-01	1.227463e-02
4.536077e-01	0.000000e+00	0.000000e+00	0.000000e+00	0.000000e+00	5.102028e-03	2.648925e-03	0.000000e+00	1.270672e-02	0.000000e+00	0.000000e+00	0.000000e+00	0.000000e+00	9.615774e-02	3.553094e-01	2.316921e-02	3.125445e-04	0.000000e+00	3.287601e-03	0.000000e+00	1.558362e-02	0.000000e+00	0.000000e+00	0.000000e+00	2.813911e-04	6.254332e-04	1.130716e-01	0.000000e+00	1.962941e-02	0.000000e+00	4.536077e-01	1.225566e-02
4.536077e-01	0.000000e+00	0.000000e+00	0.000000e+00	0.000000e+00	5.102028e-03	2.648925e-03	0.000000e+00	1.270672e-02	0.000000e+00	0.000000e+00	0.000000e+00	0.000000e+00	9.615774e-02	3.553094e-01	2.316921e-02	3.125445e-04	0.000000e+00	3.287601e-03	0.000000e+00	1.558362e-02	0.000000e+00	0.000000e+00	0.000000e+00	2.813911e-04	6.254332e-04	1.130716e-01	0.000000e+00	1.962941e-02	0.000000e+00	4.536077e-01	1.225566e-02
4.536077e-01	0.000000e+00	0.000000e+00	0.000000e+00	0.000000e+00	5.102028e-03	2.648925e-03	0.000000e+00	1.270672e-02	0.000000e+00	0.000000e+00	0.000000e+00	0.000000e+00	9.615774e-02	3.553094e-01	2.316921e-02	3.125445e-04	0.000000e+00	3.287601e-03	0.000000e+00	1.558362e-02	0.000000e+00	0.000000e+00	0.000000e+00	2.813911e-04	6.254332e-04	1.130716e-01	0.000000e+00	1.962941e-02	0.000000e+00	4.536077e-01	1.225566e-02
4.536077e-01	0.000000e+00	0.000000e+00	0.000000e+00	0.000000e+00	5.102028e-03	2.648925e-03	0.000000e+00	1.270672e-02	0.000000e+00	0.000000e+00	0.000000e+00	0.000000e+00	9.615774e-02	3.553094e-01	2.316921e-02	3.125445e-04	0.000000e+00	3.287601e-03	0.000000e+00	1.558362e-02	0.000000e+00	0.000000e+00	0.000000e+00	2.813911e-04	6.254332e-04	1.130716e-01	0.000000e+00	1.962941e-02	0.000000e+00	4.536077e-01	1.225566e-02
4.536077e-01	0.000000e+00	0.000000e+00	0.000000e+00	0.000000e+00	5.102028e-03	2.648925e-03	0.000000e+00	1.270672e-02	0.000000e+00	0.000000e+00	0.000000e+00	0.000000e+00	9.615774e-02	3.553094e-01	2.316921e-02	3.125445e-04	0.000000e+00	3.287601e-03	0.000000e+00	1.558362e-02	0.000000e+00	0.000000e+00	0.000000e+00	2.813911e-04	6.254332e-04	1.130716e-01	0.000000e+00	1.962941e-02	0.000000e+00	4.536077e-01	1.225566e-02
4.536077e-01	0.000000e+00	0.000000e+00	0.000000e+00	0.000000e+00	5.102028e-03	2.648925e-03	0.000000e+00	1.270672e-02	0.000000e+00	0.000000e+00	0.000000e+00	0.000000e+00	9.615774e-02	3.553094e-01	2.316921e-02	3.125445e-04	0.000000e+00	3.287601e-03	0.000000e+00	1.558362e-02	0.000000e+00	0.000000e+00	0.000000e+00	2.813911e-04	6.254332e-04	1.130716e-01	0.000000e+00	1.962941e-02	0.000000e+00	4.536077e-01	1.225566e-02
4.536077e-01	0.000000e+00	0.000000e+00	0.000000e+00	0.000000e+00	5.102028e-03	2.648925e-03	0.000000e+00	1.270672e-02	0.000000e+00	0.000000e+00	0.000000e+00	0.000000e+00	9.615774e-02	3.553094e-01	2.316921e-02	3.125445e-04	0.000000e+00	3.287601e-03	0.000000e+00	1.558362e-02	0.000000e+00	0.000000e+00	0.000000e+00	2.813911e-04	6.254332e-04	1.130716e-01	0.000000e+00	1.962941e-02	0.000000e+00	4.536077e-01	1.225566e-02
4.536077e-01	0.000000e+00	0.000000e+00	0.000000e+00	0.000000e+00	5.102028e-03	2.648925e-03	0.000000e+00	1.270672e-02	0.000000e+00	0.000000e+00	0.000000e+00	0.000000e+00	9.615774e-02	3.553094e-01	2.316921e-02	3.125445e-04	0.000000e+00	3.287601e-03	0.000000e+00	1.558362e-02	0.000000e+00	0.000000e+00	0.000000e+00	2.813911e-04	6.254332e-04	1.130716e-01	0.000000e+00	1.962941e-02	0.000000e+00	4.536077e-01	1.225566e-02
4.536077e-01	0.000000e+00	0.000000e+00	0.000000e+00	0.000000e+00	5.102028e-03	2.648925e-03	0.000000e+00	1.270672e-02	0.000000e+00	0.000000e+00	0.000000e+00	0.000000e+00	9.615774e-02	3.553094e-01	2.316921e-02	3.125445e-04	0.000000e+00	3.287601e-03	0.000000e+00	1.558362e-02	0.000000e+00	0.000000e+00	0.000000e+00	2.813911e-04	6.254332e-04	1.130716e-01	0.000000e+00	1.962941e-02	0.000000e+00	4.536077e-01	1.225566e-02
4.536077e-01	1.004633e-03	1.723140e-02	1.871938e-04	0.000000e+00	1.124091e-03	2.648925e-03	0.000000e+00	2.922101e-02	0.000000e+00	1.379552e-02	4.799132e-04	0.000000e+00	4.256022e-02	3.553094e-01	2.684601e-02	3.125445e-04	0.000000e+00	1.380665e-02	0.000000e+00	2.349282e-02	5.891899e-03	4.719354e-02	0.000000e+00	2.229477e-02	7.853507e-04	1.391458e-01	0.000000e+00	1.962941e-02	0.000000e+00	4.536077e-01	3.707541e-02
4.536077e-01	1.004633e-03	1.723140e-02	1.871938e-04	0.000000e+00	1.124091e-03	2.648925e-03	0.000000e+00	2.922101e-02	0.000000e+00	1.379552e-02	4.799132e-04	0.000000e+00	4.256022e-02	3.553094e-01	2.684601e-02	3.125445e-04	0.000000e+00	1.380665e-02	0.000000e+00	2.349282e-02	5.891899e-03	4.719354e-02	0.000000e+00	2.229477e-02	7.853507e-04	1.391458e-01	0.000000e+00	1.962941e-02	0.000000e+00	4.536077e-01	3.707541e-02
4.361867e-01	0.000000e+00	0.000000e+00	0.000000e+00	0.000000e+00	5.102028e-03	1.738380e-03	0.000000e+00	2.922101e-02	0.000000e+00	0.000000e+00	0.000000e+00	0.000000e+00	9.615774e-02	3.553094e-01	2.316921e-02	3.125445e-04	0.000000e+00	3.287601e-03	0.000000e+00	2.349282e-02	0.000000e+00	0.000000e+00	0.000000e+00	2.813911e-04	6.254332e-04	1.130716e-01	0.000000e+00	1.962941e-02	0.000000e+00	4.361867e-01	8.661116e-02
4.361867e-01	0.000000e+00	0.000000e+00	0.000000e+00	0.000000e+00	5.102028e-03	1.738380e-03	0.000000e+00	2.922101e-02	0.000000e+00	0.000000e+00	0.000000e+00	0.000000e+00	9.615774e-02	3.553094e-01	2.316921e-02	3.125445e-04	0.000000e+00	3.287601e-03	0.000000e+00	2.349282e-02	0.000000e+00	0.000000e+00	0.000000e+00	2.813911e-04	6.254332e-04	1.130716e-01	0.000000e+00	1.962941e-02	0.000000e+00	4.361867e-01	8.661116e-02
4.355488e-01	1.004633e-03	1.723140e-02	1.871938e-04	0.000000e+00	1.124091e-03	1.738380e-03	0.000000e+00	2.922101e-02	2.891770e-04	1.379552e-02	4.799132e-04	0.000000e+00	4.256022e-02	4.493279e-01	2.684601e-02	2.016416e-04	0.000000e+00	1.380665e-02	0.000000e+00	2.349282e-02	5.891899e-03	4.719354e-02	0.000000e+00	2.229477e-02	7.853507e-04	1.391458e-01	0.000000e+00	1.109928e-03	0.000000e+00	4.355488e-01	1.277561e-01
4.355488e-01	1.004633e-03	1.723140e-02	1.871938e-04	0.000000e+00	1.124091e-03	1.738380e-03	0.000000e+00	2.922101e-02	2.891770e-04	1.379552e-02	4.799132e-04	0.000000e+00	4.256022e-02	4.493279e-01	2.684601e-02	2.016416e-04	0.000000e+00	1.380665e-02	0.000000e+00	2.349282e-02	5.891899e-03	4.719354e-02	0.000000e+00	2.229477e-02	7.853507e-04	1.391458e-01	0.000000e+00	1.109928e-03	0.000000e+00	4.355488e-01	1.277561e-01
4.355488e-01	7.053610e-04	1.723140e-02	1.871938e-04	0.000000e+00	2.040102e-03	0.000000e+00	0.000000e+00	2.445198e-02	2.891770e-04	1.105366e-02	4.640382e-04	0.000000e+00	5.334915e-02	4.493279e-01	2.684601e-02	0.000000e+00	0.000000e+00	1.380665e-02	0.000000e+00	2.459453e-02	5.891899e-03	4.719354e-02	6.283236e-02	1.499838e-01	7.853507e-04	1.299653e-01	0.000000e+00	4.074240e-03	0.000000e+00	4.355488e-01	1.689986e-01
4.355488e-01	7.053610e-04	1.723140e-02	1.871938e-04	0.000000e+00	2.040102e-03	0.000000e+00	0.000000e+00	2.445198e-02	2.891770e-04	1.105366e-02	4.640382e-04	0.000000e+00	5.334915e-02	4.493279e-01	2.684601e-02	0.000000e+00	0.000000e+00	1.380665e-02	0.000000e+00	2.459453e-02	5.891899e-03	4.719354e-02	6.283236e-02	1.499838e-01	7.853507e-04	1.299653e-01	0.000000e+00	4.074240e-03	0.000000e+00	4.355488e-01	1.689986e-01
4.254865e-01	1.205559e-03	7.723205e-02	2.246325e-04	0.000000e+00	5.219728e-04	2.079478e-02	0.000000e+00	1.125777e-02	5.271804e-02	7.748196e-02	0.000000e+00	9.655845e-03	9.808544e-02	3.326006e-01	2.540375e-02	2.032083e-02	6.343960e-05	0.000000e+00	2.170136e-03	1.445916e-02	6.125140e-03	4.960812e-02	0.000000e+00	7.465974e-03	5.105685e-02	1.407879e-01	0.000000e+00	1.111834e-03	0.000000e+00	4.254865e-01	2.583135e-01
4.189113e-01	1.496358e-03	1.270865e-02	0.000000e+00	0.000000e+00	0.000000e+00	2.079478e-02	0.000000e+00	7.462170e-03	5.271804e-02	1.370931e-02	7.937495e-05	0.000000e+00	4.221308e-02	3.326006e-01	2.540375e-02	8.047676e-04	6.343960e-05	0.000000e+00	2.170136e-03	1.007507e-02	4.572014e-02	4.960812e-02	2.058271e-06	1.947737e-02	7.521734e-04	1.589742e-01	0.000000e+00	4.807851e-03	0.000000e+00	4.189113e-01	2.910109e-01
4.189113e-01	1.496358e-03	1.270865e-02	0.000000e+00	0.000000e+00	0.000000e+00	2.079478e-02	0.000000e+00	7.462170e-03	5.271804e-02	1.370931e-02	7.937495e-05	0.000000e+00	4.221308e-02	3.326006e-01	2.540375e-02	8.047676e-04	6.343960e-05	0.000000e+00	2.170136e-03	1.007507e-02	4.572014e-02	4.960812e-02	2.058271e-06	1.947737e-02	7.521734e-04	1.589742e-01	0.000000e+00	4.807851e-03	0.000000e+00	4.189113e-01	2.910109e-01
4.189113e-01	1.496358e-03	1.270865e-02	0.000000e+00	0.000000e+00	0.000000e+00	2.079478e-02	0.000000e+00	7.462170e-03	5.271804e-02	1.370931e-02	7.937495e-05	0.000000e+00	4.221308e-02	3.326006e-01	2.540375e-02	8.047676e-04	6.343960e-05	0.000000e+00	2.170136e-03	1.007507e-02	4.572014e-02	4.960812e-02	2.058271e-06	1.947737e-02	7.521734e-04	1.589742e-01	0.000000e+00	4.807851e-03	0.000000e+00	4.189113e-01	2.910109e-01
4.189113e-01	1.496358e-03	1.270865e-02	0.000000e+00	0.000000e+00	0.000000e+00	2.079478e-02	0.000000e+00	7.462170e-03	5.271804e-02	1.370931e-02	7.937495e-05	0.000000e+00	4.221308e-02	3.326006e-01	2.540375e-02	8.047676e-04	6.343960e-05	0.000000e+00	2.170136e-03	1.007507e-02	4.572014e-02	4.960812e-02	2.058271e-06	1.947737e-02	7.521734e-04	1.589742e-01	0.000000e+00	4.807851e-03	0.000000e+00	4.189113e-01	2.910109e-01
2.573873e-01	0.000000e+00	1.270865e-02	0.000000e+00	0.000000e+00	0.000000e+00	1.787822e-02	0.000000e+00	7.462170e-03	3.140159e-04	6.498864e-03	7.937495e-05	0.000000e+00	4.221308e-02	3.051912e-01	2.778784e-02	8.047676e-04	0.000000e+00	0.000000e+00	8.077050e-04	5.231461e-03	5.938547e-03	4.960812e-02	1.359921e-02	1.307595e-02	7.521734e-04	1.589742e-01	0.000000e+00	4.969434e-03	0.000000e+00	2.573873e-01	4.007845e-01
2.573873e-01	0.000000e+00	1.270865e-02	0.000000e+00	0.000000e+00	0.000000e+00	1.787822e-02	0.000000e+00	7.462170e-03	3.140159e-04	6.498864e-03	7.937495e-05	0.000000e+00	4.221308e-02	3.051912e-01	2.778784e-02	8.047676e-04	0.000000e+00	0.000000e+00	8.077050e-04	5.231461e-03	5.938547e-03	4.960812e-02	1.359921e-02	1.307595e-02	7.521734e-04	1.589742e-01	0.000000e+00	4.969434e-03	0.000000e+00	2.573873e-01	4.007845e-01
2.573873e-01	0.000000e+00	1.270865e-02	0.000000e+00	0.000000e+00	0.000000e+00	1.787822e-02	0.000000e+00	7.462170e-03	3.140159e-04	6.498864e-03	7.937495e-05	0.000000e+00	4.221308e-02	3.051912e-01	2.778784e-02	8.047676e-04	0.000000e+00	0.000000e+00	8.077050e-04	5.231461e-03	5.938547e-03	4.960812e-02	1.359921e-02	1.307595e-02	7.521734e-04	1.589742e-01	0.000000e+00	4.969434e-03	0.000000e+00	2.573873e-01	4.007845e-01
2.573873e-01	0.000000e+00	1.270865e-02	0.000000e+00	0.000000e+00	0.000000e+00	1.787822e-02	0.000000e+00	7.462170e-03	3.140159e-04	6.498864e-03	7.937495e-05	0.000000e+00	4.221308e-02	3.051912e-01	2.778784e-02	8.047676e-04	0.000000e+00	0.000000e+00	8.077050e-04	5.231461e-03	5.938547e-03	4.960812e-02	1.359921e-02	1.307595e-02	7.521734e-04	1.589742e-01	0.000000e+00	4.969434e-03	0.000000e+00	2.573873e-01	4.007845e-01
2.573873e-01	0.000000e+00	1.270865e-02	0.000000e+00	0.000000e+00	0.000000e+00	1.787822e-02	0.000000e+00	7.462170e-03	3.140159e-04	6.498864e-03	7.937495e-05	0.000000e+00	4.221308e-02	3.051912e-01	2.778784e-02	8.047676e-04	0.000000e+00	0.000000e+00	8.077050e-04	5.231461e-03	5.938547e-03	4.960812e-02	1.359921e-02	1.307595e-02	7.521734e-04	1.589742e-01	0.000000e+00	4.969434e-03	0.000000e+00	2.573873e-01	4.007845e-01
2.573873e-01	0.000000e+00	1.270865e-02	0.000000e+00	0.000000e+00	0.000000e+00	1.787822e-02	0.000000e+00	7.462170e-03	3.140159e-04	6.498864e-03	7.937495e-05	0.000000e+00	4.221308e-02	3.051912e-01	2.778784e-02	8.047676e-04	0.000000e+00	0.000000e+00	8.077050e-04	5.231461e-03	5.938547e-03	4.960812e-02	1.359921e-02	1.307595e-02	7.521734e-04	1.589742e-01	0.000000e+00	4.969434e-03	0.000000e+00	2.573873e-01	4.007845e-01
2.573873e-01	0.000000e+00	1.270865e-02	0.000000e+00	0.000000e+00	0.000000e+00	1.787822e-02	0.000000e+00	7.462170e-03	3.140159e-04	6.498864e-03	7.937495e-05	0.000000e+00	4.221308e-02	3.051912e-01	2.778784e-02	8.047676e-04	0.000000e+00	0.000000e+00	8.077050e-04	5.231461e-03	5.938547e-03	4.960812e-02	1.359921e-02	1.307595e-02	7.521734e-04	1.589742e-01	0.000000e+00	4.969434e-03	0.000000e+00	2.573873e-01	4.007845e-01
2.573873e-01	0.000000e+00	1.270865e-02	0.000000e+00	0.000000e+00	0.000000e+00	1.787822e-02	0.000000e+00	7.462170e-03	3.140159e-04	6.498864e-03	7.937495e-05	0.000000e+00	4.221308e-02	3.051912e-01	2.778784e-02	8.047676e-04	0.000000e+00	0.000000e+00	8.077050e-04	5.231461e-03	5.938547e-03	4.960812e-02	1.359921e-02	1.307595e-02	7.521734e-04	1.589742e-01	0.000000e+00	4.969434e-03	0.000000e+00	2.573873e-01	4.007845e-01
2.573873e-01	0.000000e+00	1.270865e-02	0.000000e+00	0.000000e+00	0.000000e+00	1.787822e-02	0.000000e+00	7.462170e-03	3.140159e-04	6.498864e-03	7.937495e-05	0.000000e+00	4.221308e-02	3.051912e-01	2.778784e-02	8.047676e-04	0.000000e+00	0.000000e+00	8.077050e-04	5.231461e-03	5.938547e-03	4.960812e-02	1.359921e-02	1.307595e-02	7.521734e-04	1.589742e-01	0.000000e+00	4.969434e-03	0.000000e+00	2.573873e-01	4.007845e-01
2.573873e-01	0.000000e+00	3.742437e-02	2.807907e-04	0.000000e+00	0.000000e+00	1.787822e-02	0.000000e+00	7.462170e-03	1.054858e-02	1.337662e-02	4.717925e-04	0.000000e+00	4.221308e-02	3.397592e-01	2.456024e-02	7.726725e-04	0.000000e+00	0.000000e+00	4.441843e-02	1.589910e-02	5.938547e-03	4.960812e-02	2.719842e-03	2.779090e-02	7.996276e-04	1.589742e-01	0.000000e+00	4.969434e-03	0.000000e+00	2.573873e-01	4.323715e-01
2.415244e-01	1.172071e-03	2.098556e-02	0.000000e+00	3.168298e-02	0.000000e+00	2.102051e-03	0.000000e+00	6.766955e-03	0.000000e+00	5.297447e-03	7.198698e-04	0.000000e+00	4.256022e-02	4.740449e-01	2.769982e-02	9.658407e-04	2.047172e-04	1.380665e-02	0.000000e+00	2.192044e-02	7.167970e-03	5.501743e-02	0.000000e+00	4.247209e-02	8.310416e-04	1.318047e-01	0.000000e+00	1.283007e-03	0.000000e+00	2.415244e-01	4.876417e-01
2.338251e-01	0.000000e+00	1.837738e-02	8.532483e-03	0.000000e+00	0.000000e+00	0.000000e+00	0.000000e+00	6.937630e-03	4.017225e-02	2.300376e-02	0.000000e+00	0.000000e+00	5.018442e-02	3.059787e-01	3.148196e-02	0.000000e+00	1.686406e-04	0.000000e+00	0.000000e+00	1.506889e-02	3.913435e-03	5.192092e-02	1.553122e-02	2.807492e-02	7.145628e-04	1.431140e-01	1.187996e-03	2.381820e-04	2.743047e-03	2.338251e-01	4.909444e-01
2.250825e-01	0.000000e+00	1.270865e-02	0.000000e+00	0.000000e+00	0.000000e+00	2.079478e-02	0.000000e+00	7.462170e-03	4.052978e-02	5.056776e-03	7.937495e-05	0.000000e+00	4.221308e-02	3.326006e-01	2.540375e-02	8.047676e-04	0.000000e+00	0.000000e+00	0.000000e+00	1.007507e-02	0.000000e+00	4.960812e-02	1.631864e-02	1.947737e-02	7.521734e-04	1.589742e-01	0.000000e+00	4.807851e-03	0.000000e+00	2.250825e-01	5.458635e-01
2.230600e-01	0.000000e+00	3.818611e-02	4.894750e-05	0.000000e+00	0.000000e+00	1.430258e-02	0.000000e+00	7.601214e-03	1.326729e-02	6.495416e-03	5.998915e-04	0.000000e+00	3.876640e-02	4.783691e-01	2.840718e-02	6.438141e-04	0.000000e+00	0.000000e+00	5.208326e-04	1.074721e-02	0.000000e+00	5.501743e-02	1.087937e-02	3.367012e-02	7.521734e-04	1.318047e-01	9.937811e-04	3.986218e-03	2.743047e-03	2.230600e-01	5.918408e-01
2.111813e-01	0.000000e+00	1.578961e-02	9.324798e-05	0.000000e+00	0.000000e+00	1.787822e-02	0.000000e+00	2.740448e-03	5.703726e-02	2.329218e-02	7.937495e-05	0.000000e+00	5.102961e-02	4.696475e-01	1.396011e-02	0.000000e+00	0.000000e+00	0.000000e+00	8.077050e-04	5.231461e-03	5.938547e-03	7.451706e-02	1.359921e-02	0.000000e+00	9.372289e-04	9.393415e-02	6.503440e-03	3.039203e-04	0.000000e+00	2.111813e-01	6.753338e-01
2.004745e-01	0.000000e+00	3.305169e-02	2.379320e-04	0.000000e+00	0.000000e+00	0.000000e+00	0.000000e+00	6.363636e-03	0.000000e+00	7.940692e-03	4.926132e-04	0.000000e+00	0.000000e+00	3.332330e-01	2.223027e-02	1.762481e-03	0.000000e+00	1.601571e-02	0.000000e+00	1.540443e-02	4.561228e-03	5.678775e-02	0.000000e+00	3.060717e-02	7.386022e-04	5.793833e-02	1.121714e-03	1.285738e-03	0.000000e+00	2.004745e-01	6.930455e-01
2.004745e-01	0.000000e+00	3.305169e-02	2.379320e-04	0.000000e+00	0.000000e+00	0.000000e+00	0.000000e+00	6.363636e-03	0.000000e+00	7.940692e-03	4.926132e-04	0.000000e+00	0.000000e+00	3.332330e-01	2.223027e-02	1.762481e-03	0.000000e+00	1.601571e-02	0.000000e+00	1.540443e-02	4.561228e-03	5.678775e-02	0.000000e+00	3.060717e-02	7.386022e-04	5.793833e-02	1.121714e-03	1.285738e-03	0.000000e+00	2.004745e-01	6.930455e-01
6.530358e-02	0.000000e+00	3.650411e-02	2.855184e-04	0.000000e+00	0.000000e+00	0.000000e+00	0.000000e+00	6.282972e-03	0.000000e+00	4.229887e-02	5.911358e-04	0.000000e+00	0.000000e+00	3.069150e-01	2.667633e-02	0.000000e+00	0.000000e+00	1.921885e-02	3.133250e-03	1.119849e-02	0.000000e+00	5.138607e-02	0.000000e+00	2.883400e-02	9.266550e-04	4.819273e-02	6.361946e-04	1.297616e-04	4.036006e-03	6.530358e-02	8.464902e-01
6.530358e-02	0.000000e+00	3.650411e-02	2.855184e-04	0.000000e+00	0.000000e+00	0.000000e+00	0.000000e+00	6.282972e-03	0.000000e+00	4.229887e-02	5.911358e-04	0.000000e+00	0.000000e+00	3.069150e-01	2.667633e-02	0.000000e+00	0.000000e+00	1.921885e-02	3.133250e-03	1.119849e-02	0.000000e+00	5.138607e-02	0.000000e+00	2.883400e-02	9.266550e-04	4.819273e-02	6.361946e-04	1.297616e-04	4.036006e-03	6.530358e-02	8.464902e-01
6.530358e-02	0.000000e+00	3.650411e-02	2.855184e-04	0.000000e+00	0.000000e+00	0.000000e+00	0.000000e+00	6.282972e-03	0.000000e+00	4.229887e-02	5.911358e-04	0.000000e+00	0.000000e+00	3.069150e-01	2.667633e-02	0.000000e+00	0.000000e+00	1.921885e-02	3.133250e-03	1.119849e-02	0.000000e+00	5.138607e-02	0.000000e+00	2.883400e-02	9.266550e-04	4.819273e-02	6.361946e-04	1.297616e-04	4.036006e-03	6.530358e-02	8.464902e-01
6.530358e-02	0.000000e+00	3.650411e-02	2.855184e-04	0.000000e+00	0.000000e+00	0.000000e+00	0.000000e+00	6.282972e-03	0.000000e+00	4.229887e-02	5.911358e-04	0.000000e+00	0.000000e+00	3.069150e-01	2.667633e-02	0.000000e+00	0.000000e+00	1.921885e-02	3.133250e-03	1.119849e-02	0.000000e+00	5.138607e-02	0.000000e+00	2.883400e-02	9.266550e-04	4.819273e-02	6.361946e-04	1.297616e-04	4.036006e-03	6.530358e-02	8.464902e-01
6.530358e-02	0.000000e+00	3.650411e-02	2.855184e-04	0.000000e+00	0.000000e+00	0.000000e+00	0.000000e+00	6.282972e-03	0.000000e+00	4.229887e-02	5.911358e-04	0.000000e+00	0.000000e+00	3.069150e-01	2.667633e-02	0.000000e+00	0.000000e+00	1.921885e-02	3.133250e-03	1.119849e-02	0.000000e+00	5.138607e-02	0.000000e+00	2.883400e-02	9.266550e-04	4.819273e-02	6.361946e-04	1.297616e-04	4.036006e-03	6.530358e-02	8.464902e-01
6.530358e-02	0.000000e+00	3.650411e-02	2.855184e-04	0.000000e+00	0.000000e+00	0.000000e+00	0.000000e+00	6.282972e-03	0.000000e+00	4.229887e-02	5.911358e-04	0.000000e+00	0.000000e+00	3.069150e-01	2.667633e-02	0.000000e+00	0.000000e+00	1.921885e-02	3.133250e-03	1.119849e-02	0.000000e+00	5.138607e-02	0.000000e+00	2.883400e-02	9.266550e-04	4.819273e-02	6.361946e-04	1.297616e-04	4.036006e-03	6.530358e-02	8.464902e-01
6.530358e-02	0.000000e+00	3.650411e-02	2.855184e-04	0.000000e+00	0.000000e+00	0.000000e+00	0.000000e+00	6.282972e-03	0.000000e+00	4.229887e-02	5.911358e-04	0.000000e+00	0.000000e+00	3.069150e-01	2.667633e-02	0.000000e+00	0.000000e+00	1.921885e-02	3.133250e-03	1.119849e-02	0.000000e+00	5.138607e-02	0.000000e+00	2.883400e-02	9.266550e-04	4.819273e-02	6.361946e-04	1.297616e-04	4.036006e-03	6.530358e-02	8.464902e-01
6.530358e-02	0.000000e+00	3.650411e-02	2.855184e-04	0.000000e+00	0.000000e+00	0.000000e+00	0.000000e+00	6.282972e-03	0.000000e+00	4.229887e-02	5.911358e-04	0.000000e+00	0.000000e+00	3.069150e-01	2.667633e-02	0.000000e+00	0.000000e+00	1.921885e-02	3.133250e-03	1.119849e-02	0.000000e+00	5.138607e-02	0.000000e+00	2.883400e-02	9.266550e-04	4.819273e-02	6.361946e-04	1.297616e-04	4.036006e-03	6.530358e-02	8.464902e-01
6.198561e-02	0.000000e+00	1.578961e-02	1.129468e-04	0.000000e+00	0.000000e+00	0.000000e+00	0.000000e+00	2.740448e-03	5.614228e-02	4.538200e-02	0.000000e+00	0.000000e+00	2.497965e-02	4.696475e-01	1.348329e-02	3.983203e-03	1.686406e-04	0.000000e+00	3.017470e-04	3.818314e-02	3.963720e-02	8.365300e-02	0.000000e+00	3.947305e-02	9.372289e-04	1.014582e-01	6.520796e-03	1.230607e-03	1.371523e-02	6.198561e-02	9.559654e-01
3.825961e-02	0.000000e+00	1.578961e-02	0.000000e+00	0.000000e+00	0.000000e+00	0.000000e+00	0.000000e+00	6.766955e-03	7.014610e-02	3.970346e-02	0.000000e+00	0.000000e+00	2.497965e-02	4.454001e-01	0.000000e+00	3.983203e-03	1.686406e-04	0.000000e+00	2.230485e-03	3.643414e-02	4.136233e-02	8.379616e-02	0.000000e+00	3.947305e-02	9.372289e-04	1.066663e-01	5.608571e-03	1.032122e-03	7.010124e-03	3.825961e-02	1.031315e+00
2.221873e-02	1.421390e-02	1.758364e-02	1.940216e-04	5.629758e-02	0.000000e+00	4.110614e-02	0.000000e+00	8.763489e-03	0.000000e+00	3.045940e-02	1.373481e-02	7.304990e-02	1.976966e-02	4.648231e-01	2.498259e-02	8.155327e-03	1.686406e-04	0.000000e+00	1.029551e-02	2.557745e-02	4.976276e-02	7.422664e-02	0.000000e+00	4.105197e-02	8.734413e-04	1.024277e-01	5.808159e-04	3.969701e-05	0.000000e+00	2.221873e-02	1.148114e+00
0.000000e+00	0.000000e+00	1.578961e-02	1.408344e-04	0.000000e+00	0.000000e+00	1.745781e-02	0.000000e+00	2.659784e-03	5.703726e-02	2.382083e-02	3.392363e-05	0.000000e+00	4.251757e-02	4.414851e-01	1.286620e-02	1.593281e-04	1.686406e-04	4.418127e-04	8.077050e-04	3.928259e-03	4.136233e-02	7.487112e-02	1.359921e-02	3.947305e-02	9.187410e-04	1.066663e-01	6.727783e-03	2.751479e-04	0.000000e+00	0.000000e+00	1.280306e+00
0.000000e+00	0.000000e+00	1.578961e-02	1.408344e-04	0.000000e+00	0.000000e+00	1.745781e-02	0.000000e+00	2.659784e-03	5.703726e-02	2.382083e-02	3.392363e-05	0.000000e+00	4.251757e-02	4.414851e-01	1.286620e-02	1.593281e-04	1.686406e-04	4.418127e-04	8.077050e-04	3.928259e-03	4.136233e-02	7.487112e-02	1.359921e-02	3.947305e-02	9.187410e-04	1.066663e-01	6.727783e-03	2.751479e-04	0.000000e+00	0.000000e+00	1.280306e+00
