8.622807e-01	9.538860e-02	2.460158e-01	3.316029e-01	0.000000e+00	9.495027e-02	1.812071e-02	0.000000e+00	7.053220e-03	0.000000e+00	0.000000e+00	3.750726e-02	2.140961e-02	2.848130e-01	0.000000e+00	4.104437e-01	2.903903e-01	7.503817e-02	0.000000e+00	0.000000e+00	1.901507e-01	0.000000e+00	0.000000e+00	8.697739e-02	0.000000e+00	2.264583e-02	6.609552e-02	0.000000e+00	0.000000e+00	0.000000e+00	8.622807e-01	-3.050241e-01
8.622807e-01	9.538860e-02	2.460158e-01	3.316029e-01	0.000000e+00	9.495027e-02	1.812071e-02	0.000000e+00	7.053220e-03	0.000000e+00	0.000000e+00	3.750726e-02	2.140961e-02	2.848130e-01	0.000000e+00	4.104437e-01	2.903903e-01	7.503817e-02	0.000000e+00	0.000000e+00	1.901507e-01	0.000000e+00	0.000000e+00	8.697739e-02	0.000000e+00	2.264583e-02	6.609552e-02	0.000000e+00	0.000000e+00	0.000000e+00	8.622807e-01	-3.050241e-01
8.622807e-01	9.538860e-02	2.460158e-01	2.874910e-01	0.000000e+00	9.495027e-02	1.812071e-02	0.000000e+00	7.053220e-03	0.000000e+00	0.000000e+00	3.750726e-02	2.140961e-02	2.848130e-01	0.000000e+00	4.104437e-01	2.903903e-01	7.503817e-02	0.000000e+00	0.000000e+00	1.901507e-01	0.000000e+00	0.000000e+00	8.697739e-02	0.000000e+00	2.264583e-02	6.609552e-02	0.000000e+00	0.000000e+00	0.000000e+00	8.622807e-01	-3.138395e-01
8.622807e-01	9.538860e-02	2.460158e-01	2.874910e-01	0.000000e+00	9.495027e-02	1.812071e-02	0.000000e+00	7.053220e-03	0.000000e+00	0.000000e+00	3.750726e-02	2.140961e-02	2.823854e-01	0.000000e+00	4.104437e-01	2.903903e-01	7.503817e-02	0.000000e+00	0.000000e+00	1.901507e-01	0.000000e+00	0.000000e+00	8.697739e-02	0.000000e+00	2.264583e-02	6.609552e-02	2.550805e-02	0.000000e+00	0.000000e+00	8.622807e-01	-3.092295e-01
8.622807e-01	9.538860e-02	2.460158e-01	2.874910e-01	0.000000e+00	9.495027e-02	1.812071e-02	0.000000e+00	7.053220e-03	0.000000e+00	0.000000e+00	3.750726e-02	2.140961e-02	2.823854e-01	0.000000e+00	4.104437e-01	2.903903e-01	7.503817e-02	0.000000e+00	0.000000e+00	1.901507e-01	0.000000e+00	0.000000e+00	8.697739e-02	0.000000e+00	2.264583e-02	6.609552e-02	2.550805e-02	0.000000e+00	0.000000e+00	8.622807e-01	-3.092295e-01
8.622807e-01	9.190847e-02	2.460158e-01	2.874910e-01	0.000000e+00	9.495027e-02	1.812071e-02	0.000000e+00	7.053220e-03	0.000000e+00	0.000000e+00	3.750726e-02	2.140961e-02	2.823854e-01	0.000000e+00	4.104437e-01	2.903903e-01	7.503817e-02	0.000000e+00	0.000000e+00	1.901507e-01	0.000000e+00	0.000000e+00	8.697739e-02	0.000000e+00	0.000000e+00	6.609552e-02	2.550805e-02	3.302656e-02	0.000000e+00	8.622807e-01	-3.078502e-01
8.622807e-01	9.190847e-02	2.460158e-01	2.874910e-01	0.000000e+00	9.495027e-02	1.812071e-02	0.000000e+00	7.053220e-03	0.000000e+00	0.000000e+00	3.750726e-02	2.140961e-02	2.823854e-01	0.000000e+00	4.104437e-01	2.903903e-01	7.503817e-02	0.000000e+00	0.000000e+00	1.901507e-01	0.000000e+00	0.000000e+00	8.697739e-02	0.000000e+00	0.000000e+00	6.609552e-02	2.550805e-02	3.302656e-02	0.000000e+00	8.622807e-01	-3.078502e-01
8.622807e-01	9.190847e-02	2.460158e-01	2.556075e-01	0.000000e+00	9.495027e-02	1.812071e-02	0.000000e+00	7.053220e-03	0.000000e+00	0.000000e+00	3.750726e-02	2.140961e-02	2.823854e-01	0.000000e+00	4.104437e-01	2.449669e-01	7.503817e-02	0.000000e+00	0.000000e+00	1.901507e-01	0.000000e+00	0.000000e+00	8.697739e-02	0.000000e+00	0.000000e+00	6.609552e-02	2.550805e-02	3.302656e-02	0.000000e+00	8.622807e-01	-3.232752e-01
8.622807e-01	9.190847e-02	2.460158e-01	2.556075e-01	0.000000e+00	9.495027e-02	1.812071e-02	0.000000e+00	7.053220e-03	0.000000e+00	0.000000e+00	3.750726e-02	2.140961e-02	2.823854e-01	0.000000e+00	4.104437e-01	2.449669e-01	7.503817e-02	0.000000e+00	0.000000e+00	1.901507e-01	0.000000e+00	0.000000e+00	8.697739e-02	0.000000e+00	0.000000e+00	6.609552e-02	2.550805e-02	3.302656e-02	0.000000e+00	8.622807e-01	-3.232752e-01
8.622807e-01	9.190847e-02	2.460158e-01	2.556075e-01	0.000000e+00	9.495027e-02	1.812071e-02	0.000000e+00	0.000000e+00	0.000000e+00	0.000000e+00	3.750726e-02	3.063121e-02	2.823854e-01	0.000000e+00	4.104437e-01	2.449669e-01	7.503817e-02	0.000000e+00	2.880038e-02	1.901507e-01	5.756642e-02	0.000000e+00	8.697739e-02	0.000000e+00	0.000000e+00	6.609552e-02	2.550805e-02	3.302656e-02	0.000000e+00	8.622807e-01	-3.056048e-01
8.622807e-01	9.190847e-02	2.460158e-01	2.556075e-01	0.000000e+00	9.495027e-02	1.812071e-02	0.000000e+00	0.000000e+00	0.000000e+00	0.000000e+00	3.750726e-02	3.063121e-02	2.823854e-01	0.000000e+00	4.104437e-01	2.449669e-01	7.503817e-02	0.000000e+00	2.880038e-02	1.901507e-01	5.756642e-02	0.000000e+00	8.697739e-02	0.000000e+00	0.000000e+00	6.609552e-02	2.550805e-02	3.302656e-02	0.000000e+00	8.622807e-01	-3.056048e-01
8.622807e-01	9.190847e-02	2.460158e-01	2.556075e-01	0.000000e+00	9.495027e-02	1.812071e-02	0.000000e+00	0.000000e+00	0.000000e+00	0.000000e+00	3.750726e-02	3.063121e-02	2.823854e-01	0.000000e+00	4.104437e-01	2.449669e-01	7.503817e-02	0.000000e+00	2.880038e-02	1.901507e-01	5.756642e-02	0.000000e+00	8.697739e-02	0.000000e+00	0.000000e+00	6.609552e-02	2.550805e-02	3.302656e-02	0.000000e+00	8.622807e-01	-3.056048e-01
8.622807e-01	9.190847e-02	2.460158e-01	2.556075e-01	0.000000e+00	9.495027e-02	1.812071e-02	0.000000e+00	0.000000e+00	0.000000e+00	0.000000e+00	3.750726e-02	3.063121e-02	2.823854e-01	0.000000e+00	4.104437e-01	2.449669e-01	7.503817e-02	0.000000e+00	2.880038e-02	1.901507e-01	5.756642e-02	0.000000e+00	8.697739e-02	0.000000e+00	5.921032e-02	6.609552e-02	2.550805e-02	3.302656e-02	0.000000e+00	8.622807e-01	-2.937432e-01
8.622807e-01	1.127787e-01	2.460158e-01	9.271353e-02	0.000000e+00	1.381789e-01	3.624142e-03	0.000000e+00	1.249325e-02	0.000000e+00	6.335278e-03	3.534986e-02	3.063121e-02	2.823854e-01	0.000000e+00	3.422249e-01	2.696888e-01	1.500763e-02	0.000000e+00	4.752823e-02	2.702003e-01	5.756642e-02	0.000000e+00	1.567412e-01	0.000000e+00	5.921032e-02	1.631777e-02	2.550805e-02	1.758207e-02	0.000000e+00	8.622807e-01	-3.131227e-01
8.622807e-01	1.127787e-01	2.460158e-01	9.271353e-02	0.000000e+00	1.381789e-01	3.624142e-03	0.000000e+00	1.249325e-02	0.000000e+00	6.335278e-03	3.534986e-02	3.063121e-02	2.823854e-01	0.000000e+00	3.422249e-01	2.696888e-01	1.500763e-02	0.000000e+00	4.752823e-02	2.702003e-01	5.756642e-02	0.000000e+00	1.567412e-01	0.000000e+00	5.921032e-02	1.631777e-02	2.550805e-02	1.758207e-02	0.000000e+00	8.622807e-01	-3.131227e-01
8.622807e-01	1.127787e-01	2.460158e-01	9.271353e-02	0.000000e+00	1.381789e-01	3.624142e-03	0.000000e+00	1.249325e-02	0.000000e+00	6.335278e-03	3.534986e-02	3.063121e-02	2.823854e-01	0.000000e+00	3.422249e-01	2.696888e-01	1.500763e-02	0.000000e+00	4.752823e-02	2.702003e-01	5.756642e-02	0.000000e+00	1.567412e-01	0.000000e+00	5.921032e-02	1.631777e-02	2.550805e-02	1.758207e-02	0.000000e+00	8.622807e-01	-3.131227e-01
8.622807e-01	1.138222e-01	2.460158e-01	8.456883e-02	0.000000e+00	1.403403e-01	3.624142e-03	0.000000e+00	1.311792e-02	0.000000e+00	6.652041e-03	2.827989e-02	3.468075e-02	2.431464e-01	0.000000e+00	3.422249e-01	2.696888e-01	1.200611e-02	0.000000e+00	4.752823e-02	2.742028e-01	4.615997e-02	0.000000e+00	1.588254e-01	1.717936e-02	4.736826e-02	1.382888e-02	2.040644e-02	1.758207e-02	0.000000e+00	8.622807e-01	-3.244531e-01
8.622807e-01	1.138222e-01	2.460158e-01	4.547428e-02	8.020898e-02	1.507152e-01	0.000000e+00	0.000000e+00	1.611630e-02	1.083689e-02	6.652041e-03	0.000000e+00	3.468075e-02	2.431464e-01	1.799884e-02	3.422249e-01	2.696888e-01	0.000000e+00	0.000000e+00	5.314658e-02	2.934147e-01	4.615997e-02	0.000000e+00	1.772535e-01	8.334253e-02	0.000000e+00	1.382888e-02	0.000000e+00	1.294872e-02	0.000000e+00	8.622807e-01	-3.092086e-01
8.622807e-01	1.138222e-01	2.460158e-01	4.547428e-02	8.020898e-02	1.507152e-01	0.000000e+00	0.000000e+00	1.611630e-02	1.083689e-02	6.652041e-03	0.000000e+00	3.468075e-02	2.431464e-01	1.799884e-02	3.422249e-01	2.696888e-01	0.000000e+00	0.000000e+00	5.314658e-02	2.934147e-01	4.615997e-02	0.000000e+00	1.772535e-01	8.334253e-02	0.000000e+00	1.382888e-02	0.000000e+00	1.294872e-02	0.000000e+00	8.622807e-01	-3.092086e-01
8.622807e-01	1.138222e-01	2.460158e-01	4.547428e-02	8.020898e-02	1.507152e-01	0.000000e+00	0.000000e+00	1.611630e-02	1.083689e-02	6.652041e-03	0.000000e+00	3.468075e-02	2.431464e-01	1.799884e-02	3.422249e-01	2.696888e-01	0.000000e+00	0.000000e+00	5.314658e-02	2.934147e-01	4.615997e-02	0.000000e+00	1.772535e-01	8.334253e-02	0.000000e+00	1.382888e-02	0.000000e+00	1.294872e-02	0.000000e+00	8.622807e-01	-3.092086e-01
8.622807e-01	1.138222e-01	2.460158e-01	4.547428e-02	8.020898e-02	1.507152e-01	0.000000e+00	0.000000e+00	1.611630e-02	1.083689e-02	6.652041e-03	0.000000e+00	3.468075e-02	2.431464e-01	1.799884e-02	3.422249e-01	2.696888e-01	0.000000e+00	0.000000e+00	5.314658e-02	2.934147e-01	4.615997e-02	0.000000e+00	1.772535e-01	8.334253e-02	0.000000e+00	1.382888e-02	0.000000e+00	1.294872e-02	0.000000e+00	8.622807e-01	-3.092086e-01
8.622807e-01	1.138222e-01	2.460158e-01	4.547428e-02	8.020898e-02	1.507152e-01	0.000000e+00	0.000000e+00	1.611630e-02	1.083689e-02	6.652041e-03	0.000000e+00	3.468075e-02	2.431464e-01	1.799884e-02	3.422249e-01	2.696888e-01	0.000000e+00	0.000000e+00	5.314658e-02	2.934147e-01	4.615997e-02	0.000000e+00	1.772535e-01	8.334253e-02	0.000000e+00	1.382888e-02	0.000000e+00	1.294872e-02	0.000000e+00	8.622807e-01	-3.092086e-01
8.622807e-01	1.138222e-01	2.460158e-01	4.547428e-02	8.020898e-02	1.507152e-01	0.000000e+00	0.000000e+00	1.611630e-02	1.083689e-02	6.652041e-03	0.000000e+00	3.468075e-02	2.431464e-01	1.799884e-02	3.422249e-01	2.696888e-01	0.000000e+00	0.000000e+00	5.314658e-02	2.934147e-01	4.615997e-02	0.000000e+00	1.772535e-01	8.334253e-02	0.000000e+00	1.382888e-02	0.000000e+00	1.294872e-02	0.000000e+00	8.622807e-01	-3.092086e-01
8.622807e-01	1.138222e-01	2.460158e-01	4.547428e-02	8.020898e-02	1.507152e-01	0.000000e+00	0.000000e+00	1.611630e-02	1.083689e-02	6.652041e-03	0.000000e+00	3.468075e-02	2.431464e-01	1.799884e-02	3.422249e-01	2.696888e-01	0.000000e+00	0.000000e+00	5.314658e-02	2.934147e-01	4.615997e-02	0.000000e+00	1.772535e-01	8.334253e-02	0.000000e+00	1.382888e-02	0.000000e+00	1.294872e-02	0.000000e+00	8.622807e-01	-3.092086e-01
8.622807e-01	1.138222e-01	2.460158e-01	4.547428e-02	8.020898e-02	1.507152e-01	0.000000e+00	0.000000e+00	1.611630e-02	1.083689e-02	6.652041e-03	0.000000e+00	3.468075e-02	2.431464e-01	1.799884e-02	3.422249e-01	2.696888e-01	0.000000e+00	0.000000e+00	5.314658e-02	2.934147e-01	4.615997e-02	0.000000e+00	1.772535e-01	8.334253e-02	0.000000e+00	1.382888e-02	0.000000e+00	1.294872e-02	0.000000e+00	8.622807e-01	-3.092086e-01
8.622807e-01	1.138222e-01	2.460158e-01	4.547428e-02	8.020898e-02	1.507152e-01	0.000000e+00	0.000000e+00	1.611630e-02	1.083689e-02	6.652041e-03	0.000000e+00	3.468075e-02	2.431464e-01	1.799884e-02	3.422249e-01	2.696888e-01	0.000000e+00	0.000000e+00	5.314658e-02	2.934147e-01	4.615997e-02	0.000000e+00	1.772535e-01	8.334253e-02	0.000000e+00	1.382888e-02	0.000000e+00	1.294872e-02	0.000000e+00	8.622807e-01	-3.092086e-01
8.622807e-01	1.138222e-01	2.460158e-01	4.547428e-02	8.020898e-02	1.507152e-01	0.000000e+00	0.000000e+00	1.611630e-02	1.083689e-02	6.652041e-03	0.000000e+00	3.468075e-02	2.431464e-01	1.799884e-02	3.422249e-01	2.696888e-01	0.000000e+00	0.000000e+00	5.314658e-02	2.934147e-01	4.615997e-02	0.000000e+00	1.772535e-01	8.334253e-02	0.000000e+00	1.382888e-02	0.000000e+00	1.294872e-02	0.000000e+00	8.622807e-01	-3.092086e-01
6.319347e-01	6.106054e-02	5.736002e-02	5.329319e-02	0.000000e+00	1.486402e-01	0.000000e+00	1.361823e-02	1.561657e-02	0.000000e+00	8.172508e-03	0.000000e+00	0.000000e+00	2.587051e-01	1.499903e-02	3.251702e-01	0.000000e+00	0.000000e+00	0.000000e+00	5.202291e-02	2.895723e-01	0.000000e+00	0.000000e+00	1.735679e-01	7.231534e-02	0.000000e+00	4.271551e-03	0.000000e+00	1.213764e-02	0.000000e+00	6.319347e-01	-1.705803e-02
6.319347e-01	6.106054e-02	5.736002e-02	5.329319e-02	0.000000e+00	1.486402e-01	0.000000e+00	1.361823e-02	1.561657e-02	0.000000e+00	8.172508e-03	0.000000e+00	0.000000e+00	2.587051e-01	1.499903e-02	3.251702e-01	0.000000e+00	0.000000e+00	0.000000e+00	5.202291e-02	2.895723e-01	0.000000e+00	0.000000e+00	1.735679e-01	7.231534e-02	0.000000e+00	4.271551e-03	0.000000e+00	1.213764e-02	0.000000e+00	6.319347e-01	-1.705803e-02
6.319347e-01	6.106054e-02	5.736002e-02	5.329319e-02	0.000000e+00	1.486402e-01	0.000000e+00	1.361823e-02	1.561657e-02	0.000000e+00	8.172508e-03	0.000000e+00	0.000000e+00	2.587051e-01	1.499903e-02	3.251702e-01	0.000000e+00	0.000000e+00	0.000000e+00	5.202291e-02	2.895723e-01	0.000000e+00	0.000000e+00	1.735679e-01	7.231534e-02	0.000000e+00	4.271551e-03	0.000000e+00	1.213764e-02	0.000000e+00	6.319347e-01	-1.705803e-02
6.319347e-01	6.106054e-02	5.736002e-02	5.329319e-02	0.000000e+00	1.364318e-01	0.000000e+00	1.361823e-02	1.561657e-02	0.000000e+00	8.172508e-03	0.000000e+00	0.000000e+00	2.587051e-01	1.499903e-02	3.251702e-01	0.000000e+00	0.000000e+00	0.000000e+00	5.202291e-02	2.895723e-01	0.000000e+00	0.000000e+00	1.735679e-01	7.231534e-02	0.000000e+00	4.271551e-03	0.000000e+00	1.213764e-02	0.000000e+00	6.319347e-01	-1.960997e-02
6.319347e-01	6.106054e-02	5.736002e-02	0.000000e+00	0.000000e+00	1.364318e-01	0.000000e+00	1.361823e-02	1.561657e-02	0.000000e+00	8.172508e-03	0.000000e+00	0.000000e+00	2.587051e-01	1.499903e-02	3.671084e-01	0.000000e+00	0.000000e+00	0.000000e+00	5.202291e-02	2.895723e-01	0.000000e+00	0.000000e+00	1.735679e-01	7.231534e-02	0.000000e+00	4.271551e-03	0.000000e+00	1.213764e-02	0.000000e+00	6.319347e-01	-2.198210e-02
6.319347e-01	6.106054e-02	5.736002e-02	0.000000e+00	0.000000e+00	1.364318e-01	0.000000e+00	1.361823e-02	1.561657e-02	0.000000e+00	8.172508e-03	0.000000e+00	0.000000e+00	2.587051e-01	1.499903e-02	3.671084e-01	0.000000e+00	0.000000e+00	0.000000e+00	5.202291e-02	2.895723e-01	0.000000e+00	0.000000e+00	1.735679e-01	7.231534e-02	0.000000e+00	4.271551e-03	0.000000e+00	1.213764e-02	0.000000e+00	6.319347e-01	-2.198210e-02
6.319347e-01	6.106054e-02	5.736002e-02	0.000000e+00	0.000000e+00	1.364318e-01	0.000000e+00	1.361823e-02	1.561657e-02	0.000000e+00	8.172508e-03	0.000000e+00	0.000000e+00	2.587051e-01	1.499903e-02	3.671084e-01	0.000000e+00	0.000000e+00	0.000000e+00	5.202291e-02	2.895723e-01	0.000000e+00	0.000000e+00	1.735679e-01	7.231534e-02	0.000000e+00	4.271551e-03	0.000000e+00	1.213764e-02	0.000000e+00	6.319347e-01	-2.198210e-02
6.319347e-01	9.189310e-02	1.735408e-01	0.000000e+00	0.000000e+00	0.000000e+00	2.985759e-02	1.361823e-02	0.000000e+00	6.281555e-03	8.172508e-03	0.000000e+00	0.000000e+00	2.587051e-01	8.670709e-03	3.884791e-01	0.000000e+00	0.000000e+00	7.344637e-02	1.522972e-02	1.893480e-01	3.467888e-03	0.000000e+00	1.735679e-01	7.231534e-02	0.000000e+00	4.255200e-02	0.000000e+00	7.566576e-02	0.000000e+00	6.319347e-01	-3.593859e-03
6.319347e-01	9.189310e-02	1.735408e-01	0.000000e+00	0.000000e+00	0.000000e+00	3.483385e-02	1.361823e-02	0.000000e+00	6.281555e-03	8.172508e-03	0.000000e+00	0.000000e+00	2.587051e-01	8.670709e-03	3.884791e-01	0.000000e+00	0.000000e+00	7.344637e-02	1.522972e-02	1.893480e-01	3.467888e-03	5.078166e-03	1.735679e-01	5.269489e-02	0.000000e+00	4.255200e-02	0.000000e+00	7.866561e-02	0.000000e+00	6.319347e-01	-4.971019e-03
6.319347e-01	9.189310e-02	1.735408e-01	0.000000e+00	0.000000e+00	0.000000e+00	3.483385e-02	1.361823e-02	0.000000e+00	6.281555e-03	8.172508e-03	0.000000e+00	0.000000e+00	2.587051e-01	8.670709e-03	3.884791e-01	0.000000e+00	0.000000e+00	7.344637e-02	1.522972e-02	1.893480e-01	3.467888e-03	5.078166e-03	1.735679e-01	5.269489e-02	0.000000e+00	4.255200e-02	0.000000e+00	7.866561e-02	0.000000e+00	6.319347e-01	-4.971019e-03
6.319347e-01	9.189310e-02	1.735408e-01	0.000000e+00	0.000000e+00	0.000000e+00	3.483385e-02	1.361823e-02	0.000000e+00	6.281555e-03	3.561091e-02	0.000000e+00	0.000000e+00	2.587051e-01	8.670709e-03	3.884791e-01	0.000000e+00	0.000000e+00	7.344637e-02	1.522972e-02	1.893480e-01	3.467888e-03	5.078166e-03	8.733112e-02	5.644645e-05	0.000000e+00	4.255200e-02	0.000000e+00	7.866561e-02	0.000000e+00	6.319347e-01	-2.827418e-02
6.319347e-01	9.189310e-02	1.735408e-01	0.000000e+00	0.000000e+00	0.000000e+00	3.483385e-02	1.361823e-02	0.000000e+00	6.281555e-03	3.561091e-02	0.000000e+00	0.000000e+00	2.587051e-01	8.670709e-03	3.884791e-01	0.000000e+00	0.000000e+00	7.344637e-02	1.522972e-02	1.893480e-01	3.467888e-03	5.078166e-03	8.733112e-02	5.644645e-05	0.000000e+00	4.255200e-02	0.000000e+00	7.866561e-02	0.000000e+00	6.319347e-01	-2.827418e-02
6.319347e-01	9.189310e-02	1.735408e-01	0.000000e+00	0.000000e+00	0.000000e+00	3.483385e-02	1.361823e-02	0.000000e+00	6.281555e-03	3.561091e-02	0.000000e+00	0.000000e+00	2.587051e-01	8.670709e-03	3.884791e-01	0.000000e+00	0.000000e+00	7.344637e-02	1.522972e-02	1.893480e-01	3.467888e-03	5.078166e-03	8.733112e-02	5.644645e-05	0.000000e+00	4.255200e-02	0.000000e+00	7.866561e-02	0.000000e+00	6.319347e-01	-2.827418e-02
6.319347e-01	9.189310e-02	1.735408e-01	0.000000e+00	0.000000e+00	0.000000e+00	3.483385e-02	1.361823e-02	0.000000e+00	6.281555e-03	3.561091e-02	0.000000e+00	0.000000e+00	2.587051e-01	8.670709e-03	3.884791e-01	0.000000e+00	0.000000e+00	7.344637e-02	1.522972e-02	1.893480e-01	3.467888e-03	5.078166e-03	8.733112e-02	5.644645e-05	0.000000e+00	4.255200e-02	0.000000e+00	7.866561e-02	0.000000e+00	6.319347e-01	-2.827418e-02
6.319347e-01	9.189310e-02	1.735408e-01	0.000000e+00	0.000000e+00	0.000000e+00	3.483385e-02	1.361823e-02	0.000000e+00	6.281555e-03	3.561091e-02	0.000000e+00	0.000000e+00	2.587051e-01	8.670709e-03	3.884791e-01	0.000000e+00	0.000000e+00	7.344637e-02	1.522972e-02	1.893480e-01	3.467888e-03	5.078166e-03	8.733112e-02	5.644645e-05	0.000000e+00	4.255200e-02	0.000000e+00	7.866561e-02	0.000000e+00	6.319347e-01	-2.827418e-02
6.319347e-01	9.189310e-02	1.735408e-01	0.000000e+00	0.000000e+00	0.000000e+00	3.483385e-02	1.361823e-02	0.000000e+00	6.281555e-03	3.561091e-02	0.000000e+00	0.000000e+00	2.587051e-01	8.670709e-03	3.884791e-01	0.000000e+00	0.000000e+00	7.344637e-02	1.522972e-02	1.893480e-01	3.467888e-03	5.078166e-03	8.733112e-02	5.644645e-05	0.000000e+00	4.255200e-02	0.000000e+00	7.866561e-02	0.000000e+00	6.319347e-01	-2.827418e-02
6.319347e-01	9.189310e-02	1.735408e-01	0.000000e+00	0.000000e+00	0.000000e+00	3.483385e-02	1.361823e-02	0.000000e+00	6.281555e-03	3.561091e-02	0.000000e+00	0.000000e+00	2.587051e-01	8.670709e-03	3.884791e-01	0.000000e+00	0.000000e+00	7.344637e-02	1.522972e-02	1.893480e-01	3.467888e-03	5.078166e-03	8.733112e-02	5.644645e-05	0.000000e+00	4.255200e-02	0.000000e+00	7.866561e-02	0.000000e+00	6.319347e-01	-2.827418e-02
6.319347e-01	9.189310e-02	1.735408e-01	0.000000e+00	0.000000e+00	0.000000e+00	3.483385e-02	1.361823e-02	0.000000e+00	6.281555e-03	3.561091e-02	0.000000e+00	0.000000e+00	2.587051e-01	8.670709e-03	3.884791e-01	0.000000e+00	0.000000e+00	7.344637e-02	1.522972e-02	1.893480e-01	3.467888e-03	5.078166e-03	8.733112e-02	5.644645e-05	0.000000e+00	4.255200e-02	0.000000e+00	7.866561e-02	0.000000e+00	6.319347e-01	-2.827418e-02
6.319347e-01	9.189310e-02	1.735408e-01	0.000000e+00	0.000000e+00	0.000000e+00	3.483385e-02	1.361823e-02	0.000000e+00	6.281555e-03	3.561091e-02	0.000000e+00	0.000000e+00	2.587051e-01	8.670709e-03	3.884791e-01	0.000000e+00	0.000000e+00	7.344637e-02	1.522972e-02	1.893480e-01	3.467888e-03	5.078166e-03	8.733112e-02	5.644645e-05	0.000000e+00	4.255200e-02	0.000000e+00	7.866561e-02	0.000000e+00	6.319347e-01	-2.827418e-02
6.319347e-01	9.189310e-02	1.735408e-01	0.000000e+00	0.000000e+00	0.000000e+00	3.483385e-02	1.361823e-02	0.000000e+00	6.281555e-03	3.561091e-02	0.000000e+00	0.000000e+00	2.587051e-01	8.670709e-03	3.884791e-01	0.000000e+00	0.000000e+00	7.344637e-02	1.522972e-02	1.893480e-01	3.467888e-03	5.078166e-03	8.733112e-02	5.644645e-05	0.000000e+00	4.255200e-02	0.000000e+00	7.866561e-02	0.000000e+00	6.319347e-01	-2.827418e-02
4.366036e-01	9.189310e-02	1.541773e-01	0.000000e+00	0.000000e+00	0.000000e+00	0.000000e+00	1.361823e-02	0.000000e+00	5.234629e-03	0.000000e+00	0.000000e+00	0.000000e+00	2.587051e-01	0.000000e+00	3.251702e-01	0.000000e+00	0.000000e+00	7.344637e-02	1.522972e-02	2.060520e-01	3.467888e-03	5.078166e-03	8.733112e-02	5.644645e-05	0.000000e+00	4.255200e-02	0.000000e+00	6.507774e-02	0.000000e+00	4.366036e-01	2.327086e-01
4.366036e-01	7.686987e-02	1.469000e-01	0.000000e+00	0.000000e+00	0.000000e+00	0.000000e+00	1.953853e-02	0.000000e+00	5.234629e-03	7.054629e-04	0.000000e+00	0.000000e+00	2.587051e-01	8.905787e-03	3.251702e-01	2.810659e-03	0.000000e+00	0.000000e+00	1.522972e-02	2.218772e-01	3.467888e-03	5.078166e-03	1.010858e-01	6.773574e-05	0.000000e+00	4.255200e-02	0.000000e+00	6.507774e-02	0.000000e+00	4.366036e-01	2.219976e-01
4.366036e-01	7.686987e-02	1.469457e-01	0.000000e+00	1.572870e-04	0.000000e+00	0.000000e+00	1.480229e-02	0.000000e+00	5.046701e-03	1.410926e-04	0.000000e+00	0.000000e+00	2.334359e-01	8.905787e-03	3.251702e-01	2.810659e-03	0.000000e+00	0.000000e+00	1.271835e-02	2.218772e-01	3.583484e-03	5.078166e-03	9.704312e-02	5.418859e-05	0.000000e+00	3.233952e-02	0.000000e+00	6.615190e-02	0.000000e+00	4.366036e-01	2.116811e-01
4.366036e-01	7.686987e-02	1.469457e-01	0.000000e+00	1.572870e-04	0.000000e+00	0.000000e+00	1.480229e-02	0.000000e+00	5.046701e-03	1.410926e-04	0.000000e+00	0.000000e+00	2.334359e-01	8.905787e-03	3.251702e-01	2.810659e-03	0.000000e+00	0.000000e+00	1.271835e-02	2.218772e-01	3.583484e-03	5.078166e-03	9.704312e-02	5.418859e-05	0.000000e+00	3.233952e-02	0.000000e+00	6.615190e-02	0.000000e+00	4.366036e-01	2.116811e-01
4.366036e-01	7.686987e-02	1.469457e-01	0.000000e+00	1.572870e-04	0.000000e+00	0.000000e+00	1.480229e-02	0.000000e+00	5.046701e-03	1.410926e-04	0.000000e+00	0.000000e+00	2.334359e-01	8.905787e-03	3.251702e-01	2.810659e-03	0.000000e+00	0.000000e+00	1.271835e-02	2.218772e-01	3.583484e-03	5.078166e-03	9.704312e-02	5.418859e-05	0.000000e+00	3.233952e-02	0.000000e+00	6.615190e-02	0.000000e+00	4.366036e-01	2.116811e-01
4.366036e-01	7.686987e-02	1.469457e-01	0.000000e+00	1.572870e-04	0.000000e+00	0.000000e+00	1.480229e-02	0.000000e+00	5.046701e-03	1.410926e-04	0.000000e+00	0.000000e+00	2.334359e-01	8.905787e-03	3.251702e-01	2.810659e-03	0.000000e+00	0.000000e+00	1.271835e-02	2.218772e-01	3.583484e-03	5.078166e-03	9.704312e-02	5.418859e-05	0.000000e+00	3.233952e-02	0.000000e+00	6.615190e-02	0.000000e+00	4.366036e-01	2.116811e-01
4.366036e-01	4.322741e-02	1.469457e-01	0.000000e+00	1.572870e-04	0.000000e+00	0.000000e+00	1.480229e-02	0.000000e+00	5.046701e-03	1.410926e-04	0.000000e+00	0.000000e+00	2.334359e-01	8.905787e-03	3.251702e-01	2.810659e-03	0.000000e+00	0.000000e+00	1.271835e-02	2.218772e-01	3.583484e-03	5.078166e-03	9.215299e-02	5.418859e-05	0.000000e+00	3.233952e-02	0.000000e+00	6.615190e-02	0.000000e+00	4.366036e-01	2.030823e-01
4.366036e-01	4.322741e-02	1.469457e-01	0.000000e+00	1.572870e-04	0.000000e+00	0.000000e+00	1.480229e-02	0.000000e+00	5.046701e-03	1.410926e-04	0.000000e+00	0.000000e+00	2.334359e-01	8.905787e-03	3.251702e-01	2.810659e-03	0.000000e+00	0.000000e+00	1.271835e-02	2.218772e-01	3.583484e-03	5.078166e-03	9.215299e-02	5.418859e-05	0.000000e+00	3.233952e-02	0.000000e+00	6.615190e-02	0.000000e+00	4.366036e-01	2.030823e-01
4.366036e-01	4.362279e-02	1.469457e-01	0.000000e+00	1.572870e-04	0.000000e+00	0.000000e+00	1.480229e-02	0.000000e+00	5.101835e-03	1.410926e-04	0.000000e+00	0.000000e+00	2.334359e-01	8.905787e-03	3.251702e-01	2.810659e-03	0.000000e+00	0.000000e+00	1.271835e-02	2.218772e-01	3.583484e-03	5.078166e-03	9.215299e-02	5.418859e-05	0.000000e+00	3.233952e-02	0.000000e+00	6.615190e-02	0.000000e+00	4.366036e-01	2.031827e-01
4.366036e-01	4.362279e-02	1.469457e-01	0.000000e+00	1.572870e-04	0.000000e+00	0.000000e+00	1.480229e-02	0.000000e+00	5.101835e-03	1.410926e-04	0.000000e+00	0.000000e+00	2.334359e-01	8.905787e-03	3.251702e-01	2.810659e-03	0.000000e+00	0.000000e+00	1.271835e-02	2.218772e-01	3.583484e-03	5.078166e-03	9.215299e-02	5.418859e-05	0.000000e+00	3.233952e-02	0.000000e+00	6.615190e-02	0.000000e+00	4.366036e-01	2.031827e-01
4.366036e-01	4.362279e-02	1.469457e-01	0.000000e+00	1.572870e-04	0.000000e+00	0.000000e+00	1.480229e-02	0.000000e+00	5.101835e-03	1.410926e-04	0.000000e+00	0.000000e+00	2.334359e-01	8.905787e-03	3.251702e-01	2.810659e-03	0.000000e+00	0.000000e+00	1.271835e-02	2.218772e-01	3.583484e-03	5.078166e-03	9.215299e-02	5.418859e-05	0.000000e+00	3.233952e-02	0.000000e+00	6.615190e-02	0.000000e+00	4.366036e-01	2.031827e-01
4.366036e-01	4.362279e-02	1.469457e-01	0.000000e+00	1.572870e-04	0.000000e+00	0.000000e+00	1.480229e-02	0.000000e+00	5.101835e-03	1.410926e-04	0.000000e+00	0.000000e+00	2.334359e-01	8.905787e-03	3.251702e-01	2.810659e-03	0.000000e+00	0.000000e+00	1.271835e-02	2.218772e-01	3.583484e-03	5.078166e-03	9.215299e-02	5.418859e-05	0.000000e+00	3.233952e-02	0.000000e+00	6.615190e-02	0.000000e+00	4.366036e-01	2.031827e-01
4.366036e-01	4.362279e-02	1.469457e-01	0.000000e+00	1.572870e-04	0.000000e+00	0.000000e+00	1.480229e-02	0.000000e+00	5.101835e-03	1.410926e-04	0.000000e+00	0.000000e+00	2.334359e-01	8.905787e-03	3.251702e-01	2.810659e-03	0.000000e+00	0.000000e+00	1.271835e-02	2.218772e-01	3.583484e-03	5.078166e-03	9.215299e-02	5.418859e-05	0.000000e+00	3.233952e-02	0.000000e+00	6.615190e-02	0.000000e+00	4.366036e-01	2.031827e-01
4.366036e-01	4.362279e-02	1.469457e-01	0.000000e+00	1.572870e-04	0.000000e+00	0.000000e+00	1.480229e-02	0.000000e+00	5.101835e-03	1.410926e-04	0.000000e+00	0.000000e+00	2.334359e-01	8.905787e-03	3.251702e-01	2.810659e-03	0.000000e+00	0.000000e+00	1.271835e-02	2.218772e-01	3.583484e-03	5.078166e-03	9.215299e-02	5.418859e-05	0.000000e+00	3.233952e-02	0.000000e+00	6.615190e-02	0.000000e+00	4.366036e-01	2.031827e-01
4.366036e-01	4.362279e-02	1.469457e-01	0.000000e+00	1.572870e-04	0.000000e+00	0.000000e+00	1.480229e-02	0.000000e+00	5.101835e-03	1.410926e-04	0.000000e+00	0.000000e+00	2.334359e-01	8.905787e-03	3.251702e-01	2.810659e-03	0.000000e+00	0.000000e+00	1.271835e-02	2.218772e-01	3.583484e-03	5.078166e-03	9.215299e-02	5.418859e-05	0.000000e+00	3.233952e-02	0.000000e+00	6.615190e-02	0.000000e+00	4.366036e-01	2.031827e-01
4.366036e-01	4.362279e-02	1.469457e-01	0.000000e+00	1.572870e-04	0.000000e+00	0.000000e+00	1.480229e-02	0.000000e+00	5.101835e-03	1.410926e-04	0.000000e+00	0.000000e+00	2.334359e-01	8.905787e-03	3.251702e-01	2.810659e-03	0.000000e+00	0.000000e+00	1.271835e-02	2.218772e-01	3.583484e-03	5.078166e-03	9.215299e-02	5.418859e-05	0.000000e+00	3.233952e-02	0.000000e+00	6.615190e-02	0.000000e+00	4.366036e-01	2.031827e-01
4.366036e-01	4.362279e-02	1.469457e-01	0.000000e+00	1.572870e-04	0.000000e+00	0.000000e+00	1.480229e-02	0.000000e+00	5.101835e-03	1.410926e-04	0.000000e+00	0.000000e+00	2.334359e-01	8.905787e-03	3.251702e-01	2.810659e-03	0.000000e+00	0.000000e+00	1.271835e-02	2.218772e-01	3.583484e-03	5.078166e-03	9.215299e-02	5.418859e-05	0.000000e+00	3.233952e-02	0.000000e+00	6.615190e-02	0.000000e+00	4.366036e-01	2.031827e-01
4.366036e-01	4.362279e-02	1.469457e-01	0.000000e+00	1.572870e-04	0.000000e+00	0.000000e+00	1.480229e-02	0.000000e+00	5.101835e-03	1.410926e-04	0.000000e+00	0.000000e+00	2.334359e-01	8.905787e-03	3.251702e-01	2.810659e-03	0.000000e+00	0.000000e+00	1.271835e-02	2.218772e-01	3.583484e-03	5.078166e-03	9.215299e-02	5.418859e-05	0.000000e+00	3.233952e-02	0.000000e+00	6.615190e-02	0.000000e+00	4.366036e-01	2.031827e-01
4.366036e-01	4.362279e-02	1.469457e-01	0.000000e+00	1.572870e-04	0.000000e+00	0.000000e+00	1.480229e-02	0.000000e+00	5.101835e-03	1.410926e-04	0.000000e+00	0.000000e+00	2.334359e-01	8.905787e-03	3.251702e-01	2.810659e-03	0.000000e+00	0.000000e+00	1.271835e-02	2.218772e-01	3.583484e-03	5.078166e-03	9.215299e-02	5.418859e-05	0.000000e+00	3.233952e-02	0.000000e+00	6.615190e-02	0.000000e+00	4.366036e-01	2.031827e-01
2.637566e-01	8.675434e-02	1.466716e-01	0.000000e+00	7.864351e-04	0.000000e+00	2.195803e-02	4.321970e-02	0.000000e+00	6.229404e-03	3.527315e-03	0.000000e+00	0.000000e+00	9.874720e-02	8.905787e-03	3.251702e-01	1.405330e-02	0.000000e+00	0.000000e+00	2.672861e-03	2.218772e-01	2.889907e-03	2.543145e-02	8.424130e-02	0.000000e+00	8.414947e-05	0.000000e+00	0.000000e+00	5.970692e-02	0.000000e+00	2.637566e-01	5.198594e-01
2.637566e-01	8.675434e-02	1.466716e-01	0.000000e+00	7.864351e-04	0.000000e+00	2.195803e-02	4.321970e-02	0.000000e+00	6.229404e-03	3.527315e-03	0.000000e+00	0.000000e+00	9.874720e-02	8.905787e-03	3.251702e-01	1.405330e-02	0.000000e+00	0.000000e+00	2.672861e-03	2.218772e-01	2.889907e-03	2.543145e-02	8.424130e-02	0.000000e+00	8.414947e-05	0.000000e+00	0.000000e+00	5.970692e-02	0.000000e+00	2.637566e-01	5.198594e-01
2.637566e-01	8.675434e-02	1.466716e-01	0.000000e+00	7.864351e-04	0.000000e+00	2.195803e-02	4.321970e-02	0.000000e+00	6.229404e-03	3.527315e-03	0.000000e+00	0.000000e+00	9.874720e-02	8.905787e-03	3.251702e-01	1.405330e-02	0.000000e+00	0.000000e+00	2.672861e-03	2.218772e-01	2.889907e-03	2.543145e-02	8.424130e-02	0.000000e+00	8.414947e-05	0.000000e+00	0.000000e+00	5.970692e-02	0.000000e+00	2.637566e-01	5.198594e-01
2.637566e-01	8.675434e-02	1.466716e-01	0.000000e+00	7.864351e-04	0.000000e+00	2.195803e-02	4.321970e-02	0.000000e+00	6.229404e-03	3.527315e-03	0.000000e+00	0.000000e+00	9.874720e-02	8.905787e-03	3.251702e-01	1.405330e-02	0.000000e+00	0.000000e+00	2.672861e-03	2.218772e-01	2.889907e-03	2.543145e-02	8.424130e-02	0.000000e+00	8.414947e-05	0.000000e+00	0.000000e+00	5.970692e-02	0.000000e+00	2.637566e-01	5.198594e-01
2.637566e-01	8.675434e-02	1.466716e-01	0.000000e+00	7.864351e-04	0.000000e+00	2.195803e-02	4.321970e-02	0.000000e+00	6.229404e-03	3.527315e-03	0.000000e+00	0.000000e+00	9.874720e-02	8.905787e-03	3.251702e-01	1.405330e-02	0.000000e+00	0.000000e+00	2.672861e-03	2.218772e-01	2.889907e-03	2.543145e-02	8.424130e-02	0.000000e+00	8.414947e-05	0.000000e+00	0.000000e+00	5.970692e-02	0.000000e+00	2.637566e-01	5.198594e-01
2.637566e-01	8.675434e-02	1.466716e-01	0.000000e+00	7.864351e-04	0.000000e+00	2.195803e-02	4.321970e-02	0.000000e+00	6.229404e-03	3.527315e-03	0.000000e+00	0.000000e+00	9.874720e-02	8.905787e-03	3.251702e-01	1.405330e-02	0.000000e+00	0.000000e+00	2.672861e-03	2.218772e-01	2.889907e-03	2.543145e-02	8.424130e-02	0.000000e+00	8.414947e-05	0.000000e+00	0.000000e+00	5.970692e-02	0.000000e+00	2.637566e-01	5.198594e-01
2.637566e-01	8.675434e-02	1.466716e-01	8.511217e-04	7.864351e-04	5.700952e-04	2.695744e-02	2.075474e-02	0.000000e+00	6.417320e-03	3.527315e-03	0.000000e+00	0.000000e+00	1.323590e-01	0.000000e+00	2.778609e-01	1.748425e-02	2.055208e-04	0.000000e+00	2.667934e-03	1.209476e-01	0.000000e+00	2.543145e-02	1.580342e-01	5.170973e-04	5.875410e-03	0.000000e+00	0.000000e+00	0.000000e+00	1.333793e-03	2.637566e-01	4.916244e-01
2.637566e-01	8.675434e-02	1.466716e-01	8.511217e-04	7.864351e-04	5.700952e-04	2.695744e-02	2.075474e-02	0.000000e+00	6.417320e-03	3.527315e-03	0.000000e+00	0.000000e+00	1.323590e-01	0.000000e+00	2.778609e-01	1.748425e-02	2.055208e-04	0.000000e+00	2.667934e-03	1.209476e-01	0.000000e+00	2.543145e-02	1.580342e-01	5.170973e-04	5.875410e-03	0.000000e+00	0.000000e+00	0.000000e+00	1.333793e-03	2.637566e-01	4.916244e-01
2.637566e-01	8.675434e-02	1.466716e-01	8.511217e-04	7.864351e-04	5.700952e-04	2.695744e-02	2.075474e-02	0.000000e+00	6.417320e-03	3.527315e-03	0.000000e+00	0.000000e+00	1.323590e-01	0.000000e+00	2.778609e-01	1.748425e-02	2.055208e-04	0.000000e+00	2.667934e-03	1.209476e-01	0.000000e+00	2.543145e-02	1.580342e-01	5.170973e-04	5.875410e-03	0.000000e+00	0.000000e+00	0.000000e+00	1.333793e-03	2.637566e-01	4.916244e-01
2.637566e-01	8.675434e-02	1.466716e-01	8.511217e-04	7.864351e-04	5.700952e-04	2.695744e-02	2.075474e-02	0.000000e+00	6.417320e-03	3.527315e-03	0.000000e+00	0.000000e+00	1.323590e-01	0.000000e+00	2.778609e-01	1.748425e-02	2.055208e-04	0.000000e+00	2.667934e-03	1.209476e-01	0.000000e+00	2.543145e-02	1.580342e-01	5.170973e-04	5.875410e-03	0.000000e+00	0.000000e+00	0.000000e+00	1.333793e-03	2.637566e-01	4.916244e-01
2.637566e-01	8.675434e-02	1.466716e-01	8.511217e-04	7.864351e-04	5.700952e-04	2.695744e-02	2.075474e-02	0.000000e+00	6.417320e-03	3.527315e-03	0.000000e+00	0.000000e+00	1.323590e-01	0.000000e+00	2.778609e-01	1.748425e-02	2.055208e-04	0.000000e+00	2.667934e-03	1.209476e-01	0.000000e+00	2.543145e-02	1.580342e-01	5.170973e-04	5.875410e-03	0.000000e+00	0.000000e+00	0.000000e+00	1.333793e-03	2.637566e-01	4.916244e-01
2.405056e-01	1.848602e-01	1.466716e-01	8.862473e-04	7.864351e-04	1.140190e-04	2.695744e-02	3.872670e-02	1.851828e-06	6.461427e-03	3.614264e-03	0.000000e+00	0.000000e+00	6.851312e-02	0.000000e+00	2.683990e-01	1.748425e-02	0.000000e+00	9.395789e-04	1.904353e-02	2.275775e-01	0.000000e+00	2.523368e-02	8.424130e-02	0.000000e+00	0.000000e+00	0.000000e+00	0.000000e+00	0.000000e+00	6.668963e-03	2.405056e-01	5.501586e-01
2.405056e-01	1.848602e-01	1.466716e-01	8.862473e-04	7.864351e-04	1.140190e-04	2.695744e-02	3.872670e-02	1.851828e-06	6.461427e-03	3.614264e-03	0.000000e+00	0.000000e+00	6.851312e-02	0.000000e+00	2.683990e-01	1.748425e-02	0.000000e+00	9.395789e-04	1.904353e-02	2.275775e-01	0.000000e+00	2.523368e-02	8.424130e-02	0.000000e+00	0.000000e+00	0.000000e+00	0.000000e+00	0.000000e+00	6.668963e-03	2.405056e-01	5.501586e-01
2.291872e-01	1.848602e-01	1.466716e-01	8.511217e-04	7.864351e-04	0.000000e+00	2.695744e-02	4.321970e-02	0.000000e+00	6.417320e-03	4.184526e-03	0.000000e+00	0.000000e+00	1.256366e-01	0.000000e+00	2.778609e-01	1.748425e-02	0.000000e+00	0.000000e+00	2.672861e-03	1.209476e-01	0.000000e+00	2.543145e-02	9.648456e-02	5.170973e-04	5.875410e-03	0.000000e+00	0.000000e+00	0.000000e+00	0.000000e+00	2.291872e-01	6.017674e-01
2.291872e-01	1.848602e-01	1.466716e-01	8.511217e-04	7.864351e-04	0.000000e+00	2.695744e-02	4.321970e-02	0.000000e+00	6.417320e-03	4.184526e-03	0.000000e+00	0.000000e+00	1.256366e-01	0.000000e+00	2.778609e-01	1.748425e-02	0.000000e+00	0.000000e+00	2.672861e-03	1.209476e-01	0.000000e+00	2.543145e-02	9.648456e-02	5.170973e-04	5.875410e-03	0.000000e+00	0.000000e+00	0.000000e+00	0.000000e+00	2.291872e-01	6.017674e-01
2.291872e-01	1.848602e-01	1.466716e-01	8.511217e-04	7.864351e-04	0.000000e+00	2.695744e-02	4.321970e-02	0.000000e+00	6.417320e-03	4.184526e-03	0.000000e+00	0.000000e+00	1.256366e-01	0.000000e+00	2.778609e-01	1.748425e-02	0.000000e+00	0.000000e+00	2.672861e-03	1.209476e-01	0.000000e+00	2.543145e-02	9.648456e-02	5.170973e-04	5.875410e-03	0.000000e+00	0.000000e+00	0.000000e+00	0.000000e+00	2.291872e-01	6.017674e-01
2.140782e-01	8.675434e-02	1.464599e-01	6.754934e-04	7.864351e-04	0.000000e+00	2.166157e-02	4.047427e-02	0.000000e+00	6.127479e-03	3.527315e-03	0.000000e+00	0.000000e+00	1.323590e-01	8.905787e-03	3.251702e-01	1.737446e-02	0.000000e+00	0.000000e+00	2.672861e-03	1.420091e-01	0.000000e+00	2.543145e-02	1.332143e-01	0.000000e+00	0.000000e+00	0.000000e+00	0.000000e+00	0.000000e+00	0.000000e+00	2.140782e-01	7.122922e-01
2.071643e-01	8.675434e-02	1.466716e-01	6.754934e-04	7.864351e-04	5.700952e-04	2.695744e-02	2.075474e-02	0.000000e+00	6.174270e-03	3.527315e-03	0.000000e+00	0.000000e+00	1.323590e-01	0.000000e+00	3.251702e-01	1.748425e-02	1.027604e-03	0.000000e+00	2.672861e-03	1.909193e-01	0.000000e+00	2.965656e-02	8.424130e-02	0.000000e+00	5.875410e-03	2.089620e-02	0.000000e+00	0.000000e+00	0.000000e+00	2.071643e-01	7.687876e-01
2.071643e-01	8.675434e-02	1.466716e-01	6.754934e-04	7.864351e-04	0.000000e+00	2.695744e-02	4.321970e-02	1.851828e-06	6.461427e-03	3.614264e-03	0.000000e+00	0.000000e+00	1.323590e-01	0.000000e+00	3.251702e-01	1.748425e-02	1.027604e-03	9.395789e-04	2.648227e-03	2.275775e-01	2.889907e-03	2.642030e-02	8.424130e-02	5.094039e-03	5.875410e-03	2.089620e-02	4.063101e-03	0.000000e+00	6.668963e-03	2.071643e-01	7.875921e-01
1.912744e-01	8.754215e-02	1.466716e-01	0.000000e+00	7.864351e-04	0.000000e+00	2.664256e-02	4.321970e-02	0.000000e+00	6.449941e-03	4.364220e-03	0.000000e+00	0.000000e+00	1.323590e-01	8.905787e-03	3.251702e-01	2.086922e-02	0.000000e+00	0.000000e+00	2.698000e-03	1.036406e-01	0.000000e+00	2.965656e-02	1.524547e-01	0.000000e+00	8.414947e-05	0.000000e+00	0.000000e+00	0.000000e+00	0.000000e+00	1.912744e-01	8.844933e-01
7.291703e-02	8.675434e-02	1.454018e-01	7.160230e-04	7.864351e-04	0.000000e+00	2.517870e-02	0.000000e+00	0.000000e+00	6.183363e-03	4.315968e-03	0.000000e+00	0.000000e+00	1.048162e-01	2.137389e-03	2.683990e-01	1.693530e-02	0.000000e+00	0.000000e+00	2.700022e-03	1.375868e-01	0.000000e+00	2.325769e-02	8.628184e-02	6.205168e-04	1.499798e-02	0.000000e+00	0.000000e+00	0.000000e+00	0.000000e+00	7.291703e-02	9.264651e-01
7.291703e-02	8.675434e-02	1.454018e-01	7.160230e-04	7.864351e-04	0.000000e+00	2.517870e-02	0.000000e+00	0.000000e+00	6.183363e-03	4.315968e-03	0.000000e+00	0.000000e+00	1.048162e-01	2.137389e-03	2.683990e-01	1.693530e-02	0.000000e+00	0.000000e+00	2.700022e-03	1.375868e-01	0.000000e+00	2.325769e-02	8.628184e-02	6.205168e-04	1.499798e-02	0.000000e+00	0.000000e+00	0.000000e+00	0.000000e+00	7.291703e-02	9.264651e-01
7.291703e-02	8.675434e-02	1.454018e-01	7.160230e-04	7.864351e-04	0.000000e+00	2.517870e-02	0.000000e+00	0.000000e+00	6.183363e-03	4.315968e-03	0.000000e+00	0.000000e+00	1.048162e-01	2.137389e-03	2.683990e-01	1.693530e-02	0.000000e+00	0.000000e+00	2.700022e-03	1.375868e-01	0.000000e+00	2.325769e-02	8.628184e-02	6.205168e-04	1.499798e-02	0.000000e+00	0.000000e+00	0.000000e+00	0.000000e+00	7.291703e-02	9.264651e-01
7.291703e-02	8.675434e-02	1.454018e-01	7.160230e-04	7.864351e-04	0.000000e+00	2.517870e-02	0.000000e+00	0.000000e+00	6.183363e-03	4.315968e-03	0.000000e+00	0.000000e+00	1.048162e-01	2.137389e-03	2.683990e-01	1.693530e-02	0.000000e+00	0.000000e+00	2.700022e-03	1.375868e-01	0.000000e+00	2.325769e-02	8.628184e-02	6.205168e-04	1.499798e-02	0.000000e+00	0.000000e+00	0.000000e+00	0.000000e+00	7.291703e-02	9.264651e-01
7.291703e-02	8.675434e-02	1.454018e-01	7.160230e-04	7.864351e-04	0.000000e+00	2.517870e-02	0.000000e+00	0.000000e+00	6.183363e-03	4.315968e-03	0.000000e+00	0.000000e+00	1.048162e-01	2.137389e-03	2.683990e-01	1.693530e-02	0.000000e+00	0.000000e+00	2.700022e-03	1.375868e-01	0.000000e+00	2.325769e-02	8.628184e-02	6.205168e-04	1.499798e-02	0.000000e+00	0.000000e+00	0.000000e+00	0.000000e+00	7.291703e-02	9.264651e-01
7.291703e-02	8.675434e-02	1.454018e-01	7.160230e-04	7.864351e-04	0.000000e+00	2.517870e-02	0.000000e+00	0.000000e+00	6.183363e-03	4.315968e-03	0.000000e+00	0.000000e+00	1.048162e-01	2.137389e-03	2.683990e-01	1.693530e-02	0.000000e+00	0.000000e+00	2.700022e-03	1.375868e-01	0.000000e+00	2.325769e-02	8.628184e-02	6.205168e-04	1.499798e-02	0.000000e+00	0.000000e+00	0.000000e+00	0.000000e+00	7.291703e-02	9.264651e-01
7.291703e-02	8.675434e-02	1.454018e-01	7.160230e-04	7.864351e-04	0.000000e+00	2.517870e-02	0.000000e+00	0.000000e+00	6.183363e-03	4.315968e-03	0.000000e+00	0.000000e+00	1.048162e-01	2.137389e-03	2.683990e-01	1.693530e-02	0.000000e+00	0.000000e+00	2.700022e-03	1.375868e-01	0.000000e+00	2.325769e-02	8.628184e-02	6.205168e-04	1.499798e-02	0.000000e+00	0.000000e+00	0.000000e+00	0.000000e+00	7.291703e-02	9.264651e-01
7.291703e-02	8.675434e-02	1.454018e-01	7.160230e-04	7.864351e-04	0.000000e+00	2.517870e-02	0.000000e+00	0.000000e+00	6.183363e-03	4.315968e-03	0.000000e+00	0.000000e+00	1.048162e-01	2.137389e-03	2.683990e-01	1.693530e-02	0.000000e+00	0.000000e+00	2.700022e-03	1.375868e-01	0.000000e+00	2.325769e-02	8.628184e-02	6.205168e-04	1.499798e-02	0.000000e+00	0.000000e+00	0.000000e+00	0.000000e+00	7.291703e-02	9.264651e-01
6.709440e-02	8.675434e-02	1.454018e-01	7.173740e-04	7.864351e-04	0.000000e+00	2.517870e-02	0.000000e+00	0.000000e+00	6.183363e-03	3.452774e-03	0.000000e+00	0.000000e+00	9.669371e-02	1.713204e-03	2.683990e-01	1.693530e-02	0.000000e+00	0.000000e+00	2.700022e-03	1.375868e-01	0.000000e+00	0.000000e+00	8.628184e-02	6.070618e-03	3.336220e-02	0.000000e+00	0.000000e+00	0.000000e+00	0.000000e+00	6.709440e-02	9.336926e-01
4.380388e-02	8.281530e-02	1.532852e-01	7.227779e-04	7.864351e-04	0.000000e+00	2.704954e-02	0.000000e+00	0.000000e+00	6.185338e-03	4.465959e-03	0.000000e+00	0.000000e+00	1.048162e-01	1.646257e-05	3.410788e-01	1.046701e-05	0.000000e+00	0.000000e+00	2.709976e-03	1.127994e-01	5.319540e-02	3.668679e-02	1.141794e-01	2.787102e-02	1.383973e-02	0.000000e+00	0.000000e+00	0.000000e+00	2.667585e-04	4.380388e-02	1.051142e+00
4.380388e-02	8.281530e-02	1.532852e-01	7.227779e-04	7.864351e-04	0.000000e+00	2.704954e-02	0.000000e+00	0.000000e+00	6.185338e-03	4.465959e-03	0.000000e+00	0.000000e+00	1.048162e-01	1.646257e-05	3.410788e-01	1.046701e-05	0.000000e+00	0.000000e+00	2.709976e-03	1.127994e-01	5.319540e-02	3.668679e-02	1.141794e-01	2.787102e-02	1.383973e-02	0.000000e+00	0.000000e+00	0.000000e+00	2.667585e-04	4.380388e-02	1.051142e+00
9.918747e-03	8.754215e-02	1.536301e-01	0.000000e+00	7.864351e-04	1.049752e-02	2.754407e-02	8.701721e-03	0.000000e+00	6.448122e-03	1.283839e-02	7.857079e-06	0.000000e+00	1.394920e-01	4.283228e-04	3.365244e-01	2.097901e-02	2.055208e-04	4.938181e-03	6.826139e-02	2.191944e-01	1.638145e-04	3.558788e-02	1.520466e-01	5.450101e-03	0.000000e+00	4.179239e-03	9.804424e-02	3.550996e-02	0.000000e+00	9.918747e-03	1.320786e+00
9.918747e-03	8.754215e-02	1.536301e-01	0.000000e+00	7.864351e-04	1.049752e-02	2.754407e-02	8.701721e-03	0.000000e+00	6.448122e-03	1.283839e-02	7.857079e-06	0.000000e+00	1.394920e-01	4.283228e-04	3.365244e-01	2.097901e-02	2.055208e-04	4.938181e-03	6.826139e-02	2.191944e-01	1.638145e-04	3.558788e-02	1.520466e-01	5.450101e-03	0.000000e+00	4.179239e-03	9.804424e-02	3.550996e-02	0.000000e+00	9.918747e-03	1.320786e+00
0.000000e+00	1.602275e-01	1.532852e-01	0.000000e+00	2.916886e-04	0.000000e+00	2.704954e-02	0.000000e+00	3.703655e-07	6.458762e-03	4.250167e-03	0.000000e+00	0.000000e+00	1.337034e-01	8.905787e-03	5.002660e-01	2.086922e-02	2.055208e-04	1.879158e-04	2.549692e-03	2.241218e-01	5.779813e-04	3.668679e-02	1.500061e-01	9.153884e-04	8.414947e-05	4.179239e-03	8.126203e-04	0.000000e+00	0.000000e+00	0.000000e+00	1.445542e+00
