6.532075e-01	0.000000e+00	4.495810e-03	2.017052e-03	1.169932e-03	0.000000e+00	0.000000e+00	1.054770e-05	0.000000e+00	0.000000e+00	0.000000e+00	1.777704e-03	0.000000e+00	0.000000e+00	0.000000e+00	5.665214e-03	0.000000e+00	0.000000e+00	1.605449e-03	3.145344e-03	5.402343e-04	3.881738e-03	1.513202e-03	0.000000e+00	2.888108e-05	0.000000e+00	4.110924e-05	6.244061e-04	6.377637e-04	0.000000e+00	6.532075e-01	-4.530777e-01
6.490855e-01	1.470045e-03	6.566872e-03	0.000000e+00	1.409592e-03	0.000000e+00	9.215065e-05	2.900618e-04	0.000000e+00	1.293999e-03	0.000000e+00	1.108480e-03	4.192355e-04	5.851136e-05	3.186360e-04	4.465083e-03	0.000000e+00	3.657096e-04	2.308955e-03	4.248839e-03	4.847121e-04	7.378810e-04	0.000000e+00	7.986766e-03	1.126531e-03	0.000000e+00	0.000000e+00	6.019237e-04	2.376836e-05	1.598020e-02	6.490855e-01	-4.449326e-01
6.462549e-01	1.578482e-03	0.000000e+00	3.878362e-04	8.681348e-04	0.000000e+00	0.000000e+00	9.281979e-04	0.000000e+00	0.000000e+00	1.815859e-03	2.819283e-03	2.524068e-03	2.519868e-03	3.823632e-04	1.132585e-03	1.693001e-03	2.583151e-03	2.391056e-03	2.567331e-03	2.390889e-04	2.405976e-03	1.915542e-03	0.000000e+00	1.130334e-03	1.518732e-04	1.719480e-03	1.104987e-03	9.507343e-05	0.000000e+00	6.462549e-01	-4.395603e-01
6.442177e-01	1.656897e-03	0.000000e+00	0.000000e+00	0.000000e+00	0.000000e+00	4.283902e-04	0.000000e+00	0.000000e+00	1.056564e-04	1.815859e-03	5.341263e-05	2.939811e-03	1.580395e-03	1.019635e-03	0.000000e+00	0.000000e+00	3.342493e-03	2.687630e-03	3.876606e-03	4.613484e-04	2.405976e-03	0.000000e+00	0.000000e+00	1.823066e-03	0.000000e+00	1.287688e-03	5.065183e-04	3.167211e-04	0.000000e+00	6.442177e-01	-4.313549e-01
6.428883e-01	2.361281e-03	0.000000e+00	5.142563e-03	0.000000e+00	0.000000e+00	1.416275e-04	0.000000e+00	0.000000e+00	3.587559e-03	9.079293e-04	1.255318e-03	1.632912e-03	1.192187e-03	0.000000e+00	9.441005e-04	0.000000e+00	1.123132e-02	3.796855e-03	3.334487e-03	7.783734e-04	0.000000e+00	3.427132e-03	3.927583e-03	1.649322e-03	0.000000e+00	1.743723e-03	1.517731e-03	0.000000e+00	0.000000e+00	6.428883e-01	-4.196590e-01
6.428883e-01	3.262396e-03	3.712781e-03	5.142563e-03	0.000000e+00	0.000000e+00	0.000000e+00	0.000000e+00	0.000000e+00	3.587559e-03	2.369385e-04	1.255318e-03	1.369742e-03	1.192187e-03	0.000000e+00	9.441005e-04	0.000000e+00	0.000000e+00	7.995023e-04	3.112377e-03	7.783734e-04	0.000000e+00	3.427132e-03	4.249692e-02	1.649322e-03	0.000000e+00	8.754228e-04	1.795394e-03	0.000000e+00	3.085157e-04	6.428883e-01	-4.145369e-01
6.400798e-01	1.656897e-03	6.566872e-03	0.000000e+00	3.524991e-03	0.000000e+00	4.283902e-04	0.000000e+00	0.000000e+00	0.000000e+00	2.033090e-04	5.341263e-05	2.096177e-04	2.925568e-05	0.000000e+00	0.000000e+00	0.000000e+00	3.791985e-04	2.687630e-03	3.475951e-03	3.156764e-04	3.689405e-04	1.635751e-03	0.000000e+00	1.822723e-04	0.000000e+00	2.062527e-03	1.030494e-03	0.000000e+00	7.990098e-03	6.400798e-01	-4.031784e-01
6.389492e-01	1.522289e-03	7.765929e-03	3.309732e-03	2.002561e-03	0.000000e+00	1.416275e-04	5.906714e-04	0.000000e+00	4.381777e-03	2.581516e-03	0.000000e+00	7.092687e-04	0.000000e+00	3.313814e-03	4.720502e-04	0.000000e+00	1.169090e-02	4.963557e-04	0.000000e+00	8.766161e-06	0.000000e+00	0.000000e+00	0.000000e+00	1.431228e-03	0.000000e+00	0.000000e+00	1.728344e-03	9.075191e-05	0.000000e+00	6.389492e-01	-3.922851e-01
6.376203e-01	2.413893e-03	7.425561e-03	7.459722e-03	0.000000e+00	0.000000e+00	0.000000e+00	3.586219e-04	0.000000e+00	0.000000e+00	2.369385e-04	2.975586e-03	2.469125e-03	0.000000e+00	0.000000e+00	0.000000e+00	0.000000e+00	4.407906e-03	1.632634e-03	3.116520e-03	6.977401e-04	0.000000e+00	4.257450e-05	0.000000e+00	7.575268e-04	0.000000e+00	1.452125e-03	1.199744e-03	3.232034e-04	6.646984e-04	6.376203e-01	-3.814840e-01
6.369015e-01	0.000000e+00	0.000000e+00	0.000000e+00	9.755244e-04	0.000000e+00	4.192155e-03	5.273852e-05	0.000000e+00	1.293999e-03	2.033090e-04	2.263629e-04	0.000000e+00	1.155787e-03	6.372720e-04	0.000000e+00	0.000000e+00	2.343499e-03	1.113427e-03	3.428327e-03	5.411365e-04	0.000000e+00	4.298405e-03	0.000000e+00	6.323563e-04	0.000000e+00	0.000000e+00	2.243591e-03	8.643039e-06	1.598020e-02	6.369015e-01	-3.744450e-01
6.359383e-01	1.041471e-03	0.000000e+00	4.014201e-03	4.793206e-04	0.000000e+00	0.000000e+00	6.750530e-04	0.000000e+00	0.000000e+00	1.864942e-04	1.055048e-03	1.098586e-03	0.000000e+00	0.000000e+00	9.465042e-04	0.000000e+00	1.763114e-02	3.789423e-03	0.000000e+00	1.209786e-04	0.000000e+00	5.138987e-03	0.000000e+00	6.037396e-04	2.893692e-04	1.671273e-03	1.742978e-03	8.643039e-05	0.000000e+00	6.359383e-01	-3.647595e-01
6.345745e-01	1.568304e-04	0.000000e+00	0.000000e+00	1.292618e-03	0.000000e+00	1.015610e-03	1.012580e-03	0.000000e+00	3.587559e-03	0.000000e+00	1.884529e-03	0.000000e+00	0.000000e+00	0.000000e+00	9.441005e-04	0.000000e+00	0.000000e+00	9.002339e-04	2.676176e-03	1.319766e-04	0.000000e+00	3.890157e-03	1.597353e-02	1.649322e-03	1.042299e-03	1.491020e-04	0.000000e+00	0.000000e+00	0.000000e+00	6.345745e-01	-3.513185e-01
6.336271e-01	1.478979e-03	0.000000e+00	8.308329e-04	9.586412e-04	0.000000e+00	2.234674e-04	2.109541e-05	0.000000e+00	0.000000e+00	0.000000e+00	3.493554e-03	8.384709e-04	1.507594e-03	1.529453e-03	0.000000e+00	0.000000e+00	4.640848e-03	7.245502e-04	3.372810e-03	4.703140e-04	2.951524e-03	0.000000e+00	0.000000e+00	1.857166e-04	0.000000e+00	8.221848e-05	1.958239e-03	2.592912e-05	0.000000e+00	6.336271e-01	-3.429134e-01
6.327307e-01	3.726502e-04	1.656850e-02	4.990248e-03	0.000000e+00	0.000000e+00	1.416275e-04	5.906714e-04	0.000000e+00	2.113128e-04	0.000000e+00	1.498644e-03	9.413732e-04	1.517366e-03	3.058905e-03	0.000000e+00	0.000000e+00	4.407906e-03	4.963557e-04	2.446479e-03	4.703140e-04	0.000000e+00	3.300364e-03	0.000000e+00	8.212987e-04	3.547138e-04	0.000000e+00	1.248812e-03	5.185823e-05	0.000000e+00	6.327307e-01	-3.291707e-01
6.317548e-01	2.836913e-04	1.328506e-02	6.309066e-03	2.346179e-03	0.000000e+00	3.916608e-05	5.643021e-04	0.000000e+00	0.000000e+00	2.479861e-03	1.650085e-04	1.179955e-03	1.390571e-03	1.019635e-03	4.720502e-04	0.000000e+00	6.538731e-03	0.000000e+00	0.000000e+00	3.519377e-04	2.727740e-04	6.836734e-06	0.000000e+00	1.419843e-04	3.064154e-04	0.000000e+00	2.635263e-03	6.482279e-05	0.000000e+00	6.317548e-01	-3.181468e-01
6.308101e-01	2.793058e-03	0.000000e+00	2.707508e-03	3.466504e-03	0.000000e+00	4.681067e-03	3.375265e-04	0.000000e+00	2.587997e-03	2.033090e-04	5.418101e-04	0.000000e+00	0.000000e+00	2.549088e-04	1.893008e-03	0.000000e+00	1.225969e-02	3.682414e-03	2.689620e-03	1.393087e-04	0.000000e+00	3.580830e-03	0.000000e+00	4.436679e-04	5.787384e-04	2.137078e-03	2.491554e-04	3.599363e-04	0.000000e+00	6.308101e-01	-3.052925e-01
6.297100e-01	0.000000e+00	4.142125e-03	4.990248e-03	2.309068e-03	0.000000e+00	1.416275e-04	0.000000e+00	0.000000e+00	2.113128e-04	0.000000e+00	1.498644e-03	9.413732e-04	1.517366e-03	7.647264e-04	0.000000e+00	0.000000e+00	4.407906e-03	3.070848e-04	2.446479e-03	0.000000e+00	0.000000e+00	0.000000e+00	0.000000e+00	8.212987e-04	3.547138e-04	0.000000e+00	1.489861e-04	5.185823e-05	4.766694e-05	6.297100e-01	-2.948904e-01
6.287704e-01	2.055450e-03	2.071062e-03	1.712422e-03	1.034693e-03	0.000000e+00	0.000000e+00	0.000000e+00	0.000000e+00	1.056564e-04	1.184693e-04	7.621975e-04	6.058667e-04	9.717340e-03	6.186485e-04	1.648887e-03	0.000000e+00	0.000000e+00	1.367276e-04	2.777357e-03	1.319766e-04	0.000000e+00	4.397228e-03	0.000000e+00	2.517538e-04	1.773569e-04	1.493605e-04	1.270015e-03	1.186659e-03	0.000000e+00	6.287704e-01	-2.811820e-01
6.278172e-01	2.069196e-03	0.000000e+00	1.195235e-03	0.000000e+00	0.000000e+00	0.000000e+00	0.000000e+00	0.000000e+00	0.000000e+00	2.369385e-04	7.128893e-04	0.000000e+00	0.000000e+00	0.000000e+00	0.000000e+00	0.000000e+00	7.583970e-04	1.734197e-03	3.418781e-03	8.798443e-05	0.000000e+00	2.428018e-04	2.632012e-04	0.000000e+00	0.000000e+00	1.534343e-03	1.746220e-03	6.943776e-05	2.846823e-04	6.278172e-01	-2.710929e-01
6.269109e-01	1.072069e-04	4.142125e-03	5.998668e-03	1.662759e-03	0.000000e+00	0.000000e+00	0.000000e+00	0.000000e+00	0.000000e+00	0.000000e+00	5.563799e-04	9.413732e-04	0.000000e+00	7.647264e-04	0.000000e+00	0.000000e+00	4.407906e-03	1.493457e-03	1.124684e-03	0.000000e+00	1.627048e-04	4.312079e-03	0.000000e+00	0.000000e+00	6.128307e-04	0.000000e+00	2.197155e-03	1.204090e-04	6.646984e-04	6.269109e-01	-2.553719e-01
6.260244e-01	3.096921e-03	0.000000e+00	3.690359e-03	0.000000e+00	0.000000e+00	0.000000e+00	0.000000e+00	0.000000e+00	0.000000e+00	2.369385e-04	3.693199e-04	3.677843e-04	0.000000e+00	7.449375e-05	3.437433e-04	0.000000e+00	0.000000e+00	8.502837e-04	3.263508e-03	1.759689e-04	0.000000e+00	0.000000e+00	0.000000e+00	0.000000e+00	0.000000e+00	1.534343e-03	1.820713e-03	2.653559e-03	3.085157e-04	6.260244e-01	-2.443700e-01
6.253475e-01	4.288676e-03	0.000000e+00	1.408870e-03	0.000000e+00	0.000000e+00	0.000000e+00	6.750530e-04	0.000000e+00	0.000000e+00	3.814821e-04	3.774985e-04	0.000000e+00	0.000000e+00	2.248396e-04	2.504609e-03	0.000000e+00	1.353347e-02	1.229671e-03	9.486559e-04	4.548521e-04	3.254095e-04	0.000000e+00	2.632012e-04	3.301862e-05	7.907349e-04	0.000000e+00	1.140661e-03	5.168243e-03	0.000000e+00	6.253475e-01	-2.314338e-01
6.239256e-01	0.000000e+00	0.000000e+00	0.000000e+00	4.412949e-04	0.000000e+00	2.234674e-04	0.000000e+00	0.000000e+00	0.000000e+00	5.245662e-04	3.383774e-06	1.052104e-03	0.000000e+00	1.220128e-03	0.000000e+00	0.000000e+00	5.020047e-03	0.000000e+00	3.693521e-03	4.483179e-04	2.951524e-03	0.000000e+00	0.000000e+00	5.983967e-05	0.000000e+00	0.000000e+00	2.196341e-03	8.328265e-05	0.000000e+00	6.239256e-01	-2.125643e-01
6.234496e-01	1.034598e-03	0.000000e+00	2.353064e-05	0.000000e+00	8.419182e-04	0.000000e+00	0.000000e+00	0.000000e+00	7.161573e-03	4.035545e-04	3.699797e-04	2.326043e-04	0.000000e+00	3.895409e-04	0.000000e+00	0.000000e+00	0.000000e+00	4.299635e-04	2.038076e-03	4.399222e-05	0.000000e+00	1.284304e-04	0.000000e+00	0.000000e+00	0.000000e+00	7.671715e-04	6.251911e-04	1.141202e-04	6.170315e-04	6.234496e-01	-2.055851e-01
6.223371e-01	0.000000e+00	0.000000e+00	3.054411e-03	0.000000e+00	0.000000e+00	2.977600e-05	0.000000e+00	0.000000e+00	0.000000e+00	3.397478e-05	7.455512e-04	7.598486e-04	3.883949e-03	7.517293e-05	1.037286e-03	0.000000e+00	1.391092e-02	8.211128e-04	6.573708e-04	0.000000e+00	3.254095e-04	0.000000e+00	1.316006e-04	2.001650e-03	2.305504e-03	0.000000e+00	0.000000e+00	1.340625e-03	1.234063e-03	6.223371e-01	-1.845433e-01
6.211266e-01	0.000000e+00	0.000000e+00	0.000000e+00	0.000000e+00	0.000000e+00	0.000000e+00	0.000000e+00	0.000000e+00	7.161573e-03	4.327645e-04	0.000000e+00	2.241538e-03	5.758169e-04	1.643617e-04	0.000000e+00	0.000000e+00	0.000000e+00	0.000000e+00	0.000000e+00	0.000000e+00	4.881143e-04	1.508660e-03	0.000000e+00	0.000000e+00	0.000000e+00	0.000000e+00	0.000000e+00	0.000000e+00	0.000000e+00	6.211266e-01	-1.683925e-01
6.200417e-01	0.000000e+00	0.000000e+00	0.000000e+00	8.428806e-04	0.000000e+00	2.977600e-05	0.000000e+00	0.000000e+00	0.000000e+00	3.254634e-04	7.286323e-04	0.000000e+00	3.883949e-03	6.731605e-05	6.751632e-04	0.000000e+00	1.273778e-03	0.000000e+00	0.000000e+00	0.000000e+00	3.254095e-04	2.293913e-04	3.251798e-04	0.000000e+00	2.188348e-03	6.482343e-05	0.000000e+00	0.000000e+00	0.000000e+00	6.200417e-01	-1.504721e-01
6.191323e-01	4.832437e-04	0.000000e+00	4.062831e-03	8.429175e-04	0.000000e+00	0.000000e+00	0.000000e+00	0.000000e+00	0.000000e+00	6.180753e-04	7.455512e-04	0.000000e+00	4.459766e-03	0.000000e+00	9.207399e-04	0.000000e+00	1.273778e-03	0.000000e+00	9.221485e-05	0.000000e+00	0.000000e+00	0.000000e+00	5.264024e-04	1.212174e-03	1.373544e-04	3.528139e-04	0.000000e+00	8.328265e-05	1.234063e-03	6.191323e-01	-1.337681e-01
4.542170e-01	0.000000e+00	0.000000e+00	0.000000e+00	0.000000e+00	0.000000e+00	0.000000e+00	0.000000e+00	0.000000e+00	0.000000e+00	2.690363e-04	1.691887e-05	0.000000e+00	0.000000e+00	1.831549e-04	9.207399e-04	0.000000e+00	0.000000e+00	0.000000e+00	6.573708e-04	0.000000e+00	0.000000e+00	1.405888e-05	5.264024e-04	4.799993e-05	0.000000e+00	0.000000e+00	0.000000e+00	8.328265e-05	0.000000e+00	4.542170e-01	-1.236335e-01
4.542170e-01	0.000000e+00	0.000000e+00	0.000000e+00	0.000000e+00	0.000000e+00	0.000000e+00	0.000000e+00	0.000000e+00	0.000000e+00	2.690363e-04	1.691887e-05	0.000000e+00	0.000000e+00	1.831549e-04	9.207399e-04	0.000000e+00	0.000000e+00	0.000000e+00	6.573708e-04	0.000000e+00	0.000000e+00	1.405888e-05	5.264024e-04	4.799993e-05	0.000000e+00	0.000000e+00	0.000000e+00	8.328265e-05	0.000000e+00	4.542170e-01	-1.236335e-01
4.542170e-01	0.000000e+00	0.000000e+00	0.000000e+00	0.000000e+00	0.000000e+00	0.000000e+00	0.000000e+00	0.000000e+00	0.000000e+00	2.690363e-04	1.691887e-05	0.000000e+00	0.000000e+00	1.831549e-04	9.207399e-04	0.000000e+00	0.000000e+00	0.000000e+00	6.573708e-04	0.000000e+00	0.000000e+00	1.405888e-05	5.264024e-04	4.799993e-05	0.000000e+00	0.000000e+00	0.000000e+00	8.328265e-05	0.000000e+00	4.542170e-01	-1.236335e-01
4.542170e-01	0.000000e+00	0.000000e+00	0.000000e+00	0.000000e+00	0.000000e+00	0.000000e+00	0.000000e+00	0.000000e+00	0.000000e+00	2.690363e-04	1.691887e-05	0.000000e+00	0.000000e+00	1.831549e-04	9.207399e-04	0.000000e+00	0.000000e+00	0.000000e+00	6.573708e-04	0.000000e+00	0.000000e+00	1.405888e-05	5.264024e-04	4.799993e-05	0.000000e+00	0.000000e+00	0.000000e+00	8.328265e-05	0.000000e+00	4.542170e-01	-1.236335e-01
4.542170e-01	0.000000e+00	0.000000e+00	0.000000e+00	0.000000e+00	0.000000e+00	0.000000e+00	0.000000e+00	0.000000e+00	0.000000e+00	2.690363e-04	1.691887e-05	0.000000e+00	0.000000e+00	1.831549e-04	9.207399e-04	0.000000e+00	0.000000e+00	0.000000e+00	6.573708e-04	0.000000e+00	0.000000e+00	1.405888e-05	5.264024e-04	4.799993e-05	0.000000e+00	0.000000e+00	0.000000e+00	8.328265e-05	0.000000e+00	4.542170e-01	-1.236335e-01
4.542170e-01	0.000000e+00	0.000000e+00	0.000000e+00	0.000000e+00	0.000000e+00	0.000000e+00	0.000000e+00	0.000000e+00	0.000000e+00	2.690363e-04	1.691887e-05	0.000000e+00	0.000000e+00	1.831549e-04	9.207399e-04	0.000000e+00	0.000000e+00	0.000000e+00	6.573708e-04	0.000000e+00	0.000000e+00	1.405888e-05	5.264024e-04	4.799993e-05	0.000000e+00	0.000000e+00	0.000000e+00	8.328265e-05	0.000000e+00	4.542170e-01	-1.236335e-01
4.478074e-01	0.000000e+00	0.000000e+00	2.016839e-03	5.765051e-04	0.000000e+00	2.977600e-05	0.000000e+00	0.000000e+00	0.000000e+00	4.399022e-04	2.707019e-05	0.000000e+00	1.151634e-03	0.000000e+00	6.751632e-04	0.000000e+00	0.000000e+00	0.000000e+00	0.000000e+00	0.000000e+00	1.301638e-03	8.033644e-06	0.000000e+00	1.212174e-03	5.441639e-05	7.056278e-04	0.000000e+00	0.000000e+00	0.000000e+00	4.478074e-01	-1.142360e-01
4.444389e-01	3.799941e-04	0.000000e+00	0.000000e+00	0.000000e+00	0.000000e+00	2.977600e-05	0.000000e+00	0.000000e+00	0.000000e+00	1.836034e-04	2.707019e-05	0.000000e+00	0.000000e+00	0.000000e+00	6.751632e-04	0.000000e+00	0.000000e+00	0.000000e+00	0.000000e+00	0.000000e+00	1.301638e-03	2.464628e-04	0.000000e+00	0.000000e+00	2.021515e-03	0.000000e+00	0.000000e+00	1.249240e-04	0.000000e+00	4.444389e-01	-1.033034e-01
4.413978e-01	4.189811e-03	0.000000e+00	2.980761e-04	0.000000e+00	0.000000e+00	7.905285e-04	0.000000e+00	0.000000e+00	0.000000e+00	1.836034e-04	2.707019e-05	2.378868e-03	0.000000e+00	2.019481e-04	1.047803e-03	0.000000e+00	0.000000e+00	0.000000e+00	9.140623e-03	0.000000e+00	2.210603e-03	1.707149e-05	2.590904e-04	0.000000e+00	0.000000e+00	8.643124e-05	0.000000e+00	1.249240e-04	0.000000e+00	4.413978e-01	-8.540856e-02
4.386226e-01	0.000000e+00	1.406159e-04	9.784309e-04	5.972679e-08	0.000000e+00	7.905285e-04	0.000000e+00	0.000000e+00	0.000000e+00	2.346830e-03	6.952915e-04	0.000000e+00	3.530870e-04	0.000000e+00	6.957467e-05	3.588369e-04	1.611834e-02	6.776264e-21	4.382472e-04	0.000000e+00	6.973425e-04	8.229026e-04	0.000000e+00	1.599998e-06	0.000000e+00	6.448051e-04	2.318662e-05	8.328265e-05	5.318859e-03	4.386226e-01	-6.697708e-02
4.357999e-01	5.147243e-03	0.000000e+00	0.000000e+00	4.550613e-08	0.000000e+00	1.581057e-03	0.000000e+00	0.000000e+00	0.000000e+00	0.000000e+00	2.030264e-05	2.378868e-03	0.000000e+00	6.731605e-05	3.448643e-04	1.435348e-03	0.000000e+00	0.000000e+00	0.000000e+00	0.000000e+00	0.000000e+00	4.255102e-04	1.842408e-03	5.119993e-05	0.000000e+00	2.859550e-03	5.790193e-05	0.000000e+00	2.468126e-03	4.357999e-01	-4.941433e-02
4.336006e-01	3.662532e-03	0.000000e+00	2.980761e-04	4.550613e-08	0.000000e+00	7.905285e-04	0.000000e+00	0.000000e+00	0.000000e+00	0.000000e+00	0.000000e+00	2.378868e-03	0.000000e+00	1.346321e-04	6.957467e-05	0.000000e+00	0.000000e+00	0.000000e+00	9.140623e-03	0.000000e+00	1.301638e-03	4.587826e-04	2.590904e-04	2.719996e-05	4.101988e-03	8.643124e-05	1.706039e-06	0.000000e+00	0.000000e+00	4.336006e-01	-3.106823e-02
4.314612e-01	5.147243e-03	6.195802e-04	0.000000e+00	4.408406e-08	0.000000e+00	3.952643e-04	0.000000e+00	0.000000e+00	0.000000e+00	0.000000e+00	2.030264e-05	2.378868e-03	1.765435e-04	0.000000e+00	1.013015e-03	1.435348e-03	0.000000e+00	3.388132e-21	9.478809e-03	0.000000e+00	0.000000e+00	4.255102e-04	1.842408e-03	0.000000e+00	0.000000e+00	0.000000e+00	5.790193e-05	0.000000e+00	0.000000e+00	4.314612e-01	-1.239067e-02
4.289298e-01	1.054558e-03	0.000000e+00	0.000000e+00	1.478949e-07	0.000000e+00	0.000000e+00	0.000000e+00	0.000000e+00	0.000000e+00	5.189665e-04	1.353510e-05	0.000000e+00	7.061740e-04	3.980061e-04	0.000000e+00	0.000000e+00	0.000000e+00	0.000000e+00	1.114619e-03	0.000000e+00	9.304687e-05	7.362737e-04	9.698854e-06	0.000000e+00	5.895736e-05	0.000000e+00	3.412078e-06	9.187252e-03	4.117199e-04	4.289298e-01	9.719695e-03
4.275185e-01	2.902544e-03	0.000000e+00	9.184536e-04	6.825919e-08	0.000000e+00	0.000000e+00	0.000000e+00	0.000000e+00	0.000000e+00	0.000000e+00	1.902214e-04	7.789477e-03	0.000000e+00	1.346321e-04	1.025429e-03	1.495154e-03	8.059169e-03	0.000000e+00	5.206032e-04	0.000000e+00	0.000000e+00	0.000000e+00	2.173096e-03	0.000000e+00	1.110527e-03	4.952650e-04	2.988153e-05	0.000000e+00	1.234063e-03	4.275185e-01	2.677381e-02
4.245824e-01	8.809775e-03	0.000000e+00	0.000000e+00	0.000000e+00	0.000000e+00	1.595945e-03	0.000000e+00	0.000000e+00	0.000000e+00	1.836034e-04	2.707019e-05	0.000000e+00	5.758169e-04	0.000000e+00	0.000000e+00	0.000000e+00	0.000000e+00	0.000000e+00	0.000000e+00	0.000000e+00	0.000000e+00	4.224976e-04	0.000000e+00	5.279993e-05	7.142621e-05	0.000000e+00	0.000000e+00	0.000000e+00	6.170315e-04	4.245824e-01	5.472636e-02
4.229261e-01	0.000000e+00	2.000454e-03	3.101887e-04	0.000000e+00	0.000000e+00	0.000000e+00	0.000000e+00	0.000000e+00	0.000000e+00	2.690363e-04	2.707019e-05	7.440100e-03	0.000000e+00	2.019481e-04	2.093773e-04	0.000000e+00	4.029585e-03	0.000000e+00	0.000000e+00	0.000000e+00	5.594967e-04	0.000000e+00	9.570028e-04	0.000000e+00	0.000000e+00	2.044169e-04	0.000000e+00	1.249240e-04	0.000000e+00	4.229261e-01	7.414686e-02
4.210178e-01	4.362707e-03	0.000000e+00	1.781217e-04	4.550613e-08	0.000000e+00	7.905285e-04	0.000000e+00	0.000000e+00	0.000000e+00	0.000000e+00	1.616562e-03	0.000000e+00	0.000000e+00	2.019481e-04	1.115076e-03	0.000000e+00	1.371562e-04	0.000000e+00	8.663727e-03	0.000000e+00	2.164079e-03	4.016822e-06	2.542409e-04	0.000000e+00	9.483348e-05	8.643124e-05	2.233360e-05	4.164133e-05	0.000000e+00	4.210178e-01	9.705016e-02
4.187493e-01	0.000000e+00	1.379776e-03	2.399089e-04	1.478949e-07	0.000000e+00	0.000000e+00	0.000000e+00	0.000000e+00	0.000000e+00	5.189665e-04	3.141306e-03	0.000000e+00	7.061740e-04	3.980061e-04	0.000000e+00	7.176738e-04	0.000000e+00	1.355253e-20	1.114619e-03	0.000000e+00	9.304687e-05	7.362737e-04	9.698854e-06	0.000000e+00	8.616555e-05	0.000000e+00	4.466720e-05	1.665653e-04	2.490375e-06	4.187493e-01	1.222188e-01
4.161447e-01	7.015603e-04	0.000000e+00	0.000000e+00	1.383105e-02	0.000000e+00	7.979725e-04	0.000000e+00	0.000000e+00	0.000000e+00	0.000000e+00	0.000000e+00	0.000000e+00	0.000000e+00	0.000000e+00	6.727304e-05	0.000000e+00	6.857811e-05	0.000000e+00	0.000000e+00	0.000000e+00	0.000000e+00	5.788835e-04	1.052805e-03	2.639996e-05	1.736294e-04	0.000000e+00	0.000000e+00	0.000000e+00	0.000000e+00	4.161447e-01	1.564119e-01
4.138910e-01	0.000000e+00	0.000000e+00	9.184536e-04	4.550613e-08	0.000000e+00	0.000000e+00	0.000000e+00	0.000000e+00	0.000000e+00	0.000000e+00	0.000000e+00	0.000000e+00	0.000000e+00	4.316641e-04	9.581556e-04	0.000000e+00	7.990591e-03	0.000000e+00	4.401901e-04	6.084049e-05	0.000000e+00	3.696432e-04	1.052805e-03	4.799993e-05	0.000000e+00	4.083766e-03	1.494077e-05	0.000000e+00	1.234063e-03	4.138910e-01	1.854217e-01
4.116077e-01	2.375721e-03	0.000000e+00	0.000000e+00	3.412959e-08	0.000000e+00	4.250403e-04	0.000000e+00	0.000000e+00	0.000000e+00	1.772346e-04	0.000000e+00	1.189434e-03	0.000000e+00	5.940641e-04	0.000000e+00	1.495154e-03	0.000000e+00	0.000000e+00	0.000000e+00	0.000000e+00	6.756743e-04	1.474556e-03	1.444234e-03	6.479991e-05	2.054395e-03	0.000000e+00	2.988153e-05	0.000000e+00	0.000000e+00	4.116077e-01	2.141697e-01
2.581130e-01	3.457915e-04	0.000000e+00	0.000000e+00	0.000000e+00	0.000000e+00	0.000000e+00	0.000000e+00	0.000000e+00	0.000000e+00	0.000000e+00	5.944418e-05	0.000000e+00	0.000000e+00	0.000000e+00	1.345461e-04	0.000000e+00	1.371562e-04	0.000000e+00	1.608263e-04	0.000000e+00	0.000000e+00	7.352695e-04	0.000000e+00	0.000000e+00	2.758325e-04	0.000000e+00	0.000000e+00	0.000000e+00	0.000000e+00	2.581130e-01	2.426054e-01
2.581130e-01	3.457915e-04	0.000000e+00	0.000000e+00	0.000000e+00	0.000000e+00	0.000000e+00	0.000000e+00	0.000000e+00	0.000000e+00	0.000000e+00	5.944418e-05	0.000000e+00	0.000000e+00	0.000000e+00	1.345461e-04	0.000000e+00	1.371562e-04	0.000000e+00	1.608263e-04	0.000000e+00	0.000000e+00	7.352695e-04	0.000000e+00	0.000000e+00	2.758325e-04	0.000000e+00	0.000000e+00	0.000000e+00	0.000000e+00	2.581130e-01	2.426054e-01
2.581130e-01	3.457915e-04	0.000000e+00	0.000000e+00	0.000000e+00	0.000000e+00	0.000000e+00	0.000000e+00	0.000000e+00	0.000000e+00	0.000000e+00	5.944418e-05	0.000000e+00	0.000000e+00	0.000000e+00	1.345461e-04	0.000000e+00	1.371562e-04	0.000000e+00	1.608263e-04	0.000000e+00	0.000000e+00	7.352695e-04	0.000000e+00	0.000000e+00	2.758325e-04	0.000000e+00	0.000000e+00	0.000000e+00	0.000000e+00	2.581130e-01	2.426054e-01
2.581130e-01	3.457915e-04	0.000000e+00	0.000000e+00	0.000000e+00	0.000000e+00	0.000000e+00	0.000000e+00	0.000000e+00	0.000000e+00	0.000000e+00	5.944418e-05	0.000000e+00	0.000000e+00	0.000000e+00	1.345461e-04	0.000000e+00	1.371562e-04	0.000000e+00	1.608263e-04	0.000000e+00	0.000000e+00	7.352695e-04	0.000000e+00	0.000000e+00	2.758325e-04	0.000000e+00	0.000000e+00	0.000000e+00	0.000000e+00	2.581130e-01	2.426054e-01
2.581130e-01	3.457915e-04	0.000000e+00	0.000000e+00	0.000000e+00	0.000000e+00	0.000000e+00	0.000000e+00	0.000000e+00	0.000000e+00	0.000000e+00	5.944418e-05	0.000000e+00	0.000000e+00	0.000000e+00	1.345461e-04	0.000000e+00	1.371562e-04	0.000000e+00	1.608263e-04	0.000000e+00	0.000000e+00	7.352695e-04	0.000000e+00	0.000000e+00	2.758325e-04	0.000000e+00	0.000000e+00	0.000000e+00	0.000000e+00	2.581130e-01	2.426054e-01
2.581130e-01	3.457915e-04	0.000000e+00	0.000000e+00	0.000000e+00	0.000000e+00	0.000000e+00	0.000000e+00	0.000000e+00	0.000000e+00	0.000000e+00	5.944418e-05	0.000000e+00	0.000000e+00	0.000000e+00	1.345461e-04	0.000000e+00	1.371562e-04	0.000000e+00	1.608263e-04	0.000000e+00	0.000000e+00	7.352695e-04	0.000000e+00	0.000000e+00	2.758325e-04	0.000000e+00	0.000000e+00	0.000000e+00	0.000000e+00	2.581130e-01	2.426054e-01
2.581130e-01	3.457915e-04	0.000000e+00	0.000000e+00	0.000000e+00	0.000000e+00	0.000000e+00	0.000000e+00	0.000000e+00	0.000000e+00	0.000000e+00	5.944418e-05	0.000000e+00	0.000000e+00	0.000000e+00	1.345461e-04	0.000000e+00	1.371562e-04	0.000000e+00	1.608263e-04	0.000000e+00	0.000000e+00	7.352695e-04	0.000000e+00	0.000000e+00	2.758325e-04	0.000000e+00	0.000000e+00	0.000000e+00	0.000000e+00	2.581130e-01	2.426054e-01
2.581130e-01	3.457915e-04	0.000000e+00	0.000000e+00	0.000000e+00	0.000000e+00	0.000000e+00	0.000000e+00	0.000000e+00	0.000000e+00	0.000000e+00	5.944418e-05	0.000000e+00	0.000000e+00	0.000000e+00	1.345461e-04	0.000000e+00	1.371562e-04	0.000000e+00	1.608263e-04	0.000000e+00	0.000000e+00	7.352695e-04	0.000000e+00	0.000000e+00	2.758325e-04	0.000000e+00	0.000000e+00	0.000000e+00	0.000000e+00	2.581130e-01	2.426054e-01
2.536057e-01	3.457915e-04	6.155762e-08	0.000000e+00	2.275306e-08	0.000000e+00	0.000000e+00	0.000000e+00	0.000000e+00	0.000000e+00	0.000000e+00	0.000000e+00	0.000000e+00	0.000000e+00	5.326382e-04	1.713610e-04	0.000000e+00	1.197558e-04	5.139640e-05	2.576745e-04	0.000000e+00	0.000000e+00	0.000000e+00	5.651978e-04	0.000000e+00	4.028303e-04	0.000000e+00	1.240756e-06	2.804971e-04	0.000000e+00	2.536057e-01	2.450604e-01
2.441397e-01	0.000000e+00	1.231152e-07	0.000000e+00	3.175948e-08	0.000000e+00	0.000000e+00	0.000000e+00	0.000000e+00	0.000000e+00	0.000000e+00	1.188884e-04	0.000000e+00	0.000000e+00	1.266383e-03	7.362994e-05	0.000000e+00	6.857811e-05	0.000000e+00	6.397817e-05	2.655113e-04	0.000000e+00	3.897705e-04	0.000000e+00	0.000000e+00	2.311724e-04	0.000000e+00	2.481511e-06	0.000000e+00	9.961500e-06	2.441397e-01	2.664631e-01
2.381480e-01	0.000000e+00	1.736495e-04	0.000000e+00	2.227904e-07	0.000000e+00	0.000000e+00	0.000000e+00	0.000000e+00	0.000000e+00	0.000000e+00	1.188884e-04	0.000000e+00	6.770437e-05	1.064014e-03	1.572493e-04	0.000000e+00	1.891016e-04	1.027928e-04	1.936963e-04	1.376292e-04	3.467751e-05	1.116456e-03	1.033407e-03	2.205567e-02	2.386863e-04	0.000000e+00	9.640385e-04	4.391450e-04	8.490900e-05	2.381480e-01	2.967806e-01
2.304772e-01	9.539298e-06	6.350548e-05	0.000000e+00	0.000000e+00	0.000000e+00	0.000000e+00	0.000000e+00	0.000000e+00	0.000000e+00	0.000000e+00	2.377767e-04	0.000000e+00	0.000000e+00	1.147739e-03	4.263414e-04	0.000000e+00	2.354174e-05	9.810000e-05	1.936963e-04	0.000000e+00	4.224408e-05	0.000000e+00	1.638496e-03	8.109602e-06	2.063742e-04	0.000000e+00	1.240756e-06	0.000000e+00	0.000000e+00	2.304772e-01	3.324159e-01
2.256592e-01	6.915830e-04	0.000000e+00	0.000000e+00	3.365557e-07	0.000000e+00	0.000000e+00	0.000000e+00	0.000000e+00	0.000000e+00	0.000000e+00	0.000000e+00	0.000000e+00	0.000000e+00	6.613802e-04	1.575360e-03	0.000000e+00	1.371562e-04	1.027928e-04	1.279563e-04	0.000000e+00	2.538296e-05	7.116578e-04	3.879542e-05	0.000000e+00	2.608047e-04	0.000000e+00	0.000000e+00	0.000000e+00	9.961500e-06	2.256592e-01	3.631568e-01
2.192868e-01	3.197353e-04	0.000000e+00	0.000000e+00	0.000000e+00	0.000000e+00	0.000000e+00	0.000000e+00	0.000000e+00	0.000000e+00	0.000000e+00	1.188884e-04	0.000000e+00	1.015566e-04	9.356930e-04	0.000000e+00	0.000000e+00	1.248736e-04	0.000000e+00	0.000000e+00	3.263518e-04	1.296515e-04	1.320159e-03	3.879542e-05	2.205567e-02	2.823461e-04	0.000000e+00	0.000000e+00	0.000000e+00	3.984600e-05	2.192868e-01	4.129673e-01
2.135663e-01	1.153163e-03	0.000000e+00	0.000000e+00	2.730368e-07	0.000000e+00	0.000000e+00	0.000000e+00	0.000000e+00	0.000000e+00	0.000000e+00	0.000000e+00	0.000000e+00	1.783839e-02	0.000000e+00	3.961043e-05	0.000000e+00	1.780984e-04	1.541892e-04	0.000000e+00	1.216810e-04	0.000000e+00	2.572436e-03	1.939771e-05	0.000000e+00	3.254288e-04	0.000000e+00	0.000000e+00	1.402486e-04	0.000000e+00	2.135663e-01	4.549588e-01
2.063609e-01	0.000000e+00	0.000000e+00	0.000000e+00	0.000000e+00	0.000000e+00	0.000000e+00	0.000000e+00	0.000000e+00	0.000000e+00	0.000000e+00	0.000000e+00	0.000000e+00	6.770437e-05	9.180226e-04	0.000000e+00	0.000000e+00	4.503637e-05	1.027928e-04	0.000000e+00	1.151830e-04	6.947305e-05	0.000000e+00	3.879542e-05	0.000000e+00	2.117595e-04	0.000000e+00	0.000000e+00	4.391450e-04	1.000875e-04	2.063609e-01	5.052722e-01
1.998021e-01	0.000000e+00	0.000000e+00	0.000000e+00	5.569760e-08	0.000000e+00	0.000000e+00	0.000000e+00	0.000000e+00	0.000000e+00	0.000000e+00	1.946797e-04	0.000000e+00	8.463047e-05	7.657200e-04	0.000000e+00	0.000000e+00	0.000000e+00	2.522892e-04	1.936963e-04	7.678867e-05	1.030477e-04	0.000000e+00	5.819312e-05	0.000000e+00	2.985021e-04	0.000000e+00	1.240756e-06	2.896968e-04	1.647414e-02	1.998021e-01	5.587808e-01
1.911213e-01	0.000000e+00	0.000000e+00	0.000000e+00	0.000000e+00	0.000000e+00	0.000000e+00	0.000000e+00	0.000000e+00	0.000000e+00	0.000000e+00	0.000000e+00	0.000000e+00	0.000000e+00	2.221430e-04	1.409030e-04	0.000000e+00	1.719570e-04	1.027928e-04	0.000000e+00	7.678867e-05	0.000000e+00	9.139644e-04	3.879542e-05	0.000000e+00	2.823461e-04	0.000000e+00	2.481511e-06	2.804971e-04	1.231846e-04	1.911213e-01	6.160184e-01
8.181726e-02	0.000000e+00	2.462305e-07	0.000000e+00	3.412959e-08	0.000000e+00	0.000000e+00	0.000000e+00	0.000000e+00	0.000000e+00	0.000000e+00	0.000000e+00	0.000000e+00	6.770437e-05	4.333470e-04	0.000000e+00	0.000000e+00	4.810703e-05	2.989928e-04	0.000000e+00	1.151830e-04	7.179668e-05	3.042508e-04	5.819312e-05	1.621920e-05	1.734851e-04	0.000000e+00	0.000000e+00	0.000000e+00	1.013327e-04	8.181726e-02	6.701763e-01
8.181726e-02	0.000000e+00	2.462305e-07	0.000000e+00	3.412959e-08	0.000000e+00	0.000000e+00	0.000000e+00	0.000000e+00	0.000000e+00	0.000000e+00	0.000000e+00	0.000000e+00	6.770437e-05	4.333470e-04	0.000000e+00	0.000000e+00	4.810703e-05	2.989928e-04	0.000000e+00	1.151830e-04	7.179668e-05	3.042508e-04	5.819312e-05	1.621920e-05	1.734851e-04	0.000000e+00	0.000000e+00	0.000000e+00	1.013327e-04	8.181726e-02	6.701763e-01
8.181726e-02	0.000000e+00	2.462305e-07	0.000000e+00	3.412959e-08	0.000000e+00	0.000000e+00	0.000000e+00	0.000000e+00	0.000000e+00	0.000000e+00	0.000000e+00	0.000000e+00	6.770437e-05	4.333470e-04	0.000000e+00	0.000000e+00	4.810703e-05	2.989928e-04	0.000000e+00	1.151830e-04	7.179668e-05	3.042508e-04	5.819312e-05	1.621920e-05	1.734851e-04	0.000000e+00	0.000000e+00	0.000000e+00	1.013327e-04	8.181726e-02	6.701763e-01
8.181726e-02	0.000000e+00	2.462305e-07	0.000000e+00	3.412959e-08	0.000000e+00	0.000000e+00	0.000000e+00	0.000000e+00	0.000000e+00	0.000000e+00	0.000000e+00	0.000000e+00	6.770437e-05	4.333470e-04	0.000000e+00	0.000000e+00	4.810703e-05	2.989928e-04	0.000000e+00	1.151830e-04	7.179668e-05	3.042508e-04	5.819312e-05	1.621920e-05	1.734851e-04	0.000000e+00	0.000000e+00	0.000000e+00	1.013327e-04	8.181726e-02	6.701763e-01
8.181726e-02	0.000000e+00	2.462305e-07	0.000000e+00	3.412959e-08	0.000000e+00	0.000000e+00	0.000000e+00	0.000000e+00	0.000000e+00	0.000000e+00	0.000000e+00	0.000000e+00	6.770437e-05	4.333470e-04	0.000000e+00	0.000000e+00	4.810703e-05	2.989928e-04	0.000000e+00	1.151830e-04	7.179668e-05	3.042508e-04	5.819312e-05	1.621920e-05	1.734851e-04	0.000000e+00	0.000000e+00	0.000000e+00	1.013327e-04	8.181726e-02	6.701763e-01
8.181726e-02	0.000000e+00	2.462305e-07	0.000000e+00	3.412959e-08	0.000000e+00	0.000000e+00	0.000000e+00	0.000000e+00	0.000000e+00	0.000000e+00	0.000000e+00	0.000000e+00	6.770437e-05	4.333470e-04	0.000000e+00	0.000000e+00	4.810703e-05	2.989928e-04	0.000000e+00	1.151830e-04	7.179668e-05	3.042508e-04	5.819312e-05	1.621920e-05	1.734851e-04	0.000000e+00	0.000000e+00	0.000000e+00	1.013327e-04	8.181726e-02	6.701763e-01
7.356260e-02	5.056592e-04	1.453440e-04	0.000000e+00	3.593088e-07	0.000000e+00	3.897191e-04	0.000000e+00	0.000000e+00	0.000000e+00	0.000000e+00	8.619405e-05	0.000000e+00	0.000000e+00	4.577491e-04	7.876802e-04	0.000000e+00	9.416695e-05	3.760874e-04	0.000000e+00	3.839433e-05	3.003023e-05	3.558289e-04	3.879542e-05	3.243841e-05	1.304023e-04	0.000000e+00	0.000000e+00	0.000000e+00	4.980750e-06	7.356260e-02	6.753959e-01
6.081778e-02	0.000000e+00	2.462305e-07	0.000000e+00	0.000000e+00	0.000000e+00	0.000000e+00	0.000000e+00	0.000000e+00	0.000000e+00	0.000000e+00	0.000000e+00	0.000000e+00	0.000000e+00	9.180226e-04	0.000000e+00	0.000000e+00	2.763595e-05	2.265910e-04	0.000000e+00	1.119340e-04	4.278073e-05	0.000000e+00	1.939771e-05	0.000000e+00	1.077069e-05	0.000000e+00	0.000000e+00	1.402486e-04	1.501312e-04	6.081778e-02	6.964964e-01
4.270054e-02	1.129776e-04	6.818529e-07	0.000000e+00	9.101225e-08	0.000000e+00	0.000000e+00	2.323125e-04	0.000000e+00	0.000000e+00	0.000000e+00	1.426660e-04	0.000000e+00	3.385219e-05	0.000000e+00	6.395122e-04	0.000000e+00	1.576273e-04	5.139640e-05	0.000000e+00	5.759150e-05	1.733875e-05	8.190780e-04	1.939771e-05	3.243841e-05	0.000000e+00	4.310044e-04	4.820193e-04	2.988964e-04	1.116361e-04	4.270054e-02	7.527893e-01
3.197599e-02	0.000000e+00	0.000000e+00	0.000000e+00	0.000000e+00	0.000000e+00	0.000000e+00	0.000000e+00	0.000000e+00	0.000000e+00	0.000000e+00	0.000000e+00	0.000000e+00	6.770437e-05	5.898569e-04	0.000000e+00	0.000000e+00	1.392033e-04	3.854730e-05	1.936963e-04	3.263518e-04	0.000000e+00	0.000000e+00	1.939771e-05	9.731522e-05	4.037808e-05	0.000000e+00	9.640385e-04	3.598211e-04	0.000000e+00	3.197599e-02	7.949979e-01
1.551133e-02	6.332241e-04	9.849219e-07	2.201797e-03	9.101225e-08	0.000000e+00	0.000000e+00	0.000000e+00	0.000000e+00	0.000000e+00	0.000000e+00	2.377767e-04	0.000000e+00	0.000000e+00	9.676682e-04	4.263414e-04	0.000000e+00	1.084967e-04	4.274838e-04	9.684816e-05	0.000000e+00	5.666353e-05	2.603146e-04	0.000000e+00	6.487682e-05	7.058651e-05	0.000000e+00	0.000000e+00	0.000000e+00	0.000000e+00	1.551133e-02	8.698085e-01
0.000000e+00	0.000000e+00	0.000000e+00	0.000000e+00	0.000000e+00	0.000000e+00	0.000000e+00	4.646250e-04	0.000000e+00	0.000000e+00	0.000000e+00	0.000000e+00	0.000000e+00	6.770437e-05	0.000000e+00	0.000000e+00	0.000000e+00	1.432975e-04	0.000000e+00	0.000000e+00	1.151830e-04	0.000000e+00	1.910286e-04	6.789198e-05	0.000000e+00	3.313912e-04	0.000000e+00	0.000000e+00	0.000000e+00	1.000875e-04	0.000000e+00	1.000460e+00
