8.510024e-01	3.875030e-04	3.302161e-03	0.000000e+00	0.000000e+00	2.059822e-03	1.408012e-02	0.000000e+00	0.000000e+00	3.497893e-03	1.589862e-03	0.000000e+00	1.622344e-03	0.000000e+00	0.000000e+00	0.000000e+00	0.000000e+00	0.000000e+00	2.355959e-03	6.172569e-03	6.959652e-04	1.569096e-03	3.197162e-03	1.143688e-05	0.000000e+00	0.000000e+00	1.126943e-03	0.000000e+00	1.258154e-03	6.100618e-04	8.510024e-01	-7.657781e-01
8.486519e-01	9.096424e-04	1.184773e-03	2.921412e-05	1.288087e-03	0.000000e+00	1.007826e-02	0.000000e+00	7.105292e-04	0.000000e+00	0.000000e+00	0.000000e+00	1.910179e-03	1.508292e-03	0.000000e+00	7.782773e-03	0.000000e+00	1.067472e-03	0.000000e+00	8.944280e-03	0.000000e+00	1.202749e-03	0.000000e+00	0.000000e+00	2.542119e-03	0.000000e+00	9.058004e-04	0.000000e+00	4.478383e-04	1.010898e-02	8.486519e-01	-7.606120e-01
8.459024e-01	1.652774e-03	1.694093e-03	0.000000e+00	7.614439e-03	2.535165e-03	3.648112e-02	0.000000e+00	7.105292e-04	0.000000e+00	1.589862e-03	0.000000e+00	1.910179e-03	1.508292e-03	0.000000e+00	9.978726e-03	7.603926e-04	0.000000e+00	3.392723e-03	4.651843e-03	2.607482e-03	0.000000e+00	0.000000e+00	1.143688e-05	2.026656e-03	0.000000e+00	0.000000e+00	0.000000e+00	0.000000e+00	3.423012e-04	8.459024e-01	-7.452427e-01
8.435618e-01	3.236195e-03	4.208636e-04	0.000000e+00	3.964905e-03	2.640797e-03	1.275532e-05	0.000000e+00	2.334693e-04	1.615719e-03	1.404297e-05	0.000000e+00	1.768582e-03	7.444919e-03	2.356879e-04	6.803193e-03	5.124882e-04	0.000000e+00	1.526349e-03	7.353018e-03	3.224375e-03	2.769900e-04	3.662484e-05	2.530362e-04	2.245347e-03	1.534336e-03	0.000000e+00	0.000000e+00	8.175213e-05	0.000000e+00	8.435618e-01	-7.371740e-01
8.422388e-01	1.185279e-03	8.417272e-04	1.481311e-05	3.635871e-03	0.000000e+00	1.275532e-05	0.000000e+00	6.464744e-04	1.420786e-02	0.000000e+00	0.000000e+00	3.289585e-04	4.176120e-03	3.315785e-03	0.000000e+00	0.000000e+00	0.000000e+00	5.471788e-04	8.671235e-03	9.550842e-06	7.801701e-04	0.000000e+00	0.000000e+00	1.184201e-02	2.645150e-02	4.635153e-04	1.393182e-03	3.144182e-03	0.000000e+00	8.422388e-01	-7.212741e-01
8.407363e-01	0.000000e+00	0.000000e+00	1.168565e-04	9.841051e-04	0.000000e+00	2.451227e-04	0.000000e+00	5.845039e-04	1.129615e-02	1.404297e-05	0.000000e+00	2.207041e-03	2.982864e-03	0.000000e+00	2.235722e-02	0.000000e+00	2.134945e-04	8.804076e-03	7.497364e-03	3.567582e-03	6.656482e-04	4.317726e-03	2.938483e-04	1.489899e-05	3.341624e-04	1.065024e-03	8.148377e-04	2.602060e-03	1.672136e-04	8.407363e-01	-7.102877e-01
8.389720e-01	1.694857e-03	0.000000e+00	1.481311e-05	2.544985e-03	0.000000e+00	1.634954e-03	0.000000e+00	0.000000e+00	1.154545e-02	0.000000e+00	0.000000e+00	5.460988e-04	4.163349e-03	7.151698e-03	9.999940e-05	0.000000e+00	0.000000e+00	0.000000e+00	4.334739e-03	9.550842e-06	6.910886e-04	0.000000e+00	0.000000e+00	0.000000e+00	2.235455e-03	0.000000e+00	1.393182e-03	1.258154e-03	5.526732e-03	8.389720e-01	-6.975114e-01
8.385110e-01	3.145093e-03	1.359396e-03	0.000000e+00	7.551348e-04	2.059822e-03	1.913717e-03	0.000000e+00	2.026468e-04	2.423578e-03	0.000000e+00	0.000000e+00	1.622344e-03	1.406393e-03	0.000000e+00	1.995846e-02	0.000000e+00	0.000000e+00	0.000000e+00	8.187980e-03	6.959652e-04	7.773165e-04	0.000000e+00	0.000000e+00	4.817159e-05	1.533459e-02	3.370214e-04	0.000000e+00	1.258154e-03	7.146025e-03	8.385110e-01	-6.885856e-01
8.377528e-01	1.185279e-03	8.417272e-04	0.000000e+00	6.716735e-03	3.565076e-03	6.313577e-03	0.000000e+00	6.464744e-04	1.420786e-02	0.000000e+00	0.000000e+00	7.454247e-04	4.176120e-03	4.713757e-04	0.000000e+00	1.024976e-03	0.000000e+00	0.000000e+00	8.671235e-03	9.550842e-06	0.000000e+00	0.000000e+00	0.000000e+00	4.509067e-03	2.645150e-02	4.635153e-04	1.393182e-03	3.144182e-03	3.573012e-03	8.377528e-01	-6.768776e-01
8.360854e-01	0.000000e+00	6.238377e-03	8.750498e-05	1.218625e-03	0.000000e+00	9.407247e-03	0.000000e+00	3.581584e-04	0.000000e+00	1.404297e-05	0.000000e+00	2.222801e-03	0.000000e+00	6.197417e-03	2.787548e-03	0.000000e+00	0.000000e+00	9.236048e-03	4.290789e-03	3.432072e-04	0.000000e+00	2.124236e-03	0.000000e+00	5.888462e-04	2.730478e-03	6.740428e-04	0.000000e+00	1.301030e-03	1.786506e-03	8.360854e-01	-6.631195e-01
8.350687e-01	9.572085e-04	4.727256e-03	5.842823e-05	1.034997e-03	1.222906e-02	4.047047e-03	0.000000e+00	7.721741e-04	1.615719e-03	0.000000e+00	0.000000e+00	1.548951e-03	7.436489e-03	7.151698e-03	2.836794e-03	0.000000e+00	0.000000e+00	2.392576e-02	3.361783e-03	8.699565e-04	0.000000e+00	2.565857e-03	2.530362e-04	1.896354e-03	1.534336e-03	6.740428e-04	0.000000e+00	1.476300e-03	0.000000e+00	8.350687e-01	-6.449708e-01
8.344075e-01	0.000000e+00	1.004232e-03	5.842823e-05	1.526388e-03	7.922392e-04	7.210087e-03	9.162732e-04	9.367227e-05	3.180816e-04	0.000000e+00	0.000000e+00	1.493020e-03	2.821005e-03	5.493806e-03	7.523924e-04	3.566101e-02	0.000000e+00	2.303742e-04	8.450512e-04	1.910168e-05	1.382177e-03	8.010233e-04	0.000000e+00	5.657736e-04	1.663856e-03	0.000000e+00	0.000000e+00	2.878784e-03	6.136794e-03	8.344075e-01	-6.374328e-01
8.332407e-01	4.160813e-03	2.850191e-03	5.842823e-05	0.000000e+00	0.000000e+00	5.523975e-03	0.000000e+00	2.991797e-04	1.963964e-02	1.571651e-03	0.000000e+00	1.314945e-04	0.000000e+00	2.113113e-04	3.094315e-02	0.000000e+00	0.000000e+00	0.000000e+00	7.313430e-03	0.000000e+00	0.000000e+00	2.124236e-03	0.000000e+00	6.654520e-05	1.228156e-02	9.058004e-04	5.164682e-03	1.301030e-03	1.101904e-03	8.332407e-01	-6.169768e-01
8.331096e-01	1.757194e-03	2.850191e-03	0.000000e+00	7.528239e-03	1.584478e-03	2.451227e-04	0.000000e+00	0.000000e+00	2.559670e-02	0.000000e+00	0.000000e+00	1.590906e-03	1.491432e-03	4.835640e-04	0.000000e+00	7.132202e-02	0.000000e+00	0.000000e+00	1.691860e-03	3.479826e-04	1.384950e-04	1.831242e-05	0.000000e+00	5.674996e-03	1.414387e-02	0.000000e+00	0.000000e+00	3.185058e-03	1.481475e-03	8.331096e-01	-6.072715e-01
8.313187e-01	0.000000e+00	1.087826e-04	5.842823e-05	3.236576e-03	1.178013e-02	7.210087e-03	1.306240e-04	1.720873e-02	3.180816e-04	8.040364e-04	0.000000e+00	1.046674e-03	1.202596e-03	3.886566e-03	6.539006e-04	5.898597e-03	0.000000e+00	2.303742e-04	0.000000e+00	1.043948e-03	1.382177e-03	1.276605e-03	3.656780e-03	2.144778e-03	1.663856e-03	0.000000e+00	0.000000e+00	2.991178e-03	1.220124e-03	8.313187e-01	-5.922482e-01
8.299834e-01	1.185279e-03	0.000000e+00	0.000000e+00	1.734929e-03	0.000000e+00	5.523975e-03	0.000000e+00	6.394394e-04	0.000000e+00	1.571651e-03	0.000000e+00	1.314945e-04	6.652033e-04	0.000000e+00	1.755970e-02	0.000000e+00	1.067472e-03	8.058068e-03	1.042249e-02	0.000000e+00	1.127774e-03	4.147915e-03	0.000000e+00	6.654520e-05	5.541977e-04	9.058004e-04	3.931721e-03	2.602060e-03	3.344271e-04	8.299834e-01	-5.716930e-01
8.287042e-01	0.000000e+00	3.022242e-03	0.000000e+00	0.000000e+00	1.498924e-03	8.369367e-05	0.000000e+00	0.000000e+00	7.250994e-04	9.386246e-04	0.000000e+00	1.335612e-03	7.949761e-04	0.000000e+00	6.813086e-04	0.000000e+00	8.410933e-03	0.000000e+00	5.398754e-03	1.565922e-03	1.100247e-03	6.780654e-04	0.000000e+00	0.000000e+00	1.333689e-03	0.000000e+00	0.000000e+00	0.000000e+00	0.000000e+00	8.287042e-01	-5.557185e-01
8.287042e-01	0.000000e+00	3.022242e-03	0.000000e+00	0.000000e+00	1.498924e-03	8.369367e-05	0.000000e+00	0.000000e+00	7.250994e-04	9.386246e-04	0.000000e+00	1.335612e-03	7.949761e-04	0.000000e+00	6.813086e-04	0.000000e+00	8.410933e-03	0.000000e+00	5.398754e-03	1.565922e-03	1.100247e-03	6.780654e-04	0.000000e+00	0.000000e+00	1.333689e-03	0.000000e+00	0.000000e+00	0.000000e+00	0.000000e+00	8.287042e-01	-5.557185e-01
8.275529e-01	5.286454e-04	3.022242e-03	0.000000e+00	0.000000e+00	1.531662e-03	1.114407e-02	0.000000e+00	6.349571e-02	6.361633e-04	0.000000e+00	0.000000e+00	1.347701e-03	0.000000e+00	0.000000e+00	5.198669e-04	0.000000e+00	0.000000e+00	0.000000e+00	5.629782e-03	1.391930e-03	8.762241e-04	8.953662e-05	0.000000e+00	2.217531e-03	0.000000e+00	0.000000e+00	0.000000e+00	2.082736e-03	0.000000e+00	8.275529e-01	-5.237812e-01
8.269323e-01	1.618097e-03	2.104318e-04	1.858212e-03	3.150743e-03	1.162168e-02	9.681685e-04	0.000000e+00	2.799603e-04	3.180816e-04	1.564629e-03	0.000000e+00	0.000000e+00	2.821005e-03	5.493806e-03	7.523924e-04	0.000000e+00	0.000000e+00	3.540935e-03	8.450512e-04	3.503703e-04	1.235034e-04	8.010233e-04	1.134689e-02	2.558167e-03	1.834172e-02	7.019070e-04	5.164682e-03	1.463209e-03	6.136794e-03	8.269323e-01	-5.145295e-01
8.255196e-01	0.000000e+00	0.000000e+00	1.306800e-03	1.660343e-03	1.030128e-02	2.372701e-03	1.306240e-04	1.752845e-02	0.000000e+00	0.000000e+00	0.000000e+00	7.287053e-03	0.000000e+00	4.368164e-03	1.052932e-02	4.963266e-04	0.000000e+00	1.324732e-03	1.859129e-03	1.565922e-03	0.000000e+00	9.375721e-04	0.000000e+00	3.027530e-03	0.000000e+00	0.000000e+00	0.000000e+00	0.000000e+00	1.220124e-03	8.255196e-01	-4.905512e-01
8.244775e-01	0.000000e+00	0.000000e+00	1.306800e-03	1.282159e-03	1.178013e-02	1.679897e-03	1.306240e-04	1.720873e-02	0.000000e+00	1.802450e-03	0.000000e+00	0.000000e+00	3.228900e-04	4.146630e-03	6.539006e-04	1.161302e-04	0.000000e+00	2.303742e-04	0.000000e+00	1.043948e-03	0.000000e+00	1.276605e-03	0.000000e+00	2.144778e-03	6.729774e-05	0.000000e+00	0.000000e+00	2.991178e-03	1.220124e-03	8.244775e-01	-4.729559e-01
6.513245e-01	0.000000e+00	0.000000e+00	0.000000e+00	7.563683e-04	6.337914e-04	8.369367e-05	0.000000e+00	0.000000e+00	1.778723e-04	1.877249e-03	0.000000e+00	1.335612e-03	7.949761e-04	5.971897e-04	3.228834e-04	0.000000e+00	8.410933e-03	0.000000e+00	0.000000e+00	1.391930e-03	1.100247e-03	6.780654e-04	0.000000e+00	0.000000e+00	1.333689e-03	0.000000e+00	0.000000e+00	0.000000e+00	0.000000e+00	6.513245e-01	-4.541951e-01
6.513245e-01	0.000000e+00	0.000000e+00	0.000000e+00	7.563683e-04	6.337914e-04	8.369367e-05	0.000000e+00	0.000000e+00	1.778723e-04	1.877249e-03	0.000000e+00	1.335612e-03	7.949761e-04	5.971897e-04	3.228834e-04	0.000000e+00	8.410933e-03	0.000000e+00	0.000000e+00	1.391930e-03	1.100247e-03	6.780654e-04	0.000000e+00	0.000000e+00	1.333689e-03	0.000000e+00	0.000000e+00	0.000000e+00	0.000000e+00	6.513245e-01	-4.541951e-01
6.513245e-01	0.000000e+00	0.000000e+00	0.000000e+00	7.563683e-04	6.337914e-04	8.369367e-05	0.000000e+00	0.000000e+00	1.778723e-04	1.877249e-03	0.000000e+00	1.335612e-03	7.949761e-04	5.971897e-04	3.228834e-04	0.000000e+00	8.410933e-03	0.000000e+00	0.000000e+00	1.391930e-03	1.100247e-03	6.780654e-04	0.000000e+00	0.000000e+00	1.333689e-03	0.000000e+00	0.000000e+00	0.000000e+00	0.000000e+00	6.513245e-01	-4.541951e-01
6.513245e-01	0.000000e+00	0.000000e+00	0.000000e+00	7.563683e-04	6.337914e-04	8.369367e-05	0.000000e+00	0.000000e+00	1.778723e-04	1.877249e-03	0.000000e+00	1.335612e-03	7.949761e-04	5.971897e-04	3.228834e-04	0.000000e+00	8.410933e-03	0.000000e+00	0.000000e+00	1.391930e-03	1.100247e-03	6.780654e-04	0.000000e+00	0.000000e+00	1.333689e-03	0.000000e+00	0.000000e+00	0.000000e+00	0.000000e+00	6.513245e-01	-4.541951e-01
6.490219e-01	0.000000e+00	0.000000e+00	0.000000e+00	1.147629e-03	6.992684e-04	2.956339e-04	4.483512e-04	3.197197e-04	0.000000e+00	0.000000e+00	0.000000e+00	0.000000e+00	2.057592e-03	1.040257e-03	0.000000e+00	0.000000e+00	0.000000e+00	1.631792e-02	4.620575e-04	1.043948e-03	2.470068e-04	1.040700e-03	0.000000e+00	5.572089e-03	7.389949e-04	2.662559e-04	0.000000e+00	1.625389e-03	0.000000e+00	6.490219e-01	-4.481479e-01
6.454082e-01	0.000000e+00	0.000000e+00	6.098401e-04	0.000000e+00	0.000000e+00	1.486697e-04	4.606487e-04	2.562163e-04	0.000000e+00	1.148261e-02	0.000000e+00	7.248243e-03	0.000000e+00	0.000000e+00	7.879342e-04	0.000000e+00	0.000000e+00	3.742785e-03	4.620575e-04	2.435878e-03	0.000000e+00	5.278112e-05	1.136730e-02	0.000000e+00	0.000000e+00	0.000000e+00	0.000000e+00	0.000000e+00	4.238017e-03	6.454082e-01	-4.340208e-01
6.415288e-01	0.000000e+00	0.000000e+00	6.969601e-04	1.977343e-03	1.178013e-02	1.558014e-03	1.552191e-04	7.176993e-05	0.000000e+00	6.985113e-04	0.000000e+00	0.000000e+00	4.595233e-05	4.297555e-03	4.924589e-04	0.000000e+00	1.949221e-05	3.455613e-04	0.000000e+00	1.391930e-03	6.498389e-04	6.946853e-04	4.574751e-05	2.263030e-03	0.000000e+00	0.000000e+00	0.000000e+00	0.000000e+00	8.856965e-04	6.415288e-01	-4.146692e-01
6.389210e-01	6.288918e-04	2.804677e-03	3.484801e-04	1.332850e-04	0.000000e+00	0.000000e+00	4.636321e-04	0.000000e+00	1.286964e-04	0.000000e+00	0.000000e+00	9.481577e-04	2.760624e-04	2.231392e-03	5.691128e-04	0.000000e+00	0.000000e+00	1.727806e-04	2.620956e-04	8.699565e-04	1.111843e-03	2.601749e-04	5.669520e-03	5.454396e-03	2.747526e-04	0.000000e+00	0.000000e+00	3.985175e-03	0.000000e+00	6.389210e-01	-3.949736e-01
6.373975e-01	0.000000e+00	7.898487e-04	7.405201e-04	0.000000e+00	0.000000e+00	3.017246e-03	6.347933e-04	0.000000e+00	0.000000e+00	1.891802e-03	0.000000e+00	0.000000e+00	1.244524e-03	2.131802e-03	2.298776e-03	0.000000e+00	3.380354e-03	0.000000e+00	1.580579e-03	2.261887e-03	2.075843e-04	0.000000e+00	2.818950e-03	7.696583e-04	1.492444e-03	0.000000e+00	0.000000e+00	0.000000e+00	4.509558e-03	6.373975e-01	-3.809020e-01
6.350911e-01	0.000000e+00	0.000000e+00	0.000000e+00	0.000000e+00	0.000000e+00	1.558014e-03	0.000000e+00	0.000000e+00	3.860891e-04	2.383958e-02	0.000000e+00	0.000000e+00	0.000000e+00	2.252748e-03	0.000000e+00	0.000000e+00	0.000000e+00	0.000000e+00	5.774539e-04	3.479826e-04	1.332564e-03	0.000000e+00	5.688357e-03	0.000000e+00	6.060658e-04	0.000000e+00	0.000000e+00	0.000000e+00	1.490244e-06	6.350911e-01	-3.567752e-01
6.336464e-01	0.000000e+00	0.000000e+00	0.000000e+00	9.886717e-04	0.000000e+00	1.123188e-03	2.293611e-04	0.000000e+00	1.930445e-04	9.459008e-04	2.907902e-05	3.736020e-03	1.036987e-04	5.971897e-04	1.231147e-04	0.000000e+00	7.060610e-03	6.095831e-04	3.664686e-04	6.959652e-04	1.448403e-03	5.169131e-04	0.000000e+00	1.119949e-03	7.050230e-04	0.000000e+00	0.000000e+00	0.000000e+00	2.078170e-03	6.336464e-01	-3.436220e-01
6.311413e-01	0.000000e+00	0.000000e+00	0.000000e+00	0.000000e+00	0.000000e+00	3.321928e-03	5.404676e-04	3.148403e-05	1.286964e-04	1.862697e-03	0.000000e+00	6.496422e-03	1.382555e-03	0.000000e+00	3.151737e-03	0.000000e+00	2.700646e-03	0.000000e+00	1.832343e-04	0.000000e+00	1.799125e-04	3.223046e-04	2.840142e-03	2.362168e-04	1.257331e-03	0.000000e+00	0.000000e+00	0.000000e+00	4.200521e-03	6.311413e-01	-3.126166e-01
6.295077e-01	0.000000e+00	0.000000e+00	0.000000e+00	0.000000e+00	0.000000e+00	9.945231e-06	5.833603e-04	0.000000e+00	2.573927e-04	9.459008e-04	0.000000e+00	4.635428e-03	2.760624e-04	0.000000e+00	1.149388e-03	0.000000e+00	7.060610e-03	5.231928e-04	3.664686e-04	0.000000e+00	1.237113e-03	0.000000e+00	1.135788e-02	1.119949e-03	1.445274e-03	0.000000e+00	0.000000e+00	3.350214e-03	2.101751e-03	6.295077e-01	-2.900834e-01
6.283719e-01	0.000000e+00	3.324746e-02	0.000000e+00	0.000000e+00	0.000000e+00	3.067185e-03	0.000000e+00	0.000000e+00	1.930445e-04	0.000000e+00	3.877203e-05	0.000000e+00	0.000000e+00	1.753036e-03	0.000000e+00	0.000000e+00	9.421462e-03	0.000000e+00	5.097826e-04	0.000000e+00	1.133321e-03	8.060503e-06	1.420912e-03	1.314278e-04	0.000000e+00	0.000000e+00	0.000000e+00	1.040843e-03	0.000000e+00	6.283719e-01	-2.717533e-01
6.261839e-01	0.000000e+00	0.000000e+00	3.484801e-04	0.000000e+00	0.000000e+00	9.148942e-05	1.132805e-03	0.000000e+00	3.860891e-04	0.000000e+00	1.938602e-05	0.000000e+00	2.297616e-05	1.109050e-03	0.000000e+00	4.483071e-03	0.000000e+00	0.000000e+00	0.000000e+00	6.959652e-04	0.000000e+00	3.119856e-04	5.382060e-06	1.155190e-03	1.209659e-03	0.000000e+00	0.000000e+00	8.531705e-04	2.136486e-03	6.261839e-01	-2.476344e-01
6.242150e-01	0.000000e+00	0.000000e+00	0.000000e+00	0.000000e+00	0.000000e+00	1.176201e-03	7.451941e-04	0.000000e+00	2.573927e-04	9.313484e-04	3.877203e-05	3.736020e-03	8.072249e-05	0.000000e+00	1.969836e-04	0.000000e+00	1.404044e-03	4.368024e-04	4.506366e-04	0.000000e+00	1.123483e-03	2.417421e-04	0.000000e+00	1.577134e-04	1.297729e-03	0.000000e+00	0.000000e+00	0.000000e+00	2.501579e-03	6.242150e-01	-2.176650e-01
6.226661e-01	0.000000e+00	1.290406e-02	0.000000e+00	0.000000e+00	5.890064e-03	6.156848e-03	9.470980e-04	3.588497e-05	1.286964e-04	0.000000e+00	5.815805e-05	0.000000e+00	0.000000e+00	3.103176e-03	0.000000e+00	0.000000e+00	0.000000e+00	1.727806e-04	0.000000e+00	0.000000e+00	1.081425e-03	6.633585e-04	2.841824e-03	0.000000e+00	4.391900e-04	0.000000e+00	0.000000e+00	2.081686e-03	0.000000e+00	6.226661e-01	-1.890744e-01
6.212861e-01	0.000000e+00	2.804677e-03	0.000000e+00	1.332850e-04	0.000000e+00	8.286497e-04	8.176728e-05	3.588497e-05	1.286964e-04	0.000000e+00	0.000000e+00	0.000000e+00	2.760624e-04	0.000000e+00	8.478775e-05	1.823292e-03	0.000000e+00	1.943384e-03	0.000000e+00	0.000000e+00	0.000000e+00	3.202955e-04	0.000000e+00	2.694270e-04	5.428152e-04	7.585636e-04	0.000000e+00	3.985175e-03	0.000000e+00	6.212861e-01	-1.707664e-01
6.194068e-01	0.000000e+00	2.659797e-02	3.484801e-04	0.000000e+00	0.000000e+00	6.318295e-04	1.505403e-03	0.000000e+00	2.573927e-04	4.656742e-04	1.938602e-05	1.868010e-03	0.000000e+00	2.014479e-04	9.849178e-05	0.000000e+00	0.000000e+00	0.000000e+00	0.000000e+00	6.959652e-04	0.000000e+00	3.160159e-04	1.345515e-06	1.102619e-03	5.857794e-04	0.000000e+00	0.000000e+00	0.000000e+00	3.387276e-03	6.194068e-01	-1.345186e-01
4.529632e-01	0.000000e+00	0.000000e+00	0.000000e+00	0.000000e+00	0.000000e+00	0.000000e+00	0.000000e+00	0.000000e+00	2.573927e-04	0.000000e+00	3.877203e-05	0.000000e+00	0.000000e+00	1.202696e-04	0.000000e+00	0.000000e+00	9.401174e-05	5.231928e-04	4.900672e-04	0.000000e+00	1.133321e-03	2.106773e-04	8.073090e-06	4.304261e-04	6.678348e-04	0.000000e+00	0.000000e+00	1.256059e-04	0.000000e+00	4.529632e-01	-1.231830e-01
4.529632e-01	0.000000e+00	0.000000e+00	0.000000e+00	0.000000e+00	0.000000e+00	0.000000e+00	0.000000e+00	0.000000e+00	2.573927e-04	0.000000e+00	3.877203e-05	0.000000e+00	0.000000e+00	1.202696e-04	0.000000e+00	0.000000e+00	9.401174e-05	5.231928e-04	4.900672e-04	0.000000e+00	1.133321e-03	2.106773e-04	8.073090e-06	4.304261e-04	6.678348e-04	0.000000e+00	0.000000e+00	1.256059e-04	0.000000e+00	4.529632e-01	-1.231830e-01
4.529632e-01	0.000000e+00	0.000000e+00	0.000000e+00	0.000000e+00	0.000000e+00	0.000000e+00	0.000000e+00	0.000000e+00	2.573927e-04	0.000000e+00	3.877203e-05	0.000000e+00	0.000000e+00	1.202696e-04	0.000000e+00	0.000000e+00	9.401174e-05	5.231928e-04	4.900672e-04	0.000000e+00	1.133321e-03	2.106773e-04	8.073090e-06	4.304261e-04	6.678348e-04	0.000000e+00	0.000000e+00	1.256059e-04	0.000000e+00	4.529632e-01	-1.231830e-01
4.529632e-01	0.000000e+00	0.000000e+00	0.000000e+00	0.000000e+00	0.000000e+00	0.000000e+00	0.000000e+00	0.000000e+00	2.573927e-04	0.000000e+00	3.877203e-05	0.000000e+00	0.000000e+00	1.202696e-04	0.000000e+00	0.000000e+00	9.401174e-05	5.231928e-04	4.900672e-04	0.000000e+00	1.133321e-03	2.106773e-04	8.073090e-06	4.304261e-04	6.678348e-04	0.000000e+00	0.000000e+00	1.256059e-04	0.000000e+00	4.529632e-01	-1.231830e-01
4.529632e-01	0.000000e+00	0.000000e+00	0.000000e+00	0.000000e+00	0.000000e+00	0.000000e+00	0.000000e+00	0.000000e+00	2.573927e-04	0.000000e+00	3.877203e-05	0.000000e+00	0.000000e+00	1.202696e-04	0.000000e+00	0.000000e+00	9.401174e-05	5.231928e-04	4.900672e-04	0.000000e+00	1.133321e-03	2.106773e-04	8.073090e-06	4.304261e-04	6.678348e-04	0.000000e+00	0.000000e+00	1.256059e-04	0.000000e+00	4.529632e-01	-1.231830e-01
4.529632e-01	0.000000e+00	0.000000e+00	0.000000e+00	0.000000e+00	0.000000e+00	0.000000e+00	0.000000e+00	0.000000e+00	2.573927e-04	0.000000e+00	3.877203e-05	0.000000e+00	0.000000e+00	1.202696e-04	0.000000e+00	0.000000e+00	9.401174e-05	5.231928e-04	4.900672e-04	0.000000e+00	1.133321e-03	2.106773e-04	8.073090e-06	4.304261e-04	6.678348e-04	0.000000e+00	0.000000e+00	1.256059e-04	0.000000e+00	4.529632e-01	-1.231830e-01
4.463155e-01	0.000000e+00	0.000000e+00	0.000000e+00	0.000000e+00	0.000000e+00	9.552099e-05	1.305221e-04	0.000000e+00	0.000000e+00	0.000000e+00	0.000000e+00	3.654469e-04	0.000000e+00	9.372528e-04	0.000000e+00	9.116459e-04	8.058150e-05	7.625162e-04	9.289837e-05	0.000000e+00	0.000000e+00	2.348352e-04	0.000000e+00	3.285696e-04	7.107740e-04	2.844613e-04	0.000000e+00	1.491570e-04	0.000000e+00	4.463155e-01	-1.103462e-01
4.414279e-01	0.000000e+00	0.000000e+00	0.000000e+00	0.000000e+00	0.000000e+00	7.164074e-05	0.000000e+00	5.411317e-06	2.573927e-04	0.000000e+00	5.331154e-05	2.716581e-05	0.000000e+00	1.342986e-04	0.000000e+00	0.000000e+00	5.372100e-05	2.615964e-04	2.604915e-04	0.000000e+00	5.666606e-04	2.106773e-04	5.220149e-05	2.628557e-04	8.178793e-04	0.000000e+00	1.127564e-03	1.256059e-04	0.000000e+00	4.414279e-01	-8.902884e-02
4.376641e-01	0.000000e+00	0.000000e+00	0.000000e+00	0.000000e+00	0.000000e+00	0.000000e+00	3.246536e-04	5.411317e-06	6.434818e-05	0.000000e+00	0.000000e+00	0.000000e+00	0.000000e+00	1.263309e-03	0.000000e+00	1.823292e-03	5.372100e-05	7.402433e-04	1.830510e-04	0.000000e+00	1.471605e-03	1.009853e-04	0.000000e+00	0.000000e+00	3.884550e-04	4.063733e-04	0.000000e+00	9.420443e-05	1.476680e-03	4.376641e-01	-6.502465e-02
4.320175e-01	0.000000e+00	8.510643e-05	0.000000e+00	0.000000e+00	0.000000e+00	1.432815e-04	0.000000e+00	7.871006e-06	3.860891e-04	0.000000e+00	9.693008e-06	1.105646e-03	0.000000e+00	2.405393e-04	0.000000e+00	1.823292e-03	5.372100e-05	7.847891e-04	2.402057e-04	0.000000e+00	8.649030e-04	0.000000e+00	0.000000e+00	3.679979e-04	2.198471e-04	0.000000e+00	0.000000e+00	1.884089e-04	0.000000e+00	4.320175e-01	-2.081255e-02
4.298925e-01	0.000000e+00	0.000000e+00	0.000000e+00	0.000000e+00	0.000000e+00	4.776050e-05	9.257416e-05	1.082263e-05	1.286964e-04	0.000000e+00	6.785105e-05	5.433162e-05	0.000000e+00	0.000000e+00	0.000000e+00	0.000000e+00	6.715125e-05	0.000000e+00	3.091577e-05	0.000000e+00	0.000000e+00	1.053386e-04	9.632990e-05	3.811407e-04	8.293189e-04	4.741022e-04	2.255129e-03	6.280295e-05	4.901574e-05	4.298925e-01	-1.605228e-03
4.249720e-01	0.000000e+00	0.000000e+00	0.000000e+00	0.000000e+00	0.000000e+00	0.000000e+00	4.463629e-04	0.000000e+00	0.000000e+00	0.000000e+00	1.938602e-05	0.000000e+00	0.000000e+00	1.605908e-03	0.000000e+00	1.823292e-03	5.372100e-05	4.786469e-04	3.099130e-04	0.000000e+00	1.034045e-03	4.831595e-05	4.036545e-06	1.314278e-04	4.897573e-04	5.689227e-04	0.000000e+00	4.710222e-05	2.116082e-03	4.249720e-01	4.978556e-02
4.210635e-01	0.000000e+00	0.000000e+00	0.000000e+00	0.000000e+00	0.000000e+00	0.000000e+00	2.434186e-04	2.164527e-05	0.000000e+00	0.000000e+00	9.693008e-05	1.086632e-04	0.000000e+00	0.000000e+00	0.000000e+00	0.000000e+00	5.372100e-05	0.000000e+00	0.000000e+00	0.000000e+00	0.000000e+00	0.000000e+00	1.845867e-04	2.102845e-04	2.370897e-04	3.250987e-04	0.000000e+00	0.000000e+00	1.268221e-03	4.210635e-01	9.294592e-02
4.174295e-01	0.000000e+00	0.000000e+00	0.000000e+00	0.000000e+00	0.000000e+00	0.000000e+00	3.193144e-04	2.164527e-05	2.573927e-04	0.000000e+00	7.269756e-05	4.788029e-04	0.000000e+00	7.162592e-04	0.000000e+00	0.000000e+00	8.058150e-05	0.000000e+00	1.239652e-04	0.000000e+00	5.964848e-04	0.000000e+00	1.845867e-04	1.051423e-04	0.000000e+00	3.792818e-04	0.000000e+00	0.000000e+00	0.000000e+00	4.174295e-01	1.372953e-01
4.138408e-01	0.000000e+00	4.255322e-05	0.000000e+00	0.000000e+00	0.000000e+00	0.000000e+00	1.853188e-04	0.000000e+00	0.000000e+00	4.013192e-04	9.693008e-05	1.013485e-03	0.000000e+00	0.000000e+00	0.000000e+00	0.000000e+00	2.686050e-05	0.000000e+00	1.280857e-03	0.000000e+00	0.000000e+00	0.000000e+00	1.615134e-04	0.000000e+00	6.810886e-04	0.000000e+00	0.000000e+00	0.000000e+00	1.999652e-04	4.138408e-01	1.832271e-01
4.133985e-01	0.000000e+00	0.000000e+00	0.000000e+00	0.000000e+00	0.000000e+00	0.000000e+00	2.641963e-04	2.164527e-05	0.000000e+00	0.000000e+00	9.693008e-05	9.576058e-04	0.000000e+00	7.162592e-04	0.000000e+00	0.000000e+00	5.372100e-05	0.000000e+00	0.000000e+00	0.000000e+00	1.192970e-03	0.000000e+00	1.845867e-04	5.257113e-05	0.000000e+00	3.792818e-04	0.000000e+00	0.000000e+00	9.803148e-05	4.133985e-01	1.889687e-01
2.579521e-01	0.000000e+00	0.000000e+00	0.000000e+00	0.000000e+00	0.000000e+00	0.000000e+00	2.434186e-04	0.000000e+00	0.000000e+00	1.543701e-04	1.453951e-04	9.576058e-04	0.000000e+00	0.000000e+00	0.000000e+00	0.000000e+00	5.372100e-05	0.000000e+00	0.000000e+00	0.000000e+00	5.964848e-04	0.000000e+00	2.538067e-04	0.000000e+00	2.370897e-04	9.571693e-05	0.000000e+00	0.000000e+00	9.803148e-05	2.579521e-01	2.428224e-01
2.579521e-01	0.000000e+00	0.000000e+00	0.000000e+00	0.000000e+00	0.000000e+00	0.000000e+00	2.434186e-04	0.000000e+00	0.000000e+00	1.543701e-04	1.453951e-04	9.576058e-04	0.000000e+00	0.000000e+00	0.000000e+00	0.000000e+00	5.372100e-05	0.000000e+00	0.000000e+00	0.000000e+00	5.964848e-04	0.000000e+00	2.538067e-04	0.000000e+00	2.370897e-04	9.571693e-05	0.000000e+00	0.000000e+00	9.803148e-05	2.579521e-01	2.428224e-01
2.579521e-01	0.000000e+00	0.000000e+00	0.000000e+00	0.000000e+00	0.000000e+00	0.000000e+00	2.434186e-04	0.000000e+00	0.000000e+00	1.543701e-04	1.453951e-04	9.576058e-04	0.000000e+00	0.000000e+00	0.000000e+00	0.000000e+00	5.372100e-05	0.000000e+00	0.000000e+00	0.000000e+00	5.964848e-04	0.000000e+00	2.538067e-04	0.000000e+00	2.370897e-04	9.571693e-05	0.000000e+00	0.000000e+00	9.803148e-05	2.579521e-01	2.428224e-01
2.579521e-01	0.000000e+00	0.000000e+00	0.000000e+00	0.000000e+00	0.000000e+00	0.000000e+00	2.434186e-04	0.000000e+00	0.000000e+00	1.543701e-04	1.453951e-04	9.576058e-04	0.000000e+00	0.000000e+00	0.000000e+00	0.000000e+00	5.372100e-05	0.000000e+00	0.000000e+00	0.000000e+00	5.964848e-04	0.000000e+00	2.538067e-04	0.000000e+00	2.370897e-04	9.571693e-05	0.000000e+00	0.000000e+00	9.803148e-05	2.579521e-01	2.428224e-01
2.579521e-01	0.000000e+00	0.000000e+00	0.000000e+00	0.000000e+00	0.000000e+00	0.000000e+00	2.434186e-04	0.000000e+00	0.000000e+00	1.543701e-04	1.453951e-04	9.576058e-04	0.000000e+00	0.000000e+00	0.000000e+00	0.000000e+00	5.372100e-05	0.000000e+00	0.000000e+00	0.000000e+00	5.964848e-04	0.000000e+00	2.538067e-04	0.000000e+00	2.370897e-04	9.571693e-05	0.000000e+00	0.000000e+00	9.803148e-05	2.579521e-01	2.428224e-01
2.579521e-01	0.000000e+00	0.000000e+00	0.000000e+00	0.000000e+00	0.000000e+00	0.000000e+00	2.434186e-04	0.000000e+00	0.000000e+00	1.543701e-04	1.453951e-04	9.576058e-04	0.000000e+00	0.000000e+00	0.000000e+00	0.000000e+00	5.372100e-05	0.000000e+00	0.000000e+00	0.000000e+00	5.964848e-04	0.000000e+00	2.538067e-04	0.000000e+00	2.370897e-04	9.571693e-05	0.000000e+00	0.000000e+00	9.803148e-05	2.579521e-01	2.428224e-01
2.562040e-01	0.000000e+00	0.000000e+00	0.000000e+00	0.000000e+00	0.000000e+00	0.000000e+00	1.249178e-04	0.000000e+00	0.000000e+00	9.877963e-04	0.000000e+00	9.576058e-04	0.000000e+00	0.000000e+00	0.000000e+00	0.000000e+00	3.434648e-04	0.000000e+00	1.074131e-03	8.298475e-04	0.000000e+00	0.000000e+00	9.229335e-05	3.154268e-04	0.000000e+00	0.000000e+00	0.000000e+00	0.000000e+00	1.960630e-04	2.562040e-01	2.436219e-01
2.430184e-01	0.000000e+00	0.000000e+00	0.000000e+00	0.000000e+00	0.000000e+00	0.000000e+00	1.853188e-04	0.000000e+00	0.000000e+00	4.013192e-04	9.693008e-05	4.788029e-04	4.362846e-05	0.000000e+00	0.000000e+00	0.000000e+00	2.686050e-05	0.000000e+00	1.866060e-03	0.000000e+00	0.000000e+00	0.000000e+00	1.615134e-04	0.000000e+00	6.810886e-04	0.000000e+00	0.000000e+00	0.000000e+00	1.999652e-04	2.430184e-01	2.708034e-01
2.330261e-01	0.000000e+00	0.000000e+00	0.000000e+00	0.000000e+00	0.000000e+00	0.000000e+00	2.520285e-04	0.000000e+00	0.000000e+00	4.938981e-04	0.000000e+00	0.000000e+00	0.000000e+00	0.000000e+00	0.000000e+00	0.000000e+00	1.078394e-03	0.000000e+00	2.911052e-03	4.149238e-04	0.000000e+00	0.000000e+00	0.000000e+00	5.257113e-04	0.000000e+00	5.671297e-04	0.000000e+00	0.000000e+00	0.000000e+00	2.330261e-01	3.180698e-01
2.231544e-01	0.000000e+00	2.709918e-04	0.000000e+00	0.000000e+00	0.000000e+00	0.000000e+00	1.708293e-04	0.000000e+00	0.000000e+00	8.373016e-04	4.846504e-05	0.000000e+00	1.308854e-04	0.000000e+00	0.000000e+00	0.000000e+00	0.000000e+00	1.352052e-04	1.074131e-03	8.298475e-04	0.000000e+00	0.000000e+00	0.000000e+00	2.102845e-04	0.000000e+00	0.000000e+00	0.000000e+00	0.000000e+00	1.960630e-04	2.231544e-01	3.801487e-01
2.150922e-01	0.000000e+00	0.000000e+00	0.000000e+00	0.000000e+00	0.000000e+00	0.000000e+00	1.221629e-04	0.000000e+00	0.000000e+00	9.877963e-04	0.000000e+00	0.000000e+00	1.308854e-04	0.000000e+00	0.000000e+00	0.000000e+00	0.000000e+00	0.000000e+00	1.074131e-03	0.000000e+00	0.000000e+00	0.000000e+00	1.845867e-04	0.000000e+00	0.000000e+00	0.000000e+00	0.000000e+00	0.000000e+00	9.102923e-05	2.150922e-01	4.386324e-01
2.054635e-01	0.000000e+00	2.709918e-04	0.000000e+00	0.000000e+00	0.000000e+00	0.000000e+00	1.587348e-04	0.000000e+00	0.000000e+00	9.877963e-04	0.000000e+00	7.029831e-05	1.063444e-04	0.000000e+00	0.000000e+00	0.000000e+00	0.000000e+00	1.014039e-04	0.000000e+00	0.000000e+00	0.000000e+00	0.000000e+00	0.000000e+00	0.000000e+00	0.000000e+00	0.000000e+00	0.000000e+00	0.000000e+00	9.369453e-05	2.054635e-01	5.120555e-01
1.953488e-01	0.000000e+00	0.000000e+00	0.000000e+00	0.000000e+00	0.000000e+00	0.000000e+00	1.982224e-04	0.000000e+00	0.000000e+00	1.003298e-04	0.000000e+00	1.424993e-04	9.271047e-05	0.000000e+00	0.000000e+00	0.000000e+00	0.000000e+00	0.000000e+00	2.630360e-03	0.000000e+00	0.000000e+00	0.000000e+00	3.027409e-06	4.205690e-04	0.000000e+00	6.953828e-05	0.000000e+00	0.000000e+00	2.863628e-04	1.953488e-01	5.874142e-01
8.375155e-02	0.000000e+00	0.000000e+00	0.000000e+00	0.000000e+00	0.000000e+00	0.000000e+00	1.297470e-04	0.000000e+00	0.000000e+00	0.000000e+00	0.000000e+00	2.849986e-04	9.816403e-05	0.000000e+00	0.000000e+00	0.000000e+00	0.000000e+00	0.000000e+00	0.000000e+00	0.000000e+00	0.000000e+00	0.000000e+00	0.000000e+00	0.000000e+00	0.000000e+00	7.765589e-05	0.000000e+00	0.000000e+00	9.336331e-05	8.375155e-02	6.698637e-01
8.375155e-02	0.000000e+00	0.000000e+00	0.000000e+00	0.000000e+00	0.000000e+00	0.000000e+00	1.297470e-04	0.000000e+00	0.000000e+00	0.000000e+00	0.000000e+00	2.849986e-04	9.816403e-05	0.000000e+00	0.000000e+00	0.000000e+00	0.000000e+00	0.000000e+00	0.000000e+00	0.000000e+00	0.000000e+00	0.000000e+00	0.000000e+00	0.000000e+00	0.000000e+00	7.765589e-05	0.000000e+00	0.000000e+00	9.336331e-05	8.375155e-02	6.698637e-01
8.375155e-02	0.000000e+00	0.000000e+00	0.000000e+00	0.000000e+00	0.000000e+00	0.000000e+00	1.297470e-04	0.000000e+00	0.000000e+00	0.000000e+00	0.000000e+00	2.849986e-04	9.816403e-05	0.000000e+00	0.000000e+00	0.000000e+00	0.000000e+00	0.000000e+00	0.000000e+00	0.000000e+00	0.000000e+00	0.000000e+00	0.000000e+00	0.000000e+00	0.000000e+00	7.765589e-05	0.000000e+00	0.000000e+00	9.336331e-05	8.375155e-02	6.698637e-01
8.375155e-02	0.000000e+00	0.000000e+00	0.000000e+00	0.000000e+00	0.000000e+00	0.000000e+00	1.297470e-04	0.000000e+00	0.000000e+00	0.000000e+00	0.000000e+00	2.849986e-04	9.816403e-05	0.000000e+00	0.000000e+00	0.000000e+00	0.000000e+00	0.000000e+00	0.000000e+00	0.000000e+00	0.000000e+00	0.000000e+00	0.000000e+00	0.000000e+00	0.000000e+00	7.765589e-05	0.000000e+00	0.000000e+00	9.336331e-05	8.375155e-02	6.698637e-01
8.375155e-02	0.000000e+00	0.000000e+00	0.000000e+00	0.000000e+00	0.000000e+00	0.000000e+00	1.297470e-04	0.000000e+00	0.000000e+00	0.000000e+00	0.000000e+00	2.849986e-04	9.816403e-05	0.000000e+00	0.000000e+00	0.000000e+00	0.000000e+00	0.000000e+00	0.000000e+00	0.000000e+00	0.000000e+00	0.000000e+00	0.000000e+00	0.000000e+00	0.000000e+00	7.765589e-05	0.000000e+00	0.000000e+00	9.336331e-05	8.375155e-02	6.698637e-01
7.481693e-02	0.000000e+00	2.709918e-04	0.000000e+00	0.000000e+00	0.000000e+00	0.000000e+00	1.272190e-04	0.000000e+00	0.000000e+00	0.000000e+00	9.693008e-05	0.000000e+00	8.725692e-05	0.000000e+00	0.000000e+00	0.000000e+00	0.000000e+00	2.704105e-04	0.000000e+00	0.000000e+00	0.000000e+00	0.000000e+00	0.000000e+00	0.000000e+00	0.000000e+00	0.000000e+00	0.000000e+00	0.000000e+00	9.369453e-05	7.481693e-02	6.735198e-01
5.585225e-02	0.000000e+00	6.774794e-05	0.000000e+00	0.000000e+00	0.000000e+00	0.000000e+00	9.036985e-05	0.000000e+00	0.000000e+00	0.000000e+00	0.000000e+00	1.899990e-04	9.271047e-05	0.000000e+00	0.000000e+00	0.000000e+00	0.000000e+00	0.000000e+00	0.000000e+00	0.000000e+00	0.000000e+00	0.000000e+00	2.105507e-05	0.000000e+00	1.485265e-04	0.000000e+00	0.000000e+00	0.000000e+00	2.863628e-04	5.585225e-02	7.090037e-01
3.845339e-02	0.000000e+00	2.032438e-04	0.000000e+00	0.000000e+00	0.000000e+00	0.000000e+00	5.407521e-05	0.000000e+00	0.000000e+00	0.000000e+00	0.000000e+00	0.000000e+00	1.690603e-04	0.000000e+00	0.000000e+00	0.000000e+00	0.000000e+00	6.760262e-05	1.411014e-04	0.000000e+00	0.000000e+00	0.000000e+00	0.000000e+00	0.000000e+00	0.000000e+00	0.000000e+00	0.000000e+00	0.000000e+00	9.102923e-05	3.845339e-02	7.681568e-01
1.919592e-02	0.000000e+00	2.709918e-04	0.000000e+00	0.000000e+00	0.000000e+00	0.000000e+00	1.272190e-04	0.000000e+00	0.000000e+00	0.000000e+00	0.000000e+00	1.405966e-04	1.199783e-04	0.000000e+00	0.000000e+00	0.000000e+00	0.000000e+00	2.704105e-04	1.411014e-04	0.000000e+00	0.000000e+00	0.000000e+00	4.816495e-05	0.000000e+00	0.000000e+00	0.000000e+00	0.000000e+00	0.000000e+00	0.000000e+00	1.919592e-02	8.508865e-01
0.000000e+00	0.000000e+00	2.709918e-04	0.000000e+00	0.000000e+00	0.000000e+00	0.000000e+00	1.272190e-04	0.000000e+00	0.000000e+00	0.000000e+00	4.846504e-05	0.000000e+00	1.145247e-04	0.000000e+00	0.000000e+00	0.000000e+00	0.000000e+00	2.704105e-04	0.000000e+00	0.000000e+00	0.000000e+00	0.000000e+00	0.000000e+00	0.000000e+00	0.000000e+00	0.000000e+00	0.000000e+00	0.000000e+00	9.369453e-05	0.000000e+00	1.000287e+00
