6.514139e-01	0.000000e+00	2.645198e-03	9.767469e-03	1.917697e-06	0.000000e+00	5.422723e-04	1.615678e-04	0.000000e+00	9.501041e-03	1.995092e-03	6.113236e-06	4.092860e-04	0.000000e+00	3.468656e-03	1.381327e-04	8.919320e-04	2.606802e-03	2.691704e-04	3.566802e-04	2.506957e-04	8.272660e-04	4.155872e-03	0.000000e+00	2.505188e-03	2.474175e-03	0.000000e+00	0.000000e+00	2.315265e-04	0.000000e+00	6.514139e-01	-4.498578e-01
6.480582e-01	5.502882e-04	0.000000e+00	1.763934e-03	0.000000e+00	6.132811e-03	5.502363e-05	3.049804e-04	0.000000e+00	2.013592e-05	2.340647e-03	0.000000e+00	6.260464e-05	2.021386e-04	1.003997e-02	7.888224e-04	5.972314e-04	2.247346e-03	0.000000e+00	9.950333e-04	0.000000e+00	4.360798e-03	0.000000e+00	0.000000e+00	1.059845e-03	2.283991e-03	1.338991e-05	9.555406e-04	0.000000e+00	0.000000e+00	6.480582e-01	-4.454136e-01
6.459364e-01	0.000000e+00	1.225833e-03	6.969223e-03	5.172735e-06	0.000000e+00	8.989578e-05	5.512601e-04	0.000000e+00	2.812360e-04	7.719512e-04	1.573093e-03	7.479487e-04	2.215200e-03	7.604897e-03	0.000000e+00	0.000000e+00	1.693744e-03	2.128700e-04	1.108111e-04	3.927340e-05	2.373763e-03	0.000000e+00	2.175924e-03	0.000000e+00	0.000000e+00	0.000000e+00	2.665757e-03	1.359196e-03	3.957840e-03	6.459364e-01	-4.375700e-01
6.446560e-01	5.502882e-04	0.000000e+00	4.061267e-03	9.475726e-06	3.066406e-03	0.000000e+00	0.000000e+00	0.000000e+00	2.046345e-04	2.965858e-03	0.000000e+00	0.000000e+00	4.712891e-03	0.000000e+00	7.316650e-04	8.484175e-04	2.214679e-04	3.452535e-04	4.141474e-04	0.000000e+00	1.609704e-03	0.000000e+00	3.044907e-03	0.000000e+00	6.801446e-04	0.000000e+00	5.450770e-04	8.601413e-04	9.204815e-04	6.446560e-01	-4.336997e-01
6.426785e-01	0.000000e+00	1.835519e-03	1.803075e-03	2.498053e-06	0.000000e+00	4.224431e-05	3.714952e-04	0.000000e+00	2.009146e-04	1.269679e-03	0.000000e+00	9.407869e-05	2.039699e-03	8.056627e-03	7.732610e-04	6.155134e-04	2.603355e-04	0.000000e+00	8.357283e-04	6.402684e-05	8.284912e-03	0.000000e+00	1.606427e-04	1.885755e-03	1.179788e-03	1.455445e-02	9.620049e-04	0.000000e+00	1.984552e-03	6.426785e-01	-4.186123e-01
6.419393e-01	0.000000e+00	9.097605e-05	2.215163e-03	1.097629e-05	0.000000e+00	8.869298e-05	1.405972e-04	0.000000e+00	0.000000e+00	1.018042e-03	0.000000e+00	4.370438e-04	3.252626e-03	0.000000e+00	4.730004e-05	9.088318e-05	6.580392e-03	8.513181e-05	1.399965e-03	6.402684e-05	6.513356e-03	1.221033e-04	5.595935e-04	0.000000e+00	4.584600e-04	0.000000e+00	3.084163e-03	0.000000e+00	1.786008e-02	6.419393e-01	-4.144513e-01
6.400020e-01	1.100576e-03	1.180345e-03	1.756474e-03	6.245132e-06	1.226562e-02	4.554929e-05	5.001797e-04	0.000000e+00	2.812360e-04	2.629299e-04	2.384186e-03	2.522592e-04	4.512486e-04	1.140735e-02	7.256778e-04	5.463442e-04	0.000000e+00	0.000000e+00	9.096024e-04	0.000000e+00	4.360798e-03	0.000000e+00	3.696536e-04	0.000000e+00	0.000000e+00	3.825688e-06	1.733337e-03	2.252482e-03	0.000000e+00	6.400020e-01	-4.007055e-01
6.387072e-01	5.502882e-04	0.000000e+00	0.000000e+00	5.488146e-06	0.000000e+00	3.087562e-05	1.860701e-04	0.000000e+00	4.583535e-03	3.548941e-03	9.467044e-04	1.951839e-04	1.010693e-04	5.202984e-03	0.000000e+00	3.318974e-04	2.166523e-03	8.048653e-05	0.000000e+00	1.253478e-04	1.240899e-03	0.000000e+00	1.665378e-03	0.000000e+00	1.846366e-03	1.338991e-05	0.000000e+00	1.271026e-03	0.000000e+00	6.387072e-01	-3.936283e-01
6.382509e-01	0.000000e+00	0.000000e+00	0.000000e+00	1.053472e-05	0.000000e+00	0.000000e+00	3.542958e-04	0.000000e+00	3.917612e-04	0.000000e+00	2.062895e-03	3.380280e-04	1.425927e-03	7.775962e-04	1.610262e-03	2.923061e-03	1.763293e-03	1.522544e-04	3.022255e-02	0.000000e+00	0.000000e+00	0.000000e+00	3.691948e-03	5.299225e-04	0.000000e+00	0.000000e+00	2.438648e-03	0.000000e+00	4.317053e-03	6.382509e-01	-3.842637e-01
6.365815e-01	0.000000e+00	2.121738e-03	1.803075e-03	9.588485e-07	0.000000e+00	5.768212e-05	8.911914e-05	0.000000e+00	0.000000e+00	1.403580e-03	0.000000e+00	3.406699e-05	2.704897e-05	8.768565e-03	9.263702e-04	2.213115e-03	9.445604e-04	3.045087e-04	1.920878e-03	6.614585e-04	3.312361e-03	0.000000e+00	0.000000e+00	1.059845e-03	2.241250e-03	0.000000e+00	1.339041e-03	6.355132e-04	8.907698e-03	6.365815e-01	-3.714652e-01
6.357090e-01	5.502882e-04	1.458797e-03	5.584721e-03	5.488146e-06	0.000000e+00	1.894555e-04	1.615678e-04	0.000000e+00	0.000000e+00	2.551396e-03	1.399815e-03	2.906204e-04	0.000000e+00	3.468656e-03	0.000000e+00	6.832807e-03	5.368492e-03	4.256591e-05	0.000000e+00	0.000000e+00	8.272660e-04	0.000000e+00	2.550266e-03	0.000000e+00	6.092781e-04	0.000000e+00	0.000000e+00	3.087887e-03	4.117091e-03	6.357090e-01	-3.627108e-01
6.348302e-01	2.751441e-04	0.000000e+00	1.103270e-02	0.000000e+00	0.000000e+00	0.000000e+00	1.357871e-04	0.000000e+00	6.422747e-05	0.000000e+00	0.000000e+00	2.482201e-04	4.959951e-03	0.000000e+00	0.000000e+00	1.133117e-04	1.221464e-03	9.633456e-05	0.000000e+00	0.000000e+00	3.070441e-03	0.000000e+00	0.000000e+00	0.000000e+00	1.360289e-03	6.694954e-06	0.000000e+00	3.831290e-04	0.000000e+00	6.348302e-01	-3.565613e-01
6.333131e-01	0.000000e+00	0.000000e+00	1.834756e-03	1.130432e-05	0.000000e+00	0.000000e+00	1.330296e-04	0.000000e+00	7.432506e-04	0.000000e+00	1.936168e-03	3.152073e-04	1.804995e-03	1.320275e-03	6.945550e-04	2.079664e-03	7.094793e-05	0.000000e+00	5.909925e-04	7.112064e-04	0.000000e+00	0.000000e+00	4.219369e-03	1.651821e-03	1.899364e-04	0.000000e+00	1.292863e-05	3.143074e-03	4.317053e-03	6.333131e-01	-3.392504e-01
6.333131e-01	0.000000e+00	0.000000e+00	7.741300e-03	1.097629e-05	0.000000e+00	6.084150e-03	3.759544e-04	0.000000e+00	0.000000e+00	0.000000e+00	7.295242e-05	1.163821e-04	3.097171e-03	0.000000e+00	0.000000e+00	0.000000e+00	5.315955e-03	0.000000e+00	0.000000e+00	6.402684e-05	8.693755e-03	0.000000e+00	4.219369e-03	0.000000e+00	3.905418e-05	4.303899e-06	3.449994e-03	1.461163e-03	4.317053e-03	6.333131e-01	-3.356343e-01
6.317398e-01	0.000000e+00	0.000000e+00	1.100569e-02	5.652160e-06	0.000000e+00	0.000000e+00	3.843642e-05	0.000000e+00	0.000000e+00	0.000000e+00	1.622187e-03	6.780887e-04	3.640716e-03	7.604897e-03	2.066852e-04	0.000000e+00	0.000000e+00	0.000000e+00	3.052619e-03	3.556032e-04	2.483446e-03	0.000000e+00	1.119187e-03	0.000000e+00	0.000000e+00	7.651376e-06	1.219324e-03	1.786572e-03	0.000000e+00	6.317398e-01	-3.189068e-01
6.309713e-01	0.000000e+00	0.000000e+00	4.910978e-03	6.724556e-06	0.000000e+00	2.555863e-05	2.200401e-05	0.000000e+00	3.716253e-04	2.953211e-03	0.000000e+00	2.908170e-04	1.804573e-03	5.286968e-03	7.256778e-04	5.463442e-04	5.123804e-03	5.042906e-05	5.384302e-04	1.446510e-03	3.830691e-04	0.000000e+00	0.000000e+00	0.000000e+00	1.120625e-03	2.125228e-04	6.903214e-04	5.906736e-04	2.303054e-03	6.309713e-01	-3.103724e-01
6.299969e-01	0.000000e+00	2.572695e-05	0.000000e+00	9.588485e-07	1.314676e-03	7.394482e-05	0.000000e+00	0.000000e+00	0.000000e+00	5.456200e-04	2.534530e-04	0.000000e+00	0.000000e+00	0.000000e+00	9.014752e-04	2.302306e-03	1.888428e-03	3.045087e-04	2.526889e-04	1.520697e-04	2.331099e-03	1.059535e-02	3.889174e-03	0.000000e+00	2.312862e-03	0.000000e+00	1.220277e-03	1.134568e-03	2.281638e-04	6.299969e-01	-2.977928e-01
6.287990e-01	0.000000e+00	0.000000e+00	6.152641e-03	5.406928e-06	1.314676e-03	0.000000e+00	0.000000e+00	0.000000e+00	3.716253e-04	0.000000e+00	9.123339e-04	1.229346e-05	4.712891e-03	0.000000e+00	9.085163e-04	0.000000e+00	0.000000e+00	1.933292e-04	4.774849e-04	0.000000e+00	1.917466e-03	1.059535e-02	1.769774e-03	8.259104e-04	2.103191e-03	0.000000e+00	1.226741e-03	5.458339e-04	3.281447e-04	6.287990e-01	-2.809240e-01
6.280870e-01	0.000000e+00	0.000000e+00	6.152641e-03	5.406928e-06	0.000000e+00	0.000000e+00	1.420588e-04	0.000000e+00	3.339716e-04	0.000000e+00	9.123339e-04	5.290734e-04	4.712891e-03	0.000000e+00	9.085163e-04	0.000000e+00	9.965372e-04	1.933292e-04	4.774849e-04	0.000000e+00	0.000000e+00	2.112400e-03	1.769774e-03	4.363486e-03	0.000000e+00	0.000000e+00	5.450770e-04	5.458339e-04	1.297732e-04	6.280870e-01	-2.729030e-01
6.267561e-01	0.000000e+00	5.145390e-05	1.105227e-02	0.000000e+00	0.000000e+00	0.000000e+00	4.511111e-05	0.000000e+00	5.415951e-05	0.000000e+00	3.879259e-04	0.000000e+00	2.839288e-03	4.698348e-04	0.000000e+00	4.459660e-04	5.700713e-04	2.485889e-04	8.751363e-05	0.000000e+00	2.546223e-03	0.000000e+00	8.032135e-05	0.000000e+00	0.000000e+00	0.000000e+00	1.131756e-03	5.458339e-04	3.611711e-04	6.267561e-01	-2.547002e-01
6.267561e-01	1.100576e-03	1.865121e-03	5.928376e-02	7.224482e-06	6.573378e-04	0.000000e+00	2.330883e-04	0.000000e+00	0.000000e+00	3.865452e-03	3.879259e-04	3.062666e-04	2.839288e-03	4.698348e-04	0.000000e+00	0.000000e+00	5.700713e-04	4.256591e-05	1.482229e-04	0.000000e+00	4.346878e-03	0.000000e+00	4.405811e-04	0.000000e+00	0.000000e+00	0.000000e+00	1.131756e-03	1.003498e-03	3.611711e-04	6.267561e-01	-2.437438e-01
6.252922e-01	0.000000e+00	1.458416e-03	7.781978e-03	0.000000e+00	0.000000e+00	1.232339e-04	0.000000e+00	0.000000e+00	2.554883e-02	2.251421e-03	0.000000e+00	0.000000e+00	2.873549e-03	3.351197e-03	0.000000e+00	1.559748e-03	4.936560e-03	2.246916e-05	0.000000e+00	1.115781e-03	0.000000e+00	1.056200e-03	0.000000e+00	0.000000e+00	0.000000e+00	4.165364e-05	5.866788e-04	5.458339e-04	0.000000e+00	6.252922e-01	-2.269235e-01
6.240943e-01	0.000000e+00	4.073160e-04	0.000000e+00	0.000000e+00	0.000000e+00	1.256654e-04	0.000000e+00	0.000000e+00	2.733743e-04	4.596919e-04	2.420210e-04	4.655284e-04	5.523180e-04	4.698348e-04	1.046676e-03	1.287146e-03	2.528875e-03	4.785967e-04	0.000000e+00	0.000000e+00	0.000000e+00	2.442065e-04	4.016067e-05	0.000000e+00	8.388116e-04	7.651376e-06	0.000000e+00	3.360804e-03	1.262210e-03	6.240943e-01	-2.159164e-01
6.235530e-01	0.000000e+00	0.000000e+00	1.184660e-02	5.406928e-06	0.000000e+00	0.000000e+00	3.661383e-04	0.000000e+00	2.430307e-04	0.000000e+00	6.541024e-04	2.963092e-04	2.839288e-03	0.000000e+00	1.985966e-04	0.000000e+00	2.729780e-03	1.818644e-04	0.000000e+00	0.000000e+00	0.000000e+00	1.300407e-03	1.749694e-03	4.478107e-03	0.000000e+00	7.651376e-06	6.233233e-04	0.000000e+00	0.000000e+00	6.235530e-01	-2.049046e-01
6.227401e-01	1.100576e-03	0.000000e+00	4.705658e-03	0.000000e+00	0.000000e+00	0.000000e+00	0.000000e+00	0.000000e+00	8.768193e-04	2.443434e-04	1.614782e-04	0.000000e+00	2.873549e-03	0.000000e+00	9.337358e-05	3.557462e-04	0.000000e+00	0.000000e+00	0.000000e+00	6.732220e-04	0.000000e+00	0.000000e+00	4.405811e-04	2.292406e-04	0.000000e+00	1.047195e-02	1.564927e-04	0.000000e+00	0.000000e+00	6.227401e-01	-1.929257e-01
6.211989e-01	1.100576e-03	2.271065e-03	6.875548e-03	3.472672e-06	1.314676e-03	1.626378e-04	1.409927e-04	0.000000e+00	7.079685e-04	2.628113e-03	1.575608e-04	1.476745e-04	3.182226e-03	2.349174e-04	3.853438e-04	2.030826e-03	2.079312e-04	0.000000e+00	2.964457e-04	5.767236e-04	5.568250e-05	0.000000e+00	0.000000e+00	0.000000e+00	1.708094e-04	0.000000e+00	1.858567e-03	0.000000e+00	9.554506e-03	6.211989e-01	-1.655416e-01
6.201027e-01	0.000000e+00	6.061666e-04	0.000000e+00	1.963432e-06	0.000000e+00	1.215355e-02	4.481589e-04	0.000000e+00	0.000000e+00	5.556372e-04	9.663593e-04	9.621292e-05	2.761590e-04	1.675599e-03	0.000000e+00	0.000000e+00	8.187820e-05	0.000000e+00	0.000000e+00	8.301904e-05	0.000000e+00	4.676295e-05	2.983648e-04	2.292406e-04	0.000000e+00	1.625917e-05	1.385107e-03	0.000000e+00	4.563276e-04	6.201027e-01	-1.499206e-01
6.194618e-01	1.100576e-03	4.317099e-02	2.380747e-03	4.179192e-06	0.000000e+00	1.884589e-03	4.481589e-04	0.000000e+00	8.680803e-04	2.443434e-04	4.894689e-05	2.724516e-04	3.173196e-03	0.000000e+00	5.780157e-04	2.297636e-03	0.000000e+00	9.169388e-05	2.964457e-04	6.732220e-04	0.000000e+00	1.292476e-04	0.000000e+00	0.000000e+00	0.000000e+00	2.677981e-05	2.126395e-03	0.000000e+00	2.699337e-04	6.194618e-01	-1.313018e-01
4.549475e-01	0.000000e+00	0.000000e+00	0.000000e+00	0.000000e+00	0.000000e+00	0.000000e+00	4.481589e-04	0.000000e+00	9.149246e-05	2.443434e-04	8.689113e-04	0.000000e+00	0.000000e+00	0.000000e+00	3.853438e-04	3.557462e-04	7.012593e-06	0.000000e+00	0.000000e+00	6.732220e-04	0.000000e+00	0.000000e+00	0.000000e+00	2.292406e-04	0.000000e+00	2.677981e-05	1.564927e-04	0.000000e+00	2.699337e-04	4.549475e-01	-1.231883e-01
4.549475e-01	0.000000e+00	0.000000e+00	0.000000e+00	0.000000e+00	0.000000e+00	0.000000e+00	4.481589e-04	0.000000e+00	9.149246e-05	2.443434e-04	8.689113e-04	0.000000e+00	0.000000e+00	0.000000e+00	3.853438e-04	3.557462e-04	7.012593e-06	0.000000e+00	0.000000e+00	6.732220e-04	0.000000e+00	0.000000e+00	0.000000e+00	2.292406e-04	0.000000e+00	2.677981e-05	1.564927e-04	0.000000e+00	2.699337e-04	4.549475e-01	-1.231883e-01
4.549475e-01	0.000000e+00	0.000000e+00	0.000000e+00	0.000000e+00	0.000000e+00	0.000000e+00	4.481589e-04	0.000000e+00	9.149246e-05	2.443434e-04	8.689113e-04	0.000000e+00	0.000000e+00	0.000000e+00	3.853438e-04	3.557462e-04	7.012593e-06	0.000000e+00	0.000000e+00	6.732220e-04	0.000000e+00	0.000000e+00	0.000000e+00	2.292406e-04	0.000000e+00	2.677981e-05	1.564927e-04	0.000000e+00	2.699337e-04	4.549475e-01	-1.231883e-01
4.549475e-01	0.000000e+00	0.000000e+00	0.000000e+00	0.000000e+00	0.000000e+00	0.000000e+00	4.481589e-04	0.000000e+00	9.149246e-05	2.443434e-04	8.689113e-04	0.000000e+00	0.000000e+00	0.000000e+00	3.853438e-04	3.557462e-04	7.012593e-06	0.000000e+00	0.000000e+00	6.732220e-04	0.000000e+00	0.000000e+00	0.000000e+00	2.292406e-04	0.000000e+00	2.677981e-05	1.564927e-04	0.000000e+00	2.699337e-04	4.549475e-01	-1.231883e-01
4.549475e-01	0.000000e+00	0.000000e+00	0.000000e+00	0.000000e+00	0.000000e+00	0.000000e+00	4.481589e-04	0.000000e+00	9.149246e-05	2.443434e-04	8.689113e-04	0.000000e+00	0.000000e+00	0.000000e+00	3.853438e-04	3.557462e-04	7.012593e-06	0.000000e+00	0.000000e+00	6.732220e-04	0.000000e+00	0.000000e+00	0.000000e+00	2.292406e-04	0.000000e+00	2.677981e-05	1.564927e-04	0.000000e+00	2.699337e-04	4.549475e-01	-1.231883e-01
4.549475e-01	0.000000e+00	0.000000e+00	0.000000e+00	0.000000e+00	0.000000e+00	0.000000e+00	4.481589e-04	0.000000e+00	9.149246e-05	2.443434e-04	8.689113e-04	0.000000e+00	0.000000e+00	0.000000e+00	3.853438e-04	3.557462e-04	7.012593e-06	0.000000e+00	0.000000e+00	6.732220e-04	0.000000e+00	0.000000e+00	0.000000e+00	2.292406e-04	0.000000e+00	2.677981e-05	1.564927e-04	0.000000e+00	2.699337e-04	4.549475e-01	-1.231883e-01
4.485045e-01	0.000000e+00	9.722771e-04	0.000000e+00	0.000000e+00	0.000000e+00	3.478116e-03	0.000000e+00	0.000000e+00	3.212167e-04	4.886869e-04	1.242863e-03	0.000000e+00	0.000000e+00	8.193387e-04	9.633594e-05	0.000000e+00	0.000000e+00	1.833878e-04	0.000000e+00	0.000000e+00	0.000000e+00	0.000000e+00	2.983648e-04	8.435618e-04	2.902986e-05	0.000000e+00	5.356550e-04	0.000000e+00	3.941115e-04	4.485045e-01	-1.157108e-01
4.441425e-01	0.000000e+00	2.776632e-04	0.000000e+00	0.000000e+00	0.000000e+00	1.882527e-05	0.000000e+00	0.000000e+00	4.574623e-05	4.886869e-04	6.971245e-04	0.000000e+00	1.806072e-05	0.000000e+00	2.440126e-04	1.778731e-04	0.000000e+00	0.000000e+00	0.000000e+00	0.000000e+00	0.000000e+00	3.896913e-04	1.068384e-03	1.284117e-03	5.374227e-05	0.000000e+00	7.824636e-05	7.709819e-04	9.751646e-05	4.441425e-01	-1.019018e-01
4.406684e-01	0.000000e+00	1.709283e-03	0.000000e+00	1.413040e-06	0.000000e+00	3.462728e-03	2.619729e-04	0.000000e+00	3.659698e-04	3.257912e-04	2.172278e-04	2.731026e-04	0.000000e+00	1.092452e-03	3.853438e-04	7.114925e-04	0.000000e+00	1.833878e-04	0.000000e+00	1.346444e-03	0.000000e+00	6.481865e-04	0.000000e+00	2.570982e-04	0.000000e+00	7.651376e-06	6.139014e-04	0.000000e+00	5.290783e-04	4.406684e-01	-8.312514e-02
4.381194e-01	0.000000e+00	9.722771e-04	0.000000e+00	0.000000e+00	0.000000e+00	0.000000e+00	6.207352e-04	0.000000e+00	2.744774e-04	0.000000e+00	1.213386e-03	3.425656e-04	0.000000e+00	0.000000e+00	8.427953e-04	0.000000e+00	0.000000e+00	0.000000e+00	0.000000e+00	0.000000e+00	0.000000e+00	1.688662e-04	5.967297e-04	8.963438e-04	0.000000e+00	0.000000e+00	7.824636e-05	0.000000e+00	3.600195e-04	4.381194e-01	-6.853921e-02
4.354771e-01	0.000000e+00	1.795126e-03	0.000000e+00	0.000000e+00	5.843302e-04	5.565732e-06	3.451525e-04	0.000000e+00	0.000000e+00	7.029390e-04	1.809019e-04	5.970221e-04	0.000000e+00	0.000000e+00	5.780157e-04	0.000000e+00	0.000000e+00	2.616146e-05	0.000000e+00	1.346444e-03	0.000000e+00	3.221448e-04	0.000000e+00	1.098512e-03	5.011549e-05	1.912844e-06	1.111506e-05	0.000000e+00	6.793133e-04	4.354771e-01	-4.910810e-02
4.339294e-01	0.000000e+00	1.725634e-03	3.963361e-03	0.000000e+00	5.843302e-04	0.000000e+00	4.003520e-04	0.000000e+00	0.000000e+00	0.000000e+00	8.328805e-04	6.170410e-04	0.000000e+00	8.193387e-04	1.926719e-04	0.000000e+00	3.868107e-04	0.000000e+00	0.000000e+00	1.767910e-03	0.000000e+00	2.078353e-05	9.192021e-04	1.445593e-04	0.000000e+00	1.912844e-06	0.000000e+00	0.000000e+00	2.544246e-04	4.339294e-01	-3.589401e-02
4.316566e-01	0.000000e+00	1.795126e-03	0.000000e+00	0.000000e+00	9.260654e-05	0.000000e+00	3.601184e-04	0.000000e+00	0.000000e+00	1.779683e-04	0.000000e+00	6.528832e-04	2.288442e-02	2.184903e-03	8.523135e-04	0.000000e+00	0.000000e+00	0.000000e+00	1.788308e-03	0.000000e+00	0.000000e+00	2.039384e-04	6.630330e-04	0.000000e+00	6.066612e-05	4.016972e-05	0.000000e+00	0.000000e+00	7.700010e-04	4.316566e-01	-1.216210e-02
4.290349e-01	0.000000e+00	0.000000e+00	0.000000e+00	0.000000e+00	5.666819e-03	3.110262e-05	0.000000e+00	0.000000e+00	0.000000e+00	8.139606e-04	9.979652e-05	1.302324e-04	0.000000e+00	4.369807e-03	1.098922e-04	0.000000e+00	4.719940e-04	0.000000e+00	8.941540e-04	8.671756e-04	0.000000e+00	6.027225e-04	0.000000e+00	1.113471e-03	5.011549e-05	0.000000e+00	1.233203e-04	0.000000e+00	2.293699e-04	4.290349e-01	8.953007e-03
4.266936e-01	0.000000e+00	1.175477e-04	0.000000e+00	0.000000e+00	1.756554e-03	0.000000e+00	3.392572e-04	0.000000e+00	0.000000e+00	4.460058e-05	0.000000e+00	6.030305e-04	0.000000e+00	0.000000e+00	8.860599e-04	6.942671e-03	5.260128e-04	0.000000e+00	1.788308e-03	4.848840e-05	0.000000e+00	5.091966e-04	6.630330e-04	2.301282e-04	1.688101e-04	0.000000e+00	3.338939e-05	0.000000e+00	8.187592e-04	4.266936e-01	3.268196e-02
4.245712e-01	0.000000e+00	0.000000e+00	3.963361e-03	0.000000e+00	0.000000e+00	3.077522e-05	3.451525e-04	0.000000e+00	1.986266e-06	7.247594e-05	3.659933e-04	6.283395e-05	0.000000e+00	0.000000e+00	4.880252e-04	0.000000e+00	0.000000e+00	0.000000e+00	0.000000e+00	0.000000e+00	0.000000e+00	0.000000e+00	4.143956e-04	1.402168e-03	0.000000e+00	0.000000e+00	0.000000e+00	3.854909e-04	0.000000e+00	4.245712e-01	5.383990e-02
4.225912e-01	0.000000e+00	4.166468e-04	0.000000e+00	0.000000e+00	0.000000e+00	0.000000e+00	4.172229e-05	0.000000e+00	0.000000e+00	7.554223e-04	2.626689e-04	9.970546e-05	0.000000e+00	0.000000e+00	1.765198e-04	0.000000e+00	8.187820e-05	0.000000e+00	0.000000e+00	0.000000e+00	0.000000e+00	0.000000e+00	1.068384e-03	5.103107e-04	5.637993e-05	0.000000e+00	0.000000e+00	0.000000e+00	0.000000e+00	4.225912e-01	7.528629e-02
4.213414e-01	0.000000e+00	0.000000e+00	0.000000e+00	0.000000e+00	7.695433e-04	4.796351e-05	0.000000e+00	0.000000e+00	0.000000e+00	1.553442e-03	3.224393e-04	0.000000e+00	9.030359e-05	4.369807e-03	0.000000e+00	0.000000e+00	3.607076e-04	0.000000e+00	0.000000e+00	1.516153e-03	0.000000e+00	2.078353e-05	0.000000e+00	4.575517e-04	2.110126e-05	5.069036e-05	1.090222e-04	1.617442e-02	6.732986e-04	4.213414e-01	9.466078e-02
4.185460e-01	0.000000e+00	5.877386e-05	2.125762e-03	1.146012e-02	8.782768e-04	3.110262e-05	0.000000e+00	0.000000e+00	3.659698e-04	4.000115e-04	0.000000e+00	5.144176e-04	7.224287e-05	0.000000e+00	4.430300e-04	3.471335e-03	1.292882e-04	0.000000e+00	0.000000e+00	2.104521e-03	0.000000e+00	0.000000e+00	3.315165e-04	3.854024e-04	1.055063e-05	0.000000e+00	0.000000e+00	0.000000e+00	0.000000e+00	4.185460e-01	1.275395e-01
4.163075e-01	0.000000e+00	1.795126e-03	0.000000e+00	0.000000e+00	0.000000e+00	0.000000e+00	1.412253e-05	0.000000e+00	1.362456e-04	8.139606e-04	9.979652e-05	1.801185e-04	0.000000e+00	0.000000e+00	3.691916e-04	0.000000e+00	0.000000e+00	0.000000e+00	0.000000e+00	0.000000e+00	0.000000e+00	1.532786e-04	0.000000e+00	1.113471e-03	5.011549e-05	0.000000e+00	0.000000e+00	0.000000e+00	1.997530e-04	4.163075e-01	1.517444e-01
4.142129e-01	0.000000e+00	2.765438e-04	2.125762e-03	1.146012e-02	8.782768e-04	0.000000e+00	4.172229e-05	0.000000e+00	0.000000e+00	1.064142e-03	2.596695e-04	5.144176e-04	0.000000e+00	0.000000e+00	5.220601e-05	0.000000e+00	1.292882e-04	0.000000e+00	0.000000e+00	0.000000e+00	0.000000e+00	0.000000e+00	1.234143e-03	2.982996e-05	5.036277e-05	0.000000e+00	1.121424e-05	0.000000e+00	0.000000e+00	4.142129e-01	1.813584e-01
4.110777e-01	0.000000e+00	2.802059e-04	2.125762e-03	0.000000e+00	4.788542e-03	3.110262e-05	0.000000e+00	0.000000e+00	0.000000e+00	1.441853e-03	9.379770e-05	0.000000e+00	0.000000e+00	2.184903e-03	8.825988e-05	0.000000e+00	2.089876e-04	0.000000e+00	0.000000e+00	8.429314e-04	0.000000e+00	0.000000e+00	3.315165e-04	1.525098e-04	3.808118e-05	0.000000e+00	1.457488e-04	0.000000e+00	0.000000e+00	4.110777e-01	2.213461e-01
2.577483e-01	0.000000e+00	0.000000e+00	0.000000e+00	0.000000e+00	0.000000e+00	0.000000e+00	1.412253e-05	0.000000e+00	0.000000e+00	7.554223e-04	1.728941e-05	4.258047e-04	0.000000e+00	0.000000e+00	0.000000e+00	0.000000e+00	0.000000e+00	0.000000e+00	0.000000e+00	0.000000e+00	0.000000e+00	0.000000e+00	0.000000e+00	2.731340e-04	0.000000e+00	0.000000e+00	0.000000e+00	0.000000e+00	0.000000e+00	2.577483e-01	2.425052e-01
2.577483e-01	0.000000e+00	0.000000e+00	0.000000e+00	0.000000e+00	0.000000e+00	0.000000e+00	1.412253e-05	0.000000e+00	0.000000e+00	7.554223e-04	1.728941e-05	4.258047e-04	0.000000e+00	0.000000e+00	0.000000e+00	0.000000e+00	0.000000e+00	0.000000e+00	0.000000e+00	0.000000e+00	0.000000e+00	0.000000e+00	0.000000e+00	2.731340e-04	0.000000e+00	0.000000e+00	0.000000e+00	0.000000e+00	0.000000e+00	2.577483e-01	2.425052e-01
2.577483e-01	0.000000e+00	0.000000e+00	0.000000e+00	0.000000e+00	0.000000e+00	0.000000e+00	1.412253e-05	0.000000e+00	0.000000e+00	7.554223e-04	1.728941e-05	4.258047e-04	0.000000e+00	0.000000e+00	0.000000e+00	0.000000e+00	0.000000e+00	0.000000e+00	0.000000e+00	0.000000e+00	0.000000e+00	0.000000e+00	0.000000e+00	2.731340e-04	0.000000e+00	0.000000e+00	0.000000e+00	0.000000e+00	0.000000e+00	2.577483e-01	2.425052e-01
2.577483e-01	0.000000e+00	0.000000e+00	0.000000e+00	0.000000e+00	0.000000e+00	0.000000e+00	1.412253e-05	0.000000e+00	0.000000e+00	7.554223e-04	1.728941e-05	4.258047e-04	0.000000e+00	0.000000e+00	0.000000e+00	0.000000e+00	0.000000e+00	0.000000e+00	0.000000e+00	0.000000e+00	0.000000e+00	0.000000e+00	0.000000e+00	2.731340e-04	0.000000e+00	0.000000e+00	0.000000e+00	0.000000e+00	0.000000e+00	2.577483e-01	2.425052e-01
2.577483e-01	0.000000e+00	0.000000e+00	0.000000e+00	0.000000e+00	0.000000e+00	0.000000e+00	1.412253e-05	0.000000e+00	0.000000e+00	7.554223e-04	1.728941e-05	4.258047e-04	0.000000e+00	0.000000e+00	0.000000e+00	0.000000e+00	0.000000e+00	0.000000e+00	0.000000e+00	0.000000e+00	0.000000e+00	0.000000e+00	0.000000e+00	2.731340e-04	0.000000e+00	0.000000e+00	0.000000e+00	0.000000e+00	0.000000e+00	2.577483e-01	2.425052e-01
2.577483e-01	0.000000e+00	0.000000e+00	0.000000e+00	0.000000e+00	0.000000e+00	0.000000e+00	1.412253e-05	0.000000e+00	0.000000e+00	7.554223e-04	1.728941e-05	4.258047e-04	0.000000e+00	0.000000e+00	0.000000e+00	0.000000e+00	0.000000e+00	0.000000e+00	0.000000e+00	0.000000e+00	0.000000e+00	0.000000e+00	0.000000e+00	2.731340e-04	0.000000e+00	0.000000e+00	0.000000e+00	0.000000e+00	0.000000e+00	2.577483e-01	2.425052e-01
2.577483e-01	0.000000e+00	0.000000e+00	0.000000e+00	0.000000e+00	0.000000e+00	0.000000e+00	1.412253e-05	0.000000e+00	0.000000e+00	7.554223e-04	1.728941e-05	4.258047e-04	0.000000e+00	0.000000e+00	0.000000e+00	0.000000e+00	0.000000e+00	0.000000e+00	0.000000e+00	0.000000e+00	0.000000e+00	0.000000e+00	0.000000e+00	2.731340e-04	0.000000e+00	0.000000e+00	0.000000e+00	0.000000e+00	0.000000e+00	2.577483e-01	2.425052e-01
2.577483e-01	0.000000e+00	0.000000e+00	0.000000e+00	0.000000e+00	0.000000e+00	0.000000e+00	1.412253e-05	0.000000e+00	0.000000e+00	7.554223e-04	1.728941e-05	4.258047e-04	0.000000e+00	0.000000e+00	0.000000e+00	0.000000e+00	0.000000e+00	0.000000e+00	0.000000e+00	0.000000e+00	0.000000e+00	0.000000e+00	0.000000e+00	2.731340e-04	0.000000e+00	0.000000e+00	0.000000e+00	0.000000e+00	0.000000e+00	2.577483e-01	2.425052e-01
2.519253e-01	0.000000e+00	7.188252e-05	0.000000e+00	0.000000e+00	0.000000e+00	0.000000e+00	2.254858e-06	0.000000e+00	0.000000e+00	8.752864e-04	1.335240e-04	6.387071e-04	0.000000e+00	0.000000e+00	0.000000e+00	0.000000e+00	0.000000e+00	0.000000e+00	0.000000e+00	0.000000e+00	0.000000e+00	0.000000e+00	0.000000e+00	5.507897e-04	0.000000e+00	6.669119e-04	0.000000e+00	0.000000e+00	0.000000e+00	2.519253e-01	2.472972e-01
2.432575e-01	0.000000e+00	0.000000e+00	0.000000e+00	0.000000e+00	0.000000e+00	0.000000e+00	2.373535e-05	0.000000e+00	0.000000e+00	6.648274e-04	0.000000e+00	6.387071e-04	0.000000e+00	0.000000e+00	0.000000e+00	0.000000e+00	0.000000e+00	0.000000e+00	0.000000e+00	0.000000e+00	0.000000e+00	0.000000e+00	0.000000e+00	7.705624e-04	0.000000e+00	0.000000e+00	0.000000e+00	0.000000e+00	0.000000e+00	2.432575e-01	2.694585e-01
2.375450e-01	0.000000e+00	7.188252e-05	0.000000e+00	0.000000e+00	0.000000e+00	0.000000e+00	2.254858e-06	0.000000e+00	0.000000e+00	1.599523e-03	3.485049e-04	3.710002e-04	0.000000e+00	0.000000e+00	0.000000e+00	0.000000e+00	0.000000e+00	1.689567e-05	0.000000e+00	0.000000e+00	0.000000e+00	1.337940e-04	0.000000e+00	2.717362e-04	1.055063e-04	0.000000e+00	0.000000e+00	0.000000e+00	0.000000e+00	2.375450e-01	2.937085e-01
2.306567e-01	0.000000e+00	3.594126e-05	0.000000e+00	0.000000e+00	0.000000e+00	0.000000e+00	7.061266e-06	0.000000e+00	6.086989e-06	5.310257e-04	1.533675e-04	3.733204e-04	0.000000e+00	0.000000e+00	9.518222e-05	0.000000e+00	0.000000e+00	0.000000e+00	0.000000e+00	1.740421e-04	0.000000e+00	5.351760e-04	1.326066e-04	4.097010e-04	0.000000e+00	0.000000e+00	0.000000e+00	0.000000e+00	1.733406e-05	2.306567e-01	3.309528e-01
2.246189e-01	0.000000e+00	1.437650e-04	0.000000e+00	0.000000e+00	7.150919e-05	0.000000e+00	0.000000e+00	0.000000e+00	0.000000e+00	3.512296e-04	3.015887e-04	6.387071e-04	5.574782e-04	0.000000e+00	1.903644e-04	0.000000e+00	0.000000e+00	1.126378e-05	0.000000e+00	0.000000e+00	0.000000e+00	0.000000e+00	3.315165e-05	6.325975e-04	0.000000e+00	8.336398e-05	0.000000e+00	0.000000e+00	0.000000e+00	2.246189e-01	3.698579e-01
2.190371e-01	0.000000e+00	7.188252e-05	0.000000e+00	0.000000e+00	1.006366e-03	0.000000e+00	0.000000e+00	0.000000e+00	0.000000e+00	7.024592e-04	4.203439e-05	2.701777e-04	0.000000e+00	0.000000e+00	0.000000e+00	0.000000e+00	2.494033e-04	0.000000e+00	0.000000e+00	0.000000e+00	0.000000e+00	0.000000e+00	0.000000e+00	2.731340e-04	2.110126e-05	1.821436e-03	0.000000e+00	0.000000e+00	0.000000e+00	2.190371e-01	4.097174e-01
2.128986e-01	0.000000e+00	0.000000e+00	0.000000e+00	0.000000e+00	0.000000e+00	7.757060e-04	1.186767e-05	0.000000e+00	0.000000e+00	3.777112e-04	0.000000e+00	5.354138e-04	5.574782e-04	0.000000e+00	0.000000e+00	0.000000e+00	0.000000e+00	0.000000e+00	7.671815e-04	0.000000e+00	0.000000e+00	0.000000e+00	3.149407e-04	7.053623e-04	0.000000e+00	8.336398e-05	0.000000e+00	0.000000e+00	0.000000e+00	2.128986e-01	4.556468e-01
2.064629e-01	0.000000e+00	1.797063e-05	0.000000e+00	0.000000e+00	0.000000e+00	0.000000e+00	0.000000e+00	0.000000e+00	8.300100e-03	9.442779e-04	1.079626e-04	0.000000e+00	2.787391e-04	0.000000e+00	0.000000e+00	0.000000e+00	0.000000e+00	0.000000e+00	0.000000e+00	0.000000e+00	0.000000e+00	8.897951e-04	0.000000e+00	0.000000e+00	0.000000e+00	0.000000e+00	0.000000e+00	0.000000e+00	0.000000e+00	2.064629e-01	5.065138e-01
1.985976e-01	0.000000e+00	0.000000e+00	0.000000e+00	0.000000e+00	1.430184e-04	0.000000e+00	0.000000e+00	0.000000e+00	0.000000e+00	9.366122e-04	1.201056e-04	0.000000e+00	0.000000e+00	0.000000e+00	0.000000e+00	0.000000e+00	0.000000e+00	2.252755e-05	0.000000e+00	0.000000e+00	0.000000e+00	0.000000e+00	6.630330e-05	0.000000e+00	8.440504e-05	1.154524e-03	0.000000e+00	0.000000e+00	1.071311e-03	1.985976e-01	5.639721e-01
1.903425e-01	0.000000e+00	7.188252e-05	0.000000e+00	0.000000e+00	8.379081e-04	0.000000e+00	0.000000e+00	0.000000e+00	1.217398e-05	4.683061e-04	2.894457e-04	3.208360e-04	8.431631e-04	0.000000e+00	1.903644e-04	0.000000e+00	3.117541e-05	0.000000e+00	0.000000e+00	5.754498e-05	0.000000e+00	0.000000e+00	2.652132e-04	0.000000e+00	0.000000e+00	0.000000e+00	0.000000e+00	0.000000e+00	3.466812e-05	1.903425e-01	6.214156e-01
8.453020e-02	0.000000e+00	7.188252e-05	8.943776e-05	0.000000e+00	0.000000e+00	0.000000e+00	5.340453e-05	0.000000e+00	0.000000e+00	0.000000e+00	4.657956e-04	0.000000e+00	0.000000e+00	0.000000e+00	5.948889e-05	0.000000e+00	0.000000e+00	0.000000e+00	1.150772e-03	0.000000e+00	0.000000e+00	7.007948e-04	0.000000e+00	2.759298e-04	1.371582e-04	2.500919e-04	0.000000e+00	0.000000e+00	0.000000e+00	8.453020e-02	6.706392e-01
8.453020e-02	0.000000e+00	7.188252e-05	8.943776e-05	0.000000e+00	0.000000e+00	0.000000e+00	5.340453e-05	0.000000e+00	0.000000e+00	0.000000e+00	4.657956e-04	0.000000e+00	0.000000e+00	0.000000e+00	5.948889e-05	0.000000e+00	0.000000e+00	0.000000e+00	1.150772e-03	0.000000e+00	0.000000e+00	7.007948e-04	0.000000e+00	2.759298e-04	1.371582e-04	2.500919e-04	0.000000e+00	0.000000e+00	0.000000e+00	8.453020e-02	6.706392e-01
8.453020e-02	0.000000e+00	7.188252e-05	8.943776e-05	0.000000e+00	0.000000e+00	0.000000e+00	5.340453e-05	0.000000e+00	0.000000e+00	0.000000e+00	4.657956e-04	0.000000e+00	0.000000e+00	0.000000e+00	5.948889e-05	0.000000e+00	0.000000e+00	0.000000e+00	1.150772e-03	0.000000e+00	0.000000e+00	7.007948e-04	0.000000e+00	2.759298e-04	1.371582e-04	2.500919e-04	0.000000e+00	0.000000e+00	0.000000e+00	8.453020e-02	6.706392e-01
8.453020e-02	0.000000e+00	7.188252e-05	8.943776e-05	0.000000e+00	0.000000e+00	0.000000e+00	5.340453e-05	0.000000e+00	0.000000e+00	0.000000e+00	4.657956e-04	0.000000e+00	0.000000e+00	0.000000e+00	5.948889e-05	0.000000e+00	0.000000e+00	0.000000e+00	1.150772e-03	0.000000e+00	0.000000e+00	7.007948e-04	0.000000e+00	2.759298e-04	1.371582e-04	2.500919e-04	0.000000e+00	0.000000e+00	0.000000e+00	8.453020e-02	6.706392e-01
8.453020e-02	0.000000e+00	7.188252e-05	8.943776e-05	0.000000e+00	0.000000e+00	0.000000e+00	5.340453e-05	0.000000e+00	0.000000e+00	0.000000e+00	4.657956e-04	0.000000e+00	0.000000e+00	0.000000e+00	5.948889e-05	0.000000e+00	0.000000e+00	0.000000e+00	1.150772e-03	0.000000e+00	0.000000e+00	7.007948e-04	0.000000e+00	2.759298e-04	1.371582e-04	2.500919e-04	0.000000e+00	0.000000e+00	0.000000e+00	8.453020e-02	6.706392e-01
8.453020e-02	0.000000e+00	7.188252e-05	8.943776e-05	0.000000e+00	0.000000e+00	0.000000e+00	5.340453e-05	0.000000e+00	0.000000e+00	0.000000e+00	4.657956e-04	0.000000e+00	0.000000e+00	0.000000e+00	5.948889e-05	0.000000e+00	0.000000e+00	0.000000e+00	1.150772e-03	0.000000e+00	0.000000e+00	7.007948e-04	0.000000e+00	2.759298e-04	1.371582e-04	2.500919e-04	0.000000e+00	0.000000e+00	0.000000e+00	8.453020e-02	6.706392e-01
7.571383e-02	0.000000e+00	0.000000e+00	0.000000e+00	0.000000e+00	0.000000e+00	0.000000e+00	0.000000e+00	0.000000e+00	1.391312e-05	2.271842e-04	0.000000e+00	7.483162e-04	0.000000e+00	0.000000e+00	9.518222e-05	0.000000e+00	6.235083e-05	0.000000e+00	7.671815e-04	0.000000e+00	0.000000e+00	1.070352e-03	2.817890e-04	9.723295e-04	0.000000e+00	0.000000e+00	0.000000e+00	0.000000e+00	6.933625e-05	7.571383e-02	6.736678e-01
6.059033e-02	0.000000e+00	3.594126e-05	5.589860e-05	0.000000e+00	0.000000e+00	0.000000e+00	2.373535e-05	0.000000e+00	0.000000e+00	1.170765e-04	3.780346e-04	2.955069e-05	0.000000e+00	0.000000e+00	1.189778e-05	0.000000e+00	0.000000e+00	0.000000e+00	5.753861e-04	0.000000e+00	0.000000e+00	1.369765e-03	0.000000e+00	4.352096e-04	1.582595e-04	2.500919e-04	0.000000e+00	0.000000e+00	8.667031e-06	6.059033e-02	6.975201e-01
4.695329e-02	0.000000e+00	5.391189e-05	0.000000e+00	0.000000e+00	4.073298e-04	0.000000e+00	0.000000e+00	0.000000e+00	6.956559e-06	1.675658e-03	1.139237e-04	2.129024e-04	0.000000e+00	0.000000e+00	9.518222e-05	0.000000e+00	7.793853e-05	3.379133e-05	0.000000e+00	0.000000e+00	0.000000e+00	1.337940e-03	0.000000e+00	1.247517e-03	4.220252e-05	0.000000e+00	0.000000e+00	0.000000e+00	1.040044e-04	4.695329e-02	7.380715e-01
3.205495e-02	0.000000e+00	0.000000e+00	0.000000e+00	0.000000e+00	0.000000e+00	0.000000e+00	3.560302e-05	0.000000e+00	1.043484e-05	0.000000e+00	2.773026e-04	0.000000e+00	0.000000e+00	0.000000e+00	1.903644e-04	0.000000e+00	0.000000e+00	0.000000e+00	7.671815e-04	0.000000e+00	0.000000e+00	1.953652e-03	5.304264e-04	2.759298e-04	0.000000e+00	0.000000e+00	0.000000e+00	0.000000e+00	0.000000e+00	3.205495e-02	7.950084e-01
1.448588e-02	0.000000e+00	0.000000e+00	0.000000e+00	0.000000e+00	4.189541e-04	0.000000e+00	2.373535e-05	0.000000e+00	9.565268e-06	0.000000e+00	2.712311e-04	1.604180e-04	4.215816e-04	0.000000e+00	2.379556e-04	0.000000e+00	0.000000e+00	0.000000e+00	5.753861e-04	0.000000e+00	0.000000e+00	1.418476e-03	0.000000e+00	0.000000e+00	0.000000e+00	0.000000e+00	0.000000e+00	0.000000e+00	0.000000e+00	1.448588e-02	8.743073e-01
0.000000e+00	0.000000e+00	0.000000e+00	2.235944e-05	0.000000e+00	0.000000e+00	0.000000e+00	0.000000e+00	0.000000e+00	6.086989e-06	2.341531e-04	3.832782e-04	5.910138e-05	0.000000e+00	0.000000e+00	7.138667e-05	0.000000e+00	3.117541e-05	0.000000e+00	0.000000e+00	1.740421e-04	0.000000e+00	8.696610e-04	1.326066e-04	5.944893e-04	1.055063e-05	0.000000e+00	0.000000e+00	0.000000e+00	1.733406e-05	0.000000e+00	1.000809e+00
