8.485363e-01	6.745449e-03	0.000000e+00	3.768595e-02	6.781502e-03	1.285132e-03	3.646545e-04	2.915311e-04	3.586180e-04	2.512972e-06	3.368887e-04	1.192451e-03	6.518744e-03	4.634137e-03	0.000000e+00	8.151064e-03	3.471257e-03	1.018582e-03	4.266567e-05	0.000000e+00	6.597046e-04	0.000000e+00	5.366866e-08	1.198069e-03	2.630950e-04	0.000000e+00	2.263784e-04	4.331344e-04	0.000000e+00	7.164561e-05	8.485363e-01	-7.550438e-01
8.485363e-01	1.663763e-03	0.000000e+00	3.788463e-02	7.190881e-03	1.285132e-03	3.839798e-04	2.915311e-04	3.586180e-04	0.000000e+00	3.367582e-04	1.192451e-03	6.518744e-03	4.634137e-03	0.000000e+00	7.378907e-03	3.438888e-03	5.589290e-02	6.143856e-05	0.000000e+00	6.597046e-04	0.000000e+00	5.366866e-08	1.198069e-03	2.569445e-04	0.000000e+00	0.000000e+00	4.331344e-04	0.000000e+00	3.582280e-04	8.485363e-01	-7.466116e-01
8.449234e-01	8.084647e-03	0.000000e+00	3.144222e-02	6.781502e-03	1.028105e-03	3.874387e-04	2.798698e-04	4.267909e-04	0.000000e+00	3.205662e-04	1.372285e-03	7.215507e-03	4.634137e-03	1.151332e-04	8.222283e-03	3.471257e-03	1.032511e-03	5.119880e-05	0.000000e+00	6.597046e-04	2.548315e-04	9.535035e-03	9.584555e-04	2.630950e-04	0.000000e+00	0.000000e+00	1.149890e-03	1.607876e-03	7.164561e-05	8.449234e-01	-7.383227e-01
8.446962e-01	8.083510e-03	0.000000e+00	3.120381e-02	4.734608e-03	7.805419e-06	2.908123e-04	5.248228e-05	1.271519e-02	0.000000e+00	3.212191e-04	1.154229e-03	7.595305e-03	1.644027e-03	1.756971e-02	4.375739e-03	0.000000e+00	7.196172e-04	0.000000e+00	1.658744e-05	6.597046e-04	8.670293e-03	1.182342e-02	1.006378e-03	1.949829e-04	0.000000e+00	0.000000e+00	1.379868e-03	1.395468e-03	7.164561e-05	8.446962e-01	-7.325212e-01
8.430451e-01	7.638343e-05	3.468709e-04	4.149942e-02	4.619949e-03	0.000000e+00	2.392336e-03	7.286369e-04	1.395843e-05	0.000000e+00	2.552758e-04	2.820024e-04	5.456306e-03	4.398644e-03	1.452525e-02	3.038155e-03	8.454834e-05	1.480617e-03	1.417156e-05	9.437822e-03	6.970207e-04	7.240203e-03	9.654667e-03	1.485882e-03	2.690048e-04	0.000000e+00	0.000000e+00	1.732538e-05	8.500481e-03	1.163648e-05	8.430451e-01	-7.214678e-01
8.430451e-01	7.638343e-05	3.468709e-04	4.149942e-02	4.619949e-03	0.000000e+00	2.392336e-03	7.286369e-04	1.395843e-05	0.000000e+00	2.552758e-04	2.820024e-04	5.456306e-03	4.398644e-03	1.452525e-02	3.038155e-03	8.454834e-05	1.480617e-03	1.417156e-05	9.437822e-03	6.970207e-04	7.240203e-03	9.654667e-03	1.485882e-03	2.690048e-04	0.000000e+00	0.000000e+00	1.732538e-05	8.500481e-03	1.163648e-05	8.430451e-01	-7.214678e-01
8.430451e-01	7.638343e-05	3.468709e-04	4.149942e-02	4.619949e-03	0.000000e+00	2.392336e-03	7.286369e-04	1.395843e-05	0.000000e+00	2.552758e-04	2.820024e-04	5.456306e-03	4.398644e-03	1.452525e-02	3.038155e-03	8.454834e-05	1.480617e-03	1.417156e-05	9.437822e-03	6.970207e-04	7.240203e-03	9.654667e-03	1.485882e-03	2.690048e-04	0.000000e+00	0.000000e+00	1.732538e-05	8.500481e-03	1.163648e-05	8.430451e-01	-7.214678e-01
8.430451e-01	7.638343e-05	3.468709e-04	4.149942e-02	4.619949e-03	0.000000e+00	2.392336e-03	7.286369e-04	1.395843e-05	0.000000e+00	2.552758e-04	2.820024e-04	5.456306e-03	4.398644e-03	1.452525e-02	3.038155e-03	8.454834e-05	1.480617e-03	1.417156e-05	9.437822e-03	6.970207e-04	7.240203e-03	9.654667e-03	1.485882e-03	2.690048e-04	0.000000e+00	0.000000e+00	1.732538e-05	8.500481e-03	1.163648e-05	8.430451e-01	-7.214678e-01
8.392429e-01	0.000000e+00	0.000000e+00	3.044882e-02	4.734608e-03	0.000000e+00	2.908123e-04	5.248228e-05	4.267909e-04	0.000000e+00	3.212191e-04	1.154229e-03	6.518744e-03	4.634137e-03	9.671193e-05	8.236527e-03	3.471257e-03	0.000000e+00	0.000000e+00	2.106817e-04	6.597046e-04	3.629216e-02	7.628028e-03	1.006378e-03	2.257355e-04	0.000000e+00	0.000000e+00	1.379868e-03	4.295903e-02	7.164561e-05	8.392429e-01	-6.822639e-01
8.392429e-01	3.656783e-04	0.000000e+00	3.152330e-02	1.307877e-02	1.277326e-03	3.563763e-04	5.248228e-05	4.055926e-02	0.000000e+00	3.212191e-04	1.154229e-03	6.677320e-03	4.634137e-03	0.000000e+00	8.037357e-03	4.820918e-03	0.000000e+00	0.000000e+00	1.847938e-02	6.597046e-04	0.000000e+00	7.628028e-03	1.437683e-03	2.257355e-04	0.000000e+00	1.753748e-04	1.379868e-03	4.295903e-02	7.164561e-05	8.392429e-01	-6.762427e-01
8.392429e-01	3.656783e-04	0.000000e+00	3.152330e-02	1.307877e-02	1.277326e-03	3.563763e-04	5.248228e-05	4.055926e-02	0.000000e+00	3.212191e-04	1.154229e-03	6.677320e-03	4.634137e-03	0.000000e+00	8.037357e-03	4.820918e-03	0.000000e+00	0.000000e+00	1.847938e-02	6.597046e-04	0.000000e+00	7.628028e-03	1.437683e-03	2.257355e-04	0.000000e+00	1.753748e-04	1.379868e-03	4.295903e-02	7.164561e-05	8.392429e-01	-6.762427e-01
8.369547e-01	6.119560e-05	0.000000e+00	3.152330e-02	1.988258e-02	1.020300e-03	2.984965e-05	5.830621e-05	4.080674e-02	3.987819e-03	6.874949e-06	1.154229e-03	6.620481e-03	4.634137e-03	0.000000e+00	4.597612e-03	4.820918e-03	0.000000e+00	0.000000e+00	1.652908e-02	6.597046e-04	1.498507e-03	7.628028e-03	1.198069e-03	2.257355e-04	0.000000e+00	1.753748e-04	2.085524e-02	1.494441e-04	3.582280e-04	8.369547e-01	-6.538228e-01
8.359098e-01	8.084647e-03	0.000000e+00	3.144222e-02	4.619949e-03	4.878387e-05	4.557047e-04	0.000000e+00	6.635507e-04	1.389223e-02	3.205662e-04	1.192451e-03	7.215507e-03	2.778285e-03	2.929688e-03	8.000133e-03	5.373251e-04	4.566086e-03	8.502935e-05	7.448062e-03	6.597046e-04	9.782352e-04	7.628030e-03	4.815867e-02	7.315324e-05	0.000000e+00	4.883008e-05	4.331344e-04	1.607876e-03	7.164561e-05	8.359098e-01	-6.434337e-01
8.347925e-01	7.638343e-05	3.468709e-04	4.149942e-02	4.619949e-03	0.000000e+00	2.392336e-03	0.000000e+00	2.130407e-03	1.457962e-03	2.552758e-04	2.820024e-04	5.456306e-03	1.384018e-03	0.000000e+00	2.573334e-02	0.000000e+00	2.393926e-03	0.000000e+00	9.437822e-03	0.000000e+00	1.274158e-03	5.366866e-08	2.706164e-03	3.288687e-04	0.000000e+00	1.525940e-03	1.791890e-02	8.500481e-03	0.000000e+00	8.347925e-01	-6.329408e-01
8.336564e-01	5.200807e-05	0.000000e+00	4.652661e-02	7.978009e-03	0.000000e+00	4.784673e-04	4.079901e-04	1.749695e-04	0.000000e+00	2.494315e-04	2.536444e-04	7.355296e-03	2.034041e-03	1.803797e-02	0.000000e+00	0.000000e+00	1.655801e-03	4.995636e-06	2.261014e-03	6.908013e-04	7.205698e-03	1.974252e-03	1.007254e-03	2.387973e-04	3.724838e-06	0.000000e+00	1.397194e-03	7.438438e-03	0.000000e+00	8.336564e-01	-6.209650e-01
8.332274e-01	0.000000e+00	0.000000e+00	3.521097e-02	4.619949e-03	0.000000e+00	2.396913e-03	0.000000e+00	1.292446e-04	7.738735e-04	2.422177e-04	1.192451e-03	8.476555e-03	0.000000e+00	2.929688e-03	2.571470e-02	0.000000e+00	1.950276e-03	0.000000e+00	9.835774e-03	0.000000e+00	9.782352e-04	8.009429e-03	0.000000e+00	3.931666e-04	0.000000e+00	4.883008e-05	0.000000e+00	8.178905e-03	0.000000e+00	8.332274e-01	-6.141455e-01
8.325203e-01	7.067467e-05	0.000000e+00	2.747057e-02	2.291495e-02	0.000000e+00	5.741301e-04	2.915311e-04	8.626159e-04	2.071297e-02	1.384156e-05	2.162379e-03	7.355552e-03	1.514022e-03	1.756602e-02	7.947444e-03	0.000000e+00	8.672421e-04	0.000000e+00	4.213633e-05	0.000000e+00	8.470770e-03	1.220110e-02	0.000000e+00	2.556231e-04	0.000000e+00	2.550180e-04	2.141605e-02	8.926126e-03	0.000000e+00	8.325203e-01	-5.949412e-01
8.318103e-01	7.067467e-05	0.000000e+00	2.353339e-02	1.962986e-02	0.000000e+00	1.550721e-03	3.381760e-04	8.626159e-04	2.353326e-02	2.677371e-04	2.684516e-03	7.286261e-03	1.733201e-03	1.756602e-02	7.947444e-03	0.000000e+00	1.204713e-03	0.000000e+00	0.000000e+00	0.000000e+00	8.400627e-03	1.220110e-02	5.244235e-04	0.000000e+00	0.000000e+00	2.550180e-04	2.151089e-02	8.896237e-03	1.163648e-05	8.318103e-01	-5.844005e-01
8.318103e-01	7.067467e-05	0.000000e+00	2.353339e-02	1.962986e-02	0.000000e+00	1.550721e-03	3.381760e-04	8.626159e-04	2.353326e-02	2.677371e-04	2.684516e-03	7.286261e-03	1.733201e-03	1.756602e-02	7.947444e-03	0.000000e+00	1.204713e-03	0.000000e+00	0.000000e+00	0.000000e+00	8.400627e-03	1.220110e-02	5.244235e-04	0.000000e+00	0.000000e+00	2.550180e-04	2.151089e-02	8.896237e-03	1.163648e-05	8.318103e-01	-5.844005e-01
8.318103e-01	7.067467e-05	0.000000e+00	2.353339e-02	1.962986e-02	0.000000e+00	1.550721e-03	3.381760e-04	8.626159e-04	2.353326e-02	2.677371e-04	2.684516e-03	7.286261e-03	1.733201e-03	1.756602e-02	7.947444e-03	0.000000e+00	1.204713e-03	0.000000e+00	0.000000e+00	0.000000e+00	8.400627e-03	1.220110e-02	5.244235e-04	0.000000e+00	0.000000e+00	2.550180e-04	2.151089e-02	8.896237e-03	1.163648e-05	8.318103e-01	-5.844005e-01
8.289285e-01	0.000000e+00	0.000000e+00	8.354494e-03	4.473044e-03	5.658929e-05	2.401466e-03	8.159802e-05	4.975608e-04	1.742729e-02	1.276353e-03	1.004690e-03	1.695311e-03	3.242921e-03	2.928793e-03	0.000000e+00	1.518318e-04	1.368219e-03	3.179168e-05	0.000000e+00	1.243870e-04	6.611624e-03	6.878673e-03	2.827071e-03	3.496559e-04	7.411645e-05	1.715928e-04	2.220323e-02	0.000000e+00	5.072286e-07	8.289285e-01	-5.499763e-01
8.289285e-01	0.000000e+00	0.000000e+00	8.354494e-03	4.473044e-03	5.658929e-05	2.401466e-03	8.159802e-05	4.975608e-04	1.742729e-02	1.276353e-03	1.004690e-03	1.695311e-03	3.242921e-03	2.928793e-03	0.000000e+00	1.518318e-04	1.368219e-03	3.179168e-05	0.000000e+00	1.243870e-04	6.611624e-03	6.878673e-03	2.827071e-03	3.496559e-04	7.411645e-05	1.715928e-04	2.220323e-02	0.000000e+00	5.072286e-07	8.289285e-01	-5.499763e-01
8.280842e-01	1.662890e-04	0.000000e+00	0.000000e+00	4.619949e-03	4.878387e-05	4.785898e-04	0.000000e+00	1.292446e-04	7.738735e-04	2.552758e-04	1.192451e-03	8.476555e-03	2.778285e-03	2.929688e-03	2.571470e-02	5.373251e-04	2.347836e-03	8.502935e-05	9.437822e-03	1.391463e-04	9.782352e-04	4.767491e-02	0.000000e+00	3.946425e-04	0.000000e+00	4.883008e-05	0.000000e+00	0.000000e+00	0.000000e+00	8.280842e-01	-5.308359e-01
8.265686e-01	1.313125e-04	0.000000e+00	1.963178e-03	3.849993e-03	4.878387e-05	4.235198e-03	2.127376e-03	9.324081e-04	6.231549e-04	2.152886e-04	4.995407e-03	7.354011e-03	2.682479e-03	2.343750e-03	1.259524e-03	4.227417e-04	2.069751e-03	7.085779e-05	1.134037e-02	1.554837e-04	1.320318e-03	1.357345e-03	2.827947e-03	3.365691e-04	0.000000e+00	4.646724e-05	2.150268e-02	0.000000e+00	5.818239e-05	8.265686e-01	-5.090809e-01
8.263936e-01	0.000000e+00	0.000000e+00	1.527010e-02	2.291495e-02	0.000000e+00	2.195114e-02	7.065099e-04	0.000000e+00	2.071297e-02	1.255167e-03	2.930614e-03	6.409363e-03	1.514022e-03	1.756602e-02	7.947444e-03	0.000000e+00	8.375425e-04	2.418692e-04	0.000000e+00	0.000000e+00	8.470770e-03	0.000000e+00	4.838817e-04	3.290957e-04	9.312096e-05	2.550180e-04	2.141605e-02	0.000000e+00	0.000000e+00	8.263936e-01	-4.925682e-01
8.253783e-01	1.552147e-04	0.000000e+00	1.496256e-03	3.549054e-03	5.854064e-05	4.330879e-03	1.821867e-03	8.315693e-04	1.739714e-02	0.000000e+00	6.415262e-03	1.695311e-03	2.609915e-03	2.929204e-03	0.000000e+00	2.592969e-04	1.739653e-03	7.713139e-05	1.160992e-02	1.522162e-04	1.063698e-02	1.117222e-02	3.502587e-06	3.549857e-04	8.953938e-05	0.000000e+00	2.233331e-02	0.000000e+00	5.818239e-05	8.253783e-01	-4.816794e-01
8.243992e-01	1.361189e-04	0.000000e+00	0.000000e+00	0.000000e+00	4.878387e-05	4.235192e-03	2.069070e-03	8.315693e-04	1.739714e-02	0.000000e+00	7.720965e-03	0.000000e+00	2.609915e-03	2.929688e-03	0.000000e+00	1.897898e-04	1.687357e-03	7.142465e-05	1.126427e-02	1.554837e-04	1.147794e-03	1.637241e-03	4.378234e-06	3.392000e-04	8.953938e-05	4.842044e-05	2.150268e-02	0.000000e+00	5.072286e-07	8.243992e-01	-4.668363e-01
6.511773e-01	7.080967e-05	1.972980e-06	9.197855e-04	0.000000e+00	0.000000e+00	1.531454e-07	1.236017e-03	0.000000e+00	6.231549e-04	1.065728e-03	7.720965e-03	0.000000e+00	2.609915e-03	2.931742e-03	0.000000e+00	1.897898e-04	2.086357e-03	2.266985e-04	7.709566e-03	1.554837e-04	1.331292e-03	0.000000e+00	4.378234e-06	3.157140e-04	7.711467e-05	2.225963e-04	6.503785e-04	0.000000e+00	0.000000e+00	6.511773e-01	-4.520973e-01
6.511773e-01	7.080967e-05	1.972980e-06	9.197855e-04	0.000000e+00	0.000000e+00	1.531454e-07	1.236017e-03	0.000000e+00	6.231549e-04	1.065728e-03	7.720965e-03	0.000000e+00	2.609915e-03	2.931742e-03	0.000000e+00	1.897898e-04	2.086357e-03	2.266985e-04	7.709566e-03	1.554837e-04	1.331292e-03	0.000000e+00	4.378234e-06	3.157140e-04	7.711467e-05	2.225963e-04	6.503785e-04	0.000000e+00	0.000000e+00	6.511773e-01	-4.520973e-01
6.511773e-01	7.080967e-05	1.972980e-06	9.197855e-04	0.000000e+00	0.000000e+00	1.531454e-07	1.236017e-03	0.000000e+00	6.231549e-04	1.065728e-03	7.720965e-03	0.000000e+00	2.609915e-03	2.931742e-03	0.000000e+00	1.897898e-04	2.086357e-03	2.266985e-04	7.709566e-03	1.554837e-04	1.331292e-03	0.000000e+00	4.378234e-06	3.157140e-04	7.711467e-05	2.225963e-04	6.503785e-04	0.000000e+00	0.000000e+00	6.511773e-01	-4.520973e-01
6.511773e-01	7.080967e-05	1.972980e-06	9.197855e-04	0.000000e+00	0.000000e+00	1.531454e-07	1.236017e-03	0.000000e+00	6.231549e-04	1.065728e-03	7.720965e-03	0.000000e+00	2.609915e-03	2.931742e-03	0.000000e+00	1.897898e-04	2.086357e-03	2.266985e-04	7.709566e-03	1.554837e-04	1.331292e-03	0.000000e+00	4.378234e-06	3.157140e-04	7.711467e-05	2.225963e-04	6.503785e-04	0.000000e+00	0.000000e+00	6.511773e-01	-4.520973e-01
6.511773e-01	7.080967e-05	1.972980e-06	9.197855e-04	0.000000e+00	0.000000e+00	1.531454e-07	1.236017e-03	0.000000e+00	6.231549e-04	1.065728e-03	7.720965e-03	0.000000e+00	2.609915e-03	2.931742e-03	0.000000e+00	1.897898e-04	2.086357e-03	2.266985e-04	7.709566e-03	1.554837e-04	1.331292e-03	0.000000e+00	4.378234e-06	3.157140e-04	7.711467e-05	2.225963e-04	6.503785e-04	0.000000e+00	0.000000e+00	6.511773e-01	-4.520973e-01
6.511773e-01	0.000000e+00	1.972980e-06	9.197855e-04	3.582005e-03	4.683251e-05	2.305794e-03	4.086060e-04	5.277575e-04	1.734139e-02	1.433218e-03	2.347948e-03	0.000000e+00	2.609915e-03	2.931742e-03	0.000000e+00	1.897898e-04	2.086357e-03	4.667181e-05	0.000000e+00	1.554837e-04	6.617499e-03	0.000000e+00	4.378234e-06	3.157140e-04	7.411645e-05	2.082992e-04	6.503785e-04	0.000000e+00	4.730776e-03	6.511773e-01	-4.484933e-01
6.457299e-01	0.000000e+00	0.000000e+00	0.000000e+00	3.678290e-03	0.000000e+00	1.701616e-08	7.374657e-04	1.312978e-08	8.533453e-04	0.000000e+00	3.566079e-03	0.000000e+00	2.150402e-03	0.000000e+00	6.450762e-03	8.247841e-04	0.000000e+00	8.642331e-04	9.285704e-03	2.836772e-05	1.594178e-04	0.000000e+00	7.005175e-07	0.000000e+00	7.597229e-05	0.000000e+00	2.601514e-05	0.000000e+00	3.968212e-03	6.457299e-01	-4.374258e-01
6.423233e-01	0.000000e+00	1.972980e-06	9.197855e-04	0.000000e+00	0.000000e+00	2.552424e-07	1.236017e-03	0.000000e+00	8.308369e-04	1.065728e-03	4.663167e-03	0.000000e+00	1.086572e-03	2.931742e-03	7.646016e-03	8.030002e-04	1.721955e-03	0.000000e+00	7.709566e-03	1.554837e-04	1.331292e-03	0.000000e+00	0.000000e+00	0.000000e+00	7.711467e-05	2.323624e-04	0.000000e+00	0.000000e+00	0.000000e+00	6.423233e-01	-4.191463e-01
6.423233e-01	0.000000e+00	1.464049e-07	9.197855e-04	0.000000e+00	0.000000e+00	3.774067e-03	3.066844e-03	0.000000e+00	0.000000e+00	1.110641e-03	5.679607e-03	1.984788e-04	2.397759e-03	2.931742e-03	1.011717e-03	3.999526e-04	0.000000e+00	2.423162e-04	1.105465e-02	1.554837e-04	0.000000e+00	0.000000e+00	0.000000e+00	0.000000e+00	8.042799e-05	2.859427e-06	0.000000e+00	0.000000e+00	0.000000e+00	6.423233e-01	-4.190318e-01
6.403303e-01	9.484131e-05	0.000000e+00	1.857171e-04	0.000000e+00	3.902710e-05	3.062908e-08	4.318213e-04	0.000000e+00	3.623920e-04	0.000000e+00	4.707226e-03	2.721590e-02	1.030227e-03	5.512485e-03	7.689795e-03	1.613034e-04	2.139226e-03	0.000000e+00	8.862375e-03	0.000000e+00	2.278282e-04	0.000000e+00	4.378234e-06	2.706770e-05	1.266539e-05	2.705299e-04	6.503785e-04	0.000000e+00	0.000000e+00	6.403303e-01	-4.000822e-01
6.376216e-01	0.000000e+00	0.000000e+00	0.000000e+00	1.647512e-04	0.000000e+00	2.316648e-07	1.635040e-03	2.802284e-04	3.443859e-04	1.039603e-03	7.908739e-03	0.000000e+00	3.132375e-03	0.000000e+00	7.364811e-05	4.495224e-04	1.417173e-03	1.594300e-04	2.959424e-04	0.000000e+00	1.007606e-03	1.696681e-03	0.000000e+00	3.288687e-04	0.000000e+00	2.323624e-04	9.561446e-04	6.719834e-03	2.365134e-02	6.376216e-01	-3.788997e-01
6.361764e-01	1.836230e-04	1.464049e-07	0.000000e+00	1.647512e-04	0.000000e+00	2.252398e-07	1.249712e-04	2.802284e-04	3.416468e-04	0.000000e+00	6.354211e-03	1.881231e-03	3.105187e-03	0.000000e+00	1.564918e-03	4.533568e-05	1.291342e-03	1.771445e-05	0.000000e+00	0.000000e+00	9.978629e-04	4.126161e-03	3.814840e-05	1.032758e-03	7.664505e-05	6.741236e-04	0.000000e+00	6.723669e-03	2.444488e-02	6.361764e-01	-3.647250e-01
6.355629e-01	6.984840e-05	2.825754e-06	0.000000e+00	2.503457e-04	1.118675e-02	5.486864e-07	2.193923e-04	5.604568e-05	5.771168e-04	1.531655e-03	8.231350e-03	0.000000e+00	3.667978e-03	0.000000e+00	1.472962e-05	4.596340e-04	1.854901e-03	3.861750e-04	1.175130e-02	1.697975e-04	9.083085e-05	6.184494e-03	0.000000e+00	2.336510e-04	0.000000e+00	5.258085e-04	5.098797e-03	2.245361e-03	2.380918e-02	6.355629e-01	-3.537943e-01
6.341446e-01	1.080420e-04	3.242169e-02	0.000000e+00	9.530536e-04	4.097845e-05	4.235195e-03	2.901362e-03	0.000000e+00	4.641839e-04	1.184139e-03	7.833386e-03	1.984788e-04	3.471583e-03	8.681220e-03	1.011717e-03	8.087057e-05	4.959719e-02	3.279285e-04	9.512737e-03	1.300605e-04	5.819045e-05	0.000000e+00	8.756468e-07	4.812713e-03	7.982834e-05	0.000000e+00	5.203028e-04	1.125389e-03	8.745321e-08	6.341446e-01	-3.290262e-01
6.327072e-01	3.672459e-05	7.320245e-07	4.611774e-03	0.000000e+00	0.000000e+00	0.000000e+00	1.393675e-03	0.000000e+00	9.816236e-04	0.000000e+00	7.870941e-03	1.205596e-02	3.175059e-03	3.900719e-03	0.000000e+00	5.311193e-05	4.988062e-02	2.161163e-04	8.862375e-03	3.312035e-05	2.278282e-04	0.000000e+00	1.096310e-04	8.281015e-03	3.881829e-07	2.323624e-04	6.503785e-04	0.000000e+00	1.749064e-08	6.327072e-01	-3.177687e-01
6.305301e-01	1.909679e-04	5.856196e-07	0.000000e+00	3.678290e-03	0.000000e+00	1.701616e-08	5.263603e-03	1.312978e-08	8.533453e-04	0.000000e+00	5.918923e-03	7.155533e-03	2.150402e-03	1.584367e-02	6.450762e-03	4.735801e-05	0.000000e+00	8.642331e-04	9.285704e-03	2.836772e-05	1.594178e-04	2.106809e-04	3.502587e-06	8.049572e-04	3.991417e-04	0.000000e+00	9.561446e-04	1.119972e-03	3.968212e-03	6.305301e-01	-2.979994e-01
6.281032e-01	3.088931e-04	0.000000e+00	1.082339e-04	0.000000e+00	0.000000e+00	4.633295e-08	1.249712e-04	0.000000e+00	2.721254e-04	0.000000e+00	0.000000e+00	5.816665e-04	3.281227e-03	3.608461e-03	0.000000e+00	4.437140e-05	1.964333e-03	0.000000e+00	7.585086e-03	0.000000e+00	4.871813e-05	1.924861e-04	2.276682e-05	0.000000e+00	0.000000e+00	6.004967e-04	5.431102e-03	3.560636e-04	2.485670e-05	6.281032e-01	-2.731808e-01
6.281032e-01	3.088931e-04	0.000000e+00	1.082339e-04	0.000000e+00	0.000000e+00	4.633295e-08	1.249712e-04	0.000000e+00	2.721254e-04	0.000000e+00	0.000000e+00	5.816665e-04	3.281227e-03	3.608461e-03	0.000000e+00	4.437140e-05	1.964333e-03	0.000000e+00	7.585086e-03	0.000000e+00	4.871813e-05	1.924861e-04	2.276682e-05	0.000000e+00	0.000000e+00	6.004967e-04	5.431102e-03	3.560636e-04	2.485670e-05	6.281032e-01	-2.731808e-01
6.264227e-01	1.836230e-04	1.464049e-07	4.329357e-06	0.000000e+00	0.000000e+00	0.000000e+00	1.249712e-04	0.000000e+00	1.974315e-04	0.000000e+00	6.354211e-03	8.231306e-03	3.857978e-03	4.330154e-03	1.564918e-03	4.533568e-05	1.964333e-03	1.771445e-05	6.947010e-03	0.000000e+00	0.000000e+00	4.126161e-03	3.082277e-05	1.143293e-03	3.172092e-03	6.741236e-04	4.084730e-04	1.343967e-03	2.382746e-02	6.264227e-01	-2.408654e-01
6.246750e-01	1.903475e-04	1.464049e-07	4.590127e-03	1.647512e-04	5.854064e-06	2.278434e-07	5.256995e-03	0.000000e+00	8.393662e-04	0.000000e+00	7.500670e-03	6.894540e-03	2.891639e-03	3.179027e-03	3.061113e-03	6.812477e-05	1.530725e-03	1.068881e-05	1.903261e-04	0.000000e+00	1.043429e-03	3.218770e-04	2.276682e-05	1.036694e-03	3.993610e-04	3.175891e-05	1.300757e-04	2.023254e-04	0.000000e+00	6.246750e-01	-2.201015e-01
6.244995e-01	1.183841e-01	2.928098e-08	1.053188e-04	0.000000e+00	0.000000e+00	5.488481e-07	1.565030e-04	0.000000e+00	5.771168e-04	1.669861e-03	1.253431e-03	0.000000e+00	3.689212e-03	4.474492e-03	0.000000e+00	4.404783e-05	1.417173e-03	7.456665e-04	2.959424e-04	0.000000e+00	4.871813e-05	6.398545e-03	5.274896e-05	0.000000e+00	0.000000e+00	6.077628e-04	5.098797e-03	2.258070e-03	2.381205e-02	6.244995e-01	-1.924540e-01
6.244995e-01	1.183841e-01	2.928098e-08	1.053188e-04	0.000000e+00	0.000000e+00	5.488481e-07	1.565030e-04	0.000000e+00	5.771168e-04	1.669861e-03	1.253431e-03	0.000000e+00	3.689212e-03	4.474492e-03	0.000000e+00	4.404783e-05	1.417173e-03	7.456665e-04	2.959424e-04	0.000000e+00	4.871813e-05	6.398545e-03	5.274896e-05	0.000000e+00	0.000000e+00	6.077628e-04	5.098797e-03	2.258070e-03	2.381205e-02	6.244995e-01	-1.924540e-01
6.208773e-01	0.000000e+00	0.000000e+00	1.890486e-05	0.000000e+00	0.000000e+00	1.420816e-08	1.193136e-04	0.000000e+00	2.584298e-04	2.074901e-06	8.705759e-05	9.987823e-03	3.145288e-03	0.000000e+00	1.610227e-03	4.695355e-05	1.335180e-03	0.000000e+00	3.009242e-03	0.000000e+00	0.000000e+00	1.819798e-03	2.135088e-04	3.519445e-03	3.832252e-04	6.377934e-04	0.000000e+00	3.752395e-04	3.992563e-03	6.208773e-01	-1.608469e-01
6.208773e-01	0.000000e+00	0.000000e+00	1.890486e-05	0.000000e+00	0.000000e+00	1.420816e-08	1.193136e-04	0.000000e+00	2.584298e-04	2.074901e-06	8.705759e-05	9.987823e-03	3.145288e-03	0.000000e+00	1.610227e-03	4.695355e-05	1.335180e-03	0.000000e+00	3.009242e-03	0.000000e+00	0.000000e+00	1.819798e-03	2.135088e-04	3.519445e-03	3.832252e-04	6.377934e-04	0.000000e+00	3.752395e-04	3.992563e-03	6.208773e-01	-1.608469e-01
4.567312e-01	2.891355e-04	0.000000e+00	2.242533e-03	0.000000e+00	0.000000e+00	1.761140e-08	2.610092e-04	0.000000e+00	2.120672e-04	0.000000e+00	0.000000e+00	2.149359e-03	0.000000e+00	0.000000e+00	2.088196e-04	4.735801e-05	9.423134e-04	3.512817e-05	7.910745e-03	0.000000e+00	0.000000e+00	2.140512e-04	2.227646e-05	7.386237e-06	0.000000e+00	6.044235e-04	0.000000e+00	3.304406e-04	2.071391e-05	4.567312e-01	-1.191896e-01
4.567312e-01	2.891355e-04	0.000000e+00	2.242533e-03	0.000000e+00	0.000000e+00	1.761140e-08	2.610092e-04	0.000000e+00	2.120672e-04	0.000000e+00	0.000000e+00	2.149359e-03	0.000000e+00	0.000000e+00	2.088196e-04	4.735801e-05	9.423134e-04	3.512817e-05	7.910745e-03	0.000000e+00	0.000000e+00	2.140512e-04	2.227646e-05	7.386237e-06	0.000000e+00	6.044235e-04	0.000000e+00	3.304406e-04	2.071391e-05	4.567312e-01	-1.191896e-01
4.567312e-01	2.891355e-04	0.000000e+00	2.242533e-03	0.000000e+00	0.000000e+00	1.761140e-08	2.610092e-04	0.000000e+00	2.120672e-04	0.000000e+00	0.000000e+00	2.149359e-03	0.000000e+00	0.000000e+00	2.088196e-04	4.735801e-05	9.423134e-04	3.512817e-05	7.910745e-03	0.000000e+00	0.000000e+00	2.140512e-04	2.227646e-05	7.386237e-06	0.000000e+00	6.044235e-04	0.000000e+00	3.304406e-04	2.071391e-05	4.567312e-01	-1.191896e-01
4.567312e-01	2.891355e-04	0.000000e+00	2.242533e-03	0.000000e+00	0.000000e+00	1.761140e-08	2.610092e-04	0.000000e+00	2.120672e-04	0.000000e+00	0.000000e+00	2.149359e-03	0.000000e+00	0.000000e+00	2.088196e-04	4.735801e-05	9.423134e-04	3.512817e-05	7.910745e-03	0.000000e+00	0.000000e+00	2.140512e-04	2.227646e-05	7.386237e-06	0.000000e+00	6.044235e-04	0.000000e+00	3.304406e-04	2.071391e-05	4.567312e-01	-1.191896e-01
4.567312e-01	1.214673e-04	0.000000e+00	1.803899e-05	0.000000e+00	0.000000e+00	1.761140e-08	1.114669e-03	0.000000e+00	3.620821e-04	0.000000e+00	0.000000e+00	2.149359e-03	0.000000e+00	0.000000e+00	2.088196e-04	4.735801e-05	9.423134e-04	3.512817e-05	3.476981e-03	7.831934e-04	0.000000e+00	1.140700e-03	2.080448e-04	3.451777e-03	0.000000e+00	5.029687e-04	0.000000e+00	3.304406e-04	2.071391e-05	4.567312e-01	-1.193097e-01
4.567312e-01	1.214673e-04	0.000000e+00	1.803899e-05	0.000000e+00	0.000000e+00	1.761140e-08	1.114669e-03	0.000000e+00	3.620821e-04	0.000000e+00	0.000000e+00	2.149359e-03	0.000000e+00	0.000000e+00	2.088196e-04	4.735801e-05	9.423134e-04	3.512817e-05	3.476981e-03	7.831934e-04	0.000000e+00	1.140700e-03	2.080448e-04	3.451777e-03	0.000000e+00	5.029687e-04	0.000000e+00	3.304406e-04	2.071391e-05	4.567312e-01	-1.193097e-01
4.567312e-01	1.214673e-04	0.000000e+00	1.803899e-05	0.000000e+00	0.000000e+00	1.761140e-08	1.114669e-03	0.000000e+00	3.620821e-04	0.000000e+00	0.000000e+00	2.149359e-03	0.000000e+00	0.000000e+00	2.088196e-04	4.735801e-05	9.423134e-04	3.512817e-05	3.476981e-03	7.831934e-04	0.000000e+00	1.140700e-03	2.080448e-04	3.451777e-03	0.000000e+00	5.029687e-04	0.000000e+00	3.304406e-04	2.071391e-05	4.567312e-01	-1.193097e-01
4.503005e-01	3.538276e-04	6.149006e-07	0.000000e+00	4.197139e-03	0.000000e+00	8.087022e-10	8.948627e-04	0.000000e+00	2.645966e-04	6.910346e-04	0.000000e+00	0.000000e+00	3.281227e-03	4.299580e-03	3.737663e-04	7.053322e-05	9.423134e-04	0.000000e+00	3.273054e-03	0.000000e+00	0.000000e+00	1.070256e-03	1.620576e-04	3.263111e-03	1.283188e-05	2.466569e-03	1.641117e-03	3.278987e-04	1.692316e-05	4.503005e-01	-1.156264e-01
4.436125e-01	1.554782e-04	0.000000e+00	2.242533e-03	0.000000e+00	0.000000e+00	3.522279e-09	1.184721e-03	1.102901e-08	2.120672e-04	0.000000e+00	0.000000e+00	0.000000e+00	0.000000e+00	0.000000e+00	2.088196e-04	4.735801e-05	2.574488e-05	1.826665e-04	7.910745e-03	1.566387e-04	0.000000e+00	2.106809e-04	4.378234e-06	0.000000e+00	6.415940e-05	6.044235e-04	0.000000e+00	0.000000e+00	2.071391e-05	4.436125e-01	-9.801312e-02
4.420214e-01	3.812393e-04	0.000000e+00	0.000000e+00	5.036567e-03	7.670485e-06	2.364717e-08	1.276957e-03	0.000000e+00	0.000000e+00	0.000000e+00	3.730323e-04	0.000000e+00	0.000000e+00	1.097936e-04	4.067557e-04	0.000000e+00	0.000000e+00	4.521696e-05	7.455358e-03	0.000000e+00	0.000000e+00	5.331975e-02	4.363172e-05	3.905452e-03	2.053101e-07	8.749725e-04	8.604901e-04	0.000000e+00	0.000000e+00	4.420214e-01	-7.766045e-02
4.370794e-01	0.000000e+00	9.619768e-06	5.566072e-04	0.000000e+00	1.175937e-02	1.761140e-08	8.776753e-04	1.535899e-02	5.323373e-06	8.319431e-04	1.994242e-03	0.000000e+00	6.562454e-04	1.097936e-04	5.098757e-04	4.735801e-05	1.884627e-04	5.370113e-05	2.364643e-03	2.125845e-03	0.000000e+00	1.083949e-03	6.304657e-06	4.284017e-05	0.000000e+00	8.588679e-04	3.759028e-03	3.045137e-04	4.148066e-05	4.370794e-01	-5.362093e-02
4.357728e-01	0.000000e+00	0.000000e+00	2.242533e-03	0.000000e+00	0.000000e+00	2.042922e-08	8.162661e-04	1.367598e-08	0.000000e+00	0.000000e+00	0.000000e+00	0.000000e+00	7.874945e-04	1.317524e-04	2.088196e-04	4.735801e-05	2.210062e-04	2.790806e-05	7.910745e-03	2.519686e-03	0.000000e+00	1.035698e-03	2.227646e-05	5.140821e-05	0.000000e+00	6.044235e-04	7.183197e-03	3.304406e-04	2.071391e-05	4.357728e-01	-4.806705e-02
4.357728e-01	1.001606e-04	6.046250e-02	1.026337e-03	0.000000e+00	1.185799e-01	1.127129e-10	6.281777e-04	2.256042e-04	0.000000e+00	0.000000e+00	1.520787e-03	4.972667e-05	6.564965e-03	9.477509e-04	2.088196e-04	4.735801e-05	2.210062e-04	3.699671e-05	6.843825e-03	1.575365e-03	0.000000e+00	0.000000e+00	1.454799e-05	5.140821e-05	0.000000e+00	1.113824e-03	7.183197e-03	1.448855e-04	2.071391e-05	4.357728e-01	-9.607770e-03
4.278171e-01	3.538276e-04	0.000000e+00	0.000000e+00	4.197139e-03	0.000000e+00	1.690694e-08	1.089357e-03	0.000000e+00	2.645966e-04	0.000000e+00	3.190787e-04	0.000000e+00	0.000000e+00	4.299580e-03	3.737663e-04	4.735801e-05	0.000000e+00	4.372035e-05	4.566894e-03	7.181846e-06	0.000000e+00	1.170914e-03	1.620576e-04	3.263111e-03	5.132752e-07	2.466569e-03	6.285934e-03	0.000000e+00	2.086694e-05	4.278171e-01	2.390500e-02
4.238736e-01	0.000000e+00	3.074503e-06	0.000000e+00	0.000000e+00	0.000000e+00	0.000000e+00	1.147272e-03	1.323481e-08	3.620821e-04	0.000000e+00	0.000000e+00	0.000000e+00	0.000000e+00	0.000000e+00	0.000000e+00	5.069512e-04	0.000000e+00	1.756408e-04	2.364643e-03	1.969206e-03	0.000000e+00	8.981953e-04	2.095905e-04	5.208935e-04	0.000000e+00	4.010886e-04	0.000000e+00	0.000000e+00	2.071391e-05	4.238736e-01	6.180847e-02
4.238736e-01	0.000000e+00	3.074503e-06	0.000000e+00	0.000000e+00	0.000000e+00	0.000000e+00	1.147272e-03	1.323481e-08	3.620821e-04	0.000000e+00	0.000000e+00	0.000000e+00	0.000000e+00	0.000000e+00	0.000000e+00	5.069512e-04	0.000000e+00	1.756408e-04	2.364643e-03	1.969206e-03	0.000000e+00	8.981953e-04	2.095905e-04	5.208935e-04	0.000000e+00	4.010886e-04	0.000000e+00	0.000000e+00	2.071391e-05	4.238736e-01	6.180847e-02
4.192216e-01	7.076553e-05	9.619768e-06	8.012049e-04	0.000000e+00	5.379053e-05	0.000000e+00	6.398387e-04	0.000000e+00	1.248669e-04	6.920170e-04	1.595393e-03	0.000000e+00	3.281227e-03	9.477509e-04	1.001194e-02	4.735801e-05	1.884627e-04	4.296091e-05	7.814205e-03	1.575365e-03	0.000000e+00	1.070256e-03	6.304657e-06	1.638645e-03	2.566376e-06	1.146482e-03	3.147488e-03	6.608812e-05	1.833923e-05	4.192216e-01	1.218343e-01
4.168560e-01	1.469755e-04	2.965182e-05	1.048619e-02	0.000000e+00	0.000000e+00	3.522279e-09	7.663994e-04	1.128021e-03	3.103962e-04	0.000000e+00	0.000000e+00	2.486333e-04	1.641869e-02	1.097936e-04	2.522154e-05	4.735801e-05	9.423134e-04	0.000000e+00	2.364643e-03	5.455423e-03	0.000000e+00	9.191858e-04	2.027909e-04	2.046460e-03	0.000000e+00	5.543106e-04	1.086220e-03	3.939869e-04	1.757410e-05	4.168560e-01	1.529834e-01
4.147266e-01	1.214673e-04	5.930364e-06	1.443119e-05	8.394278e-04	0.000000e+00	3.522279e-09	8.938127e-04	0.000000e+00	5.291932e-05	0.000000e+00	0.000000e+00	0.000000e+00	0.000000e+00	9.477509e-04	1.539506e-04	2.239171e-05	0.000000e+00	2.438794e-05	2.805093e-03	0.000000e+00	0.000000e+00	1.125273e-03	3.591411e-05	6.880762e-04	1.026550e-07	1.146482e-03	5.168864e-03	0.000000e+00	1.784102e-05	4.147266e-01	1.738672e-01
4.108207e-01	0.000000e+00	3.074503e-06	9.360533e-03	8.588928e-03	7.670485e-06	2.958714e-09	8.247045e-04	0.000000e+00	0.000000e+00	0.000000e+00	3.730323e-04	0.000000e+00	0.000000e+00	1.097936e-04	0.000000e+00	1.721895e-04	6.526924e-04	2.982097e-05	7.216544e-03	5.455423e-03	0.000000e+00	9.005287e-04	1.615743e-04	4.431742e-05	0.000000e+00	7.176027e-04	2.918873e-04	0.000000e+00	0.000000e+00	4.108207e-01	2.294372e-01
2.558009e-01	0.000000e+00	3.074503e-06	1.803899e-05	0.000000e+00	0.000000e+00	0.000000e+00	1.147272e-03	0.000000e+00	0.000000e+00	0.000000e+00	1.994242e-03	0.000000e+00	0.000000e+00	1.097936e-04	0.000000e+00	1.721895e-04	0.000000e+00	1.756408e-04	2.364643e-03	1.969206e-03	0.000000e+00	1.065436e-03	4.378234e-06	4.431742e-05	0.000000e+00	8.164605e-04	0.000000e+00	0.000000e+00	1.022497e-04	2.558009e-01	2.449837e-01
2.558009e-01	0.000000e+00	3.074503e-06	1.803899e-05	0.000000e+00	0.000000e+00	0.000000e+00	1.147272e-03	0.000000e+00	0.000000e+00	0.000000e+00	1.994242e-03	0.000000e+00	0.000000e+00	1.097936e-04	0.000000e+00	1.721895e-04	0.000000e+00	1.756408e-04	2.364643e-03	1.969206e-03	0.000000e+00	1.065436e-03	4.378234e-06	4.431742e-05	0.000000e+00	8.164605e-04	0.000000e+00	0.000000e+00	1.022497e-04	2.558009e-01	2.449837e-01
2.558009e-01	0.000000e+00	3.074503e-06	1.803899e-05	0.000000e+00	0.000000e+00	0.000000e+00	1.147272e-03	0.000000e+00	0.000000e+00	0.000000e+00	1.994242e-03	0.000000e+00	0.000000e+00	1.097936e-04	0.000000e+00	1.721895e-04	0.000000e+00	1.756408e-04	2.364643e-03	1.969206e-03	0.000000e+00	1.065436e-03	4.378234e-06	4.431742e-05	0.000000e+00	8.164605e-04	0.000000e+00	0.000000e+00	1.022497e-04	2.558009e-01	2.449837e-01
2.558009e-01	0.000000e+00	3.074503e-06	1.803899e-05	0.000000e+00	0.000000e+00	0.000000e+00	1.147272e-03	0.000000e+00	0.000000e+00	0.000000e+00	1.994242e-03	0.000000e+00	0.000000e+00	1.097936e-04	0.000000e+00	1.721895e-04	0.000000e+00	1.756408e-04	2.364643e-03	1.969206e-03	0.000000e+00	1.065436e-03	4.378234e-06	4.431742e-05	0.000000e+00	8.164605e-04	0.000000e+00	0.000000e+00	1.022497e-04	2.558009e-01	2.449837e-01
2.558009e-01	0.000000e+00	3.074503e-06	1.803899e-05	0.000000e+00	0.000000e+00	0.000000e+00	1.147272e-03	0.000000e+00	0.000000e+00	0.000000e+00	1.994242e-03	0.000000e+00	0.000000e+00	1.097936e-04	0.000000e+00	1.721895e-04	0.000000e+00	1.756408e-04	2.364643e-03	1.969206e-03	0.000000e+00	1.065436e-03	4.378234e-06	4.431742e-05	0.000000e+00	8.164605e-04	0.000000e+00	0.000000e+00	1.022497e-04	2.558009e-01	2.449837e-01
2.558009e-01	0.000000e+00	3.074503e-06	1.803899e-05	0.000000e+00	0.000000e+00	0.000000e+00	1.147272e-03	0.000000e+00	0.000000e+00	0.000000e+00	1.994242e-03	0.000000e+00	0.000000e+00	1.097936e-04	0.000000e+00	1.721895e-04	0.000000e+00	1.756408e-04	2.364643e-03	1.969206e-03	0.000000e+00	1.065436e-03	4.378234e-06	4.431742e-05	0.000000e+00	8.164605e-04	0.000000e+00	0.000000e+00	1.022497e-04	2.558009e-01	2.449837e-01
2.558009e-01	0.000000e+00	3.074503e-06	1.803899e-05	0.000000e+00	0.000000e+00	0.000000e+00	1.147272e-03	0.000000e+00	0.000000e+00	0.000000e+00	1.994242e-03	0.000000e+00	0.000000e+00	1.097936e-04	0.000000e+00	1.721895e-04	0.000000e+00	1.756408e-04	2.364643e-03	1.969206e-03	0.000000e+00	1.065436e-03	4.378234e-06	4.431742e-05	0.000000e+00	8.164605e-04	0.000000e+00	0.000000e+00	1.022497e-04	2.558009e-01	2.449837e-01
2.558009e-01	0.000000e+00	3.074503e-06	1.803899e-05	0.000000e+00	0.000000e+00	0.000000e+00	1.147272e-03	0.000000e+00	0.000000e+00	0.000000e+00	1.994242e-03	0.000000e+00	0.000000e+00	1.097936e-04	0.000000e+00	1.721895e-04	0.000000e+00	1.756408e-04	2.364643e-03	1.969206e-03	0.000000e+00	1.065436e-03	4.378234e-06	4.431742e-05	0.000000e+00	8.164605e-04	0.000000e+00	0.000000e+00	1.022497e-04	2.558009e-01	2.449837e-01
2.558009e-01	0.000000e+00	2.459602e-06	1.803899e-05	0.000000e+00	0.000000e+00	0.000000e+00	9.213544e-04	0.000000e+00	0.000000e+00	0.000000e+00	1.994242e-03	0.000000e+00	0.000000e+00	9.222666e-05	0.000000e+00	1.665806e-04	0.000000e+00	3.327296e-03	2.364643e-03	1.969206e-03	0.000000e+00	1.749841e-03	1.241420e-05	4.431742e-05	0.000000e+00	8.164605e-04	9.187222e-03	1.270925e-05	1.022497e-04	2.558009e-01	2.479528e-01
2.419774e-01	0.000000e+00	0.000000e+00	1.426736e-03	1.050117e-03	3.193019e-04	9.512311e-03	1.281936e-03	1.122774e-07	0.000000e+00	5.538101e-04	3.988484e-04	8.449602e-04	0.000000e+00	2.195873e-05	0.000000e+00	1.441447e-04	0.000000e+00	7.176120e-03	7.904043e-04	0.000000e+00	2.674747e-06	4.487460e-03	4.455806e-05	0.000000e+00	0.000000e+00	1.738473e-03	6.080839e-03	6.354627e-05	1.328438e-04	2.419774e-01	2.822043e-01
2.372823e-01	0.000000e+00	3.689403e-06	0.000000e+00	0.000000e+00	0.000000e+00	0.000000e+00	1.321014e-03	1.220481e-05	8.626990e-05	5.980342e-04	1.189056e-02	0.000000e+00	0.000000e+00	1.097936e-04	0.000000e+00	1.804694e-04	0.000000e+00	0.000000e+00	3.458311e-03	2.247475e-03	1.908228e-05	1.046883e-03	0.000000e+00	5.318090e-05	0.000000e+00	9.797526e-04	6.984738e-03	0.000000e+00	1.226997e-04	2.372823e-01	3.011295e-01
2.294376e-01	0.000000e+00	6.149006e-07	1.226435e-03	1.050117e-03	1.184817e-05	0.000000e+00	3.132638e-04	5.613870e-07	1.046136e-04	0.000000e+00	5.514028e-04	0.000000e+00	3.023979e-05	0.000000e+00	0.000000e+00	3.582361e-05	0.000000e+00	7.416620e-03	6.806504e-04	7.831934e-04	1.375215e-05	7.972512e-04	2.238559e-04	0.000000e+00	0.000000e+00	1.421861e-04	3.370232e-03	0.000000e+00	2.044995e-05	2.294376e-01	3.417568e-01
2.216078e-01	0.000000e+00	0.000000e+00	0.000000e+00	5.078821e-03	0.000000e+00	2.508777e-02	0.000000e+00	1.205892e-05	5.675651e-04	4.867425e-05	1.182466e-02	8.013590e-04	7.874945e-04	5.409022e-04	0.000000e+00	0.000000e+00	2.584206e-04	3.584196e-03	6.642693e-05	5.557039e-03	1.647982e-06	5.043502e-03	0.000000e+00	3.627085e-04	0.000000e+00	1.738587e-03	4.323953e-03	0.000000e+00	1.163987e-05	2.216078e-01	4.057178e-01
2.150967e-01	0.000000e+00	0.000000e+00	0.000000e+00	0.000000e+00	1.137424e-05	0.000000e+00	1.114669e-03	0.000000e+00	0.000000e+00	8.344628e-04	1.109600e-02	0.000000e+00	0.000000e+00	0.000000e+00	2.806026e-06	1.732522e-04	0.000000e+00	1.144306e-04	3.317201e-03	0.000000e+00	0.000000e+00	1.046883e-03	0.000000e+00	2.844732e-05	0.000000e+00	9.348410e-04	7.297007e-03	0.000000e+00	0.000000e+00	2.150967e-01	4.441762e-01
2.062695e-01	0.000000e+00	0.000000e+00	1.226435e-03	1.050117e-03	3.058543e-04	9.995029e-03	4.603265e-05	0.000000e+00	0.000000e+00	0.000000e+00	0.000000e+00	8.013590e-04	3.149978e-05	0.000000e+00	0.000000e+00	1.390702e-04	0.000000e+00	9.239489e-03	2.314303e-04	0.000000e+00	2.674747e-06	4.381959e-03	2.787253e-04	3.413678e-05	0.000000e+00	1.575181e-03	3.370232e-03	0.000000e+00	1.245476e-04	2.062695e-01	5.133475e-01
1.994309e-01	0.000000e+00	2.516953e-05	1.222827e-03	0.000000e+00	3.058543e-04	2.413609e-03	5.127745e-05	2.411784e-06	5.675651e-04	9.734850e-06	1.966083e-03	9.616307e-04	1.889987e-04	8.622171e-05	8.509684e-03	1.046323e-04	5.168413e-05	1.037055e-02	0.000000e+00	7.175665e-04	3.004343e-06	5.177573e-03	1.170836e-03	9.781499e-05	0.000000e+00	0.000000e+00	4.235023e-03	0.000000e+00	1.064257e-04	1.994309e-01	5.662396e-01
1.905033e-01	0.000000e+00	2.516953e-05	0.000000e+00	0.000000e+00	0.000000e+00	2.413609e-03	5.127745e-05	9.117900e-07	5.675651e-04	1.559390e-04	0.000000e+00	4.909490e-03	9.691763e-03	0.000000e+00	8.509684e-03	1.468168e-04	2.584206e-04	1.037055e-02	0.000000e+00	6.170943e-03	0.000000e+00	5.567002e-03	1.170836e-03	3.689568e-04	0.000000e+00	0.000000e+00	3.505210e-03	0.000000e+00	0.000000e+00	1.905033e-01	6.326182e-01
8.857501e-02	0.000000e+00	0.000000e+00	2.124902e-03	4.204707e-04	3.058543e-04	0.000000e+00	1.047619e-04	4.913064e-07	1.307670e-04	0.000000e+00	1.906930e-04	4.224801e-03	3.779974e-05	0.000000e+00	0.000000e+00	1.732130e-06	0.000000e+00	9.226864e-03	2.652965e-04	0.000000e+00	1.795348e-05	0.000000e+00	2.787253e-04	0.000000e+00	0.000000e+00	0.000000e+00	3.098337e-03	0.000000e+00	0.000000e+00	8.857501e-02	6.766690e-01
8.857501e-02	0.000000e+00	0.000000e+00	2.124902e-03	4.204707e-04	3.058543e-04	0.000000e+00	1.047619e-04	4.913064e-07	1.307670e-04	0.000000e+00	1.906930e-04	4.224801e-03	3.779974e-05	0.000000e+00	0.000000e+00	1.732130e-06	0.000000e+00	9.226864e-03	2.652965e-04	0.000000e+00	1.795348e-05	0.000000e+00	2.787253e-04	0.000000e+00	0.000000e+00	0.000000e+00	3.098337e-03	0.000000e+00	0.000000e+00	8.857501e-02	6.766690e-01
8.857501e-02	0.000000e+00	0.000000e+00	2.124902e-03	4.204707e-04	3.058543e-04	0.000000e+00	1.047619e-04	4.913064e-07	1.307670e-04	0.000000e+00	1.906930e-04	4.224801e-03	3.779974e-05	0.000000e+00	0.000000e+00	1.732130e-06	0.000000e+00	9.226864e-03	2.652965e-04	0.000000e+00	1.795348e-05	0.000000e+00	2.787253e-04	0.000000e+00	0.000000e+00	0.000000e+00	3.098337e-03	0.000000e+00	0.000000e+00	8.857501e-02	6.766690e-01
8.857501e-02	0.000000e+00	0.000000e+00	2.124902e-03	4.204707e-04	3.058543e-04	0.000000e+00	1.047619e-04	4.913064e-07	1.307670e-04	0.000000e+00	1.906930e-04	4.224801e-03	3.779974e-05	0.000000e+00	0.000000e+00	1.732130e-06	0.000000e+00	9.226864e-03	2.652965e-04	0.000000e+00	1.795348e-05	0.000000e+00	2.787253e-04	0.000000e+00	0.000000e+00	0.000000e+00	3.098337e-03	0.000000e+00	0.000000e+00	8.857501e-02	6.766690e-01
8.857501e-02	0.000000e+00	0.000000e+00	2.124902e-03	4.204707e-04	3.058543e-04	0.000000e+00	1.047619e-04	4.913064e-07	1.307670e-04	0.000000e+00	1.906930e-04	4.224801e-03	3.779974e-05	0.000000e+00	0.000000e+00	1.732130e-06	0.000000e+00	9.226864e-03	2.652965e-04	0.000000e+00	1.795348e-05	0.000000e+00	2.787253e-04	0.000000e+00	0.000000e+00	0.000000e+00	3.098337e-03	0.000000e+00	0.000000e+00	8.857501e-02	6.766690e-01
8.857501e-02	0.000000e+00	0.000000e+00	2.124902e-03	4.204707e-04	3.058543e-04	0.000000e+00	1.047619e-04	4.913064e-07	1.307670e-04	0.000000e+00	1.906930e-04	4.224801e-03	3.779974e-05	0.000000e+00	0.000000e+00	1.732130e-06	0.000000e+00	9.226864e-03	2.652965e-04	0.000000e+00	1.795348e-05	0.000000e+00	2.787253e-04	0.000000e+00	0.000000e+00	0.000000e+00	3.098337e-03	0.000000e+00	0.000000e+00	8.857501e-02	6.766690e-01
7.427739e-02	0.000000e+00	0.000000e+00	1.226435e-03	1.050117e-03	3.058543e-04	7.604343e-05	4.603265e-05	5.613870e-07	1.135130e-04	0.000000e+00	0.000000e+00	4.224801e-03	3.149978e-05	0.000000e+00	0.000000e+00	0.000000e+00	0.000000e+00	9.239489e-03	2.314303e-04	0.000000e+00	1.337373e-05	4.381959e-03	2.787253e-04	0.000000e+00	0.000000e+00	1.421861e-04	3.370232e-03	0.000000e+00	0.000000e+00	7.427739e-02	6.803921e-01
5.897774e-02	0.000000e+00	5.033906e-06	0.000000e+00	3.363766e-04	3.058543e-04	4.827218e-04	1.135513e-04	8.754019e-07	6.801700e-04	0.000000e+00	0.000000e+00	4.965317e-03	6.803953e-05	4.046622e-05	1.701937e-03	2.231216e-05	0.000000e+00	1.075389e-02	2.122372e-04	3.044427e-02	1.377828e-05	1.035515e-03	4.571475e-04	1.956300e-05	4.531129e-05	7.431086e-04	2.838622e-03	0.000000e+00	1.163987e-05	5.897774e-02	7.155856e-01
4.480601e-02	0.000000e+00	0.000000e+00	1.077027e-03	1.264081e-03	1.406377e-05	1.788046e-02	5.087683e-04	8.359842e-07	0.000000e+00	1.898006e-04	4.123208e-04	0.000000e+00	1.574989e-04	1.176989e-03	2.806026e-06	1.647911e-04	0.000000e+00	0.000000e+00	0.000000e+00	0.000000e+00	0.000000e+00	1.400619e-03	9.351112e-04	6.248344e-06	0.000000e+00	4.262502e-04	2.979746e-03	1.270925e-05	3.521302e-03	4.480601e-02	7.530339e-01
2.941198e-02	0.000000e+00	5.103629e-06	5.385136e-03	0.000000e+00	1.794943e-04	5.441439e-03	1.028544e-04	9.117900e-07	4.540521e-04	3.118779e-05	0.000000e+00	0.000000e+00	0.000000e+00	4.046622e-05	1.400357e-02	0.000000e+00	5.168413e-05	9.302611e-03	6.642693e-05	5.557039e-03	6.427398e-06	2.284126e-02	1.178625e-03	1.702547e-03	2.462570e-04	7.431086e-04	4.128406e-03	0.000000e+00	1.163987e-05	2.941198e-02	8.253211e-01
1.488253e-02	0.000000e+00	5.033906e-06	1.226435e-03	7.351524e-04	3.058543e-04	7.604343e-05	4.603265e-05	5.613870e-07	2.077742e-04	3.118779e-05	3.813860e-05	8.449602e-04	3.149978e-05	0.000000e+00	3.088240e-03	0.000000e+00	0.000000e+00	9.463176e-03	2.314303e-04	0.000000e+00	1.608565e-05	4.381959e-03	0.000000e+00	0.000000e+00	0.000000e+00	1.421861e-04	3.370232e-03	0.000000e+00	0.000000e+00	1.488253e-02	8.783638e-01
0.000000e+00	0.000000e+00	0.000000e+00	0.000000e+00	4.411071e-03	2.269660e-04	7.604343e-05	1.802491e-04	1.216833e-05	1.135130e-04	0.000000e+00	0.000000e+00	4.224801e-03	3.149978e-05	7.812842e-04	0.000000e+00	0.000000e+00	0.000000e+00	9.239489e-03	2.314303e-04	4.854900e-03	1.301468e-05	4.381959e-03	1.170525e-03	0.000000e+00	0.000000e+00	1.421861e-04	3.370232e-03	0.000000e+00	7.321114e-04	0.000000e+00	1.010612e+00
