8.477398e-01	2.701417e-03	2.013044e-05	0.000000e+00	1.501431e-07	2.849417e-06	1.475187e-03	0.000000e+00	0.000000e+00	2.740246e-03	0.000000e+00	1.094748e-03	8.772017e-04	9.258016e-03	4.075328e-06	2.042558e-04	7.267568e-04	1.314685e-04	6.576562e-04	7.508813e-03	4.987887e-03	0.000000e+00	0.000000e+00	2.289601e-03	1.246277e-02	3.470939e-04	2.361599e-03	0.000000e+00	8.044479e-06	9.855270e-05	8.477398e-01	-7.579373e-01
8.470306e-01	5.535809e-03	1.380963e-04	1.254406e-05	0.000000e+00	1.424708e-05	2.132030e-03	0.000000e+00	0.000000e+00	2.609879e-03	0.000000e+00	1.298894e-03	2.446768e-03	9.772802e-03	0.000000e+00	1.162537e-04	0.000000e+00	3.889746e-04	1.594549e-03	0.000000e+00	5.394032e-03	5.499754e-03	2.482933e-04	1.285707e-03	3.946322e-03	8.368093e-05	7.060640e-03	0.000000e+00	2.825931e-04	7.372214e-05	8.470306e-01	-7.552969e-01
8.459066e-01	4.430760e-03	1.006522e-04	5.389753e-06	1.001494e-05	1.376218e-03	2.005224e-03	0.000000e+00	0.000000e+00	1.889134e-03	5.673833e-04	2.930672e-04	7.419875e-04	8.692406e-03	3.402310e-07	8.231427e-04	0.000000e+00	1.154941e-04	3.794207e-04	0.000000e+00	2.868014e-03	1.116193e-03	2.234440e-05	1.791680e-04	4.063328e-03	1.031186e-04	1.682136e-03	0.000000e+00	3.336358e-02	2.261620e-05	8.459066e-01	-7.477368e-01
8.439560e-01	0.000000e+00	1.186924e-04	3.127095e-04	3.361539e-04	2.575278e-04	2.503998e-03	6.879960e-05	1.540433e-02	5.686741e-04	2.224032e-03	4.783651e-03	3.697213e-03	6.253635e-03	8.889941e-06	3.523299e-04	7.721527e-04	4.905561e-04	1.013440e-03	2.258619e-03	4.422808e-03	9.109888e-04	1.183295e-04	2.008598e-03	2.567069e-03	3.352246e-04	4.584744e-03	3.137484e-07	4.331672e-05	5.920586e-05	8.439560e-01	-7.379475e-01
8.439560e-01	0.000000e+00	1.186924e-04	3.127095e-04	3.361539e-04	2.575278e-04	2.503998e-03	6.879960e-05	1.540433e-02	5.686741e-04	2.224032e-03	4.783651e-03	3.697213e-03	6.253635e-03	8.889941e-06	3.523299e-04	7.721527e-04	4.905561e-04	1.013440e-03	2.258619e-03	4.422808e-03	9.109888e-04	1.183295e-04	2.008598e-03	2.567069e-03	3.352246e-04	4.584744e-03	3.137484e-07	4.331672e-05	5.920586e-05	8.439560e-01	-7.379475e-01
8.413779e-01	3.974563e-03	1.006522e-04	5.345133e-06	3.645194e-05	1.424708e-05	1.563709e-03	2.654174e-04	0.000000e+00	2.777901e-03	2.180665e-05	1.048493e-03	1.845922e-03	8.692406e-03	3.402310e-07	7.822915e-04	0.000000e+00	1.154941e-04	1.645177e-03	7.891952e-03	5.237252e-03	4.554456e-03	0.000000e+00	1.791680e-04	9.022634e-03	1.031186e-04	1.682136e-03	0.000000e+00	6.762744e-05	0.000000e+00	8.413779e-01	-7.192631e-01
8.403068e-01	9.342631e-04	7.533433e-05	6.155833e-05	0.000000e+00	0.000000e+00	1.556478e-03	3.753797e-04	0.000000e+00	2.863921e-05	4.482361e-05	1.051058e-03	3.012695e-03	2.788687e-03	9.539215e-06	0.000000e+00	4.750815e-06	9.263829e-04	1.316544e-03	0.000000e+00	5.442640e-03	4.771595e-03	2.048785e-05	8.811231e-04	2.757304e-02	1.813975e-05	0.000000e+00	3.137484e-07	3.660237e-06	0.000000e+00	8.403068e-01	-7.097434e-01
8.391946e-01	3.181275e-03	1.003990e-04	1.503857e-03	4.974135e-05	1.389408e-03	0.000000e+00	2.750913e-03	0.000000e+00	2.332491e-03	2.002136e-05	1.216499e-03	0.000000e+00	8.522138e-03	3.288900e-07	1.162537e-04	0.000000e+00	2.080031e-04	1.326313e-03	0.000000e+00	5.261196e-03	3.828302e-03	7.314364e-04	1.433344e-04	3.106126e-03	1.565863e-04	0.000000e+00	0.000000e+00	1.053803e-04	0.000000e+00	8.391946e-01	-7.013029e-01
8.386505e-01	3.065500e-03	0.000000e+00	0.000000e+00	0.000000e+00	0.000000e+00	1.489160e-03	1.327702e-05	0.000000e+00	1.090885e-04	8.456167e-04	1.139569e-03	2.465395e-03	2.796455e-03	0.000000e+00	1.103266e-04	9.177451e-04	9.235413e-04	3.286208e-04	0.000000e+00	5.366494e-03	4.772989e-03	8.042227e-04	9.132313e-04	3.052064e-02	3.602453e-05	1.721096e-03	1.761756e-06	0.000000e+00	2.577191e-05	8.386505e-01	-6.918256e-01
8.376776e-01	5.126986e-03	5.128873e-05	0.000000e+00	2.740421e-05	0.000000e+00	1.913761e-03	3.083169e-03	0.000000e+00	1.476384e-04	0.000000e+00	9.935877e-04	3.935832e-03	7.097168e-03	8.433198e-06	2.042558e-04	1.186002e-03	3.898551e-04	1.645680e-03	0.000000e+00	8.054128e-03	9.027136e-04	1.397887e-04	2.537683e-03	3.968353e-03	5.412290e-05	6.266061e-03	0.000000e+00	5.585543e-05	1.315275e-04	8.376776e-01	-6.828458e-01
8.368803e-01	2.978022e-03	0.000000e+00	2.556368e-05	8.814608e-05	0.000000e+00	8.101293e-04	3.974295e-03	0.000000e+00	0.000000e+00	1.005184e-03	0.000000e+00	3.022547e-03	7.349257e-03	1.372912e-02	7.214184e-04	2.226376e-04	3.206231e-04	1.796173e-03	4.202848e-03	5.668723e-03	0.000000e+00	1.987439e-03	0.000000e+00	3.106126e-03	0.000000e+00	6.373656e-03	0.000000e+00	5.582475e-05	1.136670e-04	8.368803e-01	-6.718804e-01
8.356570e-01	3.065500e-03	0.000000e+00	0.000000e+00	0.000000e+00	0.000000e+00	1.524300e-03	1.327702e-05	0.000000e+00	1.215063e-04	0.000000e+00	4.904840e-03	8.091051e-04	8.850945e-03	0.000000e+00	2.455361e-04	9.177451e-04	2.209257e-04	3.286208e-04	0.000000e+00	5.366494e-03	0.000000e+00	7.314364e-04	2.253768e-03	3.642997e-03	3.558484e-04	1.721096e-03	0.000000e+00	0.000000e+00	2.577191e-05	8.356570e-01	-6.604622e-01
8.348705e-01	3.219695e-03	2.158348e-04	1.021608e-05	8.536968e-05	0.000000e+00	1.214264e-03	0.000000e+00	0.000000e+00	0.000000e+00	6.159808e-04	1.259280e-03	3.022547e-03	7.167739e-03	4.478994e-05	0.000000e+00	4.750815e-06	2.029249e-04	0.000000e+00	6.564757e-03	5.819567e-03	1.778034e-06	6.207333e-03	2.422956e-03	2.931913e-03	2.313179e-03	4.495730e-04	0.000000e+00	2.926487e-04	1.142212e-04	8.348705e-01	-6.485713e-01
8.339947e-01	8.123806e-06	1.534115e-05	5.649022e-05	1.028990e-04	3.564776e-03	1.524300e-03	0.000000e+00	0.000000e+00	1.215063e-04	2.180665e-05	1.040999e-03	1.765931e-04	8.320391e-03	2.835258e-07	1.373013e-03	1.859824e-04	2.802452e-04	5.085844e-05	1.501763e-03	5.356971e-03	4.557308e-03	1.730539e-03	0.000000e+00	2.932839e-03	6.529385e-04	0.000000e+00	0.000000e+00	2.563918e-04	1.179760e-04	8.339947e-01	-6.382636e-01
8.332371e-01	2.248342e-03	0.000000e+00	2.556368e-05	8.536968e-05	1.139767e-07	1.313144e-03	3.273296e-03	0.000000e+00	0.000000e+00	8.509165e-04	0.000000e+00	3.022547e-03	7.167739e-03	4.478994e-05	5.646008e-04	4.750815e-06	2.096035e-04	1.832993e-03	6.564757e-03	4.632891e-03	1.778034e-06	1.215717e-03	2.422956e-03	2.931913e-03	2.313179e-03	4.495730e-04	0.000000e+00	1.910265e-05	1.243789e-04	8.332371e-01	-6.261701e-01
8.325859e-01	3.974563e-03	5.531482e-05	0.000000e+00	3.645194e-05	5.698834e-07	0.000000e+00	2.803997e-03	0.000000e+00	5.423214e-04	2.180665e-05	1.048493e-03	0.000000e+00	8.692406e-03	3.402310e-07	7.822915e-04	1.146609e-03	1.750529e-04	1.645177e-03	1.468116e-04	5.237252e-03	3.827731e-03	3.854510e-03	1.791680e-04	9.022634e-03	1.031186e-04	1.682136e-03	0.000000e+00	6.762744e-05	1.154213e-04	8.325859e-01	-6.158855e-01
8.318835e-01	2.846003e-03	0.000000e+00	0.000000e+00	3.228499e-05	6.595087e-05	1.837896e-03	4.680715e-05	0.000000e+00	0.000000e+00	0.000000e+00	4.783256e-03	2.258945e-04	1.053415e-02	0.000000e+00	0.000000e+00	1.420568e-02	2.472210e-04	1.519978e-05	0.000000e+00	5.824701e-03	7.380310e-04	5.678654e-04	3.456991e-05	3.484953e-03	3.322859e-04	2.763823e-03	1.241706e-03	5.529087e-05	3.715743e-05	8.318835e-01	-6.043683e-01
8.311822e-01	3.219695e-03	1.109786e-04	0.000000e+00	1.717221e-03	5.230942e-04	1.761027e-03	5.430303e-04	0.000000e+00	2.332491e-03	5.664085e-03	4.425525e-04	0.000000e+00	0.000000e+00	4.478994e-05	1.316261e-03	4.750815e-06	3.340358e-04	0.000000e+00	1.047419e-02	5.688487e-03	0.000000e+00	6.207333e-03	8.294340e-04	3.642997e-03	0.000000e+00	6.469145e-03	0.000000e+00	2.904652e-04	1.671698e-04	8.311822e-01	-5.930355e-01
8.304747e-01	3.557503e-03	5.128873e-05	0.000000e+00	2.925777e-05	0.000000e+00	0.000000e+00	3.504996e-03	0.000000e+00	0.000000e+00	7.913608e-04	1.027726e-03	0.000000e+00	6.594297e-03	4.478994e-05	8.016884e-04	1.089434e-03	3.340358e-04	0.000000e+00	0.000000e+00	8.122559e-03	3.827731e-03	3.858607e-03	0.000000e+00	2.730226e-02	1.337659e-04	6.608210e-03	0.000000e+00	1.891876e-04	1.229843e-04	8.304747e-01	-5.788402e-01
8.296634e-01	3.219695e-03	1.534115e-05	2.241081e-05	1.028990e-04	0.000000e+00	1.234553e-03	0.000000e+00	3.509645e-04	6.319484e-06	7.204267e-04	1.237097e-03	0.000000e+00	1.016980e-02	4.478994e-05	9.775096e-05	1.859824e-04	2.802452e-04	0.000000e+00	7.016371e-03	5.410883e-03	1.668260e-03	7.005361e-05	2.519874e-03	2.914397e-03	2.297934e-03	0.000000e+00	6.208531e-04	3.503536e-05	4.961015e-05	8.296634e-01	-5.700486e-01
8.289256e-01	3.974563e-03	5.531482e-05	0.000000e+00	3.618283e-05	5.698834e-07	0.000000e+00	6.522438e-04	0.000000e+00	4.022463e-04	4.962163e-03	6.944085e-04	0.000000e+00	8.692406e-03	4.075328e-06	7.822915e-04	0.000000e+00	1.750529e-04	0.000000e+00	1.171909e-02	6.042442e-03	6.969893e-06	3.854510e-03	1.605406e-04	1.784412e-02	8.942395e-05	1.682136e-03	7.240040e-06	6.762744e-05	1.154213e-04	8.289256e-01	-5.537167e-01
8.285989e-01	4.220062e-03	0.000000e+00	2.788765e-05	3.389737e-05	5.848751e-04	6.008368e-03	9.123268e-04	0.000000e+00	4.826956e-04	5.009150e-03	5.989092e-04	0.000000e+00	7.388096e-03	0.000000e+00	7.510136e-04	0.000000e+00	3.064151e-04	0.000000e+00	1.171909e-02	5.805107e-03	6.969893e-06	4.729680e-03	1.926487e-04	1.784412e-02	1.073087e-04	2.852706e-03	8.411689e-06	1.147941e-04	1.177995e-04	8.285989e-01	-5.466853e-01
8.272500e-01	0.000000e+00	1.190153e-03	5.777342e-05	1.719190e-03	0.000000e+00	2.108457e-04	0.000000e+00	0.000000e+00	4.724313e-04	5.498778e-03	5.545713e-04	5.324712e-04	0.000000e+00	4.359543e-05	1.248061e-03	2.021902e-03	3.358631e-04	2.730789e-04	1.202660e-03	5.917141e-03	8.890172e-06	3.147550e-03	0.000000e+00	8.757871e-05	2.109991e-04	2.505946e-04	0.000000e+00	2.904652e-04	1.458799e-04	8.272500e-01	-5.300307e-01
8.268059e-01	3.445121e-03	2.060548e-04	1.971673e-05	1.587215e-05	6.595087e-05	0.000000e+00	0.000000e+00	0.000000e+00	6.355437e-04	5.642864e-03	9.341710e-04	1.064942e-04	0.000000e+00	1.013303e-07	7.667435e-04	2.138179e-02	1.821100e-04	1.656951e-03	0.000000e+00	5.834377e-03	1.949360e-04	5.678654e-04	0.000000e+00	8.457271e-03	6.041286e-04	0.000000e+00	0.000000e+00	7.739417e-05	1.346753e-04	8.268059e-01	-5.174921e-01
8.259245e-01	3.170309e-03	9.988232e-04	1.187471e-04	4.154219e-05	0.000000e+00	1.065774e-05	0.000000e+00	0.000000e+00	5.390046e-04	4.641034e-03	4.436570e-04	1.516731e-04	0.000000e+00	1.013303e-07	1.736816e-03	2.422292e-02	2.762061e-05	0.000000e+00	3.460731e-03	5.838296e-03	0.000000e+00	6.420851e-03	0.000000e+00	5.585436e-03	1.347705e-04	0.000000e+00	2.466589e-04	6.549352e-05	1.185469e-04	8.259245e-01	-4.996821e-01
8.254025e-01	1.992202e-03	8.593365e-04	2.558417e-05	4.761015e-05	3.297543e-04	1.146922e-03	6.487889e-06	1.177733e-03	0.000000e+00	2.652800e-03	9.200488e-04	4.376365e-04	0.000000e+00	3.682239e-05	1.429441e-03	3.907573e-03	0.000000e+00	2.973476e-04	1.092714e-03	1.024849e-03	0.000000e+00	1.530262e-03	0.000000e+00	0.000000e+00	0.000000e+00	1.418635e-03	1.381795e-06	9.289514e-06	1.612812e-04	8.254025e-01	-4.960210e-01
8.245889e-01	9.915783e-07	1.262650e-03	1.127129e-04	3.698818e-04	0.000000e+00	2.349887e-04	5.190311e-06	1.766600e-03	2.131490e-04	4.130880e-03	3.210854e-03	1.962714e-03	3.207898e-02	1.549825e-04	1.298854e-03	0.000000e+00	1.774280e-04	2.322781e-02	0.000000e+00	4.209203e-03	4.158513e-05	1.641453e-03	1.844937e-03	0.000000e+00	4.758453e-04	2.465062e-03	0.000000e+00	3.970626e-04	2.422794e-05	8.245889e-01	-4.697135e-01
6.525079e-01	8.179837e-04	8.593365e-04	1.158768e-04	4.761015e-05	4.373189e-04	4.356697e-04	6.487889e-06	1.483944e-03	0.000000e+00	0.000000e+00	1.104059e-03	5.033049e-04	0.000000e+00	4.418687e-05	0.000000e+00	4.206144e-03	3.823381e-04	0.000000e+00	2.244179e-04	1.208762e-03	0.000000e+00	1.530262e-03	1.990642e-04	8.161781e-04	0.000000e+00	0.000000e+00	0.000000e+00	9.289514e-06	1.470576e-04	6.525079e-01	-4.555641e-01
6.525079e-01	8.179837e-04	8.593365e-04	1.158768e-04	4.761015e-05	4.373189e-04	4.356697e-04	6.487889e-06	1.483944e-03	0.000000e+00	0.000000e+00	1.104059e-03	5.033049e-04	0.000000e+00	4.418687e-05	0.000000e+00	4.206144e-03	3.823381e-04	0.000000e+00	2.244179e-04	1.208762e-03	0.000000e+00	1.530262e-03	1.990642e-04	8.161781e-04	0.000000e+00	0.000000e+00	0.000000e+00	9.289514e-06	1.470576e-04	6.525079e-01	-4.555641e-01
6.525079e-01	8.179837e-04	8.593365e-04	1.158768e-04	4.761015e-05	4.373189e-04	4.356697e-04	6.487889e-06	1.483944e-03	0.000000e+00	0.000000e+00	1.104059e-03	5.033049e-04	0.000000e+00	4.418687e-05	0.000000e+00	4.206144e-03	3.823381e-04	0.000000e+00	2.244179e-04	1.208762e-03	0.000000e+00	1.530262e-03	1.990642e-04	8.161781e-04	0.000000e+00	0.000000e+00	0.000000e+00	9.289514e-06	1.470576e-04	6.525079e-01	-4.555641e-01
6.525079e-01	8.179837e-04	8.593365e-04	1.158768e-04	4.761015e-05	4.373189e-04	4.356697e-04	6.487889e-06	1.483944e-03	0.000000e+00	0.000000e+00	1.104059e-03	5.033049e-04	0.000000e+00	4.418687e-05	0.000000e+00	4.206144e-03	3.823381e-04	0.000000e+00	2.244179e-04	1.208762e-03	0.000000e+00	1.530262e-03	1.990642e-04	8.161781e-04	0.000000e+00	0.000000e+00	0.000000e+00	9.289514e-06	1.470576e-04	6.525079e-01	-4.555641e-01
6.525079e-01	8.179837e-04	8.593365e-04	1.158768e-04	4.761015e-05	4.373189e-04	4.356697e-04	6.487889e-06	1.483944e-03	0.000000e+00	0.000000e+00	1.104059e-03	5.033049e-04	0.000000e+00	4.418687e-05	0.000000e+00	4.206144e-03	3.823381e-04	0.000000e+00	2.244179e-04	1.208762e-03	0.000000e+00	1.530262e-03	1.990642e-04	8.161781e-04	0.000000e+00	0.000000e+00	0.000000e+00	9.289514e-06	1.470576e-04	6.525079e-01	-4.555641e-01
6.497667e-01	9.915783e-07	1.005020e-03	1.158817e-04	0.000000e+00	0.000000e+00	2.195023e-04	0.000000e+00	1.472167e-03	2.256008e-04	2.143491e-03	0.000000e+00	0.000000e+00	5.613844e-04	1.799027e-03	1.248061e-03	3.355928e-03	3.829248e-04	0.000000e+00	0.000000e+00	0.000000e+00	0.000000e+00	0.000000e+00	0.000000e+00	0.000000e+00	3.261404e-05	1.569756e-03	8.422194e-06	3.883067e-04	2.422794e-05	6.497667e-01	-4.531320e-01
6.463224e-01	4.654359e-04	1.220519e-03	1.000332e-04	2.380507e-04	1.648772e-03	4.309661e-04	3.243944e-05	0.000000e+00	2.558809e-04	4.616303e-03	2.381959e-03	5.829763e-05	0.000000e+00	9.730238e-06	1.139106e-03	5.347225e-03	1.298599e-04	1.251251e-03	0.000000e+00	4.020106e-03	2.079256e-04	1.834036e-03	0.000000e+00	3.321510e-04	4.752912e-04	2.240234e-03	6.908974e-06	4.961379e-05	2.228863e-04	6.463224e-01	-4.406179e-01
6.439442e-01	6.275907e-04	1.097545e-03	0.000000e+00	4.154219e-05	1.544522e-03	0.000000e+00	5.521056e-03	1.766600e-03	5.636694e-04	6.153878e-03	0.000000e+00	2.087590e-03	1.076332e-02	9.764408e-06	1.401969e-03	6.289072e-03	0.000000e+00	0.000000e+00	3.612673e-04	8.967213e-04	2.014445e-04	0.000000e+00	4.317222e-04	4.664994e-04	4.816601e-04	1.596217e-03	0.000000e+00	1.909102e-04	8.216877e-05	6.439442e-01	-4.268578e-01
6.421394e-01	6.980032e-04	1.149220e-03	1.158817e-04	0.000000e+00	1.957676e-03	0.000000e+00	0.000000e+00	0.000000e+00	1.619728e-04	2.992197e-03	1.030963e-03	0.000000e+00	5.613844e-04	1.800973e-03	0.000000e+00	3.489424e-03	3.658588e-04	2.297756e-02	4.716440e-03	8.040213e-04	5.603484e-07	0.000000e+00	1.878115e-03	7.578414e-05	3.261404e-05	2.300742e-03	8.422194e-06	2.712825e-05	1.015756e-04	6.421394e-01	-4.151856e-01
6.400981e-01	6.980032e-04	1.005020e-03	1.158817e-04	8.308439e-06	7.075553e-04	0.000000e+00	0.000000e+00	0.000000e+00	2.256008e-04	2.480354e-03	5.545713e-04	0.000000e+00	5.613844e-04	1.799027e-03	0.000000e+00	2.443126e-03	3.658588e-04	2.297756e-02	5.291527e-03	0.000000e+00	0.000000e+00	0.000000e+00	0.000000e+00	7.578414e-05	3.261404e-05	1.569756e-03	8.422194e-06	5.520203e-05	9.054239e-05	6.400981e-01	-4.017751e-01
6.377944e-01	8.200547e-04	1.007717e-03	9.733575e-05	5.324811e-05	7.462232e-04	6.934746e-04	5.075867e-06	1.296210e-03	2.440923e-04	0.000000e+00	0.000000e+00	5.171635e-04	3.105674e-04	0.000000e+00	0.000000e+00	2.414722e-03	3.396815e-04	0.000000e+00	9.194476e-04	5.645275e-04	2.245703e-04	1.531244e-03	0.000000e+00	9.671319e-05	0.000000e+00	0.000000e+00	0.000000e+00	0.000000e+00	1.422121e-04	6.377944e-01	-3.878549e-01
6.371736e-01	7.002724e-04	1.051104e-03	9.734067e-05	0.000000e+00	2.125069e-03	4.181454e-06	0.000000e+00	1.460860e-03	5.315514e-03	5.498778e-03	3.117869e-03	0.000000e+00	1.153419e-02	3.738905e-04	0.000000e+00	4.685835e-03	3.529278e-05	0.000000e+00	4.899717e-03	0.000000e+00	1.750410e-05	9.819979e-07	0.000000e+00	8.331119e-05	2.676628e-05	2.013980e-03	6.573230e-06	0.000000e+00	1.198320e-04	6.371736e-01	-3.763041e-01
6.355137e-01	0.000000e+00	1.209145e-03	3.686118e-05	0.000000e+00	4.960123e-04	0.000000e+00	6.274380e-04	1.179542e-03	5.636694e-04	2.755966e-03	0.000000e+00	3.948816e-03	0.000000e+00	0.000000e+00	1.020240e-03	3.058330e-03	3.928936e-04	0.000000e+00	4.422768e-03	4.333731e-04	2.071520e-04	2.416811e-02	0.000000e+00	3.226444e-05	8.482097e-06	1.296577e-03	0.000000e+00	4.287957e-04	6.015257e-05	6.355137e-01	-3.593492e-01
6.334464e-01	6.980032e-04	3.851574e-04	0.000000e+00	2.718950e-04	5.336264e-04	2.525604e-04	0.000000e+00	2.503708e-04	1.378331e-04	4.726458e-04	1.610125e-03	1.951143e-04	2.941582e-03	1.268886e-02	0.000000e+00	2.126271e-03	3.515394e-04	0.000000e+00	2.149002e-02	4.165941e-04	1.280362e-04	3.159936e-03	0.000000e+00	5.476716e-05	0.000000e+00	1.477977e-03	1.428982e-09	1.170731e-04	0.000000e+00	6.334464e-01	-3.362750e-01
6.314431e-01	0.000000e+00	1.206024e-03	1.342920e-04	4.211046e-04	1.181786e-04	2.874410e-04	0.000000e+00	1.179994e-03	1.778432e-04	2.909052e-03	5.323884e-04	4.615743e-04	0.000000e+00	3.941505e-04	4.412092e-04	2.600019e-03	4.009414e-04	1.177436e-05	2.044578e-03	4.175951e-04	1.976477e-04	2.924110e-03	0.000000e+00	9.935669e-05	0.000000e+00	1.290189e-03	0.000000e+00	3.345638e-04	1.437538e-04	6.314431e-01	-3.182716e-01
6.304371e-01	1.134626e-05	5.171344e-04	2.317635e-05	2.818983e-05	1.544522e-03	1.508527e-03	0.000000e+00	5.334979e-04	2.601180e-02	1.108160e-03	9.969859e-04	6.929314e-05	0.000000e+00	1.067448e-03	0.000000e+00	2.655435e-03	1.696415e-04	0.000000e+00	3.475149e-03	3.315744e-03	1.815007e-04	4.909990e-06	9.390573e-03	1.343484e-04	3.855480e-06	1.359455e-04	0.000000e+00	2.218173e-04	0.000000e+00	6.304371e-01	-2.991104e-01
6.291179e-01	1.108387e-04	8.955824e-04	3.257370e-05	3.236624e-04	1.614682e-03	6.146508e-04	3.135778e-03	1.460860e-03	1.230886e-03	2.501581e-03	2.061926e-04	0.000000e+00	1.122769e-04	0.000000e+00	0.000000e+00	7.680392e-04	7.317175e-05	3.671954e-03	1.510404e-03	0.000000e+00	1.713052e-04	1.217499e-03	0.000000e+00	9.095491e-05	1.578785e-04	1.872082e-03	2.890370e-06	5.520203e-05	1.099493e-02	6.291179e-01	-2.855373e-01
6.274345e-01	2.491353e-04	8.964500e-04	1.600910e-04	0.000000e+00	5.336264e-04	2.889102e-03	0.000000e+00	2.503708e-04	2.860995e-04	2.527336e-03	6.235738e-04	0.000000e+00	4.992709e-04	1.268886e-02	0.000000e+00	2.126271e-03	7.058557e-06	5.945486e-05	5.322247e-03	4.165941e-04	1.280362e-04	0.000000e+00	1.502492e-03	5.476716e-05	5.353257e-06	1.477977e-03	1.205932e-06	6.325409e-05	0.000000e+00	6.274345e-01	-2.622212e-01
6.267339e-01	0.000000e+00	9.070199e-04	7.307371e-05	3.236624e-04	1.463385e-03	1.188680e-03	3.135778e-03	1.795975e-04	0.000000e+00	1.950124e-03	0.000000e+00	9.231485e-05	0.000000e+00	0.000000e+00	0.000000e+00	7.015434e-05	0.000000e+00	3.077359e-07	7.817251e-04	0.000000e+00	2.042627e-04	1.491661e-03	9.390573e-03	1.451914e-04	4.241048e-05	1.405257e-03	0.000000e+00	2.633896e-04	2.875077e-05	6.267339e-01	-2.539613e-01
6.248441e-01	0.000000e+00	7.587885e-04	7.307371e-05	3.068183e-04	1.549091e-03	0.000000e+00	3.266435e-03	1.436247e-03	5.029791e-05	1.950124e-03	0.000000e+00	0.000000e+00	0.000000e+00	0.000000e+00	0.000000e+00	7.015434e-05	0.000000e+00	3.671893e-03	7.454529e-04	0.000000e+00	2.038319e-04	1.489093e-03	9.390573e-03	8.698064e-05	1.578785e-04	1.411934e-03	1.314646e-06	4.467948e-05	1.097462e-02	6.248441e-01	-2.230554e-01
6.241539e-01	1.378427e-04	6.390212e-04	3.098202e-04	9.578044e-05	5.910571e-04	3.327959e-03	6.532870e-04	9.092940e-04	2.478500e-04	2.862061e-03	0.000000e+00	0.000000e+00	0.000000e+00	7.863222e-04	0.000000e+00	5.787384e-03	0.000000e+00	7.424164e-05	1.783374e-04	1.220615e-03	2.222247e-04	1.668630e-03	1.878115e-03	9.907184e-06	0.000000e+00	0.000000e+00	0.000000e+00	2.520586e-04	0.000000e+00	6.241539e-01	-2.153844e-01
6.222745e-01	1.071375e-06	0.000000e+00	1.247079e-05	3.248176e-04	6.682255e-04	6.070668e-04	5.075867e-06	0.000000e+00	2.220612e-04	3.553248e-04	2.073430e-03	7.483226e-04	0.000000e+00	1.427382e-02	0.000000e+00	2.612548e-03	3.810232e-04	2.611580e-04	2.223261e-02	4.332979e-04	1.653475e-04	3.197780e-03	0.000000e+00	0.000000e+00	0.000000e+00	1.476641e-03	0.000000e+00	2.088682e-05	0.000000e+00	6.222745e-01	-1.801818e-01
6.207705e-01	1.438095e-04	4.652512e-04	3.183818e-04	1.155953e-05	6.767628e-04	2.198466e-03	6.532870e-04	8.979877e-04	3.215985e-04	2.349107e-04	0.000000e+00	1.813158e-03	0.000000e+00	9.068406e-04	0.000000e+00	0.000000e+00	0.000000e+00	7.393391e-05	8.916871e-04	0.000000e+00	1.631936e-04	1.357970e-03	1.878115e-03	1.308066e-04	0.000000e+00	0.000000e+00	5.435726e-07	5.287375e-04	0.000000e+00	6.207705e-01	-1.622466e-01
6.193558e-01	4.421181e-07	7.453085e-04	1.798770e-04	3.782310e-04	2.821527e-04	2.531504e-03	3.266435e-03	7.108538e-05	1.029157e-04	2.057090e-03	1.791862e-03	0.000000e+00	0.000000e+00	7.780103e-04	9.678910e-04	2.748333e-02	0.000000e+00	2.106735e-04	4.601599e-04	1.041271e-03	2.183061e-04	1.763255e-03	0.000000e+00	1.253201e-04	0.000000e+00	3.339810e-03	8.181703e-06	1.293538e-03	7.299484e-05	6.193558e-01	-1.315477e-01
4.547017e-01	5.718837e-05	4.648669e-04	3.778516e-04	0.000000e+00	5.467073e-04	2.870144e-03	1.296422e-04	1.079847e-03	5.465856e-04	2.349107e-04	0.000000e+00	0.000000e+00	0.000000e+00	9.967426e-04	0.000000e+00	0.000000e+00	0.000000e+00	1.023568e-05	0.000000e+00	0.000000e+00	1.653475e-04	1.064981e-03	0.000000e+00	0.000000e+00	0.000000e+00	0.000000e+00	5.435726e-07	8.649463e-05	0.000000e+00	4.547017e-01	-1.222899e-01
4.547017e-01	5.718837e-05	4.648669e-04	3.778516e-04	0.000000e+00	5.467073e-04	2.870144e-03	1.296422e-04	1.079847e-03	5.465856e-04	2.349107e-04	0.000000e+00	0.000000e+00	0.000000e+00	9.967426e-04	0.000000e+00	0.000000e+00	0.000000e+00	1.023568e-05	0.000000e+00	0.000000e+00	1.653475e-04	1.064981e-03	0.000000e+00	0.000000e+00	0.000000e+00	0.000000e+00	5.435726e-07	8.649463e-05	0.000000e+00	4.547017e-01	-1.222899e-01
4.547017e-01	5.718837e-05	4.648669e-04	3.778516e-04	0.000000e+00	5.467073e-04	2.870144e-03	1.296422e-04	1.079847e-03	5.465856e-04	2.349107e-04	0.000000e+00	0.000000e+00	0.000000e+00	9.967426e-04	0.000000e+00	0.000000e+00	0.000000e+00	1.023568e-05	0.000000e+00	0.000000e+00	1.653475e-04	1.064981e-03	0.000000e+00	0.000000e+00	0.000000e+00	0.000000e+00	5.435726e-07	8.649463e-05	0.000000e+00	4.547017e-01	-1.222899e-01
4.547017e-01	5.718837e-05	4.648669e-04	3.778516e-04	0.000000e+00	5.467073e-04	2.870144e-03	1.296422e-04	1.079847e-03	5.465856e-04	2.349107e-04	0.000000e+00	0.000000e+00	0.000000e+00	9.967426e-04	0.000000e+00	0.000000e+00	0.000000e+00	1.023568e-05	0.000000e+00	0.000000e+00	1.653475e-04	1.064981e-03	0.000000e+00	0.000000e+00	0.000000e+00	0.000000e+00	5.435726e-07	8.649463e-05	0.000000e+00	4.547017e-01	-1.222899e-01
4.547017e-01	5.718837e-05	4.648669e-04	3.778516e-04	0.000000e+00	5.467073e-04	2.870144e-03	1.296422e-04	1.079847e-03	5.465856e-04	2.349107e-04	0.000000e+00	0.000000e+00	0.000000e+00	9.967426e-04	0.000000e+00	0.000000e+00	0.000000e+00	1.023568e-05	0.000000e+00	0.000000e+00	1.653475e-04	1.064981e-03	0.000000e+00	0.000000e+00	0.000000e+00	0.000000e+00	5.435726e-07	8.649463e-05	0.000000e+00	4.547017e-01	-1.222899e-01
4.547017e-01	5.718837e-05	4.648669e-04	3.778516e-04	0.000000e+00	5.467073e-04	2.870144e-03	1.296422e-04	1.079847e-03	5.465856e-04	2.349107e-04	0.000000e+00	0.000000e+00	0.000000e+00	9.967426e-04	0.000000e+00	0.000000e+00	0.000000e+00	1.023568e-05	0.000000e+00	0.000000e+00	1.653475e-04	1.064981e-03	0.000000e+00	0.000000e+00	0.000000e+00	0.000000e+00	5.435726e-07	8.649463e-05	0.000000e+00	4.547017e-01	-1.222899e-01
4.547017e-01	5.718837e-05	4.648669e-04	3.778516e-04	0.000000e+00	5.467073e-04	2.870144e-03	1.296422e-04	1.079847e-03	5.465856e-04	2.349107e-04	0.000000e+00	0.000000e+00	0.000000e+00	9.967426e-04	0.000000e+00	0.000000e+00	0.000000e+00	1.023568e-05	0.000000e+00	0.000000e+00	1.653475e-04	1.064981e-03	0.000000e+00	0.000000e+00	0.000000e+00	0.000000e+00	5.435726e-07	8.649463e-05	0.000000e+00	4.547017e-01	-1.222899e-01
4.521303e-01	1.071375e-06	5.322670e-04	6.633505e-05	4.048794e-04	6.682255e-04	2.117210e-03	0.000000e+00	0.000000e+00	1.572468e-04	0.000000e+00	2.090932e-03	7.483226e-04	0.000000e+00	8.413139e-04	0.000000e+00	9.858057e-05	0.000000e+00	2.611580e-04	8.590952e-04	0.000000e+00	1.088044e-04	8.246225e-05	0.000000e+00	0.000000e+00	1.628263e-03	0.000000e+00	4.313897e-07	2.088682e-05	0.000000e+00	4.521303e-01	-1.213219e-01
4.460736e-01	2.762352e-05	3.382016e-04	5.755121e-05	5.448983e-04	5.826954e-04	2.117210e-03	0.000000e+00	0.000000e+00	2.834967e-04	0.000000e+00	2.090932e-03	7.483226e-04	0.000000e+00	8.413139e-04	0.000000e+00	2.083588e-03	0.000000e+00	0.000000e+00	8.874439e-04	0.000000e+00	1.346130e-04	0.000000e+00	0.000000e+00	0.000000e+00	0.000000e+00	0.000000e+00	0.000000e+00	6.734082e-03	0.000000e+00	4.460736e-01	-1.069575e-01
4.443662e-01	5.811452e-05	3.516816e-04	0.000000e+00	0.000000e+00	4.373659e-04	2.296115e-03	1.347181e-04	8.719482e-04	4.836345e-04	4.878019e-04	0.000000e+00	1.496645e-04	0.000000e+00	8.716939e-04	0.000000e+00	3.004011e-04	7.264831e-05	7.065583e-05	1.073048e-03	1.411294e-05	1.322780e-04	1.096649e-03	0.000000e+00	5.924758e-06	0.000000e+00	0.000000e+00	5.975278e-06	1.448969e-04	0.000000e+00	4.443662e-01	-1.021571e-01
4.368188e-01	1.105531e-05	4.548292e-04	8.344925e-05	1.113667e-04	5.826954e-04	3.340624e-03	0.000000e+00	8.973206e-06	2.370368e-04	0.000000e+00	1.532898e-03	3.254786e-05	0.000000e+00	1.392621e-04	0.000000e+00	3.507717e-04	0.000000e+00	3.123364e-04	1.600554e-04	7.119254e-05	3.385183e-05	9.241733e-05	0.000000e+00	0.000000e+00	0.000000e+00	2.356196e-05	0.000000e+00	0.000000e+00	0.000000e+00	4.368188e-01	-5.924583e-02
4.340410e-01	6.927204e-06	8.783640e-05	7.193901e-05	1.056858e-04	1.562014e-04	1.125865e-03	2.537933e-05	1.121651e-05	2.302904e-04	1.265119e-03	1.377251e-03	9.110619e-04	0.000000e+00	1.721508e-04	0.000000e+00	1.918723e-03	0.000000e+00	0.000000e+00	1.113867e-04	7.119254e-05	4.416737e-05	4.013448e-04	0.000000e+00	1.254997e-03	5.395169e-05	0.000000e+00	2.715853e-05	1.822726e-03	0.000000e+00	4.340410e-01	-3.709736e-02
4.321847e-01	3.924642e-05	6.764031e-05	3.183818e-04	0.000000e+00	5.467073e-04	2.065060e-03	0.000000e+00	1.707820e-04	2.834967e-04	1.581784e-02	0.000000e+00	9.829955e-03	0.000000e+00	8.139869e-04	0.000000e+00	0.000000e+00	1.178056e-05	1.378889e-05	6.441004e-04	0.000000e+00	1.385689e-04	2.193298e-04	0.000000e+00	0.000000e+00	4.047832e-02	0.000000e+00	4.529771e-07	5.713084e-03	0.000000e+00	4.321847e-01	-7.526961e-03
4.284129e-01	2.762352e-05	3.382016e-04	3.753989e-04	5.448983e-04	5.826954e-04	2.117210e-03	0.000000e+00	9.182896e-04	3.989500e-04	0.000000e+00	2.205899e-03	7.483226e-04	0.000000e+00	0.000000e+00	0.000000e+00	2.083588e-03	0.000000e+00	3.123364e-04	1.417437e-04	1.676373e-04	1.346130e-04	0.000000e+00	0.000000e+00	0.000000e+00	0.000000e+00	0.000000e+00	0.000000e+00	4.645818e-04	0.000000e+00	4.284129e-01	1.426972e-02
4.262938e-01	1.385441e-06	4.783950e-04	4.250858e-04	0.000000e+00	6.172268e-04	3.283156e-03	1.211930e-04	8.630335e-04	1.929115e-04	5.038076e-04	0.000000e+00	0.000000e+00	0.000000e+00	3.942119e-05	0.000000e+00	0.000000e+00	2.785719e-04	1.299346e-05	1.073048e-03	1.464034e-05	8.833474e-06	1.103071e-03	0.000000e+00	0.000000e+00	8.549268e-05	0.000000e+00	4.529771e-07	3.703136e-05	0.000000e+00	4.262938e-01	3.556392e-02
4.238370e-01	1.161272e-06	5.593583e-04	0.000000e+00	1.020226e-04	7.760119e-05	2.251730e-04	4.732185e-05	0.000000e+00	1.772328e-04	2.115015e-04	0.000000e+00	1.004037e-03	0.000000e+00	8.400661e-04	0.000000e+00	1.750886e-04	2.794873e-04	3.937128e-04	1.073705e-03	7.114332e-05	1.088044e-04	1.033733e-04	0.000000e+00	2.509994e-04	1.626686e-03	1.282220e-03	0.000000e+00	7.948675e-03	0.000000e+00	4.238370e-01	6.389041e-02
4.197024e-01	6.463844e-06	0.000000e+00	7.399342e-05	5.844321e-04	2.722111e-04	1.878391e-04	0.000000e+00	1.286760e-03	2.164299e-04	3.265391e-03	2.505246e-03	1.783779e-03	0.000000e+00	1.346060e-04	0.000000e+00	0.000000e+00	3.505710e-04	2.757778e-06	0.000000e+00	0.000000e+00	1.888030e-05	0.000000e+00	0.000000e+00	0.000000e+00	8.178252e-03	0.000000e+00	0.000000e+00	5.249886e-03	0.000000e+00	4.197024e-01	1.137106e-01
4.171432e-01	0.000000e+00	1.354564e-04	3.934615e-04	1.903093e-04	1.941099e-04	7.227080e-04	4.224598e-05	1.254847e-03	3.069298e-04	3.548468e-04	2.733848e-03	0.000000e+00	0.000000e+00	2.671325e-05	0.000000e+00	7.228077e-06	3.987759e-04	5.322083e-04	0.000000e+00	3.589962e-04	0.000000e+00	6.124257e-06	0.000000e+00	0.000000e+00	1.616975e-03	0.000000e+00	0.000000e+00	1.501705e-03	0.000000e+00	4.171432e-01	1.424435e-01
4.148555e-01	1.071375e-06	0.000000e+00	0.000000e+00	5.505047e-04	6.682255e-04	0.000000e+00	4.224598e-05	1.230306e-03	0.000000e+00	2.271412e-04	1.936099e-05	0.000000e+00	0.000000e+00	0.000000e+00	5.506528e-05	9.858057e-05	4.295476e-04	7.166650e-04	8.590952e-04	6.278586e-07	1.088044e-04	1.096649e-05	0.000000e+00	5.924758e-06	5.187663e-05	3.891446e-02	2.588338e-06	5.176743e-04	0.000000e+00	4.148555e-01	1.786272e-01
4.116411e-01	0.000000e+00	0.000000e+00	3.753989e-04	6.699919e-04	2.718270e-04	0.000000e+00	0.000000e+00	1.350594e-03	1.171655e-04	3.310819e-03	2.205980e-03	1.136524e-03	0.000000e+00	1.335662e-04	0.000000e+00	1.867760e-05	2.785719e-04	6.383638e-05	1.718190e-04	1.464034e-05	6.770367e-06	4.158777e-05	0.000000e+00	0.000000e+00	8.136751e-03	7.481866e-03	8.627793e-08	5.239865e-03	0.000000e+00	4.116411e-01	2.177443e-01
2.569610e-01	0.000000e+00	0.000000e+00	8.221109e-05	1.903093e-04	1.941099e-04	0.000000e+00	4.224598e-05	1.254847e-03	1.835667e-04	3.548468e-04	2.323319e-05	0.000000e+00	0.000000e+00	6.238799e-06	0.000000e+00	7.228077e-06	3.482149e-04	0.000000e+00	0.000000e+00	4.771725e-07	0.000000e+00	2.888038e-05	0.000000e+00	0.000000e+00	9.337793e-05	0.000000e+00	2.502060e-06	5.276955e-04	0.000000e+00	2.569610e-01	2.430196e-01
2.569610e-01	0.000000e+00	0.000000e+00	8.221109e-05	1.903093e-04	1.941099e-04	0.000000e+00	4.224598e-05	1.254847e-03	1.835667e-04	3.548468e-04	2.323319e-05	0.000000e+00	0.000000e+00	6.238799e-06	0.000000e+00	7.228077e-06	3.482149e-04	0.000000e+00	0.000000e+00	4.771725e-07	0.000000e+00	2.888038e-05	0.000000e+00	0.000000e+00	9.337793e-05	0.000000e+00	2.502060e-06	5.276955e-04	0.000000e+00	2.569610e-01	2.430196e-01
2.569610e-01	0.000000e+00	0.000000e+00	8.221109e-05	1.903093e-04	1.941099e-04	0.000000e+00	4.224598e-05	1.254847e-03	1.835667e-04	3.548468e-04	2.323319e-05	0.000000e+00	0.000000e+00	6.238799e-06	0.000000e+00	7.228077e-06	3.482149e-04	0.000000e+00	0.000000e+00	4.771725e-07	0.000000e+00	2.888038e-05	0.000000e+00	0.000000e+00	9.337793e-05	0.000000e+00	2.502060e-06	5.276955e-04	0.000000e+00	2.569610e-01	2.430196e-01
2.569610e-01	0.000000e+00	0.000000e+00	8.221109e-05	1.903093e-04	1.941099e-04	0.000000e+00	4.224598e-05	1.254847e-03	1.835667e-04	3.548468e-04	2.323319e-05	0.000000e+00	0.000000e+00	6.238799e-06	0.000000e+00	7.228077e-06	3.482149e-04	0.000000e+00	0.000000e+00	4.771725e-07	0.000000e+00	2.888038e-05	0.000000e+00	0.000000e+00	9.337793e-05	0.000000e+00	2.502060e-06	5.276955e-04	0.000000e+00	2.569610e-01	2.430196e-01
2.569610e-01	0.000000e+00	0.000000e+00	8.221109e-05	1.903093e-04	1.941099e-04	0.000000e+00	4.224598e-05	1.254847e-03	1.835667e-04	3.548468e-04	2.323319e-05	0.000000e+00	0.000000e+00	6.238799e-06	0.000000e+00	7.228077e-06	3.482149e-04	0.000000e+00	0.000000e+00	4.771725e-07	0.000000e+00	2.888038e-05	0.000000e+00	0.000000e+00	9.337793e-05	0.000000e+00	2.502060e-06	5.276955e-04	0.000000e+00	2.569610e-01	2.430196e-01
2.569610e-01	0.000000e+00	0.000000e+00	8.221109e-05	1.903093e-04	1.941099e-04	0.000000e+00	4.224598e-05	1.254847e-03	1.835667e-04	3.548468e-04	2.323319e-05	0.000000e+00	0.000000e+00	6.238799e-06	0.000000e+00	7.228077e-06	3.482149e-04	0.000000e+00	0.000000e+00	4.771725e-07	0.000000e+00	2.888038e-05	0.000000e+00	0.000000e+00	9.337793e-05	0.000000e+00	2.502060e-06	5.276955e-04	0.000000e+00	2.569610e-01	2.430196e-01
2.569610e-01	0.000000e+00	0.000000e+00	8.221109e-05	1.903093e-04	1.941099e-04	0.000000e+00	4.224598e-05	1.254847e-03	1.835667e-04	3.548468e-04	2.323319e-05	0.000000e+00	0.000000e+00	6.238799e-06	0.000000e+00	7.228077e-06	3.482149e-04	0.000000e+00	0.000000e+00	4.771725e-07	0.000000e+00	2.888038e-05	0.000000e+00	0.000000e+00	9.337793e-05	0.000000e+00	2.502060e-06	5.276955e-04	0.000000e+00	2.569610e-01	2.430196e-01
2.569610e-01	0.000000e+00	0.000000e+00	8.221109e-05	1.903093e-04	1.941099e-04	0.000000e+00	4.224598e-05	1.254847e-03	1.835667e-04	3.548468e-04	2.323319e-05	0.000000e+00	0.000000e+00	6.238799e-06	0.000000e+00	7.228077e-06	3.482149e-04	0.000000e+00	0.000000e+00	4.771725e-07	0.000000e+00	2.888038e-05	0.000000e+00	0.000000e+00	9.337793e-05	0.000000e+00	2.502060e-06	5.276955e-04	0.000000e+00	2.569610e-01	2.430196e-01
2.556184e-01	0.000000e+00	0.000000e+00	5.450669e-05	0.000000e+00	2.329319e-04	0.000000e+00	0.000000e+00	1.254847e-03	1.835667e-04	8.273405e-06	0.000000e+00	0.000000e+00	0.000000e+00	7.486558e-06	0.000000e+00	8.673692e-06	4.178579e-04	0.000000e+00	0.000000e+00	4.771725e-07	0.000000e+00	3.465646e-05	0.000000e+00	0.000000e+00	1.034670e-04	0.000000e+00	2.156948e-06	5.160048e-04	0.000000e+00	2.556184e-01	2.434211e-01
2.443664e-01	1.123227e-03	0.000000e+00	8.221109e-05	6.299983e-04	1.078388e-04	0.000000e+00	2.112299e-04	1.113076e-03	6.133645e-05	3.134798e-04	3.186265e-04	3.502225e-03	0.000000e+00	5.198999e-06	0.000000e+00	0.000000e+00	0.000000e+00	0.000000e+00	0.000000e+00	6.278586e-07	0.000000e+00	2.310431e-05	0.000000e+00	5.880243e-07	5.395169e-05	1.594143e-03	2.502060e-06	5.293650e-04	4.700597e-09	2.443664e-01	2.673770e-01
2.358438e-01	1.039450e-04	0.000000e+00	2.781622e-04	1.903093e-04	2.795242e-04	0.000000e+00	4.224598e-05	0.000000e+00	1.828470e-03	3.134798e-04	4.433740e-04	1.153084e-03	0.000000e+00	6.238799e-06	0.000000e+00	2.981784e-04	0.000000e+00	1.711370e-06	3.666050e-03	5.022869e-07	0.000000e+00	1.934583e-04	0.000000e+00	3.920162e-06	9.337793e-05	2.608019e-03	2.502060e-06	5.276955e-04	4.548965e-09	2.358438e-01	3.042887e-01
2.295926e-01	1.227211e-03	0.000000e+00	2.207331e-04	2.415739e-03	0.000000e+00	0.000000e+00	2.534759e-04	1.345678e-03	6.255099e-05	0.000000e+00	1.464922e-03	1.344977e-03	1.799234e-05	0.000000e+00	0.000000e+00	0.000000e+00	0.000000e+00	4.354479e-04	0.000000e+00	0.000000e+00	0.000000e+00	0.000000e+00	0.000000e+00	0.000000e+00	4.293238e-05	1.662911e-03	1.725559e-06	5.861491e-04	2.274482e-08	2.295926e-01	3.394557e-01
2.222547e-01	1.330982e-03	0.000000e+00	2.207331e-04	2.415739e-03	3.497547e-04	0.000000e+00	8.449197e-06	1.140491e-03	5.679138e-04	0.000000e+00	1.464922e-03	0.000000e+00	1.799234e-05	0.000000e+00	0.000000e+00	8.306270e-05	7.630267e-05	4.354479e-04	2.188660e-05	6.819238e-05	0.000000e+00	5.776077e-06	0.000000e+00	1.707591e-06	3.216351e-04	1.390552e-03	1.725559e-06	6.499309e-04	0.000000e+00	2.222547e-01	3.880334e-01
2.155599e-01	1.123227e-03	0.000000e+00	4.530699e-04	4.794700e-04	1.156032e-04	0.000000e+00	9.294116e-05	1.420683e-03	1.305411e-02	2.441651e-04	6.933836e-04	3.502225e-03	3.598468e-06	4.367159e-06	0.000000e+00	2.891231e-07	1.392860e-05	8.880096e-05	5.646814e-04	6.278586e-07	0.000000e+00	1.934583e-04	0.000000e+00	3.831659e-06	1.019644e-04	1.594143e-03	2.433038e-06	5.920243e-04	4.700597e-09	2.155599e-01	4.402949e-01
2.090016e-01	1.642938e-03	0.000000e+00	1.066077e-05	6.319181e-04	0.000000e+00	1.073416e-03	0.000000e+00	1.107599e-03	1.835667e-04	1.066447e-04	0.000000e+00	1.189288e-03	3.598468e-06	4.159199e-06	3.147934e-02	0.000000e+00	2.882870e-04	8.880096e-05	7.058518e-04	6.278586e-07	0.000000e+00	1.015363e-05	0.000000e+00	5.354539e-06	6.432702e-05	2.428359e-03	2.415782e-06	5.190967e-04	0.000000e+00	2.090016e-01	4.944694e-01
1.992914e-01	1.419117e-03	0.000000e+00	1.548633e-04	4.625566e-04	2.835124e-04	0.000000e+00	0.000000e+00	0.000000e+00	6.853401e-04	3.453694e-04	1.204759e-03	0.000000e+00	1.439387e-05	0.000000e+00	0.000000e+00	0.000000e+00	7.434411e-05	1.186687e-04	7.332100e-04	5.880196e-05	0.000000e+00	0.000000e+00	0.000000e+00	0.000000e+00	3.130486e-04	1.932073e-03	2.156948e-06	6.500606e-04	0.000000e+00	1.992914e-01	5.600533e-01
1.901287e-01	0.000000e+00	0.000000e+00	2.564390e-04	1.646911e-05	0.000000e+00	0.000000e+00	0.000000e+00	0.000000e+00	4.963217e-04	1.255383e-03	3.634095e-04	1.193948e-03	0.000000e+00	0.000000e+00	0.000000e+00	5.192584e-06	9.891181e-05	0.000000e+00	3.666050e-03	7.848233e-07	0.000000e+00	1.992344e-04	0.000000e+00	1.707591e-06	0.000000e+00	2.735896e-03	2.156948e-06	5.677806e-04	0.000000e+00	1.901287e-01	6.246198e-01
8.525393e-02	1.663727e-03	0.000000e+00	0.000000e+00	0.000000e+00	3.886659e-04	0.000000e+00	0.000000e+00	8.899394e-04	6.496822e-04	2.888928e-04	2.148738e-04	2.387895e-04	0.000000e+00	1.792817e-04	0.000000e+00	1.023225e-04	8.324619e-06	0.000000e+00	0.000000e+00	7.163339e-05	0.000000e+00	0.000000e+00	0.000000e+00	4.425142e-07	0.000000e+00	2.690688e-04	1.736689e-06	5.674821e-04	0.000000e+00	8.525393e-02	6.713870e-01
8.525393e-02	1.663727e-03	0.000000e+00	0.000000e+00	0.000000e+00	3.886659e-04	0.000000e+00	0.000000e+00	8.899394e-04	6.496822e-04	2.888928e-04	2.148738e-04	2.387895e-04	0.000000e+00	1.792817e-04	0.000000e+00	1.023225e-04	8.324619e-06	0.000000e+00	0.000000e+00	7.163339e-05	0.000000e+00	0.000000e+00	0.000000e+00	4.425142e-07	0.000000e+00	2.690688e-04	1.736689e-06	5.674821e-04	0.000000e+00	8.525393e-02	6.713870e-01
8.525393e-02	1.663727e-03	0.000000e+00	0.000000e+00	0.000000e+00	3.886659e-04	0.000000e+00	0.000000e+00	8.899394e-04	6.496822e-04	2.888928e-04	2.148738e-04	2.387895e-04	0.000000e+00	1.792817e-04	0.000000e+00	1.023225e-04	8.324619e-06	0.000000e+00	0.000000e+00	7.163339e-05	0.000000e+00	0.000000e+00	0.000000e+00	4.425142e-07	0.000000e+00	2.690688e-04	1.736689e-06	5.674821e-04	0.000000e+00	8.525393e-02	6.713870e-01
8.525393e-02	1.663727e-03	0.000000e+00	0.000000e+00	0.000000e+00	3.886659e-04	0.000000e+00	0.000000e+00	8.899394e-04	6.496822e-04	2.888928e-04	2.148738e-04	2.387895e-04	0.000000e+00	1.792817e-04	0.000000e+00	1.023225e-04	8.324619e-06	0.000000e+00	0.000000e+00	7.163339e-05	0.000000e+00	0.000000e+00	0.000000e+00	4.425142e-07	0.000000e+00	2.690688e-04	1.736689e-06	5.674821e-04	0.000000e+00	8.525393e-02	6.713870e-01
8.525393e-02	1.663727e-03	0.000000e+00	0.000000e+00	0.000000e+00	3.886659e-04	0.000000e+00	0.000000e+00	8.899394e-04	6.496822e-04	2.888928e-04	2.148738e-04	2.387895e-04	0.000000e+00	1.792817e-04	0.000000e+00	1.023225e-04	8.324619e-06	0.000000e+00	0.000000e+00	7.163339e-05	0.000000e+00	0.000000e+00	0.000000e+00	4.425142e-07	0.000000e+00	2.690688e-04	1.736689e-06	5.674821e-04	0.000000e+00	8.525393e-02	6.713870e-01
8.525393e-02	1.663727e-03	0.000000e+00	0.000000e+00	0.000000e+00	3.886659e-04	0.000000e+00	0.000000e+00	8.899394e-04	6.496822e-04	2.888928e-04	2.148738e-04	2.387895e-04	0.000000e+00	1.792817e-04	0.000000e+00	1.023225e-04	8.324619e-06	0.000000e+00	0.000000e+00	7.163339e-05	0.000000e+00	0.000000e+00	0.000000e+00	4.425142e-07	0.000000e+00	2.690688e-04	1.736689e-06	5.674821e-04	0.000000e+00	8.525393e-02	6.713870e-01
7.446930e-02	1.230374e-03	0.000000e+00	2.890830e-04	6.299983e-04	5.351740e-04	0.000000e+00	0.000000e+00	1.166956e-03	0.000000e+00	2.714074e-04	3.923429e-04	3.502225e-03	7.196935e-06	4.581405e-05	0.000000e+00	0.000000e+00	9.891181e-05	1.108233e-04	2.681300e-03	8.511491e-05	0.000000e+00	4.382659e-06	0.000000e+00	4.900203e-06	0.000000e+00	2.078638e-03	0.000000e+00	5.980852e-04	0.000000e+00	7.446930e-02	6.772620e-01
6.172491e-02	1.575757e-03	0.000000e+00	2.306574e-04	3.948261e-04	1.221432e-03	0.000000e+00	2.619251e-04	1.092475e-03	7.384665e-05	0.000000e+00	3.031906e-04	0.000000e+00	2.638012e-03	3.574397e-06	1.234179e-03	7.624823e-05	0.000000e+00	1.124319e-04	5.920397e-04	6.468231e-05	0.000000e+00	2.786836e-07	0.000000e+00	0.000000e+00	1.439666e-05	3.593185e-05	2.864427e-06	5.905665e-04	3.275254e-08	6.172491e-02	6.968298e-01
4.703516e-02	1.555635e-03	0.000000e+00	1.908271e-04	4.831478e-04	3.109327e-04	0.000000e+00	5.069518e-05	1.319287e-03	1.636264e-05	0.000000e+00	7.203648e-04	0.000000e+00	2.638732e-03	7.631546e-06	0.000000e+00	0.000000e+00	9.891181e-05	0.000000e+00	0.000000e+00	6.809192e-05	0.000000e+00	0.000000e+00	0.000000e+00	3.415183e-07	8.586476e-06	0.000000e+00	2.185334e-06	5.650440e-04	2.274482e-08	4.703516e-02	7.385167e-01
3.070024e-02	1.123280e-03	0.000000e+00	4.110554e-04	0.000000e+00	0.000000e+00	0.000000e+00	2.112299e-04	1.373067e-03	6.133645e-05	0.000000e+00	0.000000e+00	3.073628e-03	1.468605e-02	1.273721e-05	1.234179e-03	0.000000e+00	0.000000e+00	0.000000e+00	0.000000e+00	0.000000e+00	0.000000e+00	0.000000e+00	0.000000e+00	0.000000e+00	0.000000e+00	1.505136e-03	2.156948e-06	5.825846e-04	2.729379e-08	3.070024e-02	8.064325e-01
1.436297e-02	1.314351e-03	0.000000e+00	2.232132e-04	9.251132e-05	3.676352e-04	0.000000e+00	0.000000e+00	7.119515e-04	0.000000e+00	3.001882e-04	9.116146e-05	1.910316e-04	3.598468e-06	1.434254e-04	0.000000e+00	8.185802e-05	2.152852e-05	2.373375e-05	1.466420e-04	3.193642e-05	0.000000e+00	0.000000e+00	0.000000e+00	9.800406e-07	6.260972e-05	1.817411e-03	2.118553e-06	5.839978e-04	0.000000e+00	1.436297e-02	8.757035e-01
0.000000e+00	1.559793e-03	0.000000e+00	1.886949e-04	3.567642e-04	3.886659e-04	0.000000e+00	5.069518e-05	1.118038e-03	1.095857e-04	3.781628e-05	0.000000e+00	0.000000e+00	3.598468e-06	4.265605e-05	0.000000e+00	2.046450e-05	4.291934e-05	0.000000e+00	3.267868e-03	8.229303e-05	0.000000e+00	0.000000e+00	0.000000e+00	0.000000e+00	0.000000e+00	0.000000e+00	2.049515e-06	5.839122e-04	2.274482e-08	0.000000e+00	1.002438e+00
