6.488568e-01	8.883050e-04	1.710783e-03	0.000000e+00	1.857760e-03	2.646992e-05	0.000000e+00	1.002633e-02	9.822611e-04	2.667773e-06	0.000000e+00	1.206826e-04	9.262391e-07	6.778257e-03	1.513131e-04	0.000000e+00	7.209219e-04	8.300603e-04	0.000000e+00	1.493126e-04	7.961690e-04	0.000000e+00	8.975900e-07	7.141703e-05	0.000000e+00	8.886514e-05	0.000000e+00	0.000000e+00	3.174593e-03	0.000000e+00	6.488568e-01	-4.486872e-01
6.488568e-01	7.539080e-04	2.821337e-04	8.376514e-07	1.857760e-03	2.430150e-05	6.842391e-03	1.339180e-02	9.822611e-04	1.460460e-05	0.000000e+00	1.166272e-04	9.262391e-07	2.529999e-02	0.000000e+00	0.000000e+00	7.209219e-04	2.931738e-03	0.000000e+00	1.402059e-03	7.961690e-04	0.000000e+00	8.975900e-07	7.141703e-05	0.000000e+00	2.046503e-03	0.000000e+00	2.255129e-03	0.000000e+00	1.879756e-03	6.488568e-01	-4.424873e-01
6.466647e-01	7.345216e-04	0.000000e+00	0.000000e+00	4.115945e-03	2.397116e-05	0.000000e+00	9.462547e-03	8.697724e-04	0.000000e+00	0.000000e+00	1.138137e-04	0.000000e+00	0.000000e+00	6.040637e-04	0.000000e+00	0.000000e+00	9.136563e-04	0.000000e+00	8.419648e-04	8.005813e-04	0.000000e+00	1.708773e-02	7.141703e-05	0.000000e+00	1.569617e-03	0.000000e+00	0.000000e+00	0.000000e+00	1.527760e-03	6.466647e-01	-4.400699e-01
6.447735e-01	8.666559e-04	0.000000e+00	1.060081e-03	3.071095e-03	6.393438e-06	1.745422e-03	9.337349e-03	9.053334e-04	0.000000e+00	0.000000e+00	1.206826e-04	1.113858e-06	1.359815e-02	6.010265e-05	0.000000e+00	2.595319e-04	1.233335e-03	0.000000e+00	5.768489e-04	9.072191e-04	0.000000e+00	1.178681e-02	7.141703e-05	1.357887e-03	5.248843e-04	0.000000e+00	0.000000e+00	9.142828e-04	4.248394e-04	6.447735e-01	-4.299867e-01
6.447735e-01	8.666559e-04	0.000000e+00	1.060081e-03	3.071095e-03	6.393438e-06	1.745422e-03	9.337349e-03	9.053334e-04	0.000000e+00	0.000000e+00	1.206826e-04	1.113858e-06	1.359815e-02	6.010265e-05	0.000000e+00	2.595319e-04	1.233335e-03	0.000000e+00	5.768489e-04	9.072191e-04	0.000000e+00	1.178681e-02	7.141703e-05	1.357887e-03	5.248843e-04	0.000000e+00	0.000000e+00	9.142828e-04	4.248394e-04	6.447735e-01	-4.299867e-01
6.447735e-01	8.666559e-04	0.000000e+00	1.060081e-03	3.071095e-03	6.393438e-06	1.745422e-03	9.337349e-03	9.053334e-04	0.000000e+00	0.000000e+00	1.206826e-04	1.113858e-06	1.359815e-02	6.010265e-05	0.000000e+00	2.595319e-04	1.233335e-03	0.000000e+00	5.768489e-04	9.072191e-04	0.000000e+00	1.178681e-02	7.141703e-05	1.357887e-03	5.248843e-04	0.000000e+00	0.000000e+00	9.142828e-04	4.248394e-04	6.447735e-01	-4.299867e-01
6.447735e-01	8.666559e-04	0.000000e+00	1.060081e-03	3.071095e-03	6.393438e-06	1.745422e-03	9.337349e-03	9.053334e-04	0.000000e+00	0.000000e+00	1.206826e-04	1.113858e-06	1.359815e-02	6.010265e-05	0.000000e+00	2.595319e-04	1.233335e-03	0.000000e+00	5.768489e-04	9.072191e-04	0.000000e+00	1.178681e-02	7.141703e-05	1.357887e-03	5.248843e-04	0.000000e+00	0.000000e+00	9.142828e-04	4.248394e-04	6.447735e-01	-4.299867e-01
6.400776e-01	7.632316e-04	0.000000e+00	0.000000e+00	2.696767e-03	2.397116e-05	0.000000e+00	1.220796e-02	1.435844e-03	1.163694e-05	0.000000e+00	1.124400e-04	0.000000e+00	2.246811e-02	7.007339e-04	0.000000e+00	0.000000e+00	2.919960e-03	5.799357e-05	1.015128e-03	6.393345e-04	0.000000e+00	3.683404e-03	7.141703e-05	0.000000e+00	1.826093e-03	0.000000e+00	0.000000e+00	0.000000e+00	6.111039e-05	6.400776e-01	-3.998149e-01
6.393400e-01	7.424899e-04	1.601230e-03	1.601232e-02	2.991541e-03	2.397116e-05	0.000000e+00	1.105335e-02	1.435844e-03	1.217050e-05	0.000000e+00	1.182098e-04	1.037103e-06	7.467727e-03	7.211715e-04	0.000000e+00	6.920850e-05	2.919960e-03	5.670959e-03	1.015128e-03	8.005813e-04	0.000000e+00	8.975900e-07	7.141703e-05	0.000000e+00	5.259756e-04	0.000000e+00	0.000000e+00	0.000000e+00	0.000000e+00	6.393400e-01	-3.934619e-01
6.389618e-01	7.689168e-04	1.601230e-03	1.622434e-02	2.991541e-03	2.397116e-05	0.000000e+00	1.105335e-02	1.435844e-03	1.217050e-05	0.000000e+00	1.195836e-04	1.037103e-06	1.018736e-02	6.123793e-04	0.000000e+00	1.211149e-04	2.919960e-03	5.670959e-03	1.015128e-03	8.005813e-04	0.000000e+00	8.975900e-07	7.141703e-05	0.000000e+00	3.170291e-04	0.000000e+00	0.000000e+00	0.000000e+00	0.000000e+00	6.389618e-01	-3.898236e-01
6.379195e-01	9.076345e-04	0.000000e+00	6.980429e-07	1.041962e-02	1.389141e-06	0.000000e+00	1.104528e-02	1.435844e-03	2.717273e-03	0.000000e+00	1.154733e-04	1.178105e-06	6.778257e-03	7.512832e-05	0.000000e+00	2.133615e-02	8.467795e-04	2.319743e-06	4.478389e-03	8.277461e-04	1.016168e-03	3.683404e-03	5.713363e-05	0.000000e+00	9.339855e-04	0.000000e+00	0.000000e+00	5.170109e-04	1.099987e-04	6.379195e-01	-3.786356e-01
6.375088e-01	9.064975e-04	0.000000e+00	1.059243e-03	3.858547e-03	2.502148e-05	0.000000e+00	7.710466e-03	8.792070e-04	0.000000e+00	0.000000e+00	1.209574e-04	8.922128e-07	1.076627e-02	2.982565e-05	0.000000e+00	0.000000e+00	1.157621e-03	7.074200e-03	3.083821e-04	1.845128e-02	0.000000e+00	1.216960e-02	7.141703e-05	0.000000e+00	5.134203e-04	0.000000e+00	0.000000e+00	1.142853e-03	0.000000e+00	6.375088e-01	-3.750972e-01
6.356442e-01	8.598792e-04	0.000000e+00	3.490214e-06	3.838905e-04	3.091686e-05	0.000000e+00	1.637819e-02	1.000404e-03	0.000000e+00	0.000000e+00	1.138137e-04	9.244607e-07	0.000000e+00	6.500876e-04	0.000000e+00	0.000000e+00	1.586678e-03	0.000000e+00	1.015128e-03	7.972196e-04	0.000000e+00	1.841343e-02	7.141703e-05	0.000000e+00	1.536555e-03	0.000000e+00	0.000000e+00	2.539674e-03	3.055520e-04	6.356442e-01	-3.608136e-01
6.356442e-01	8.598792e-04	1.763336e-03	4.188257e-06	1.786822e-04	3.091686e-05	0.000000e+00	1.759696e-02	1.000404e-03	0.000000e+00	0.000000e+00	1.124400e-04	1.108227e-06	1.415940e-02	7.554487e-04	0.000000e+00	0.000000e+00	1.292225e-03	0.000000e+00	2.083969e-03	7.696672e-04	0.000000e+00	1.517377e-02	7.141703e-05	0.000000e+00	1.626937e-03	0.000000e+00	0.000000e+00	2.539674e-03	9.154337e-03	6.356442e-01	-3.564046e-01
6.344069e-01	8.173429e-04	2.986473e-04	7.758538e-03	6.837629e-05	2.473349e-05	0.000000e+00	1.285880e-02	1.000404e-03	2.119171e-06	0.000000e+00	1.143440e-04	7.028154e-07	0.000000e+00	5.522828e-04	0.000000e+00	5.441933e-03	8.569445e-04	1.948584e-06	9.600756e-04	8.088845e-04	0.000000e+00	1.130429e-02	7.141703e-05	1.629464e-03	5.617950e-03	0.000000e+00	0.000000e+00	2.040816e-03	0.000000e+00	6.344069e-01	-3.465136e-01
6.338588e-01	7.288365e-04	1.493236e-03	1.059941e-03	0.000000e+00	8.293824e-06	0.000000e+00	1.618611e-02	3.664374e-03	1.059585e-05	0.000000e+00	1.092664e-04	7.598421e-08	0.000000e+00	6.106312e-04	0.000000e+00	2.168098e-04	1.200780e-03	6.959228e-05	2.011733e-03	3.655190e-03	0.000000e+00	9.420394e-03	7.141703e-05	1.357887e-03	4.734464e-03	0.000000e+00	0.000000e+00	4.538007e-05	0.000000e+00	6.338588e-01	-3.415112e-01
6.331515e-01	8.598792e-04	0.000000e+00	4.303385e-03	2.111259e-03	3.091686e-05	0.000000e+00	8.875712e-03	1.000404e-03	0.000000e+00	0.000000e+00	1.133060e-04	1.113621e-07	0.000000e+00	4.662544e-04	0.000000e+00	4.294634e-03	1.475640e-03	4.639485e-07	1.015128e-03	3.197154e-03	0.000000e+00	3.387995e-02	6.856035e-05	0.000000e+00	4.418001e-03	0.000000e+00	0.000000e+00	2.539674e-03	3.055520e-04	6.331515e-01	-3.292852e-01
6.326965e-01	8.484634e-04	3.526671e-04	4.304111e-03	1.041127e-04	5.004297e-06	0.000000e+00	8.028626e-03	6.994394e-05	0.000000e+00	0.000000e+00	1.134709e-04	6.063324e-08	1.280374e-02	5.812463e-04	0.000000e+00	1.107118e-03	1.740577e-03	0.000000e+00	3.630808e-04	4.226784e-03	0.000000e+00	3.343805e-02	7.141703e-05	1.357887e-03	5.138906e-03	0.000000e+00	0.000000e+00	2.436272e-03	2.835522e-04	6.326965e-01	-3.223953e-01
6.316113e-01	8.380431e-04	1.172990e-03	5.333047e-06	3.481665e-04	2.473349e-05	0.000000e+00	1.285880e-02	1.000404e-03	1.758647e-05	0.000000e+00	9.154320e-05	7.028154e-07	1.415940e-02	6.324735e-04	0.000000e+00	0.000000e+00	8.569445e-04	1.948584e-06	2.083969e-03	8.088845e-04	9.956437e-04	1.130429e-02	6.604464e-05	1.584201e-03	5.617950e-03	0.000000e+00	0.000000e+00	2.133267e-03	0.000000e+00	6.316113e-01	-3.132382e-01
6.316113e-01	8.380431e-04	1.172990e-03	5.333047e-06	3.481665e-04	2.473349e-05	0.000000e+00	1.285880e-02	1.000404e-03	1.758647e-05	0.000000e+00	9.154320e-05	7.028154e-07	1.415940e-02	6.324735e-04	0.000000e+00	0.000000e+00	8.569445e-04	1.948584e-06	2.083969e-03	8.088845e-04	9.956437e-04	1.130429e-02	6.604464e-05	1.584201e-03	5.617950e-03	0.000000e+00	0.000000e+00	2.133267e-03	0.000000e+00	6.316113e-01	-3.132382e-01
6.307721e-01	7.411474e-04	6.999017e-05	1.533731e-03	1.247598e-08	8.625577e-06	1.592077e-04	7.001911e-03	3.567475e-03	1.207874e-05	0.000000e+00	1.097715e-04	1.040610e-07	1.065331e-02	6.427912e-04	0.000000e+00	2.067395e-04	9.669751e-04	5.799357e-05	0.000000e+00	0.000000e+00	5.248119e-02	1.123032e-02	0.000000e+00	0.000000e+00	5.534408e-03	0.000000e+00	0.000000e+00	6.065044e-04	4.978076e-05	6.307721e-01	-2.953788e-01
6.297706e-01	1.696927e-04	0.000000e+00	7.735669e-04	7.785011e-08	9.294684e-06	1.597936e-04	8.120170e-03	2.836896e-03	4.238342e-07	8.978413e-04	1.095061e-04	0.000000e+00	2.518008e-03	5.901419e-04	0.000000e+00	2.214237e-04	9.669751e-04	5.799357e-05	7.261615e-05	6.959715e-04	5.268242e-02	1.020898e-02	0.000000e+00	5.004491e-03	5.725265e-03	0.000000e+00	0.000000e+00	6.480943e-04	5.671044e-05	6.297706e-01	-2.829937e-01
6.294112e-01	7.288365e-04	0.000000e+00	4.363369e-04	1.786792e-04	0.000000e+00	0.000000e+00	1.953448e-02	3.040132e-03	0.000000e+00	0.000000e+00	1.081088e-04	1.395284e-07	3.407244e-03	5.203969e-04	0.000000e+00	4.428474e-05	2.157075e-02	6.959228e-05	2.003499e-03	1.241673e-04	0.000000e+00	1.692078e-02	7.141703e-05	6.134775e-02	1.673523e-03	0.000000e+00	0.000000e+00	6.058558e-04	0.000000e+00	6.294112e-01	-2.706768e-01
6.277243e-01	7.288365e-04	0.000000e+00	0.000000e+00	7.485588e-08	8.293824e-06	0.000000e+00	1.618611e-02	1.785291e-02	0.000000e+00	0.000000e+00	1.092664e-04	0.000000e+00	0.000000e+00	6.106312e-04	0.000000e+00	2.168098e-04	1.200780e-03	6.959228e-05	2.011733e-03	3.655190e-03	0.000000e+00	9.420394e-03	0.000000e+00	1.131572e-03	4.734464e-03	0.000000e+00	0.000000e+00	4.538007e-05	0.000000e+00	6.277243e-01	-2.615789e-01
6.275555e-01	7.506984e-04	0.000000e+00	1.340242e-05	6.237990e-08	0.000000e+00	0.000000e+00	0.000000e+00	1.826448e-02	8.793236e-05	0.000000e+00	2.378142e-05	0.000000e+00	1.602027e-02	6.673784e-04	0.000000e+00	2.497665e-04	1.536689e-04	9.742920e-06	1.984168e-03	8.279916e-04	5.126929e-03	4.221207e-02	0.000000e+00	5.004491e-03	8.369236e-04	0.000000e+00	0.000000e+00	5.076362e-04	1.732421e-04	6.275555e-01	-2.525950e-01
6.265540e-01	7.506984e-04	0.000000e+00	1.340242e-05	6.237990e-08	0.000000e+00	0.000000e+00	0.000000e+00	1.826448e-02	8.793236e-05	0.000000e+00	1.087246e-06	0.000000e+00	1.348334e-02	6.673784e-04	0.000000e+00	4.302698e-05	1.536689e-04	9.742920e-06	2.440183e-03	8.279916e-04	4.978219e-03	4.221207e-02	4.455506e-05	5.004491e-03	0.000000e+00	0.000000e+00	0.000000e+00	5.076362e-04	1.732421e-04	6.265540e-01	-2.387967e-01
6.256004e-01	7.411474e-04	6.999017e-05	4.304111e-03	1.247598e-08	8.625577e-06	1.664517e-04	7.001911e-03	3.652897e-03	5.827455e-05	0.000000e+00	1.326962e-06	5.203050e-07	1.065331e-02	6.427912e-04	0.000000e+00	0.000000e+00	0.000000e+00	0.000000e+00	1.731437e-03	4.386321e-04	3.025288e-03	1.123032e-02	9.022976e-04	1.000898e-03	0.000000e+00	0.000000e+00	0.000000e+00	2.906109e-04	1.732421e-04	6.256004e-01	-2.329129e-01
6.256004e-01	7.411474e-04	6.999017e-05	4.304111e-03	1.247598e-08	8.625577e-06	1.664517e-04	7.001911e-03	3.652897e-03	5.827455e-05	0.000000e+00	1.326962e-06	5.203050e-07	1.065331e-02	6.427912e-04	0.000000e+00	0.000000e+00	0.000000e+00	0.000000e+00	1.731437e-03	4.386321e-04	3.025288e-03	1.123032e-02	9.022976e-04	1.000898e-03	0.000000e+00	0.000000e+00	0.000000e+00	2.906109e-04	1.732421e-04	6.256004e-01	-2.329129e-01
6.256004e-01	7.411474e-04	6.999017e-05	4.304111e-03	1.247598e-08	8.625577e-06	1.664517e-04	7.001911e-03	3.652897e-03	5.827455e-05	0.000000e+00	1.326962e-06	5.203050e-07	1.065331e-02	6.427912e-04	0.000000e+00	0.000000e+00	0.000000e+00	0.000000e+00	1.731437e-03	4.386321e-04	3.025288e-03	1.123032e-02	9.022976e-04	1.000898e-03	0.000000e+00	0.000000e+00	0.000000e+00	2.906109e-04	1.732421e-04	6.256004e-01	-2.329129e-01
6.256004e-01	7.411474e-04	6.999017e-05	4.304111e-03	1.247598e-08	8.625577e-06	1.664517e-04	7.001911e-03	3.652897e-03	5.827455e-05	0.000000e+00	1.326962e-06	5.203050e-07	1.065331e-02	6.427912e-04	0.000000e+00	0.000000e+00	0.000000e+00	0.000000e+00	1.731437e-03	4.386321e-04	3.025288e-03	1.123032e-02	9.022976e-04	1.000898e-03	0.000000e+00	0.000000e+00	0.000000e+00	2.906109e-04	1.732421e-04	6.256004e-01	-2.329129e-01
6.224648e-01	0.000000e+00	0.000000e+00	4.362768e-04	0.000000e+00	0.000000e+00	1.997420e-04	4.213274e-03	1.765633e-02	1.801031e-05	8.978413e-04	1.226414e-06	0.000000e+00	4.533227e-03	6.195381e-04	0.000000e+00	4.163901e-05	2.922566e-04	2.899678e-04	1.599529e-04	1.576020e-04	1.013002e-03	2.457195e-05	0.000000e+00	0.000000e+00	1.848972e-04	0.000000e+00	0.000000e+00	6.284504e-04	9.135886e-05	6.224648e-01	-1.867774e-01
6.215870e-01	7.506984e-04	7.053343e-05	4.227627e-04	5.988470e-08	0.000000e+00	1.576030e-04	8.844445e-06	0.000000e+00	5.086010e-05	0.000000e+00	0.000000e+00	8.671750e-08	3.593978e-03	0.000000e+00	0.000000e+00	2.570505e-04	1.461283e-03	3.479614e-04	1.839190e-04	1.929415e-03	5.227544e-03	2.436652e-05	4.455506e-05	4.804311e-03	8.369236e-04	0.000000e+00	4.016285e-02	0.000000e+00	1.732421e-04	6.215870e-01	-1.669649e-01
6.205934e-01	9.008381e-04	4.931908e-04	5.032889e-04	0.000000e+00	1.035069e-05	1.693812e-04	2.299556e-04	0.000000e+00	0.000000e+00	0.000000e+00	0.000000e+00	0.000000e+00	1.190871e-04	6.673784e-04	0.000000e+00	1.098617e-03	0.000000e+00	0.000000e+00	0.000000e+00	1.768606e-03	3.628974e-03	2.436515e-05	1.082757e-03	0.000000e+00	9.542886e-04	0.000000e+00	5.550577e-04	4.985602e-04	2.078905e-04	6.205934e-01	-1.594179e-01
6.205934e-01	9.008381e-04	4.931908e-04	5.032889e-04	0.000000e+00	1.035069e-05	1.693812e-04	2.299556e-04	0.000000e+00	0.000000e+00	0.000000e+00	0.000000e+00	0.000000e+00	1.190871e-04	6.673784e-04	0.000000e+00	1.098617e-03	0.000000e+00	0.000000e+00	0.000000e+00	1.768606e-03	3.628974e-03	2.436515e-05	1.082757e-03	0.000000e+00	9.542886e-04	0.000000e+00	5.550577e-04	4.985602e-04	2.078905e-04	6.205934e-01	-1.594179e-01
6.194324e-01	7.506984e-04	5.072974e-04	5.060811e-04	0.000000e+00	8.625577e-06	1.654396e-04	0.000000e+00	1.826448e-02	5.086010e-05	0.000000e+00	2.783351e-08	0.000000e+00	0.000000e+00	6.673784e-04	0.000000e+00	2.540095e-04	1.753540e-03	4.175537e-04	0.000000e+00	0.000000e+00	1.013002e-03	5.605402e-02	4.455506e-05	0.000000e+00	0.000000e+00	0.000000e+00	6.628659e-04	4.698195e-04	1.732421e-04	6.194324e-01	-1.266889e-01
4.553062e-01	0.000000e+00	4.226573e-04	4.921202e-04	0.000000e+00	8.607870e-06	1.744413e-04	2.154424e-04	0.000000e+00	9.082244e-06	0.000000e+00	2.508495e-07	1.734350e-08	1.348568e-04	7.959366e-04	9.866793e-04	1.091677e-03	1.470502e-03	0.000000e+00	3.678380e-05	5.945748e-03	3.528360e-03	2.439962e-05	9.022976e-04	0.000000e+00	0.000000e+00	0.000000e+00	5.774806e-04	1.890836e-04	1.801718e-04	4.553062e-01	-1.202218e-01
4.553062e-01	0.000000e+00	4.226573e-04	4.921202e-04	0.000000e+00	8.607870e-06	1.744413e-04	2.154424e-04	0.000000e+00	9.082244e-06	0.000000e+00	2.508495e-07	1.734350e-08	1.348568e-04	7.959366e-04	9.866793e-04	1.091677e-03	1.470502e-03	0.000000e+00	3.678380e-05	5.945748e-03	3.528360e-03	2.439962e-05	9.022976e-04	0.000000e+00	0.000000e+00	0.000000e+00	5.774806e-04	1.890836e-04	1.801718e-04	4.553062e-01	-1.202218e-01
4.553062e-01	0.000000e+00	4.226573e-04	4.921202e-04	0.000000e+00	8.607870e-06	1.744413e-04	2.154424e-04	0.000000e+00	9.082244e-06	0.000000e+00	2.508495e-07	1.734350e-08	1.348568e-04	7.959366e-04	9.866793e-04	1.091677e-03	1.470502e-03	0.000000e+00	3.678380e-05	5.945748e-03	3.528360e-03	2.439962e-05	9.022976e-04	0.000000e+00	0.000000e+00	0.000000e+00	5.774806e-04	1.890836e-04	1.801718e-04	4.553062e-01	-1.202218e-01
4.553062e-01	0.000000e+00	4.226573e-04	4.921202e-04	0.000000e+00	8.607870e-06	1.744413e-04	2.154424e-04	0.000000e+00	9.082244e-06	0.000000e+00	2.508495e-07	1.734350e-08	1.348568e-04	7.959366e-04	9.866793e-04	1.091677e-03	1.470502e-03	0.000000e+00	3.678380e-05	5.945748e-03	3.528360e-03	2.439962e-05	9.022976e-04	0.000000e+00	0.000000e+00	0.000000e+00	5.774806e-04	1.890836e-04	1.801718e-04	4.553062e-01	-1.202218e-01
4.553062e-01	0.000000e+00	4.226573e-04	4.921202e-04	0.000000e+00	8.607870e-06	1.744413e-04	2.154424e-04	0.000000e+00	9.082244e-06	0.000000e+00	2.508495e-07	1.734350e-08	1.348568e-04	7.959366e-04	9.866793e-04	1.091677e-03	1.470502e-03	0.000000e+00	3.678380e-05	5.945748e-03	3.528360e-03	2.439962e-05	9.022976e-04	0.000000e+00	0.000000e+00	0.000000e+00	5.774806e-04	1.890836e-04	1.801718e-04	4.553062e-01	-1.202218e-01
4.553062e-01	0.000000e+00	4.226573e-04	4.921202e-04	0.000000e+00	8.607870e-06	1.744413e-04	2.154424e-04	0.000000e+00	9.082244e-06	0.000000e+00	2.508495e-07	1.734350e-08	1.348568e-04	7.959366e-04	9.866793e-04	1.091677e-03	1.470502e-03	0.000000e+00	3.678380e-05	5.945748e-03	3.528360e-03	2.439962e-05	9.022976e-04	0.000000e+00	0.000000e+00	0.000000e+00	5.774806e-04	1.890836e-04	1.801718e-04	4.553062e-01	-1.202218e-01
4.553062e-01	0.000000e+00	4.226573e-04	4.921202e-04	0.000000e+00	8.607870e-06	1.744413e-04	2.154424e-04	0.000000e+00	9.082244e-06	0.000000e+00	2.508495e-07	1.734350e-08	1.348568e-04	7.959366e-04	9.866793e-04	1.091677e-03	1.470502e-03	0.000000e+00	3.678380e-05	5.945748e-03	3.528360e-03	2.439962e-05	9.022976e-04	0.000000e+00	0.000000e+00	0.000000e+00	5.774806e-04	1.890836e-04	1.801718e-04	4.553062e-01	-1.202218e-01
4.553062e-01	0.000000e+00	4.226573e-04	4.921202e-04	0.000000e+00	8.607870e-06	1.744413e-04	2.154424e-04	0.000000e+00	9.082244e-06	0.000000e+00	2.508495e-07	1.734350e-08	1.348568e-04	7.959366e-04	9.866793e-04	1.091677e-03	1.470502e-03	0.000000e+00	3.678380e-05	5.945748e-03	3.528360e-03	2.439962e-05	9.022976e-04	0.000000e+00	0.000000e+00	0.000000e+00	5.774806e-04	1.890836e-04	1.801718e-04	4.553062e-01	-1.202218e-01
4.509175e-01	0.000000e+00	8.366174e-04	4.505558e-04	0.000000e+00	7.999568e-06	1.634882e-04	6.770855e-03	5.391615e-03	1.769555e-02	0.000000e+00	1.452785e-06	1.387480e-08	6.079451e-04	8.251730e-04	7.893434e-04	3.469917e-05	0.000000e+00	0.000000e+00	3.718249e-04	6.623932e-04	4.642653e-03	2.342364e-05	5.100828e-04	0.000000e+00	1.177210e-06	0.000000e+00	5.723267e-04	1.278673e-02	1.657580e-04	4.509175e-01	-1.112214e-01
4.444591e-01	0.000000e+00	4.226573e-04	6.261763e-04	0.000000e+00	8.607870e-06	1.748794e-04	5.580901e-05	0.000000e+00	0.000000e+00	0.000000e+00	1.115080e-06	2.081220e-08	1.348568e-04	7.959366e-04	1.326116e-03	0.000000e+00	1.470502e-03	0.000000e+00	0.000000e+00	5.945748e-03	2.414066e-03	2.537560e-05	9.022976e-04	0.000000e+00	0.000000e+00	0.000000e+00	5.774806e-04	1.890836e-04	8.876928e-03	4.444591e-01	-9.946054e-02
4.423298e-01	0.000000e+00	3.925739e-04	5.691966e-04	0.000000e+00	8.607870e-06	1.760598e-04	4.650751e-05	0.000000e+00	0.000000e+00	0.000000e+00	1.115080e-06	1.734350e-08	1.348568e-04	8.064125e-04	1.105097e-03	1.308556e-03	0.000000e+00	0.000000e+00	4.414056e-05	5.945748e-03	3.528360e-03	2.439962e-05	9.022976e-04	0.000000e+00	0.000000e+00	0.000000e+00	5.774806e-04	0.000000e+00	2.092764e-04	4.423298e-01	-9.135783e-02
4.401109e-01	0.000000e+00	4.710887e-04	8.927012e-04	0.000000e+00	3.443148e-06	1.819614e-04	4.650751e-05	2.695808e-02	0.000000e+00	3.916782e-03	2.782039e-04	1.734350e-08	5.081538e-04	4.425219e-04	1.105097e-03	1.163150e-02	0.000000e+00	0.000000e+00	0.000000e+00	3.062434e-03	9.099827e-03	1.951970e-05	1.089697e-03	0.000000e+00	5.886052e-06	0.000000e+00	2.251072e-03	0.000000e+00	1.081031e-04	4.401109e-01	-6.954571e-02
4.381240e-01	0.000000e+00	4.226573e-04	7.895276e-04	0.000000e+00	1.721574e-06	1.556739e-04	4.308848e-05	0.000000e+00	1.535201e-05	5.058864e-03	1.022942e-03	3.468700e-09	2.697135e-05	7.959366e-04	1.105097e-03	2.183355e-04	2.476049e-03	9.278030e-03	3.678380e-05	2.005150e-03	0.000000e+00	2.049568e-05	9.022976e-04	0.000000e+00	7.055897e-03	1.754703e-03	2.530216e-03	8.721689e-03	1.225168e-04	4.381240e-01	-6.062393e-02
4.381240e-01	0.000000e+00	4.226573e-04	7.895276e-04	0.000000e+00	1.721574e-06	1.556739e-04	4.308848e-05	0.000000e+00	1.535201e-05	5.058864e-03	1.022942e-03	3.468700e-09	2.697135e-05	7.959366e-04	1.105097e-03	2.183355e-04	2.476049e-03	9.278030e-03	3.678380e-05	2.005150e-03	0.000000e+00	2.049568e-05	9.022976e-04	0.000000e+00	7.055897e-03	1.754703e-03	2.530216e-03	8.721689e-03	1.225168e-04	4.381240e-01	-6.062393e-02
4.381240e-01	0.000000e+00	4.226573e-04	7.895276e-04	0.000000e+00	1.721574e-06	1.556739e-04	4.308848e-05	0.000000e+00	1.535201e-05	5.058864e-03	1.022942e-03	3.468700e-09	2.697135e-05	7.959366e-04	1.105097e-03	2.183355e-04	2.476049e-03	9.278030e-03	3.678380e-05	2.005150e-03	0.000000e+00	2.049568e-05	9.022976e-04	0.000000e+00	7.055897e-03	1.754703e-03	2.530216e-03	8.721689e-03	1.225168e-04	4.381240e-01	-6.062393e-02
4.342772e-01	8.843456e-02	5.730745e-04	1.593775e-03	1.624025e-06	3.970785e-03	1.516345e-04	1.060117e-03	1.216827e-02	2.699214e-04	7.165675e-04	0.000000e+00	0.000000e+00	0.000000e+00	7.435575e-04	7.894235e-04	4.198322e-05	1.165731e-03	1.138519e-03	0.000000e+00	5.345621e-04	3.187681e-03	2.373522e-05	7.036180e-04	0.000000e+00	2.213836e-03	1.187976e-02	3.612904e-04	2.972678e-02	3.464842e-05	4.342772e-01	-7.559492e-03
4.316834e-01	0.000000e+00	2.421567e-04	5.158678e-04	1.353354e-06	8.607870e-06	1.819614e-04	4.650751e-05	2.695808e-02	1.691945e-05	7.954910e-04	2.782039e-04	1.734350e-08	5.081538e-04	6.179888e-04	0.000000e+00	1.163150e-02	0.000000e+00	0.000000e+00	1.591491e-04	6.102420e-03	9.099827e-03	1.951970e-05	9.369971e-04	0.000000e+00	5.886052e-06	0.000000e+00	1.774676e-03	0.000000e+00	1.081031e-04	4.316834e-01	-6.656388e-03
4.316834e-01	0.000000e+00	2.421567e-04	5.158678e-04	1.353354e-06	8.607870e-06	1.819614e-04	4.650751e-05	2.695808e-02	1.691945e-05	7.954910e-04	2.782039e-04	1.734350e-08	5.081538e-04	6.179888e-04	0.000000e+00	1.163150e-02	0.000000e+00	0.000000e+00	1.591491e-04	6.102420e-03	9.099827e-03	1.951970e-05	9.369971e-04	0.000000e+00	5.886052e-06	0.000000e+00	1.774676e-03	0.000000e+00	1.081031e-04	4.316834e-01	-6.656388e-03
4.282748e-01	1.832401e-02	0.000000e+00	4.303485e-04	1.353354e-06	6.886296e-06	1.509820e-04	0.000000e+00	2.156646e-02	3.212682e-04	6.363928e-04	4.744601e-04	1.387480e-08	1.520969e-03	2.385063e-03	0.000000e+00	0.000000e+00	2.128775e-03	3.562763e-04	4.449832e-04	5.060420e-03	9.667395e-03	0.000000e+00	7.828334e-04	0.000000e+00	2.635518e-05	1.754703e-03	0.000000e+00	0.000000e+00	0.000000e+00	4.282748e-01	2.706014e-02
4.282748e-01	1.832401e-02	0.000000e+00	4.303485e-04	1.353354e-06	6.886296e-06	1.509820e-04	0.000000e+00	2.156646e-02	3.212682e-04	6.363928e-04	4.744601e-04	1.387480e-08	1.520969e-03	2.385063e-03	0.000000e+00	0.000000e+00	2.128775e-03	3.562763e-04	4.449832e-04	5.060420e-03	9.667395e-03	0.000000e+00	7.828334e-04	0.000000e+00	2.635518e-05	1.754703e-03	0.000000e+00	0.000000e+00	0.000000e+00	4.282748e-01	2.706014e-02
4.230370e-01	1.988208e-04	0.000000e+00	0.000000e+00	0.000000e+00	5.844847e-08	0.000000e+00	0.000000e+00	0.000000e+00	0.000000e+00	9.543683e-03	0.000000e+00	0.000000e+00	3.770187e-04	5.335240e-03	0.000000e+00	1.387967e-06	2.290984e-03	3.024887e-03	1.588320e-03	7.196973e-04	1.011283e-02	3.773888e-06	0.000000e+00	7.012751e-03	8.658558e-05	0.000000e+00	1.479509e-03	0.000000e+00	0.000000e+00	4.230370e-01	7.822163e-02
4.217488e-01	0.000000e+00	0.000000e+00	0.000000e+00	6.766771e-06	0.000000e+00	1.509820e-04	0.000000e+00	0.000000e+00	2.532792e-04	6.505902e-03	1.345910e-03	0.000000e+00	1.952864e-03	2.385063e-03	0.000000e+00	0.000000e+00	2.181949e-03	9.278030e-03	1.588320e-03	8.160008e-04	0.000000e+00	0.000000e+00	0.000000e+00	0.000000e+00	0.000000e+00	1.754703e-03	3.170396e-03	8.683872e-03	0.000000e+00	4.217488e-01	9.272849e-02
4.210088e-01	2.319576e-04	0.000000e+00	1.765424e-05	6.766771e-06	0.000000e+00	1.449427e-04	0.000000e+00	8.393339e-04	0.000000e+00	6.505902e-03	1.345910e-03	0.000000e+00	1.866485e-03	0.000000e+00	0.000000e+00	0.000000e+00	2.068185e-03	8.906909e-03	1.264532e-03	7.833607e-04	5.102066e-04	0.000000e+00	1.734975e-04	6.658529e-03	5.461014e-04	0.000000e+00	3.048800e-03	8.683872e-03	0.000000e+00	4.210088e-01	1.021729e-01
4.183402e-01	0.000000e+00	0.000000e+00	0.000000e+00	6.766771e-06	0.000000e+00	1.509820e-04	0.000000e+00	0.000000e+00	1.852901e-04	7.235187e-03	1.615092e-03	0.000000e+00	1.952864e-03	2.252606e-03	0.000000e+00	0.000000e+00	2.748000e-03	9.278030e-03	3.207262e-03	9.792009e-04	0.000000e+00	0.000000e+00	0.000000e+00	0.000000e+00	0.000000e+00	1.096689e-02	3.778380e-03	0.000000e+00	0.000000e+00	4.183402e-01	1.346169e-01
4.159283e-01	0.000000e+00	0.000000e+00	9.480562e-06	6.766771e-06	6.787520e-07	1.509820e-04	3.272013e-04	0.000000e+00	1.852901e-04	7.235187e-03	1.615092e-03	0.000000e+00	1.952864e-03	0.000000e+00	1.105097e-03	0.000000e+00	0.000000e+00	0.000000e+00	1.518007e-03	0.000000e+00	1.351547e-02	0.000000e+00	0.000000e+00	0.000000e+00	0.000000e+00	0.000000e+00	3.778380e-03	0.000000e+00	1.452462e-05	4.159283e-01	1.621346e-01
4.146402e-01	2.319576e-04	0.000000e+00	8.827122e-05	1.353354e-06	0.000000e+00	1.207856e-04	9.005661e-04	0.000000e+00	9.260385e-05	0.000000e+00	1.259485e-03	0.000000e+00	2.391735e-03	9.646864e-04	0.000000e+00	0.000000e+00	2.101504e-03	1.781382e-03	1.588320e-03	8.924200e-04	1.193767e-02	0.000000e+00	1.661788e-04	3.329265e-02	1.082317e-04	1.403762e-03	2.548246e-04	0.000000e+00	0.000000e+00	4.146402e-01	1.845837e-01
4.146402e-01	1.898839e-05	2.293297e-02	8.827122e-05	0.000000e+00	1.860675e-07	3.019641e-05	0.000000e+00	2.982706e-02	1.786048e-05	1.004283e-02	1.138296e-04	0.000000e+00	0.000000e+00	1.153110e-03	2.187326e-04	0.000000e+00	2.121487e-03	3.024887e-03	1.273064e-02	5.725477e-04	1.365559e-02	0.000000e+00	2.873250e-02	3.329265e-02	8.654786e-05	0.000000e+00	0.000000e+00	0.000000e+00	2.904923e-06	4.146402e-01	2.055970e-01
4.134690e-01	8.991621e-04	0.000000e+00	0.000000e+00	0.000000e+00	4.097887e-08	0.000000e+00	9.005661e-04	0.000000e+00	5.014211e-05	4.739460e-03	1.080123e-03	0.000000e+00	2.018438e-03	1.707773e-02	1.143358e-05	0.000000e+00	2.121487e-03	1.483725e-03	9.047684e-02	6.038821e-04	1.092447e-02	4.128645e-07	5.726828e-02	0.000000e+00	1.810553e-07	0.000000e+00	0.000000e+00	3.120548e-03	0.000000e+00	4.134690e-01	2.280752e-01
2.582977e-01	8.991621e-04	0.000000e+00	0.000000e+00	0.000000e+00	4.065686e-08	1.304893e-04	7.204529e-04	0.000000e+00	7.679020e-05	4.929028e-03	1.045944e-03	0.000000e+00	1.805736e-03	1.384936e-03	1.200526e-05	0.000000e+00	2.316213e-03	0.000000e+00	1.019169e-02	5.885983e-04	1.365559e-02	4.381733e-05	1.546420e-04	0.000000e+00	1.508794e-07	0.000000e+00	0.000000e+00	2.368993e-04	0.000000e+00	2.582977e-01	2.510486e-01
2.582977e-01	8.991621e-04	0.000000e+00	0.000000e+00	0.000000e+00	4.065686e-08	1.304893e-04	7.204529e-04	0.000000e+00	7.679020e-05	4.929028e-03	1.045944e-03	0.000000e+00	1.805736e-03	1.384936e-03	1.200526e-05	0.000000e+00	2.316213e-03	0.000000e+00	1.019169e-02	5.885983e-04	1.365559e-02	4.381733e-05	1.546420e-04	0.000000e+00	1.508794e-07	0.000000e+00	0.000000e+00	2.368993e-04	0.000000e+00	2.582977e-01	2.510486e-01
2.582977e-01	8.991621e-04	0.000000e+00	0.000000e+00	0.000000e+00	4.065686e-08	1.304893e-04	7.204529e-04	0.000000e+00	7.679020e-05	4.929028e-03	1.045944e-03	0.000000e+00	1.805736e-03	1.384936e-03	1.200526e-05	0.000000e+00	2.316213e-03	0.000000e+00	1.019169e-02	5.885983e-04	1.365559e-02	4.381733e-05	1.546420e-04	0.000000e+00	1.508794e-07	0.000000e+00	0.000000e+00	2.368993e-04	0.000000e+00	2.582977e-01	2.510486e-01
2.582977e-01	8.991621e-04	0.000000e+00	0.000000e+00	0.000000e+00	4.065686e-08	1.304893e-04	7.204529e-04	0.000000e+00	7.679020e-05	4.929028e-03	1.045944e-03	0.000000e+00	1.805736e-03	1.384936e-03	1.200526e-05	0.000000e+00	2.316213e-03	0.000000e+00	1.019169e-02	5.885983e-04	1.365559e-02	4.381733e-05	1.546420e-04	0.000000e+00	1.508794e-07	0.000000e+00	0.000000e+00	2.368993e-04	0.000000e+00	2.582977e-01	2.510486e-01
2.582977e-01	8.991621e-04	0.000000e+00	0.000000e+00	0.000000e+00	4.065686e-08	1.304893e-04	7.204529e-04	0.000000e+00	7.679020e-05	4.929028e-03	1.045944e-03	0.000000e+00	1.805736e-03	1.384936e-03	1.200526e-05	0.000000e+00	2.316213e-03	0.000000e+00	1.019169e-02	5.885983e-04	1.365559e-02	4.381733e-05	1.546420e-04	0.000000e+00	1.508794e-07	0.000000e+00	0.000000e+00	2.368993e-04	0.000000e+00	2.582977e-01	2.510486e-01
2.582977e-01	8.991621e-04	0.000000e+00	0.000000e+00	0.000000e+00	4.065686e-08	1.304893e-04	7.204529e-04	0.000000e+00	7.679020e-05	4.929028e-03	1.045944e-03	0.000000e+00	1.805736e-03	1.384936e-03	1.200526e-05	0.000000e+00	2.316213e-03	0.000000e+00	1.019169e-02	5.885983e-04	1.365559e-02	4.381733e-05	1.546420e-04	0.000000e+00	1.508794e-07	0.000000e+00	0.000000e+00	2.368993e-04	0.000000e+00	2.582977e-01	2.510486e-01
2.582977e-01	8.991621e-04	0.000000e+00	0.000000e+00	0.000000e+00	4.065686e-08	1.304893e-04	7.204529e-04	0.000000e+00	7.679020e-05	4.929028e-03	1.045944e-03	0.000000e+00	1.805736e-03	1.384936e-03	1.200526e-05	0.000000e+00	2.316213e-03	0.000000e+00	1.019169e-02	5.885983e-04	1.365559e-02	4.381733e-05	1.546420e-04	0.000000e+00	1.508794e-07	0.000000e+00	0.000000e+00	2.368993e-04	0.000000e+00	2.582977e-01	2.510486e-01
2.582977e-01	8.991621e-04	0.000000e+00	0.000000e+00	0.000000e+00	4.065686e-08	1.304893e-04	7.204529e-04	0.000000e+00	7.679020e-05	4.929028e-03	1.045944e-03	0.000000e+00	1.805736e-03	1.384936e-03	1.200526e-05	0.000000e+00	2.316213e-03	0.000000e+00	1.019169e-02	5.885983e-04	1.365559e-02	4.381733e-05	1.546420e-04	0.000000e+00	1.508794e-07	0.000000e+00	0.000000e+00	2.368993e-04	0.000000e+00	2.582977e-01	2.510486e-01
2.605327e-01	2.889634e-05	5.775850e-05	0.000000e+00	0.000000e+00	0.000000e+00	6.524464e-04	0.000000e+00	0.000000e+00	0.000000e+00	5.687299e-03	1.477203e-03	0.000000e+00	9.549287e-04	2.312241e-03	1.429198e-05	0.000000e+00	3.095117e-03	0.000000e+00	3.590940e-05	0.000000e+00	0.000000e+00	2.190866e-04	2.472930e-04	0.000000e+00	0.000000e+00	0.000000e+00	0.000000e+00	2.904742e-03	0.000000e+00	2.605327e-01	2.472668e-01
2.605327e-01	2.889634e-05	5.775850e-05	0.000000e+00	0.000000e+00	0.000000e+00	6.524464e-04	0.000000e+00	0.000000e+00	0.000000e+00	5.687299e-03	1.477203e-03	0.000000e+00	9.549287e-04	2.312241e-03	1.429198e-05	0.000000e+00	3.095117e-03	0.000000e+00	3.590940e-05	0.000000e+00	0.000000e+00	2.190866e-04	2.472930e-04	0.000000e+00	0.000000e+00	0.000000e+00	0.000000e+00	2.904742e-03	0.000000e+00	2.605327e-01	2.472668e-01
2.518828e-01	7.193191e-04	2.185457e-06	0.000000e+00	0.000000e+00	3.220348e-08	0.000000e+00	9.005661e-04	0.000000e+00	9.203999e-05	3.150920e-03	1.216842e-03	0.000000e+00	1.805736e-03	1.191426e-03	0.000000e+00	0.000000e+00	2.235593e-03	0.000000e+00	1.018451e-02	0.000000e+00	1.365559e-02	2.064323e-06	1.589176e-04	0.000000e+00	1.508794e-07	0.000000e+00	3.537594e-05	0.000000e+00	0.000000e+00	2.518828e-01	2.549040e-01
2.431176e-01	7.651095e-04	1.650729e-06	0.000000e+00	0.000000e+00	2.435353e-07	7.827322e-04	0.000000e+00	9.364189e-04	0.000000e+00	5.441044e-03	1.121708e-03	0.000000e+00	3.547915e-04	3.374932e-04	1.968024e-04	0.000000e+00	2.169482e-03	7.733763e-03	1.212463e-02	6.682026e-04	0.000000e+00	0.000000e+00	1.247597e-04	0.000000e+00	0.000000e+00	1.096689e-02	2.914062e-03	1.184497e-03	0.000000e+00	2.431176e-01	2.806700e-01
2.372963e-01	0.000000e+00	0.000000e+00	0.000000e+00	0.000000e+00	2.435353e-07	6.522768e-04	0.000000e+00	0.000000e+00	0.000000e+00	5.441044e-03	1.276756e-03	0.000000e+00	4.110400e-04	1.517809e-03	0.000000e+00	0.000000e+00	2.896869e-03	0.000000e+00	1.282078e-03	7.063320e-04	2.642336e-03	0.000000e+00	0.000000e+00	0.000000e+00	0.000000e+00	0.000000e+00	3.753209e-03	2.857362e-03	0.000000e+00	2.372963e-01	2.997271e-01
2.326962e-01	1.019312e-03	0.000000e+00	0.000000e+00	0.000000e+00	8.936392e-08	0.000000e+00	9.005661e-04	2.934300e-04	9.203999e-05	3.150920e-03	1.216842e-03	0.000000e+00	0.000000e+00	3.886387e-04	1.275594e-04	0.000000e+00	2.751392e-03	7.418625e-03	1.218643e-02	0.000000e+00	0.000000e+00	0.000000e+00	1.589176e-04	0.000000e+00	0.000000e+00	0.000000e+00	0.000000e+00	2.368993e-04	0.000000e+00	2.326962e-01	3.255183e-01
2.284582e-01	8.994272e-04	1.092728e-05	0.000000e+00	0.000000e+00	4.870706e-08	9.079694e-04	2.396989e-04	0.000000e+00	0.000000e+00	4.771495e-03	9.925002e-04	0.000000e+00	3.517703e-05	1.344690e-03	1.108204e-04	0.000000e+00	2.692015e-03	0.000000e+00	0.000000e+00	8.828274e-04	0.000000e+00	1.032161e-05	1.595028e-05	0.000000e+00	0.000000e+00	1.125927e-02	3.753209e-03	0.000000e+00	0.000000e+00	2.284582e-01	3.505190e-01
2.250155e-01	0.000000e+00	6.868578e-05	0.000000e+00	0.000000e+00	0.000000e+00	2.621976e-05	1.132181e-03	0.000000e+00	0.000000e+00	4.739460e-03	1.707310e-03	0.000000e+00	5.937815e-04	4.517368e-03	1.189093e-05	0.000000e+00	0.000000e+00	1.701381e-03	0.000000e+00	0.000000e+00	0.000000e+00	0.000000e+00	2.628774e-04	0.000000e+00	1.276228e-07	1.407101e-02	2.914062e-03	0.000000e+00	0.000000e+00	2.250155e-01	3.739760e-01
2.200293e-01	0.000000e+00	3.969879e-05	1.730347e-04	0.000000e+00	8.936392e-08	8.476691e-07	1.140265e-03	5.121193e-04	0.000000e+00	1.927573e-03	1.121708e-03	0.000000e+00	0.000000e+00	6.379437e-04	6.917318e-05	0.000000e+00	5.682640e-04	7.733763e-03	1.217925e-02	0.000000e+00	4.856977e-03	1.121858e-03	1.582643e-04	0.000000e+00	6.353914e-07	1.349839e-02	8.766148e-03	0.000000e+00	0.000000e+00	2.200293e-01	4.143983e-01
2.134986e-01	0.000000e+00	5.775850e-05	0.000000e+00	0.000000e+00	0.000000e+00	0.000000e+00	0.000000e+00	5.074603e-04	0.000000e+00	1.391712e-03	7.504870e-04	0.000000e+00	0.000000e+00	6.522107e-04	0.000000e+00	0.000000e+00	0.000000e+00	0.000000e+00	3.590940e-05	0.000000e+00	0.000000e+00	0.000000e+00	2.472930e-04	0.000000e+00	7.928244e-07	0.000000e+00	0.000000e+00	0.000000e+00	0.000000e+00	2.134986e-01	4.509613e-01
2.091216e-01	0.000000e+00	0.000000e+00	0.000000e+00	0.000000e+00	0.000000e+00	0.000000e+00	7.144538e-03	2.831009e-04	0.000000e+00	1.262394e-03	7.834393e-04	0.000000e+00	0.000000e+00	1.171570e-03	0.000000e+00	0.000000e+00	6.606629e-06	0.000000e+00	4.118734e-04	0.000000e+00	0.000000e+00	0.000000e+00	1.962900e-04	0.000000e+00	7.797157e-07	1.119564e-02	1.768797e-04	0.000000e+00	0.000000e+00	2.091216e-01	4.890127e-01
2.042204e-01	0.000000e+00	0.000000e+00	0.000000e+00	0.000000e+00	0.000000e+00	0.000000e+00	7.124653e-03	2.934300e-04	0.000000e+00	3.150920e-03	8.356841e-04	0.000000e+00	0.000000e+00	1.171570e-03	1.108204e-04	0.000000e+00	0.000000e+00	0.000000e+00	0.000000e+00	8.828274e-04	0.000000e+00	0.000000e+00	1.589176e-04	0.000000e+00	7.698367e-07	1.125927e-02	0.000000e+00	0.000000e+00	0.000000e+00	2.042204e-01	5.271005e-01
1.989740e-01	0.000000e+00	3.902601e-05	0.000000e+00	0.000000e+00	0.000000e+00	2.241645e-08	3.618747e-04	4.857048e-04	0.000000e+00	1.353855e-03	8.815198e-04	0.000000e+00	0.000000e+00	8.884119e-02	0.000000e+00	0.000000e+00	0.000000e+00	0.000000e+00	5.780538e-05	2.329500e-04	0.000000e+00	0.000000e+00	2.538038e-04	0.000000e+00	7.889931e-07	0.000000e+00	0.000000e+00	0.000000e+00	0.000000e+00	1.989740e-01	5.826992e-01
1.918389e-01	7.345051e-04	0.000000e+00	0.000000e+00	0.000000e+00	2.435353e-07	0.000000e+00	1.198494e-03	8.552814e-04	0.000000e+00	4.739460e-03	0.000000e+00	0.000000e+00	0.000000e+00	1.517809e-03	0.000000e+00	0.000000e+00	0.000000e+00	0.000000e+00	0.000000e+00	0.000000e+00	0.000000e+00	0.000000e+00	2.325638e-04	0.000000e+00	7.889931e-07	0.000000e+00	2.914062e-03	0.000000e+00	9.693274e-04	1.918389e-01	6.138456e-01
8.340779e-02	0.000000e+00	5.463642e-05	0.000000e+00	0.000000e+00	0.000000e+00	0.000000e+00	1.198494e-03	4.861157e-04	1.840800e-05	1.391712e-03	0.000000e+00	0.000000e+00	0.000000e+00	6.522107e-04	0.000000e+00	0.000000e+00	0.000000e+00	0.000000e+00	0.000000e+00	0.000000e+00	0.000000e+00	2.642521e-05	2.210611e-04	0.000000e+00	7.910857e-07	0.000000e+00	0.000000e+00	0.000000e+00	0.000000e+00	8.340779e-02	6.707365e-01
8.340779e-02	0.000000e+00	5.463642e-05	0.000000e+00	0.000000e+00	0.000000e+00	0.000000e+00	1.198494e-03	4.861157e-04	1.840800e-05	1.391712e-03	0.000000e+00	0.000000e+00	0.000000e+00	6.522107e-04	0.000000e+00	0.000000e+00	0.000000e+00	0.000000e+00	0.000000e+00	0.000000e+00	0.000000e+00	2.642521e-05	2.210611e-04	0.000000e+00	7.910857e-07	0.000000e+00	0.000000e+00	0.000000e+00	0.000000e+00	8.340779e-02	6.707365e-01
8.340779e-02	0.000000e+00	5.463642e-05	0.000000e+00	0.000000e+00	0.000000e+00	0.000000e+00	1.198494e-03	4.861157e-04	1.840800e-05	1.391712e-03	0.000000e+00	0.000000e+00	0.000000e+00	6.522107e-04	0.000000e+00	0.000000e+00	0.000000e+00	0.000000e+00	0.000000e+00	0.000000e+00	0.000000e+00	2.642521e-05	2.210611e-04	0.000000e+00	7.910857e-07	0.000000e+00	0.000000e+00	0.000000e+00	0.000000e+00	8.340779e-02	6.707365e-01
8.340779e-02	0.000000e+00	5.463642e-05	0.000000e+00	0.000000e+00	0.000000e+00	0.000000e+00	1.198494e-03	4.861157e-04	1.840800e-05	1.391712e-03	0.000000e+00	0.000000e+00	0.000000e+00	6.522107e-04	0.000000e+00	0.000000e+00	0.000000e+00	0.000000e+00	0.000000e+00	0.000000e+00	0.000000e+00	2.642521e-05	2.210611e-04	0.000000e+00	7.910857e-07	0.000000e+00	0.000000e+00	0.000000e+00	0.000000e+00	8.340779e-02	6.707365e-01
8.340779e-02	0.000000e+00	5.463642e-05	0.000000e+00	0.000000e+00	0.000000e+00	0.000000e+00	1.198494e-03	4.861157e-04	1.840800e-05	1.391712e-03	0.000000e+00	0.000000e+00	0.000000e+00	6.522107e-04	0.000000e+00	0.000000e+00	0.000000e+00	0.000000e+00	0.000000e+00	0.000000e+00	0.000000e+00	2.642521e-05	2.210611e-04	0.000000e+00	7.910857e-07	0.000000e+00	0.000000e+00	0.000000e+00	0.000000e+00	8.340779e-02	6.707365e-01
8.340779e-02	0.000000e+00	5.463642e-05	0.000000e+00	0.000000e+00	0.000000e+00	0.000000e+00	1.198494e-03	4.861157e-04	1.840800e-05	1.391712e-03	0.000000e+00	0.000000e+00	0.000000e+00	6.522107e-04	0.000000e+00	0.000000e+00	0.000000e+00	0.000000e+00	0.000000e+00	0.000000e+00	0.000000e+00	2.642521e-05	2.210611e-04	0.000000e+00	7.910857e-07	0.000000e+00	0.000000e+00	0.000000e+00	0.000000e+00	8.340779e-02	6.707365e-01
8.340779e-02	0.000000e+00	5.463642e-05	0.000000e+00	0.000000e+00	0.000000e+00	0.000000e+00	1.198494e-03	4.861157e-04	1.840800e-05	1.391712e-03	0.000000e+00	0.000000e+00	0.000000e+00	6.522107e-04	0.000000e+00	0.000000e+00	0.000000e+00	0.000000e+00	0.000000e+00	0.000000e+00	0.000000e+00	2.642521e-05	2.210611e-04	0.000000e+00	7.910857e-07	0.000000e+00	0.000000e+00	0.000000e+00	0.000000e+00	8.340779e-02	6.707365e-01
8.340779e-02	0.000000e+00	5.463642e-05	0.000000e+00	0.000000e+00	0.000000e+00	0.000000e+00	1.198494e-03	4.861157e-04	1.840800e-05	1.391712e-03	0.000000e+00	0.000000e+00	0.000000e+00	6.522107e-04	0.000000e+00	0.000000e+00	0.000000e+00	0.000000e+00	0.000000e+00	0.000000e+00	0.000000e+00	2.642521e-05	2.210611e-04	0.000000e+00	7.910857e-07	0.000000e+00	0.000000e+00	0.000000e+00	0.000000e+00	8.340779e-02	6.707365e-01
6.877552e-02	8.219278e-03	4.142088e-05	9.614891e-04	0.000000e+00	0.000000e+00	0.000000e+00	5.481015e-03	4.166787e-04	0.000000e+00	0.000000e+00	0.000000e+00	0.000000e+00	0.000000e+00	4.239918e-04	0.000000e+00	7.787149e-05	3.303315e-05	2.129408e-03	2.168847e-03	0.000000e+00	0.000000e+00	0.000000e+00	2.337849e-04	3.708385e-03	7.860742e-07	0.000000e+00	3.203282e-03	0.000000e+00	0.000000e+00	6.877552e-02	6.879047e-01
5.747515e-02	0.000000e+00	4.683122e-05	0.000000e+00	0.000000e+00	0.000000e+00	0.000000e+00	0.000000e+00	4.032899e-04	9.203999e-05	1.262394e-03	0.000000e+00	0.000000e+00	0.000000e+00	6.978545e-04	0.000000e+00	0.000000e+00	0.000000e+00	0.000000e+00	3.590940e-05	0.000000e+00	0.000000e+00	2.642521e-05	1.962900e-04	0.000000e+00	7.994560e-07	0.000000e+00	0.000000e+00	0.000000e+00	0.000000e+00	5.747515e-02	7.051171e-01
4.399408e-02	0.000000e+00	3.902601e-05	6.921389e-04	0.000000e+00	0.000000e+00	0.000000e+00	5.200851e-03	5.082393e-04	0.000000e+00	1.262394e-03	0.000000e+00	0.000000e+00	0.000000e+00	1.760859e-04	0.000000e+00	0.000000e+00	0.000000e+00	0.000000e+00	8.758391e-05	0.000000e+00	0.000000e+00	2.642521e-05	2.538038e-04	0.000000e+00	7.889931e-07	0.000000e+00	0.000000e+00	0.000000e+00	0.000000e+00	4.399408e-02	7.493303e-01
3.000869e-02	0.000000e+00	3.854704e-05	8.651736e-04	0.000000e+00	0.000000e+00	1.120822e-07	6.386083e-03	3.773382e-04	0.000000e+00	1.202427e-03	1.056621e-03	0.000000e+00	0.000000e+00	4.564377e-05	0.000000e+00	0.000000e+00	0.000000e+00	0.000000e+00	1.094799e-04	1.164750e-03	0.000000e+00	2.748222e-05	1.213095e-04	0.000000e+00	6.866955e-07	0.000000e+00	3.203282e-03	0.000000e+00	0.000000e+00	3.000869e-02	8.066262e-01
2.272031e-02	0.000000e+00	5.762394e-05	0.000000e+00	0.000000e+00	0.000000e+00	0.000000e+00	7.025995e-05	4.922391e-04	9.203999e-05	1.540736e-03	9.520497e-04	0.000000e+00	0.000000e+00	0.000000e+00	0.000000e+00	0.000000e+00	0.000000e+00	0.000000e+00	0.000000e+00	1.333621e-03	0.000000e+00	0.000000e+00	2.490932e-04	0.000000e+00	8.433582e-07	0.000000e+00	0.000000e+00	0.000000e+00	0.000000e+00	2.272031e-02	8.357667e-01
1.078464e-02	0.000000e+00	3.902601e-05	8.651736e-04	0.000000e+00	0.000000e+00	1.120822e-07	7.124653e-03	3.773382e-04	0.000000e+00	1.202427e-03	6.551637e-04	0.000000e+00	0.000000e+00	0.000000e+00	0.000000e+00	0.000000e+00	0.000000e+00	0.000000e+00	1.094799e-04	1.164750e-03	0.000000e+00	2.642521e-05	1.213095e-04	0.000000e+00	6.866955e-07	0.000000e+00	3.203282e-03	0.000000e+00	0.000000e+00	1.078464e-02	8.969478e-01
0.000000e+00	0.000000e+00	3.902601e-05	0.000000e+00	0.000000e+00	0.000000e+00	0.000000e+00	3.618747e-04	5.082393e-04	0.000000e+00	1.262394e-03	0.000000e+00	0.000000e+00	0.000000e+00	6.522107e-04	0.000000e+00	0.000000e+00	5.267180e-05	0.000000e+00	0.000000e+00	0.000000e+00	0.000000e+00	2.642521e-05	2.538038e-04	0.000000e+00	7.889931e-07	0.000000e+00	0.000000e+00	0.000000e+00	0.000000e+00	0.000000e+00	1.000980e+00
