8.527155e-01	0.000000e+00	6.694464e-04	0.000000e+00	0.000000e+00	0.000000e+00	0.000000e+00	0.000000e+00	0.000000e+00	2.182989e-03	0.000000e+00	0.000000e+00	4.224264e-04	3.546486e-05	0.000000e+00	2.481763e-03	0.000000e+00	1.042900e-03	0.000000e+00	3.805007e-04	0.000000e+00	8.691506e-04	0.000000e+00	0.000000e+00	1.126269e-03	0.000000e+00	5.168183e-04	0.000000e+00	9.002477e-04	0.000000e+00	8.527155e-01	-7.712637e-01
8.483591e-01	0.000000e+00	9.738672e-04	0.000000e+00	0.000000e+00	9.688461e-04	0.000000e+00	0.000000e+00	0.000000e+00	1.129225e-03	4.413391e-04	8.743579e-03	4.857374e-03	7.763059e-04	3.326287e-03	0.000000e+00	0.000000e+00	1.358970e-03	0.000000e+00	1.426878e-04	0.000000e+00	3.079794e-03	0.000000e+00	0.000000e+00	1.745464e-03	0.000000e+00	0.000000e+00	1.168473e-04	5.436935e-04	0.000000e+00	8.483591e-01	-7.635656e-01
8.483591e-01	0.000000e+00	9.738672e-04	0.000000e+00	0.000000e+00	4.959440e-04	0.000000e+00	0.000000e+00	0.000000e+00	8.272503e-04	1.776121e-04	8.743579e-03	3.254036e-03	7.763059e-04	2.108295e-03	0.000000e+00	0.000000e+00	0.000000e+00	0.000000e+00	9.512518e-05	1.776378e-02	3.266710e-04	0.000000e+00	0.000000e+00	1.010059e-03	0.000000e+00	0.000000e+00	1.168473e-04	6.500758e-04	0.000000e+00	8.483591e-01	-7.620329e-01
8.440248e-01	0.000000e+00	1.338893e-03	0.000000e+00	0.000000e+00	0.000000e+00	0.000000e+00	0.000000e+00	0.000000e+00	0.000000e+00	6.189511e-05	0.000000e+00	2.222307e-03	0.000000e+00	1.928376e-04	3.447348e-03	0.000000e+00	1.839318e-03	0.000000e+00	0.000000e+00	0.000000e+00	0.000000e+00	0.000000e+00	0.000000e+00	1.452862e-03	1.537467e-05	1.033637e-03	0.000000e+00	0.000000e+00	0.000000e+00	8.440248e-01	-7.459573e-01
8.430146e-01	0.000000e+00	0.000000e+00	0.000000e+00	0.000000e+00	1.397157e-03	0.000000e+00	0.000000e+00	0.000000e+00	0.000000e+00	0.000000e+00	5.928010e-03	8.135090e-04	3.758895e-04	5.505726e-04	3.284024e-03	0.000000e+00	0.000000e+00	0.000000e+00	0.000000e+00	0.000000e+00	0.000000e+00	0.000000e+00	0.000000e+00	2.246003e-03	4.688320e-04	0.000000e+00	3.344312e-04	8.582031e-04	0.000000e+00	8.430146e-01	-7.382228e-01
8.417738e-01	0.000000e+00	7.885057e-04	0.000000e+00	0.000000e+00	4.948060e-04	0.000000e+00	0.000000e+00	0.000000e+00	1.113499e-03	3.310043e-04	4.041807e-04	4.067545e-03	0.000000e+00	3.111864e-03	0.000000e+00	0.000000e+00	6.256141e-04	0.000000e+00	1.426878e-04	1.184252e-02	8.691506e-04	0.000000e+00	0.000000e+00	1.010059e-03	2.381690e-04	3.994486e-05	0.000000e+00	9.219226e-04	0.000000e+00	8.417738e-01	-7.269273e-01
8.406083e-01	0.000000e+00	0.000000e+00	0.000000e+00	0.000000e+00	9.711221e-04	0.000000e+00	0.000000e+00	0.000000e+00	8.273525e-04	1.345546e-04	3.146355e-03	0.000000e+00	3.615488e-04	4.705872e-05	0.000000e+00	0.000000e+00	1.351208e-05	0.000000e+00	1.545784e-04	1.184252e-02	3.517302e-03	0.000000e+00	0.000000e+00	0.000000e+00	0.000000e+00	0.000000e+00	9.653598e-05	0.000000e+00	0.000000e+00	8.406083e-01	-7.175770e-01
8.396398e-01	0.000000e+00	0.000000e+00	0.000000e+00	0.000000e+00	1.522787e-03	0.000000e+00	0.000000e+00	0.000000e+00	2.409838e-03	3.498419e-04	4.686032e-04	4.444614e-03	0.000000e+00	2.199566e-03	7.038366e-04	0.000000e+00	0.000000e+00	0.000000e+00	9.512518e-05	0.000000e+00	0.000000e+00	0.000000e+00	0.000000e+00	2.193806e-03	0.000000e+00	0.000000e+00	6.682270e-05	9.952257e-04	0.000000e+00	8.396398e-01	-7.092759e-01
8.386714e-01	0.000000e+00	8.463977e-04	0.000000e+00	0.000000e+00	9.688461e-04	0.000000e+00	0.000000e+00	0.000000e+00	1.129225e-03	0.000000e+00	5.459592e-03	3.886674e-03	8.868897e-04	3.407687e-03	0.000000e+00	0.000000e+00	8.575450e-04	0.000000e+00	2.140317e-04	0.000000e+00	3.079794e-03	0.000000e+00	0.000000e+00	2.294773e-03	0.000000e+00	7.988973e-05	1.684708e-04	7.561490e-04	0.000000e+00	8.386714e-01	-6.978548e-01
8.378599e-01	0.000000e+00	0.000000e+00	0.000000e+00	0.000000e+00	0.000000e+00	0.000000e+00	0.000000e+00	0.000000e+00	1.641155e-03	8.826781e-04	9.685263e-03	2.754908e-03	1.030184e-02	3.652527e-04	3.711980e-03	0.000000e+00	1.002849e-03	0.000000e+00	0.000000e+00	0.000000e+00	0.000000e+00	0.000000e+00	0.000000e+00	1.999815e-03	1.064650e-04	0.000000e+00	0.000000e+00	0.000000e+00	0.000000e+00	8.378599e-01	-6.875309e-01
8.368215e-01	0.000000e+00	2.549390e-04	0.000000e+00	0.000000e+00	7.613936e-04	0.000000e+00	0.000000e+00	0.000000e+00	5.097982e-04	1.345546e-04	3.838504e-04	0.000000e+00	1.105318e-04	0.000000e+00	6.568048e-03	0.000000e+00	0.000000e+00	0.000000e+00	1.426878e-04	0.000000e+00	0.000000e+00	0.000000e+00	0.000000e+00	2.294773e-03	2.381690e-04	0.000000e+00	4.623686e-04	1.425839e-03	0.000000e+00	8.368215e-01	-6.786605e-01
8.360955e-01	0.000000e+00	9.621817e-04	0.000000e+00	0.000000e+00	0.000000e+00	0.000000e+00	0.000000e+00	0.000000e+00	1.250505e-03	1.345546e-04	9.417160e-03	0.000000e+00	1.037341e-02	2.050956e-03	1.407673e-03	0.000000e+00	1.777028e-03	0.000000e+00	2.853755e-04	0.000000e+00	0.000000e+00	0.000000e+00	0.000000e+00	1.647926e-03	8.147194e-05	0.000000e+00	1.524493e-04	5.984476e-04	0.000000e+00	8.360955e-01	-6.668817e-01
8.355348e-01	0.000000e+00	0.000000e+00	0.000000e+00	0.000000e+00	0.000000e+00	0.000000e+00	0.000000e+00	0.000000e+00	8.982867e-05	8.826781e-04	1.093976e-02	2.754908e-03	2.079301e-04	3.652527e-04	3.711980e-03	0.000000e+00	1.002849e-03	0.000000e+00	0.000000e+00	0.000000e+00	0.000000e+00	0.000000e+00	0.000000e+00	0.000000e+00	7.753276e-05	0.000000e+00	0.000000e+00	0.000000e+00	0.000000e+00	8.355348e-01	-6.614300e-01
8.344260e-01	0.000000e+00	1.144987e-03	0.000000e+00	0.000000e+00	1.502021e-03	0.000000e+00	0.000000e+00	0.000000e+00	0.000000e+00	0.000000e+00	7.688244e-03	3.637183e-03	4.290977e-04	5.280521e-04	1.642012e-03	0.000000e+00	6.722798e-04	0.000000e+00	1.426878e-04	0.000000e+00	5.296303e-03	0.000000e+00	0.000000e+00	3.030906e-03	0.000000e+00	0.000000e+00	2.299644e-04	4.249109e-04	0.000000e+00	8.344260e-01	-6.455437e-01
8.336431e-01	0.000000e+00	2.549390e-04	0.000000e+00	0.000000e+00	0.000000e+00	0.000000e+00	0.000000e+00	0.000000e+00	5.547125e-04	8.611494e-05	5.853732e-03	3.206676e-03	2.949484e-04	2.245222e-03	5.582590e-05	0.000000e+00	2.717939e-03	0.000000e+00	1.426878e-04	0.000000e+00	0.000000e+00	0.000000e+00	0.000000e+00	1.470810e-03	2.381690e-04	0.000000e+00	3.861439e-04	1.126615e-03	0.000000e+00	8.336431e-01	-6.358715e-01
8.328988e-01	0.000000e+00	2.512259e-04	0.000000e+00	0.000000e+00	2.475419e-03	0.000000e+00	0.000000e+00	0.000000e+00	7.363849e-04	0.000000e+00	5.952952e-03	5.509817e-03	4.338966e-04	8.006085e-04	0.000000e+00	0.000000e+00	3.527032e-03	0.000000e+00	1.902504e-04	0.000000e+00	2.251369e-03	0.000000e+00	0.000000e+00	4.103672e-03	1.621255e-04	7.988973e-05	0.000000e+00	0.000000e+00	0.000000e+00	8.328988e-01	-6.237174e-01
8.322955e-01	0.000000e+00	0.000000e+00	0.000000e+00	0.000000e+00	0.000000e+00	0.000000e+00	0.000000e+00	0.000000e+00	7.812992e-04	4.413391e-04	8.039075e-03	1.312492e-03	2.080701e-04	5.031224e-04	1.351847e-03	0.000000e+00	3.087545e-03	0.000000e+00	0.000000e+00	0.000000e+00	2.251369e-03	0.000000e+00	0.000000e+00	9.687682e-04	2.008919e-04	0.000000e+00	0.000000e+00	0.000000e+00	0.000000e+00	8.322955e-01	-6.159067e-01
8.312593e-01	0.000000e+00	0.000000e+00	0.000000e+00	0.000000e+00	0.000000e+00	0.000000e+00	0.000000e+00	0.000000e+00	0.000000e+00	0.000000e+00	5.951110e-03	0.000000e+00	9.060518e-06	4.415751e-04	2.107306e-03	0.000000e+00	0.000000e+00	0.000000e+00	0.000000e+00	0.000000e+00	4.990785e-03	0.000000e+00	0.000000e+00	1.646775e-03	1.198291e-04	7.988973e-05	1.305723e-04	4.410554e-04	0.000000e+00	8.312593e-01	-6.003459e-01
8.307143e-01	0.000000e+00	0.000000e+00	0.000000e+00	0.000000e+00	0.000000e+00	0.000000e+00	0.000000e+00	0.000000e+00	0.000000e+00	0.000000e+00	0.000000e+00	1.540920e-02	2.080701e-04	6.629575e-05	3.711980e-03	0.000000e+00	0.000000e+00	0.000000e+00	9.512518e-05	0.000000e+00	3.138886e-04	0.000000e+00	0.000000e+00	9.687682e-04	0.000000e+00	0.000000e+00	0.000000e+00	1.116241e-03	1.419533e-02	8.307143e-01	-5.881752e-01
8.300020e-01	0.000000e+00	0.000000e+00	0.000000e+00	0.000000e+00	0.000000e+00	0.000000e+00	0.000000e+00	0.000000e+00	0.000000e+00	5.086164e-04	1.185915e-02	9.940827e-04	3.627193e-04	1.345043e-03	6.611776e-04	0.000000e+00	1.996914e-03	0.000000e+00	1.426878e-04	0.000000e+00	0.000000e+00	0.000000e+00	0.000000e+00	1.251731e-03	0.000000e+00	0.000000e+00	0.000000e+00	0.000000e+00	0.000000e+00	8.300020e-01	-5.793257e-01
8.293152e-01	0.000000e+00	7.217880e-04	0.000000e+00	0.000000e+00	0.000000e+00	0.000000e+00	0.000000e+00	0.000000e+00	7.992883e-04	4.413391e-04	5.596904e-03	0.000000e+00	1.919422e-02	4.057669e-05	0.000000e+00	0.000000e+00	5.480348e-04	0.000000e+00	0.000000e+00	0.000000e+00	1.974160e-03	0.000000e+00	0.000000e+00	4.298466e-04	1.700038e-04	0.000000e+00	1.227900e-04	1.091475e-03	0.000000e+00	8.293152e-01	-5.656830e-01
8.287666e-01	0.000000e+00	7.765338e-05	0.000000e+00	0.000000e+00	0.000000e+00	0.000000e+00	0.000000e+00	0.000000e+00	0.000000e+00	0.000000e+00	7.502868e-03	1.418629e-03	3.512176e-04	2.300988e-05	0.000000e+00	0.000000e+00	2.261726e-03	0.000000e+00	0.000000e+00	0.000000e+00	0.000000e+00	0.000000e+00	0.000000e+00	1.376792e-03	2.008919e-04	3.771495e-02	2.007804e-05	0.000000e+00	0.000000e+00	8.287666e-01	-5.528358e-01
8.274966e-01	0.000000e+00	0.000000e+00	0.000000e+00	0.000000e+00	0.000000e+00	0.000000e+00	0.000000e+00	0.000000e+00	0.000000e+00	0.000000e+00	6.767515e-03	0.000000e+00	3.688332e-04	9.602250e-04	1.008285e-03	0.000000e+00	1.881822e-03	0.000000e+00	0.000000e+00	0.000000e+00	0.000000e+00	0.000000e+00	0.000000e+00	9.026796e-05	0.000000e+00	7.988973e-05	0.000000e+00	1.350372e-03	0.000000e+00	8.274966e-01	-5.367265e-01
8.267143e-01	0.000000e+00	8.770947e-04	0.000000e+00	0.000000e+00	0.000000e+00	0.000000e+00	0.000000e+00	0.000000e+00	3.209418e-04	0.000000e+00	1.470706e-03	1.312492e-03	5.285209e-05	4.789564e-04	0.000000e+00	0.000000e+00	3.705304e-04	0.000000e+00	0.000000e+00	0.000000e+00	4.504740e-03	0.000000e+00	0.000000e+00	7.737366e-04	4.122730e-04	2.796141e-04	2.114440e-04	2.940369e-04	0.000000e+00	8.267143e-01	-5.225100e-01
8.263842e-01	0.000000e+00	4.601290e-04	0.000000e+00	0.000000e+00	0.000000e+00	0.000000e+00	0.000000e+00	0.000000e+00	3.145172e-05	0.000000e+00	3.016081e-03	0.000000e+00	9.380161e-03	4.415751e-04	1.846369e-03	0.000000e+00	0.000000e+00	0.000000e+00	0.000000e+00	0.000000e+00	2.313182e-03	0.000000e+00	0.000000e+00	0.000000e+00	3.939175e-06	7.988973e-05	2.564188e-04	0.000000e+00	0.000000e+00	8.263842e-01	-5.152263e-01
8.252870e-01	0.000000e+00	0.000000e+00	0.000000e+00	0.000000e+00	1.303792e-03	0.000000e+00	0.000000e+00	0.000000e+00	3.209418e-04	0.000000e+00	1.777020e-03	6.368194e-04	3.587743e-05	3.671160e-04	1.510917e-03	0.000000e+00	1.096070e-03	0.000000e+00	0.000000e+00	0.000000e+00	7.730201e-03	0.000000e+00	0.000000e+00	1.082001e-03	0.000000e+00	2.396692e-04	2.611447e-04	8.821108e-04	0.000000e+00	8.252870e-01	-4.943335e-01
8.246420e-01	0.000000e+00	1.754189e-03	0.000000e+00	0.000000e+00	0.000000e+00	0.000000e+00	0.000000e+00	0.000000e+00	0.000000e+00	6.889195e-04	2.018632e-03	0.000000e+00	2.019149e-04	1.448540e-03	5.291172e-03	0.000000e+00	3.332901e-03	0.000000e+00	0.000000e+00	0.000000e+00	6.450921e-03	0.000000e+00	0.000000e+00	2.129751e-03	9.436306e-04	0.000000e+00	9.940142e-05	0.000000e+00	0.000000e+00	8.246420e-01	-4.804797e-01
8.242505e-01	0.000000e+00	1.132978e-04	0.000000e+00	0.000000e+00	0.000000e+00	0.000000e+00	0.000000e+00	0.000000e+00	0.000000e+00	5.086164e-04	1.561058e-02	1.597261e-03	5.383281e-04	1.858478e-03	1.816024e-03	0.000000e+00	0.000000e+00	0.000000e+00	0.000000e+00	0.000000e+00	0.000000e+00	0.000000e+00	0.000000e+00	4.496052e-02	7.545287e-05	1.879756e-02	0.000000e+00	0.000000e+00	0.000000e+00	8.242505e-01	-4.621998e-01
6.530133e-01	0.000000e+00	3.372719e-04	0.000000e+00	0.000000e+00	0.000000e+00	0.000000e+00	0.000000e+00	0.000000e+00	0.000000e+00	0.000000e+00	0.000000e+00	0.000000e+00	0.000000e+00	1.843402e-04	5.609100e-04	0.000000e+00	0.000000e+00	0.000000e+00	0.000000e+00	0.000000e+00	5.690823e-05	0.000000e+00	0.000000e+00	9.063160e-04	0.000000e+00	1.198346e-04	0.000000e+00	0.000000e+00	0.000000e+00	6.530133e-01	-4.577813e-01
6.530133e-01	0.000000e+00	3.372719e-04	0.000000e+00	0.000000e+00	0.000000e+00	0.000000e+00	0.000000e+00	0.000000e+00	0.000000e+00	0.000000e+00	0.000000e+00	0.000000e+00	0.000000e+00	1.843402e-04	5.609100e-04	0.000000e+00	0.000000e+00	0.000000e+00	0.000000e+00	0.000000e+00	5.690823e-05	0.000000e+00	0.000000e+00	9.063160e-04	0.000000e+00	1.198346e-04	0.000000e+00	0.000000e+00	0.000000e+00	6.530133e-01	-4.577813e-01
6.530133e-01	0.000000e+00	3.372719e-04	0.000000e+00	0.000000e+00	0.000000e+00	0.000000e+00	0.000000e+00	0.000000e+00	0.000000e+00	0.000000e+00	0.000000e+00	0.000000e+00	0.000000e+00	1.843402e-04	5.609100e-04	0.000000e+00	0.000000e+00	0.000000e+00	0.000000e+00	0.000000e+00	5.690823e-05	0.000000e+00	0.000000e+00	9.063160e-04	0.000000e+00	1.198346e-04	0.000000e+00	0.000000e+00	0.000000e+00	6.530133e-01	-4.577813e-01
6.530133e-01	0.000000e+00	3.372719e-04	0.000000e+00	0.000000e+00	0.000000e+00	0.000000e+00	0.000000e+00	0.000000e+00	0.000000e+00	0.000000e+00	0.000000e+00	0.000000e+00	0.000000e+00	1.843402e-04	5.609100e-04	0.000000e+00	0.000000e+00	0.000000e+00	0.000000e+00	0.000000e+00	5.690823e-05	0.000000e+00	0.000000e+00	9.063160e-04	0.000000e+00	1.198346e-04	0.000000e+00	0.000000e+00	0.000000e+00	6.530133e-01	-4.577813e-01
6.530133e-01	0.000000e+00	3.372719e-04	0.000000e+00	0.000000e+00	0.000000e+00	0.000000e+00	0.000000e+00	0.000000e+00	0.000000e+00	0.000000e+00	0.000000e+00	0.000000e+00	0.000000e+00	1.843402e-04	5.609100e-04	0.000000e+00	0.000000e+00	0.000000e+00	0.000000e+00	0.000000e+00	5.690823e-05	0.000000e+00	0.000000e+00	9.063160e-04	0.000000e+00	1.198346e-04	0.000000e+00	0.000000e+00	0.000000e+00	6.530133e-01	-4.577813e-01
6.480025e-01	0.000000e+00	9.026029e-04	0.000000e+00	0.000000e+00	0.000000e+00	0.000000e+00	0.000000e+00	0.000000e+00	0.000000e+00	0.000000e+00	3.674723e-03	0.000000e+00	1.222791e-05	0.000000e+00	2.815347e-03	0.000000e+00	0.000000e+00	0.000000e+00	4.980741e-03	0.000000e+00	0.000000e+00	0.000000e+00	0.000000e+00	1.752325e-03	0.000000e+00	0.000000e+00	0.000000e+00	4.410554e-04	0.000000e+00	6.480025e-01	-4.490075e-01
6.443303e-01	0.000000e+00	1.382932e-04	0.000000e+00	0.000000e+00	0.000000e+00	0.000000e+00	0.000000e+00	0.000000e+00	0.000000e+00	0.000000e+00	3.674723e-03	0.000000e+00	1.222791e-05	0.000000e+00	2.815347e-03	0.000000e+00	0.000000e+00	0.000000e+00	0.000000e+00	0.000000e+00	0.000000e+00	0.000000e+00	0.000000e+00	2.078177e-03	0.000000e+00	2.396692e-04	2.009291e-04	4.410554e-04	0.000000e+00	6.443303e-01	-4.350537e-01
6.429031e-01	0.000000e+00	2.084123e-04	0.000000e+00	0.000000e+00	0.000000e+00	0.000000e+00	0.000000e+00	0.000000e+00	0.000000e+00	0.000000e+00	0.000000e+00	0.000000e+00	3.315360e-04	8.120171e-05	0.000000e+00	0.000000e+00	0.000000e+00	0.000000e+00	0.000000e+00	0.000000e+00	5.690823e-05	0.000000e+00	0.000000e+00	2.629471e-03	0.000000e+00	1.722622e-04	2.449853e-05	2.205277e-04	0.000000e+00	6.429031e-01	-4.281095e-01
6.398728e-01	0.000000e+00	1.436177e-04	0.000000e+00	0.000000e+00	0.000000e+00	0.000000e+00	0.000000e+00	0.000000e+00	0.000000e+00	5.018110e-05	0.000000e+00	0.000000e+00	0.000000e+00	1.258626e-03	2.536566e-03	0.000000e+00	2.342189e-03	0.000000e+00	0.000000e+00	0.000000e+00	0.000000e+00	0.000000e+00	0.000000e+00	0.000000e+00	0.000000e+00	4.993108e-06	3.348818e-04	3.136394e-04	0.000000e+00	6.398728e-01	-4.063796e-01
6.382351e-01	0.000000e+00	1.731096e-04	0.000000e+00	0.000000e+00	0.000000e+00	0.000000e+00	0.000000e+00	0.000000e+00	0.000000e+00	0.000000e+00	0.000000e+00	0.000000e+00	3.315360e-04	2.249411e-04	0.000000e+00	0.000000e+00	0.000000e+00	0.000000e+00	4.980741e-03	0.000000e+00	5.690823e-05	0.000000e+00	0.000000e+00	7.132362e-04	0.000000e+00	1.722622e-04	2.449853e-05	1.323166e-04	0.000000e+00	6.382351e-01	-3.927613e-01
6.365960e-01	0.000000e+00	1.731096e-04	0.000000e+00	0.000000e+00	0.000000e+00	0.000000e+00	0.000000e+00	0.000000e+00	0.000000e+00	2.280959e-05	6.663518e-04	0.000000e+00	0.000000e+00	2.748740e-04	0.000000e+00	0.000000e+00	0.000000e+00	0.000000e+00	4.980741e-03	0.000000e+00	5.690823e-05	0.000000e+00	0.000000e+00	1.151011e-03	0.000000e+00	1.722622e-04	8.021305e-05	0.000000e+00	0.000000e+00	6.365960e-01	-3.774383e-01
6.348237e-01	0.000000e+00	8.704105e-06	0.000000e+00	0.000000e+00	0.000000e+00	0.000000e+00	0.000000e+00	0.000000e+00	0.000000e+00	0.000000e+00	0.000000e+00	6.368194e-04	0.000000e+00	2.598455e-03	4.593949e-04	0.000000e+00	0.000000e+00	0.000000e+00	0.000000e+00	0.000000e+00	0.000000e+00	0.000000e+00	0.000000e+00	2.078177e-03	0.000000e+00	1.497932e-04	3.483167e-04	6.272788e-04	0.000000e+00	6.348237e-01	-3.594951e-01
6.332499e-01	0.000000e+00	0.000000e+00	0.000000e+00	0.000000e+00	8.981268e-04	0.000000e+00	0.000000e+00	0.000000e+00	0.000000e+00	0.000000e+00	0.000000e+00	8.490926e-04	1.657680e-04	2.963245e-05	9.993114e-04	0.000000e+00	0.000000e+00	0.000000e+00	0.000000e+00	0.000000e+00	0.000000e+00	0.000000e+00	0.000000e+00	2.095495e-03	0.000000e+00	2.159519e-04	1.596369e-04	8.478065e-04	0.000000e+00	6.332499e-01	-3.421788e-01
6.322759e-01	0.000000e+00	0.000000e+00	0.000000e+00	0.000000e+00	0.000000e+00	0.000000e+00	0.000000e+00	0.000000e+00	0.000000e+00	4.866047e-05	0.000000e+00	4.245463e-04	0.000000e+00	3.654077e-04	4.593949e-04	0.000000e+00	5.450002e-05	0.000000e+00	0.000000e+00	0.000000e+00	1.138165e-04	0.000000e+00	0.000000e+00	0.000000e+00	0.000000e+00	9.486905e-05	0.000000e+00	6.272788e-04	0.000000e+00	6.322759e-01	-3.315136e-01
6.310772e-01	0.000000e+00	7.180887e-05	0.000000e+00	0.000000e+00	0.000000e+00	0.000000e+00	0.000000e+00	0.000000e+00	1.876177e-04	0.000000e+00	0.000000e+00	0.000000e+00	1.657680e-04	4.762418e-04	2.037897e-03	0.000000e+00	1.143845e-03	0.000000e+00	0.000000e+00	0.000000e+00	1.138165e-04	0.000000e+00	0.000000e+00	2.095495e-03	0.000000e+00	1.710140e-04	3.973138e-04	6.909868e-04	0.000000e+00	6.310772e-01	-3.158010e-01
6.293738e-01	0.000000e+00	1.382932e-04	0.000000e+00	0.000000e+00	1.519112e-02	0.000000e+00	0.000000e+00	0.000000e+00	0.000000e+00	0.000000e+00	3.674723e-03	0.000000e+00	1.222791e-05	0.000000e+00	0.000000e+00	0.000000e+00	0.000000e+00	0.000000e+00	0.000000e+00	0.000000e+00	0.000000e+00	0.000000e+00	0.000000e+00	1.385451e-04	0.000000e+00	0.000000e+00	2.009291e-04	4.410554e-04	0.000000e+00	6.293738e-01	-2.914180e-01
6.276181e-01	0.000000e+00	0.000000e+00	0.000000e+00	0.000000e+00	0.000000e+00	0.000000e+00	0.000000e+00	0.000000e+00	0.000000e+00	5.778430e-05	1.332704e-03	0.000000e+00	0.000000e+00	0.000000e+00	0.000000e+00	0.000000e+00	1.794179e-04	0.000000e+00	2.120057e-03	0.000000e+00	5.690823e-05	0.000000e+00	0.000000e+00	2.078177e-03	0.000000e+00	0.000000e+00	0.000000e+00	0.000000e+00	0.000000e+00	6.276181e-01	-2.698845e-01
6.262273e-01	0.000000e+00	0.000000e+00	0.000000e+00	0.000000e+00	0.000000e+00	0.000000e+00	0.000000e+00	0.000000e+00	0.000000e+00	4.713983e-05	6.663518e-04	8.490926e-04	0.000000e+00	3.654077e-04	8.677567e-04	0.000000e+00	0.000000e+00	0.000000e+00	2.305214e-03	0.000000e+00	2.276329e-04	0.000000e+00	0.000000e+00	6.978533e-04	0.000000e+00	9.986216e-06	8.021305e-05	0.000000e+00	0.000000e+00	6.262273e-01	-2.497470e-01
6.252543e-01	0.000000e+00	4.428951e-04	0.000000e+00	0.000000e+00	0.000000e+00	0.000000e+00	0.000000e+00	0.000000e+00	0.000000e+00	3.497471e-05	9.186808e-04	0.000000e+00	0.000000e+00	0.000000e+00	0.000000e+00	0.000000e+00	1.630909e-04	0.000000e+00	0.000000e+00	1.128493e-02	0.000000e+00	0.000000e+00	0.000000e+00	4.618171e-05	0.000000e+00	0.000000e+00	0.000000e+00	0.000000e+00	0.000000e+00	6.252543e-01	-2.339492e-01
6.237329e-01	0.000000e+00	2.214476e-04	0.000000e+00	0.000000e+00	0.000000e+00	0.000000e+00	0.000000e+00	0.000000e+00	0.000000e+00	2.509055e-05	1.261645e-04	8.490926e-04	1.182121e-04	1.827038e-04	0.000000e+00	0.000000e+00	1.794179e-04	0.000000e+00	0.000000e+00	0.000000e+00	0.000000e+00	0.000000e+00	0.000000e+00	6.988209e-04	0.000000e+00	9.237250e-05	0.000000e+00	0.000000e+00	0.000000e+00	6.237329e-01	-2.124435e-01
6.226264e-01	0.000000e+00	4.428951e-04	0.000000e+00	0.000000e+00	0.000000e+00	0.000000e+00	0.000000e+00	0.000000e+00	0.000000e+00	0.000000e+00	9.186808e-04	0.000000e+00	2.364241e-04	0.000000e+00	3.205567e-04	0.000000e+00	0.000000e+00	0.000000e+00	0.000000e+00	1.128493e-02	0.000000e+00	0.000000e+00	0.000000e+00	2.095495e-03	0.000000e+00	4.993108e-06	1.986569e-04	4.900616e-06	0.000000e+00	6.226264e-01	-1.923903e-01
6.215725e-01	0.000000e+00	1.312088e-04	0.000000e+00	0.000000e+00	6.006709e-06	7.616120e-02	0.000000e+00	0.000000e+00	0.000000e+00	0.000000e+00	0.000000e+00	0.000000e+00	0.000000e+00	0.000000e+00	0.000000e+00	0.000000e+00	0.000000e+00	0.000000e+00	1.060028e-03	0.000000e+00	0.000000e+00	0.000000e+00	0.000000e+00	0.000000e+00	0.000000e+00	6.906410e-05	2.005326e-05	0.000000e+00	0.000000e+00	6.215725e-01	-1.635190e-01
6.199999e-01	0.000000e+00	3.954456e-05	0.000000e+00	0.000000e+00	0.000000e+00	0.000000e+00	2.554505e-02	0.000000e+00	0.000000e+00	1.003622e-04	0.000000e+00	2.887329e-02	0.000000e+00	0.000000e+00	0.000000e+00	0.000000e+00	0.000000e+00	0.000000e+00	0.000000e+00	0.000000e+00	7.082407e-07	0.000000e+00	0.000000e+00	0.000000e+00	0.000000e+00	0.000000e+00	0.000000e+00	0.000000e+00	3.032761e-05	6.199999e-01	-1.415257e-01
4.541237e-01	0.000000e+00	3.954456e-05	0.000000e+00	0.000000e+00	0.000000e+00	0.000000e+00	0.000000e+00	0.000000e+00	0.000000e+00	1.003622e-04	0.000000e+00	0.000000e+00	0.000000e+00	0.000000e+00	0.000000e+00	0.000000e+00	0.000000e+00	0.000000e+00	0.000000e+00	0.000000e+00	0.000000e+00	0.000000e+00	0.000000e+00	0.000000e+00	0.000000e+00	0.000000e+00	0.000000e+00	0.000000e+00	2.332893e-05	4.541237e-01	-1.241716e-01
4.541237e-01	0.000000e+00	3.954456e-05	0.000000e+00	0.000000e+00	0.000000e+00	0.000000e+00	0.000000e+00	0.000000e+00	0.000000e+00	1.003622e-04	0.000000e+00	0.000000e+00	0.000000e+00	0.000000e+00	0.000000e+00	0.000000e+00	0.000000e+00	0.000000e+00	0.000000e+00	0.000000e+00	0.000000e+00	0.000000e+00	0.000000e+00	0.000000e+00	0.000000e+00	0.000000e+00	0.000000e+00	0.000000e+00	2.332893e-05	4.541237e-01	-1.241716e-01
4.541237e-01	0.000000e+00	3.954456e-05	0.000000e+00	0.000000e+00	0.000000e+00	0.000000e+00	0.000000e+00	0.000000e+00	0.000000e+00	1.003622e-04	0.000000e+00	0.000000e+00	0.000000e+00	0.000000e+00	0.000000e+00	0.000000e+00	0.000000e+00	0.000000e+00	0.000000e+00	0.000000e+00	0.000000e+00	0.000000e+00	0.000000e+00	0.000000e+00	0.000000e+00	0.000000e+00	0.000000e+00	0.000000e+00	2.332893e-05	4.541237e-01	-1.241716e-01
4.541237e-01	0.000000e+00	3.954456e-05	0.000000e+00	0.000000e+00	0.000000e+00	0.000000e+00	0.000000e+00	0.000000e+00	0.000000e+00	1.003622e-04	0.000000e+00	0.000000e+00	0.000000e+00	0.000000e+00	0.000000e+00	0.000000e+00	0.000000e+00	0.000000e+00	0.000000e+00	0.000000e+00	0.000000e+00	0.000000e+00	0.000000e+00	0.000000e+00	0.000000e+00	0.000000e+00	0.000000e+00	0.000000e+00	2.332893e-05	4.541237e-01	-1.241716e-01
4.541237e-01	0.000000e+00	3.954456e-05	0.000000e+00	0.000000e+00	0.000000e+00	0.000000e+00	0.000000e+00	0.000000e+00	0.000000e+00	1.003622e-04	0.000000e+00	0.000000e+00	0.000000e+00	0.000000e+00	0.000000e+00	0.000000e+00	0.000000e+00	0.000000e+00	0.000000e+00	0.000000e+00	0.000000e+00	0.000000e+00	0.000000e+00	0.000000e+00	0.000000e+00	0.000000e+00	0.000000e+00	0.000000e+00	2.332893e-05	4.541237e-01	-1.241716e-01
4.541237e-01	0.000000e+00	3.954456e-05	0.000000e+00	0.000000e+00	0.000000e+00	0.000000e+00	0.000000e+00	0.000000e+00	0.000000e+00	1.003622e-04	0.000000e+00	0.000000e+00	0.000000e+00	0.000000e+00	0.000000e+00	0.000000e+00	0.000000e+00	0.000000e+00	0.000000e+00	0.000000e+00	0.000000e+00	0.000000e+00	0.000000e+00	0.000000e+00	0.000000e+00	0.000000e+00	0.000000e+00	0.000000e+00	2.332893e-05	4.541237e-01	-1.241716e-01
4.541237e-01	0.000000e+00	3.954456e-05	0.000000e+00	0.000000e+00	0.000000e+00	0.000000e+00	0.000000e+00	0.000000e+00	0.000000e+00	1.003622e-04	0.000000e+00	0.000000e+00	0.000000e+00	0.000000e+00	0.000000e+00	0.000000e+00	0.000000e+00	0.000000e+00	0.000000e+00	0.000000e+00	0.000000e+00	0.000000e+00	0.000000e+00	0.000000e+00	0.000000e+00	0.000000e+00	0.000000e+00	0.000000e+00	2.332893e-05	4.541237e-01	-1.241716e-01
4.541237e-01	0.000000e+00	3.954456e-05	0.000000e+00	0.000000e+00	0.000000e+00	0.000000e+00	0.000000e+00	0.000000e+00	0.000000e+00	1.003622e-04	0.000000e+00	0.000000e+00	0.000000e+00	0.000000e+00	0.000000e+00	0.000000e+00	0.000000e+00	0.000000e+00	0.000000e+00	0.000000e+00	0.000000e+00	0.000000e+00	0.000000e+00	0.000000e+00	0.000000e+00	0.000000e+00	0.000000e+00	0.000000e+00	2.332893e-05	4.541237e-01	-1.241716e-01
4.466576e-01	0.000000e+00	1.247142e-04	0.000000e+00	0.000000e+00	6.006709e-06	0.000000e+00	0.000000e+00	0.000000e+00	0.000000e+00	1.003622e-04	0.000000e+00	0.000000e+00	0.000000e+00	0.000000e+00	0.000000e+00	0.000000e+00	1.566352e-04	0.000000e+00	0.000000e+00	0.000000e+00	1.416481e-06	1.939583e-04	0.000000e+00	0.000000e+00	0.000000e+00	6.656755e-05	0.000000e+00	7.685198e-04	9.331573e-06	4.466576e-01	-1.122270e-01
4.428437e-01	0.000000e+00	1.467353e-04	0.000000e+00	0.000000e+00	2.326604e-05	0.000000e+00	0.000000e+00	0.000000e+00	0.000000e+00	8.059390e-05	0.000000e+00	0.000000e+00	1.896439e-05	0.000000e+00	0.000000e+00	0.000000e+00	0.000000e+00	0.000000e+00	0.000000e+00	0.000000e+00	0.000000e+00	0.000000e+00	0.000000e+00	0.000000e+00	0.000000e+00	0.000000e+00	0.000000e+00	0.000000e+00	2.332893e-05	4.428437e-01	-9.710318e-02
4.382603e-01	0.000000e+00	1.434932e-04	0.000000e+00	0.000000e+00	1.763973e-05	0.000000e+00	0.000000e+00	0.000000e+00	0.000000e+00	9.047805e-05	0.000000e+00	0.000000e+00	6.419195e-05	0.000000e+00	0.000000e+00	0.000000e+00	0.000000e+00	0.000000e+00	0.000000e+00	0.000000e+00	3.853693e-05	1.939583e-04	0.000000e+00	0.000000e+00	0.000000e+00	6.656755e-05	0.000000e+00	0.000000e+00	0.000000e+00	4.382603e-01	-7.067475e-02
4.351588e-01	0.000000e+00	1.449792e-04	0.000000e+00	0.000000e+00	2.101552e-04	0.000000e+00	0.000000e+00	0.000000e+00	0.000000e+00	0.000000e+00	0.000000e+00	0.000000e+00	1.218526e-04	0.000000e+00	0.000000e+00	0.000000e+00	1.019318e-04	0.000000e+00	0.000000e+00	0.000000e+00	8.786768e-06	0.000000e+00	7.468444e-05	0.000000e+00	0.000000e+00	0.000000e+00	2.851714e-04	0.000000e+00	0.000000e+00	4.351588e-01	-4.817897e-02
4.315636e-01	0.000000e+00	3.954456e-05	0.000000e+00	0.000000e+00	0.000000e+00	0.000000e+00	0.000000e+00	0.000000e+00	0.000000e+00	6.082558e-05	0.000000e+00	0.000000e+00	3.792878e-05	0.000000e+00	0.000000e+00	0.000000e+00	0.000000e+00	0.000000e+00	0.000000e+00	0.000000e+00	0.000000e+00	0.000000e+00	0.000000e+00	0.000000e+00	0.000000e+00	0.000000e+00	9.411040e-05	0.000000e+00	0.000000e+00	4.315636e-01	-1.806345e-02
4.288006e-01	0.000000e+00	1.647515e-04	0.000000e+00	0.000000e+00	2.101552e-04	0.000000e+00	0.000000e+00	0.000000e+00	0.000000e+00	3.459455e-05	0.000000e+00	0.000000e+00	3.206492e-05	0.000000e+00	0.000000e+00	0.000000e+00	1.019318e-04	0.000000e+00	0.000000e+00	0.000000e+00	4.811037e-05	0.000000e+00	2.222686e-04	0.000000e+00	0.000000e+00	1.464790e-04	1.254805e-04	0.000000e+00	9.331573e-06	4.288006e-01	8.234290e-03
4.255728e-01	0.000000e+00	0.000000e+00	0.000000e+00	0.000000e+00	4.371893e-05	0.000000e+00	0.000000e+00	0.000000e+00	0.000000e+00	4.409855e-05	0.000000e+00	0.000000e+00	4.342789e-05	0.000000e+00	0.000000e+00	0.000000e+00	0.000000e+00	0.000000e+00	0.000000e+00	0.000000e+00	1.307401e-07	1.939583e-04	5.862191e-05	0.000000e+00	0.000000e+00	0.000000e+00	6.274027e-05	0.000000e+00	0.000000e+00	4.255728e-01	4.144279e-02
4.226900e-01	0.000000e+00	1.449792e-04	0.000000e+00	0.000000e+00	2.101552e-04	0.000000e+00	0.000000e+00	0.000000e+00	0.000000e+00	0.000000e+00	0.000000e+00	0.000000e+00	3.206492e-05	0.000000e+00	0.000000e+00	0.000000e+00	1.019318e-04	0.000000e+00	0.000000e+00	0.000000e+00	5.588174e-05	0.000000e+00	7.468444e-05	0.000000e+00	0.000000e+00	1.464790e-04	1.254805e-04	0.000000e+00	0.000000e+00	4.226900e-01	7.361156e-02
4.198126e-01	0.000000e+00	8.989781e-05	0.000000e+00	0.000000e+00	6.006709e-06	0.000000e+00	0.000000e+00	0.000000e+00	0.000000e+00	1.003622e-04	0.000000e+00	0.000000e+00	0.000000e+00	0.000000e+00	0.000000e+00	0.000000e+00	5.096590e-05	0.000000e+00	0.000000e+00	0.000000e+00	8.803146e-06	9.697917e-05	9.596413e-05	0.000000e+00	0.000000e+00	6.656755e-05	0.000000e+00	0.000000e+00	0.000000e+00	4.198126e-01	1.074226e-01
4.171896e-01	0.000000e+00	5.222463e-05	0.000000e+00	0.000000e+00	0.000000e+00	0.000000e+00	0.000000e+00	0.000000e+00	0.000000e+00	1.315353e-04	0.000000e+00	0.000000e+00	0.000000e+00	0.000000e+00	0.000000e+00	0.000000e+00	5.096590e-05	0.000000e+00	0.000000e+00	0.000000e+00	1.416481e-06	1.939583e-04	1.636467e-04	0.000000e+00	0.000000e+00	6.656755e-05	0.000000e+00	7.685198e-04	9.331573e-06	4.171896e-01	1.398977e-01
4.140071e-01	0.000000e+00	3.481642e-05	0.000000e+00	0.000000e+00	1.898852e-04	0.000000e+00	0.000000e+00	0.000000e+00	0.000000e+00	1.482624e-05	0.000000e+00	0.000000e+00	0.000000e+00	0.000000e+00	0.000000e+00	0.000000e+00	2.548295e-05	0.000000e+00	0.000000e+00	0.000000e+00	1.855820e-05	3.879167e-04	3.021702e-04	0.000000e+00	0.000000e+00	3.328377e-05	2.980163e-04	7.685198e-04	0.000000e+00	4.140071e-01	1.806428e-01
4.108660e-01	0.000000e+00	0.000000e+00	0.000000e+00	0.000000e+00	2.855226e-04	0.000000e+00	0.000000e+00	0.000000e+00	0.000000e+00	4.561919e-05	0.000000e+00	0.000000e+00	0.000000e+00	0.000000e+00	0.000000e+00	0.000000e+00	0.000000e+00	0.000000e+00	0.000000e+00	0.000000e+00	3.711640e-05	0.000000e+00	1.615879e-04	0.000000e+00	0.000000e+00	0.000000e+00	6.274027e-05	0.000000e+00	0.000000e+00	4.108660e-01	2.215892e-01
2.575609e-01	0.000000e+00	0.000000e+00	0.000000e+00	0.000000e+00	0.000000e+00	0.000000e+00	0.000000e+00	0.000000e+00	0.000000e+00	3.117311e-05	0.000000e+00	0.000000e+00	0.000000e+00	0.000000e+00	0.000000e+00	0.000000e+00	0.000000e+00	0.000000e+00	0.000000e+00	0.000000e+00	1.554274e-05	0.000000e+00	1.172438e-04	0.000000e+00	0.000000e+00	0.000000e+00	0.000000e+00	0.000000e+00	0.000000e+00	2.575609e-01	2.422044e-01
2.575609e-01	0.000000e+00	0.000000e+00	0.000000e+00	0.000000e+00	0.000000e+00	0.000000e+00	0.000000e+00	0.000000e+00	0.000000e+00	3.117311e-05	0.000000e+00	0.000000e+00	0.000000e+00	0.000000e+00	0.000000e+00	0.000000e+00	0.000000e+00	0.000000e+00	0.000000e+00	0.000000e+00	1.554274e-05	0.000000e+00	1.172438e-04	0.000000e+00	0.000000e+00	0.000000e+00	0.000000e+00	0.000000e+00	0.000000e+00	2.575609e-01	2.422044e-01
2.575609e-01	0.000000e+00	0.000000e+00	0.000000e+00	0.000000e+00	0.000000e+00	0.000000e+00	0.000000e+00	0.000000e+00	0.000000e+00	3.117311e-05	0.000000e+00	0.000000e+00	0.000000e+00	0.000000e+00	0.000000e+00	0.000000e+00	0.000000e+00	0.000000e+00	0.000000e+00	0.000000e+00	1.554274e-05	0.000000e+00	1.172438e-04	0.000000e+00	0.000000e+00	0.000000e+00	0.000000e+00	0.000000e+00	0.000000e+00	2.575609e-01	2.422044e-01
2.575609e-01	0.000000e+00	0.000000e+00	0.000000e+00	0.000000e+00	0.000000e+00	0.000000e+00	0.000000e+00	0.000000e+00	0.000000e+00	3.117311e-05	0.000000e+00	0.000000e+00	0.000000e+00	0.000000e+00	0.000000e+00	0.000000e+00	0.000000e+00	0.000000e+00	0.000000e+00	0.000000e+00	1.554274e-05	0.000000e+00	1.172438e-04	0.000000e+00	0.000000e+00	0.000000e+00	0.000000e+00	0.000000e+00	0.000000e+00	2.575609e-01	2.422044e-01
2.575609e-01	0.000000e+00	0.000000e+00	0.000000e+00	0.000000e+00	0.000000e+00	0.000000e+00	0.000000e+00	0.000000e+00	0.000000e+00	3.117311e-05	0.000000e+00	0.000000e+00	0.000000e+00	0.000000e+00	0.000000e+00	0.000000e+00	0.000000e+00	0.000000e+00	0.000000e+00	0.000000e+00	1.554274e-05	0.000000e+00	1.172438e-04	0.000000e+00	0.000000e+00	0.000000e+00	0.000000e+00	0.000000e+00	0.000000e+00	2.575609e-01	2.422044e-01
2.575609e-01	0.000000e+00	0.000000e+00	0.000000e+00	0.000000e+00	0.000000e+00	0.000000e+00	0.000000e+00	0.000000e+00	0.000000e+00	3.117311e-05	0.000000e+00	0.000000e+00	0.000000e+00	0.000000e+00	0.000000e+00	0.000000e+00	0.000000e+00	0.000000e+00	0.000000e+00	0.000000e+00	1.554274e-05	0.000000e+00	1.172438e-04	0.000000e+00	0.000000e+00	0.000000e+00	0.000000e+00	0.000000e+00	0.000000e+00	2.575609e-01	2.422044e-01
2.575609e-01	0.000000e+00	0.000000e+00	0.000000e+00	0.000000e+00	0.000000e+00	0.000000e+00	0.000000e+00	0.000000e+00	0.000000e+00	3.117311e-05	0.000000e+00	0.000000e+00	0.000000e+00	0.000000e+00	0.000000e+00	0.000000e+00	0.000000e+00	0.000000e+00	0.000000e+00	0.000000e+00	1.554274e-05	0.000000e+00	1.172438e-04	0.000000e+00	0.000000e+00	0.000000e+00	0.000000e+00	0.000000e+00	0.000000e+00	2.575609e-01	2.422044e-01
2.575609e-01	0.000000e+00	0.000000e+00	0.000000e+00	0.000000e+00	0.000000e+00	0.000000e+00	0.000000e+00	0.000000e+00	0.000000e+00	3.117311e-05	0.000000e+00	0.000000e+00	0.000000e+00	0.000000e+00	0.000000e+00	0.000000e+00	0.000000e+00	0.000000e+00	0.000000e+00	0.000000e+00	1.554274e-05	0.000000e+00	1.172438e-04	0.000000e+00	0.000000e+00	0.000000e+00	0.000000e+00	0.000000e+00	0.000000e+00	2.575609e-01	2.422044e-01
2.564446e-01	0.000000e+00	0.000000e+00	0.000000e+00	0.000000e+00	1.340879e-04	0.000000e+00	0.000000e+00	0.000000e+00	0.000000e+00	0.000000e+00	0.000000e+00	0.000000e+00	0.000000e+00	0.000000e+00	0.000000e+00	0.000000e+00	0.000000e+00	0.000000e+00	0.000000e+00	0.000000e+00	0.000000e+00	0.000000e+00	1.086826e-05	0.000000e+00	0.000000e+00	6.183963e-05	0.000000e+00	0.000000e+00	0.000000e+00	2.564446e-01	2.424378e-01
2.448196e-01	0.000000e+00	0.000000e+00	0.000000e+00	8.097791e-05	0.000000e+00	0.000000e+00	0.000000e+00	0.000000e+00	0.000000e+00	6.842878e-05	0.000000e+00	0.000000e+00	1.286184e-05	0.000000e+00	0.000000e+00	0.000000e+00	5.096590e-05	0.000000e+00	0.000000e+00	0.000000e+00	7.753085e-06	0.000000e+00	1.172438e-04	0.000000e+00	0.000000e+00	0.000000e+00	0.000000e+00	0.000000e+00	0.000000e+00	2.448196e-01	2.637019e-01
2.375011e-01	0.000000e+00	0.000000e+00	0.000000e+00	0.000000e+00	0.000000e+00	0.000000e+00	0.000000e+00	0.000000e+00	0.000000e+00	0.000000e+00	0.000000e+00	0.000000e+00	1.459755e-05	0.000000e+00	0.000000e+00	0.000000e+00	0.000000e+00	0.000000e+00	0.000000e+00	0.000000e+00	1.198196e-05	0.000000e+00	1.172438e-04	0.000000e+00	0.000000e+00	0.000000e+00	0.000000e+00	0.000000e+00	0.000000e+00	2.375011e-01	2.932674e-01
2.294170e-01	0.000000e+00	0.000000e+00	0.000000e+00	0.000000e+00	6.679478e-05	0.000000e+00	0.000000e+00	0.000000e+00	0.000000e+00	0.000000e+00	0.000000e+00	0.000000e+00	3.495403e-04	0.000000e+00	0.000000e+00	0.000000e+00	1.522606e-04	0.000000e+00	0.000000e+00	0.000000e+00	4.860389e-06	0.000000e+00	0.000000e+00	0.000000e+00	0.000000e+00	0.000000e+00	0.000000e+00	0.000000e+00	0.000000e+00	2.294170e-01	3.380588e-01
2.226065e-01	0.000000e+00	0.000000e+00	0.000000e+00	1.935878e-04	0.000000e+00	0.000000e+00	0.000000e+00	0.000000e+00	0.000000e+00	8.363517e-06	0.000000e+00	0.000000e+00	0.000000e+00	0.000000e+00	0.000000e+00	0.000000e+00	0.000000e+00	0.000000e+00	0.000000e+00	0.000000e+00	5.382800e-06	0.000000e+00	6.949016e-05	3.515284e-04	0.000000e+00	6.183963e-05	0.000000e+00	0.000000e+00	0.000000e+00	2.226065e-01	3.832148e-01
2.178284e-01	0.000000e+00	0.000000e+00	0.000000e+00	1.935878e-04	0.000000e+00	0.000000e+00	0.000000e+00	0.000000e+00	0.000000e+00	3.136319e-05	0.000000e+00	0.000000e+00	2.710344e-05	0.000000e+00	0.000000e+00	0.000000e+00	0.000000e+00	0.000000e+00	0.000000e+00	0.000000e+00	5.382800e-06	0.000000e+00	6.578024e-05	3.515284e-04	0.000000e+00	3.851656e-02	0.000000e+00	0.000000e+00	0.000000e+00	2.178284e-01	4.268874e-01
2.089324e-01	0.000000e+00	3.203446e-04	0.000000e+00	0.000000e+00	6.679478e-05	0.000000e+00	0.000000e+00	0.000000e+00	0.000000e+00	6.842878e-05	0.000000e+00	0.000000e+00	3.495403e-04	0.000000e+00	0.000000e+00	0.000000e+00	1.017725e-04	0.000000e+00	0.000000e+00	0.000000e+00	4.860389e-06	0.000000e+00	1.258856e-04	3.515284e-04	0.000000e+00	0.000000e+00	0.000000e+00	0.000000e+00	0.000000e+00	2.089324e-01	4.853776e-01
2.005639e-01	0.000000e+00	0.000000e+00	0.000000e+00	9.679391e-05	0.000000e+00	0.000000e+00	0.000000e+00	0.000000e+00	0.000000e+00	0.000000e+00	0.000000e+00	0.000000e+00	1.286184e-05	0.000000e+00	0.000000e+00	0.000000e+00	5.096590e-05	0.000000e+00	2.327939e-04	0.000000e+00	6.541623e-06	3.178259e-04	4.973329e-05	0.000000e+00	0.000000e+00	3.091981e-05	4.066102e-05	0.000000e+00	0.000000e+00	2.005639e-01	5.488053e-01
1.903252e-01	0.000000e+00	0.000000e+00	0.000000e+00	0.000000e+00	6.679478e-05	0.000000e+00	0.000000e+00	0.000000e+00	0.000000e+00	0.000000e+00	0.000000e+00	0.000000e+00	3.495403e-04	0.000000e+00	0.000000e+00	0.000000e+00	1.522606e-04	0.000000e+00	0.000000e+00	0.000000e+00	4.860389e-06	0.000000e+00	0.000000e+00	0.000000e+00	0.000000e+00	0.000000e+00	0.000000e+00	0.000000e+00	0.000000e+00	1.903252e-01	6.208377e-01
8.236015e-02	0.000000e+00	0.000000e+00	0.000000e+00	0.000000e+00	0.000000e+00	0.000000e+00	0.000000e+00	0.000000e+00	0.000000e+00	1.710719e-05	0.000000e+00	0.000000e+00	1.806896e-05	0.000000e+00	0.000000e+00	0.000000e+00	0.000000e+00	0.000000e+00	0.000000e+00	0.000000e+00	1.554274e-05	0.000000e+00	1.172438e-04	3.515284e-04	0.000000e+00	0.000000e+00	0.000000e+00	0.000000e+00	0.000000e+00	8.236015e-02	6.698123e-01
8.236015e-02	0.000000e+00	0.000000e+00	0.000000e+00	0.000000e+00	0.000000e+00	0.000000e+00	0.000000e+00	0.000000e+00	0.000000e+00	1.710719e-05	0.000000e+00	0.000000e+00	1.806896e-05	0.000000e+00	0.000000e+00	0.000000e+00	0.000000e+00	0.000000e+00	0.000000e+00	0.000000e+00	1.554274e-05	0.000000e+00	1.172438e-04	3.515284e-04	0.000000e+00	0.000000e+00	0.000000e+00	0.000000e+00	0.000000e+00	8.236015e-02	6.698123e-01
8.236015e-02	0.000000e+00	0.000000e+00	0.000000e+00	0.000000e+00	0.000000e+00	0.000000e+00	0.000000e+00	0.000000e+00	0.000000e+00	1.710719e-05	0.000000e+00	0.000000e+00	1.806896e-05	0.000000e+00	0.000000e+00	0.000000e+00	0.000000e+00	0.000000e+00	0.000000e+00	0.000000e+00	1.554274e-05	0.000000e+00	1.172438e-04	3.515284e-04	0.000000e+00	0.000000e+00	0.000000e+00	0.000000e+00	0.000000e+00	8.236015e-02	6.698123e-01
8.236015e-02	0.000000e+00	0.000000e+00	0.000000e+00	0.000000e+00	0.000000e+00	0.000000e+00	0.000000e+00	0.000000e+00	0.000000e+00	1.710719e-05	0.000000e+00	0.000000e+00	1.806896e-05	0.000000e+00	0.000000e+00	0.000000e+00	0.000000e+00	0.000000e+00	0.000000e+00	0.000000e+00	1.554274e-05	0.000000e+00	1.172438e-04	3.515284e-04	0.000000e+00	0.000000e+00	0.000000e+00	0.000000e+00	0.000000e+00	8.236015e-02	6.698123e-01
8.236015e-02	0.000000e+00	0.000000e+00	0.000000e+00	0.000000e+00	0.000000e+00	0.000000e+00	0.000000e+00	0.000000e+00	0.000000e+00	1.710719e-05	0.000000e+00	0.000000e+00	1.806896e-05	0.000000e+00	0.000000e+00	0.000000e+00	0.000000e+00	0.000000e+00	0.000000e+00	0.000000e+00	1.554274e-05	0.000000e+00	1.172438e-04	3.515284e-04	0.000000e+00	0.000000e+00	0.000000e+00	0.000000e+00	0.000000e+00	8.236015e-02	6.698123e-01
8.236015e-02	0.000000e+00	0.000000e+00	0.000000e+00	0.000000e+00	0.000000e+00	0.000000e+00	0.000000e+00	0.000000e+00	0.000000e+00	1.710719e-05	0.000000e+00	0.000000e+00	1.806896e-05	0.000000e+00	0.000000e+00	0.000000e+00	0.000000e+00	0.000000e+00	0.000000e+00	0.000000e+00	1.554274e-05	0.000000e+00	1.172438e-04	3.515284e-04	0.000000e+00	0.000000e+00	0.000000e+00	0.000000e+00	0.000000e+00	8.236015e-02	6.698123e-01
7.611522e-02	0.000000e+00	0.000000e+00	0.000000e+00	2.239545e-04	6.679478e-05	0.000000e+00	0.000000e+00	0.000000e+00	0.000000e+00	6.842878e-05	0.000000e+00	0.000000e+00	1.806896e-05	0.000000e+00	0.000000e+00	0.000000e+00	5.096590e-05	0.000000e+00	5.589976e-05	0.000000e+00	0.000000e+00	0.000000e+00	1.172438e-04	0.000000e+00	0.000000e+00	0.000000e+00	0.000000e+00	0.000000e+00	0.000000e+00	7.611522e-02	6.723677e-01
6.050508e-02	0.000000e+00	0.000000e+00	0.000000e+00	1.651190e-04	2.141420e-04	0.000000e+00	0.000000e+00	0.000000e+00	0.000000e+00	0.000000e+00	0.000000e+00	0.000000e+00	1.806896e-05	0.000000e+00	0.000000e+00	0.000000e+00	0.000000e+00	0.000000e+00	0.000000e+00	0.000000e+00	6.411056e-06	0.000000e+00	1.375812e-04	0.000000e+00	0.000000e+00	3.091981e-05	0.000000e+00	0.000000e+00	0.000000e+00	6.050508e-02	6.969381e-01
4.700046e-02	0.000000e+00	0.000000e+00	0.000000e+00	2.448317e-04	0.000000e+00	0.000000e+00	0.000000e+00	0.000000e+00	0.000000e+00	0.000000e+00	0.000000e+00	0.000000e+00	1.806896e-05	0.000000e+00	0.000000e+00	0.000000e+00	0.000000e+00	0.000000e+00	1.117995e-04	0.000000e+00	3.874946e-06	0.000000e+00	8.439337e-05	0.000000e+00	0.000000e+00	6.183963e-05	8.132204e-05	0.000000e+00	0.000000e+00	4.700046e-02	7.365799e-01
2.837763e-02	0.000000e+00	0.000000e+00	0.000000e+00	2.657088e-04	6.679478e-05	0.000000e+00	0.000000e+00	0.000000e+00	0.000000e+00	0.000000e+00	0.000000e+00	0.000000e+00	1.286184e-05	0.000000e+00	0.000000e+00	0.000000e+00	0.000000e+00	0.000000e+00	5.589976e-05	0.000000e+00	0.000000e+00	0.000000e+00	1.172438e-04	3.845781e-04	0.000000e+00	0.000000e+00	0.000000e+00	0.000000e+00	0.000000e+00	2.837763e-02	8.097217e-01
1.650883e-02	0.000000e+00	0.000000e+00	0.000000e+00	1.670169e-04	1.225596e-05	0.000000e+00	0.000000e+00	0.000000e+00	0.000000e+00	0.000000e+00	0.000000e+00	0.000000e+00	3.613792e-05	0.000000e+00	0.000000e+00	0.000000e+00	0.000000e+00	0.000000e+00	4.839775e-04	0.000000e+00	1.154695e-05	2.703937e-04	2.774868e-04	9.614453e-05	0.000000e+00	0.000000e+00	2.014091e-03	0.000000e+00	0.000000e+00	1.650883e-02	8.643083e-01
0.000000e+00	0.000000e+00	3.316383e-05	0.000000e+00	1.935878e-04	0.000000e+00	0.000000e+00	0.000000e+00	0.000000e+00	0.000000e+00	1.710719e-05	0.000000e+00	0.000000e+00	0.000000e+00	0.000000e+00	0.000000e+00	0.000000e+00	0.000000e+00	0.000000e+00	1.117995e-04	0.000000e+00	5.382800e-06	0.000000e+00	6.701688e-05	2.719087e-04	0.000000e+00	9.275944e-05	0.000000e+00	0.000000e+00	0.000000e+00	0.000000e+00	1.000246e+00
