8.397538e-01	3.229491e-02	0.000000e+00	5.728635e-02	0.000000e+00	9.508167e-02	0.000000e+00	0.000000e+00	1.474808e-02	0.000000e+00	0.000000e+00	0.000000e+00	0.000000e+00	5.806233e-03	0.000000e+00	1.586879e-02	1.057061e-02	7.399108e-03	1.252954e-01	1.461504e-01	6.551514e-02	0.000000e+00	0.000000e+00	0.000000e+00	1.447858e-02	5.034966e-02	0.000000e+00	3.523899e-02	0.000000e+00	0.000000e+00	8.397538e-01	-5.947472e-01
8.397538e-01	3.229491e-02	0.000000e+00	5.728635e-02	0.000000e+00	9.508167e-02	0.000000e+00	0.000000e+00	1.474808e-02	0.000000e+00	0.000000e+00	0.000000e+00	0.000000e+00	5.806233e-03	0.000000e+00	1.586879e-02	1.057061e-02	7.399108e-03	1.252954e-01	1.461504e-01	6.551514e-02	0.000000e+00	0.000000e+00	0.000000e+00	1.447858e-02	5.034966e-02	0.000000e+00	3.523899e-02	0.000000e+00	0.000000e+00	8.397538e-01	-5.947472e-01
8.397538e-01	3.229491e-02	0.000000e+00	5.728635e-02	0.000000e+00	9.508167e-02	0.000000e+00	0.000000e+00	1.474808e-02	0.000000e+00	0.000000e+00	0.000000e+00	0.000000e+00	5.806233e-03	0.000000e+00	1.586879e-02	1.057061e-02	7.399108e-03	1.252954e-01	1.461504e-01	6.551514e-02	0.000000e+00	0.000000e+00	0.000000e+00	1.447858e-02	5.034966e-02	0.000000e+00	3.523899e-02	0.000000e+00	0.000000e+00	8.397538e-01	-5.947472e-01
8.397538e-01	3.229491e-02	0.000000e+00	5.728635e-02	0.000000e+00	9.508167e-02	0.000000e+00	0.000000e+00	1.474808e-02	0.000000e+00	0.000000e+00	0.000000e+00	0.000000e+00	5.806233e-03	0.000000e+00	1.586879e-02	1.057061e-02	7.399108e-03	1.252954e-01	1.461504e-01	6.551514e-02	0.000000e+00	0.000000e+00	0.000000e+00	1.447858e-02	5.034966e-02	0.000000e+00	3.523899e-02	0.000000e+00	0.000000e+00	8.397538e-01	-5.947472e-01
8.397538e-01	3.229491e-02	0.000000e+00	5.728635e-02	0.000000e+00	9.508167e-02	0.000000e+00	0.000000e+00	1.474808e-02	0.000000e+00	0.000000e+00	0.000000e+00	0.000000e+00	5.806233e-03	0.000000e+00	1.586879e-02	1.057061e-02	7.399108e-03	1.252954e-01	1.461504e-01	6.551514e-02	0.000000e+00	0.000000e+00	0.000000e+00	1.447858e-02	5.034966e-02	0.000000e+00	3.523899e-02	0.000000e+00	0.000000e+00	8.397538e-01	-5.947472e-01
8.397538e-01	3.229491e-02	0.000000e+00	5.728635e-02	0.000000e+00	9.508167e-02	0.000000e+00	0.000000e+00	1.474808e-02	0.000000e+00	0.000000e+00	0.000000e+00	0.000000e+00	5.806233e-03	0.000000e+00	1.586879e-02	1.057061e-02	7.399108e-03	1.252954e-01	1.461504e-01	6.551514e-02	0.000000e+00	0.000000e+00	0.000000e+00	1.447858e-02	5.034966e-02	0.000000e+00	3.523899e-02	0.000000e+00	0.000000e+00	8.397538e-01	-5.947472e-01
8.397538e-01	3.229491e-02	0.000000e+00	5.728635e-02	0.000000e+00	9.508167e-02	0.000000e+00	0.000000e+00	1.474808e-02	0.000000e+00	0.000000e+00	0.000000e+00	0.000000e+00	5.806233e-03	0.000000e+00	1.586879e-02	1.057061e-02	7.399108e-03	1.402750e-01	1.461504e-01	6.551514e-02	0.000000e+00	0.000000e+00	0.000000e+00	1.447858e-02	5.034966e-02	0.000000e+00	3.523899e-02	0.000000e+00	0.000000e+00	8.397538e-01	-5.920330e-01
8.397538e-01	2.016605e-02	0.000000e+00	0.000000e+00	0.000000e+00	0.000000e+00	0.000000e+00	8.412470e-02	0.000000e+00	1.664634e-02	0.000000e+00	5.123007e-03	0.000000e+00	5.806233e-03	0.000000e+00	0.000000e+00	1.057061e-02	0.000000e+00	1.199123e-01	0.000000e+00	3.275757e-02	0.000000e+00	2.775965e-02	0.000000e+00	0.000000e+00	0.000000e+00	1.027629e-01	1.193002e-02	0.000000e+00	0.000000e+00	8.397538e-01	-6.374490e-01
8.397538e-01	2.016605e-02	0.000000e+00	0.000000e+00	0.000000e+00	0.000000e+00	0.000000e+00	8.412470e-02	0.000000e+00	1.664634e-02	0.000000e+00	5.123007e-03	0.000000e+00	5.806233e-03	0.000000e+00	0.000000e+00	1.057061e-02	0.000000e+00	1.199123e-01	0.000000e+00	3.275757e-02	0.000000e+00	2.775965e-02	0.000000e+00	0.000000e+00	0.000000e+00	1.027629e-01	1.193002e-02	0.000000e+00	0.000000e+00	8.397538e-01	-6.374490e-01
8.397538e-01	0.000000e+00	0.000000e+00	0.000000e+00	0.000000e+00	0.000000e+00	0.000000e+00	8.412470e-02	0.000000e+00	1.664634e-02	0.000000e+00	5.123007e-03	1.327262e-02	5.806233e-03	0.000000e+00	0.000000e+00	1.057061e-02	0.000000e+00	1.199123e-01	0.000000e+00	3.275757e-02	0.000000e+00	2.775965e-02	0.000000e+00	0.000000e+00	0.000000e+00	1.027629e-01	1.193002e-02	0.000000e+00	0.000000e+00	8.397538e-01	-6.386681e-01
8.397538e-01	0.000000e+00	0.000000e+00	0.000000e+00	0.000000e+00	0.000000e+00	0.000000e+00	8.412470e-02	0.000000e+00	1.664634e-02	0.000000e+00	5.123007e-03	1.327262e-02	5.806233e-03	0.000000e+00	0.000000e+00	1.057061e-02	0.000000e+00	1.199123e-01	0.000000e+00	3.275757e-02	0.000000e+00	2.775965e-02	0.000000e+00	0.000000e+00	0.000000e+00	1.027629e-01	1.193002e-02	0.000000e+00	0.000000e+00	8.397538e-01	-6.386681e-01
8.397538e-01	0.000000e+00	0.000000e+00	0.000000e+00	0.000000e+00	0.000000e+00	0.000000e+00	8.412470e-02	0.000000e+00	1.664634e-02	0.000000e+00	5.123007e-03	1.327262e-02	5.806233e-03	0.000000e+00	0.000000e+00	1.057061e-02	0.000000e+00	1.199123e-01	0.000000e+00	3.275757e-02	0.000000e+00	2.775965e-02	0.000000e+00	0.000000e+00	0.000000e+00	1.027629e-01	1.193002e-02	0.000000e+00	0.000000e+00	8.397538e-01	-6.386681e-01
8.397538e-01	0.000000e+00	0.000000e+00	0.000000e+00	0.000000e+00	0.000000e+00	0.000000e+00	8.412470e-02	0.000000e+00	1.664634e-02	0.000000e+00	5.123007e-03	1.327262e-02	5.806233e-03	0.000000e+00	0.000000e+00	1.057061e-02	0.000000e+00	1.199123e-01	0.000000e+00	3.275757e-02	0.000000e+00	2.775965e-02	0.000000e+00	0.000000e+00	0.000000e+00	1.027629e-01	1.193002e-02	0.000000e+00	0.000000e+00	8.397538e-01	-6.386681e-01
8.397538e-01	0.000000e+00	4.991121e-02	0.000000e+00	0.000000e+00	0.000000e+00	0.000000e+00	8.412470e-02	0.000000e+00	3.329267e-02	0.000000e+00	5.123007e-03	0.000000e+00	5.806233e-03	9.927005e-03	0.000000e+00	1.057061e-02	0.000000e+00	1.199123e-01	0.000000e+00	0.000000e+00	0.000000e+00	0.000000e+00	0.000000e+00	0.000000e+00	0.000000e+00	8.990789e-02	1.193002e-02	0.000000e+00	0.000000e+00	8.397538e-01	-6.404634e-01
8.397538e-01	0.000000e+00	4.991121e-02	0.000000e+00	0.000000e+00	0.000000e+00	0.000000e+00	8.412470e-02	0.000000e+00	3.329267e-02	0.000000e+00	5.123007e-03	0.000000e+00	5.806233e-03	9.927005e-03	0.000000e+00	1.057061e-02	0.000000e+00	1.199123e-01	0.000000e+00	0.000000e+00	0.000000e+00	0.000000e+00	0.000000e+00	0.000000e+00	0.000000e+00	8.990789e-02	1.193002e-02	0.000000e+00	0.000000e+00	8.397538e-01	-6.404634e-01
8.397538e-01	0.000000e+00	4.991121e-02	1.802072e-02	0.000000e+00	0.000000e+00	0.000000e+00	5.576552e-02	0.000000e+00	3.329267e-02	0.000000e+00	0.000000e+00	0.000000e+00	0.000000e+00	9.927005e-03	0.000000e+00	1.057061e-02	0.000000e+00	1.199123e-01	0.000000e+00	0.000000e+00	0.000000e+00	0.000000e+00	0.000000e+00	2.633180e-02	1.575467e-02	8.990789e-02	2.330897e-03	0.000000e+00	0.000000e+00	8.397538e-01	-6.384808e-01
8.397538e-01	0.000000e+00	4.991121e-02	1.802072e-02	0.000000e+00	0.000000e+00	0.000000e+00	5.576552e-02	0.000000e+00	3.329267e-02	0.000000e+00	0.000000e+00	0.000000e+00	0.000000e+00	9.927005e-03	0.000000e+00	1.057061e-02	0.000000e+00	1.199123e-01	0.000000e+00	0.000000e+00	0.000000e+00	0.000000e+00	0.000000e+00	2.633180e-02	1.575467e-02	8.990789e-02	2.330897e-03	0.000000e+00	0.000000e+00	8.397538e-01	-6.384808e-01
8.397538e-01	0.000000e+00	4.991121e-02	1.802072e-02	0.000000e+00	0.000000e+00	0.000000e+00	5.576552e-02	0.000000e+00	3.329267e-02	0.000000e+00	0.000000e+00	0.000000e+00	0.000000e+00	9.927005e-03	0.000000e+00	1.057061e-02	0.000000e+00	1.199123e-01	0.000000e+00	0.000000e+00	0.000000e+00	0.000000e+00	0.000000e+00	2.633180e-02	1.575467e-02	8.990789e-02	2.330897e-03	0.000000e+00	0.000000e+00	8.397538e-01	-6.384808e-01
8.397538e-01	0.000000e+00	4.991121e-02	1.802072e-02	0.000000e+00	0.000000e+00	0.000000e+00	5.576552e-02	0.000000e+00	3.329267e-02	0.000000e+00	0.000000e+00	0.000000e+00	0.000000e+00	9.927005e-03	0.000000e+00	1.057061e-02	0.000000e+00	1.199123e-01	0.000000e+00	0.000000e+00	0.000000e+00	0.000000e+00	0.000000e+00	2.633180e-02	1.575467e-02	8.990789e-02	2.330897e-03	0.000000e+00	0.000000e+00	8.397538e-01	-6.384808e-01
8.397538e-01	0.000000e+00	4.991121e-02	1.802072e-02	0.000000e+00	0.000000e+00	0.000000e+00	5.576552e-02	0.000000e+00	3.329267e-02	0.000000e+00	0.000000e+00	0.000000e+00	0.000000e+00	9.927005e-03	0.000000e+00	1.057061e-02	0.000000e+00	1.199123e-01	0.000000e+00	0.000000e+00	0.000000e+00	0.000000e+00	0.000000e+00	2.633180e-02	1.575467e-02	8.990789e-02	2.330897e-03	0.000000e+00	0.000000e+00	8.397538e-01	-6.384808e-01
8.397538e-01	0.000000e+00	4.991121e-02	1.802072e-02	0.000000e+00	0.000000e+00	0.000000e+00	5.576552e-02	0.000000e+00	3.329267e-02	0.000000e+00	0.000000e+00	0.000000e+00	0.000000e+00	9.927005e-03	0.000000e+00	1.057061e-02	0.000000e+00	1.199123e-01	0.000000e+00	0.000000e+00	0.000000e+00	0.000000e+00	0.000000e+00	2.633180e-02	1.575467e-02	8.990789e-02	2.330897e-03	0.000000e+00	0.000000e+00	8.397538e-01	-6.384808e-01
8.397538e-01	0.000000e+00	4.991121e-02	1.802072e-02	0.000000e+00	0.000000e+00	0.000000e+00	5.576552e-02	0.000000e+00	3.329267e-02	0.000000e+00	0.000000e+00	0.000000e+00	0.000000e+00	9.927005e-03	0.000000e+00	1.057061e-02	0.000000e+00	1.199123e-01	0.000000e+00	0.000000e+00	0.000000e+00	0.000000e+00	0.000000e+00	2.633180e-02	1.575467e-02	8.990789e-02	2.330897e-03	0.000000e+00	0.000000e+00	8.397538e-01	-6.384808e-01
8.397538e-01	0.000000e+00	4.991121e-02	1.802072e-02	0.000000e+00	0.000000e+00	0.000000e+00	5.576552e-02	0.000000e+00	3.329267e-02	0.000000e+00	0.000000e+00	0.000000e+00	0.000000e+00	9.927005e-03	0.000000e+00	1.057061e-02	0.000000e+00	1.199123e-01	0.000000e+00	0.000000e+00	0.000000e+00	0.000000e+00	0.000000e+00	2.633180e-02	1.575467e-02	8.990789e-02	2.330897e-03	0.000000e+00	0.000000e+00	8.397538e-01	-6.384808e-01
8.397538e-01	0.000000e+00	4.991121e-02	1.802072e-02	0.000000e+00	0.000000e+00	0.000000e+00	5.576552e-02	0.000000e+00	3.329267e-02	0.000000e+00	0.000000e+00	0.000000e+00	0.000000e+00	9.927005e-03	0.000000e+00	1.057061e-02	0.000000e+00	1.199123e-01	0.000000e+00	0.000000e+00	0.000000e+00	0.000000e+00	0.000000e+00	2.633180e-02	1.575467e-02	8.990789e-02	2.330897e-03	0.000000e+00	0.000000e+00	8.397538e-01	-6.384808e-01
6.431424e-01	0.000000e+00	4.991121e-02	1.201382e-02	0.000000e+00	0.000000e+00	0.000000e+00	0.000000e+00	0.000000e+00	3.329267e-02	0.000000e+00	5.123007e-03	0.000000e+00	0.000000e+00	0.000000e+00	0.000000e+00	3.827337e-02	0.000000e+00	5.458634e-03	0.000000e+00	0.000000e+00	0.000000e+00	0.000000e+00	0.000000e+00	0.000000e+00	0.000000e+00	9.705129e-02	1.659182e-02	3.522878e-03	0.000000e+00	6.431424e-01	-3.810379e-01
6.431424e-01	0.000000e+00	4.991121e-02	1.201382e-02	0.000000e+00	0.000000e+00	0.000000e+00	0.000000e+00	0.000000e+00	3.329267e-02	0.000000e+00	5.123007e-03	0.000000e+00	0.000000e+00	0.000000e+00	0.000000e+00	3.827337e-02	0.000000e+00	5.458634e-03	0.000000e+00	0.000000e+00	0.000000e+00	0.000000e+00	0.000000e+00	0.000000e+00	0.000000e+00	9.705129e-02	1.659182e-02	3.522878e-03	0.000000e+00	6.431424e-01	-3.810379e-01
6.431424e-01	0.000000e+00	4.991121e-02	1.201382e-02	0.000000e+00	0.000000e+00	0.000000e+00	0.000000e+00	0.000000e+00	3.329267e-02	0.000000e+00	5.123007e-03	0.000000e+00	0.000000e+00	0.000000e+00	0.000000e+00	3.827337e-02	0.000000e+00	5.458634e-03	0.000000e+00	0.000000e+00	0.000000e+00	0.000000e+00	0.000000e+00	0.000000e+00	0.000000e+00	9.705129e-02	1.659182e-02	3.522878e-03	0.000000e+00	6.431424e-01	-3.810379e-01
6.431424e-01	0.000000e+00	4.991121e-02	1.201382e-02	0.000000e+00	0.000000e+00	0.000000e+00	0.000000e+00	0.000000e+00	3.329267e-02	0.000000e+00	5.123007e-03	0.000000e+00	0.000000e+00	0.000000e+00	0.000000e+00	3.827337e-02	0.000000e+00	5.458634e-03	0.000000e+00	0.000000e+00	0.000000e+00	0.000000e+00	0.000000e+00	0.000000e+00	0.000000e+00	9.705129e-02	1.659182e-02	3.522878e-03	0.000000e+00	6.431424e-01	-3.810379e-01
6.431424e-01	0.000000e+00	4.991121e-02	1.201382e-02	0.000000e+00	0.000000e+00	0.000000e+00	0.000000e+00	0.000000e+00	3.329267e-02	0.000000e+00	5.123007e-03	0.000000e+00	0.000000e+00	0.000000e+00	0.000000e+00	3.827337e-02	0.000000e+00	5.458634e-03	0.000000e+00	0.000000e+00	0.000000e+00	0.000000e+00	0.000000e+00	0.000000e+00	0.000000e+00	9.705129e-02	1.659182e-02	3.522878e-03	0.000000e+00	6.431424e-01	-3.810379e-01
6.431424e-01	0.000000e+00	4.991121e-02	9.010362e-03	0.000000e+00	0.000000e+00	0.000000e+00	0.000000e+00	0.000000e+00	3.329267e-02	0.000000e+00	0.000000e+00	0.000000e+00	0.000000e+00	0.000000e+00	0.000000e+00	5.212476e-02	0.000000e+00	0.000000e+00	0.000000e+00	0.000000e+00	0.000000e+00	0.000000e+00	0.000000e+00	0.000000e+00	0.000000e+00	1.024088e-01	2.372228e-02	5.284317e-03	0.000000e+00	6.431424e-01	-3.782686e-01
6.431424e-01	0.000000e+00	4.991121e-02	9.010362e-03	0.000000e+00	0.000000e+00	0.000000e+00	0.000000e+00	0.000000e+00	3.329267e-02	0.000000e+00	0.000000e+00	0.000000e+00	0.000000e+00	0.000000e+00	0.000000e+00	5.212476e-02	0.000000e+00	0.000000e+00	0.000000e+00	0.000000e+00	0.000000e+00	0.000000e+00	0.000000e+00	0.000000e+00	0.000000e+00	1.024088e-01	2.372228e-02	5.284317e-03	0.000000e+00	6.431424e-01	-3.782686e-01
6.431424e-01	0.000000e+00	4.991121e-02	9.010362e-03	0.000000e+00	0.000000e+00	0.000000e+00	0.000000e+00	0.000000e+00	3.329267e-02	0.000000e+00	0.000000e+00	0.000000e+00	0.000000e+00	0.000000e+00	0.000000e+00	5.212476e-02	0.000000e+00	0.000000e+00	0.000000e+00	0.000000e+00	0.000000e+00	0.000000e+00	0.000000e+00	0.000000e+00	0.000000e+00	1.024088e-01	2.372228e-02	5.284317e-03	0.000000e+00	6.431424e-01	-3.782686e-01
6.425293e-01	0.000000e+00	4.991121e-02	9.010362e-03	0.000000e+00	1.480377e-02	0.000000e+00	0.000000e+00	0.000000e+00	0.000000e+00	0.000000e+00	2.561503e-03	0.000000e+00	0.000000e+00	0.000000e+00	1.107682e-01	7.290183e-02	7.455818e-02	4.837874e-02	0.000000e+00	3.530239e-03	0.000000e+00	0.000000e+00	0.000000e+00	3.280614e-02	0.000000e+00	2.261475e-02	1.567205e-02	0.000000e+00	0.000000e+00	6.425293e-01	-3.395243e-01
6.425293e-01	0.000000e+00	4.991121e-02	9.010362e-03	0.000000e+00	1.480377e-02	0.000000e+00	0.000000e+00	0.000000e+00	0.000000e+00	0.000000e+00	2.561503e-03	0.000000e+00	0.000000e+00	0.000000e+00	1.107682e-01	7.290183e-02	7.455818e-02	4.837874e-02	0.000000e+00	3.530239e-03	0.000000e+00	0.000000e+00	0.000000e+00	3.280614e-02	0.000000e+00	2.261475e-02	1.567205e-02	0.000000e+00	0.000000e+00	6.425293e-01	-3.395243e-01
6.425293e-01	0.000000e+00	4.991121e-02	9.010362e-03	0.000000e+00	1.480377e-02	0.000000e+00	0.000000e+00	0.000000e+00	0.000000e+00	0.000000e+00	2.561503e-03	0.000000e+00	0.000000e+00	0.000000e+00	1.107682e-01	7.290183e-02	7.455818e-02	4.837874e-02	0.000000e+00	3.530239e-03	0.000000e+00	0.000000e+00	0.000000e+00	3.280614e-02	0.000000e+00	2.261475e-02	1.567205e-02	0.000000e+00	0.000000e+00	6.425293e-01	-3.395243e-01
6.425293e-01	0.000000e+00	4.991121e-02	7.209143e-03	0.000000e+00	0.000000e+00	7.143034e-03	0.000000e+00	0.000000e+00	0.000000e+00	7.153071e-03	1.680164e-02	0.000000e+00	0.000000e+00	6.410390e-02	6.494328e-04	1.524904e-02	0.000000e+00	4.837874e-02	0.000000e+00	3.530239e-03	0.000000e+00	0.000000e+00	0.000000e+00	0.000000e+00	0.000000e+00	2.261475e-02	1.567205e-02	0.000000e+00	0.000000e+00	6.425293e-01	-3.778178e-01
6.425293e-01	0.000000e+00	4.991121e-02	7.209143e-03	0.000000e+00	0.000000e+00	7.143034e-03	0.000000e+00	0.000000e+00	0.000000e+00	7.153071e-03	1.680164e-02	0.000000e+00	0.000000e+00	6.410390e-02	6.494328e-04	1.524904e-02	0.000000e+00	4.837874e-02	0.000000e+00	3.530239e-03	0.000000e+00	0.000000e+00	0.000000e+00	0.000000e+00	0.000000e+00	2.261475e-02	1.567205e-02	0.000000e+00	0.000000e+00	6.425293e-01	-3.778178e-01
6.425293e-01	0.000000e+00	4.991121e-02	7.209143e-03	0.000000e+00	0.000000e+00	7.143034e-03	0.000000e+00	0.000000e+00	0.000000e+00	7.153071e-03	1.680164e-02	0.000000e+00	0.000000e+00	6.410390e-02	6.494328e-04	1.524904e-02	0.000000e+00	4.837874e-02	0.000000e+00	3.530239e-03	0.000000e+00	0.000000e+00	0.000000e+00	0.000000e+00	0.000000e+00	2.261475e-02	1.567205e-02	0.000000e+00	0.000000e+00	6.425293e-01	-3.778178e-01
6.425293e-01	0.000000e+00	4.991121e-02	7.209143e-03	0.000000e+00	0.000000e+00	7.143034e-03	0.000000e+00	0.000000e+00	0.000000e+00	7.153071e-03	1.680164e-02	0.000000e+00	0.000000e+00	6.410390e-02	6.494328e-04	1.524904e-02	0.000000e+00	4.837874e-02	0.000000e+00	3.530239e-03	0.000000e+00	0.000000e+00	0.000000e+00	0.000000e+00	0.000000e+00	2.261475e-02	1.567205e-02	0.000000e+00	0.000000e+00	6.425293e-01	-3.778178e-01
6.425293e-01	0.000000e+00	4.991121e-02	7.209143e-03	0.000000e+00	0.000000e+00	7.143034e-03	0.000000e+00	0.000000e+00	0.000000e+00	7.153071e-03	1.680164e-02	0.000000e+00	0.000000e+00	6.410390e-02	6.494328e-04	1.524904e-02	0.000000e+00	4.837874e-02	0.000000e+00	3.530239e-03	0.000000e+00	0.000000e+00	0.000000e+00	0.000000e+00	0.000000e+00	2.261475e-02	5.822459e-02	0.000000e+00	6.419772e-03	6.425293e-01	-3.684598e-01
6.425293e-01	0.000000e+00	4.991121e-02	7.209143e-03	0.000000e+00	0.000000e+00	7.143034e-03	0.000000e+00	0.000000e+00	0.000000e+00	7.153071e-03	1.680164e-02	0.000000e+00	0.000000e+00	6.410390e-02	6.494328e-04	1.524904e-02	0.000000e+00	4.837874e-02	0.000000e+00	3.530239e-03	0.000000e+00	0.000000e+00	0.000000e+00	0.000000e+00	0.000000e+00	2.261475e-02	5.822459e-02	0.000000e+00	6.419772e-03	6.425293e-01	-3.684598e-01
6.425293e-01	0.000000e+00	4.991121e-02	7.209143e-03	0.000000e+00	0.000000e+00	7.143034e-03	0.000000e+00	0.000000e+00	0.000000e+00	7.153071e-03	1.680164e-02	0.000000e+00	0.000000e+00	6.410390e-02	6.494328e-04	1.524904e-02	0.000000e+00	4.837874e-02	0.000000e+00	3.530239e-03	0.000000e+00	0.000000e+00	0.000000e+00	0.000000e+00	0.000000e+00	2.261475e-02	5.822459e-02	0.000000e+00	6.419772e-03	6.425293e-01	-3.684598e-01
6.425293e-01	0.000000e+00	4.991121e-02	7.209143e-03	0.000000e+00	0.000000e+00	7.143034e-03	0.000000e+00	0.000000e+00	0.000000e+00	7.153071e-03	1.680164e-02	0.000000e+00	0.000000e+00	6.410390e-02	6.494328e-04	1.524904e-02	0.000000e+00	4.837874e-02	0.000000e+00	3.530239e-03	0.000000e+00	0.000000e+00	0.000000e+00	0.000000e+00	0.000000e+00	2.261475e-02	5.822459e-02	0.000000e+00	6.419772e-03	6.425293e-01	-3.684598e-01
6.425293e-01	0.000000e+00	4.991121e-02	7.209143e-03	0.000000e+00	0.000000e+00	7.143034e-03	0.000000e+00	0.000000e+00	0.000000e+00	7.153071e-03	1.680164e-02	0.000000e+00	0.000000e+00	6.410390e-02	6.494328e-04	1.524904e-02	0.000000e+00	4.837874e-02	0.000000e+00	3.530239e-03	0.000000e+00	0.000000e+00	0.000000e+00	0.000000e+00	0.000000e+00	2.261475e-02	5.822459e-02	0.000000e+00	6.419772e-03	6.425293e-01	-3.684598e-01
6.352964e-01	0.000000e+00	1.413744e-02	7.209143e-03	0.000000e+00	0.000000e+00	7.470230e-03	0.000000e+00	0.000000e+00	1.835884e-03	7.153071e-03	1.470144e-02	0.000000e+00	0.000000e+00	4.822594e-02	6.804027e-02	1.524904e-02	0.000000e+00	4.837874e-02	0.000000e+00	0.000000e+00	0.000000e+00	0.000000e+00	0.000000e+00	0.000000e+00	0.000000e+00	4.965327e-02	5.822459e-02	0.000000e+00	6.419772e-03	6.352964e-01	-2.999581e-01
6.352964e-01	0.000000e+00	1.413744e-02	7.209143e-03	0.000000e+00	0.000000e+00	7.470230e-03	0.000000e+00	0.000000e+00	1.835884e-03	7.153071e-03	1.470144e-02	0.000000e+00	0.000000e+00	4.822594e-02	6.804027e-02	1.524904e-02	0.000000e+00	4.837874e-02	0.000000e+00	0.000000e+00	0.000000e+00	0.000000e+00	0.000000e+00	0.000000e+00	0.000000e+00	4.965327e-02	5.822459e-02	0.000000e+00	6.419772e-03	6.352964e-01	-2.999581e-01
6.352964e-01	0.000000e+00	1.413744e-02	7.209143e-03	0.000000e+00	0.000000e+00	7.470230e-03	0.000000e+00	0.000000e+00	1.835884e-03	7.153071e-03	1.470144e-02	0.000000e+00	0.000000e+00	4.822594e-02	6.804027e-02	1.524904e-02	0.000000e+00	4.837874e-02	0.000000e+00	0.000000e+00	0.000000e+00	0.000000e+00	0.000000e+00	0.000000e+00	0.000000e+00	4.965327e-02	5.822459e-02	0.000000e+00	6.419772e-03	6.352964e-01	-2.999581e-01
4.519710e-01	0.000000e+00	1.413744e-02	7.209143e-03	0.000000e+00	0.000000e+00	7.143034e-03	0.000000e+00	0.000000e+00	0.000000e+00	7.153071e-03	1.680164e-02	0.000000e+00	0.000000e+00	5.920646e-04	6.494328e-04	1.524904e-02	0.000000e+00	0.000000e+00	0.000000e+00	3.530239e-03	2.701178e-02	0.000000e+00	0.000000e+00	0.000000e+00	0.000000e+00	2.261475e-02	5.822459e-02	0.000000e+00	6.419772e-03	4.519710e-01	-8.464622e-02
4.519710e-01	0.000000e+00	1.413744e-02	7.209143e-03	0.000000e+00	0.000000e+00	7.143034e-03	0.000000e+00	0.000000e+00	0.000000e+00	7.153071e-03	1.680164e-02	0.000000e+00	0.000000e+00	5.920646e-04	6.494328e-04	1.524904e-02	0.000000e+00	0.000000e+00	0.000000e+00	3.530239e-03	2.701178e-02	0.000000e+00	0.000000e+00	0.000000e+00	0.000000e+00	2.261475e-02	5.822459e-02	0.000000e+00	6.419772e-03	4.519710e-01	-8.464622e-02
4.519710e-01	0.000000e+00	1.413744e-02	7.209143e-03	0.000000e+00	0.000000e+00	7.143034e-03	0.000000e+00	0.000000e+00	0.000000e+00	7.153071e-03	1.680164e-02	0.000000e+00	0.000000e+00	5.920646e-04	6.494328e-04	1.524904e-02	0.000000e+00	0.000000e+00	0.000000e+00	3.530239e-03	2.701178e-02	0.000000e+00	0.000000e+00	0.000000e+00	0.000000e+00	2.261475e-02	5.822459e-02	0.000000e+00	6.419772e-03	4.519710e-01	-8.464622e-02
4.519710e-01	0.000000e+00	1.413744e-02	7.209143e-03	0.000000e+00	0.000000e+00	7.143034e-03	0.000000e+00	0.000000e+00	0.000000e+00	7.153071e-03	1.680164e-02	0.000000e+00	0.000000e+00	5.920646e-04	6.494328e-04	1.524904e-02	0.000000e+00	0.000000e+00	0.000000e+00	3.530239e-03	2.701178e-02	0.000000e+00	0.000000e+00	0.000000e+00	0.000000e+00	2.261475e-02	5.822459e-02	0.000000e+00	6.419772e-03	4.519710e-01	-8.464622e-02
4.519710e-01	0.000000e+00	1.413744e-02	7.209143e-03	0.000000e+00	0.000000e+00	7.143034e-03	0.000000e+00	0.000000e+00	0.000000e+00	7.153071e-03	1.680164e-02	0.000000e+00	0.000000e+00	5.920646e-04	6.494328e-04	1.524904e-02	0.000000e+00	0.000000e+00	0.000000e+00	3.530239e-03	2.701178e-02	0.000000e+00	0.000000e+00	0.000000e+00	0.000000e+00	2.261475e-02	5.822459e-02	0.000000e+00	6.419772e-03	4.519710e-01	-8.464622e-02
4.519710e-01	0.000000e+00	1.413744e-02	7.209143e-03	0.000000e+00	0.000000e+00	7.143034e-03	0.000000e+00	0.000000e+00	0.000000e+00	7.153071e-03	1.680164e-02	0.000000e+00	0.000000e+00	5.920646e-04	6.494328e-04	1.524904e-02	0.000000e+00	0.000000e+00	0.000000e+00	3.530239e-03	2.701178e-02	0.000000e+00	0.000000e+00	0.000000e+00	0.000000e+00	2.261475e-02	5.822459e-02	0.000000e+00	6.419772e-03	4.519710e-01	-8.464622e-02
4.519710e-01	0.000000e+00	1.413744e-02	7.209143e-03	0.000000e+00	0.000000e+00	7.143034e-03	0.000000e+00	0.000000e+00	0.000000e+00	7.153071e-03	1.680164e-02	0.000000e+00	0.000000e+00	5.920646e-04	6.494328e-04	1.524904e-02	0.000000e+00	0.000000e+00	0.000000e+00	3.530239e-03	2.701178e-02	0.000000e+00	0.000000e+00	0.000000e+00	0.000000e+00	2.261475e-02	5.822459e-02	0.000000e+00	6.419772e-03	4.519710e-01	-8.464622e-02
4.519710e-01	0.000000e+00	1.413744e-02	7.209143e-03	0.000000e+00	0.000000e+00	7.143034e-03	0.000000e+00	0.000000e+00	0.000000e+00	7.153071e-03	1.680164e-02	0.000000e+00	0.000000e+00	5.920646e-04	6.494328e-04	1.524904e-02	0.000000e+00	0.000000e+00	0.000000e+00	3.530239e-03	2.701178e-02	0.000000e+00	0.000000e+00	0.000000e+00	0.000000e+00	2.261475e-02	5.822459e-02	0.000000e+00	6.419772e-03	4.519710e-01	-8.464622e-02
4.519710e-01	0.000000e+00	1.413744e-02	7.209143e-03	0.000000e+00	0.000000e+00	7.143034e-03	0.000000e+00	0.000000e+00	0.000000e+00	7.153071e-03	1.680164e-02	0.000000e+00	0.000000e+00	5.920646e-04	6.494328e-04	1.524904e-02	0.000000e+00	0.000000e+00	0.000000e+00	3.530239e-03	2.701178e-02	0.000000e+00	0.000000e+00	0.000000e+00	0.000000e+00	2.261475e-02	5.822459e-02	0.000000e+00	6.419772e-03	4.519710e-01	-8.464622e-02
4.519710e-01	0.000000e+00	1.413744e-02	7.209143e-03	0.000000e+00	0.000000e+00	7.143034e-03	0.000000e+00	0.000000e+00	9.512192e-03	7.153071e-03	1.680164e-02	0.000000e+00	0.000000e+00	5.920646e-04	6.494328e-04	1.426440e-02	0.000000e+00	6.999666e-02	0.000000e+00	3.530239e-03	2.701178e-02	0.000000e+00	6.851774e-04	0.000000e+00	0.000000e+00	2.261475e-02	5.822459e-02	0.000000e+00	6.419772e-03	4.519710e-01	-6.805152e-02
4.423272e-01	0.000000e+00	6.973474e-03	4.430619e-03	0.000000e+00	4.229310e-02	7.579295e-03	0.000000e+00	0.000000e+00	3.304591e-03	7.153071e-03	4.200410e-03	2.292131e-03	0.000000e+00	5.920646e-04	0.000000e+00	1.623297e-02	0.000000e+00	0.000000e+00	0.000000e+00	2.471167e-03	0.000000e+00	0.000000e+00	7.188334e-03	0.000000e+00	0.000000e+00	3.613401e-02	4.963658e-02	2.984966e-03	6.004680e-03	4.423272e-01	-5.298743e-02
4.423272e-01	0.000000e+00	6.973474e-03	4.430619e-03	0.000000e+00	4.229310e-02	7.579295e-03	0.000000e+00	0.000000e+00	3.304591e-03	7.153071e-03	4.200410e-03	2.292131e-03	0.000000e+00	5.920646e-04	0.000000e+00	1.623297e-02	0.000000e+00	0.000000e+00	0.000000e+00	2.471167e-03	0.000000e+00	0.000000e+00	7.188334e-03	0.000000e+00	0.000000e+00	3.613401e-02	4.963658e-02	2.984966e-03	6.004680e-03	4.423272e-01	-5.298743e-02
4.375053e-01	0.000000e+00	1.426444e-02	2.102667e-03	0.000000e+00	1.681015e-02	7.797426e-03	0.000000e+00	0.000000e+00	3.671768e-03	7.153071e-03	1.260123e-02	0.000000e+00	0.000000e+00	5.920646e-04	6.494328e-04	1.032870e-02	0.000000e+00	0.000000e+00	0.000000e+00	2.118144e-03	2.701178e-02	0.000000e+00	0.000000e+00	0.000000e+00	0.000000e+00	7.669179e-02	5.822459e-02	0.000000e+00	1.478259e-02	4.375053e-01	-1.225068e-02
4.350944e-01	0.000000e+00	1.439143e-02	0.000000e+00	0.000000e+00	2.114655e-02	8.015557e-03	0.000000e+00	0.000000e+00	2.636792e-02	6.328216e-03	1.260123e-02	0.000000e+00	0.000000e+00	2.960323e-04	4.789258e-04	1.660077e-02	0.000000e+00	0.000000e+00	0.000000e+00	3.883263e-03	1.973991e-02	0.000000e+00	3.594167e-03	0.000000e+00	0.000000e+00	8.345142e-02	6.848673e-02	1.492483e-03	1.436750e-02	4.350944e-01	1.547171e-02
4.326834e-01	0.000000e+00	1.388345e-02	1.501905e-02	0.000000e+00	7.618113e-02	7.143034e-03	0.000000e+00	0.000000e+00	2.489921e-02	9.666914e-03	0.000000e+00	0.000000e+00	2.490809e-02	5.920646e-04	1.731821e-03	0.000000e+00	0.000000e+00	0.000000e+00	0.000000e+00	0.000000e+00	2.701178e-02	0.000000e+00	2.806816e-02	0.000000e+00	0.000000e+00	2.261475e-02	1.860430e-03	1.053656e-02	1.715511e-02	4.326834e-01	3.117576e-02
4.293522e-01	0.000000e+00	6.973474e-03	4.543262e-03	3.112974e-02	6.343965e-02	7.143034e-03	0.000000e+00	0.000000e+00	1.902438e-02	7.349465e-03	0.000000e+00	0.000000e+00	0.000000e+00	5.920646e-04	0.000000e+00	1.524904e-02	0.000000e+00	0.000000e+00	0.000000e+00	4.236287e-03	2.701178e-02	0.000000e+00	7.188334e-03	0.000000e+00	0.000000e+00	2.261475e-02	4.104856e-02	2.984966e-03	1.297370e-02	4.293522e-01	6.024187e-02
4.278615e-01	0.000000e+00	1.439143e-02	1.389262e-03	0.000000e+00	0.000000e+00	8.451818e-03	0.000000e+00	0.000000e+00	2.636792e-02	5.503361e-03	2.100205e-02	0.000000e+00	0.000000e+00	0.000000e+00	8.036422e-04	1.696857e-02	0.000000e+00	3.499833e-02	0.000000e+00	4.412799e-03	3.324580e-02	0.000000e+00	0.000000e+00	0.000000e+00	0.000000e+00	1.307688e-01	7.278074e-02	0.000000e+00	1.457505e-02	4.278615e-01	9.905459e-02
4.278615e-01	0.000000e+00	1.439143e-02	1.389262e-03	0.000000e+00	0.000000e+00	8.451818e-03	0.000000e+00	0.000000e+00	2.636792e-02	5.503361e-03	2.100205e-02	0.000000e+00	0.000000e+00	0.000000e+00	8.036422e-04	1.696857e-02	0.000000e+00	3.499833e-02	0.000000e+00	4.412799e-03	3.324580e-02	0.000000e+00	0.000000e+00	0.000000e+00	0.000000e+00	1.307688e-01	7.278074e-02	0.000000e+00	1.457505e-02	4.278615e-01	9.905459e-02
4.278615e-01	0.000000e+00	1.439143e-02	1.389262e-03	0.000000e+00	0.000000e+00	8.451818e-03	0.000000e+00	0.000000e+00	2.636792e-02	5.503361e-03	2.100205e-02	0.000000e+00	0.000000e+00	0.000000e+00	8.036422e-04	1.696857e-02	0.000000e+00	3.499833e-02	0.000000e+00	4.412799e-03	3.324580e-02	0.000000e+00	0.000000e+00	0.000000e+00	0.000000e+00	1.307688e-01	7.278074e-02	0.000000e+00	1.457505e-02	4.278615e-01	9.905459e-02
4.185029e-01	0.000000e+00	1.426444e-02	3.717214e-03	1.610678e-02	8.458620e-02	8.669948e-03	2.413094e-03	0.000000e+00	2.600074e-02	5.915788e-03	1.470144e-02	0.000000e+00	0.000000e+00	5.920646e-04	5.641793e-04	1.506262e-02	0.000000e+00	0.000000e+00	0.000000e+00	4.589311e-03	1.973991e-02	0.000000e+00	5.391251e-03	0.000000e+00	0.000000e+00	4.965327e-02	5.906165e-02	5.969932e-03	1.736266e-02	4.185029e-01	1.986119e-01
4.163772e-01	0.000000e+00	1.413744e-02	4.655905e-03	3.112974e-02	8.458620e-02	8.669948e-03	4.826188e-03	0.000000e+00	2.563357e-02	7.153071e-03	0.000000e+00	0.000000e+00	0.000000e+00	5.920646e-04	0.000000e+00	1.278887e-02	0.000000e+00	0.000000e+00	0.000000e+00	4.236287e-03	1.973991e-02	0.000000e+00	1.437667e-02	0.000000e+00	0.000000e+00	4.965327e-02	4.104856e-02	5.969932e-03	1.994272e-02	4.163772e-01	2.241195e-01
4.163772e-01	0.000000e+00	1.432793e-02	4.655905e-03	0.000000e+00	8.458620e-02	8.669948e-03	0.000000e+00	0.000000e+00	2.563357e-02	6.760283e-03	0.000000e+00	6.876392e-03	0.000000e+00	5.920646e-04	1.646567e-03	1.278887e-02	0.000000e+00	0.000000e+00	0.000000e+00	4.236287e-03	1.973991e-02	0.000000e+00	1.437667e-02	0.000000e+00	0.000000e+00	4.965327e-02	1.018930e-01	5.969932e-03	1.994272e-02	4.163772e-01	2.312746e-01
2.561460e-01	0.000000e+00	1.388345e-02	1.501905e-02	6.225948e-02	0.000000e+00	8.888079e-03	9.652376e-03	0.000000e+00	2.489921e-02	9.666914e-03	2.891012e-03	0.000000e+00	0.000000e+00	2.406488e-03	2.413849e-03	0.000000e+00	0.000000e+00	0.000000e+00	0.000000e+00	0.000000e+00	2.701178e-02	0.000000e+00	2.806816e-02	0.000000e+00	0.000000e+00	0.000000e+00	1.860430e-03	6.671582e-03	1.715511e-02	2.561460e-01	2.967771e-01
2.561460e-01	0.000000e+00	1.388345e-02	1.501905e-02	6.225948e-02	0.000000e+00	8.888079e-03	9.652376e-03	0.000000e+00	2.489921e-02	9.666914e-03	2.891012e-03	0.000000e+00	0.000000e+00	2.406488e-03	2.413849e-03	0.000000e+00	0.000000e+00	0.000000e+00	0.000000e+00	0.000000e+00	2.701178e-02	0.000000e+00	2.806816e-02	0.000000e+00	0.000000e+00	0.000000e+00	1.860430e-03	6.671582e-03	1.715511e-02	2.561460e-01	2.967771e-01
2.561460e-01	0.000000e+00	1.388345e-02	1.501905e-02	6.225948e-02	0.000000e+00	8.888079e-03	9.652376e-03	0.000000e+00	2.489921e-02	9.666914e-03	2.891012e-03	0.000000e+00	0.000000e+00	2.406488e-03	2.413849e-03	0.000000e+00	0.000000e+00	0.000000e+00	0.000000e+00	0.000000e+00	2.701178e-02	0.000000e+00	2.806816e-02	0.000000e+00	0.000000e+00	0.000000e+00	1.860430e-03	6.671582e-03	1.715511e-02	2.561460e-01	2.967771e-01
2.561460e-01	0.000000e+00	1.388345e-02	1.501905e-02	6.225948e-02	0.000000e+00	8.888079e-03	9.652376e-03	0.000000e+00	2.489921e-02	9.666914e-03	2.891012e-03	0.000000e+00	0.000000e+00	2.406488e-03	2.413849e-03	0.000000e+00	0.000000e+00	0.000000e+00	0.000000e+00	0.000000e+00	2.701178e-02	0.000000e+00	2.806816e-02	0.000000e+00	0.000000e+00	0.000000e+00	1.860430e-03	6.671582e-03	1.715511e-02	2.561460e-01	2.967771e-01
2.561460e-01	0.000000e+00	1.388345e-02	1.501905e-02	6.225948e-02	0.000000e+00	8.888079e-03	9.652376e-03	0.000000e+00	2.489921e-02	9.666914e-03	2.891012e-03	0.000000e+00	0.000000e+00	2.406488e-03	2.413849e-03	0.000000e+00	0.000000e+00	0.000000e+00	0.000000e+00	0.000000e+00	2.701178e-02	0.000000e+00	2.806816e-02	0.000000e+00	0.000000e+00	0.000000e+00	1.860430e-03	6.671582e-03	1.715511e-02	2.561460e-01	2.967771e-01
2.561460e-01	0.000000e+00	1.388345e-02	1.501905e-02	6.225948e-02	0.000000e+00	8.888079e-03	9.652376e-03	0.000000e+00	2.489921e-02	9.666914e-03	2.891012e-03	0.000000e+00	0.000000e+00	2.406488e-03	2.413849e-03	0.000000e+00	0.000000e+00	0.000000e+00	0.000000e+00	0.000000e+00	2.701178e-02	0.000000e+00	2.806816e-02	0.000000e+00	0.000000e+00	0.000000e+00	1.860430e-03	6.671582e-03	1.715511e-02	2.561460e-01	2.967771e-01
2.561460e-01	0.000000e+00	1.388345e-02	1.501905e-02	6.225948e-02	0.000000e+00	8.888079e-03	9.652376e-03	0.000000e+00	2.489921e-02	9.666914e-03	2.891012e-03	0.000000e+00	0.000000e+00	2.406488e-03	2.413849e-03	0.000000e+00	0.000000e+00	0.000000e+00	0.000000e+00	0.000000e+00	2.701178e-02	0.000000e+00	2.806816e-02	0.000000e+00	0.000000e+00	0.000000e+00	1.860430e-03	6.671582e-03	1.715511e-02	2.561460e-01	2.967771e-01
2.561460e-01	0.000000e+00	1.388345e-02	1.501905e-02	6.225948e-02	0.000000e+00	8.888079e-03	9.652376e-03	0.000000e+00	2.489921e-02	9.666914e-03	2.891012e-03	0.000000e+00	0.000000e+00	2.406488e-03	2.413849e-03	0.000000e+00	0.000000e+00	0.000000e+00	0.000000e+00	0.000000e+00	2.701178e-02	0.000000e+00	2.806816e-02	0.000000e+00	0.000000e+00	0.000000e+00	1.860430e-03	6.671582e-03	1.715511e-02	2.561460e-01	2.967771e-01
2.561460e-01	0.000000e+00	1.388345e-02	1.501905e-02	6.225948e-02	0.000000e+00	8.888079e-03	9.652376e-03	0.000000e+00	2.489921e-02	9.666914e-03	2.891012e-03	0.000000e+00	0.000000e+00	2.406488e-03	2.413849e-03	0.000000e+00	0.000000e+00	0.000000e+00	0.000000e+00	0.000000e+00	2.701178e-02	0.000000e+00	2.806816e-02	0.000000e+00	0.000000e+00	0.000000e+00	1.860430e-03	6.671582e-03	1.715511e-02	2.561460e-01	2.967771e-01
2.529687e-01	0.000000e+00	2.607544e-02	1.501905e-02	6.225948e-02	0.000000e+00	8.888079e-03	1.206547e-02	0.000000e+00	2.489921e-02	9.666914e-03	2.891012e-03	0.000000e+00	0.000000e+00	2.406488e-03	2.413849e-03	1.035237e-02	0.000000e+00	0.000000e+00	0.000000e+00	0.000000e+00	2.701178e-02	0.000000e+00	2.806816e-02	0.000000e+00	0.000000e+00	0.000000e+00	1.860430e-03	3.335791e-03	1.715511e-02	2.529687e-01	3.046374e-01
2.436398e-01	0.000000e+00	3.826743e-02	1.501905e-02	6.225948e-02	0.000000e+00	8.888079e-03	1.447856e-02	0.000000e+00	2.783663e-02	9.666914e-03	1.283965e-02	0.000000e+00	0.000000e+00	2.406488e-03	2.754863e-03	2.070474e-02	0.000000e+00	0.000000e+00	1.051770e-02	0.000000e+00	2.143564e-03	0.000000e+00	0.000000e+00	0.000000e+00	0.000000e+00	0.000000e+00	2.807593e-02	0.000000e+00	2.273032e-02	2.436398e-01	3.331720e-01
2.386579e-01	0.000000e+00	3.212280e-02	1.338573e-02	6.225948e-02	0.000000e+00	8.779014e-03	7.239282e-03	2.182612e-02	2.489921e-02	8.842059e-03	2.891012e-03	0.000000e+00	0.000000e+00	2.110455e-03	2.815670e-03	2.089852e-03	0.000000e+00	0.000000e+00	0.000000e+00	8.825598e-05	0.000000e+00	0.000000e+00	6.845746e-03	0.000000e+00	0.000000e+00	0.000000e+00	1.772652e-02	6.671582e-03	1.715511e-02	2.386579e-01	3.438886e-01
2.329158e-01	0.000000e+00	3.199581e-02	1.501905e-02	6.225948e-02	0.000000e+00	8.888079e-03	9.652376e-03	2.182612e-02	2.489921e-02	9.666914e-03	9.433534e-03	0.000000e+00	1.562110e-03	2.406488e-03	2.413849e-03	0.000000e+00	0.000000e+00	0.000000e+00	0.000000e+00	0.000000e+00	3.786463e-02	0.000000e+00	1.403408e-02	0.000000e+00	0.000000e+00	0.000000e+00	1.860430e-03	6.671582e-03	1.715511e-02	2.329158e-01	3.830146e-01
2.213007e-01	0.000000e+00	4.105199e-02	2.057609e-02	6.225948e-02	0.000000e+00	8.888079e-03	9.652376e-03	2.182612e-02	2.489921e-02	4.833457e-03	9.433534e-03	0.000000e+00	0.000000e+00	2.406488e-03	2.413849e-03	0.000000e+00	0.000000e+00	0.000000e+00	0.000000e+00	0.000000e+00	2.701178e-02	0.000000e+00	7.017040e-03	2.078039e-04	0.000000e+00	0.000000e+00	1.860430e-03	3.933235e-02	1.715511e-02	2.213007e-01	4.641813e-01
2.213007e-01	0.000000e+00	1.701926e-02	1.844527e-02	3.226101e-02	0.000000e+00	4.657042e-02	7.239282e-03	2.291750e-02	3.461486e-02	4.833457e-03	3.134200e-02	0.000000e+00	0.000000e+00	1.203244e-03	0.000000e+00	1.188316e-02	0.000000e+00	0.000000e+00	1.244458e-02	0.000000e+00	9.151251e-03	5.481878e-05	2.105112e-02	0.000000e+00	1.294240e-03	0.000000e+00	8.966337e-03	6.300652e-03	1.994272e-02	2.213007e-01	4.657955e-01
2.096856e-01	0.000000e+00	5.010817e-02	2.057609e-02	3.339227e-02	0.000000e+00	8.888079e-03	9.652376e-03	4.365224e-02	2.489921e-02	4.833457e-03	1.597606e-02	0.000000e+00	3.124221e-03	2.406488e-03	2.413849e-03	1.224630e-02	0.000000e+00	0.000000e+00	2.096967e-02	0.000000e+00	2.786633e-03	0.000000e+00	0.000000e+00	2.078039e-04	0.000000e+00	0.000000e+00	3.231700e-02	6.671582e-03	1.715511e-02	2.096856e-01	5.544992e-01
1.980705e-01	0.000000e+00	4.101460e-02	1.742209e-02	0.000000e+00	0.000000e+00	6.666059e-03	8.673617e-19	4.864120e-02	2.343051e-02	0.000000e+00	4.230816e-02	0.000000e+00	0.000000e+00	1.203244e-03	0.000000e+00	3.061574e-03	0.000000e+00	0.000000e+00	1.313069e-02	0.000000e+00	3.108168e-03	5.481878e-05	1.403408e-02	0.000000e+00	1.941360e-03	0.000000e+00	0.000000e+00	1.489156e-02	1.655869e-02	1.980705e-01	6.269738e-01
1.980705e-01	0.000000e+00	4.101460e-02	1.742209e-02	0.000000e+00	0.000000e+00	6.666059e-03	8.673617e-19	4.864120e-02	2.343051e-02	0.000000e+00	4.230816e-02	0.000000e+00	0.000000e+00	1.203244e-03	0.000000e+00	3.061574e-03	0.000000e+00	0.000000e+00	1.313069e-02	0.000000e+00	3.108168e-03	5.481878e-05	1.403408e-02	0.000000e+00	1.941360e-03	0.000000e+00	0.000000e+00	1.489156e-02	1.655869e-02	1.980705e-01	6.269738e-01
1.908934e-01	0.000000e+00	3.609557e-02	2.414312e-02	2.715707e-02	0.000000e+00	9.999089e-03	4.826188e-03	3.554537e-02	6.244106e-02	4.833457e-03	3.788452e-02	0.000000e+00	0.000000e+00	1.203244e-03	1.206924e-03	3.061574e-03	0.000000e+00	0.000000e+00	9.235857e-03	0.000000e+00	1.143575e-02	3.517473e-03	3.292375e-03	5.195097e-04	1.294240e-03	0.000000e+00	8.966337e-03	2.890429e-02	1.616000e-02	1.908934e-01	6.979669e-01
8.515078e-02	0.000000e+00	3.720890e-02	2.187149e-02	2.262530e-03	0.000000e+00	5.555049e-03	4.336809e-19	6.766112e-02	4.433050e-02	0.000000e+00	6.633551e-02	0.000000e+00	0.000000e+00	0.000000e+00	0.000000e+00	3.061574e-03	0.000000e+00	0.000000e+00	2.488915e-02	0.000000e+00	1.500495e-03	2.740939e-05	0.000000e+00	2.597548e-04	2.588480e-03	0.000000e+00	1.607224e-02	1.260130e-02	1.516488e-02	8.515078e-02	7.554312e-01
8.515078e-02	0.000000e+00	3.720890e-02	2.187149e-02	2.262530e-03	0.000000e+00	5.555049e-03	4.336809e-19	6.766112e-02	4.433050e-02	0.000000e+00	6.633551e-02	0.000000e+00	0.000000e+00	0.000000e+00	0.000000e+00	3.061574e-03	0.000000e+00	0.000000e+00	2.488915e-02	0.000000e+00	1.500495e-03	2.740939e-05	0.000000e+00	2.597548e-04	2.588480e-03	0.000000e+00	1.607224e-02	1.260130e-02	1.516488e-02	8.515078e-02	7.554312e-01
8.515078e-02	0.000000e+00	3.720890e-02	2.187149e-02	2.262530e-03	0.000000e+00	5.555049e-03	4.336809e-19	6.766112e-02	4.433050e-02	0.000000e+00	6.633551e-02	0.000000e+00	0.000000e+00	0.000000e+00	0.000000e+00	3.061574e-03	0.000000e+00	0.000000e+00	2.488915e-02	0.000000e+00	1.500495e-03	2.740939e-05	0.000000e+00	2.597548e-04	2.588480e-03	0.000000e+00	1.607224e-02	1.260130e-02	1.516488e-02	8.515078e-02	7.554312e-01
8.515078e-02	0.000000e+00	3.720890e-02	2.187149e-02	2.262530e-03	0.000000e+00	5.555049e-03	4.336809e-19	6.766112e-02	4.433050e-02	0.000000e+00	6.633551e-02	0.000000e+00	0.000000e+00	0.000000e+00	0.000000e+00	3.061574e-03	0.000000e+00	0.000000e+00	2.488915e-02	0.000000e+00	1.500495e-03	2.740939e-05	0.000000e+00	2.597548e-04	2.588480e-03	0.000000e+00	1.607224e-02	1.260130e-02	1.516488e-02	8.515078e-02	7.554312e-01
8.515078e-02	0.000000e+00	3.720890e-02	2.187149e-02	2.262530e-03	0.000000e+00	5.555049e-03	4.336809e-19	6.766112e-02	4.433050e-02	0.000000e+00	6.633551e-02	0.000000e+00	0.000000e+00	0.000000e+00	0.000000e+00	3.061574e-03	0.000000e+00	0.000000e+00	2.488915e-02	0.000000e+00	1.500495e-03	2.740939e-05	0.000000e+00	2.597548e-04	2.588480e-03	0.000000e+00	1.607224e-02	1.260130e-02	1.516488e-02	8.515078e-02	7.554312e-01
8.515078e-02	0.000000e+00	3.720890e-02	2.187149e-02	2.262530e-03	0.000000e+00	5.555049e-03	4.336809e-19	6.766112e-02	4.433050e-02	0.000000e+00	6.633551e-02	0.000000e+00	0.000000e+00	0.000000e+00	0.000000e+00	3.061574e-03	0.000000e+00	0.000000e+00	2.488915e-02	0.000000e+00	1.500495e-03	2.740939e-05	0.000000e+00	2.597548e-04	2.588480e-03	0.000000e+00	1.607224e-02	1.260130e-02	1.516488e-02	8.515078e-02	7.554312e-01
6.192060e-02	0.000000e+00	3.720890e-02	1.399587e-02	2.999848e-02	0.000000e+00	4.444039e-03	0.000000e+00	2.572369e-02	1.371486e-02	0.000000e+00	1.385717e-02	0.000000e+00	0.000000e+00	2.406488e-03	1.206924e-03	3.061574e-03	0.000000e+00	0.000000e+00	3.664762e-02	0.000000e+00	1.500495e-03	4.111409e-05	0.000000e+00	6.234116e-04	2.588480e-03	0.000000e+00	1.607224e-02	1.031105e-02	1.755380e-02	6.192060e-02	7.564450e-01
5.247764e-02	0.000000e+00	3.720890e-02	2.187149e-02	3.508917e-02	0.000000e+00	8.332574e-03	9.652376e-03	6.766112e-02	1.518357e-02	4.833457e-03	0.000000e+00	0.000000e+00	0.000000e+00	1.804866e-03	2.413849e-03	1.224630e-02	0.000000e+00	0.000000e+00	0.000000e+00	0.000000e+00	1.982797e-03	2.740939e-05	0.000000e+00	4.026200e-04	4.853399e-04	0.000000e+00	4.437118e-02	4.953889e-03	1.516488e-02	5.247764e-02	7.967702e-01
4.008717e-02	0.000000e+00	3.583531e-02	1.600047e-02	2.715707e-02	0.000000e+00	0.000000e+00	7.239282e-03	4.365224e-02	6.244106e-02	4.833457e-03	3.459818e-02	0.000000e+00	1.146646e-02	1.203244e-03	1.103799e-02	1.341394e-02	0.000000e+00	0.000000e+00	9.235857e-03	0.000000e+00	1.714851e-03	3.517473e-03	3.292375e-03	5.195097e-04	2.588480e-03	2.327027e-02	7.381674e-02	2.865267e-03	2.176524e-02	4.008717e-02	8.769197e-01
2.869090e-02	0.000000e+00	3.530605e-02	2.409618e-02	3.393794e-03	0.000000e+00	5.555049e-03	4.336809e-19	7.717108e-02	5.478049e-02	0.000000e+00	6.633551e-02	0.000000e+00	1.948358e-02	0.000000e+00	0.000000e+00	3.061574e-03	0.000000e+00	0.000000e+00	3.076839e-02	0.000000e+00	1.500495e-03	2.740939e-05	0.000000e+00	3.896322e-04	2.912039e-03	0.000000e+00	2.410837e-02	1.145618e-02	1.516488e-02	2.869090e-02	9.150576e-01
9.815394e-03	0.000000e+00	4.327864e-02	1.603283e-02	2.262530e-03	0.000000e+00	0.000000e+00	4.336809e-19	8.605762e-02	4.433050e-02	0.000000e+00	6.633551e-02	0.000000e+00	0.000000e+00	0.000000e+00	0.000000e+00	0.000000e+00	0.000000e+00	0.000000e+00	2.488915e-02	2.963543e-02	7.141273e-03	2.192751e-04	0.000000e+00	0.000000e+00	2.588480e-03	0.000000e+00	1.607224e-02	6.726371e-03	1.516488e-02	9.815394e-03	1.004502e+00
0.000000e+00	0.000000e+00	4.327864e-02	2.251918e-02	2.262530e-03	0.000000e+00	0.000000e+00	2.558327e-02	9.587930e-02	4.433050e-02	0.000000e+00	2.023379e-02	0.000000e+00	0.000000e+00	0.000000e+00	0.000000e+00	0.000000e+00	0.000000e+00	0.000000e+00	2.488915e-02	2.963543e-02	7.141273e-03	1.781610e-04	0.000000e+00	0.000000e+00	0.000000e+00	3.858470e-02	7.178614e-02	6.726371e-03	1.516488e-02	0.000000e+00	1.139094e+00
