8.442777e-01	7.306859e-02	0.000000e+00	0.000000e+00	8.421565e-03	0.000000e+00	4.210631e-02	1.762295e-02	4.670539e-04	5.067171e-01	0.000000e+00	3.968621e-01	0.000000e+00	4.866350e-03	3.069403e-01	0.000000e+00	1.365095e-03	0.000000e+00	4.599919e-02	0.000000e+00	1.467293e-03	1.063139e-01	0.000000e+00	0.000000e+00	4.434253e-02	3.566863e-02	0.000000e+00	5.611682e-02	9.474775e-02	0.000000e+00	8.442777e-01	-4.303246e-01
8.442777e-01	7.306859e-02	0.000000e+00	0.000000e+00	8.421565e-03	0.000000e+00	4.210631e-02	1.762295e-02	4.670539e-04	5.067171e-01	0.000000e+00	3.968621e-01	0.000000e+00	4.866350e-03	3.069403e-01	0.000000e+00	1.365095e-03	0.000000e+00	4.599919e-02	0.000000e+00	1.467293e-03	1.063139e-01	0.000000e+00	0.000000e+00	4.434253e-02	3.566863e-02	0.000000e+00	5.611682e-02	9.474775e-02	0.000000e+00	8.442777e-01	-4.303246e-01
8.442777e-01	7.306859e-02	0.000000e+00	0.000000e+00	8.421565e-03	0.000000e+00	4.210631e-02	1.762295e-02	4.670539e-04	5.067171e-01	0.000000e+00	3.968621e-01	0.000000e+00	4.866350e-03	3.069403e-01	0.000000e+00	1.365095e-03	0.000000e+00	4.599919e-02	0.000000e+00	1.467293e-03	1.063139e-01	0.000000e+00	0.000000e+00	4.434253e-02	3.566863e-02	0.000000e+00	5.611682e-02	9.474775e-02	0.000000e+00	8.442777e-01	-4.303246e-01
8.442777e-01	7.306859e-02	0.000000e+00	0.000000e+00	8.421565e-03	0.000000e+00	0.000000e+00	1.762295e-02	1.945572e-03	5.347270e-01	0.000000e+00	3.968621e-01	1.262050e-01	4.866350e-03	3.069403e-01	0.000000e+00	2.730190e-03	3.496538e-02	4.599919e-02	1.093255e-02	0.000000e+00	1.002781e-01	0.000000e+00	2.395408e-02	4.434253e-02	3.342294e-02	0.000000e+00	0.000000e+00	9.474775e-02	0.000000e+00	8.442777e-01	-4.069928e-01
8.442777e-01	7.306859e-02	0.000000e+00	0.000000e+00	8.421565e-03	0.000000e+00	0.000000e+00	1.762295e-02	1.945572e-03	5.347270e-01	0.000000e+00	3.968621e-01	1.262050e-01	4.866350e-03	3.069403e-01	0.000000e+00	2.730190e-03	3.496538e-02	4.599919e-02	1.093255e-02	0.000000e+00	1.002781e-01	0.000000e+00	2.395408e-02	4.434253e-02	3.342294e-02	0.000000e+00	0.000000e+00	9.474775e-02	0.000000e+00	8.442777e-01	-4.069928e-01
8.442777e-01	7.306859e-02	0.000000e+00	0.000000e+00	8.421565e-03	0.000000e+00	0.000000e+00	1.762295e-02	1.945572e-03	5.347270e-01	0.000000e+00	3.968621e-01	1.262050e-01	4.866350e-03	3.069403e-01	0.000000e+00	2.730190e-03	3.496538e-02	4.599919e-02	1.093255e-02	0.000000e+00	1.002781e-01	0.000000e+00	2.395408e-02	4.434253e-02	3.342294e-02	0.000000e+00	0.000000e+00	9.474775e-02	0.000000e+00	8.442777e-01	-4.069928e-01
8.442777e-01	7.306859e-02	0.000000e+00	0.000000e+00	8.421565e-03	0.000000e+00	0.000000e+00	1.762295e-02	1.945572e-03	5.347270e-01	0.000000e+00	3.968621e-01	1.262050e-01	4.866350e-03	3.069403e-01	0.000000e+00	2.730190e-03	3.496538e-02	4.599919e-02	1.093255e-02	0.000000e+00	1.002781e-01	0.000000e+00	2.395408e-02	4.434253e-02	3.342294e-02	0.000000e+00	0.000000e+00	9.474775e-02	0.000000e+00	8.442777e-01	-4.069928e-01
8.442777e-01	7.306859e-02	0.000000e+00	0.000000e+00	8.421565e-03	0.000000e+00	0.000000e+00	1.762295e-02	1.945572e-03	5.347270e-01	0.000000e+00	3.968621e-01	1.262050e-01	4.866350e-03	3.069403e-01	0.000000e+00	2.730190e-03	3.496538e-02	4.599919e-02	1.093255e-02	0.000000e+00	1.002781e-01	0.000000e+00	2.395408e-02	4.434253e-02	3.342294e-02	0.000000e+00	0.000000e+00	9.474775e-02	0.000000e+00	8.442777e-01	-4.069928e-01
8.413902e-01	7.219388e-02	0.000000e+00	0.000000e+00	2.883843e-02	0.000000e+00	1.052658e-02	1.360627e-02	1.945572e-03	5.424146e-01	1.871110e-03	3.594407e-01	1.533217e-01	4.038326e-03	3.182183e-01	0.000000e+00	1.706369e-03	1.748269e-02	6.508499e-02	1.093255e-02	0.000000e+00	1.002781e-01	1.333149e-01	2.844547e-02	4.093382e-02	3.426507e-02	0.000000e+00	1.994573e-02	4.276975e-02	0.000000e+00	8.413902e-01	-3.575426e-01
8.400777e-01	6.607093e-02	0.000000e+00	0.000000e+00	2.883843e-02	0.000000e+00	0.000000e+00	9.589598e-03	1.945572e-03	5.347270e-01	1.546543e-03	3.220194e-01	1.262050e-01	6.409339e-03	3.294964e-01	0.000000e+00	2.730190e-03	3.496538e-02	8.417079e-02	1.093255e-02	0.000000e+00	1.002781e-01	1.104803e-01	2.395408e-02	3.070769e-02	3.342294e-02	0.000000e+00	0.000000e+00	9.393731e-02	0.000000e+00	8.400777e-01	-3.551754e-01
8.379777e-01	6.693629e-02	0.000000e+00	0.000000e+00	1.863000e-02	0.000000e+00	3.157973e-02	1.360627e-02	2.918358e-03	5.270393e-01	1.403332e-03	3.033087e-01	1.557641e-01	5.581315e-03	3.125793e-01	0.000000e+00	3.583374e-03	3.059470e-02	9.371369e-02	0.000000e+00	0.000000e+00	7.149493e-02	9.906306e-02	3.069116e-02	2.900334e-02	0.000000e+00	0.000000e+00	1.994573e-02	1.101467e-01	0.000000e+00	8.379777e-01	-3.379680e-01
8.379777e-01	6.693629e-02	0.000000e+00	0.000000e+00	1.863000e-02	0.000000e+00	3.157973e-02	1.360627e-02	2.918358e-03	5.270393e-01	1.403332e-03	3.033087e-01	1.557641e-01	5.581315e-03	3.125793e-01	0.000000e+00	3.583374e-03	3.059470e-02	9.371369e-02	0.000000e+00	0.000000e+00	7.149493e-02	9.906306e-02	3.069116e-02	2.900334e-02	0.000000e+00	0.000000e+00	1.994573e-02	1.101467e-01	0.000000e+00	8.379777e-01	-3.379680e-01
8.379777e-01	6.693629e-02	0.000000e+00	0.000000e+00	1.863000e-02	0.000000e+00	3.157973e-02	1.360627e-02	2.918358e-03	5.270393e-01	1.403332e-03	3.033087e-01	1.557641e-01	5.581315e-03	3.125793e-01	0.000000e+00	3.583374e-03	3.059470e-02	9.371369e-02	0.000000e+00	0.000000e+00	7.149493e-02	9.906306e-02	3.069116e-02	2.900334e-02	5.921032e-02	0.000000e+00	1.994573e-02	1.101467e-01	0.000000e+00	8.379777e-01	-3.262262e-01
8.379777e-01	6.693629e-02	0.000000e+00	0.000000e+00	1.863000e-02	0.000000e+00	3.157973e-02	1.360627e-02	2.918358e-03	5.270393e-01	1.403332e-03	3.033087e-01	1.557641e-01	5.581315e-03	3.125793e-01	0.000000e+00	3.583374e-03	3.059470e-02	9.371369e-02	0.000000e+00	0.000000e+00	7.149493e-02	9.906306e-02	3.069116e-02	2.900334e-02	5.921032e-02	0.000000e+00	1.994573e-02	1.101467e-01	0.000000e+00	8.379777e-01	-3.262262e-01
8.379777e-01	6.693629e-02	0.000000e+00	0.000000e+00	1.863000e-02	0.000000e+00	3.157973e-02	1.360627e-02	2.918358e-03	5.270393e-01	1.403332e-03	3.033087e-01	1.557641e-01	5.581315e-03	3.125793e-01	0.000000e+00	3.583374e-03	3.059470e-02	9.371369e-02	0.000000e+00	0.000000e+00	7.149493e-02	9.906306e-02	3.069116e-02	2.900334e-02	5.921032e-02	0.000000e+00	1.994573e-02	1.101467e-01	0.000000e+00	8.379777e-01	-3.262262e-01
8.379777e-01	6.693629e-02	0.000000e+00	0.000000e+00	1.863000e-02	0.000000e+00	3.157973e-02	1.360627e-02	2.918358e-03	5.270393e-01	1.403332e-03	3.033087e-01	1.557641e-01	5.581315e-03	3.125793e-01	0.000000e+00	3.583374e-03	3.059470e-02	9.371369e-02	0.000000e+00	0.000000e+00	7.149493e-02	9.906306e-02	3.069116e-02	2.900334e-02	5.921032e-02	0.000000e+00	1.994573e-02	1.101467e-01	0.000000e+00	8.379777e-01	-3.262262e-01
8.379777e-01	1.924109e-02	1.071198e-02	6.486417e-02	5.461540e-02	5.264304e-02	0.000000e+00	6.803137e-03	5.618677e-02	5.270393e-01	6.426419e-03	1.228717e-01	1.290347e-01	0.000000e+00	3.125793e-01	4.691419e-04	2.830521e-02	5.000929e-02	1.290131e-01	4.954153e-02	2.795572e-02	6.628643e-02	1.245008e-02	0.000000e+00	1.194115e-02	3.518004e-02	5.310536e-03	3.220096e-02	0.000000e+00	0.000000e+00	8.379777e-01	-3.608409e-01
8.379777e-01	1.924109e-02	1.071198e-02	1.026459e-02	2.124855e-01	7.896456e-02	0.000000e+00	6.803137e-03	2.809339e-02	0.000000e+00	6.426419e-03	1.703833e-01	1.290347e-01	0.000000e+00	0.000000e+00	4.691419e-04	2.830521e-02	4.755842e-02	1.290131e-01	3.044013e-02	1.397786e-02	6.628643e-02	1.245008e-02	5.343319e-02	8.070982e-03	0.000000e+00	5.310536e-03	2.018556e-02	0.000000e+00	0.000000e+00	8.379777e-01	-5.000150e-01
8.379777e-01	1.924109e-02	1.071198e-02	1.026459e-02	2.124855e-01	7.896456e-02	0.000000e+00	6.803137e-03	2.809339e-02	0.000000e+00	6.426419e-03	1.703833e-01	1.290347e-01	0.000000e+00	0.000000e+00	4.691419e-04	2.830521e-02	4.755842e-02	1.290131e-01	3.044013e-02	1.397786e-02	6.628643e-02	1.245008e-02	5.343319e-02	8.070982e-03	0.000000e+00	5.310536e-03	2.018556e-02	0.000000e+00	0.000000e+00	8.379777e-01	-5.000150e-01
8.379777e-01	2.565479e-02	1.071198e-02	1.897630e-02	2.124855e-01	7.896456e-02	0.000000e+00	0.000000e+00	0.000000e+00	4.655224e-02	0.000000e+00	1.703833e-01	1.207964e-01	0.000000e+00	5.237072e-02	1.544290e-05	1.802240e-02	5.491104e-02	2.429512e-01	3.044013e-02	1.397786e-02	6.628643e-02	1.245008e-02	5.343319e-02	1.404156e-02	0.000000e+00	5.310536e-03	3.628603e-02	0.000000e+00	0.000000e+00	8.379777e-01	-4.627806e-01
8.379777e-01	2.565479e-02	1.071198e-02	1.897630e-02	2.124855e-01	7.896456e-02	0.000000e+00	0.000000e+00	0.000000e+00	4.655224e-02	0.000000e+00	1.703833e-01	1.207964e-01	0.000000e+00	5.237072e-02	1.544290e-05	1.802240e-02	5.491104e-02	2.429512e-01	3.044013e-02	1.397786e-02	6.628643e-02	1.245008e-02	5.343319e-02	1.404156e-02	0.000000e+00	5.310536e-03	3.628603e-02	0.000000e+00	0.000000e+00	8.379777e-01	-4.627806e-01
8.379777e-01	2.565479e-02	1.606797e-02	5.063195e-02	1.062428e-01	3.948228e-02	0.000000e+00	0.000000e+00	0.000000e+00	4.655224e-02	0.000000e+00	1.703833e-01	1.207964e-01	0.000000e+00	5.237072e-02	1.544290e-05	1.802240e-02	5.491104e-02	2.429512e-01	3.044013e-02	6.988930e-03	6.628643e-02	1.245008e-02	5.343319e-02	1.404156e-02	0.000000e+00	5.310536e-03	3.628603e-02	0.000000e+00	0.000000e+00	8.379777e-01	-4.847017e-01
8.379777e-01	2.798969e-02	1.606797e-02	5.063195e-02	1.511384e-01	3.948228e-02	0.000000e+00	0.000000e+00	0.000000e+00	5.819029e-02	0.000000e+00	1.703833e-01	1.207964e-01	0.000000e+00	6.885102e-02	1.544290e-05	1.802240e-02	5.491104e-02	2.429512e-01	3.710567e-02	1.048339e-02	6.628643e-02	1.245008e-02	8.014978e-02	1.460302e-02	0.000000e+00	3.134526e-03	4.020770e-02	0.000000e+00	0.000000e+00	8.379777e-01	-4.630031e-01
8.379777e-01	2.798969e-02	1.606797e-02	5.063195e-02	1.511384e-01	3.948228e-02	0.000000e+00	0.000000e+00	0.000000e+00	5.819029e-02	0.000000e+00	1.703833e-01	1.207964e-01	0.000000e+00	6.885102e-02	1.544290e-05	1.802240e-02	5.491104e-02	2.429512e-01	3.710567e-02	1.048339e-02	6.628643e-02	1.245008e-02	8.014978e-02	1.460302e-02	0.000000e+00	3.134526e-03	4.020770e-02	0.000000e+00	0.000000e+00	8.379777e-01	-4.630031e-01
8.379777e-01	2.798969e-02	1.606797e-02	5.063195e-02	1.511384e-01	3.948228e-02	0.000000e+00	0.000000e+00	0.000000e+00	5.819029e-02	0.000000e+00	1.703833e-01	1.207964e-01	0.000000e+00	6.885102e-02	1.544290e-05	1.802240e-02	5.491104e-02	2.429512e-01	3.710567e-02	1.048339e-02	6.628643e-02	1.245008e-02	8.014978e-02	1.460302e-02	0.000000e+00	3.134526e-03	4.020770e-02	0.000000e+00	0.000000e+00	8.379777e-01	-4.630031e-01
8.379777e-01	2.798969e-02	2.142396e-02	5.063195e-02	0.000000e+00	3.948228e-02	0.000000e+00	0.000000e+00	0.000000e+00	0.000000e+00	1.285284e-02	1.703833e-01	1.207964e-01	0.000000e+00	6.885102e-02	4.258528e-05	1.802240e-02	5.491104e-02	2.429512e-01	3.044013e-02	0.000000e+00	6.107792e-02	0.000000e+00	8.014978e-02	1.404156e-02	1.114976e-02	3.134526e-03	4.020770e-02	0.000000e+00	0.000000e+00	8.379777e-01	-5.036446e-01
8.379777e-01	2.798969e-02	2.142396e-02	5.063195e-02	0.000000e+00	3.948228e-02	0.000000e+00	0.000000e+00	0.000000e+00	0.000000e+00	1.285284e-02	1.703833e-01	1.207964e-01	0.000000e+00	6.885102e-02	4.258528e-05	1.802240e-02	5.491104e-02	2.429512e-01	3.044013e-02	0.000000e+00	6.107792e-02	0.000000e+00	8.014978e-02	1.404156e-02	1.114976e-02	3.134526e-03	4.020770e-02	0.000000e+00	0.000000e+00	8.379777e-01	-5.036446e-01
8.379777e-01	2.798969e-02	2.142396e-02	5.063195e-02	0.000000e+00	3.948228e-02	0.000000e+00	0.000000e+00	0.000000e+00	0.000000e+00	1.285284e-02	1.703833e-01	1.207964e-01	0.000000e+00	6.885102e-02	4.258528e-05	1.802240e-02	5.491104e-02	2.429512e-01	3.044013e-02	0.000000e+00	6.107792e-02	0.000000e+00	8.014978e-02	1.404156e-02	1.114976e-02	3.134526e-03	4.020770e-02	0.000000e+00	0.000000e+00	8.379777e-01	-5.036446e-01
8.379777e-01	2.798969e-02	2.142396e-02	5.063195e-02	0.000000e+00	3.948228e-02	0.000000e+00	0.000000e+00	0.000000e+00	0.000000e+00	1.285284e-02	1.703833e-01	1.207964e-01	0.000000e+00	6.885102e-02	4.258528e-05	1.802240e-02	5.491104e-02	2.429512e-01	3.044013e-02	0.000000e+00	6.107792e-02	0.000000e+00	8.014978e-02	1.404156e-02	1.114976e-02	3.134526e-03	4.020770e-02	0.000000e+00	0.000000e+00	8.379777e-01	-5.036446e-01
8.379777e-01	2.798969e-02	2.142396e-02	5.063195e-02	0.000000e+00	3.948228e-02	0.000000e+00	0.000000e+00	0.000000e+00	0.000000e+00	1.285284e-02	1.703833e-01	1.207964e-01	0.000000e+00	6.885102e-02	4.258528e-05	1.802240e-02	5.491104e-02	2.429512e-01	3.044013e-02	0.000000e+00	6.107792e-02	0.000000e+00	8.014978e-02	1.404156e-02	1.114976e-02	3.134526e-03	4.020770e-02	0.000000e+00	0.000000e+00	8.379777e-01	-5.036446e-01
8.379777e-01	2.798969e-02	2.142396e-02	5.063195e-02	0.000000e+00	3.948228e-02	0.000000e+00	0.000000e+00	0.000000e+00	0.000000e+00	1.285284e-02	1.703833e-01	1.207964e-01	0.000000e+00	6.885102e-02	4.258528e-05	1.802240e-02	5.491104e-02	2.429512e-01	3.044013e-02	0.000000e+00	6.107792e-02	0.000000e+00	8.014978e-02	1.404156e-02	1.114976e-02	3.134526e-03	4.020770e-02	0.000000e+00	0.000000e+00	8.379777e-01	-5.036446e-01
8.379777e-01	2.798969e-02	2.142396e-02	5.063195e-02	0.000000e+00	3.948228e-02	0.000000e+00	0.000000e+00	0.000000e+00	0.000000e+00	1.285284e-02	1.703833e-01	1.207964e-01	0.000000e+00	6.885102e-02	4.258528e-05	1.802240e-02	5.491104e-02	2.429512e-01	3.044013e-02	0.000000e+00	6.107792e-02	0.000000e+00	8.014978e-02	1.404156e-02	1.114976e-02	3.134526e-03	4.020770e-02	0.000000e+00	0.000000e+00	8.379777e-01	-5.036446e-01
6.273134e-01	6.343465e-03	2.811894e-02	0.000000e+00	1.645155e-02	0.000000e+00	3.217575e-02	0.000000e+00	0.000000e+00	0.000000e+00	1.927926e-02	0.000000e+00	1.304555e-01	6.698819e-03	0.000000e+00	5.071680e-02	8.400376e-03	9.005514e-02	2.658702e-01	3.894634e-03	0.000000e+00	6.318867e-02	0.000000e+00	2.671659e-02	1.291863e-02	1.020731e-02	8.938195e-03	5.519090e-02	0.000000e+00	0.000000e+00	6.273134e-01	-1.041029e-01
6.273134e-01	6.343465e-03	2.811894e-02	0.000000e+00	1.645155e-02	0.000000e+00	3.217575e-02	0.000000e+00	0.000000e+00	0.000000e+00	1.927926e-02	0.000000e+00	1.304555e-01	6.698819e-03	0.000000e+00	5.071680e-02	8.400376e-03	9.005514e-02	2.658702e-01	3.894634e-03	0.000000e+00	6.318867e-02	0.000000e+00	2.671659e-02	1.291863e-02	1.020731e-02	8.938195e-03	5.519090e-02	0.000000e+00	0.000000e+00	6.273134e-01	-1.041029e-01
6.273134e-01	6.343465e-03	2.811894e-02	0.000000e+00	1.645155e-02	0.000000e+00	3.217575e-02	0.000000e+00	0.000000e+00	0.000000e+00	1.927926e-02	0.000000e+00	1.304555e-01	6.698819e-03	0.000000e+00	5.071680e-02	8.400376e-03	9.005514e-02	2.658702e-01	3.894634e-03	0.000000e+00	6.318867e-02	0.000000e+00	2.671659e-02	1.291863e-02	1.020731e-02	8.938195e-03	5.519090e-02	0.000000e+00	0.000000e+00	6.273134e-01	-1.041029e-01
6.273134e-01	6.343465e-03	2.811894e-02	0.000000e+00	1.645155e-02	0.000000e+00	3.217575e-02	0.000000e+00	0.000000e+00	0.000000e+00	1.927926e-02	0.000000e+00	1.304555e-01	6.698819e-03	0.000000e+00	5.071680e-02	8.400376e-03	9.005514e-02	2.658702e-01	3.894634e-03	0.000000e+00	6.318867e-02	0.000000e+00	2.671659e-02	1.291863e-02	1.020731e-02	8.938195e-03	5.519090e-02	0.000000e+00	0.000000e+00	6.273134e-01	-1.041029e-01
6.273134e-01	6.343465e-03	2.811894e-02	0.000000e+00	1.645155e-02	0.000000e+00	3.217575e-02	0.000000e+00	0.000000e+00	0.000000e+00	1.927926e-02	0.000000e+00	1.304555e-01	6.698819e-03	0.000000e+00	5.071680e-02	8.400376e-03	9.005514e-02	2.658702e-01	3.894634e-03	0.000000e+00	6.318867e-02	0.000000e+00	2.671659e-02	1.291863e-02	1.020731e-02	8.938195e-03	5.519090e-02	0.000000e+00	0.000000e+00	6.273134e-01	-1.041029e-01
6.273134e-01	6.343465e-03	2.811894e-02	0.000000e+00	1.645155e-02	0.000000e+00	3.217575e-02	0.000000e+00	0.000000e+00	0.000000e+00	1.927926e-02	0.000000e+00	1.304555e-01	6.698819e-03	0.000000e+00	5.071680e-02	8.400376e-03	9.005514e-02	2.658702e-01	3.894634e-03	0.000000e+00	6.318867e-02	0.000000e+00	2.671659e-02	1.291863e-02	1.020731e-02	8.938195e-03	5.519090e-02	0.000000e+00	0.000000e+00	6.273134e-01	-1.041029e-01
6.273134e-01	6.343465e-03	2.811894e-02	0.000000e+00	1.645155e-02	0.000000e+00	3.217575e-02	0.000000e+00	0.000000e+00	0.000000e+00	1.927926e-02	0.000000e+00	1.304555e-01	6.698819e-03	0.000000e+00	5.071680e-02	8.400376e-03	9.005514e-02	2.658702e-01	3.894634e-03	0.000000e+00	6.318867e-02	0.000000e+00	2.671659e-02	1.291863e-02	1.020731e-02	8.938195e-03	5.519090e-02	0.000000e+00	0.000000e+00	6.273134e-01	-1.041029e-01
6.273134e-01	6.343465e-03	2.811894e-02	0.000000e+00	1.645155e-02	0.000000e+00	3.277806e-02	0.000000e+00	0.000000e+00	0.000000e+00	5.100534e-02	0.000000e+00	1.555894e-01	6.698819e-03	0.000000e+00	5.071680e-02	8.400376e-03	9.005514e-02	2.658702e-01	3.894634e-03	0.000000e+00	6.318867e-02	0.000000e+00	0.000000e+00	1.042580e-02	1.020731e-02	1.128416e-02	4.237911e-02	0.000000e+00	1.464525e-02	6.273134e-01	-9.758253e-02
6.273134e-01	6.343465e-03	2.811894e-02	0.000000e+00	1.645155e-02	0.000000e+00	3.277806e-02	0.000000e+00	0.000000e+00	0.000000e+00	5.100534e-02	0.000000e+00	1.555894e-01	6.698819e-03	0.000000e+00	5.071680e-02	8.400376e-03	9.005514e-02	2.658702e-01	3.894634e-03	0.000000e+00	6.318867e-02	0.000000e+00	0.000000e+00	1.042580e-02	1.020731e-02	1.128416e-02	4.237911e-02	0.000000e+00	1.464525e-02	6.273134e-01	-9.758253e-02
6.273134e-01	6.343465e-03	2.811894e-02	0.000000e+00	1.645155e-02	0.000000e+00	3.277806e-02	0.000000e+00	0.000000e+00	0.000000e+00	5.100534e-02	0.000000e+00	1.555894e-01	6.698819e-03	0.000000e+00	5.071680e-02	8.400376e-03	9.005514e-02	2.658702e-01	3.894634e-03	0.000000e+00	6.318867e-02	0.000000e+00	0.000000e+00	1.042580e-02	1.020731e-02	1.128416e-02	4.237911e-02	0.000000e+00	1.464525e-02	6.273134e-01	-9.758253e-02
6.273134e-01	6.343465e-03	2.811894e-02	0.000000e+00	1.645155e-02	0.000000e+00	3.277806e-02	0.000000e+00	0.000000e+00	0.000000e+00	5.100534e-02	0.000000e+00	1.555894e-01	6.698819e-03	0.000000e+00	5.071680e-02	8.400376e-03	9.005514e-02	2.658702e-01	3.894634e-03	0.000000e+00	6.318867e-02	0.000000e+00	0.000000e+00	1.042580e-02	1.020731e-02	1.128416e-02	4.237911e-02	0.000000e+00	1.464525e-02	6.273134e-01	-9.758253e-02
6.273134e-01	6.343465e-03	2.811894e-02	0.000000e+00	1.645155e-02	0.000000e+00	3.277806e-02	0.000000e+00	0.000000e+00	0.000000e+00	5.100534e-02	0.000000e+00	1.555894e-01	6.698819e-03	0.000000e+00	5.071680e-02	8.400376e-03	9.005514e-02	2.658702e-01	3.894634e-03	0.000000e+00	6.318867e-02	0.000000e+00	0.000000e+00	1.042580e-02	1.020731e-02	1.128416e-02	4.237911e-02	0.000000e+00	1.464525e-02	6.273134e-01	-9.758253e-02
6.273134e-01	6.343465e-03	2.811894e-02	0.000000e+00	1.645155e-02	0.000000e+00	3.277806e-02	0.000000e+00	0.000000e+00	0.000000e+00	5.100534e-02	0.000000e+00	1.555894e-01	6.698819e-03	0.000000e+00	5.071680e-02	8.400376e-03	9.005514e-02	2.658702e-01	3.894634e-03	0.000000e+00	6.318867e-02	0.000000e+00	0.000000e+00	1.042580e-02	1.020731e-02	1.128416e-02	4.237911e-02	0.000000e+00	1.464525e-02	6.273134e-01	-9.758253e-02
6.273134e-01	6.343465e-03	2.811894e-02	0.000000e+00	1.645155e-02	0.000000e+00	3.277806e-02	0.000000e+00	0.000000e+00	0.000000e+00	5.100534e-02	0.000000e+00	1.555894e-01	6.698819e-03	0.000000e+00	5.071680e-02	8.400376e-03	9.005514e-02	2.658702e-01	3.894634e-03	0.000000e+00	6.318867e-02	0.000000e+00	0.000000e+00	1.042580e-02	1.020731e-02	1.128416e-02	4.237911e-02	0.000000e+00	1.464525e-02	6.273134e-01	-9.758253e-02
4.532444e-01	6.343465e-03	2.410195e-02	0.000000e+00	1.645155e-02	0.000000e+00	0.000000e+00	0.000000e+00	0.000000e+00	0.000000e+00	1.539443e-02	0.000000e+00	1.555894e-01	6.698819e-03	0.000000e+00	0.000000e+00	8.400376e-03	9.005514e-02	2.658702e-01	3.894634e-03	0.000000e+00	6.318867e-02	0.000000e+00	0.000000e+00	1.042580e-02	1.020731e-02	1.050217e-02	4.664971e-02	0.000000e+00	1.464525e-02	4.532444e-01	3.403486e-02
4.532444e-01	6.343465e-03	2.410195e-02	0.000000e+00	1.645155e-02	0.000000e+00	0.000000e+00	0.000000e+00	0.000000e+00	0.000000e+00	1.539443e-02	0.000000e+00	1.555894e-01	6.698819e-03	0.000000e+00	0.000000e+00	8.400376e-03	9.005514e-02	2.658702e-01	3.894634e-03	0.000000e+00	6.318867e-02	0.000000e+00	0.000000e+00	1.042580e-02	1.020731e-02	1.050217e-02	4.664971e-02	0.000000e+00	1.464525e-02	4.532444e-01	3.403486e-02
4.532444e-01	6.343465e-03	2.410195e-02	0.000000e+00	1.645155e-02	0.000000e+00	0.000000e+00	0.000000e+00	0.000000e+00	0.000000e+00	1.539443e-02	0.000000e+00	1.555894e-01	6.698819e-03	0.000000e+00	0.000000e+00	8.400376e-03	9.005514e-02	2.658702e-01	3.894634e-03	0.000000e+00	6.318867e-02	0.000000e+00	0.000000e+00	1.042580e-02	1.020731e-02	1.050217e-02	4.664971e-02	0.000000e+00	1.464525e-02	4.532444e-01	3.403486e-02
4.532444e-01	6.343465e-03	2.410195e-02	0.000000e+00	1.645155e-02	0.000000e+00	0.000000e+00	0.000000e+00	0.000000e+00	0.000000e+00	1.539443e-02	0.000000e+00	1.555894e-01	6.698819e-03	0.000000e+00	0.000000e+00	8.400376e-03	9.005514e-02	2.658702e-01	3.894634e-03	0.000000e+00	6.318867e-02	0.000000e+00	0.000000e+00	1.042580e-02	1.020731e-02	1.050217e-02	4.664971e-02	0.000000e+00	1.464525e-02	4.532444e-01	3.403486e-02
4.532444e-01	6.343465e-03	2.410195e-02	0.000000e+00	1.645155e-02	0.000000e+00	0.000000e+00	0.000000e+00	0.000000e+00	0.000000e+00	1.539443e-02	0.000000e+00	1.555894e-01	6.698819e-03	0.000000e+00	0.000000e+00	8.400376e-03	9.005514e-02	2.658702e-01	3.894634e-03	0.000000e+00	6.318867e-02	0.000000e+00	0.000000e+00	1.042580e-02	1.020731e-02	1.050217e-02	4.664971e-02	0.000000e+00	1.464525e-02	4.532444e-01	3.403486e-02
4.532444e-01	6.343465e-03	2.410195e-02	0.000000e+00	1.645155e-02	0.000000e+00	0.000000e+00	0.000000e+00	0.000000e+00	0.000000e+00	1.539443e-02	0.000000e+00	1.555894e-01	6.698819e-03	0.000000e+00	0.000000e+00	8.400376e-03	9.005514e-02	2.658702e-01	3.894634e-03	0.000000e+00	6.318867e-02	0.000000e+00	0.000000e+00	1.042580e-02	1.020731e-02	1.050217e-02	4.664971e-02	0.000000e+00	1.464525e-02	4.532444e-01	3.403486e-02
4.532444e-01	6.343465e-03	2.410195e-02	0.000000e+00	1.645155e-02	0.000000e+00	0.000000e+00	0.000000e+00	0.000000e+00	0.000000e+00	1.539443e-02	0.000000e+00	1.555894e-01	6.698819e-03	0.000000e+00	0.000000e+00	8.400376e-03	9.005514e-02	2.658702e-01	3.894634e-03	0.000000e+00	6.318867e-02	0.000000e+00	0.000000e+00	1.042580e-02	1.020731e-02	1.050217e-02	4.664971e-02	0.000000e+00	1.464525e-02	4.532444e-01	3.403486e-02
4.532444e-01	6.343465e-03	2.410195e-02	0.000000e+00	1.645155e-02	0.000000e+00	0.000000e+00	0.000000e+00	0.000000e+00	0.000000e+00	1.539443e-02	0.000000e+00	1.555894e-01	6.698819e-03	0.000000e+00	0.000000e+00	8.400376e-03	9.005514e-02	2.658702e-01	3.894634e-03	0.000000e+00	6.318867e-02	0.000000e+00	0.000000e+00	1.042580e-02	1.020731e-02	1.050217e-02	4.664971e-02	0.000000e+00	1.464525e-02	4.532444e-01	3.403486e-02
4.470077e-01	8.332754e-03	2.410195e-02	1.023077e-02	1.645155e-02	0.000000e+00	9.034634e-04	0.000000e+00	0.000000e+00	0.000000e+00	1.341910e-02	0.000000e+00	2.023940e-01	0.000000e+00	1.665159e-02	0.000000e+00	2.063688e-02	8.970749e-03	1.880540e-01	1.947317e-03	0.000000e+00	1.174820e-01	1.435240e-02	4.933418e-03	0.000000e+00	1.344787e-02	3.931686e-03	2.332485e-02	0.000000e+00	1.220437e-02	4.470077e-01	3.494792e-02
4.470077e-01	8.332754e-03	2.410195e-02	1.023077e-02	1.645155e-02	0.000000e+00	9.034634e-04	0.000000e+00	0.000000e+00	0.000000e+00	1.341910e-02	0.000000e+00	2.023940e-01	0.000000e+00	1.665159e-02	0.000000e+00	2.063688e-02	8.970749e-03	1.880540e-01	1.947317e-03	0.000000e+00	1.174820e-01	1.435240e-02	4.933418e-03	0.000000e+00	1.344787e-02	3.931686e-03	2.332485e-02	0.000000e+00	1.220437e-02	4.470077e-01	3.494792e-02
4.470077e-01	8.332754e-03	2.410195e-02	1.023077e-02	1.645155e-02	0.000000e+00	9.034634e-04	0.000000e+00	0.000000e+00	0.000000e+00	1.341910e-02	0.000000e+00	2.023940e-01	0.000000e+00	1.665159e-02	0.000000e+00	2.063688e-02	8.970749e-03	1.880540e-01	1.947317e-03	0.000000e+00	1.174820e-01	1.435240e-02	4.933418e-03	0.000000e+00	1.344787e-02	3.931686e-03	2.332485e-02	0.000000e+00	1.220437e-02	4.470077e-01	3.494792e-02
4.470077e-01	8.332754e-03	2.410195e-02	1.023077e-02	1.645155e-02	0.000000e+00	9.034634e-04	0.000000e+00	0.000000e+00	0.000000e+00	1.341910e-02	0.000000e+00	2.023940e-01	0.000000e+00	1.665159e-02	0.000000e+00	2.063688e-02	8.970749e-03	1.880540e-01	1.947317e-03	0.000000e+00	1.174820e-01	1.435240e-02	4.933418e-03	0.000000e+00	1.344787e-02	3.931686e-03	2.332485e-02	0.000000e+00	1.220437e-02	4.470077e-01	3.494792e-02
4.407710e-01	1.032204e-02	2.276527e-02	6.302926e-02	1.645155e-02	0.000000e+00	0.000000e+00	0.000000e+00	0.000000e+00	0.000000e+00	1.825537e-02	3.590025e-02	1.555894e-01	6.698819e-03	3.330318e-02	0.000000e+00	2.756147e-02	0.000000e+00	2.725096e-01	3.894634e-03	0.000000e+00	1.446203e-01	2.870479e-02	0.000000e+00	1.042580e-02	2.316956e-02	1.050217e-02	4.664971e-02	0.000000e+00	1.342481e-02	4.407710e-01	1.156242e-01
4.407710e-01	1.032204e-02	2.276527e-02	6.302926e-02	1.645155e-02	0.000000e+00	0.000000e+00	0.000000e+00	0.000000e+00	0.000000e+00	1.825537e-02	3.590025e-02	1.555894e-01	6.698819e-03	3.330318e-02	0.000000e+00	2.756147e-02	0.000000e+00	2.725096e-01	3.894634e-03	0.000000e+00	1.446203e-01	2.870479e-02	0.000000e+00	1.042580e-02	2.316956e-02	1.050217e-02	4.664971e-02	0.000000e+00	1.342481e-02	4.407710e-01	1.156242e-01
4.407710e-01	1.032204e-02	2.276527e-02	6.302926e-02	1.645155e-02	0.000000e+00	0.000000e+00	0.000000e+00	0.000000e+00	0.000000e+00	1.825537e-02	3.590025e-02	1.555894e-01	6.698819e-03	3.330318e-02	0.000000e+00	2.756147e-02	0.000000e+00	2.725096e-01	3.894634e-03	0.000000e+00	1.446203e-01	2.870479e-02	0.000000e+00	1.042580e-02	2.316956e-02	1.050217e-02	4.664971e-02	0.000000e+00	1.342481e-02	4.407710e-01	1.156242e-01
4.300490e-01	0.000000e+00	2.477029e-02	8.048998e-02	5.097855e-02	0.000000e+00	4.730000e-03	0.000000e+00	0.000000e+00	0.000000e+00	1.825537e-02	1.795013e-02	1.529603e-01	4.583846e-02	3.192321e-02	7.452424e-05	2.756147e-02	0.000000e+00	2.717719e-01	1.194957e-02	0.000000e+00	9.966908e-02	2.870479e-02	2.960051e-03	2.046940e-03	1.459006e-02	4.103629e-03	4.664971e-02	0.000000e+00	8.543062e-03	4.300490e-01	1.995366e-01
4.300490e-01	0.000000e+00	2.176276e-02	5.800670e-02	5.097855e-02	0.000000e+00	4.730000e-03	0.000000e+00	0.000000e+00	0.000000e+00	1.825537e-02	1.795013e-02	1.569040e-01	4.583846e-02	3.399316e-02	0.000000e+00	2.756147e-02	0.000000e+00	2.234612e-01	0.000000e+00	0.000000e+00	1.670959e-01	2.870479e-02	2.960051e-03	1.461522e-02	2.745930e-02	4.103629e-03	4.664971e-02	0.000000e+00	8.543062e-03	4.300490e-01	2.024206e-01
4.269307e-01	0.000000e+00	2.191244e-02	5.800670e-02	5.097855e-02	0.000000e+00	9.460001e-03	0.000000e+00	0.000000e+00	0.000000e+00	2.353280e-02	1.795013e-02	1.542749e-01	4.583846e-02	1.140804e-02	7.452424e-05	2.884389e-02	7.640589e-03	2.227234e-01	0.000000e+00	0.000000e+00	1.670959e-01	2.870479e-02	2.960051e-03	1.144927e-02	3.043076e-02	4.103629e-03	2.929665e-02	0.000000e+00	3.661312e-03	4.269307e-01	2.273455e-01
4.269307e-01	0.000000e+00	2.191244e-02	5.800670e-02	5.097855e-02	0.000000e+00	9.460001e-03	0.000000e+00	0.000000e+00	0.000000e+00	2.353280e-02	1.795013e-02	1.542749e-01	4.583846e-02	1.140804e-02	7.452424e-05	2.884389e-02	7.640589e-03	2.227234e-01	0.000000e+00	0.000000e+00	1.670959e-01	2.870479e-02	2.960051e-03	1.144927e-02	3.043076e-02	4.103629e-03	2.929665e-02	0.000000e+00	3.661312e-03	4.269307e-01	2.273455e-01
4.193270e-01	8.417977e-03	2.677531e-02	8.513544e-02	8.550555e-02	0.000000e+00	2.955839e-02	0.000000e+00	0.000000e+00	0.000000e+00	3.746551e-03	7.069148e-03	8.807936e-02	4.674340e-02	3.054325e-02	0.000000e+00	3.287338e-02	7.252057e-02	2.342544e-01	2.000450e-02	0.000000e+00	6.320545e-02	0.000000e+00	9.866837e-03	0.000000e+00	6.010562e-03	0.000000e+00	0.000000e+00	0.000000e+00	9.763499e-03	4.193270e-01	2.988010e-01
4.193270e-01	8.117335e-03	2.722435e-02	9.618853e-02	8.550555e-02	0.000000e+00	4.256589e-02	0.000000e+00	0.000000e+00	0.000000e+00	8.697227e-03	7.069148e-03	8.807936e-02	1.313163e-02	3.470615e-02	2.235727e-04	3.287338e-02	1.087809e-01	2.320412e-01	2.000450e-02	0.000000e+00	0.000000e+00	0.000000e+00	1.480026e-02	0.000000e+00	1.793022e-02	0.000000e+00	4.281373e-02	0.000000e+00	2.006517e-03	4.193270e-01	3.038191e-01
4.193270e-01	8.117335e-03	2.722435e-02	9.618853e-02	8.550555e-02	0.000000e+00	4.256589e-02	0.000000e+00	0.000000e+00	0.000000e+00	8.697227e-03	7.069148e-03	8.807936e-02	1.313163e-02	3.470615e-02	2.235727e-04	3.287338e-02	1.087809e-01	2.320412e-01	2.000450e-02	0.000000e+00	0.000000e+00	0.000000e+00	1.480026e-02	0.000000e+00	1.793022e-02	0.000000e+00	4.281373e-02	0.000000e+00	2.006517e-03	4.193270e-01	3.038191e-01
2.630413e-01	7.215409e-03	2.707467e-02	2.128386e-02	8.550555e-02	1.333347e-03	5.053716e-02	0.000000e+00	0.000000e+00	0.000000e+00	3.746551e-03	7.069148e-03	2.123798e-02	4.367658e-02	5.393833e-02	2.235727e-04	1.440936e-02	7.252057e-02	2.296434e-01	2.597928e-02	0.000000e+00	0.000000e+00	1.435240e-02	0.000000e+00	6.331917e-03	2.971461e-03	0.000000e+00	0.000000e+00	0.000000e+00	9.763499e-03	2.630413e-01	4.098386e-01
2.630413e-01	7.215409e-03	2.707467e-02	2.128386e-02	8.550555e-02	1.333347e-03	5.053716e-02	0.000000e+00	0.000000e+00	0.000000e+00	3.746551e-03	7.069148e-03	2.123798e-02	4.367658e-02	5.393833e-02	2.235727e-04	1.440936e-02	7.252057e-02	2.296434e-01	2.597928e-02	0.000000e+00	0.000000e+00	1.435240e-02	0.000000e+00	6.331917e-03	2.971461e-03	0.000000e+00	0.000000e+00	0.000000e+00	9.763499e-03	2.630413e-01	4.098386e-01
2.630413e-01	7.215409e-03	2.707467e-02	2.128386e-02	8.550555e-02	1.333347e-03	5.053716e-02	0.000000e+00	0.000000e+00	0.000000e+00	3.746551e-03	7.069148e-03	2.123798e-02	4.367658e-02	5.393833e-02	2.235727e-04	1.440936e-02	7.252057e-02	2.296434e-01	2.597928e-02	0.000000e+00	0.000000e+00	1.435240e-02	0.000000e+00	6.331917e-03	2.971461e-03	0.000000e+00	0.000000e+00	0.000000e+00	9.763499e-03	2.630413e-01	4.098386e-01
2.630413e-01	7.215409e-03	2.707467e-02	2.128386e-02	8.550555e-02	1.333347e-03	5.053716e-02	0.000000e+00	0.000000e+00	0.000000e+00	3.746551e-03	7.069148e-03	2.123798e-02	4.367658e-02	5.393833e-02	2.235727e-04	1.440936e-02	7.252057e-02	2.296434e-01	2.597928e-02	0.000000e+00	0.000000e+00	1.435240e-02	0.000000e+00	6.331917e-03	2.971461e-03	0.000000e+00	0.000000e+00	0.000000e+00	9.763499e-03	2.630413e-01	4.098386e-01
2.630413e-01	7.215409e-03	2.707467e-02	2.128386e-02	8.550555e-02	1.333347e-03	5.053716e-02	0.000000e+00	0.000000e+00	0.000000e+00	3.746551e-03	7.069148e-03	2.123798e-02	4.367658e-02	5.393833e-02	2.235727e-04	1.440936e-02	7.252057e-02	2.296434e-01	2.597928e-02	0.000000e+00	0.000000e+00	1.435240e-02	0.000000e+00	6.331917e-03	2.971461e-03	0.000000e+00	0.000000e+00	0.000000e+00	9.763499e-03	2.630413e-01	4.098386e-01
2.630413e-01	7.215409e-03	2.707467e-02	2.128386e-02	8.550555e-02	1.333347e-03	5.053716e-02	0.000000e+00	0.000000e+00	0.000000e+00	3.746551e-03	7.069148e-03	2.123798e-02	4.367658e-02	5.393833e-02	2.235727e-04	1.440936e-02	7.252057e-02	2.296434e-01	2.597928e-02	0.000000e+00	0.000000e+00	1.435240e-02	0.000000e+00	6.331917e-03	2.971461e-03	0.000000e+00	0.000000e+00	0.000000e+00	9.763499e-03	2.630413e-01	4.098386e-01
2.630413e-01	7.215409e-03	2.707467e-02	2.128386e-02	8.550555e-02	1.333347e-03	5.053716e-02	0.000000e+00	0.000000e+00	0.000000e+00	3.746551e-03	7.069148e-03	2.123798e-02	4.367658e-02	5.393833e-02	2.235727e-04	1.440936e-02	7.252057e-02	2.296434e-01	2.597928e-02	0.000000e+00	0.000000e+00	1.435240e-02	0.000000e+00	6.331917e-03	2.971461e-03	0.000000e+00	0.000000e+00	0.000000e+00	9.763499e-03	2.630413e-01	4.098386e-01
2.630413e-01	7.215409e-03	2.707467e-02	2.128386e-02	8.550555e-02	1.333347e-03	5.053716e-02	0.000000e+00	0.000000e+00	0.000000e+00	3.746551e-03	7.069148e-03	2.123798e-02	4.367658e-02	5.393833e-02	2.235727e-04	1.440936e-02	7.252057e-02	2.296434e-01	2.597928e-02	0.000000e+00	0.000000e+00	1.435240e-02	0.000000e+00	6.331917e-03	2.971461e-03	0.000000e+00	0.000000e+00	0.000000e+00	9.763499e-03	2.630413e-01	4.098386e-01
2.630413e-01	7.215409e-03	2.707467e-02	2.128386e-02	8.550555e-02	1.333347e-03	5.053716e-02	0.000000e+00	0.000000e+00	0.000000e+00	3.746551e-03	7.069148e-03	2.123798e-02	4.367658e-02	5.393833e-02	2.235727e-04	1.440936e-02	7.252057e-02	2.296434e-01	2.597928e-02	0.000000e+00	0.000000e+00	1.435240e-02	0.000000e+00	6.331917e-03	2.971461e-03	0.000000e+00	0.000000e+00	0.000000e+00	9.763499e-03	2.630413e-01	4.098386e-01
2.630413e-01	7.215409e-03	2.707467e-02	2.128386e-02	8.550555e-02	1.333347e-03	5.053716e-02	0.000000e+00	0.000000e+00	0.000000e+00	3.746551e-03	7.069148e-03	2.123798e-02	4.367658e-02	5.393833e-02	2.235727e-04	1.440936e-02	7.252057e-02	2.296434e-01	2.597928e-02	0.000000e+00	0.000000e+00	1.435240e-02	0.000000e+00	6.331917e-03	2.971461e-03	0.000000e+00	0.000000e+00	0.000000e+00	9.763499e-03	2.630413e-01	4.098386e-01
2.630413e-01	7.215409e-03	2.707467e-02	2.128386e-02	8.550555e-02	1.333347e-03	5.053716e-02	0.000000e+00	0.000000e+00	0.000000e+00	3.746551e-03	7.069148e-03	2.123798e-02	4.367658e-02	5.393833e-02	2.235727e-04	1.440936e-02	7.252057e-02	2.296434e-01	2.597928e-02	0.000000e+00	0.000000e+00	1.435240e-02	0.000000e+00	6.331917e-03	2.971461e-03	0.000000e+00	0.000000e+00	0.000000e+00	9.763499e-03	2.630413e-01	4.098386e-01
2.438883e-01	1.443082e-02	2.893001e-02	5.950492e-02	8.550555e-02	0.000000e+00	3.649869e-02	0.000000e+00	3.863622e-02	0.000000e+00	1.430141e-02	9.365863e-02	8.282113e-02	1.061856e-02	4.719484e-02	1.490485e-04	1.050155e-02	8.780174e-02	2.372053e-01	2.000450e-02	0.000000e+00	8.018066e-02	2.870479e-02	0.000000e+00	2.229860e-02	1.195348e-02	5.264379e-03	3.568870e-03	3.087730e-02	2.519160e-02	2.438883e-01	5.240991e-01
2.438883e-01	1.021089e-01	2.614700e-02	1.487623e-02	6.298316e-02	3.333367e-03	5.755640e-02	0.000000e+00	3.863622e-02	5.985963e-02	2.469007e-02	9.365863e-02	0.000000e+00	6.020559e-02	5.731008e-02	4.921817e-03	1.636327e-02	2.830937e-02	2.318209e-01	2.000450e-02	5.213164e-04	9.633757e-02	2.870479e-02	2.774680e-02	5.196015e-03	0.000000e+00	5.264379e-03	1.556863e-02	0.000000e+00	0.000000e+00	2.438883e-01	5.256418e-01
2.216204e-01	1.443082e-02	1.446501e-02	1.487623e-02	6.298316e-02	0.000000e+00	4.580716e-02	0.000000e+00	4.537731e-02	0.000000e+00	2.588352e-02	3.275920e-02	8.282113e-02	6.960863e-03	4.561254e-02	1.993660e-03	1.312694e-02	4.195440e-02	2.372053e-01	5.285813e-03	0.000000e+00	7.116435e-02	2.870479e-02	7.893469e-03	1.114930e-02	0.000000e+00	9.921112e-04	8.132895e-04	0.000000e+00	0.000000e+00	2.216204e-01	5.860911e-01
2.185020e-01	7.215409e-03	2.116768e-02	2.128386e-02	8.550555e-02	3.333367e-04	4.736920e-02	5.898510e-03	0.000000e+00	2.992981e-02	1.166270e-02	0.000000e+00	8.282113e-02	4.367658e-02	5.393833e-02	1.676795e-04	8.853116e-03	4.959498e-02	2.177970e-01	2.000450e-02	0.000000e+00	5.019041e-02	3.588099e-02	0.000000e+00	1.582979e-03	0.000000e+00	0.000000e+00	2.335294e-02	0.000000e+00	0.000000e+00	2.185020e-01	6.105206e-01
2.185020e-01	7.215409e-03	2.116768e-02	2.128386e-02	8.550555e-02	3.333367e-04	4.736920e-02	5.898510e-03	0.000000e+00	2.992981e-02	1.166270e-02	0.000000e+00	8.282113e-02	4.367658e-02	5.393833e-02	1.676795e-04	8.853116e-03	4.959498e-02	2.177970e-01	2.000450e-02	0.000000e+00	5.019041e-02	3.588099e-02	0.000000e+00	1.582979e-03	0.000000e+00	0.000000e+00	2.335294e-02	0.000000e+00	0.000000e+00	2.185020e-01	6.105206e-01
2.026121e-01	1.082311e-02	1.091570e-02	2.128386e-02	5.172197e-02	6.666734e-04	5.314611e-02	0.000000e+00	0.000000e+00	0.000000e+00	2.328762e-02	0.000000e+00	2.123798e-02	0.000000e+00	1.036606e-02	7.354778e-03	1.801171e-02	3.486075e-02	2.237790e-01	2.588439e-02	0.000000e+00	5.019041e-02	2.511669e-02	0.000000e+00	1.175147e-02	0.000000e+00	0.000000e+00	0.000000e+00	0.000000e+00	0.000000e+00	2.026121e-01	6.794523e-01
2.026121e-01	1.082311e-02	1.091570e-02	2.128386e-02	5.172197e-02	6.666734e-04	5.314611e-02	0.000000e+00	0.000000e+00	0.000000e+00	2.328762e-02	0.000000e+00	2.123798e-02	0.000000e+00	1.036606e-02	7.354778e-03	1.801171e-02	3.486075e-02	2.237790e-01	2.588439e-02	0.000000e+00	5.019041e-02	2.511669e-02	0.000000e+00	1.175147e-02	0.000000e+00	0.000000e+00	0.000000e+00	0.000000e+00	0.000000e+00	2.026121e-01	6.794523e-01
1.819740e-01	0.000000e+00	3.300044e-03	2.128386e-02	6.298316e-02	0.000000e+00	5.122047e-02	0.000000e+00	0.000000e+00	5.530751e-02	1.941264e-02	0.000000e+00	3.185697e-02	0.000000e+00	1.960215e-02	4.959079e-03	2.330053e-02	3.977216e-02	2.206792e-01	3.641017e-03	5.213164e-04	5.019041e-02	2.332264e-02	0.000000e+00	8.361973e-03	0.000000e+00	0.000000e+00	0.000000e+00	0.000000e+00	0.000000e+00	1.819740e-01	8.291507e-01
1.819740e-01	0.000000e+00	3.300044e-03	2.128386e-02	6.298316e-02	0.000000e+00	5.122047e-02	0.000000e+00	0.000000e+00	5.530751e-02	1.941264e-02	0.000000e+00	3.185697e-02	0.000000e+00	1.960215e-02	4.959079e-03	2.330053e-02	3.977216e-02	2.206792e-01	3.641017e-03	5.213164e-04	5.019041e-02	2.332264e-02	0.000000e+00	8.361973e-03	0.000000e+00	0.000000e+00	0.000000e+00	0.000000e+00	0.000000e+00	1.819740e-01	8.291507e-01
9.721505e-02	3.607704e-03	1.433302e-02	2.128386e-02	6.298316e-02	0.000000e+00	5.122047e-02	0.000000e+00	0.000000e+00	5.530751e-02	1.941264e-02	0.000000e+00	3.580515e-02	5.756764e-03	1.960215e-02	4.959079e-03	2.330053e-02	3.977216e-02	2.206792e-01	3.641017e-03	5.213164e-04	5.019041e-02	1.076430e-02	0.000000e+00	8.361973e-03	0.000000e+00	0.000000e+00	0.000000e+00	0.000000e+00	0.000000e+00	9.721505e-02	8.518317e-01
9.721505e-02	3.607704e-03	1.433302e-02	2.128386e-02	6.298316e-02	0.000000e+00	5.122047e-02	0.000000e+00	0.000000e+00	5.530751e-02	1.941264e-02	0.000000e+00	3.580515e-02	5.756764e-03	1.960215e-02	4.959079e-03	2.330053e-02	3.977216e-02	2.206792e-01	3.641017e-03	5.213164e-04	5.019041e-02	1.076430e-02	0.000000e+00	8.361973e-03	0.000000e+00	0.000000e+00	0.000000e+00	0.000000e+00	0.000000e+00	9.721505e-02	8.518317e-01
9.721505e-02	3.607704e-03	1.433302e-02	2.128386e-02	6.298316e-02	0.000000e+00	5.122047e-02	0.000000e+00	0.000000e+00	5.530751e-02	1.941264e-02	0.000000e+00	3.580515e-02	5.756764e-03	1.960215e-02	4.959079e-03	2.330053e-02	3.977216e-02	2.206792e-01	3.641017e-03	5.213164e-04	5.019041e-02	1.076430e-02	0.000000e+00	8.361973e-03	0.000000e+00	0.000000e+00	0.000000e+00	0.000000e+00	0.000000e+00	9.721505e-02	8.518317e-01
9.721505e-02	3.607704e-03	1.433302e-02	2.128386e-02	6.298316e-02	0.000000e+00	5.122047e-02	0.000000e+00	0.000000e+00	5.530751e-02	1.941264e-02	0.000000e+00	3.580515e-02	5.756764e-03	1.960215e-02	4.959079e-03	2.330053e-02	3.977216e-02	2.206792e-01	3.641017e-03	5.213164e-04	5.019041e-02	1.076430e-02	0.000000e+00	8.361973e-03	0.000000e+00	0.000000e+00	0.000000e+00	0.000000e+00	0.000000e+00	9.721505e-02	8.518317e-01
9.721505e-02	3.607704e-03	1.433302e-02	2.128386e-02	6.298316e-02	0.000000e+00	5.122047e-02	0.000000e+00	0.000000e+00	5.530751e-02	1.941264e-02	0.000000e+00	3.580515e-02	5.756764e-03	1.960215e-02	4.959079e-03	2.330053e-02	3.977216e-02	2.206792e-01	3.641017e-03	5.213164e-04	5.019041e-02	1.076430e-02	0.000000e+00	8.361973e-03	0.000000e+00	0.000000e+00	0.000000e+00	0.000000e+00	0.000000e+00	9.721505e-02	8.518317e-01
8.452193e-02	1.623467e-02	1.288927e-02	1.487623e-02	6.298316e-02	4.166709e-03	5.122047e-02	0.000000e+00	1.285607e-01	5.128495e-02	0.000000e+00	3.364284e-02	3.267926e-02	0.000000e+00	1.960215e-02	8.552628e-03	9.830070e-03	3.240504e-02	2.318411e-01	2.294444e-02	6.516455e-04	7.116435e-02	1.076430e-02	0.000000e+00	5.574649e-03	1.133762e-02	2.099775e-02	0.000000e+00	0.000000e+00	0.000000e+00	8.452193e-02	8.985997e-01
7.139435e-02	1.803852e-03	8.816534e-03	1.064193e-02	6.298316e-02	4.000040e-03	5.122047e-02	0.000000e+00	0.000000e+00	1.197193e-01	1.941264e-02	0.000000e+00	3.383106e-02	0.000000e+00	2.565049e-02	4.959079e-03	2.330053e-02	3.977216e-02	2.288501e-01	2.000450e-02	5.213164e-04	5.019041e-02	0.000000e+00	0.000000e+00	8.786152e-02	2.891433e-02	0.000000e+00	0.000000e+00	0.000000e+00	0.000000e+00	7.139435e-02	9.000164e-01
1.581937e-02	1.352889e-02	0.000000e+00	2.660482e-02	6.298316e-02	2.666693e-03	5.815192e-02	0.000000e+00	0.000000e+00	0.000000e+00	0.000000e+00	9.275841e-02	4.573301e-02	2.183829e-02	4.336232e-02	4.959079e-03	1.078800e-02	3.977216e-02	2.222093e-01	0.000000e+00	0.000000e+00	7.945141e-02	4.305719e-02	0.000000e+00	0.000000e+00	0.000000e+00	0.000000e+00	1.499783e-02	7.952844e-02	0.000000e+00	1.581937e-02	1.118487e+00
1.581937e-02	1.352889e-02	0.000000e+00	2.660482e-02	6.298316e-02	2.666693e-03	5.815192e-02	0.000000e+00	0.000000e+00	0.000000e+00	0.000000e+00	9.275841e-02	4.573301e-02	2.183829e-02	4.336232e-02	4.959079e-03	1.078800e-02	3.977216e-02	2.222093e-01	0.000000e+00	0.000000e+00	7.945141e-02	4.305719e-02	0.000000e+00	0.000000e+00	0.000000e+00	0.000000e+00	1.499783e-02	7.952844e-02	0.000000e+00	1.581937e-02	1.118487e+00
1.581937e-02	1.352889e-02	0.000000e+00	2.660482e-02	6.298316e-02	2.666693e-03	5.815192e-02	0.000000e+00	0.000000e+00	0.000000e+00	0.000000e+00	9.275841e-02	4.573301e-02	2.183829e-02	4.336232e-02	4.959079e-03	1.078800e-02	3.977216e-02	2.222093e-01	0.000000e+00	0.000000e+00	7.945141e-02	4.305719e-02	0.000000e+00	0.000000e+00	0.000000e+00	0.000000e+00	1.499783e-02	7.952844e-02	0.000000e+00	1.581937e-02	1.118487e+00
1.581937e-02	1.352889e-02	0.000000e+00	2.660482e-02	6.298316e-02	2.666693e-03	5.815192e-02	0.000000e+00	0.000000e+00	0.000000e+00	0.000000e+00	9.275841e-02	4.573301e-02	2.183829e-02	4.336232e-02	4.959079e-03	1.078800e-02	3.977216e-02	2.222093e-01	0.000000e+00	0.000000e+00	7.945141e-02	4.305719e-02	0.000000e+00	0.000000e+00	0.000000e+00	0.000000e+00	1.499783e-02	7.952844e-02	0.000000e+00	1.581937e-02	1.118487e+00
0.000000e+00	0.000000e+00	0.000000e+00	2.448767e-02	7.380833e-02	0.000000e+00	5.538943e-02	0.000000e+00	0.000000e+00	0.000000e+00	2.258639e-02	0.000000e+00	3.185697e-02	0.000000e+00	0.000000e+00	0.000000e+00	1.883592e-02	3.813644e-02	2.197580e-01	0.000000e+00	0.000000e+00	2.711683e-02	0.000000e+00	0.000000e+00	1.502920e-02	0.000000e+00	0.000000e+00	0.000000e+00	1.192927e-01	0.000000e+00	0.000000e+00	1.200575e+00
