8.455724e-01	0.000000e+00	0.000000e+00	6.421269e-03	0.000000e+00	2.523872e-01	7.418163e-04	0.000000e+00	0.000000e+00	0.000000e+00	4.161072e-02	7.511632e-03	0.000000e+00	9.678081e-03	2.869083e-03	4.994979e-03	3.895107e-03	0.000000e+00	9.605014e-02	2.385813e-02	0.000000e+00	4.951380e-02	0.000000e+00	4.289355e-03	0.000000e+00	7.235178e-02	0.000000e+00	6.736778e-03	0.000000e+00	0.000000e+00	8.455724e-01	-6.557719e-01
8.455724e-01	0.000000e+00	0.000000e+00	6.421269e-03	0.000000e+00	2.523872e-01	7.418163e-04	0.000000e+00	0.000000e+00	0.000000e+00	4.161072e-02	7.511632e-03	0.000000e+00	9.678081e-03	2.869083e-03	4.994979e-03	3.895107e-03	0.000000e+00	9.605014e-02	2.385813e-02	0.000000e+00	4.951380e-02	0.000000e+00	4.289355e-03	0.000000e+00	7.235178e-02	0.000000e+00	6.736778e-03	0.000000e+00	0.000000e+00	8.455724e-01	-6.557719e-01
8.455724e-01	0.000000e+00	0.000000e+00	6.421269e-03	0.000000e+00	2.523872e-01	7.418163e-04	0.000000e+00	0.000000e+00	0.000000e+00	4.161072e-02	7.511632e-03	0.000000e+00	9.678081e-03	2.869083e-03	4.994979e-03	3.895107e-03	0.000000e+00	9.605014e-02	2.385813e-02	0.000000e+00	4.951380e-02	0.000000e+00	4.289355e-03	0.000000e+00	7.235178e-02	0.000000e+00	6.736778e-03	0.000000e+00	0.000000e+00	8.455724e-01	-6.557719e-01
8.440680e-01	1.348256e-02	0.000000e+00	2.281321e-02	2.652453e-02	2.510916e-01	9.272704e-04	2.502072e-02	0.000000e+00	0.000000e+00	3.724534e-02	2.846315e-04	0.000000e+00	5.522112e-03	9.989683e-04	0.000000e+00	3.895107e-03	0.000000e+00	9.605014e-02	2.238774e-02	0.000000e+00	4.946401e-02	0.000000e+00	0.000000e+00	0.000000e+00	9.919363e-02	0.000000e+00	0.000000e+00	1.184496e-02	0.000000e+00	8.440680e-01	-6.318501e-01
8.440680e-01	1.348256e-02	0.000000e+00	2.281321e-02	2.652453e-02	2.510916e-01	9.272704e-04	2.502072e-02	0.000000e+00	0.000000e+00	3.724534e-02	2.846315e-04	0.000000e+00	5.522112e-03	9.989683e-04	0.000000e+00	3.895107e-03	0.000000e+00	9.605014e-02	2.238774e-02	0.000000e+00	4.946401e-02	0.000000e+00	0.000000e+00	0.000000e+00	9.919363e-02	0.000000e+00	0.000000e+00	1.184496e-02	0.000000e+00	8.440680e-01	-6.318501e-01
8.410201e-01	0.000000e+00	0.000000e+00	2.826480e-02	1.326227e-02	2.507680e-01	8.345433e-04	5.544753e-03	0.000000e+00	0.000000e+00	4.379341e-02	1.573956e-02	0.000000e+00	9.546198e-04	2.251612e-03	0.000000e+00	0.000000e+00	3.166039e-03	9.605014e-02	1.892874e-02	9.144321e-03	4.949718e-02	0.000000e+00	8.578710e-03	0.000000e+00	6.826489e-02	4.498644e-04	5.766353e-03	0.000000e+00	1.608783e-02	8.410201e-01	-6.136558e-01
8.410201e-01	0.000000e+00	0.000000e+00	2.826480e-02	1.326227e-02	2.507680e-01	8.345433e-04	5.544753e-03	0.000000e+00	0.000000e+00	4.379341e-02	1.573956e-02	0.000000e+00	9.546198e-04	2.251612e-03	0.000000e+00	0.000000e+00	3.166039e-03	9.605014e-02	1.892874e-02	9.144321e-03	4.949718e-02	0.000000e+00	8.578710e-03	0.000000e+00	6.826489e-02	4.498644e-04	5.766353e-03	0.000000e+00	1.608783e-02	8.410201e-01	-6.136558e-01
8.391184e-01	7.319038e-03	0.000000e+00	1.143518e-02	0.000000e+00	2.523872e-01	7.418163e-04	0.000000e+00	0.000000e+00	0.000000e+00	4.161072e-02	7.653948e-03	0.000000e+00	1.367042e-02	2.124774e-03	4.994979e-03	3.895107e-03	0.000000e+00	9.605014e-02	2.385813e-02	0.000000e+00	4.947120e-02	0.000000e+00	4.289355e-03	0.000000e+00	8.129906e-02	0.000000e+00	6.736778e-03	0.000000e+00	0.000000e+00	8.391184e-01	-6.006801e-01
8.391184e-01	2.676114e-02	0.000000e+00	1.143518e-02	2.421200e-02	2.541905e-01	7.418163e-04	0.000000e+00	0.000000e+00	3.138056e-03	4.161072e-02	0.000000e+00	0.000000e+00	2.694343e-02	0.000000e+00	1.811259e-02	2.650837e-03	0.000000e+00	8.760547e-02	3.522196e-02	0.000000e+00	4.945320e-02	0.000000e+00	0.000000e+00	0.000000e+00	8.129906e-02	3.999228e-03	1.200313e-02	0.000000e+00	0.000000e+00	8.391184e-01	-5.877080e-01
8.370999e-01	3.725025e-03	0.000000e+00	2.509312e-02	1.210600e-02	2.526616e-01	7.418163e-04	0.000000e+00	0.000000e+00	1.569028e-03	2.952909e-02	2.070679e-02	0.000000e+00	1.001305e-02	6.470484e-03	6.558806e-03	0.000000e+00	0.000000e+00	7.916081e-02	3.502471e-02	0.000000e+00	4.954010e-02	0.000000e+00	6.434033e-03	0.000000e+00	8.053744e-02	1.999614e-03	2.723629e-03	0.000000e+00	1.019982e-02	8.370999e-01	-5.732921e-01
8.370999e-01	3.725025e-03	0.000000e+00	2.509312e-02	1.210600e-02	2.526616e-01	7.418163e-04	0.000000e+00	0.000000e+00	1.569028e-03	2.952909e-02	2.070679e-02	0.000000e+00	1.001305e-02	6.470484e-03	6.558806e-03	0.000000e+00	0.000000e+00	7.916081e-02	3.502471e-02	0.000000e+00	4.954010e-02	0.000000e+00	6.434033e-03	0.000000e+00	8.053744e-02	1.999614e-03	2.723629e-03	0.000000e+00	1.019982e-02	8.370999e-01	-5.732921e-01
8.356397e-01	2.109327e-02	0.000000e+00	2.011281e-02	0.000000e+00	2.522826e-01	7.418163e-04	4.523386e-03	0.000000e+00	0.000000e+00	4.379341e-02	2.639031e-02	0.000000e+00	1.323244e-02	2.251612e-03	0.000000e+00	0.000000e+00	3.166039e-03	9.605014e-02	2.511334e-02	0.000000e+00	4.949718e-02	0.000000e+00	8.578710e-03	0.000000e+00	7.159016e-02	0.000000e+00	8.019519e-03	1.561303e-03	0.000000e+00	8.356397e-01	-5.527733e-01
8.354303e-01	0.000000e+00	0.000000e+00	2.826480e-02	1.553359e-02	2.542712e-01	7.418163e-04	5.544753e-03	0.000000e+00	0.000000e+00	3.038423e-02	1.573956e-02	3.166017e-03	2.132560e-02	6.470484e-03	5.063038e-03	6.059055e-03	0.000000e+00	6.161582e-02	2.217878e-02	9.144321e-03	4.950750e-02	0.000000e+00	3.645952e-02	0.000000e+00	6.826489e-02	4.498644e-04	5.766353e-03	0.000000e+00	1.608783e-02	8.354303e-01	-5.475053e-01
8.356397e-01	1.334040e-02	0.000000e+00	2.395317e-02	4.779565e-03	2.534284e-01	7.418163e-04	1.874920e-02	0.000000e+00	0.000000e+00	4.379341e-02	2.639031e-02	0.000000e+00	2.004540e-02	2.251612e-03	2.019383e-02	1.947553e-03	1.964774e-02	9.605014e-02	2.511334e-02	2.286080e-03	4.949718e-02	0.000000e+00	8.578710e-03	4.761533e-04	7.235178e-02	2.726746e-03	8.434037e-03	1.844713e-02	8.308771e-03	8.356397e-01	-5.357793e-01
8.335299e-01	0.000000e+00	0.000000e+00	2.509312e-02	9.559130e-03	2.527361e-01	7.418163e-04	3.205964e-02	0.000000e+00	0.000000e+00	2.952909e-02	2.070679e-02	0.000000e+00	1.001305e-02	6.470484e-03	0.000000e+00	0.000000e+00	0.000000e+00	7.916081e-02	2.934280e-02	2.286080e-03	4.944789e-02	0.000000e+00	3.431484e-02	9.523067e-04	4.550993e-02	1.454265e-03	6.407723e-03	2.440384e-02	1.661754e-02	8.335299e-01	-5.186689e-01
8.333071e-01	2.295578e-02	0.000000e+00	2.667896e-02	0.000000e+00	2.541207e-01	6.954528e-04	2.772377e-03	0.000000e+00	7.845141e-04	3.724534e-02	2.846315e-04	3.166017e-03	2.585481e-02	8.579920e-03	1.346255e-02	3.895107e-03	0.000000e+00	9.605014e-02	3.022677e-02	0.000000e+00	3.742341e-02	0.000000e+00	3.538718e-02	0.000000e+00	9.919363e-02	3.999228e-03	1.046035e-02	0.000000e+00	0.000000e+00	8.333071e-01	-5.088129e-01
8.321704e-01	1.156136e-02	0.000000e+00	3.295411e-02	1.911826e-02	2.525364e-01	4.404534e-04	4.424385e-02	0.000000e+00	0.000000e+00	4.429364e-02	2.604274e-02	3.022428e-03	0.000000e+00	6.302423e-03	1.346255e-02	6.059055e-03	0.000000e+00	6.464926e-02	2.890384e-02	9.144321e-03	2.309953e-03	0.000000e+00	5.147226e-02	0.000000e+00	3.148654e-02	1.452116e-03	5.104179e-03	6.076764e-03	2.452580e-02	8.321704e-01	-4.969144e-01
8.321704e-01	1.156136e-02	0.000000e+00	3.295411e-02	1.911826e-02	2.525364e-01	4.404534e-04	4.424385e-02	0.000000e+00	0.000000e+00	4.429364e-02	2.604274e-02	3.022428e-03	0.000000e+00	6.302423e-03	1.346255e-02	6.059055e-03	0.000000e+00	6.464926e-02	2.890384e-02	9.144321e-03	2.309953e-03	0.000000e+00	5.147226e-02	0.000000e+00	3.148654e-02	1.452116e-03	5.104179e-03	6.076764e-03	2.452580e-02	8.321704e-01	-4.969144e-01
8.315329e-01	3.725025e-03	0.000000e+00	2.509312e-02	9.559130e-03	2.527361e-01	7.418163e-04	3.205964e-02	0.000000e+00	0.000000e+00	2.952909e-02	1.137536e-02	0.000000e+00	1.001305e-02	6.470484e-03	2.692511e-02	0.000000e+00	3.929548e-02	1.129395e-01	2.934280e-02	4.572160e-03	4.944789e-02	0.000000e+00	3.431484e-02	9.523067e-04	4.550993e-02	1.454265e-03	6.407723e-03	2.440384e-02	1.661754e-02	8.315329e-01	-4.708758e-01
8.305183e-01	0.000000e+00	0.000000e+00	1.571450e-02	1.911826e-02	2.542712e-01	7.418163e-04	5.544753e-03	0.000000e+00	0.000000e+00	4.161072e-02	1.573956e-02	3.166017e-03	2.132560e-02	6.470484e-03	1.012608e-02	6.059055e-03	2.836458e-02	1.298288e-01	1.585288e-02	9.144321e-03	4.950750e-02	0.000000e+00	1.429785e-02	0.000000e+00	4.550993e-02	8.725588e-03	5.104179e-03	0.000000e+00	1.713507e-04	8.305183e-01	-4.668112e-01
8.311155e-01	7.717826e-03	0.000000e+00	3.544427e-02	0.000000e+00	2.527631e-01	1.112724e-03	3.357576e-03	0.000000e+00	0.000000e+00	3.716148e-02	0.000000e+00	3.022428e-03	0.000000e+00	8.411859e-03	1.346255e-02	4.544291e-03	0.000000e+00	1.077690e-01	2.924460e-02	0.000000e+00	6.660639e-02	0.000000e+00	6.434033e-02	0.000000e+00	7.796191e-02	4.608037e-03	7.313820e-03	1.749803e-02	3.283457e-02	8.311155e-01	-4.639288e-01
8.292513e-01	7.717826e-03	0.000000e+00	0.000000e+00	0.000000e+00	2.518195e-01	1.112724e-03	3.357576e-03	0.000000e+00	0.000000e+00	4.751255e-02	0.000000e+00	3.966907e-04	5.986288e-02	6.470484e-03	3.456668e-02	4.544291e-03	2.114691e-02	1.077690e-01	2.924460e-02	0.000000e+00	6.660639e-02	0.000000e+00	0.000000e+00	0.000000e+00	7.796191e-02	4.608037e-03	7.313820e-03	1.622146e-02	5.271260e-03	8.292513e-01	-4.369015e-01
8.292513e-01	7.717826e-03	0.000000e+00	0.000000e+00	0.000000e+00	2.518195e-01	1.112724e-03	3.357576e-03	0.000000e+00	0.000000e+00	4.751255e-02	0.000000e+00	3.966907e-04	5.986288e-02	6.470484e-03	3.456668e-02	4.544291e-03	2.114691e-02	1.077690e-01	2.924460e-02	0.000000e+00	6.660639e-02	0.000000e+00	0.000000e+00	0.000000e+00	7.796191e-02	4.608037e-03	7.313820e-03	1.622146e-02	5.271260e-03	8.292513e-01	-4.369015e-01
8.284702e-01	1.631764e-03	4.444516e-03	2.952633e-02	1.075402e-02	2.537321e-01	0.000000e+00	3.665298e-03	0.000000e+00	0.000000e+00	2.080536e-02	2.691867e-02	1.890866e-03	2.518542e-02	5.540637e-03	3.456668e-02	4.544291e-03	6.738094e-02	1.298288e-01	1.426714e-02	0.000000e+00	4.949657e-02	0.000000e+00	0.000000e+00	1.904613e-03	8.282231e-02	2.908529e-03	1.071234e-02	3.475827e-02	2.635630e-03	8.284702e-01	-4.110720e-01
8.267175e-01	1.348256e-02	3.601926e-03	9.371142e-03	7.169348e-03	2.531357e-01	7.418163e-04	7.691215e-03	0.000000e+00	0.000000e+00	0.000000e+00	2.484244e-02	2.617275e-03	4.612903e-02	6.806607e-03	0.000000e+00	8.380582e-03	4.693056e-02	1.419626e-01	3.018090e-02	2.606236e-02	3.723990e-02	0.000000e+00	0.000000e+00	1.162948e-02	0.000000e+00	7.825860e-03	6.386920e-03	5.799395e-02	8.010335e-04	8.267175e-01	-3.918404e-01
8.267175e-01	1.348256e-02	3.601926e-03	9.371142e-03	7.169348e-03	2.531357e-01	7.418163e-04	7.691215e-03	0.000000e+00	0.000000e+00	0.000000e+00	2.484244e-02	2.617275e-03	4.612903e-02	6.806607e-03	0.000000e+00	8.380582e-03	4.693056e-02	1.419626e-01	3.018090e-02	2.606236e-02	3.723990e-02	0.000000e+00	0.000000e+00	1.162948e-02	0.000000e+00	7.825860e-03	6.386920e-03	5.799395e-02	8.010335e-04	8.267175e-01	-3.918404e-01
8.267175e-01	1.348256e-02	1.800963e-03	9.371142e-03	7.169348e-03	2.533355e-01	2.285670e-02	7.691215e-03	0.000000e+00	0.000000e+00	3.990044e-02	2.484244e-02	7.466129e-03	5.863564e-02	6.806607e-03	0.000000e+00	1.257087e-02	4.693056e-02	1.649188e-01	3.018090e-02	2.606236e-02	3.723990e-02	0.000000e+00	0.000000e+00	1.744422e-02	0.000000e+00	7.825860e-03	6.386920e-03	7.677457e-02	8.010335e-04	8.267175e-01	-3.679706e-01
8.267175e-01	1.348256e-02	1.800963e-03	0.000000e+00	7.169348e-03	2.427222e-01	2.285670e-02	7.691215e-03	0.000000e+00	0.000000e+00	3.990044e-02	2.484244e-02	4.036723e-02	8.856708e-02	5.835920e-03	1.055206e-02	1.257087e-02	4.693056e-02	1.649188e-01	3.018090e-02	2.606236e-02	3.723990e-02	0.000000e+00	0.000000e+00	1.744422e-02	0.000000e+00	7.825860e-03	6.386920e-03	7.677457e-02	0.000000e+00	8.267175e-01	-3.583832e-01
6.498054e-01	6.527057e-03	0.000000e+00	0.000000e+00	2.549101e-02	2.548295e-01	0.000000e+00	9.078344e-03	0.000000e+00	0.000000e+00	0.000000e+00	2.276620e-02	0.000000e+00	2.132560e-02	7.081742e-03	0.000000e+00	3.029527e-03	8.818117e-02	9.605014e-02	0.000000e+00	0.000000e+00	3.029575e-02	0.000000e+00	0.000000e+00	5.091616e-03	9.720795e-03	4.426844e-03	5.104179e-03	7.240825e-03	2.284676e-04	6.498054e-01	-3.422308e-01
6.566176e-01	9.790585e-03	0.000000e+00	1.489812e-03	2.451306e-02	2.548677e-01	0.000000e+00	1.366133e-02	0.000000e+00	0.000000e+00	6.819005e-03	3.128376e-02	1.097485e-03	7.114113e-03	7.071725e-03	0.000000e+00	1.352468e-05	4.019024e-02	1.140595e-01	2.674908e-02	0.000000e+00	1.519585e-02	4.247136e-04	3.026720e-03	4.455164e-03	8.545134e-03	3.344945e-03	7.496763e-03	1.011956e-02	0.000000e+00	6.566176e-01	-3.405052e-01
6.566176e-01	9.790585e-03	0.000000e+00	1.489812e-03	2.451306e-02	2.548677e-01	0.000000e+00	1.366133e-02	0.000000e+00	0.000000e+00	6.819005e-03	3.128376e-02	1.097485e-03	7.114113e-03	7.071725e-03	0.000000e+00	1.352468e-05	4.019024e-02	1.140595e-01	2.674908e-02	0.000000e+00	1.519585e-02	4.247136e-04	3.026720e-03	4.455164e-03	8.545134e-03	3.344945e-03	7.496763e-03	1.011956e-02	0.000000e+00	6.566176e-01	-3.405052e-01
6.566176e-01	9.790585e-03	0.000000e+00	1.489812e-03	2.451306e-02	2.548677e-01	0.000000e+00	1.366133e-02	0.000000e+00	0.000000e+00	6.819005e-03	3.128376e-02	1.097485e-03	7.114113e-03	7.071725e-03	0.000000e+00	1.352468e-05	4.019024e-02	1.140595e-01	2.674908e-02	0.000000e+00	1.519585e-02	4.247136e-04	3.026720e-03	4.455164e-03	8.545134e-03	3.344945e-03	7.496763e-03	1.011956e-02	0.000000e+00	6.566176e-01	-3.405052e-01
6.566176e-01	9.790585e-03	0.000000e+00	1.489812e-03	2.451306e-02	2.548677e-01	0.000000e+00	1.366133e-02	0.000000e+00	0.000000e+00	6.819005e-03	3.128376e-02	1.097485e-03	7.114113e-03	7.071725e-03	0.000000e+00	1.352468e-05	4.019024e-02	1.140595e-01	2.674908e-02	0.000000e+00	1.519585e-02	4.247136e-04	3.026720e-03	4.455164e-03	8.545134e-03	3.344945e-03	7.496763e-03	1.011956e-02	0.000000e+00	6.566176e-01	-3.405052e-01
6.462364e-01	1.468588e-02	0.000000e+00	0.000000e+00	1.421244e-02	2.282630e-01	0.000000e+00	1.464450e-03	4.810514e-02	0.000000e+00	5.424475e-03	1.272734e-02	1.440449e-03	2.156658e-02	7.126822e-03	3.018811e-02	0.000000e+00	4.999573e-02	4.802507e-02	2.791978e-02	3.672867e-03	7.597923e-03	2.123568e-04	4.297537e-03	2.167731e-02	7.965512e-03	0.000000e+00	1.028811e-02	5.471571e-03	1.121726e-02	6.462364e-01	-3.342775e-01
6.434749e-01	1.468588e-02	0.000000e+00	1.275619e-02	9.779545e-04	2.379995e-01	0.000000e+00	2.061842e-02	4.796315e-02	0.000000e+00	5.424475e-03	1.193520e-02	0.000000e+00	4.476887e-02	6.699239e-03	2.859866e-02	7.459704e-05	4.381729e-02	3.902037e-02	2.930474e-02	4.131975e-03	0.000000e+00	2.123568e-04	2.466473e-03	0.000000e+00	9.562971e-03	3.896047e-04	8.374044e-03	4.456203e-03	1.261942e-02	6.434749e-01	-3.200377e-01
6.420474e-01	4.895293e-03	1.510193e-02	3.959233e-02	1.954073e-02	2.284937e-01	0.000000e+00	1.625405e-02	0.000000e+00	2.885326e-02	6.829904e-03	8.144770e-03	1.440449e-03	2.132560e-02	8.117166e-03	4.707171e-02	0.000000e+00	3.901457e-02	6.603447e-02	0.000000e+00	3.672867e-03	0.000000e+00	0.000000e+00	3.662128e-03	1.290713e-02	6.495768e-03	2.205776e-02	3.828134e-03	3.436701e-03	0.000000e+00	6.420474e-01	-3.072752e-01
6.420474e-01	4.895293e-03	1.510193e-02	3.959233e-02	1.954073e-02	2.284937e-01	0.000000e+00	1.625405e-02	0.000000e+00	2.885326e-02	6.829904e-03	8.144770e-03	1.440449e-03	2.132560e-02	8.117166e-03	4.707171e-02	0.000000e+00	3.901457e-02	6.603447e-02	0.000000e+00	3.672867e-03	0.000000e+00	0.000000e+00	3.662128e-03	1.290713e-02	6.495768e-03	2.205776e-02	3.828134e-03	3.436701e-03	0.000000e+00	6.420474e-01	-3.072752e-01
6.368232e-01	6.634167e-03	8.384736e-03	5.905267e-02	0.000000e+00	2.497268e-01	0.000000e+00	0.000000e+00	0.000000e+00	0.000000e+00	4.008146e-03	2.276620e-02	1.097485e-03	3.063366e-02	7.081742e-03	0.000000e+00	1.352468e-05	4.783442e-02	0.000000e+00	2.877635e-02	0.000000e+00	3.874509e-03	2.123568e-04	3.572610e-03	2.199554e-02	8.545134e-03	2.516659e-02	2.631842e-03	0.000000e+00	4.739239e-03	6.368232e-01	-2.783752e-01
6.368232e-01	6.634167e-03	8.384736e-03	0.000000e+00	2.797718e-02	2.680164e-01	0.000000e+00	7.781981e-03	0.000000e+00	0.000000e+00	4.008146e-03	3.433570e-02	1.097485e-03	3.063366e-02	7.081742e-03	0.000000e+00	3.036290e-03	4.783442e-02	1.200627e-01	2.877635e-02	0.000000e+00	3.874509e-03	2.123568e-04	3.572610e-03	8.656360e-04	1.074548e-02	0.000000e+00	6.938494e-03	1.058226e-02	2.284676e-04	6.368232e-01	-2.595322e-01
6.348623e-01	6.634167e-03	0.000000e+00	3.325086e-02	3.113030e-02	2.548677e-01	0.000000e+00	8.581269e-03	4.896998e-02	0.000000e+00	0.000000e+00	3.303283e-02	1.097485e-03	3.063366e-02	7.116288e-03	0.000000e+00	1.286665e-02	3.528750e-02	0.000000e+00	0.000000e+00	0.000000e+00	5.811763e-03	5.308920e-04	2.391312e-03	7.529419e-03	9.037291e-03	1.371410e-03	1.016848e-02	5.932654e-03	0.000000e+00	6.348623e-01	-2.565679e-01
6.335777e-01	4.895293e-03	1.510193e-02	5.309342e-02	1.074832e-02	2.538979e-01	0.000000e+00	1.368349e-02	2.839806e-04	0.000000e+00	3.414952e-03	2.425523e-02	1.397578e-03	1.243561e-03	7.334094e-03	3.197765e-02	2.388743e-03	3.038476e-02	6.603447e-02	0.000000e+00	4.231792e-03	6.667069e-03	0.000000e+00	5.085970e-03	2.167731e-02	7.763166e-03	1.285270e-02	5.742202e-03	3.749087e-03	0.000000e+00	6.335777e-01	-2.342062e-01
6.303321e-01	8.265932e-03	0.000000e+00	4.195346e-02	9.779545e-04	2.541148e-01	0.000000e+00	1.420523e-02	0.000000e+00	0.000000e+00	0.000000e+00	1.193520e-02	0.000000e+00	3.816062e-02	6.415841e-03	0.000000e+00	7.459704e-05	2.047925e-02	3.902037e-02	2.605500e-02	4.131975e-03	0.000000e+00	2.123568e-04	0.000000e+00	0.000000e+00	7.305389e-03	1.410524e-02	6.180842e-04	2.030736e-03	5.608632e-03	6.303321e-01	-2.127748e-01
6.303321e-01	4.895293e-03	3.439623e-02	1.489812e-03	9.779545e-04	2.595982e-01	3.175861e-03	1.585441e-02	2.839806e-04	0.000000e+00	0.000000e+00	3.021801e-02	8.059653e-04	2.132560e-02	6.398568e-03	3.178892e-03	0.000000e+00	4.509298e-02	3.902037e-02	4.044317e-02	4.131975e-03	1.042826e-02	0.000000e+00	4.252778e-03	5.091616e-03	8.159483e-03	3.741139e-03	3.828134e-03	4.355537e-03	2.798608e-03	6.303321e-01	-2.013476e-01
6.303321e-01	4.025855e-03	1.090956e-02	1.489812e-03	1.954073e-02	2.431660e-01	1.587931e-03	1.585441e-02	2.839806e-04	2.885326e-02	4.825831e-03	6.796830e-03	8.059653e-04	2.132560e-02	6.398568e-03	4.707171e-02	0.000000e+00	4.509298e-02	9.004701e-02	4.044317e-02	5.409484e-03	1.042826e-02	0.000000e+00	7.048871e-02	7.630314e-03	7.473355e-03	3.741139e-03	2.512213e-03	4.355537e-03	2.798608e-03	6.303321e-01	-1.718165e-01
6.303321e-01	4.025855e-03	1.090956e-02	1.489812e-03	1.954073e-02	2.431660e-01	1.587931e-03	1.585441e-02	2.839806e-04	2.885326e-02	4.825831e-03	6.796830e-03	8.059653e-04	2.132560e-02	6.398568e-03	4.707171e-02	0.000000e+00	4.509298e-02	9.004701e-02	4.044317e-02	5.409484e-03	1.042826e-02	0.000000e+00	7.048871e-02	7.630314e-03	7.473355e-03	3.741139e-03	2.512213e-03	4.355537e-03	2.798608e-03	6.303321e-01	-1.718165e-01
6.264318e-01	3.317084e-03	3.020386e-02	7.985185e-02	5.510364e-05	2.294106e-01	0.000000e+00	0.000000e+00	6.373490e-02	0.000000e+00	4.008146e-03	2.276620e-02	1.097485e-03	8.367005e-02	5.371413e-03	0.000000e+00	0.000000e+00	8.724832e-03	2.401254e-02	7.529251e-04	0.000000e+00	3.874509e-03	0.000000e+00	4.112630e-03	2.552632e-02	8.255323e-03	3.802592e-03	2.631842e-03	0.000000e+00	4.739239e-03	6.264318e-01	-1.362756e-01
6.248090e-01	4.895293e-03	0.000000e+00	2.700219e-02	0.000000e+00	2.790712e-01	3.175861e-03	2.139517e-02	0.000000e+00	0.000000e+00	0.000000e+00	2.007032e-02	7.716689e-04	6.773016e-02	5.560676e-03	0.000000e+00	0.000000e+00	3.273611e-02	4.802507e-02	2.882492e-02	3.473234e-03	9.459630e-03	1.061784e-04	0.000000e+00	1.144192e-02	1.050031e-02	5.206054e-03	0.000000e+00	0.000000e+00	2.804316e-03	6.248090e-01	-1.173503e-01
6.248090e-01	7.342939e-03	0.000000e+00	4.021675e-02	0.000000e+00	2.790712e-01	4.763792e-03	2.266100e-02	0.000000e+00	0.000000e+00	0.000000e+00	3.010548e-02	7.716689e-04	6.773016e-02	5.560676e-03	0.000000e+00	0.000000e+00	3.273611e-02	4.802507e-02	1.893738e-02	3.543129e-03	1.418944e-02	0.000000e+00	0.000000e+00	1.378837e-02	1.050031e-02	5.206054e-03	0.000000e+00	0.000000e+00	4.086532e-03	6.248090e-01	-1.120162e-01
6.248090e-01	7.342939e-03	0.000000e+00	4.021675e-02	0.000000e+00	2.790712e-01	4.763792e-03	2.266100e-02	0.000000e+00	0.000000e+00	0.000000e+00	3.010548e-02	7.716689e-04	6.773016e-02	5.560676e-03	0.000000e+00	0.000000e+00	3.273611e-02	4.802507e-02	1.893738e-02	3.543129e-03	1.418944e-02	0.000000e+00	0.000000e+00	1.378837e-02	1.050031e-02	5.206054e-03	0.000000e+00	0.000000e+00	4.086532e-03	6.248090e-01	-1.120162e-01
6.248090e-01	7.342939e-03	0.000000e+00	4.021675e-02	0.000000e+00	2.790712e-01	4.763792e-03	2.266100e-02	0.000000e+00	0.000000e+00	0.000000e+00	3.010548e-02	7.716689e-04	6.773016e-02	5.560676e-03	0.000000e+00	0.000000e+00	3.273611e-02	4.802507e-02	1.893738e-02	3.543129e-03	1.418944e-02	0.000000e+00	0.000000e+00	1.378837e-02	1.050031e-02	5.206054e-03	0.000000e+00	0.000000e+00	4.086532e-03	6.248090e-01	-1.120162e-01
4.550745e-01	0.000000e+00	0.000000e+00	5.730637e-04	0.000000e+00	2.130348e-01	0.000000e+00	1.886351e-02	0.000000e+00	0.000000e+00	0.000000e+00	0.000000e+00	1.371856e-03	5.976021e-02	5.018308e-03	0.000000e+00	0.000000e+00	4.596743e-02	6.003134e-02	4.859998e-02	3.333442e-03	0.000000e+00	1.670522e-02	0.000000e+00	6.749002e-03	5.580215e-03	0.000000e+00	4.609117e-03	1.446242e-03	2.398827e-04	4.550745e-01	-2.090396e-02
4.550745e-01	0.000000e+00	0.000000e+00	5.730637e-04	0.000000e+00	2.130348e-01	0.000000e+00	1.886351e-02	0.000000e+00	0.000000e+00	0.000000e+00	0.000000e+00	1.371856e-03	5.976021e-02	5.018308e-03	0.000000e+00	0.000000e+00	4.596743e-02	6.003134e-02	4.859998e-02	3.333442e-03	0.000000e+00	1.670522e-02	0.000000e+00	6.749002e-03	5.580215e-03	0.000000e+00	4.609117e-03	1.446242e-03	2.398827e-04	4.550745e-01	-2.090396e-02
4.550745e-01	0.000000e+00	0.000000e+00	5.730637e-04	0.000000e+00	2.130348e-01	0.000000e+00	1.886351e-02	0.000000e+00	0.000000e+00	0.000000e+00	0.000000e+00	1.371856e-03	5.976021e-02	5.018308e-03	0.000000e+00	0.000000e+00	4.596743e-02	6.003134e-02	4.859998e-02	3.333442e-03	0.000000e+00	1.670522e-02	0.000000e+00	6.749002e-03	5.580215e-03	0.000000e+00	4.609117e-03	1.446242e-03	2.398827e-04	4.550745e-01	-2.090396e-02
4.550745e-01	0.000000e+00	0.000000e+00	5.730637e-04	0.000000e+00	2.130348e-01	0.000000e+00	1.886351e-02	0.000000e+00	0.000000e+00	0.000000e+00	0.000000e+00	1.371856e-03	5.976021e-02	5.018308e-03	0.000000e+00	0.000000e+00	4.596743e-02	6.003134e-02	4.859998e-02	3.333442e-03	0.000000e+00	1.670522e-02	0.000000e+00	6.749002e-03	5.580215e-03	0.000000e+00	4.609117e-03	1.446242e-03	2.398827e-04	4.550745e-01	-2.090396e-02
4.550745e-01	0.000000e+00	0.000000e+00	5.730637e-04	0.000000e+00	2.130348e-01	0.000000e+00	1.886351e-02	0.000000e+00	0.000000e+00	0.000000e+00	0.000000e+00	1.371856e-03	5.976021e-02	5.018308e-03	0.000000e+00	0.000000e+00	4.596743e-02	6.003134e-02	4.859998e-02	3.333442e-03	0.000000e+00	1.670522e-02	0.000000e+00	6.749002e-03	5.580215e-03	0.000000e+00	4.609117e-03	1.446242e-03	2.398827e-04	4.550745e-01	-2.090396e-02
4.550745e-01	0.000000e+00	0.000000e+00	5.730637e-04	0.000000e+00	2.130348e-01	0.000000e+00	1.886351e-02	0.000000e+00	0.000000e+00	0.000000e+00	0.000000e+00	1.371856e-03	5.976021e-02	5.018308e-03	0.000000e+00	0.000000e+00	4.596743e-02	6.003134e-02	4.859998e-02	3.333442e-03	0.000000e+00	1.670522e-02	0.000000e+00	6.749002e-03	5.580215e-03	0.000000e+00	4.609117e-03	1.446242e-03	2.398827e-04	4.550745e-01	-2.090396e-02
4.550745e-01	0.000000e+00	0.000000e+00	5.730637e-04	0.000000e+00	2.130348e-01	0.000000e+00	1.886351e-02	0.000000e+00	0.000000e+00	0.000000e+00	0.000000e+00	1.371856e-03	5.976021e-02	5.018308e-03	0.000000e+00	0.000000e+00	4.596743e-02	6.003134e-02	4.859998e-02	3.333442e-03	0.000000e+00	1.670522e-02	0.000000e+00	6.749002e-03	5.580215e-03	0.000000e+00	4.609117e-03	1.446242e-03	2.398827e-04	4.550745e-01	-2.090396e-02
4.550745e-01	0.000000e+00	0.000000e+00	5.730637e-04	0.000000e+00	2.130348e-01	0.000000e+00	1.886351e-02	0.000000e+00	0.000000e+00	0.000000e+00	0.000000e+00	1.371856e-03	5.976021e-02	5.018308e-03	0.000000e+00	0.000000e+00	4.596743e-02	6.003134e-02	4.859998e-02	3.333442e-03	0.000000e+00	1.670522e-02	0.000000e+00	6.749002e-03	5.580215e-03	0.000000e+00	4.609117e-03	1.446242e-03	2.398827e-04	4.550745e-01	-2.090396e-02
4.509321e-01	7.897198e-03	0.000000e+00	1.950459e-02	0.000000e+00	2.130348e-01	1.190948e-03	1.273589e-02	0.000000e+00	0.000000e+00	0.000000e+00	0.000000e+00	6.859279e-04	6.741895e-02	5.257948e-03	0.000000e+00	0.000000e+00	2.827059e-02	6.003134e-02	4.859998e-02	2.185671e-03	0.000000e+00	1.670522e-02	7.871361e-03	6.749002e-03	5.580215e-03	1.184795e-04	2.304559e-03	0.000000e+00	4.260418e-03	4.509321e-01	-1.508277e-02
4.467898e-01	1.579440e-02	0.000000e+00	3.843611e-02	0.000000e+00	2.048529e-01	2.381896e-03	6.608264e-03	0.000000e+00	0.000000e+00	8.027192e-03	6.706971e-03	0.000000e+00	7.507768e-02	5.497588e-03	4.167957e-02	0.000000e+00	1.057375e-02	4.802507e-02	4.124086e-02	1.037900e-03	2.421558e-03	8.494272e-04	1.574272e-02	1.313710e-02	3.928631e-03	2.369589e-04	0.000000e+00	4.563082e-03	8.280954e-03	4.467898e-01	4.040804e-03
4.439084e-01	0.000000e+00	0.000000e+00	5.898684e-02	6.431953e-04	1.609217e-01	0.000000e+00	1.273589e-02	0.000000e+00	1.950787e-03	0.000000e+00	4.215309e-02	1.028892e-03	4.742499e-02	5.257948e-03	0.000000e+00	0.000000e+00	7.892833e-03	5.252742e-02	7.424789e-02	2.185671e-03	2.516903e-02	8.777324e-03	7.871361e-03	8.070247e-03	4.754423e-03	2.847224e-03	1.873980e-02	1.884421e-03	4.267480e-02	4.439084e-01	2.232957e-02
4.439084e-01	0.000000e+00	0.000000e+00	5.898684e-02	6.431953e-04	1.609217e-01	0.000000e+00	1.273589e-02	0.000000e+00	1.950787e-03	0.000000e+00	4.215309e-02	1.028892e-03	4.742499e-02	5.257948e-03	0.000000e+00	0.000000e+00	7.892833e-03	5.252742e-02	7.424789e-02	2.185671e-03	2.516903e-02	8.777324e-03	7.871361e-03	8.070247e-03	4.754423e-03	2.847224e-03	1.873980e-02	1.884421e-03	4.267480e-02	4.439084e-01	2.232957e-02
4.383253e-01	0.000000e+00	0.000000e+00	4.716079e-02	4.889772e-04	2.472733e-01	0.000000e+00	6.608264e-03	0.000000e+00	0.000000e+00	4.211095e-02	1.027133e-02	6.859279e-04	7.507768e-02	5.497588e-03	6.448256e-03	0.000000e+00	1.057375e-02	4.502350e-02	1.992969e-02	1.037900e-03	5.033807e-02	8.494272e-04	1.574272e-02	0.000000e+00	3.928631e-03	4.503589e-03	3.287048e-02	4.563082e-03	8.280954e-03	4.383253e-01	6.445429e-02
4.327414e-01	1.579440e-02	0.000000e+00	0.000000e+00	0.000000e+00	2.130348e-01	2.381896e-03	2.357939e-02	0.000000e+00	0.000000e+00	0.000000e+00	6.706971e-03	2.057784e-03	7.507768e-02	5.497588e-03	4.167957e-02	0.000000e+00	1.057375e-02	6.903604e-02	6.707696e-02	3.333442e-03	2.421558e-03	1.375572e-02	1.574272e-02	1.313710e-02	3.928631e-03	0.000000e+00	0.000000e+00	1.880238e-03	2.097457e-02	4.327414e-01	1.007279e-01
4.327414e-01	1.579440e-02	0.000000e+00	0.000000e+00	0.000000e+00	2.130348e-01	2.381896e-03	2.357939e-02	0.000000e+00	0.000000e+00	0.000000e+00	6.706971e-03	2.057784e-03	7.507768e-02	5.497588e-03	4.167957e-02	0.000000e+00	1.057375e-02	6.903604e-02	6.707696e-02	3.333442e-03	2.421558e-03	1.375572e-02	1.574272e-02	1.313710e-02	3.928631e-03	0.000000e+00	0.000000e+00	1.880238e-03	2.097457e-02	4.327414e-01	1.007279e-01
4.274588e-01	0.000000e+00	0.000000e+00	5.730637e-04	0.000000e+00	2.047561e-01	0.000000e+00	1.755627e-02	2.940144e-03	5.403190e-03	4.327960e-02	6.380467e-03	0.000000e+00	3.702126e-02	6.745274e-03	0.000000e+00	0.000000e+00	6.824837e-02	6.003134e-02	5.321943e-02	4.311930e-02	0.000000e+00	9.259946e-03	1.473932e-02	0.000000e+00	7.965512e-03	2.032174e-02	4.611745e-03	3.040012e-04	6.611876e-03	4.274588e-01	1.522902e-01
4.274588e-01	0.000000e+00	0.000000e+00	5.730637e-04	0.000000e+00	2.047561e-01	0.000000e+00	1.755627e-02	2.940144e-03	5.403190e-03	4.327960e-02	6.380467e-03	0.000000e+00	3.702126e-02	6.745274e-03	0.000000e+00	0.000000e+00	6.824837e-02	6.003134e-02	5.321943e-02	4.311930e-02	0.000000e+00	9.259946e-03	1.473932e-02	0.000000e+00	7.965512e-03	2.032174e-02	4.611745e-03	3.040012e-04	6.611876e-03	4.274588e-01	1.522902e-01
4.189344e-01	1.579440e-02	0.000000e+00	0.000000e+00	0.000000e+00	1.964773e-01	2.381896e-03	2.357939e-02	5.880288e-03	0.000000e+00	0.000000e+00	1.946791e-02	2.305786e-04	2.959978e-02	2.542302e-03	4.167957e-02	0.000000e+00	1.057375e-02	6.903604e-02	6.707696e-02	3.333442e-03	2.421558e-03	0.000000e+00	5.568354e-03	1.313710e-02	3.928631e-03	1.158527e-02	5.255778e-06	0.000000e+00	2.097457e-02	4.189344e-01	2.345848e-01
4.189344e-01	1.579440e-02	0.000000e+00	0.000000e+00	0.000000e+00	1.964773e-01	2.381896e-03	2.357939e-02	5.880288e-03	0.000000e+00	0.000000e+00	1.946791e-02	2.305786e-04	2.959978e-02	2.542302e-03	4.167957e-02	0.000000e+00	1.057375e-02	6.903604e-02	6.707696e-02	3.333442e-03	2.421558e-03	0.000000e+00	5.568354e-03	1.313710e-02	3.928631e-03	1.158527e-02	5.255778e-06	0.000000e+00	2.097457e-02	4.189344e-01	2.345848e-01
4.168632e-01	1.974299e-02	0.000000e+00	5.730637e-04	0.000000e+00	1.923864e-01	2.977370e-03	1.755627e-02	2.940144e-03	5.403190e-03	4.327960e-02	2.282139e-02	0.000000e+00	3.342914e-02	2.662122e-03	7.524091e-02	0.000000e+00	1.725327e-03	6.003134e-02	6.339741e-02	2.759557e-03	3.632337e-03	9.259946e-03	9.504034e-03	1.633115e-02	7.965512e-03	1.164451e-02	4.611745e-03	3.040012e-04	2.298483e-02	4.168632e-01	2.796014e-01
2.563308e-01	6.351268e-03	2.432725e-02	0.000000e+00	0.000000e+00	7.625633e-02	5.261131e-03	0.000000e+00	8.052936e-03	0.000000e+00	0.000000e+00	9.910219e-03	0.000000e+00	3.156778e-02	4.643788e-03	0.000000e+00	0.000000e+00	4.248179e-02	1.069308e-02	2.860421e-02	2.625016e-02	0.000000e+00	0.000000e+00	8.352530e-03	3.741784e-02	8.689530e-03	9.928515e-03	2.300617e-03	4.940020e-04	2.156999e-03	2.563308e-01	3.227881e-01
2.563308e-01	6.351268e-03	2.432725e-02	0.000000e+00	0.000000e+00	7.625633e-02	5.261131e-03	0.000000e+00	8.052936e-03	0.000000e+00	0.000000e+00	9.910219e-03	0.000000e+00	3.156778e-02	4.643788e-03	0.000000e+00	0.000000e+00	4.248179e-02	1.069308e-02	2.860421e-02	2.625016e-02	0.000000e+00	0.000000e+00	8.352530e-03	3.741784e-02	8.689530e-03	9.928515e-03	2.300617e-03	4.940020e-04	2.156999e-03	2.563308e-01	3.227881e-01
2.563308e-01	6.351268e-03	2.432725e-02	0.000000e+00	0.000000e+00	7.625633e-02	5.261131e-03	0.000000e+00	8.052936e-03	0.000000e+00	0.000000e+00	9.910219e-03	0.000000e+00	3.156778e-02	4.643788e-03	0.000000e+00	0.000000e+00	4.248179e-02	1.069308e-02	2.860421e-02	2.625016e-02	0.000000e+00	0.000000e+00	8.352530e-03	3.741784e-02	8.689530e-03	9.928515e-03	2.300617e-03	4.940020e-04	2.156999e-03	2.563308e-01	3.227881e-01
2.586334e-01	2.198660e-04	2.432725e-02	8.494939e-03	1.031743e-03	6.650817e-02	6.014702e-03	0.000000e+00	4.783928e-03	0.000000e+00	0.000000e+00	3.022283e-02	0.000000e+00	3.642608e-02	2.664228e-03	1.489071e-02	0.000000e+00	2.664225e-02	6.003134e-03	2.868257e-02	1.892664e-02	0.000000e+00	2.059302e-02	0.000000e+00	0.000000e+00	8.445047e-03	1.070652e-02	1.576733e-05	0.000000e+00	1.787173e-03	2.586334e-01	3.163023e-01
2.586334e-01	2.198660e-04	2.432725e-02	8.494939e-03	1.031743e-03	6.650817e-02	6.014702e-03	0.000000e+00	4.783928e-03	0.000000e+00	0.000000e+00	3.022283e-02	0.000000e+00	3.642608e-02	2.664228e-03	1.489071e-02	0.000000e+00	2.664225e-02	6.003134e-03	2.868257e-02	1.892664e-02	0.000000e+00	2.059302e-02	0.000000e+00	0.000000e+00	8.445047e-03	1.070652e-02	1.576733e-05	0.000000e+00	1.787173e-03	2.586334e-01	3.163023e-01
2.586334e-01	2.198660e-04	2.432725e-02	8.494939e-03	1.031743e-03	6.650817e-02	6.014702e-03	0.000000e+00	4.783928e-03	0.000000e+00	0.000000e+00	3.022283e-02	0.000000e+00	3.642608e-02	2.664228e-03	1.489071e-02	0.000000e+00	2.664225e-02	6.003134e-03	2.868257e-02	1.892664e-02	0.000000e+00	2.059302e-02	0.000000e+00	0.000000e+00	8.445047e-03	1.070652e-02	1.576733e-05	0.000000e+00	1.787173e-03	2.586334e-01	3.163023e-01
2.586334e-01	2.198660e-04	2.432725e-02	8.494939e-03	1.031743e-03	6.650817e-02	6.014702e-03	0.000000e+00	4.783928e-03	0.000000e+00	0.000000e+00	3.022283e-02	0.000000e+00	3.642608e-02	2.664228e-03	1.489071e-02	0.000000e+00	2.664225e-02	6.003134e-03	2.868257e-02	1.892664e-02	0.000000e+00	2.059302e-02	0.000000e+00	0.000000e+00	8.445047e-03	1.070652e-02	1.576733e-05	0.000000e+00	1.787173e-03	2.586334e-01	3.163023e-01
2.586334e-01	2.198660e-04	2.432725e-02	8.494939e-03	1.031743e-03	6.650817e-02	6.014702e-03	0.000000e+00	4.783928e-03	0.000000e+00	0.000000e+00	3.022283e-02	0.000000e+00	3.642608e-02	2.664228e-03	1.489071e-02	0.000000e+00	2.664225e-02	6.003134e-03	2.868257e-02	1.892664e-02	0.000000e+00	2.059302e-02	0.000000e+00	0.000000e+00	8.445047e-03	1.070652e-02	1.576733e-05	0.000000e+00	1.787173e-03	2.586334e-01	3.163023e-01
2.586334e-01	2.198660e-04	2.432725e-02	8.494939e-03	1.031743e-03	6.650817e-02	6.014702e-03	0.000000e+00	4.783928e-03	0.000000e+00	0.000000e+00	3.022283e-02	0.000000e+00	3.642608e-02	2.664228e-03	1.489071e-02	0.000000e+00	2.664225e-02	6.003134e-03	2.868257e-02	1.892664e-02	0.000000e+00	2.059302e-02	0.000000e+00	0.000000e+00	8.445047e-03	1.070652e-02	1.576733e-05	0.000000e+00	1.787173e-03	2.586334e-01	3.163023e-01
2.535388e-01	6.516167e-03	2.432725e-02	0.000000e+00	0.000000e+00	5.913709e-02	6.452079e-03	8.485561e-03	9.641587e-05	0.000000e+00	0.000000e+00	1.230826e-02	6.859279e-04	3.156778e-02	4.643788e-03	0.000000e+00	0.000000e+00	6.298853e-02	1.069308e-02	6.293357e-02	2.739793e-02	0.000000e+00	6.453147e-03	8.352530e-03	4.186091e-02	7.163366e-03	7.676721e-03	0.000000e+00	3.420014e-04	0.000000e+00	2.535388e-01	3.359520e-01
2.464704e-01	0.000000e+00	0.000000e+00	0.000000e+00	7.863605e-03	1.568558e-01	1.442117e-03	1.483823e-02	8.131014e-03	6.899121e-03	3.922084e-03	9.874655e-03	3.341355e-04	1.829728e-02	1.109046e-03	0.000000e+00	0.000000e+00	6.147122e-02	6.003134e-03	9.618474e-02	0.000000e+00	0.000000e+00	6.550725e-03	0.000000e+00	0.000000e+00	0.000000e+00	2.023838e-02	0.000000e+00	7.428607e-03	2.387443e-03	2.464704e-01	3.599050e-01
2.417124e-01	1.099330e-04	0.000000e+00	6.234187e-02	6.398856e-03	1.466933e-01	1.493077e-03	3.116009e-02	1.577453e-02	6.944648e-03	3.191329e-02	2.304911e-02	2.305786e-04	0.000000e+00	2.357334e-03	1.786885e-02	0.000000e+00	6.465714e-02	1.200627e-02	7.773714e-02	2.899693e-02	6.053894e-04	1.008284e-02	0.000000e+00	0.000000e+00	5.324390e-03	1.489879e-02	1.051156e-05	0.000000e+00	0.000000e+00	2.417124e-01	4.077302e-01
2.251987e-01	3.297990e-04	0.000000e+00	1.274241e-02	1.026740e-02	1.158622e-02	9.022053e-03	0.000000e+00	9.003076e-03	1.099630e-02	0.000000e+00	3.740503e-02	0.000000e+00	4.666554e-02	2.680831e-03	1.935792e-02	0.000000e+00	1.092618e-01	9.004701e-03	5.658415e-03	2.838996e-02	0.000000e+00	1.051017e-02	1.328736e-03	8.886136e-03	1.021098e-02	1.096994e-02	1.051156e-05	0.000000e+00	2.297878e-03	2.251987e-01	4.527189e-01
2.251987e-01	0.000000e+00	1.216362e-02	1.274241e-02	1.026740e-02	0.000000e+00	1.224809e-02	0.000000e+00	1.193568e-02	5.498152e-03	0.000000e+00	3.562994e-02	6.868288e-05	5.447584e-02	3.687213e-03	1.935792e-02	0.000000e+00	1.092618e-01	9.004701e-03	0.000000e+00	4.208893e-02	0.000000e+00	1.051017e-02	1.328736e-03	2.537352e-02	1.133607e-02	1.096994e-02	5.255778e-06	0.000000e+00	1.147345e-03	2.251987e-01	4.605462e-01
2.050335e-01	3.297990e-04	0.000000e+00	0.000000e+00	1.026740e-02	1.158622e-02	8.455641e-05	0.000000e+00	9.003076e-03	1.514635e-02	2.801723e-02	3.740503e-02	0.000000e+00	4.666554e-02	2.680831e-03	1.935792e-02	0.000000e+00	1.185615e-01	0.000000e+00	5.658415e-03	0.000000e+00	0.000000e+00	0.000000e+00	0.000000e+00	8.886136e-03	5.745630e-03	9.566645e-03	5.255778e-06	0.000000e+00	2.297878e-03	2.050335e-01	5.950068e-01
2.050335e-01	3.297990e-04	0.000000e+00	0.000000e+00	1.026740e-02	1.158622e-02	8.455641e-05	0.000000e+00	9.003076e-03	1.514635e-02	2.801723e-02	3.740503e-02	0.000000e+00	4.666554e-02	2.680831e-03	1.935792e-02	0.000000e+00	1.185615e-01	0.000000e+00	5.658415e-03	0.000000e+00	0.000000e+00	0.000000e+00	0.000000e+00	8.886136e-03	5.745630e-03	9.566645e-03	5.255778e-06	0.000000e+00	2.297878e-03	2.050335e-01	5.950068e-01
2.013819e-01	4.397319e-04	0.000000e+00	3.202141e-02	1.368890e-02	2.023263e-01	2.440303e-03	2.901371e-03	1.211880e-02	1.302213e-02	1.045889e-02	9.852244e-04	8.264202e-04	2.321470e-02	2.660597e-03	0.000000e+00	0.000000e+00	1.213002e-01	0.000000e+00	7.405157e-02	0.000000e+00	0.000000e+00	2.102035e-02	2.462132e-02	0.000000e+00	6.989284e-03	8.400879e-03	0.000000e+00	0.000000e+00	1.206969e-03	2.013819e-01	6.824805e-01
1.949663e-01	0.000000e+00	0.000000e+00	0.000000e+00	1.860322e-02	1.763521e-01	2.197688e-03	9.892152e-03	0.000000e+00	8.273659e-03	6.536807e-03	8.809618e-03	5.485622e-04	5.182805e-02	2.631023e-03	5.956282e-03	3.265832e-02	1.092618e-01	0.000000e+00	7.488757e-02	0.000000e+00	0.000000e+00	9.826088e-03	3.854581e-02	0.000000e+00	2.765137e-03	1.362252e-02	1.051156e-05	0.000000e+00	2.301065e-03	1.949663e-01	7.299468e-01
9.379765e-02	0.000000e+00	0.000000e+00	1.238195e-02	5.068469e-03	1.374219e-01	2.715122e-03	9.892152e-03	1.289662e-02	9.648197e-03	2.614723e-03	9.886510e-03	2.227570e-04	1.289753e-02	2.287293e-03	0.000000e+00	0.000000e+00	7.492109e-02	0.000000e+00	7.333655e-02	0.000000e+00	0.000000e+00	3.275363e-03	6.643679e-04	3.079008e-04	0.000000e+00	1.841293e-02	0.000000e+00	1.485721e-02	4.812565e-03	9.379765e-02	7.835219e-01
9.379765e-02	0.000000e+00	0.000000e+00	1.238195e-02	5.068469e-03	1.374219e-01	2.715122e-03	9.892152e-03	1.289662e-02	9.648197e-03	2.614723e-03	9.886510e-03	2.227570e-04	1.289753e-02	2.287293e-03	0.000000e+00	0.000000e+00	7.492109e-02	0.000000e+00	7.333655e-02	0.000000e+00	0.000000e+00	3.275363e-03	6.643679e-04	3.079008e-04	0.000000e+00	1.841293e-02	0.000000e+00	1.485721e-02	4.812565e-03	9.379765e-02	7.835219e-01
9.379765e-02	0.000000e+00	0.000000e+00	1.238195e-02	5.068469e-03	1.374219e-01	2.715122e-03	9.892152e-03	1.289662e-02	9.648197e-03	2.614723e-03	9.886510e-03	2.227570e-04	1.289753e-02	2.287293e-03	0.000000e+00	0.000000e+00	7.492109e-02	0.000000e+00	7.333655e-02	0.000000e+00	0.000000e+00	3.275363e-03	6.643679e-04	3.079008e-04	0.000000e+00	1.841293e-02	0.000000e+00	1.485721e-02	4.812565e-03	9.379765e-02	7.835219e-01
9.379765e-02	0.000000e+00	0.000000e+00	1.238195e-02	5.068469e-03	1.374219e-01	2.715122e-03	9.892152e-03	1.289662e-02	9.648197e-03	2.614723e-03	9.886510e-03	2.227570e-04	1.289753e-02	2.287293e-03	0.000000e+00	0.000000e+00	7.492109e-02	0.000000e+00	7.333655e-02	0.000000e+00	0.000000e+00	3.275363e-03	6.643679e-04	3.079008e-04	0.000000e+00	1.841293e-02	0.000000e+00	1.485721e-02	4.812565e-03	9.379765e-02	7.835219e-01
9.379765e-02	0.000000e+00	0.000000e+00	1.238195e-02	5.068469e-03	1.374219e-01	2.715122e-03	9.892152e-03	1.289662e-02	9.648197e-03	2.614723e-03	9.886510e-03	2.227570e-04	1.289753e-02	2.287293e-03	0.000000e+00	0.000000e+00	7.492109e-02	0.000000e+00	7.333655e-02	0.000000e+00	0.000000e+00	3.275363e-03	6.643679e-04	3.079008e-04	0.000000e+00	1.841293e-02	0.000000e+00	1.485721e-02	4.812565e-03	9.379765e-02	7.835219e-01
9.379765e-02	0.000000e+00	5.268504e-03	2.220168e-02	9.378684e-03	1.698741e-01	2.577712e-03	9.892152e-03	1.250771e-02	9.648197e-03	2.614723e-03	9.886510e-03	2.227570e-04	1.289753e-02	2.287293e-03	0.000000e+00	0.000000e+00	7.492109e-02	0.000000e+00	7.333655e-02	0.000000e+00	0.000000e+00	3.275363e-03	6.643679e-04	3.079008e-04	3.494642e-03	1.340690e-02	0.000000e+00	7.428607e-03	3.009767e-03	9.379765e-02	7.943044e-01
6.046491e-02	0.000000e+00	0.000000e+00	0.000000e+00	1.414961e-02	1.374219e-01	1.019491e-03	1.483823e-02	1.031257e-02	8.273659e-03	2.614723e-03	8.854527e-03	3.900632e-04	2.515265e-03	8.490832e-04	0.000000e+00	0.000000e+00	6.819615e-02	6.003134e-03	9.602407e-02	0.000000e+00	0.000000e+00	4.913044e-03	0.000000e+00	1.539504e-04	2.212109e-03	2.023279e-02	1.496842e-02	0.000000e+00	2.272376e-03	6.046491e-02	8.106485e-01
6.046491e-02	0.000000e+00	0.000000e+00	0.000000e+00	1.414961e-02	1.374219e-01	1.019491e-03	1.483823e-02	1.031257e-02	8.273659e-03	2.614723e-03	8.854527e-03	3.900632e-04	2.515265e-03	8.490832e-04	0.000000e+00	0.000000e+00	6.819615e-02	6.003134e-03	9.602407e-02	0.000000e+00	0.000000e+00	4.913044e-03	0.000000e+00	1.539504e-04	2.212109e-03	2.023279e-02	1.496842e-02	0.000000e+00	2.272376e-03	6.046491e-02	8.106485e-01
4.337591e-02	1.648995e-04	0.000000e+00	3.292494e-02	3.646831e-03	8.319525e-02	2.512100e-03	9.892152e-03	1.054736e-02	1.239727e-02	1.400861e-02	6.440529e-03	2.645359e-05	3.617256e-03	7.858898e-04	9.678958e-03	0.000000e+00	9.674128e-02	6.003134e-03	6.826570e-02	0.000000e+00	0.000000e+00	8.387099e-03	0.000000e+00	4.597019e-03	3.978870e-03	1.805976e-02	1.497105e-02	0.000000e+00	2.285127e-03	4.337591e-02	8.645543e-01
2.151338e-02	0.000000e+00	0.000000e+00	0.000000e+00	1.414961e-02	1.123980e-01	3.560375e-03	9.892152e-03	8.533502e-03	6.899121e-03	5.229445e-03	1.192677e-02	3.900632e-04	4.446156e-02	2.807218e-03	0.000000e+00	0.000000e+00	6.147122e-02	0.000000e+00	7.365790e-02	0.000000e+00	0.000000e+00	6.550725e-03	2.614012e-02	0.000000e+00	2.212109e-03	1.842411e-02	0.000000e+00	0.000000e+00	2.272376e-03	2.151338e-02	9.583387e-01
1.466219e-02	0.000000e+00	0.000000e+00	0.000000e+00	8.211474e-03	1.309439e-01	3.012251e-03	1.483823e-02	0.000000e+00	9.309336e-03	0.000000e+00	1.027083e-02	3.024993e-04	5.195935e-02	2.298449e-03	0.000000e+00	0.000000e+00	8.607226e-02	0.000000e+00	9.682744e-02	0.000000e+00	0.000000e+00	0.000000e+00	1.328736e-03	0.000000e+00	4.424219e-03	1.701604e-02	0.000000e+00	1.485721e-02	2.297878e-03	1.466219e-02	1.005033e+00
0.000000e+00	0.000000e+00	0.000000e+00	1.153770e-02	1.141090e-02	1.620979e-01	7.136482e-04	2.977262e-04	4.265761e-03	7.496631e-03	0.000000e+00	1.002453e-02	3.342945e-04	3.099786e-02	1.271676e-03	0.000000e+00	0.000000e+00	9.166172e-02	6.003134e-03	7.611724e-02	0.000000e+00	0.000000e+00	6.550725e-03	0.000000e+00	0.000000e+00	2.212109e-03	1.533160e-02	5.255778e-06	0.000000e+00	2.272376e-03	0.000000e+00	1.136739e+00
