8.361777e-01	1.457593e-01	4.917702e-03	0.000000e+00	4.932367e-02	2.200203e-01	9.549303e-04	8.661728e-03	5.955231e-04	9.996441e-02	0.000000e+00	0.000000e+00	2.359609e-02	1.607918e-01	3.095457e-03	1.900588e-02	1.237607e-02	0.000000e+00	0.000000e+00	1.330337e-01	1.484333e-02	0.000000e+00	0.000000e+00	3.042894e-03	3.092021e-03	1.756886e-01	1.038572e-02	3.563509e-03	4.231007e-02	0.000000e+00	8.361777e-01	-4.696763e-01
8.361777e-01	1.457593e-01	4.917702e-03	0.000000e+00	4.932367e-02	2.505745e-01	9.549303e-04	8.661728e-03	5.955231e-04	9.996441e-02	0.000000e+00	0.000000e+00	2.359609e-02	1.607918e-01	3.095457e-03	1.900588e-02	1.237607e-02	0.000000e+00	0.000000e+00	1.330337e-01	1.484333e-02	0.000000e+00	0.000000e+00	0.000000e+00	3.092021e-03	1.756886e-01	1.038572e-02	3.563509e-03	4.231007e-02	0.000000e+00	8.361777e-01	-4.644901e-01
8.361777e-01	1.457593e-01	4.917702e-03	0.000000e+00	4.932367e-02	2.505745e-01	9.549303e-04	8.661728e-03	5.955231e-04	9.996441e-02	0.000000e+00	0.000000e+00	2.359609e-02	1.607918e-01	3.095457e-03	1.900588e-02	1.237607e-02	0.000000e+00	0.000000e+00	1.330337e-01	1.484333e-02	0.000000e+00	0.000000e+00	0.000000e+00	3.092021e-03	1.756886e-01	1.038572e-02	3.563509e-03	4.231007e-02	0.000000e+00	8.361777e-01	-4.644901e-01
8.361777e-01	1.457593e-01	1.918130e-02	0.000000e+00	4.932367e-02	2.505745e-01	7.642007e-02	8.661728e-03	5.955231e-04	4.308417e-02	0.000000e+00	0.000000e+00	2.359609e-02	1.607918e-01	3.095457e-03	3.171229e-02	1.237607e-02	1.044562e-02	0.000000e+00	1.273625e-01	1.484333e-02	0.000000e+00	0.000000e+00	0.000000e+00	3.092021e-03	1.756886e-01	1.038572e-02	3.563509e-03	8.786223e-02	8.562631e-03	8.361777e-01	-4.447060e-01
8.361777e-01	1.457593e-01	1.918130e-02	0.000000e+00	4.932367e-02	2.505745e-01	7.642007e-02	8.661728e-03	5.955231e-04	4.308417e-02	0.000000e+00	0.000000e+00	2.359609e-02	1.607918e-01	3.095457e-03	3.171229e-02	1.237607e-02	1.044562e-02	0.000000e+00	1.273625e-01	1.484333e-02	0.000000e+00	0.000000e+00	0.000000e+00	3.092021e-03	1.756886e-01	1.038572e-02	3.563509e-03	8.786223e-02	8.562631e-03	8.361777e-01	-4.447060e-01
8.361777e-01	1.457593e-01	1.918130e-02	0.000000e+00	4.932367e-02	2.236589e-01	2.656906e-02	8.661728e-03	5.955231e-04	4.308417e-02	0.000000e+00	0.000000e+00	7.276379e-02	1.626677e-01	3.095457e-03	0.000000e+00	3.600227e-02	1.044562e-02	0.000000e+00	1.376847e-01	0.000000e+00	0.000000e+00	0.000000e+00	0.000000e+00	3.092021e-03	1.756886e-01	1.303743e-02	3.563509e-03	8.786223e-02	1.435112e-01	8.361777e-01	-4.257665e-01
8.361777e-01	1.457593e-01	1.918130e-02	0.000000e+00	4.932367e-02	2.236589e-01	2.656906e-02	8.661728e-03	5.955231e-04	4.308417e-02	0.000000e+00	0.000000e+00	7.276379e-02	1.626677e-01	3.095457e-03	0.000000e+00	3.600227e-02	1.044562e-02	0.000000e+00	1.376847e-01	0.000000e+00	0.000000e+00	0.000000e+00	0.000000e+00	3.092021e-03	1.756886e-01	1.303743e-02	3.563509e-03	8.786223e-02	1.435112e-01	8.361777e-01	-4.257665e-01
8.361777e-01	1.457593e-01	1.918130e-02	0.000000e+00	4.932367e-02	2.236589e-01	2.656906e-02	8.661728e-03	5.955231e-04	4.308417e-02	0.000000e+00	0.000000e+00	7.276379e-02	1.626677e-01	3.095457e-03	0.000000e+00	3.600227e-02	1.044562e-02	0.000000e+00	1.376847e-01	0.000000e+00	0.000000e+00	0.000000e+00	0.000000e+00	3.092021e-03	1.605131e-01	1.303743e-02	3.563509e-03	8.786223e-02	1.435112e-01	8.361777e-01	-4.286701e-01
8.361777e-01	1.457593e-01	1.918130e-02	0.000000e+00	4.932367e-02	2.236589e-01	2.656906e-02	8.661728e-03	5.955231e-04	4.308417e-02	0.000000e+00	0.000000e+00	7.276379e-02	1.626677e-01	3.095457e-03	0.000000e+00	3.600227e-02	1.044562e-02	0.000000e+00	1.376847e-01	0.000000e+00	0.000000e+00	0.000000e+00	0.000000e+00	3.092021e-03	1.605131e-01	1.303743e-02	3.563509e-03	8.786223e-02	1.435112e-01	8.361777e-01	-4.286701e-01
8.361777e-01	1.457593e-01	1.918130e-02	0.000000e+00	4.932367e-02	2.236589e-01	2.656906e-02	8.661728e-03	5.955231e-04	4.308417e-02	0.000000e+00	0.000000e+00	7.276379e-02	1.626677e-01	3.095457e-03	0.000000e+00	3.600227e-02	1.044562e-02	0.000000e+00	1.376847e-01	0.000000e+00	0.000000e+00	0.000000e+00	7.564761e-04	3.092021e-03	1.605131e-01	1.303743e-02	3.563509e-03	8.786223e-02	1.862985e-01	8.361777e-01	-4.203305e-01
8.361777e-01	1.457593e-01	1.918130e-02	0.000000e+00	4.932367e-02	2.236589e-01	2.656906e-02	8.661728e-03	5.955231e-04	4.308417e-02	0.000000e+00	0.000000e+00	7.276379e-02	1.626677e-01	3.095457e-03	0.000000e+00	3.600227e-02	1.044562e-02	0.000000e+00	1.376847e-01	0.000000e+00	0.000000e+00	0.000000e+00	7.564761e-04	3.092021e-03	1.605131e-01	1.303743e-02	3.563509e-03	8.786223e-02	1.862985e-01	8.361777e-01	-4.203305e-01
8.361777e-01	1.457593e-01	1.918130e-02	0.000000e+00	4.932367e-02	2.236589e-01	2.656906e-02	8.661728e-03	5.955231e-04	4.308417e-02	0.000000e+00	0.000000e+00	7.276379e-02	1.626677e-01	3.095457e-03	0.000000e+00	3.600227e-02	1.044562e-02	0.000000e+00	1.376847e-01	0.000000e+00	0.000000e+00	0.000000e+00	7.564761e-04	3.092021e-03	1.605131e-01	1.303743e-02	3.563509e-03	8.786223e-02	1.862985e-01	8.361777e-01	-4.203305e-01
8.361777e-01	1.457593e-01	1.918130e-02	0.000000e+00	4.932367e-02	2.236589e-01	2.656906e-02	8.661728e-03	5.955231e-04	4.308417e-02	0.000000e+00	0.000000e+00	7.276379e-02	1.626677e-01	3.095457e-03	0.000000e+00	3.600227e-02	1.044562e-02	0.000000e+00	1.376847e-01	0.000000e+00	0.000000e+00	0.000000e+00	7.564761e-04	3.092021e-03	1.605131e-01	1.303743e-02	3.563509e-03	8.786223e-02	1.862985e-01	8.361777e-01	-4.203305e-01
8.313814e-01	0.000000e+00	1.543593e-02	0.000000e+00	0.000000e+00	2.233911e-01	0.000000e+00	5.249110e-03	0.000000e+00	1.864843e-02	8.634062e-02	1.557484e-02	7.478570e-02	3.302863e-02	7.538952e-03	0.000000e+00	1.282556e-02	0.000000e+00	0.000000e+00	7.841438e-02	2.030242e-02	0.000000e+00	6.752420e-02	1.672336e-01	1.021022e-02	1.620752e-01	1.064219e-02	0.000000e+00	1.789206e-01	0.000000e+00	8.313814e-01	-3.911774e-01
8.313814e-01	0.000000e+00	1.543593e-02	0.000000e+00	0.000000e+00	2.233911e-01	0.000000e+00	5.249110e-03	0.000000e+00	1.864843e-02	8.634062e-02	1.557484e-02	7.478570e-02	3.302863e-02	7.538952e-03	0.000000e+00	1.282556e-02	0.000000e+00	0.000000e+00	7.841438e-02	2.030242e-02	0.000000e+00	6.752420e-02	1.672336e-01	1.021022e-02	1.620752e-01	1.064219e-02	0.000000e+00	1.789206e-01	0.000000e+00	8.313814e-01	-3.911774e-01
8.313814e-01	0.000000e+00	1.543593e-02	0.000000e+00	0.000000e+00	2.233911e-01	0.000000e+00	5.249110e-03	0.000000e+00	1.864843e-02	8.634062e-02	1.557484e-02	7.478570e-02	3.302863e-02	7.538952e-03	0.000000e+00	1.282556e-02	0.000000e+00	0.000000e+00	7.841438e-02	2.030242e-02	0.000000e+00	6.752420e-02	1.672336e-01	1.021022e-02	1.620752e-01	1.064219e-02	0.000000e+00	1.789206e-01	0.000000e+00	8.313814e-01	-3.911774e-01
8.313814e-01	0.000000e+00	1.543593e-02	0.000000e+00	0.000000e+00	2.233911e-01	0.000000e+00	5.249110e-03	0.000000e+00	1.864843e-02	8.634062e-02	1.557484e-02	7.478570e-02	3.302863e-02	7.538952e-03	0.000000e+00	1.282556e-02	0.000000e+00	0.000000e+00	7.841438e-02	2.030242e-02	0.000000e+00	6.752420e-02	1.672336e-01	1.021022e-02	1.620752e-01	1.064219e-02	0.000000e+00	1.789206e-01	0.000000e+00	8.313814e-01	-3.911774e-01
8.313814e-01	0.000000e+00	1.543593e-02	0.000000e+00	0.000000e+00	2.233911e-01	0.000000e+00	5.249110e-03	0.000000e+00	1.864843e-02	8.634062e-02	1.557484e-02	7.478570e-02	3.302863e-02	7.538952e-03	0.000000e+00	1.282556e-02	0.000000e+00	0.000000e+00	7.841438e-02	2.030242e-02	0.000000e+00	6.752420e-02	1.672336e-01	1.021022e-02	1.620752e-01	1.064219e-02	0.000000e+00	1.789206e-01	0.000000e+00	8.313814e-01	-3.911774e-01
8.313814e-01	0.000000e+00	1.543593e-02	0.000000e+00	0.000000e+00	2.233911e-01	0.000000e+00	5.249110e-03	0.000000e+00	1.864843e-02	8.634062e-02	1.557484e-02	7.478570e-02	3.302863e-02	7.538952e-03	0.000000e+00	1.282556e-02	0.000000e+00	0.000000e+00	7.841438e-02	2.030242e-02	0.000000e+00	6.752420e-02	1.672336e-01	1.021022e-02	1.620752e-01	1.064219e-02	0.000000e+00	1.789206e-01	0.000000e+00	8.313814e-01	-3.911774e-01
8.313814e-01	0.000000e+00	1.543593e-02	0.000000e+00	0.000000e+00	2.233911e-01	0.000000e+00	5.249110e-03	0.000000e+00	1.864843e-02	8.634062e-02	1.557484e-02	7.478570e-02	3.302863e-02	7.538952e-03	0.000000e+00	1.282556e-02	0.000000e+00	0.000000e+00	7.841438e-02	2.030242e-02	0.000000e+00	6.752420e-02	1.672336e-01	1.021022e-02	1.620752e-01	1.064219e-02	0.000000e+00	1.789206e-01	0.000000e+00	8.313814e-01	-3.911774e-01
8.313814e-01	0.000000e+00	1.543593e-02	0.000000e+00	0.000000e+00	2.233911e-01	0.000000e+00	5.249110e-03	0.000000e+00	1.864843e-02	8.634062e-02	1.557484e-02	7.478570e-02	3.302863e-02	7.538952e-03	0.000000e+00	1.282556e-02	0.000000e+00	0.000000e+00	7.841438e-02	2.030242e-02	0.000000e+00	6.752420e-02	1.672336e-01	1.021022e-02	1.620752e-01	1.064219e-02	0.000000e+00	1.789206e-01	0.000000e+00	8.313814e-01	-3.911774e-01
8.313814e-01	0.000000e+00	1.543593e-02	0.000000e+00	0.000000e+00	2.233911e-01	0.000000e+00	5.249110e-03	0.000000e+00	1.864843e-02	8.634062e-02	1.557484e-02	7.478570e-02	3.302863e-02	7.538952e-03	0.000000e+00	1.282556e-02	0.000000e+00	0.000000e+00	7.841438e-02	2.030242e-02	0.000000e+00	6.752420e-02	1.672336e-01	1.021022e-02	1.620752e-01	1.064219e-02	0.000000e+00	1.789206e-01	0.000000e+00	8.313814e-01	-3.911774e-01
8.313814e-01	0.000000e+00	1.543593e-02	0.000000e+00	0.000000e+00	2.233911e-01	0.000000e+00	5.249110e-03	0.000000e+00	1.864843e-02	8.634062e-02	1.557484e-02	7.478570e-02	3.302863e-02	7.538952e-03	0.000000e+00	1.282556e-02	0.000000e+00	0.000000e+00	7.841438e-02	2.030242e-02	0.000000e+00	6.752420e-02	1.672336e-01	1.021022e-02	1.620752e-01	1.064219e-02	0.000000e+00	1.789206e-01	0.000000e+00	8.313814e-01	-3.911774e-01
8.313814e-01	0.000000e+00	1.543593e-02	0.000000e+00	0.000000e+00	2.233911e-01	0.000000e+00	5.249110e-03	0.000000e+00	1.864843e-02	8.634062e-02	1.557484e-02	7.478570e-02	3.302863e-02	7.538952e-03	0.000000e+00	1.282556e-02	0.000000e+00	0.000000e+00	7.841438e-02	2.030242e-02	0.000000e+00	6.752420e-02	1.672336e-01	1.021022e-02	1.620752e-01	1.064219e-02	0.000000e+00	1.789206e-01	0.000000e+00	8.313814e-01	-3.911774e-01
6.435548e-01	0.000000e+00	2.239960e-02	0.000000e+00	1.613671e-02	2.231234e-01	8.851437e-03	3.338239e-03	4.358458e-02	9.001924e-03	9.774148e-02	1.125104e-02	7.478570e-02	5.735294e-02	6.862708e-03	2.585779e-02	4.080972e-04	2.473089e-02	0.000000e+00	6.661246e-02	2.030242e-02	0.000000e+00	6.752420e-02	7.539010e-02	9.335298e-03	9.081931e-02	2.304200e-02	3.662747e-03	1.452197e-01	0.000000e+00	6.435548e-01	-2.125911e-01
6.435548e-01	0.000000e+00	2.239960e-02	0.000000e+00	1.613671e-02	2.231234e-01	8.851437e-03	3.338239e-03	4.358458e-02	9.001924e-03	9.774148e-02	1.125104e-02	7.478570e-02	5.735294e-02	6.862708e-03	2.585779e-02	4.080972e-04	2.473089e-02	0.000000e+00	6.661246e-02	2.030242e-02	0.000000e+00	6.752420e-02	7.539010e-02	9.335298e-03	9.081931e-02	2.304200e-02	3.662747e-03	1.452197e-01	0.000000e+00	6.435548e-01	-2.125911e-01
6.458972e-01	0.000000e+00	2.065868e-02	0.000000e+00	0.000000e+00	2.231234e-01	8.851437e-03	5.249110e-03	4.929063e-02	9.726723e-03	1.030671e-01	1.125104e-02	9.844573e-02	5.735294e-02	6.862708e-03	2.585779e-02	4.080972e-04	2.473089e-02	0.000000e+00	5.481053e-02	2.030242e-02	0.000000e+00	3.376210e-02	7.539010e-02	9.335298e-03	9.081931e-02	8.246945e-03	3.662747e-03	1.593605e-01	0.000000e+00	6.458972e-01	-2.298475e-01
6.458972e-01	0.000000e+00	2.065868e-02	0.000000e+00	0.000000e+00	2.231234e-01	8.851437e-03	5.249110e-03	4.929063e-02	9.726723e-03	1.030671e-01	1.125104e-02	9.844573e-02	5.735294e-02	6.862708e-03	2.585779e-02	4.080972e-04	2.473089e-02	0.000000e+00	5.481053e-02	2.030242e-02	0.000000e+00	3.376210e-02	7.539010e-02	9.335298e-03	9.081931e-02	8.246945e-03	3.662747e-03	1.593605e-01	0.000000e+00	6.458972e-01	-2.298475e-01
6.458972e-01	0.000000e+00	2.065868e-02	0.000000e+00	0.000000e+00	2.231234e-01	8.851437e-03	5.249110e-03	4.929063e-02	9.726723e-03	1.030671e-01	1.125104e-02	9.844573e-02	5.735294e-02	6.862708e-03	2.585779e-02	4.080972e-04	2.473089e-02	0.000000e+00	5.481053e-02	2.030242e-02	0.000000e+00	3.376210e-02	7.539010e-02	9.335298e-03	9.081931e-02	8.246945e-03	3.662747e-03	1.593605e-01	0.000000e+00	6.458972e-01	-2.298475e-01
6.435548e-01	0.000000e+00	2.239960e-02	0.000000e+00	1.613671e-02	2.231234e-01	8.851437e-03	3.338239e-03	4.358458e-02	9.001924e-03	9.774148e-02	1.125104e-02	7.478570e-02	5.735294e-02	6.862708e-03	2.585779e-02	4.080972e-04	2.473089e-02	0.000000e+00	6.661246e-02	2.030242e-02	0.000000e+00	6.752420e-02	7.539010e-02	9.335298e-03	9.081931e-02	2.304200e-02	3.662747e-03	1.452197e-01	0.000000e+00	6.435548e-01	-2.125911e-01
6.435548e-01	0.000000e+00	2.239960e-02	0.000000e+00	1.613671e-02	2.231234e-01	8.851437e-03	3.338239e-03	4.358458e-02	9.001924e-03	9.774148e-02	1.125104e-02	7.478570e-02	5.735294e-02	6.862708e-03	2.585779e-02	4.080972e-04	2.473089e-02	0.000000e+00	6.661246e-02	2.030242e-02	0.000000e+00	6.752420e-02	7.539010e-02	9.335298e-03	9.081931e-02	2.304200e-02	3.662747e-03	1.452197e-01	0.000000e+00	6.435548e-01	-2.125911e-01
6.435548e-01	0.000000e+00	2.239960e-02	0.000000e+00	1.613671e-02	2.231234e-01	8.851437e-03	3.338239e-03	4.358458e-02	9.001924e-03	9.774148e-02	1.125104e-02	7.478570e-02	5.735294e-02	6.862708e-03	2.585779e-02	4.080972e-04	2.473089e-02	0.000000e+00	6.661246e-02	2.030242e-02	0.000000e+00	6.752420e-02	7.539010e-02	9.335298e-03	9.081931e-02	2.304200e-02	3.662747e-03	1.452197e-01	0.000000e+00	6.435548e-01	-2.125911e-01
6.435548e-01	0.000000e+00	2.239960e-02	0.000000e+00	1.613671e-02	2.231234e-01	8.851437e-03	3.338239e-03	4.358458e-02	9.001924e-03	9.774148e-02	1.125104e-02	7.478570e-02	5.735294e-02	6.862708e-03	2.585779e-02	4.080972e-04	2.473089e-02	0.000000e+00	6.661246e-02	2.030242e-02	0.000000e+00	6.752420e-02	7.539010e-02	9.335298e-03	9.081931e-02	2.304200e-02	3.662747e-03	1.452197e-01	0.000000e+00	6.435548e-01	-2.125911e-01
6.435548e-01	0.000000e+00	2.239960e-02	0.000000e+00	1.613671e-02	2.231234e-01	8.851437e-03	3.338239e-03	4.358458e-02	9.001924e-03	9.774148e-02	1.125104e-02	7.478570e-02	5.735294e-02	6.862708e-03	2.585779e-02	4.080972e-04	2.473089e-02	0.000000e+00	6.661246e-02	2.030242e-02	0.000000e+00	6.752420e-02	7.539010e-02	9.335298e-03	9.081931e-02	2.304200e-02	3.662747e-03	1.452197e-01	0.000000e+00	6.435548e-01	-2.125911e-01
6.341853e-01	0.000000e+00	2.936327e-02	0.000000e+00	0.000000e+00	2.231234e-01	8.851437e-03	5.249110e-03	2.076039e-02	6.102725e-03	1.030671e-01	1.125104e-02	7.478570e-02	5.735294e-02	6.862708e-03	2.585779e-02	4.080972e-04	0.000000e+00	0.000000e+00	5.481053e-02	2.030242e-02	0.000000e+00	6.752420e-02	7.539010e-02	9.335298e-03	9.081931e-02	8.246945e-03	3.662747e-03	1.452197e-01	7.365234e-02	6.341853e-01	-1.339723e-01
6.341853e-01	0.000000e+00	2.936327e-02	0.000000e+00	0.000000e+00	2.231234e-01	8.851437e-03	5.249110e-03	2.076039e-02	6.102725e-03	1.030671e-01	1.125104e-02	7.478570e-02	5.735294e-02	6.862708e-03	2.585779e-02	4.080972e-04	0.000000e+00	0.000000e+00	5.481053e-02	2.030242e-02	0.000000e+00	6.752420e-02	7.539010e-02	9.335298e-03	9.081931e-02	8.246945e-03	3.662747e-03	1.452197e-01	7.365234e-02	6.341853e-01	-1.339723e-01
6.341853e-01	0.000000e+00	2.065868e-02	0.000000e+00	1.613671e-02	2.231234e-01	8.851437e-03	3.338239e-03	4.929063e-02	6.102725e-03	1.030671e-01	1.125104e-02	7.478570e-02	5.735294e-02	6.862708e-03	2.585779e-02	4.080972e-04	2.473089e-02	0.000000e+00	6.949908e-02	3.692022e-02	0.000000e+00	6.752420e-02	7.539010e-02	9.335298e-03	9.081931e-02	2.674077e-02	3.662747e-03	1.452197e-01	8.502980e-02	6.341853e-01	-1.094231e-01
6.341853e-01	0.000000e+00	2.065868e-02	0.000000e+00	1.613671e-02	2.231234e-01	8.851437e-03	3.338239e-03	4.929063e-02	6.102725e-03	1.030671e-01	1.125104e-02	7.478570e-02	5.735294e-02	6.862708e-03	2.585779e-02	4.080972e-04	2.473089e-02	0.000000e+00	6.949908e-02	3.692022e-02	0.000000e+00	6.752420e-02	7.539010e-02	9.335298e-03	9.081931e-02	2.674077e-02	3.662747e-03	1.452197e-01	8.502980e-02	6.341853e-01	-1.094231e-01
6.295005e-01	0.000000e+00	3.044352e-02	0.000000e+00	0.000000e+00	2.260790e-01	8.851437e-03	6.204546e-03	2.361341e-02	2.478726e-03	1.030671e-01	1.125104e-02	7.478570e-02	5.735294e-02	6.862708e-03	2.585779e-02	3.672875e-04	0.000000e+00	0.000000e+00	4.602295e-02	0.000000e+00	0.000000e+00	6.752420e-02	4.856796e-02	9.335298e-03	9.081931e-02	1.009633e-02	3.662747e-03	1.452197e-01	1.047898e-01	6.295005e-01	-8.027708e-02
6.295005e-01	0.000000e+00	3.044352e-02	0.000000e+00	0.000000e+00	2.260790e-01	8.851437e-03	6.204546e-03	2.361341e-02	2.478726e-03	1.030671e-01	1.125104e-02	7.478570e-02	5.735294e-02	6.862708e-03	2.585779e-02	3.672875e-04	0.000000e+00	0.000000e+00	4.602295e-02	0.000000e+00	0.000000e+00	6.752420e-02	4.856796e-02	9.335298e-03	9.081931e-02	1.009633e-02	3.662747e-03	1.452197e-01	1.047898e-01	6.295005e-01	-8.027708e-02
6.295005e-01	0.000000e+00	2.011856e-02	0.000000e+00	1.613671e-02	2.216456e-01	8.851437e-03	2.860521e-03	4.786411e-02	2.478726e-03	1.030671e-01	1.125104e-02	7.478570e-02	5.735294e-02	6.862708e-03	2.585779e-02	4.285020e-04	2.473089e-02	0.000000e+00	7.389288e-02	4.707143e-02	0.000000e+00	6.752420e-02	8.880116e-02	9.335298e-03	9.081931e-02	2.581608e-02	3.662747e-03	1.452197e-01	6.946108e-02	6.295005e-01	-5.104304e-02
6.295005e-01	0.000000e+00	2.011856e-02	0.000000e+00	1.613671e-02	2.216456e-01	8.851437e-03	2.860521e-03	4.786411e-02	2.478726e-03	1.030671e-01	1.125104e-02	7.478570e-02	5.735294e-02	6.862708e-03	2.585779e-02	4.285020e-04	2.473089e-02	0.000000e+00	7.389288e-02	4.707143e-02	0.000000e+00	6.752420e-02	8.880116e-02	9.335298e-03	9.081931e-02	2.581608e-02	3.662747e-03	1.452197e-01	6.946108e-02	6.295005e-01	-5.104304e-02
6.295005e-01	0.000000e+00	2.011856e-02	0.000000e+00	1.613671e-02	2.216456e-01	8.851437e-03	2.860521e-03	4.786411e-02	2.478726e-03	1.030671e-01	1.125104e-02	7.478570e-02	5.735294e-02	6.862708e-03	2.585779e-02	4.285020e-04	2.473089e-02	0.000000e+00	7.389288e-02	4.707143e-02	0.000000e+00	6.752420e-02	8.880116e-02	9.335298e-03	9.081931e-02	2.581608e-02	3.662747e-03	1.452197e-01	6.946108e-02	6.295005e-01	-5.104304e-02
6.295005e-01	0.000000e+00	2.011856e-02	0.000000e+00	1.613671e-02	2.216456e-01	8.851437e-03	2.860521e-03	4.786411e-02	2.478726e-03	1.030671e-01	1.125104e-02	7.478570e-02	5.735294e-02	6.862708e-03	2.585779e-02	4.285020e-04	2.473089e-02	0.000000e+00	7.389288e-02	4.707143e-02	0.000000e+00	6.752420e-02	8.880116e-02	9.335298e-03	9.081931e-02	2.581608e-02	3.662747e-03	1.452197e-01	6.946108e-02	6.295005e-01	-5.104304e-02
6.271024e-01	7.596960e-03	2.821309e-02	0.000000e+00	0.000000e+00	2.191826e-01	8.851437e-03	1.269291e-02	0.000000e+00	3.409333e-02	1.210329e-01	8.058739e-03	3.519327e-02	6.546104e-02	7.371563e-03	6.553158e-02	4.897166e-04	9.670476e-04	7.938023e-03	5.973734e-02	1.903733e-02	5.547547e-03	1.355943e-01	1.290344e-01	9.683714e-03	6.871072e-02	5.227169e-04	6.315560e-03	1.527409e-01	2.209570e-01	6.271024e-01	2.065241e-02
6.295005e-01	1.139544e-02	3.511416e-02	0.000000e+00	0.000000e+00	2.210891e-01	1.026258e-01	2.860521e-03	1.124527e-02	4.990064e-02	1.114658e-01	6.462587e-03	5.904951e-02	6.546104e-02	7.371563e-03	4.267247e-02	4.285020e-04	2.473089e-02	7.938023e-03	0.000000e+00	1.903733e-02	3.975433e-02	1.696293e-01	1.763930e-01	9.683714e-03	8.009287e-02	5.880565e-04	7.059778e-03	1.452197e-01	2.967050e-01	6.295005e-01	4.439499e-02
6.295005e-01	1.139544e-02	3.511416e-02	0.000000e+00	0.000000e+00	2.210891e-01	1.026258e-01	2.860521e-03	1.124527e-02	4.990064e-02	1.114658e-01	6.462587e-03	5.904951e-02	6.546104e-02	7.371563e-03	4.267247e-02	4.285020e-04	2.473089e-02	7.938023e-03	0.000000e+00	1.903733e-02	3.975433e-02	1.696293e-01	1.763930e-01	9.683714e-03	8.009287e-02	5.880565e-04	7.059778e-03	1.452197e-01	2.967050e-01	6.295005e-01	4.439499e-02
6.295005e-01	1.139544e-02	3.511416e-02	0.000000e+00	0.000000e+00	2.210891e-01	1.026258e-01	2.860521e-03	1.124527e-02	4.990064e-02	1.114658e-01	6.462587e-03	5.904951e-02	6.546104e-02	7.371563e-03	4.267247e-02	4.285020e-04	2.473089e-02	7.938023e-03	0.000000e+00	1.903733e-02	3.975433e-02	1.696293e-01	1.763930e-01	9.683714e-03	8.009287e-02	5.880565e-04	7.059778e-03	1.452197e-01	2.967050e-01	6.295005e-01	4.439499e-02
6.295005e-01	1.139544e-02	3.511416e-02	0.000000e+00	0.000000e+00	2.210891e-01	1.026258e-01	2.860521e-03	1.124527e-02	4.990064e-02	1.114658e-01	6.462587e-03	5.904951e-02	6.546104e-02	7.371563e-03	4.267247e-02	4.285020e-04	2.473089e-02	7.938023e-03	0.000000e+00	1.903733e-02	3.975433e-02	1.696293e-01	1.763930e-01	9.683714e-03	8.009287e-02	5.880565e-04	7.059778e-03	1.452197e-01	2.967050e-01	6.295005e-01	4.439499e-02
4.494003e-01	5.767124e-03	3.827167e-02	1.442752e-02	0.000000e+00	2.305818e-01	3.113552e-01	1.341411e-02	6.239015e-02	2.915483e-02	0.000000e+00	6.237681e-02	0.000000e+00	6.547876e-02	6.993320e-03	2.856387e-02	2.040486e-05	0.000000e+00	1.226247e-02	0.000000e+00	2.363116e-03	4.000487e-02	5.084786e-02	3.872616e-02	8.303868e-03	1.483745e-02	5.553867e-04	0.000000e+00	0.000000e+00	1.823618e-03	4.494003e-01	1.021082e-01
4.494003e-01	5.767124e-03	3.827167e-02	1.442752e-02	0.000000e+00	2.305818e-01	3.113552e-01	1.341411e-02	6.239015e-02	2.915483e-02	0.000000e+00	6.237681e-02	0.000000e+00	6.547876e-02	6.993320e-03	2.856387e-02	2.040486e-05	0.000000e+00	1.226247e-02	0.000000e+00	2.363116e-03	4.000487e-02	5.084786e-02	3.872616e-02	8.303868e-03	1.483745e-02	5.553867e-04	0.000000e+00	0.000000e+00	1.823618e-03	4.494003e-01	1.021082e-01
4.494003e-01	5.767124e-03	3.827167e-02	1.442752e-02	0.000000e+00	2.305818e-01	3.113552e-01	1.341411e-02	6.239015e-02	2.915483e-02	0.000000e+00	6.237681e-02	0.000000e+00	6.547876e-02	6.993320e-03	2.856387e-02	2.040486e-05	0.000000e+00	1.226247e-02	0.000000e+00	2.363116e-03	4.000487e-02	5.084786e-02	3.872616e-02	8.303868e-03	1.483745e-02	5.553867e-04	0.000000e+00	0.000000e+00	1.823618e-03	4.494003e-01	1.021082e-01
4.494003e-01	5.767124e-03	3.827167e-02	1.442752e-02	0.000000e+00	2.305818e-01	3.113552e-01	1.341411e-02	6.239015e-02	2.915483e-02	0.000000e+00	6.237681e-02	0.000000e+00	6.547876e-02	6.993320e-03	2.856387e-02	2.040486e-05	0.000000e+00	1.226247e-02	0.000000e+00	2.363116e-03	4.000487e-02	5.084786e-02	3.872616e-02	8.303868e-03	1.483745e-02	5.553867e-04	0.000000e+00	0.000000e+00	1.823618e-03	4.494003e-01	1.021082e-01
4.494003e-01	5.767124e-03	3.827167e-02	1.442752e-02	0.000000e+00	2.305818e-01	3.113552e-01	1.341411e-02	6.239015e-02	2.915483e-02	0.000000e+00	6.237681e-02	0.000000e+00	6.547876e-02	6.993320e-03	2.856387e-02	2.040486e-05	0.000000e+00	1.226247e-02	0.000000e+00	2.363116e-03	4.000487e-02	5.084786e-02	3.872616e-02	8.303868e-03	1.483745e-02	5.553867e-04	0.000000e+00	0.000000e+00	1.823618e-03	4.494003e-01	1.021082e-01
4.494003e-01	5.767124e-03	3.827167e-02	1.442752e-02	0.000000e+00	2.305818e-01	3.113552e-01	1.341411e-02	6.239015e-02	2.915483e-02	0.000000e+00	6.237681e-02	0.000000e+00	6.547876e-02	6.993320e-03	2.856387e-02	2.040486e-05	0.000000e+00	1.226247e-02	0.000000e+00	2.363116e-03	4.000487e-02	5.084786e-02	3.872616e-02	8.303868e-03	1.483745e-02	5.553867e-04	0.000000e+00	0.000000e+00	1.823618e-03	4.494003e-01	1.021082e-01
4.494003e-01	5.767124e-03	3.827167e-02	1.442752e-02	0.000000e+00	2.305818e-01	3.113552e-01	1.341411e-02	6.239015e-02	2.915483e-02	0.000000e+00	6.237681e-02	0.000000e+00	6.547876e-02	6.993320e-03	2.856387e-02	2.040486e-05	0.000000e+00	1.226247e-02	0.000000e+00	2.363116e-03	4.000487e-02	5.084786e-02	3.872616e-02	8.303868e-03	1.483745e-02	5.553867e-04	0.000000e+00	0.000000e+00	1.823618e-03	4.494003e-01	1.021082e-01
4.494003e-01	5.767124e-03	3.827167e-02	1.442752e-02	0.000000e+00	2.305818e-01	3.113552e-01	1.341411e-02	6.239015e-02	2.915483e-02	0.000000e+00	6.237681e-02	0.000000e+00	6.547876e-02	6.993320e-03	2.856387e-02	2.040486e-05	0.000000e+00	1.226247e-02	0.000000e+00	2.363116e-03	4.000487e-02	5.084786e-02	3.872616e-02	8.303868e-03	1.483745e-02	5.553867e-04	0.000000e+00	0.000000e+00	1.823618e-03	4.494003e-01	1.021082e-01
4.494003e-01	5.767124e-03	3.827167e-02	1.442752e-02	0.000000e+00	2.305818e-01	3.113552e-01	1.341411e-02	6.239015e-02	2.915483e-02	0.000000e+00	6.237681e-02	0.000000e+00	6.547876e-02	6.993320e-03	2.856387e-02	2.040486e-05	0.000000e+00	1.226247e-02	0.000000e+00	2.363116e-03	4.000487e-02	5.084786e-02	3.872616e-02	8.303868e-03	1.483745e-02	5.553867e-04	0.000000e+00	0.000000e+00	1.823618e-03	4.494003e-01	1.021082e-01
4.350293e-01	5.767124e-03	4.564496e-02	1.442752e-02	0.000000e+00	2.207698e-01	1.890168e-01	1.341411e-02	6.239015e-02	2.915483e-02	0.000000e+00	7.008770e-02	1.188620e-03	6.547876e-02	1.259273e-02	1.428194e-02	1.020243e-05	0.000000e+00	0.000000e+00	0.000000e+00	2.363116e-03	4.000487e-02	5.084786e-02	1.001294e-02	8.303868e-03	5.022873e-02	1.306792e-04	0.000000e+00	0.000000e+00	1.823618e-03	4.350293e-01	1.472463e-01
4.350293e-01	5.767124e-03	4.564496e-02	1.442752e-02	0.000000e+00	2.207698e-01	1.890168e-01	1.341411e-02	6.239015e-02	2.915483e-02	0.000000e+00	7.008770e-02	1.188620e-03	6.547876e-02	1.259273e-02	1.428194e-02	1.020243e-05	0.000000e+00	0.000000e+00	0.000000e+00	2.363116e-03	4.000487e-02	5.084786e-02	1.001294e-02	8.303868e-03	5.022873e-02	1.306792e-04	0.000000e+00	0.000000e+00	1.823618e-03	4.350293e-01	1.472463e-01
4.299320e-01	3.937288e-03	4.564496e-02	1.442752e-02	0.000000e+00	2.305818e-01	1.162680e-01	1.341411e-02	6.239015e-02	2.915483e-02	0.000000e+00	7.008770e-02	1.188620e-03	1.627583e-01	6.993320e-03	3.613819e-03	0.000000e+00	1.757753e-02	7.938023e-03	0.000000e+00	2.363116e-03	4.000487e-02	5.084786e-02	1.001294e-02	8.303868e-03	1.483745e-02	1.306792e-04	0.000000e+00	0.000000e+00	1.823618e-03	4.299320e-01	1.935505e-01
4.299320e-01	3.937288e-03	4.011499e-02	1.442752e-02	5.757625e-02	2.256758e-01	1.162680e-01	1.400886e-02	6.239015e-02	2.915483e-02	0.000000e+00	6.430453e-02	9.663286e-03	1.141185e-01	6.993320e-03	2.675696e-02	1.530364e-05	0.000000e+00	1.118011e-02	0.000000e+00	2.363116e-03	4.000487e-02	5.084786e-02	1.001294e-02	8.303868e-03	1.568895e-02	7.677405e-04	0.000000e+00	2.572446e-02	1.823618e-03	4.299320e-01	2.018999e-01
4.299320e-01	3.937288e-03	4.011499e-02	1.442752e-02	5.757625e-02	2.256758e-01	1.162680e-01	1.400886e-02	6.239015e-02	2.915483e-02	0.000000e+00	6.430453e-02	9.663286e-03	1.141185e-01	6.993320e-03	2.675696e-02	1.530364e-05	0.000000e+00	1.118011e-02	0.000000e+00	2.363116e-03	4.000487e-02	5.084786e-02	1.001294e-02	8.303868e-03	1.568895e-02	7.677405e-04	0.000000e+00	2.572446e-02	1.823618e-03	4.299320e-01	2.018999e-01
4.299320e-01	3.937288e-03	4.011499e-02	1.442752e-02	5.757625e-02	2.256758e-01	1.162680e-01	1.400886e-02	6.239015e-02	2.915483e-02	0.000000e+00	6.430453e-02	9.663286e-03	1.141185e-01	6.993320e-03	2.675696e-02	1.530364e-05	0.000000e+00	1.118011e-02	0.000000e+00	2.363116e-03	4.000487e-02	5.084786e-02	1.001294e-02	8.303868e-03	1.568895e-02	7.677405e-04	0.000000e+00	2.572446e-02	1.823618e-03	4.299320e-01	2.018999e-01
4.299320e-01	3.937288e-03	4.011499e-02	1.442752e-02	5.757625e-02	2.256758e-01	1.162680e-01	1.400886e-02	6.239015e-02	2.915483e-02	0.000000e+00	6.430453e-02	9.663286e-03	1.141185e-01	6.993320e-03	2.675696e-02	1.530364e-05	0.000000e+00	1.118011e-02	0.000000e+00	2.363116e-03	4.000487e-02	5.084786e-02	1.001294e-02	8.303868e-03	1.568895e-02	7.677405e-04	0.000000e+00	2.572446e-02	1.823618e-03	4.299320e-01	2.018999e-01
4.299320e-01	3.937288e-03	4.011499e-02	1.442752e-02	5.757625e-02	2.256758e-01	1.162680e-01	1.400886e-02	6.239015e-02	2.915483e-02	0.000000e+00	6.430453e-02	9.663286e-03	1.141185e-01	6.993320e-03	2.675696e-02	1.530364e-05	0.000000e+00	1.118011e-02	0.000000e+00	2.363116e-03	4.000487e-02	5.084786e-02	1.001294e-02	8.303868e-03	1.568895e-02	7.677405e-04	0.000000e+00	2.572446e-02	1.823618e-03	4.299320e-01	2.018999e-01
4.155611e-01	3.022370e-03	3.677967e-02	1.265162e-04	5.797198e-02	2.281288e-01	1.410629e-01	2.520460e-02	1.910513e-02	2.915483e-02	2.268003e-02	9.228482e-02	3.643023e-03	6.849204e-02	1.393914e-03	1.337848e-02	9.446680e-03	0.000000e+00	0.000000e+00	0.000000e+00	2.363116e-03	4.595632e-02	6.844664e-02	0.000000e+00	8.303868e-03	1.611470e-02	1.151611e-03	0.000000e+00	6.684242e-02	0.000000e+00	4.155611e-01	3.685902e-01
4.155611e-01	3.022370e-03	3.677967e-02	1.265162e-04	5.797198e-02	2.281288e-01	1.410629e-01	2.520460e-02	1.910513e-02	2.915483e-02	2.268003e-02	9.228482e-02	3.643023e-03	6.849204e-02	1.393914e-03	1.337848e-02	9.446680e-03	0.000000e+00	0.000000e+00	0.000000e+00	2.363116e-03	4.595632e-02	6.844664e-02	0.000000e+00	8.303868e-03	1.611470e-02	1.151611e-03	0.000000e+00	6.684242e-02	0.000000e+00	4.155611e-01	3.685902e-01
4.155611e-01	3.022370e-03	3.677967e-02	1.265162e-04	5.797198e-02	2.281288e-01	1.410629e-01	2.520460e-02	1.910513e-02	2.915483e-02	2.268003e-02	9.228482e-02	3.643023e-03	6.849204e-02	1.393914e-03	1.337848e-02	9.446680e-03	0.000000e+00	0.000000e+00	0.000000e+00	2.363116e-03	4.595632e-02	6.844664e-02	0.000000e+00	8.303868e-03	1.611470e-02	1.151611e-03	0.000000e+00	6.684242e-02	0.000000e+00	4.155611e-01	3.685902e-01
2.634992e-01	1.922375e-03	2.668622e-02	0.000000e+00	1.135206e-01	0.000000e+00	9.431815e-02	1.375696e-02	2.206325e-02	4.920369e-03	2.268003e-02	1.132661e-01	3.187605e-02	4.417217e-02	1.033186e-02	0.000000e+00	4.506116e-02	0.000000e+00	3.511663e-02	2.041682e-02	1.304228e-02	3.992136e-02	4.868305e-02	1.094030e-01	3.755620e-03	1.654044e-02	0.000000e+00	0.000000e+00	5.553335e-02	0.000000e+00	2.634992e-01	4.554316e-01
2.634992e-01	1.922375e-03	2.668622e-02	0.000000e+00	1.135206e-01	0.000000e+00	9.431815e-02	1.375696e-02	2.206325e-02	4.920369e-03	2.268003e-02	1.132661e-01	3.187605e-02	4.417217e-02	1.033186e-02	0.000000e+00	4.506116e-02	0.000000e+00	3.511663e-02	2.041682e-02	1.304228e-02	3.992136e-02	4.868305e-02	1.094030e-01	3.755620e-03	1.654044e-02	0.000000e+00	0.000000e+00	5.553335e-02	0.000000e+00	2.634992e-01	4.554316e-01
2.634992e-01	1.922375e-03	2.668622e-02	0.000000e+00	1.135206e-01	0.000000e+00	9.431815e-02	1.375696e-02	2.206325e-02	4.920369e-03	2.268003e-02	1.132661e-01	3.187605e-02	4.417217e-02	1.033186e-02	0.000000e+00	4.506116e-02	0.000000e+00	3.511663e-02	2.041682e-02	1.304228e-02	3.992136e-02	4.868305e-02	1.094030e-01	3.755620e-03	1.654044e-02	0.000000e+00	0.000000e+00	5.553335e-02	0.000000e+00	2.634992e-01	4.554316e-01
2.634992e-01	1.922375e-03	2.668622e-02	0.000000e+00	1.135206e-01	0.000000e+00	9.431815e-02	1.375696e-02	2.206325e-02	4.920369e-03	2.268003e-02	1.132661e-01	3.187605e-02	4.417217e-02	1.033186e-02	0.000000e+00	4.506116e-02	0.000000e+00	3.511663e-02	2.041682e-02	1.304228e-02	3.992136e-02	4.868305e-02	1.094030e-01	3.755620e-03	1.654044e-02	0.000000e+00	0.000000e+00	5.553335e-02	0.000000e+00	2.634992e-01	4.554316e-01
2.634992e-01	1.922375e-03	2.668622e-02	0.000000e+00	1.135206e-01	0.000000e+00	9.431815e-02	1.375696e-02	2.206325e-02	4.920369e-03	2.268003e-02	1.132661e-01	3.187605e-02	4.417217e-02	1.033186e-02	0.000000e+00	4.506116e-02	0.000000e+00	3.511663e-02	2.041682e-02	1.304228e-02	3.992136e-02	4.868305e-02	1.094030e-01	3.755620e-03	1.654044e-02	0.000000e+00	0.000000e+00	5.553335e-02	0.000000e+00	2.634992e-01	4.554316e-01
2.634992e-01	1.922375e-03	2.668622e-02	0.000000e+00	1.135206e-01	0.000000e+00	9.431815e-02	1.375696e-02	2.206325e-02	4.920369e-03	2.268003e-02	1.132661e-01	3.187605e-02	4.417217e-02	1.033186e-02	0.000000e+00	4.506116e-02	0.000000e+00	3.511663e-02	2.041682e-02	1.304228e-02	3.992136e-02	4.868305e-02	1.094030e-01	3.755620e-03	1.654044e-02	0.000000e+00	0.000000e+00	5.553335e-02	0.000000e+00	2.634992e-01	4.554316e-01
2.634992e-01	1.922375e-03	2.668622e-02	0.000000e+00	1.135206e-01	0.000000e+00	9.431815e-02	1.375696e-02	2.206325e-02	4.920369e-03	2.268003e-02	1.132661e-01	3.187605e-02	4.417217e-02	1.033186e-02	0.000000e+00	4.506116e-02	0.000000e+00	3.511663e-02	2.041682e-02	1.304228e-02	3.992136e-02	4.868305e-02	1.094030e-01	3.755620e-03	1.654044e-02	0.000000e+00	0.000000e+00	5.553335e-02	0.000000e+00	2.634992e-01	4.554316e-01
2.634992e-01	1.922375e-03	2.668622e-02	0.000000e+00	1.135206e-01	0.000000e+00	9.431815e-02	1.375696e-02	2.206325e-02	4.920369e-03	2.268003e-02	1.132661e-01	3.187605e-02	4.417217e-02	1.033186e-02	0.000000e+00	4.506116e-02	0.000000e+00	3.511663e-02	2.041682e-02	1.304228e-02	3.992136e-02	4.868305e-02	1.094030e-01	3.755620e-03	1.654044e-02	0.000000e+00	0.000000e+00	5.553335e-02	0.000000e+00	2.634992e-01	4.554316e-01
2.634992e-01	1.922375e-03	2.668622e-02	0.000000e+00	1.135206e-01	0.000000e+00	9.431815e-02	1.375696e-02	2.206325e-02	4.920369e-03	2.268003e-02	1.132661e-01	3.187605e-02	4.417217e-02	1.033186e-02	0.000000e+00	4.506116e-02	0.000000e+00	3.511663e-02	2.041682e-02	1.304228e-02	3.992136e-02	4.868305e-02	1.094030e-01	3.755620e-03	1.654044e-02	0.000000e+00	0.000000e+00	5.553335e-02	0.000000e+00	2.634992e-01	4.554316e-01
2.452069e-01	1.922375e-03	3.309302e-02	1.265162e-04	1.480231e-01	0.000000e+00	1.542916e-01	1.375696e-02	1.910513e-02	4.920369e-03	2.268003e-02	8.939324e-02	1.932657e-02	4.417217e-02	1.033186e-02	0.000000e+00	9.446680e-03	0.000000e+00	1.491040e-02	1.544480e-02	1.304228e-02	4.595632e-02	6.844664e-02	1.548664e-01	5.561730e-03	1.654044e-02	0.000000e+00	0.000000e+00	7.970464e-02	0.000000e+00	2.452069e-01	4.974424e-01
2.452069e-01	1.922375e-03	3.309302e-02	1.265162e-04	1.480231e-01	0.000000e+00	1.542916e-01	1.375696e-02	1.910513e-02	4.920369e-03	2.268003e-02	8.939324e-02	1.932657e-02	4.417217e-02	1.033186e-02	0.000000e+00	9.446680e-03	0.000000e+00	1.491040e-02	1.544480e-02	1.304228e-02	4.595632e-02	6.844664e-02	1.548664e-01	5.561730e-03	1.654044e-02	0.000000e+00	0.000000e+00	7.970464e-02	0.000000e+00	2.452069e-01	4.974424e-01
2.452069e-01	3.378958e-02	1.228848e-02	1.003705e-02	2.153712e-01	0.000000e+00	1.808620e-01	4.267134e-03	6.297179e-03	7.048166e-03	1.134001e-02	9.651199e-02	2.379944e-02	7.459533e-02	1.218249e-02	0.000000e+00	2.598230e-02	0.000000e+00	2.712584e-02	1.786409e-02	1.919927e-02	6.141784e-02	1.960501e-02	1.267226e-01	5.073051e-03	0.000000e+00	0.000000e+00	0.000000e+00	7.970464e-02	0.000000e+00	2.452069e-01	5.183835e-01
2.370668e-01	2.252639e-02	0.000000e+00	1.450845e-02	1.415597e-01	3.279831e-01	1.431179e-01	4.267134e-03	7.776240e-03	6.385341e-03	3.402004e-02	9.427449e-02	1.094253e-02	4.258559e-02	1.298726e-02	0.000000e+00	0.000000e+00	2.426617e-02	1.762616e-02	1.815415e-02	4.421402e-02	4.536790e-02	4.851172e-02	1.592040e-01	1.460832e-03	0.000000e+00	2.545259e-03	0.000000e+00	7.423253e-02	0.000000e+00	2.370668e-01	6.085053e-01
2.253942e-01	1.111036e-02	2.047226e-02	9.672301e-03	1.927239e-01	2.186554e-01	1.550112e-01	3.824261e-03	0.000000e+00	4.920369e-03	2.268003e-02	7.652511e-02	1.381127e-02	5.139522e-02	7.016556e-03	0.000000e+00	1.889336e-02	2.426617e-02	8.880921e-03	1.702282e-02	1.153925e-02	4.798981e-02	4.842606e-02	1.953127e-01	8.201796e-03	0.000000e+00	0.000000e+00	0.000000e+00	9.227947e-02	0.000000e+00	2.253942e-01	6.699130e-01
2.253942e-01	1.111036e-02	2.047226e-02	9.672301e-03	1.927239e-01	2.186554e-01	1.550112e-01	3.824261e-03	0.000000e+00	4.920369e-03	2.268003e-02	7.652511e-02	1.381127e-02	5.139522e-02	7.016556e-03	0.000000e+00	1.889336e-02	2.426617e-02	8.880921e-03	1.702282e-02	1.153925e-02	4.798981e-02	4.842606e-02	1.953127e-01	8.201796e-03	0.000000e+00	0.000000e+00	0.000000e+00	9.227947e-02	0.000000e+00	2.253942e-01	6.699130e-01
2.084329e-01	5.555178e-03	6.176022e-03	1.003705e-02	1.797972e-01	0.000000e+00	1.072459e-01	5.054228e-03	7.776240e-03	4.371646e-03	0.000000e+00	5.498793e-02	2.379944e-02	4.898754e-02	2.120543e-02	0.000000e+00	0.000000e+00	3.627026e-03	2.712584e-02	1.625609e-02	1.044037e-02	6.568947e-02	4.851172e-02	1.953127e-01	0.000000e+00	0.000000e+00	6.161852e-03	4.584234e-03	1.311296e-01	1.529906e-01	2.084329e-01	7.672234e-01
2.020490e-01	0.000000e+00	2.426291e-02	0.000000e+00	1.618963e-01	0.000000e+00	1.787978e-01	5.440262e-03	6.996084e-03	1.990423e-03	0.000000e+00	4.102635e-02	1.954875e-02	6.179143e-02	2.104317e-04	0.000000e+00	0.000000e+00	2.426617e-02	2.417508e-02	0.000000e+00	1.919927e-02	6.308431e-02	8.803891e-02	2.675301e-01	5.073051e-03	0.000000e+00	7.233185e-03	0.000000e+00	1.283734e-01	3.699806e-05	2.020490e-01	8.150312e-01
2.020490e-01	0.000000e+00	2.426291e-02	0.000000e+00	1.618963e-01	0.000000e+00	1.787978e-01	5.440262e-03	6.996084e-03	1.990423e-03	0.000000e+00	4.102635e-02	1.954875e-02	6.179143e-02	2.104317e-04	0.000000e+00	0.000000e+00	2.426617e-02	2.417508e-02	0.000000e+00	1.919927e-02	6.308431e-02	8.803891e-02	2.675301e-01	5.073051e-03	0.000000e+00	7.233185e-03	0.000000e+00	1.283734e-01	3.699806e-05	2.020490e-01	8.150312e-01
7.489387e-02	2.434279e-02	1.228848e-02	0.000000e+00	1.613606e-01	0.000000e+00	9.282687e-02	3.959642e-03	6.297179e-03	4.920369e-03	2.835004e-02	8.818819e-02	1.997492e-02	4.258559e-02	2.120543e-02	0.000000e+00	0.000000e+00	0.000000e+00	1.762616e-02	1.815415e-02	1.071509e-02	3.008278e-02	4.851172e-02	1.548664e-01	1.460832e-03	0.000000e+00	3.080926e-03	0.000000e+00	5.806952e-02	0.000000e+00	7.489387e-02	9.026972e-01
7.489387e-02	2.434279e-02	1.228848e-02	0.000000e+00	1.613606e-01	0.000000e+00	9.282687e-02	3.959642e-03	6.297179e-03	4.920369e-03	2.835004e-02	8.818819e-02	1.997492e-02	4.258559e-02	2.120543e-02	0.000000e+00	0.000000e+00	0.000000e+00	1.762616e-02	1.815415e-02	1.071509e-02	3.008278e-02	4.851172e-02	1.548664e-01	1.460832e-03	0.000000e+00	3.080926e-03	0.000000e+00	5.806952e-02	0.000000e+00	7.489387e-02	9.026972e-01
7.489387e-02	2.434279e-02	1.228848e-02	0.000000e+00	1.613606e-01	0.000000e+00	9.282687e-02	3.959642e-03	6.297179e-03	4.920369e-03	2.835004e-02	8.818819e-02	1.997492e-02	4.258559e-02	2.120543e-02	0.000000e+00	0.000000e+00	0.000000e+00	1.762616e-02	1.815415e-02	1.071509e-02	3.008278e-02	4.851172e-02	1.548664e-01	1.460832e-03	0.000000e+00	3.080926e-03	0.000000e+00	5.806952e-02	0.000000e+00	7.489387e-02	9.026972e-01
7.489387e-02	2.434279e-02	1.228848e-02	0.000000e+00	1.613606e-01	0.000000e+00	9.282687e-02	3.959642e-03	6.297179e-03	4.920369e-03	2.835004e-02	8.818819e-02	1.997492e-02	4.258559e-02	2.120543e-02	0.000000e+00	0.000000e+00	0.000000e+00	1.762616e-02	1.815415e-02	1.071509e-02	3.008278e-02	4.851172e-02	1.548664e-01	1.460832e-03	0.000000e+00	3.080926e-03	0.000000e+00	5.806952e-02	0.000000e+00	7.489387e-02	9.026972e-01
7.489387e-02	2.434279e-02	1.228848e-02	0.000000e+00	1.613606e-01	0.000000e+00	9.282687e-02	3.959642e-03	6.297179e-03	4.920369e-03	2.835004e-02	8.818819e-02	1.997492e-02	4.258559e-02	2.120543e-02	0.000000e+00	0.000000e+00	0.000000e+00	1.762616e-02	1.815415e-02	1.071509e-02	3.008278e-02	4.851172e-02	1.548664e-01	1.460832e-03	0.000000e+00	3.080926e-03	0.000000e+00	5.806952e-02	0.000000e+00	7.489387e-02	9.026972e-01
7.489387e-02	2.434279e-02	1.228848e-02	0.000000e+00	1.613606e-01	0.000000e+00	9.282687e-02	3.959642e-03	6.297179e-03	4.920369e-03	2.835004e-02	8.818819e-02	1.997492e-02	4.258559e-02	2.120543e-02	0.000000e+00	0.000000e+00	0.000000e+00	1.762616e-02	1.815415e-02	1.071509e-02	3.008278e-02	4.851172e-02	1.548664e-01	1.460832e-03	0.000000e+00	3.080926e-03	0.000000e+00	5.806952e-02	0.000000e+00	7.489387e-02	9.026972e-01
7.489387e-02	2.434279e-02	1.228848e-02	0.000000e+00	1.613606e-01	0.000000e+00	9.282687e-02	3.959642e-03	6.297179e-03	4.920369e-03	2.835004e-02	8.818819e-02	1.997492e-02	4.258559e-02	2.120543e-02	0.000000e+00	0.000000e+00	0.000000e+00	1.762616e-02	1.815415e-02	1.071509e-02	3.008278e-02	4.851172e-02	1.548664e-01	1.460832e-03	0.000000e+00	3.080926e-03	0.000000e+00	5.806952e-02	0.000000e+00	7.489387e-02	9.026972e-01
7.489387e-02	2.434279e-02	1.228848e-02	0.000000e+00	1.613606e-01	0.000000e+00	9.282687e-02	3.959642e-03	6.297179e-03	4.920369e-03	2.835004e-02	8.818819e-02	1.997492e-02	4.258559e-02	2.120543e-02	0.000000e+00	0.000000e+00	0.000000e+00	1.762616e-02	1.815415e-02	1.071509e-02	3.008278e-02	4.851172e-02	1.548664e-01	1.460832e-03	0.000000e+00	3.080926e-03	0.000000e+00	5.806952e-02	0.000000e+00	7.489387e-02	9.026972e-01
4.830138e-02	3.378958e-02	1.572714e-02	0.000000e+00	2.153712e-01	0.000000e+00	1.808620e-01	5.440262e-03	4.736867e-03	7.048166e-03	9.072012e-03	9.651199e-02	2.323120e-02	7.459533e-02	1.218249e-02	0.000000e+00	0.000000e+00	0.000000e+00	4.022368e-02	1.786409e-02	1.919927e-02	6.141784e-02	1.960501e-02	1.267226e-01	5.073051e-03	0.000000e+00	0.000000e+00	0.000000e+00	1.270270e-01	0.000000e+00	4.830138e-02	1.037399e+00
4.830138e-02	3.378958e-02	1.572714e-02	0.000000e+00	2.153712e-01	0.000000e+00	1.808620e-01	5.440262e-03	4.736867e-03	7.048166e-03	9.072012e-03	9.651199e-02	2.323120e-02	7.459533e-02	1.218249e-02	0.000000e+00	0.000000e+00	0.000000e+00	4.022368e-02	1.786409e-02	1.919927e-02	6.141784e-02	1.960501e-02	1.267226e-01	5.073051e-03	0.000000e+00	0.000000e+00	0.000000e+00	1.270270e-01	0.000000e+00	4.830138e-02	1.037399e+00
1.329625e-02	2.252639e-02	0.000000e+00	4.003648e-03	1.209176e-01	0.000000e+00	2.267198e-02	2.507441e-03	4.278198e-03	4.257544e-03	4.365906e-02	7.735942e-02	1.834678e-02	2.658072e-02	1.749874e-02	6.165824e-03	0.000000e+00	0.000000e+00	2.401608e-02	2.766631e-02	1.044037e-02	2.970037e-02	4.851172e-02	1.266784e-01	0.000000e+00	0.000000e+00	1.116878e-02	4.744533e-03	2.206893e-02	0.000000e+00	1.329625e-02	1.077502e+00
1.329625e-02	2.252639e-02	0.000000e+00	4.003648e-03	1.209176e-01	0.000000e+00	2.267198e-02	2.507441e-03	4.278198e-03	4.257544e-03	4.365906e-02	7.735942e-02	1.834678e-02	2.658072e-02	1.749874e-02	6.165824e-03	0.000000e+00	0.000000e+00	2.401608e-02	2.766631e-02	1.044037e-02	2.970037e-02	4.851172e-02	1.266784e-01	0.000000e+00	0.000000e+00	1.116878e-02	4.744533e-03	2.206893e-02	0.000000e+00	1.329625e-02	1.077502e+00
0.000000e+00	2.252639e-02	0.000000e+00	4.003648e-03	1.479229e-01	0.000000e+00	6.668956e-02	2.507441e-03	4.278198e-03	4.257544e-03	3.402004e-02	8.877212e-02	1.997492e-02	4.258559e-02	1.298726e-02	6.165824e-03	0.000000e+00	0.000000e+00	3.531485e-02	2.752129e-02	1.044037e-02	4.536790e-02	4.851172e-02	1.266784e-01	1.460832e-03	0.000000e+00	9.628319e-03	4.744533e-03	5.585947e-02	0.000000e+00	0.000000e+00	1.255171e+00
