6.398396e-01	0.000000e+00	3.383693e-02	7.030571e-03	8.534826e-02	1.198478e-02	3.733452e-02	3.593911e-03	4.509476e-03	5.973358e-02	4.651666e-02	6.872438e-02	2.503920e-02	0.000000e+00	9.839324e-04	7.671678e-02	0.000000e+00	1.998769e-02	0.000000e+00	0.000000e+00	6.225607e-02	3.439415e-03	9.625545e-03	2.841029e-03	0.000000e+00	6.345347e-02	0.000000e+00	0.000000e+00	3.979168e-02	3.372520e-03	6.398396e-01	-2.794916e-01
6.398396e-01	0.000000e+00	3.383693e-02	7.030571e-03	8.534826e-02	1.198478e-02	3.733452e-02	3.593911e-03	4.509476e-03	5.973358e-02	4.651666e-02	6.872438e-02	2.503920e-02	0.000000e+00	9.839324e-04	7.671678e-02	0.000000e+00	1.998769e-02	0.000000e+00	0.000000e+00	6.225607e-02	3.439415e-03	9.625545e-03	2.841029e-03	0.000000e+00	6.345347e-02	0.000000e+00	0.000000e+00	3.979168e-02	3.372520e-03	6.398396e-01	-2.794916e-01
6.398396e-01	0.000000e+00	3.383693e-02	7.030571e-03	8.534826e-02	1.198478e-02	3.733452e-02	3.593911e-03	4.509476e-03	5.973358e-02	4.651666e-02	6.872438e-02	2.503920e-02	0.000000e+00	9.839324e-04	7.671678e-02	0.000000e+00	1.998769e-02	0.000000e+00	0.000000e+00	6.225607e-02	3.439415e-03	9.625545e-03	2.841029e-03	0.000000e+00	6.345347e-02	0.000000e+00	0.000000e+00	3.979168e-02	3.372520e-03	6.398396e-01	-2.794916e-01
6.399848e-01	0.000000e+00	3.383693e-02	7.030571e-03	4.267413e-02	1.198478e-02	3.733452e-02	3.593911e-03	1.127369e-03	5.973358e-02	2.325833e-02	6.872438e-02	6.259801e-03	0.000000e+00	9.839324e-04	7.671678e-02	7.162453e-03	8.744615e-03	1.362520e-02	2.692798e-02	6.225607e-02	3.439415e-03	9.625545e-03	2.841029e-03	0.000000e+00	0.000000e+00	0.000000e+00	0.000000e+00	3.979168e-02	0.000000e+00	6.399848e-01	-3.039099e-01
6.399848e-01	0.000000e+00	3.383693e-02	7.030571e-03	4.267413e-02	1.198478e-02	3.733452e-02	3.593911e-03	1.127369e-03	5.973358e-02	2.325833e-02	6.872438e-02	6.259801e-03	0.000000e+00	9.839324e-04	7.671678e-02	7.162453e-03	8.744615e-03	1.362520e-02	2.692798e-02	6.225607e-02	3.439415e-03	9.625545e-03	2.841029e-03	0.000000e+00	0.000000e+00	0.000000e+00	0.000000e+00	3.979168e-02	0.000000e+00	6.399848e-01	-3.039099e-01
6.399848e-01	0.000000e+00	3.383693e-02	7.030571e-03	4.267413e-02	1.198478e-02	3.733452e-02	3.593911e-03	1.127369e-03	5.973358e-02	2.325833e-02	6.872438e-02	6.259801e-03	0.000000e+00	9.839324e-04	7.671678e-02	7.162453e-03	8.744615e-03	1.362520e-02	2.692798e-02	6.225607e-02	3.439415e-03	9.625545e-03	2.841029e-03	0.000000e+00	0.000000e+00	0.000000e+00	0.000000e+00	3.979168e-02	0.000000e+00	6.399848e-01	-3.039099e-01
6.399848e-01	0.000000e+00	3.383693e-02	7.030571e-03	4.267413e-02	1.198478e-02	3.733452e-02	3.593911e-03	1.127369e-03	5.973358e-02	2.325833e-02	6.872438e-02	6.259801e-03	0.000000e+00	9.839324e-04	7.671678e-02	7.162453e-03	8.744615e-03	1.362520e-02	2.692798e-02	6.225607e-02	3.439415e-03	9.625545e-03	2.841029e-03	0.000000e+00	0.000000e+00	0.000000e+00	0.000000e+00	3.979168e-02	0.000000e+00	6.399848e-01	-3.039099e-01
6.399848e-01	0.000000e+00	3.383693e-02	7.030571e-03	4.267413e-02	1.198478e-02	3.733452e-02	3.593911e-03	1.127369e-03	5.973358e-02	2.325833e-02	6.872438e-02	6.259801e-03	0.000000e+00	9.839324e-04	7.671678e-02	7.162453e-03	8.744615e-03	1.362520e-02	2.692798e-02	6.225607e-02	3.439415e-03	9.625545e-03	2.841029e-03	0.000000e+00	0.000000e+00	0.000000e+00	0.000000e+00	3.979168e-02	0.000000e+00	6.399848e-01	-3.039099e-01
6.380973e-01	0.000000e+00	3.383693e-02	7.030571e-03	4.267413e-02	1.498097e-02	3.733452e-02	3.593911e-03	5.636845e-03	5.973358e-02	2.325833e-02	6.872438e-02	3.129900e-02	0.000000e+00	9.839324e-04	7.671678e-02	2.864981e-02	2.498461e-02	1.362520e-02	2.692798e-02	6.225607e-02	3.439415e-03	9.625545e-03	2.841029e-03	0.000000e+00	0.000000e+00	0.000000e+00	0.000000e+00	3.979168e-02	0.000000e+00	6.380973e-01	-2.742754e-01
6.380973e-01	0.000000e+00	3.383693e-02	7.030571e-03	4.267413e-02	1.498097e-02	3.733452e-02	3.593911e-03	5.636845e-03	5.973358e-02	2.325833e-02	6.872438e-02	3.129900e-02	6.514078e-02	9.839324e-04	7.671678e-02	2.864981e-02	2.498461e-02	0.000000e+00	2.692798e-02	2.199799e-02	3.439415e-03	9.625545e-03	2.841029e-03	0.000000e+00	0.000000e+00	0.000000e+00	0.000000e+00	3.979168e-02	0.000000e+00	6.380973e-01	-2.720590e-01
6.380973e-01	0.000000e+00	3.383693e-02	7.030571e-03	4.267413e-02	1.498097e-02	3.733452e-02	3.593911e-03	5.636845e-03	6.151846e-02	2.325833e-02	6.872438e-02	3.129900e-02	6.514078e-02	9.839324e-04	7.671678e-02	6.169627e-02	2.498461e-02	0.000000e+00	2.692798e-02	2.199799e-02	3.439415e-03	9.625545e-03	2.841029e-03	0.000000e+00	0.000000e+00	0.000000e+00	0.000000e+00	3.979168e-02	0.000000e+00	6.380973e-01	-2.651895e-01
6.380973e-01	2.278160e-02	3.383693e-02	7.030571e-03	4.267413e-02	1.498097e-02	3.733452e-02	3.593911e-03	5.636845e-03	6.151846e-02	2.325833e-02	6.872438e-02	3.129900e-02	6.514078e-02	9.839324e-04	7.671678e-02	6.169627e-02	2.498461e-02	0.000000e+00	2.692798e-02	2.199799e-02	3.439415e-03	9.625545e-03	2.841029e-03	0.000000e+00	0.000000e+00	4.131771e-02	0.000000e+00	3.979168e-02	0.000000e+00	6.380973e-01	-2.525017e-01
6.380973e-01	2.278160e-02	3.383693e-02	7.030571e-03	4.267413e-02	1.498097e-02	3.733452e-02	3.593911e-03	5.636845e-03	6.151846e-02	2.325833e-02	6.872438e-02	3.129900e-02	6.514078e-02	9.839324e-04	7.671678e-02	6.169627e-02	2.498461e-02	0.000000e+00	2.692798e-02	2.199799e-02	3.439415e-03	9.625545e-03	2.841029e-03	0.000000e+00	0.000000e+00	4.131771e-02	0.000000e+00	3.979168e-02	0.000000e+00	6.380973e-01	-2.525017e-01
6.380973e-01	2.278160e-02	3.383693e-02	7.030571e-03	4.267413e-02	1.498097e-02	3.733452e-02	3.593911e-03	5.636845e-03	6.151846e-02	2.325833e-02	6.872438e-02	3.129900e-02	6.514078e-02	9.839324e-04	7.671678e-02	6.169627e-02	2.498461e-02	0.000000e+00	2.692798e-02	2.199799e-02	3.439415e-03	9.625545e-03	2.841029e-03	0.000000e+00	0.000000e+00	4.131771e-02	0.000000e+00	3.979168e-02	0.000000e+00	6.380973e-01	-2.525017e-01
6.380973e-01	2.278160e-02	3.383693e-02	7.030571e-03	4.267413e-02	1.498097e-02	3.733452e-02	3.593911e-03	5.636845e-03	6.151846e-02	2.325833e-02	6.872438e-02	3.129900e-02	6.514078e-02	9.839324e-04	7.671678e-02	6.169627e-02	2.498461e-02	0.000000e+00	2.692798e-02	2.199799e-02	3.439415e-03	9.625545e-03	2.841029e-03	0.000000e+00	0.000000e+00	4.131771e-02	0.000000e+00	3.979168e-02	0.000000e+00	6.380973e-01	-2.525017e-01
6.380973e-01	2.278160e-02	4.456794e-02	7.030571e-03	4.267413e-02	1.498097e-02	3.733452e-02	3.593911e-03	5.636845e-03	6.151846e-02	2.325833e-02	7.952789e-02	3.129900e-02	6.514078e-02	9.839324e-04	7.671678e-02	6.169627e-02	2.498461e-02	0.000000e+00	2.692798e-02	2.199799e-02	3.439415e-03	9.625545e-03	0.000000e+00	0.000000e+00	0.000000e+00	4.131771e-02	0.000000e+00	3.979168e-02	0.000000e+00	6.380973e-01	-2.487905e-01
6.380973e-01	0.000000e+00	3.342595e-02	1.054586e-02	2.824712e-02	8.197465e-03	5.255745e-02	3.593911e-03	8.455268e-03	6.151846e-02	2.325833e-02	6.325813e-02	8.182375e-02	4.676785e-02	7.379493e-04	6.206078e-02	3.750801e-02	1.674542e-03	0.000000e+00	1.346399e-02	1.728230e-02	3.031018e-03	1.443832e-02	0.000000e+00	0.000000e+00	0.000000e+00	3.256678e-02	2.333126e-03	3.746963e-02	0.000000e+00	6.380973e-01	-2.691002e-01
6.380973e-01	0.000000e+00	3.342595e-02	1.054586e-02	2.824712e-02	8.197465e-03	5.255745e-02	0.000000e+00	8.455268e-03	6.151846e-02	2.325833e-02	6.325813e-02	8.182375e-02	4.676785e-02	7.379493e-04	6.206078e-02	3.750801e-02	1.674542e-03	0.000000e+00	1.346399e-02	1.728230e-02	3.031018e-03	0.000000e+00	0.000000e+00	0.000000e+00	0.000000e+00	3.256678e-02	2.333126e-03	3.746963e-02	0.000000e+00	6.380973e-01	-2.726536e-01
6.380973e-01	0.000000e+00	5.013893e-02	1.054586e-02	3.546063e-02	1.158922e-02	7.693166e-02	0.000000e+00	8.455268e-03	8.458427e-02	2.325833e-02	9.488719e-02	1.227356e-01	7.015177e-02	1.106924e-03	8.404478e-02	4.960214e-02	2.511814e-03	0.000000e+00	1.346399e-02	2.435583e-02	2.418423e-03	0.000000e+00	0.000000e+00	0.000000e+00	0.000000e+00	4.569317e-02	7.185629e-02	4.095270e-02	0.000000e+00	6.380973e-01	-2.132275e-01
6.380973e-01	0.000000e+00	5.013893e-02	1.054586e-02	3.546063e-02	1.158922e-02	7.693166e-02	0.000000e+00	8.455268e-03	8.458427e-02	2.325833e-02	9.488719e-02	1.227356e-01	7.015177e-02	1.106924e-03	8.404478e-02	4.960214e-02	2.511814e-03	0.000000e+00	1.346399e-02	2.435583e-02	2.418423e-03	0.000000e+00	0.000000e+00	0.000000e+00	0.000000e+00	4.569317e-02	7.185629e-02	4.095270e-02	0.000000e+00	6.380973e-01	-2.132275e-01
6.380973e-01	0.000000e+00	5.013893e-02	1.054586e-02	3.546063e-02	1.158922e-02	7.693166e-02	0.000000e+00	8.455268e-03	8.458427e-02	2.325833e-02	9.488719e-02	1.227356e-01	7.015177e-02	1.106924e-03	8.404478e-02	4.960214e-02	2.511814e-03	0.000000e+00	1.346399e-02	2.435583e-02	2.418423e-03	0.000000e+00	0.000000e+00	0.000000e+00	0.000000e+00	4.569317e-02	7.185629e-02	4.095270e-02	0.000000e+00	6.380973e-01	-2.132275e-01
6.380973e-01	0.000000e+00	5.013893e-02	1.054586e-02	3.546063e-02	1.158922e-02	7.693166e-02	0.000000e+00	8.455268e-03	8.458427e-02	2.325833e-02	9.488719e-02	1.227356e-01	7.015177e-02	1.106924e-03	8.404478e-02	4.960214e-02	2.511814e-03	0.000000e+00	1.346399e-02	2.435583e-02	2.418423e-03	0.000000e+00	0.000000e+00	0.000000e+00	0.000000e+00	4.569317e-02	7.185629e-02	4.095270e-02	0.000000e+00	6.380973e-01	-2.132275e-01
6.380973e-01	0.000000e+00	2.506946e-02	1.054586e-02	3.546063e-02	1.158922e-02	4.819203e-02	2.608295e-02	8.455268e-03	8.458427e-02	1.162916e-02	9.488719e-02	1.227356e-01	7.015177e-02	1.106924e-03	8.404478e-02	3.146094e-02	1.255907e-03	0.000000e+00	6.731996e-03	1.374553e-02	2.418423e-03	0.000000e+00	0.000000e+00	1.689487e-02	0.000000e+00	2.600359e-02	7.185629e-02	4.095270e-02	0.000000e+00	6.380973e-01	-2.290493e-01
6.380973e-01	2.471362e-02	1.253473e-02	5.272928e-03	1.382010e-02	1.158922e-02	3.382222e-02	0.000000e+00	0.000000e+00	1.538683e-02	0.000000e+00	0.000000e+00	6.136781e-02	3.507588e-02	5.534620e-04	1.809279e-02	3.146094e-02	1.255907e-03	0.000000e+00	0.000000e+00	3.135233e-03	4.256208e-03	0.000000e+00	5.625614e-02	8.447435e-03	0.000000e+00	6.314015e-03	7.185629e-02	0.000000e+00	0.000000e+00	6.380973e-01	-3.138616e-01
6.380973e-01	2.471362e-02	1.253473e-02	5.272928e-03	1.382010e-02	1.158922e-02	3.382222e-02	0.000000e+00	0.000000e+00	1.538683e-02	0.000000e+00	0.000000e+00	6.136781e-02	3.507588e-02	5.534620e-04	1.809279e-02	3.146094e-02	1.255907e-03	0.000000e+00	0.000000e+00	3.135233e-03	4.256208e-03	0.000000e+00	5.625614e-02	8.447435e-03	0.000000e+00	6.314015e-03	7.185629e-02	0.000000e+00	0.000000e+00	6.380973e-01	-3.138616e-01
6.380973e-01	2.471362e-02	1.253473e-02	5.272928e-03	1.382010e-02	1.158922e-02	3.382222e-02	0.000000e+00	0.000000e+00	1.538683e-02	0.000000e+00	0.000000e+00	6.136781e-02	3.507588e-02	5.534620e-04	1.809279e-02	3.146094e-02	1.255907e-03	0.000000e+00	0.000000e+00	3.135233e-03	4.256208e-03	0.000000e+00	5.625614e-02	8.447435e-03	0.000000e+00	6.314015e-03	7.185629e-02	0.000000e+00	0.000000e+00	6.380973e-01	-3.138616e-01
6.380973e-01	2.471362e-02	1.253473e-02	5.272928e-03	1.382010e-02	1.158922e-02	3.382222e-02	0.000000e+00	0.000000e+00	1.538683e-02	0.000000e+00	0.000000e+00	6.136781e-02	3.507588e-02	5.534620e-04	1.809279e-02	3.146094e-02	1.255907e-03	0.000000e+00	0.000000e+00	3.135233e-03	4.256208e-03	0.000000e+00	5.625614e-02	8.447435e-03	0.000000e+00	6.314015e-03	7.185629e-02	0.000000e+00	0.000000e+00	6.380973e-01	-3.138616e-01
6.380973e-01	2.471362e-02	1.253473e-02	5.272928e-03	1.382010e-02	1.158922e-02	3.382222e-02	0.000000e+00	0.000000e+00	1.538683e-02	0.000000e+00	0.000000e+00	6.136781e-02	3.507588e-02	5.534620e-04	1.809279e-02	3.146094e-02	1.255907e-03	0.000000e+00	0.000000e+00	3.135233e-03	4.256208e-03	0.000000e+00	5.625614e-02	8.447435e-03	0.000000e+00	6.314015e-03	7.185629e-02	0.000000e+00	0.000000e+00	6.380973e-01	-3.138616e-01
6.380973e-01	2.471362e-02	1.253473e-02	5.272928e-03	1.382010e-02	1.158922e-02	3.382222e-02	0.000000e+00	0.000000e+00	1.538683e-02	0.000000e+00	0.000000e+00	6.136781e-02	3.507588e-02	5.534620e-04	1.809279e-02	3.146094e-02	1.255907e-03	0.000000e+00	0.000000e+00	3.135233e-03	4.256208e-03	0.000000e+00	5.625614e-02	8.447435e-03	0.000000e+00	6.314015e-03	7.185629e-02	0.000000e+00	0.000000e+00	6.380973e-01	-3.138616e-01
6.380973e-01	2.471362e-02	1.253473e-02	5.272928e-03	1.382010e-02	1.158922e-02	3.382222e-02	0.000000e+00	0.000000e+00	1.538683e-02	0.000000e+00	0.000000e+00	6.136781e-02	3.507588e-02	5.534620e-04	1.809279e-02	3.146094e-02	1.255907e-03	0.000000e+00	0.000000e+00	3.135233e-03	4.256208e-03	0.000000e+00	5.625614e-02	8.447435e-03	0.000000e+00	6.314015e-03	7.185629e-02	0.000000e+00	0.000000e+00	6.380973e-01	-3.138616e-01
6.380973e-01	2.471362e-02	1.253473e-02	5.272928e-03	1.382010e-02	1.158922e-02	3.382222e-02	0.000000e+00	0.000000e+00	1.538683e-02	0.000000e+00	0.000000e+00	6.136781e-02	3.507588e-02	5.534620e-04	1.809279e-02	3.146094e-02	1.255907e-03	0.000000e+00	0.000000e+00	3.135233e-03	4.256208e-03	0.000000e+00	5.625614e-02	8.447435e-03	0.000000e+00	6.314015e-03	7.185629e-02	0.000000e+00	0.000000e+00	6.380973e-01	-3.138616e-01
6.380973e-01	2.471362e-02	1.253473e-02	5.272928e-03	1.382010e-02	1.158922e-02	3.382222e-02	0.000000e+00	0.000000e+00	1.538683e-02	0.000000e+00	0.000000e+00	6.136781e-02	3.507588e-02	5.534620e-04	1.809279e-02	3.146094e-02	1.255907e-03	0.000000e+00	0.000000e+00	3.135233e-03	4.256208e-03	0.000000e+00	5.625614e-02	8.447435e-03	0.000000e+00	6.314015e-03	7.185629e-02	0.000000e+00	0.000000e+00	6.380973e-01	-3.138616e-01
6.380973e-01	2.471362e-02	1.253473e-02	5.272928e-03	1.382010e-02	1.158922e-02	3.382222e-02	0.000000e+00	0.000000e+00	1.538683e-02	0.000000e+00	0.000000e+00	6.136781e-02	3.507588e-02	5.534620e-04	1.809279e-02	3.146094e-02	1.255907e-03	0.000000e+00	0.000000e+00	3.135233e-03	4.256208e-03	0.000000e+00	5.625614e-02	8.447435e-03	0.000000e+00	6.314015e-03	7.185629e-02	0.000000e+00	0.000000e+00	6.380973e-01	-3.138616e-01
4.369721e-01	1.775670e-02	0.000000e+00	0.000000e+00	0.000000e+00	1.413961e-03	0.000000e+00	0.000000e+00	0.000000e+00	1.538683e-02	0.000000e+00	0.000000e+00	0.000000e+00	0.000000e+00	0.000000e+00	1.809279e-02	0.000000e+00	0.000000e+00	0.000000e+00	0.000000e+00	0.000000e+00	4.256208e-03	0.000000e+00	9.977651e-02	0.000000e+00	0.000000e+00	6.314015e-03	4.666253e-03	4.465086e-02	0.000000e+00	4.369721e-01	-1.745946e-02
4.369721e-01	1.775670e-02	0.000000e+00	0.000000e+00	0.000000e+00	1.413961e-03	0.000000e+00	0.000000e+00	0.000000e+00	1.538683e-02	0.000000e+00	0.000000e+00	0.000000e+00	0.000000e+00	0.000000e+00	1.809279e-02	0.000000e+00	0.000000e+00	0.000000e+00	0.000000e+00	0.000000e+00	4.256208e-03	0.000000e+00	9.977651e-02	0.000000e+00	0.000000e+00	6.314015e-03	4.666253e-03	4.465086e-02	0.000000e+00	4.369721e-01	-1.745946e-02
4.369721e-01	1.775670e-02	0.000000e+00	0.000000e+00	0.000000e+00	1.413961e-03	0.000000e+00	0.000000e+00	0.000000e+00	1.538683e-02	0.000000e+00	0.000000e+00	0.000000e+00	0.000000e+00	0.000000e+00	1.809279e-02	0.000000e+00	0.000000e+00	0.000000e+00	0.000000e+00	0.000000e+00	4.256208e-03	0.000000e+00	9.977651e-02	0.000000e+00	0.000000e+00	6.314015e-03	4.666253e-03	4.465086e-02	0.000000e+00	4.369721e-01	-1.745946e-02
4.369721e-01	1.775670e-02	0.000000e+00	0.000000e+00	0.000000e+00	1.413961e-03	0.000000e+00	0.000000e+00	0.000000e+00	1.538683e-02	0.000000e+00	0.000000e+00	0.000000e+00	0.000000e+00	0.000000e+00	1.809279e-02	0.000000e+00	0.000000e+00	0.000000e+00	0.000000e+00	0.000000e+00	4.256208e-03	0.000000e+00	9.977651e-02	0.000000e+00	0.000000e+00	6.314015e-03	4.666253e-03	4.465086e-02	0.000000e+00	4.369721e-01	-1.745946e-02
4.369721e-01	1.775670e-02	0.000000e+00	0.000000e+00	0.000000e+00	1.413961e-03	0.000000e+00	0.000000e+00	0.000000e+00	1.538683e-02	0.000000e+00	0.000000e+00	0.000000e+00	0.000000e+00	0.000000e+00	1.809279e-02	0.000000e+00	0.000000e+00	0.000000e+00	0.000000e+00	0.000000e+00	4.256208e-03	0.000000e+00	9.977651e-02	0.000000e+00	0.000000e+00	6.314015e-03	4.666253e-03	4.465086e-02	0.000000e+00	4.369721e-01	-1.745946e-02
4.369721e-01	1.775670e-02	0.000000e+00	0.000000e+00	0.000000e+00	1.413961e-03	0.000000e+00	0.000000e+00	0.000000e+00	1.538683e-02	0.000000e+00	0.000000e+00	0.000000e+00	0.000000e+00	0.000000e+00	1.809279e-02	0.000000e+00	0.000000e+00	0.000000e+00	0.000000e+00	0.000000e+00	4.256208e-03	0.000000e+00	9.977651e-02	0.000000e+00	0.000000e+00	6.314015e-03	4.666253e-03	4.465086e-02	0.000000e+00	4.369721e-01	-1.745946e-02
4.369721e-01	1.775670e-02	0.000000e+00	0.000000e+00	0.000000e+00	1.413961e-03	0.000000e+00	0.000000e+00	0.000000e+00	1.538683e-02	0.000000e+00	0.000000e+00	0.000000e+00	0.000000e+00	0.000000e+00	1.809279e-02	0.000000e+00	0.000000e+00	0.000000e+00	0.000000e+00	0.000000e+00	4.256208e-03	0.000000e+00	9.977651e-02	0.000000e+00	0.000000e+00	6.314015e-03	4.666253e-03	4.465086e-02	0.000000e+00	4.369721e-01	-1.745946e-02
4.369721e-01	1.775670e-02	0.000000e+00	0.000000e+00	0.000000e+00	1.413961e-03	0.000000e+00	0.000000e+00	0.000000e+00	1.538683e-02	0.000000e+00	0.000000e+00	0.000000e+00	0.000000e+00	0.000000e+00	1.809279e-02	0.000000e+00	0.000000e+00	0.000000e+00	0.000000e+00	0.000000e+00	4.256208e-03	0.000000e+00	9.977651e-02	0.000000e+00	0.000000e+00	6.314015e-03	4.666253e-03	4.465086e-02	0.000000e+00	4.369721e-01	-1.745946e-02
4.369721e-01	1.775670e-02	0.000000e+00	0.000000e+00	0.000000e+00	1.413961e-03	0.000000e+00	0.000000e+00	0.000000e+00	1.538683e-02	0.000000e+00	0.000000e+00	0.000000e+00	0.000000e+00	0.000000e+00	1.809279e-02	0.000000e+00	0.000000e+00	0.000000e+00	0.000000e+00	0.000000e+00	4.256208e-03	0.000000e+00	9.977651e-02	0.000000e+00	0.000000e+00	6.314015e-03	4.666253e-03	4.465086e-02	0.000000e+00	4.369721e-01	-1.745946e-02
4.369721e-01	1.775670e-02	0.000000e+00	0.000000e+00	0.000000e+00	1.413961e-03	0.000000e+00	0.000000e+00	0.000000e+00	1.538683e-02	0.000000e+00	0.000000e+00	0.000000e+00	0.000000e+00	0.000000e+00	1.809279e-02	0.000000e+00	0.000000e+00	0.000000e+00	0.000000e+00	0.000000e+00	4.256208e-03	0.000000e+00	9.977651e-02	0.000000e+00	0.000000e+00	6.314015e-03	4.666253e-03	4.465086e-02	0.000000e+00	4.369721e-01	-1.745946e-02
4.369721e-01	1.775670e-02	0.000000e+00	0.000000e+00	5.110564e-02	1.352901e-03	3.647325e-03	0.000000e+00	0.000000e+00	2.192918e-02	5.602059e-02	0.000000e+00	8.468642e-05	1.504263e-02	3.063250e-02	1.231558e-02	0.000000e+00	2.291928e-02	3.166019e-03	1.749052e-02	0.000000e+00	3.325163e-03	3.038029e-04	0.000000e+00	1.085027e-02	0.000000e+00	6.075057e-03	2.333126e-03	2.232543e-02	0.000000e+00	4.369721e-01	8.154598e-04
4.369721e-01	1.775670e-02	0.000000e+00	0.000000e+00	5.110564e-02	1.937761e-03	0.000000e+00	0.000000e+00	2.412533e-02	2.188962e-02	1.015710e-01	1.738804e-02	0.000000e+00	1.504263e-02	5.596354e-02	1.914690e-02	3.815802e-03	2.130662e-03	0.000000e+00	4.620074e-03	0.000000e+00	3.192156e-03	3.038029e-04	0.000000e+00	1.399321e-02	0.000000e+00	1.100062e-02	2.333126e-03	0.000000e+00	0.000000e+00	4.369721e-01	1.541459e-02
4.369721e-01	1.775670e-02	0.000000e+00	0.000000e+00	5.110564e-02	1.937761e-03	0.000000e+00	0.000000e+00	2.412533e-02	2.188962e-02	1.015710e-01	1.738804e-02	0.000000e+00	1.504263e-02	5.596354e-02	1.914690e-02	3.815802e-03	2.130662e-03	0.000000e+00	4.620074e-03	0.000000e+00	3.192156e-03	3.038029e-04	0.000000e+00	1.399321e-02	0.000000e+00	1.100062e-02	2.333126e-03	0.000000e+00	0.000000e+00	4.369721e-01	1.541459e-02
4.369721e-01	1.775670e-02	0.000000e+00	0.000000e+00	5.110564e-02	1.937761e-03	0.000000e+00	0.000000e+00	2.412533e-02	2.188962e-02	1.015710e-01	1.738804e-02	0.000000e+00	1.504263e-02	5.596354e-02	1.914690e-02	3.815802e-03	2.130662e-03	0.000000e+00	4.620074e-03	0.000000e+00	3.192156e-03	3.038029e-04	0.000000e+00	1.399321e-02	0.000000e+00	1.100062e-02	2.333126e-03	0.000000e+00	0.000000e+00	4.369721e-01	1.541459e-02
4.369721e-01	1.775670e-02	0.000000e+00	0.000000e+00	5.110564e-02	1.937761e-03	0.000000e+00	0.000000e+00	2.412533e-02	2.188962e-02	1.015710e-01	1.738804e-02	0.000000e+00	1.504263e-02	5.596354e-02	1.914690e-02	3.815802e-03	2.130662e-03	0.000000e+00	4.620074e-03	0.000000e+00	3.192156e-03	3.038029e-04	0.000000e+00	1.399321e-02	0.000000e+00	1.100062e-02	2.333126e-03	0.000000e+00	0.000000e+00	4.369721e-01	1.541459e-02
4.369721e-01	1.195926e-02	0.000000e+00	0.000000e+00	3.030348e-02	1.937761e-03	0.000000e+00	0.000000e+00	2.412533e-02	2.188962e-02	1.015710e-01	1.738804e-02	0.000000e+00	1.504263e-02	5.596354e-02	1.914690e-02	3.815802e-03	2.130662e-03	0.000000e+00	4.620074e-03	0.000000e+00	3.192156e-03	7.595073e-04	0.000000e+00	1.399321e-02	0.000000e+00	5.500311e-03	6.376092e-03	0.000000e+00	0.000000e+00	4.369721e-01	9.536298e-03
4.369721e-01	1.195926e-02	0.000000e+00	0.000000e+00	3.030348e-02	1.937761e-03	0.000000e+00	0.000000e+00	2.412533e-02	2.188962e-02	1.015710e-01	1.738804e-02	0.000000e+00	1.504263e-02	5.596354e-02	1.914690e-02	3.815802e-03	2.130662e-03	0.000000e+00	4.620074e-03	0.000000e+00	3.192156e-03	7.595073e-04	0.000000e+00	1.399321e-02	0.000000e+00	5.500311e-03	6.376092e-03	0.000000e+00	0.000000e+00	4.369721e-01	9.536298e-03
4.369721e-01	1.195926e-02	0.000000e+00	0.000000e+00	3.030348e-02	1.937761e-03	0.000000e+00	0.000000e+00	2.412533e-02	2.188962e-02	1.015710e-01	1.738804e-02	0.000000e+00	1.504263e-02	5.596354e-02	1.914690e-02	3.815802e-03	2.130662e-03	0.000000e+00	4.620074e-03	0.000000e+00	3.192156e-03	7.595073e-04	0.000000e+00	1.399321e-02	0.000000e+00	5.500311e-03	6.376092e-03	0.000000e+00	0.000000e+00	4.369721e-01	9.536298e-03
4.369721e-01	1.195926e-02	0.000000e+00	0.000000e+00	3.030348e-02	1.937761e-03	0.000000e+00	0.000000e+00	2.412533e-02	2.188962e-02	1.015710e-01	1.738804e-02	0.000000e+00	1.504263e-02	5.596354e-02	1.914690e-02	3.815802e-03	2.130662e-03	0.000000e+00	4.620074e-03	0.000000e+00	3.192156e-03	7.595073e-04	0.000000e+00	1.399321e-02	0.000000e+00	5.500311e-03	6.376092e-03	0.000000e+00	0.000000e+00	4.369721e-01	9.536298e-03
4.369721e-01	1.195926e-02	0.000000e+00	0.000000e+00	3.030348e-02	1.937761e-03	0.000000e+00	0.000000e+00	2.412533e-02	2.188962e-02	1.015710e-01	1.738804e-02	0.000000e+00	1.504263e-02	5.596354e-02	1.914690e-02	3.815802e-03	2.130662e-03	0.000000e+00	4.620074e-03	0.000000e+00	3.192156e-03	7.595073e-04	0.000000e+00	1.399321e-02	0.000000e+00	5.500311e-03	6.376092e-03	0.000000e+00	0.000000e+00	4.369721e-01	9.536298e-03
4.369721e-01	1.195926e-02	0.000000e+00	0.000000e+00	3.030348e-02	1.937761e-03	0.000000e+00	0.000000e+00	2.412533e-02	2.188962e-02	1.015710e-01	1.738804e-02	0.000000e+00	1.504263e-02	5.596354e-02	1.914690e-02	3.815802e-03	2.130662e-03	0.000000e+00	4.620074e-03	0.000000e+00	3.192156e-03	7.595073e-04	0.000000e+00	1.399321e-02	0.000000e+00	5.500311e-03	6.376092e-03	0.000000e+00	0.000000e+00	4.369721e-01	9.536298e-03
4.369721e-01	1.195926e-02	0.000000e+00	0.000000e+00	3.030348e-02	1.937761e-03	0.000000e+00	0.000000e+00	2.412533e-02	2.188962e-02	1.015710e-01	1.738804e-02	0.000000e+00	1.504263e-02	5.596354e-02	1.914690e-02	3.815802e-03	2.130662e-03	0.000000e+00	4.620074e-03	0.000000e+00	3.192156e-03	7.595073e-04	0.000000e+00	1.399321e-02	0.000000e+00	5.500311e-03	6.376092e-03	0.000000e+00	0.000000e+00	4.369721e-01	9.536298e-03
4.369721e-01	1.195926e-02	0.000000e+00	0.000000e+00	3.030348e-02	1.937761e-03	0.000000e+00	0.000000e+00	2.412533e-02	2.188962e-02	1.015710e-01	1.738804e-02	0.000000e+00	1.504263e-02	5.596354e-02	1.914690e-02	3.815802e-03	2.130662e-03	0.000000e+00	4.620074e-03	0.000000e+00	3.192156e-03	7.595073e-04	0.000000e+00	1.399321e-02	0.000000e+00	5.500311e-03	6.376092e-03	0.000000e+00	0.000000e+00	4.369721e-01	9.536298e-03
4.369721e-01	1.195926e-02	0.000000e+00	0.000000e+00	3.030348e-02	1.937761e-03	0.000000e+00	0.000000e+00	2.412533e-02	2.188962e-02	1.015710e-01	1.738804e-02	0.000000e+00	1.504263e-02	5.596354e-02	1.914690e-02	3.815802e-03	2.130662e-03	0.000000e+00	4.620074e-03	0.000000e+00	3.192156e-03	7.595073e-04	0.000000e+00	1.399321e-02	0.000000e+00	5.500311e-03	6.376092e-03	0.000000e+00	0.000000e+00	4.369721e-01	9.536298e-03
4.369721e-01	1.195926e-02	0.000000e+00	0.000000e+00	3.030348e-02	1.937761e-03	0.000000e+00	0.000000e+00	2.412533e-02	2.188962e-02	1.015710e-01	1.738804e-02	0.000000e+00	1.504263e-02	5.596354e-02	1.914690e-02	3.815802e-03	2.130662e-03	0.000000e+00	4.620074e-03	0.000000e+00	3.192156e-03	7.595073e-04	0.000000e+00	1.399321e-02	0.000000e+00	5.500311e-03	6.376092e-03	0.000000e+00	0.000000e+00	4.369721e-01	9.536298e-03
4.369721e-01	1.195926e-02	0.000000e+00	0.000000e+00	3.030348e-02	1.937761e-03	0.000000e+00	0.000000e+00	2.412533e-02	2.188962e-02	1.015710e-01	1.738804e-02	0.000000e+00	1.504263e-02	5.596354e-02	1.914690e-02	3.815802e-03	2.130662e-03	0.000000e+00	4.620074e-03	0.000000e+00	3.192156e-03	7.595073e-04	0.000000e+00	1.399321e-02	0.000000e+00	5.500311e-03	6.376092e-03	0.000000e+00	0.000000e+00	4.369721e-01	9.536298e-03
4.369721e-01	1.195926e-02	0.000000e+00	0.000000e+00	3.030348e-02	1.937761e-03	0.000000e+00	0.000000e+00	2.412533e-02	2.188962e-02	1.015710e-01	1.738804e-02	0.000000e+00	1.504263e-02	5.596354e-02	1.914690e-02	3.815802e-03	2.130662e-03	0.000000e+00	4.620074e-03	0.000000e+00	3.192156e-03	7.595073e-04	0.000000e+00	1.399321e-02	0.000000e+00	5.500311e-03	6.376092e-03	0.000000e+00	0.000000e+00	4.369721e-01	9.536298e-03
2.551920e-01	6.161828e-03	0.000000e+00	3.601139e-03	9.501322e-03	6.459202e-04	0.000000e+00	0.000000e+00	2.412533e-02	2.188962e-02	1.015710e-01	1.482246e-02	0.000000e+00	3.008527e-02	4.840344e-02	1.212922e-02	3.815802e-03	0.000000e+00	0.000000e+00	4.620074e-03	0.000000e+00	4.885958e-06	1.215212e-03	0.000000e+00	1.399321e-02	0.000000e+00	0.000000e+00	1.041906e-02	8.232885e-03	0.000000e+00	2.551920e-01	3.167281e-01
2.551920e-01	6.161828e-03	0.000000e+00	3.601139e-03	9.501322e-03	6.459202e-04	0.000000e+00	0.000000e+00	2.412533e-02	2.188962e-02	1.015710e-01	1.482246e-02	0.000000e+00	3.008527e-02	4.840344e-02	1.212922e-02	3.815802e-03	0.000000e+00	0.000000e+00	4.620074e-03	0.000000e+00	4.885958e-06	1.215212e-03	0.000000e+00	1.399321e-02	0.000000e+00	0.000000e+00	1.041906e-02	8.232885e-03	0.000000e+00	2.551920e-01	3.167281e-01
2.551920e-01	6.161828e-03	0.000000e+00	3.601139e-03	9.501322e-03	6.459202e-04	0.000000e+00	0.000000e+00	2.412533e-02	2.188962e-02	1.015710e-01	1.482246e-02	0.000000e+00	3.008527e-02	4.840344e-02	1.212922e-02	3.815802e-03	0.000000e+00	0.000000e+00	4.620074e-03	0.000000e+00	4.885958e-06	1.215212e-03	0.000000e+00	1.399321e-02	0.000000e+00	0.000000e+00	1.041906e-02	8.232885e-03	0.000000e+00	2.551920e-01	3.167281e-01
2.551920e-01	6.161828e-03	0.000000e+00	3.601139e-03	9.501322e-03	6.459202e-04	0.000000e+00	0.000000e+00	2.412533e-02	2.188962e-02	1.015710e-01	1.482246e-02	0.000000e+00	3.008527e-02	4.840344e-02	1.212922e-02	3.815802e-03	0.000000e+00	0.000000e+00	4.620074e-03	0.000000e+00	4.885958e-06	1.215212e-03	0.000000e+00	1.399321e-02	0.000000e+00	0.000000e+00	1.041906e-02	8.232885e-03	0.000000e+00	2.551920e-01	3.167281e-01
2.551920e-01	6.161828e-03	0.000000e+00	3.601139e-03	9.501322e-03	6.459202e-04	0.000000e+00	0.000000e+00	2.412533e-02	2.188962e-02	1.015710e-01	1.482246e-02	0.000000e+00	3.008527e-02	4.840344e-02	1.212922e-02	3.815802e-03	0.000000e+00	0.000000e+00	4.620074e-03	0.000000e+00	4.885958e-06	1.215212e-03	0.000000e+00	1.399321e-02	0.000000e+00	0.000000e+00	1.041906e-02	8.232885e-03	0.000000e+00	2.551920e-01	3.167281e-01
2.551920e-01	6.161828e-03	0.000000e+00	1.800570e-03	4.750661e-03	3.229601e-04	0.000000e+00	2.048252e-05	2.412533e-02	2.188962e-02	1.015710e-01	1.482246e-02	0.000000e+00	3.008527e-02	4.278794e-02	1.212922e-02	3.815802e-03	0.000000e+00	0.000000e+00	0.000000e+00	0.000000e+00	4.885958e-06	1.215212e-03	0.000000e+00	1.399321e-02	0.000000e+00	0.000000e+00	1.041906e-02	8.232885e-03	0.000000e+00	2.551920e-01	3.127045e-01
2.551920e-01	6.161828e-03	0.000000e+00	1.800570e-03	4.750661e-03	3.229601e-04	0.000000e+00	2.048252e-05	2.412533e-02	2.188962e-02	1.015710e-01	1.482246e-02	0.000000e+00	3.008527e-02	4.278794e-02	1.212922e-02	3.815802e-03	0.000000e+00	0.000000e+00	0.000000e+00	0.000000e+00	4.885958e-06	1.215212e-03	0.000000e+00	1.399321e-02	0.000000e+00	0.000000e+00	1.041906e-02	8.232885e-03	0.000000e+00	2.551920e-01	3.127045e-01
2.551920e-01	6.161828e-03	0.000000e+00	1.800570e-03	4.750661e-03	3.229601e-04	0.000000e+00	2.048252e-05	2.412533e-02	2.188962e-02	1.015710e-01	1.482246e-02	0.000000e+00	3.008527e-02	4.278794e-02	1.212922e-02	3.815802e-03	0.000000e+00	0.000000e+00	0.000000e+00	0.000000e+00	4.885958e-06	1.215212e-03	0.000000e+00	1.399321e-02	0.000000e+00	0.000000e+00	1.041906e-02	8.232885e-03	0.000000e+00	2.551920e-01	3.127045e-01
2.551920e-01	6.161828e-03	0.000000e+00	1.800570e-03	4.750661e-03	3.229601e-04	0.000000e+00	2.048252e-05	2.412533e-02	2.188962e-02	1.015710e-01	1.482246e-02	0.000000e+00	3.008527e-02	4.278794e-02	1.212922e-02	3.815802e-03	0.000000e+00	0.000000e+00	0.000000e+00	0.000000e+00	4.885958e-06	1.215212e-03	0.000000e+00	1.399321e-02	0.000000e+00	0.000000e+00	1.041906e-02	8.232885e-03	0.000000e+00	2.551920e-01	3.127045e-01
2.551920e-01	6.161828e-03	0.000000e+00	1.800570e-03	4.750661e-03	3.229601e-04	0.000000e+00	2.048252e-05	2.412533e-02	2.188962e-02	1.015710e-01	1.482246e-02	0.000000e+00	3.008527e-02	4.278794e-02	1.212922e-02	3.815802e-03	0.000000e+00	0.000000e+00	0.000000e+00	0.000000e+00	4.885958e-06	1.215212e-03	0.000000e+00	1.399321e-02	0.000000e+00	0.000000e+00	1.041906e-02	8.232885e-03	0.000000e+00	2.551920e-01	3.127045e-01
2.551920e-01	6.161828e-03	0.000000e+00	1.800570e-03	4.750661e-03	3.229601e-04	0.000000e+00	2.048252e-05	2.412533e-02	2.188962e-02	1.015710e-01	1.482246e-02	0.000000e+00	3.008527e-02	4.278794e-02	1.212922e-02	3.815802e-03	0.000000e+00	0.000000e+00	0.000000e+00	0.000000e+00	4.885958e-06	1.215212e-03	0.000000e+00	1.399321e-02	0.000000e+00	0.000000e+00	1.041906e-02	8.232885e-03	0.000000e+00	2.551920e-01	3.127045e-01
2.551920e-01	6.161828e-03	0.000000e+00	1.800570e-03	4.750661e-03	3.229601e-04	0.000000e+00	2.048252e-05	2.412533e-02	2.188962e-02	1.015710e-01	1.482246e-02	0.000000e+00	3.008527e-02	4.278794e-02	1.212922e-02	3.815802e-03	0.000000e+00	0.000000e+00	0.000000e+00	0.000000e+00	4.885958e-06	1.215212e-03	0.000000e+00	1.399321e-02	0.000000e+00	0.000000e+00	1.041906e-02	8.232885e-03	0.000000e+00	2.551920e-01	3.127045e-01
2.426241e-01	6.161828e-03	0.000000e+00	9.002849e-04	4.750661e-03	3.229601e-04	8.079445e-03	2.048252e-05	2.412533e-02	0.000000e+00	9.633591e-02	1.738804e-02	0.000000e+00	3.003361e-02	4.278794e-02	1.212922e-02	2.248346e-03	0.000000e+00	0.000000e+00	2.310037e-03	0.000000e+00	7.328936e-06	1.215212e-03	0.000000e+00	0.000000e+00	0.000000e+00	0.000000e+00	1.041906e-02	0.000000e+00	7.079752e-03	2.426241e-01	3.339902e-01
2.426241e-01	6.161828e-03	0.000000e+00	9.002849e-04	4.750661e-03	3.229601e-04	8.079445e-03	2.048252e-05	2.412533e-02	0.000000e+00	9.633591e-02	1.738804e-02	0.000000e+00	3.003361e-02	4.278794e-02	1.212922e-02	2.248346e-03	0.000000e+00	0.000000e+00	2.310037e-03	0.000000e+00	7.328936e-06	1.215212e-03	0.000000e+00	0.000000e+00	0.000000e+00	0.000000e+00	1.041906e-02	0.000000e+00	7.079752e-03	2.426241e-01	3.339902e-01
2.426241e-01	6.161828e-03	0.000000e+00	9.002849e-04	4.750661e-03	3.229601e-04	8.079445e-03	2.048252e-05	2.412533e-02	0.000000e+00	9.633591e-02	1.738804e-02	0.000000e+00	3.003361e-02	4.278794e-02	1.212922e-02	2.248346e-03	0.000000e+00	0.000000e+00	2.310037e-03	0.000000e+00	7.328936e-06	1.215212e-03	0.000000e+00	0.000000e+00	0.000000e+00	0.000000e+00	1.041906e-02	0.000000e+00	7.079752e-03	2.426241e-01	3.339902e-01
2.426241e-01	6.161828e-03	0.000000e+00	9.002849e-04	4.750661e-03	3.229601e-04	8.079445e-03	2.048252e-05	2.412533e-02	0.000000e+00	9.633591e-02	1.738804e-02	0.000000e+00	3.003361e-02	4.278794e-02	1.212922e-02	2.248346e-03	0.000000e+00	0.000000e+00	2.310037e-03	0.000000e+00	7.328936e-06	1.215212e-03	0.000000e+00	0.000000e+00	0.000000e+00	0.000000e+00	1.041906e-02	0.000000e+00	7.079752e-03	2.426241e-01	3.339902e-01
2.258669e-01	4.428814e-03	0.000000e+00	3.959855e-02	0.000000e+00	3.229601e-04	0.000000e+00	4.096504e-05	9.941681e-03	2.188962e-02	1.015710e-01	7.370459e-03	6.217211e-04	2.998196e-02	2.961233e-02	1.754729e-02	5.375499e-03	1.387184e-03	2.030739e-02	0.000000e+00	1.153761e-02	0.000000e+00	1.367113e-03	0.000000e+00	4.587372e-02	5.448726e-03	0.000000e+00	0.000000e+00	5.076031e-03	7.079752e-03	2.258669e-01	4.481558e-01
2.258669e-01	4.428814e-03	0.000000e+00	3.959855e-02	0.000000e+00	3.229601e-04	0.000000e+00	4.096504e-05	9.941681e-03	2.188962e-02	1.015710e-01	7.370459e-03	6.217211e-04	2.998196e-02	2.961233e-02	1.754729e-02	5.375499e-03	1.387184e-03	2.030739e-02	0.000000e+00	1.153761e-02	0.000000e+00	1.367113e-03	0.000000e+00	4.587372e-02	5.448726e-03	0.000000e+00	0.000000e+00	5.076031e-03	7.079752e-03	2.258669e-01	4.481558e-01
2.174883e-01	6.161828e-03	0.000000e+00	3.601139e-03	9.501322e-03	1.291840e-03	0.000000e+00	0.000000e+00	0.000000e+00	2.188962e-02	3.363615e-02	1.624598e-02	0.000000e+00	3.848463e-02	4.084333e-02	0.000000e+00	6.950715e-03	8.996082e-02	0.000000e+00	4.620074e-03	1.567617e-03	0.000000e+00	1.215212e-03	0.000000e+00	1.399321e-02	5.448726e-03	0.000000e+00	1.041906e-02	0.000000e+00	1.415950e-02	2.174883e-01	4.967735e-01
2.141411e-01	0.000000e+00	0.000000e+00	5.401709e-03	1.425198e-02	1.291840e-03	0.000000e+00	0.000000e+00	0.000000e+00	2.544198e-02	9.271651e-03	8.520440e-03	1.776346e-03	3.848463e-02	4.220356e-02	0.000000e+00	6.950715e-03	1.486956e-03	0.000000e+00	0.000000e+00	1.567617e-03	0.000000e+00	4.050706e-04	0.000000e+00	1.647797e-02	5.448726e-03	0.000000e+00	9.043581e-03	7.998969e-02	1.415950e-02	2.141411e-01	5.129461e-01
2.091097e-01	6.932056e-03	0.000000e+00	2.526293e-02	2.375330e-03	6.459202e-04	3.389682e-02	2.731003e-05	0.000000e+00	0.000000e+00	1.569732e-02	0.000000e+00	2.398067e-03	1.937153e-02	3.910362e-02	0.000000e+00	3.831320e-03	2.360542e-02	0.000000e+00	2.572237e-02	1.959521e-03	0.000000e+00	1.012676e-03	0.000000e+00	2.412934e-02	8.021476e-03	0.000000e+00	1.114354e-02	3.999484e-02	2.123926e-02	2.091097e-01	5.575178e-01
2.091097e-01	6.932056e-03	0.000000e+00	2.526293e-02	2.375330e-03	6.459202e-04	3.389682e-02	2.731003e-05	0.000000e+00	0.000000e+00	1.569732e-02	0.000000e+00	2.398067e-03	1.937153e-02	3.910362e-02	0.000000e+00	3.831320e-03	2.360542e-02	0.000000e+00	2.572237e-02	1.959521e-03	0.000000e+00	1.012676e-03	0.000000e+00	2.412934e-02	8.021476e-03	0.000000e+00	1.114354e-02	3.999484e-02	2.123926e-02	2.091097e-01	5.575178e-01
1.990097e-01	3.080914e-03	0.000000e+00	0.000000e+00	9.501322e-03	1.291840e-03	1.001114e-01	5.462006e-05	2.412533e-02	2.188962e-02	1.005280e-01	1.983125e-02	5.329038e-04	1.627862e-02	4.840344e-02	3.778875e-02	3.831320e-03	4.498041e-02	0.000000e+00	4.402571e-03	0.000000e+00	1.596078e-03	1.215212e-03	0.000000e+00	0.000000e+00	2.724363e-03	0.000000e+00	1.626134e-02	0.000000e+00	0.000000e+00	1.990097e-01	6.716776e-01
1.990097e-01	3.080914e-03	0.000000e+00	0.000000e+00	9.501322e-03	8.074003e-04	1.001114e-01	6.486132e-05	2.909617e-02	6.071383e-03	1.005280e-01	2.351648e-02	0.000000e+00	1.930088e-02	4.210782e-02	6.064612e-03	3.831320e-03	4.498041e-02	0.000000e+00	4.402571e-03	2.229141e-02	1.596078e-03	1.189895e-03	0.000000e+00	2.348807e-02	3.934932e-03	0.000000e+00	5.105634e-02	0.000000e+00	0.000000e+00	1.990097e-01	6.811616e-01
8.541583e-02	3.080914e-03	0.000000e+00	2.256208e-02	0.000000e+00	1.291840e-03	0.000000e+00	5.462006e-05	0.000000e+00	5.352608e-02	6.132549e-02	0.000000e+00	1.776346e-03	2.393743e-02	4.220356e-02	0.000000e+00	6.950715e-03	4.535215e-02	4.061477e-02	0.000000e+00	2.307522e-02	0.000000e+00	0.000000e+00	0.000000e+00	1.589036e-02	6.659294e-03	0.000000e+00	1.114354e-02	0.000000e+00	1.415950e-02	8.541583e-02	7.694271e-01
8.541583e-02	3.080914e-03	0.000000e+00	2.256208e-02	0.000000e+00	1.291840e-03	0.000000e+00	5.462006e-05	0.000000e+00	5.352608e-02	6.132549e-02	0.000000e+00	1.776346e-03	2.393743e-02	4.220356e-02	0.000000e+00	6.950715e-03	4.535215e-02	4.061477e-02	0.000000e+00	2.307522e-02	0.000000e+00	0.000000e+00	0.000000e+00	1.589036e-02	6.659294e-03	0.000000e+00	1.114354e-02	0.000000e+00	1.415950e-02	8.541583e-02	7.694271e-01
8.541583e-02	3.080914e-03	0.000000e+00	2.256208e-02	0.000000e+00	1.291840e-03	0.000000e+00	5.462006e-05	0.000000e+00	5.352608e-02	6.132549e-02	0.000000e+00	1.776346e-03	2.393743e-02	4.220356e-02	0.000000e+00	6.950715e-03	4.535215e-02	4.061477e-02	0.000000e+00	2.307522e-02	0.000000e+00	0.000000e+00	0.000000e+00	1.589036e-02	6.659294e-03	0.000000e+00	1.114354e-02	0.000000e+00	1.415950e-02	8.541583e-02	7.694271e-01
8.541583e-02	3.080914e-03	0.000000e+00	2.256208e-02	0.000000e+00	1.291840e-03	0.000000e+00	5.462006e-05	0.000000e+00	5.352608e-02	6.132549e-02	0.000000e+00	1.776346e-03	2.393743e-02	4.220356e-02	0.000000e+00	6.950715e-03	4.535215e-02	4.061477e-02	0.000000e+00	2.307522e-02	0.000000e+00	0.000000e+00	0.000000e+00	1.589036e-02	6.659294e-03	0.000000e+00	1.114354e-02	0.000000e+00	1.415950e-02	8.541583e-02	7.694271e-01
8.541583e-02	3.080914e-03	0.000000e+00	2.256208e-02	0.000000e+00	1.291840e-03	0.000000e+00	5.462006e-05	0.000000e+00	5.352608e-02	6.132549e-02	0.000000e+00	1.776346e-03	2.393743e-02	4.220356e-02	0.000000e+00	6.950715e-03	4.535215e-02	4.061477e-02	0.000000e+00	2.307522e-02	0.000000e+00	0.000000e+00	0.000000e+00	1.589036e-02	6.659294e-03	0.000000e+00	1.114354e-02	0.000000e+00	1.415950e-02	8.541583e-02	7.694271e-01
8.541583e-02	3.080914e-03	0.000000e+00	2.256208e-02	0.000000e+00	1.291840e-03	0.000000e+00	5.462006e-05	0.000000e+00	5.352608e-02	6.132549e-02	0.000000e+00	1.776346e-03	2.393743e-02	4.220356e-02	0.000000e+00	6.950715e-03	4.535215e-02	4.061477e-02	0.000000e+00	2.307522e-02	0.000000e+00	0.000000e+00	0.000000e+00	1.589036e-02	6.659294e-03	0.000000e+00	1.114354e-02	0.000000e+00	1.415950e-02	8.541583e-02	7.694271e-01
8.541583e-02	3.080914e-03	0.000000e+00	2.256208e-02	0.000000e+00	1.291840e-03	0.000000e+00	5.462006e-05	0.000000e+00	5.352608e-02	6.132549e-02	0.000000e+00	1.776346e-03	2.393743e-02	4.220356e-02	0.000000e+00	6.950715e-03	4.535215e-02	4.061477e-02	0.000000e+00	2.307522e-02	0.000000e+00	0.000000e+00	0.000000e+00	1.589036e-02	6.659294e-03	0.000000e+00	1.114354e-02	0.000000e+00	1.415950e-02	8.541583e-02	7.694271e-01
8.541583e-02	3.080914e-03	0.000000e+00	2.256208e-02	0.000000e+00	1.291840e-03	0.000000e+00	5.462006e-05	0.000000e+00	5.352608e-02	6.132549e-02	0.000000e+00	1.776346e-03	2.393743e-02	4.220356e-02	0.000000e+00	6.950715e-03	4.535215e-02	4.061477e-02	0.000000e+00	2.307522e-02	0.000000e+00	0.000000e+00	0.000000e+00	1.589036e-02	6.659294e-03	0.000000e+00	1.114354e-02	0.000000e+00	1.415950e-02	8.541583e-02	7.694271e-01
6.836430e-02	2.249029e-02	0.000000e+00	1.692156e-02	0.000000e+00	6.459202e-04	0.000000e+00	2.731003e-05	0.000000e+00	5.352608e-02	6.132549e-02	4.179753e-02	4.191345e-02	2.393743e-02	4.220356e-02	0.000000e+00	3.475357e-03	3.867396e-04	4.061477e-02	0.000000e+00	0.000000e+00	1.596078e-03	3.265882e-03	0.000000e+00	1.589036e-02	1.150682e-02	0.000000e+00	1.114354e-02	0.000000e+00	1.415950e-02	6.836430e-02	7.914769e-01
6.836430e-02	2.249029e-02	0.000000e+00	1.692156e-02	0.000000e+00	6.459202e-04	0.000000e+00	2.731003e-05	0.000000e+00	5.352608e-02	6.132549e-02	4.179753e-02	4.191345e-02	2.393743e-02	4.220356e-02	0.000000e+00	3.475357e-03	3.867396e-04	4.061477e-02	0.000000e+00	0.000000e+00	1.596078e-03	3.265882e-03	0.000000e+00	1.589036e-02	1.150682e-02	0.000000e+00	1.114354e-02	0.000000e+00	1.415950e-02	6.836430e-02	7.914769e-01
5.131276e-02	3.080914e-03	0.000000e+00	1.128104e-02	0.000000e+00	0.000000e+00	0.000000e+00	5.462006e-05	0.000000e+00	2.847673e-02	6.132549e-02	0.000000e+00	0.000000e+00	2.393743e-02	4.220356e-02	0.000000e+00	0.000000e+00	8.881560e-02	4.061477e-02	9.016805e-03	3.620693e-02	0.000000e+00	1.417747e-03	0.000000e+00	1.589036e-02	2.724363e-03	0.000000e+00	1.114354e-02	0.000000e+00	1.415950e-02	5.131276e-02	8.300219e-01
5.131276e-02	0.000000e+00	0.000000e+00	2.982521e-02	1.068899e-02	2.591382e-02	0.000000e+00	1.365501e-05	0.000000e+00	5.352608e-02	3.984687e-02	0.000000e+00	1.953981e-03	2.393743e-02	1.800184e-02	0.000000e+00	3.559628e-04	2.323368e-02	4.061477e-02	3.023077e-02	3.620693e-02	0.000000e+00	1.417747e-03	0.000000e+00	1.589036e-02	7.870155e-03	0.000000e+00	5.571772e-03	2.765193e-02	1.415950e-02	5.131276e-02	8.346126e-01
3.223179e-02	2.249029e-02	0.000000e+00	1.931686e-02	1.662731e-02	5.182764e-02	0.000000e+00	2.731003e-05	0.000000e+00	1.252468e-02	1.042827e-01	9.209264e-03	0.000000e+00	2.393743e-02	0.000000e+00	2.709033e-03	0.000000e+00	1.129987e-01	0.000000e+00	9.016805e-03	1.791892e-02	0.000000e+00	1.215212e-03	0.000000e+00	1.589036e-02	6.356652e-03	0.000000e+00	0.000000e+00	0.000000e+00	1.415950e-02	3.223179e-02	9.179593e-01
2.499783e-02	3.080914e-03	0.000000e+00	2.256208e-02	0.000000e+00	1.291840e-03	0.000000e+00	5.462006e-05	0.000000e+00	5.263799e-02	6.132549e-02	0.000000e+00	1.776346e-03	2.393743e-02	4.220356e-02	0.000000e+00	3.831320e-03	4.535215e-02	4.061477e-02	0.000000e+00	2.307522e-02	0.000000e+00	0.000000e+00	0.000000e+00	1.589036e-02	6.659294e-03	0.000000e+00	1.114354e-02	0.000000e+00	0.000000e+00	2.499783e-02	9.260339e-01
1.315083e-02	4.189967e-02	0.000000e+00	8.035819e-03	7.125991e-03	5.118172e-02	0.000000e+00	0.000000e+00	0.000000e+00	5.352608e-02	1.042827e-01	0.000000e+00	1.421077e-03	2.393743e-02	2.131244e-02	2.709033e-03	1.876214e-02	8.958908e-02	4.061477e-02	7.688755e-03	3.105063e-02	0.000000e+00	1.468381e-03	0.000000e+00	1.694806e-02	9.988942e-03	0.000000e+00	0.000000e+00	4.392249e-02	1.415950e-02	1.315083e-02	1.052978e+00
0.000000e+00	2.249029e-02	0.000000e+00	2.256208e-02	0.000000e+00	1.291840e-03	3.231778e-02	2.731003e-05	1.988336e-02	5.352608e-02	6.132549e-02	4.179753e-02	1.776346e-03	2.393743e-02	4.220356e-02	3.846601e-02	0.000000e+00	3.867396e-04	2.030739e-02	0.000000e+00	0.000000e+00	1.596078e-03	3.265882e-03	0.000000e+00	1.589036e-02	1.150682e-02	0.000000e+00	1.114354e-02	0.000000e+00	1.415950e-02	0.000000e+00	1.136509e+00
