8.530853e-01	1.170709e-02	3.498649e-05	1.268557e-02	2.007774e-02	4.312775e-03	0.000000e+00	3.950934e-04	0.000000e+00	0.000000e+00	0.000000e+00	2.808110e-02	0.000000e+00	6.825880e-02	9.736241e-03	2.358128e-02	6.855821e-04	0.000000e+00	6.918635e-03	2.737103e-02	1.150989e-02	1.029168e-02	2.903402e-02	3.872795e-03	0.000000e+00	7.112062e-02	2.538563e-03	1.379501e-02	0.000000e+00	1.475321e-01	8.530853e-01	-6.859856e-01
8.530853e-01	1.170709e-02	1.004987e-02	1.268557e-02	1.505831e-02	0.000000e+00	0.000000e+00	3.950934e-04	4.847296e-02	0.000000e+00	2.359500e-02	1.057388e-01	0.000000e+00	0.000000e+00	1.970687e-02	2.358128e-02	6.855821e-04	0.000000e+00	0.000000e+00	2.737103e-02	0.000000e+00	1.029168e-02	2.903402e-02	3.872795e-03	1.675514e-02	0.000000e+00	2.538563e-03	1.379501e-02	1.021395e-02	1.475321e-01	8.530853e-01	-6.807475e-01
8.473646e-01	9.786011e-03	6.997299e-05	8.457045e-03	3.319581e-02	9.940433e-03	5.507365e-02	2.370560e-03	0.000000e+00	0.000000e+00	0.000000e+00	8.998970e-02	0.000000e+00	0.000000e+00	2.434060e-03	1.667790e-02	4.960955e-03	7.103971e-04	4.612423e-03	9.837069e-03	0.000000e+00	1.216331e-02	2.089026e-02	5.809193e-03	1.675514e-02	4.756537e-02	2.821988e-02	1.379501e-02	0.000000e+00	1.456586e-01	8.473646e-01	-6.717301e-01
8.458918e-01	5.943854e-03	3.498649e-05	1.225795e-02	2.007774e-02	4.916535e-03	6.080955e-02	4.862385e-03	6.122901e-02	0.000000e+00	0.000000e+00	7.863706e-02	0.000000e+00	3.412940e-02	9.736241e-03	2.127226e-02	6.855821e-04	0.000000e+00	0.000000e+00	2.352258e-02	2.158104e-02	0.000000e+00	2.418804e-02	2.195264e-04	0.000000e+00	4.548887e-04	7.958252e-02	6.897504e-03	0.000000e+00	8.667633e-02	8.458918e-01	-6.619159e-01
8.416438e-01	4.629575e-02	0.000000e+00	1.099893e-02	1.090883e-02	0.000000e+00	0.000000e+00	0.000000e+00	4.081934e-02	0.000000e+00	1.470170e-02	0.000000e+00	0.000000e+00	0.000000e+00	2.434060e-03	1.667790e-02	1.583030e-03	0.000000e+00	3.265859e-02	1.929864e-02	5.035575e-03	6.081653e-03	4.179270e-02	0.000000e+00	1.675514e-02	0.000000e+00	9.369246e-02	0.000000e+00	0.000000e+00	9.349446e-02	8.416438e-01	-6.519617e-01
8.416438e-01	5.670882e-03	2.016971e-02	8.884664e-03	1.505831e-02	4.916535e-03	3.263796e-02	0.000000e+00	4.337055e-02	0.000000e+00	3.084897e-03	7.307595e-02	0.000000e+00	4.528035e-02	2.434060e-03	7.475973e-03	8.998265e-04	0.000000e+00	0.000000e+00	1.929864e-02	5.035575e-03	4.471839e-04	4.179270e-02	2.195264e-04	6.824664e-03	2.274444e-04	6.547258e-02	0.000000e+00	1.114249e-02	9.349446e-02	8.416438e-01	-6.424304e-01
8.386968e-01	5.670882e-03	0.000000e+00	4.442332e-03	2.052866e-02	1.063267e-02	3.723437e-02	3.950934e-04	2.591375e-02	0.000000e+00	1.470170e-02	3.653797e-02	0.000000e+00	1.706470e-02	5.496834e-03	1.783241e-02	8.355532e-04	0.000000e+00	0.000000e+00	1.879059e-02	1.710289e-02	2.235919e-04	3.134148e-02	2.195264e-04	6.824664e-03	1.234623e-02	2.850502e-02	0.000000e+00	3.714164e-03	6.262695e-02	8.386968e-01	-6.369197e-01
8.386968e-01	5.670882e-03	0.000000e+00	4.442332e-03	2.052866e-02	1.063267e-02	3.723437e-02	3.950934e-04	2.591375e-02	0.000000e+00	1.470170e-02	3.653797e-02	0.000000e+00	1.706470e-02	5.496834e-03	1.783241e-02	8.355532e-04	0.000000e+00	0.000000e+00	1.879059e-02	1.710289e-02	2.235919e-04	3.134148e-02	2.195264e-04	6.824664e-03	1.234623e-02	2.850502e-02	0.000000e+00	3.714164e-03	6.262695e-02	8.386968e-01	-6.369197e-01
8.386968e-01	5.670882e-03	0.000000e+00	4.442332e-03	2.052866e-02	1.063267e-02	3.723437e-02	3.950934e-04	2.591375e-02	0.000000e+00	1.470170e-02	3.653797e-02	0.000000e+00	1.706470e-02	5.496834e-03	1.783241e-02	8.355532e-04	0.000000e+00	0.000000e+00	1.879059e-02	1.710289e-02	2.235919e-04	3.134148e-02	2.195264e-04	6.824664e-03	1.234623e-02	2.850502e-02	0.000000e+00	3.714164e-03	6.262695e-02	8.386968e-01	-6.369197e-01
8.357497e-01	2.835441e-03	5.024935e-03	7.091118e-03	1.066630e-02	0.000000e+00	0.000000e+00	1.975467e-04	4.113559e-02	0.000000e+00	2.359500e-02	0.000000e+00	0.000000e+00	0.000000e+00	0.000000e+00	5.756047e-03	8.462654e-04	0.000000e+00	0.000000e+00	1.955266e-02	1.339863e-03	1.047608e-03	4.652315e-02	0.000000e+00	1.178990e-02	0.000000e+00	8.395636e-02	0.000000e+00	1.485666e-02	5.676464e-02	8.357497e-01	-6.103170e-01
8.357497e-01	2.835441e-03	5.024935e-03	7.091118e-03	1.066630e-02	0.000000e+00	0.000000e+00	1.975467e-04	4.113559e-02	0.000000e+00	2.359500e-02	0.000000e+00	0.000000e+00	0.000000e+00	0.000000e+00	5.756047e-03	8.462654e-04	0.000000e+00	0.000000e+00	1.955266e-02	1.339863e-03	1.047608e-03	4.652315e-02	0.000000e+00	1.178990e-02	0.000000e+00	8.395636e-02	0.000000e+00	1.485666e-02	5.676464e-02	8.357497e-01	-6.103170e-01
8.357497e-01	2.835441e-03	5.024935e-03	7.091118e-03	1.066630e-02	0.000000e+00	0.000000e+00	1.975467e-04	4.113559e-02	0.000000e+00	2.359500e-02	0.000000e+00	0.000000e+00	0.000000e+00	0.000000e+00	5.756047e-03	8.462654e-04	0.000000e+00	0.000000e+00	1.955266e-02	1.339863e-03	1.047608e-03	4.652315e-02	0.000000e+00	1.178990e-02	0.000000e+00	8.395636e-02	0.000000e+00	1.485666e-02	5.676464e-02	8.357497e-01	-6.103170e-01
8.345356e-01	5.670882e-03	1.629514e-02	8.884664e-03	1.340148e-02	4.916535e-03	0.000000e+00	9.877335e-05	2.467345e-02	0.000000e+00	2.649920e-02	7.307595e-02	0.000000e+00	4.528035e-02	1.346265e-04	2.255304e-03	7.444993e-04	0.000000e+00	0.000000e+00	1.929864e-02	1.262474e-02	4.471839e-04	5.777638e-02	2.195264e-04	0.000000e+00	2.274444e-04	8.176944e-02	0.000000e+00	1.114249e-02	3.998166e-02	8.345356e-01	-5.743629e-01
8.316752e-01	0.000000e+00	1.317250e-02	8.884664e-03	1.023985e-02	0.000000e+00	0.000000e+00	0.000000e+00	4.155490e-02	0.000000e+00	3.084897e-03	0.000000e+00	0.000000e+00	0.000000e+00	2.872944e-03	0.000000e+00	8.998265e-04	0.000000e+00	0.000000e+00	2.235922e-02	0.000000e+00	0.000000e+00	5.615540e-02	0.000000e+00	6.824664e-03	0.000000e+00	5.136264e-02	0.000000e+00	4.201348e-02	0.000000e+00	8.316752e-01	-5.650755e-01
8.316752e-01	0.000000e+00	1.317250e-02	8.884664e-03	1.023985e-02	0.000000e+00	0.000000e+00	0.000000e+00	4.155490e-02	0.000000e+00	3.084897e-03	0.000000e+00	0.000000e+00	0.000000e+00	2.872944e-03	0.000000e+00	8.998265e-04	0.000000e+00	0.000000e+00	2.235922e-02	0.000000e+00	0.000000e+00	5.615540e-02	0.000000e+00	6.824664e-03	0.000000e+00	5.136264e-02	0.000000e+00	4.201348e-02	0.000000e+00	8.316752e-01	-5.650755e-01
8.316752e-01	0.000000e+00	1.317250e-02	8.884664e-03	1.023985e-02	0.000000e+00	0.000000e+00	0.000000e+00	4.155490e-02	0.000000e+00	3.084897e-03	0.000000e+00	0.000000e+00	0.000000e+00	2.872944e-03	0.000000e+00	8.998265e-04	0.000000e+00	0.000000e+00	2.235922e-02	0.000000e+00	0.000000e+00	5.615540e-02	0.000000e+00	6.824664e-03	0.000000e+00	5.136264e-02	0.000000e+00	4.201348e-02	0.000000e+00	8.316752e-01	-5.650755e-01
8.316752e-01	0.000000e+00	1.317250e-02	8.884664e-03	1.023985e-02	0.000000e+00	0.000000e+00	0.000000e+00	4.155490e-02	0.000000e+00	3.084897e-03	0.000000e+00	0.000000e+00	0.000000e+00	2.872944e-03	0.000000e+00	8.998265e-04	0.000000e+00	0.000000e+00	2.235922e-02	0.000000e+00	0.000000e+00	5.615540e-02	0.000000e+00	6.824664e-03	0.000000e+00	5.136264e-02	0.000000e+00	4.201348e-02	0.000000e+00	8.316752e-01	-5.650755e-01
8.316752e-01	0.000000e+00	1.317250e-02	8.884664e-03	1.023985e-02	0.000000e+00	0.000000e+00	0.000000e+00	4.155490e-02	0.000000e+00	3.084897e-03	0.000000e+00	0.000000e+00	0.000000e+00	2.872944e-03	0.000000e+00	8.998265e-04	0.000000e+00	0.000000e+00	2.235922e-02	0.000000e+00	0.000000e+00	5.615540e-02	0.000000e+00	6.824664e-03	0.000000e+00	5.136264e-02	0.000000e+00	4.201348e-02	0.000000e+00	8.316752e-01	-5.650755e-01
8.288149e-01	6.151151e-03	3.498649e-05	1.099893e-02	0.000000e+00	4.916535e-03	0.000000e+00	0.000000e+00	4.081934e-02	0.000000e+00	1.338117e-04	2.022754e-02	0.000000e+00	0.000000e+00	3.446433e-04	2.358128e-02	0.000000e+00	0.000000e+00	0.000000e+00	2.245249e-02	0.000000e+00	0.000000e+00	6.682049e-02	1.097632e-04	6.824664e-03	0.000000e+00	1.070438e-01	0.000000e+00	7.428328e-03	0.000000e+00	8.288149e-01	-5.075159e-01
8.288149e-01	6.151151e-03	3.498649e-05	1.099893e-02	0.000000e+00	4.916535e-03	0.000000e+00	0.000000e+00	4.081934e-02	0.000000e+00	1.338117e-04	2.022754e-02	0.000000e+00	0.000000e+00	3.446433e-04	2.358128e-02	0.000000e+00	0.000000e+00	0.000000e+00	2.245249e-02	0.000000e+00	0.000000e+00	6.682049e-02	1.097632e-04	6.824664e-03	0.000000e+00	1.070438e-01	0.000000e+00	7.428328e-03	0.000000e+00	8.288149e-01	-5.075159e-01
8.288149e-01	6.151151e-03	3.498649e-05	1.099893e-02	0.000000e+00	4.916535e-03	0.000000e+00	0.000000e+00	4.081934e-02	0.000000e+00	1.338117e-04	2.022754e-02	0.000000e+00	0.000000e+00	3.446433e-04	2.358128e-02	0.000000e+00	0.000000e+00	0.000000e+00	2.245249e-02	0.000000e+00	0.000000e+00	6.682049e-02	1.097632e-04	6.824664e-03	0.000000e+00	1.070438e-01	0.000000e+00	7.428328e-03	0.000000e+00	8.288149e-01	-5.075159e-01
8.281211e-01	0.000000e+00	0.000000e+00	3.385202e-03	1.425437e-02	1.186181e-02	3.263796e-02	3.104110e-03	2.383482e-02	2.427437e-02	8.987068e-03	0.000000e+00	0.000000e+00	4.528035e-02	9.536997e-03	1.619738e-02	0.000000e+00	0.000000e+00	0.000000e+00	1.368551e-02	3.675938e-02	0.000000e+00	3.482522e-02	1.097632e-04	0.000000e+00	5.945672e-03	5.136264e-02	0.000000e+00	0.000000e+00	1.450177e-01	8.281211e-01	-4.663667e-01
8.281211e-01	0.000000e+00	1.008486e-02	2.829451e-02	1.425437e-02	1.770123e-02	3.263796e-02	3.104110e-03	2.383482e-02	0.000000e+00	8.987068e-03	1.489931e-02	1.357550e-04	5.310618e-02	9.536997e-03	1.364566e-02	0.000000e+00	1.336301e-02	0.000000e+00	1.806900e-02	1.837969e-02	0.000000e+00	3.482522e-02	0.000000e+00	0.000000e+00	5.945672e-03	6.194510e-02	3.841977e-02	0.000000e+00	1.450177e-01	8.281211e-01	-4.510969e-01
8.267623e-01	0.000000e+00	1.008486e-02	2.829451e-02	2.007774e-02	3.743120e-02	1.912984e-02	4.938668e-05	8.704114e-03	0.000000e+00	3.272436e-03	0.000000e+00	2.072821e-02	5.743774e-03	8.001372e-03	0.000000e+00	2.457864e-04	0.000000e+00	1.004299e-02	0.000000e+00	3.675938e-02	0.000000e+00	3.364864e-02	0.000000e+00	2.852475e-02	5.945672e-03	5.785689e-03	2.615361e-02	1.177671e-02	8.830851e-02	8.267623e-01	-4.544326e-01
8.267623e-01	0.000000e+00	1.008486e-02	2.829451e-02	2.007774e-02	3.743120e-02	1.912984e-02	4.938668e-05	8.704114e-03	0.000000e+00	3.272436e-03	0.000000e+00	2.072821e-02	5.743774e-03	8.001372e-03	0.000000e+00	2.457864e-04	0.000000e+00	1.004299e-02	0.000000e+00	3.675938e-02	0.000000e+00	3.364864e-02	0.000000e+00	2.852475e-02	5.945672e-03	5.785689e-03	2.615361e-02	1.177671e-02	8.830851e-02	8.267623e-01	-4.544326e-01
8.267623e-01	0.000000e+00	1.008486e-02	2.829451e-02	2.007774e-02	3.743120e-02	1.912984e-02	4.938668e-05	8.704114e-03	0.000000e+00	3.272436e-03	0.000000e+00	2.072821e-02	5.743774e-03	8.001372e-03	0.000000e+00	2.457864e-04	0.000000e+00	1.004299e-02	0.000000e+00	3.675938e-02	0.000000e+00	3.364864e-02	0.000000e+00	2.852475e-02	5.945672e-03	5.785689e-03	2.615361e-02	1.177671e-02	8.830851e-02	8.267623e-01	-4.544326e-01
6.496128e-01	7.766456e-04	0.000000e+00	0.000000e+00	1.425437e-02	1.186181e-02	0.000000e+00	0.000000e+00	4.407576e-02	0.000000e+00	8.987068e-03	0.000000e+00	8.145300e-04	7.658366e-03	9.536997e-03	4.289087e-03	0.000000e+00	0.000000e+00	6.966226e-03	0.000000e+00	2.904154e-02	0.000000e+00	3.772141e-02	1.097632e-04	0.000000e+00	0.000000e+00	5.785689e-03	0.000000e+00	0.000000e+00	8.830851e-02	6.496128e-01	-4.048103e-01
6.496128e-01	7.766456e-04	0.000000e+00	0.000000e+00	1.425437e-02	1.186181e-02	0.000000e+00	0.000000e+00	4.407576e-02	0.000000e+00	8.987068e-03	0.000000e+00	8.145300e-04	7.658366e-03	9.536997e-03	4.289087e-03	0.000000e+00	0.000000e+00	6.966226e-03	0.000000e+00	2.904154e-02	0.000000e+00	3.772141e-02	1.097632e-04	0.000000e+00	0.000000e+00	5.785689e-03	0.000000e+00	0.000000e+00	8.830851e-02	6.496128e-01	-4.048103e-01
6.496128e-01	7.766456e-04	0.000000e+00	0.000000e+00	1.425437e-02	1.186181e-02	0.000000e+00	0.000000e+00	4.407576e-02	0.000000e+00	8.987068e-03	0.000000e+00	8.145300e-04	7.658366e-03	9.536997e-03	4.289087e-03	0.000000e+00	0.000000e+00	6.966226e-03	0.000000e+00	2.904154e-02	0.000000e+00	3.772141e-02	1.097632e-04	0.000000e+00	0.000000e+00	5.785689e-03	0.000000e+00	0.000000e+00	8.830851e-02	6.496128e-01	-4.048103e-01
6.496128e-01	7.766456e-04	0.000000e+00	0.000000e+00	1.425437e-02	1.186181e-02	0.000000e+00	0.000000e+00	4.407576e-02	0.000000e+00	8.987068e-03	0.000000e+00	8.145300e-04	7.658366e-03	9.536997e-03	4.289087e-03	0.000000e+00	0.000000e+00	6.966226e-03	0.000000e+00	2.904154e-02	0.000000e+00	3.772141e-02	1.097632e-04	0.000000e+00	0.000000e+00	5.785689e-03	0.000000e+00	0.000000e+00	8.830851e-02	6.496128e-01	-4.048103e-01
6.496128e-01	7.766456e-04	0.000000e+00	0.000000e+00	1.425437e-02	1.469710e-02	1.912984e-02	0.000000e+00	1.841473e-02	0.000000e+00	2.370788e-03	1.505093e-02	8.145300e-04	0.000000e+00	9.536997e-03	0.000000e+00	0.000000e+00	0.000000e+00	6.966226e-03	2.486923e-02	2.904154e-02	0.000000e+00	3.808344e-02	1.353146e-02	8.168733e-03	0.000000e+00	0.000000e+00	0.000000e+00	0.000000e+00	5.995394e-02	6.496128e-01	-4.037691e-01
6.496128e-01	7.766456e-04	0.000000e+00	0.000000e+00	1.425437e-02	1.469710e-02	1.912984e-02	0.000000e+00	1.841473e-02	0.000000e+00	2.370788e-03	1.505093e-02	8.145300e-04	0.000000e+00	9.536997e-03	0.000000e+00	0.000000e+00	0.000000e+00	6.966226e-03	2.486923e-02	2.904154e-02	0.000000e+00	3.808344e-02	1.353146e-02	8.168733e-03	0.000000e+00	0.000000e+00	0.000000e+00	0.000000e+00	5.995394e-02	6.496128e-01	-4.037691e-01
6.449026e-01	0.000000e+00	0.000000e+00	0.000000e+00	0.000000e+00	5.091670e-03	1.912984e-02	0.000000e+00	8.294258e-03	0.000000e+00	3.272436e-03	0.000000e+00	8.145300e-04	5.743774e-03	1.293149e-02	1.871451e-02	0.000000e+00	2.138081e-02	1.004299e-02	0.000000e+00	3.675938e-02	1.959470e-02	3.663534e-02	1.347658e-02	8.168733e-03	0.000000e+00	5.785689e-03	0.000000e+00	1.177671e-02	8.830851e-02	6.449026e-01	-3.781969e-01
6.433325e-01	1.553291e-03	1.008486e-02	0.000000e+00	1.551268e-02	3.010623e-03	0.000000e+00	0.000000e+00	4.407576e-02	0.000000e+00	3.272436e-03	7.525466e-03	8.145300e-04	7.658366e-03	0.000000e+00	2.680404e-02	0.000000e+00	2.405342e-02	1.004299e-02	0.000000e+00	3.675938e-02	8.021118e-04	3.772141e-02	0.000000e+00	0.000000e+00	0.000000e+00	7.232112e-03	0.000000e+00	0.000000e+00	1.011105e-01	6.433325e-01	-3.674667e-01
6.433325e-01	1.553291e-03	1.008486e-02	0.000000e+00	1.551268e-02	3.010623e-03	0.000000e+00	0.000000e+00	4.407576e-02	0.000000e+00	3.272436e-03	7.525466e-03	8.145300e-04	7.658366e-03	0.000000e+00	2.680404e-02	0.000000e+00	2.405342e-02	1.004299e-02	0.000000e+00	3.675938e-02	8.021118e-04	3.772141e-02	0.000000e+00	0.000000e+00	0.000000e+00	7.232112e-03	0.000000e+00	0.000000e+00	1.011105e-01	6.433325e-01	-3.674667e-01
6.386223e-01	0.000000e+00	0.000000e+00	0.000000e+00	1.972473e-02	1.757795e-02	1.912984e-02	0.000000e+00	8.294258e-03	0.000000e+00	6.544872e-03	0.000000e+00	0.000000e+00	0.000000e+00	1.155749e-02	0.000000e+00	2.929202e-03	2.138081e-02	9.203874e-03	0.000000e+00	3.675938e-02	0.000000e+00	3.482522e-02	7.804452e-03	1.306997e-02	0.000000e+00	5.785689e-03	0.000000e+00	1.153058e-02	8.830851e-02	6.386223e-01	-3.378990e-01
6.386223e-01	3.106582e-03	0.000000e+00	0.000000e+00	0.000000e+00	3.010623e-03	1.912984e-02	0.000000e+00	3.214859e-02	0.000000e+00	1.636218e-03	1.505093e-02	8.145300e-04	7.658366e-03	0.000000e+00	2.378268e-02	0.000000e+00	2.138081e-02	6.966226e-03	0.000000e+00	3.675938e-02	1.959470e-02	3.772141e-02	1.524649e-02	5.718113e-03	0.000000e+00	5.785689e-03	0.000000e+00	1.054607e-02	8.830851e-02	6.386223e-01	-3.302182e-01
6.354822e-01	4.854035e-03	1.008486e-02	0.000000e+00	0.000000e+00	3.010623e-03	1.912984e-02	0.000000e+00	2.019629e-02	3.058646e-04	3.272436e-03	3.700409e-02	0.000000e+00	7.658366e-03	0.000000e+00	2.680404e-02	1.464601e-03	1.438599e-02	0.000000e+00	0.000000e+00	0.000000e+00	3.108228e-02	3.916951e-02	4.295777e-03	6.534986e-03	0.000000e+00	3.139706e-02	0.000000e+00	1.177671e-02	3.069955e-02	6.354822e-01	-3.102752e-01
6.354822e-01	4.854035e-03	1.008486e-02	0.000000e+00	0.000000e+00	3.010623e-03	1.505009e-02	0.000000e+00	9.245244e-03	0.000000e+00	3.272436e-03	3.700409e-02	0.000000e+00	5.743774e-03	1.430550e-02	2.680404e-02	1.464601e-03	1.438599e-02	0.000000e+00	0.000000e+00	5.513906e-02	1.465302e-02	3.735939e-02	4.295777e-03	6.330768e-03	0.000000e+00	3.139706e-02	0.000000e+00	1.177671e-02	3.069955e-02	6.354822e-01	-3.037829e-01
6.354822e-01	4.756954e-03	1.008486e-02	0.000000e+00	0.000000e+00	3.010623e-03	1.301022e-02	0.000000e+00	9.245244e-03	0.000000e+00	3.272436e-03	3.700409e-02	6.108975e-04	6.701070e-03	1.430550e-02	2.656040e-02	7.323004e-04	7.553931e-02	0.000000e+00	0.000000e+00	5.513906e-02	1.465302e-02	3.898850e-02	5.959510e-03	6.330768e-03	0.000000e+00	3.139706e-02	0.000000e+00	1.177671e-02	7.230602e-02	6.354822e-01	-2.835609e-01
6.354822e-01	4.756954e-03	1.008486e-02	0.000000e+00	0.000000e+00	3.010623e-03	1.301022e-02	0.000000e+00	9.245244e-03	0.000000e+00	3.272436e-03	3.700409e-02	6.108975e-04	6.701070e-03	1.430550e-02	2.656040e-02	7.323004e-04	7.553931e-02	0.000000e+00	0.000000e+00	5.513906e-02	1.465302e-02	3.898850e-02	5.959510e-03	6.330768e-03	0.000000e+00	3.139706e-02	0.000000e+00	1.177671e-02	7.230602e-02	6.354822e-01	-2.835609e-01
6.354822e-01	4.756954e-03	1.008486e-02	0.000000e+00	0.000000e+00	3.010623e-03	1.301022e-02	0.000000e+00	9.245244e-03	0.000000e+00	3.272436e-03	3.700409e-02	6.108975e-04	6.701070e-03	1.430550e-02	2.656040e-02	7.323004e-04	7.553931e-02	0.000000e+00	0.000000e+00	5.513906e-02	1.465302e-02	3.898850e-02	5.959510e-03	6.330768e-03	0.000000e+00	3.139706e-02	0.000000e+00	1.177671e-02	7.230602e-02	6.354822e-01	-2.835609e-01
6.354822e-01	4.756954e-03	1.008486e-02	0.000000e+00	0.000000e+00	3.010623e-03	1.301022e-02	0.000000e+00	9.245244e-03	0.000000e+00	3.272436e-03	3.700409e-02	6.108975e-04	6.701070e-03	1.430550e-02	2.656040e-02	7.323004e-04	7.553931e-02	0.000000e+00	0.000000e+00	5.513906e-02	1.465302e-02	3.898850e-02	5.959510e-03	6.330768e-03	0.000000e+00	3.139706e-02	0.000000e+00	1.177671e-02	7.230602e-02	6.354822e-01	-2.835609e-01
6.354822e-01	4.756954e-03	1.008486e-02	0.000000e+00	0.000000e+00	3.010623e-03	1.301022e-02	0.000000e+00	9.245244e-03	0.000000e+00	3.272436e-03	3.700409e-02	6.108975e-04	6.701070e-03	1.430550e-02	2.656040e-02	7.323004e-04	7.553931e-02	0.000000e+00	0.000000e+00	5.513906e-02	1.465302e-02	3.898850e-02	5.959510e-03	6.330768e-03	0.000000e+00	3.139706e-02	0.000000e+00	1.177671e-02	7.230602e-02	6.354822e-01	-2.835609e-01
6.260618e-01	3.106582e-03	0.000000e+00	0.000000e+00	0.000000e+00	1.011943e-03	5.587292e-02	0.000000e+00	2.209826e-02	0.000000e+00	0.000000e+00	3.010186e-02	2.036325e-04	0.000000e+00	2.748008e-03	2.885085e-02	0.000000e+00	1.037709e-02	0.000000e+00	0.000000e+00	0.000000e+00	8.963822e-02	4.061761e-02	0.000000e+00	0.000000e+00	0.000000e+00	0.000000e+00	0.000000e+00	3.377657e-03	3.710054e-02	6.260618e-01	-1.865130e-01
6.260618e-01	3.931768e-03	0.000000e+00	0.000000e+00	0.000000e+00	1.011943e-03	2.653948e-02	0.000000e+00	2.209826e-02	0.000000e+00	6.805104e-02	8.148701e-03	7.062739e-03	5.983098e-03	2.748008e-03	1.418179e-02	0.000000e+00	1.037709e-02	0.000000e+00	0.000000e+00	0.000000e+00	8.877161e-02	4.061761e-02	0.000000e+00	3.165384e-03	0.000000e+00	8.678534e-03	0.000000e+00	3.377657e-03	1.139125e-01	6.260618e-01	-1.664063e-01
6.260618e-01	3.931768e-03	0.000000e+00	0.000000e+00	0.000000e+00	1.011943e-03	2.653948e-02	0.000000e+00	2.209826e-02	0.000000e+00	6.805104e-02	8.148701e-03	7.062739e-03	5.983098e-03	2.748008e-03	1.418179e-02	0.000000e+00	1.037709e-02	0.000000e+00	0.000000e+00	0.000000e+00	8.877161e-02	4.061761e-02	0.000000e+00	3.165384e-03	0.000000e+00	8.678534e-03	0.000000e+00	3.377657e-03	1.139125e-01	6.260618e-01	-1.664063e-01
6.260618e-01	3.931768e-03	0.000000e+00	0.000000e+00	0.000000e+00	1.011943e-03	2.653948e-02	0.000000e+00	2.209826e-02	0.000000e+00	6.805104e-02	8.148701e-03	7.062739e-03	5.983098e-03	2.748008e-03	1.418179e-02	0.000000e+00	1.037709e-02	0.000000e+00	0.000000e+00	0.000000e+00	8.877161e-02	4.061761e-02	0.000000e+00	3.165384e-03	0.000000e+00	8.678534e-03	0.000000e+00	3.377657e-03	1.139125e-01	6.260618e-01	-1.664063e-01
6.260618e-01	3.931768e-03	0.000000e+00	0.000000e+00	0.000000e+00	1.011943e-03	2.653948e-02	0.000000e+00	2.209826e-02	0.000000e+00	6.805104e-02	8.148701e-03	7.062739e-03	5.983098e-03	2.748008e-03	1.418179e-02	0.000000e+00	1.037709e-02	0.000000e+00	0.000000e+00	0.000000e+00	8.877161e-02	4.061761e-02	0.000000e+00	3.165384e-03	0.000000e+00	8.678534e-03	0.000000e+00	3.377657e-03	1.139125e-01	6.260618e-01	-1.664063e-01
4.521612e-01	2.693989e-03	0.000000e+00	0.000000e+00	0.000000e+00	1.011943e-03	7.528674e-02	0.000000e+00	2.209826e-02	3.058646e-04	0.000000e+00	0.000000e+00	0.000000e+00	0.000000e+00	0.000000e+00	0.000000e+00	0.000000e+00	1.037709e-02	0.000000e+00	0.000000e+00	0.000000e+00	1.638625e-02	4.061761e-02	5.903258e-04	0.000000e+00	0.000000e+00	0.000000e+00	0.000000e+00	3.377657e-03	0.000000e+00	4.521612e-01	-8.772738e-02
4.521612e-01	2.693989e-03	0.000000e+00	0.000000e+00	0.000000e+00	1.011943e-03	7.528674e-02	0.000000e+00	2.209826e-02	3.058646e-04	0.000000e+00	0.000000e+00	0.000000e+00	0.000000e+00	0.000000e+00	0.000000e+00	0.000000e+00	1.037709e-02	0.000000e+00	0.000000e+00	0.000000e+00	1.638625e-02	4.061761e-02	5.903258e-04	0.000000e+00	0.000000e+00	0.000000e+00	0.000000e+00	3.377657e-03	0.000000e+00	4.521612e-01	-8.772738e-02
4.521612e-01	2.693989e-03	0.000000e+00	0.000000e+00	0.000000e+00	1.011943e-03	7.528674e-02	0.000000e+00	2.209826e-02	3.058646e-04	0.000000e+00	0.000000e+00	0.000000e+00	0.000000e+00	0.000000e+00	0.000000e+00	0.000000e+00	1.037709e-02	0.000000e+00	0.000000e+00	0.000000e+00	1.638625e-02	4.061761e-02	5.903258e-04	0.000000e+00	0.000000e+00	0.000000e+00	0.000000e+00	3.377657e-03	0.000000e+00	4.521612e-01	-8.772738e-02
4.521612e-01	2.693989e-03	0.000000e+00	0.000000e+00	0.000000e+00	1.011943e-03	7.528674e-02	0.000000e+00	2.209826e-02	3.058646e-04	0.000000e+00	0.000000e+00	0.000000e+00	0.000000e+00	0.000000e+00	0.000000e+00	0.000000e+00	1.037709e-02	0.000000e+00	0.000000e+00	0.000000e+00	1.638625e-02	4.061761e-02	5.903258e-04	0.000000e+00	0.000000e+00	0.000000e+00	0.000000e+00	3.377657e-03	0.000000e+00	4.521612e-01	-8.772738e-02
4.521612e-01	2.693989e-03	0.000000e+00	0.000000e+00	0.000000e+00	1.011943e-03	7.528674e-02	0.000000e+00	2.209826e-02	3.058646e-04	0.000000e+00	0.000000e+00	0.000000e+00	0.000000e+00	0.000000e+00	0.000000e+00	0.000000e+00	1.037709e-02	0.000000e+00	0.000000e+00	0.000000e+00	1.638625e-02	4.061761e-02	5.903258e-04	0.000000e+00	0.000000e+00	0.000000e+00	0.000000e+00	3.377657e-03	0.000000e+00	4.521612e-01	-8.772738e-02
4.521612e-01	2.693989e-03	0.000000e+00	0.000000e+00	0.000000e+00	1.011943e-03	7.528674e-02	0.000000e+00	2.209826e-02	3.058646e-04	0.000000e+00	0.000000e+00	0.000000e+00	0.000000e+00	0.000000e+00	0.000000e+00	0.000000e+00	1.037709e-02	0.000000e+00	0.000000e+00	0.000000e+00	1.638625e-02	4.061761e-02	5.903258e-04	0.000000e+00	0.000000e+00	0.000000e+00	0.000000e+00	3.377657e-03	0.000000e+00	4.521612e-01	-8.772738e-02
4.521612e-01	2.693989e-03	0.000000e+00	0.000000e+00	0.000000e+00	1.011943e-03	7.528674e-02	0.000000e+00	2.209826e-02	3.058646e-04	0.000000e+00	0.000000e+00	0.000000e+00	0.000000e+00	0.000000e+00	0.000000e+00	0.000000e+00	1.037709e-02	0.000000e+00	0.000000e+00	0.000000e+00	1.638625e-02	4.061761e-02	5.903258e-04	0.000000e+00	0.000000e+00	0.000000e+00	0.000000e+00	3.377657e-03	0.000000e+00	4.521612e-01	-8.772738e-02
4.521612e-01	2.693989e-03	0.000000e+00	0.000000e+00	0.000000e+00	1.011943e-03	7.528674e-02	0.000000e+00	2.209826e-02	3.058646e-04	0.000000e+00	0.000000e+00	0.000000e+00	0.000000e+00	0.000000e+00	0.000000e+00	0.000000e+00	1.037709e-02	0.000000e+00	0.000000e+00	0.000000e+00	1.638625e-02	4.061761e-02	5.903258e-04	0.000000e+00	0.000000e+00	0.000000e+00	0.000000e+00	3.377657e-03	0.000000e+00	4.521612e-01	-8.772738e-02
4.521612e-01	2.693989e-03	0.000000e+00	0.000000e+00	0.000000e+00	1.011943e-03	7.528674e-02	0.000000e+00	2.209826e-02	3.058646e-04	0.000000e+00	0.000000e+00	0.000000e+00	0.000000e+00	0.000000e+00	0.000000e+00	0.000000e+00	1.037709e-02	0.000000e+00	0.000000e+00	0.000000e+00	1.638625e-02	4.061761e-02	5.903258e-04	0.000000e+00	0.000000e+00	0.000000e+00	0.000000e+00	3.377657e-03	0.000000e+00	4.521612e-01	-8.772738e-02
4.432181e-01	3.106582e-03	0.000000e+00	0.000000e+00	0.000000e+00	1.011943e-03	5.162046e-02	0.000000e+00	2.209826e-02	3.058646e-04	0.000000e+00	1.940083e-02	8.663436e-04	1.484047e-02	0.000000e+00	0.000000e+00	0.000000e+00	1.037709e-02	0.000000e+00	0.000000e+00	0.000000e+00	1.638625e-02	4.061761e-02	4.407444e-03	0.000000e+00	0.000000e+00	0.000000e+00	0.000000e+00	3.377657e-03	1.079983e-02	4.432181e-01	-5.738802e-02
4.380607e-01	3.106582e-03	0.000000e+00	0.000000e+00	0.000000e+00	1.011943e-03	3.764337e-02	0.000000e+00	1.604308e-02	3.058646e-04	0.000000e+00	0.000000e+00	5.775624e-04	0.000000e+00	0.000000e+00	3.444646e-03	0.000000e+00	1.037709e-02	0.000000e+00	0.000000e+00	0.000000e+00	1.638625e-02	4.061761e-02	3.032259e-03	0.000000e+00	0.000000e+00	0.000000e+00	0.000000e+00	2.425957e-03	2.145657e-02	4.380607e-01	-3.679532e-02
4.361678e-01	2.671651e-02	0.000000e+00	0.000000e+00	0.000000e+00	1.011943e-03	3.279878e-02	0.000000e+00	2.209826e-02	3.058646e-04	0.000000e+00	0.000000e+00	0.000000e+00	1.484047e-02	0.000000e+00	0.000000e+00	0.000000e+00	1.037709e-02	8.239699e-03	0.000000e+00	0.000000e+00	8.193127e-03	4.061761e-02	5.726798e-03	0.000000e+00	1.183892e-02	0.000000e+00	0.000000e+00	3.377657e-03	2.977839e-03	4.361678e-01	-1.647228e-02
4.361678e-01	2.671651e-02	0.000000e+00	0.000000e+00	0.000000e+00	1.011943e-03	3.279878e-02	0.000000e+00	2.209826e-02	3.058646e-04	0.000000e+00	0.000000e+00	0.000000e+00	1.484047e-02	0.000000e+00	0.000000e+00	0.000000e+00	1.037709e-02	8.239699e-03	0.000000e+00	0.000000e+00	8.193127e-03	4.061761e-02	5.726798e-03	0.000000e+00	1.183892e-02	0.000000e+00	0.000000e+00	3.377657e-03	2.977839e-03	4.361678e-01	-1.647228e-02
4.334728e-01	9.872112e-04	1.113069e-02	0.000000e+00	0.000000e+00	1.090607e-01	5.590837e-02	0.000000e+00	2.209826e-02	1.529323e-04	0.000000e+00	0.000000e+00	0.000000e+00	0.000000e+00	1.790041e-02	1.559267e-02	4.777156e-03	1.037709e-02	0.000000e+00	3.849695e-02	3.320554e-03	8.193127e-03	2.601615e-02	3.939352e-04	0.000000e+00	0.000000e+00	0.000000e+00	0.000000e+00	1.259724e-03	1.855027e-02	4.334728e-01	3.782024e-02
4.325264e-01	2.565682e-02	4.768267e-02	1.823803e-02	0.000000e+00	1.517915e-03	3.469263e-02	9.044080e-03	2.209826e-02	4.205638e-04	0.000000e+00	0.000000e+00	1.155125e-03	3.979945e-02	5.356042e-02	6.889291e-03	0.000000e+00	5.791579e-03	0.000000e+00	0.000000e+00	2.265587e-03	4.096564e-03	4.735253e-02	0.000000e+00	0.000000e+00	0.000000e+00	0.000000e+00	5.275343e-02	3.156614e-03	8.064099e-03	4.325264e-01	5.449368e-02
4.264226e-01	3.479719e-02	1.113069e-02	0.000000e+00	0.000000e+00	1.011943e-03	3.708668e-02	1.507347e-02	1.604308e-02	3.058646e-04	0.000000e+00	0.000000e+00	1.329726e-03	1.888787e-02	0.000000e+00	8.611614e-03	0.000000e+00	6.030334e-04	1.022362e-02	0.000000e+00	2.265587e-03	0.000000e+00	4.735253e-02	0.000000e+00	0.000000e+00	0.000000e+00	0.000000e+00	7.644931e-03	2.613707e-03	7.821988e-03	4.264226e-01	7.923974e-02
4.239602e-01	2.565682e-02	0.000000e+00	1.823803e-02	0.000000e+00	0.000000e+00	2.313783e-02	1.205877e-02	2.209826e-02	7.646614e-05	0.000000e+00	9.700413e-03	1.155125e-03	3.979945e-02	0.000000e+00	6.889291e-03	0.000000e+00	5.791579e-03	0.000000e+00	0.000000e+00	0.000000e+00	0.000000e+00	4.061761e-02	0.000000e+00	0.000000e+00	0.000000e+00	0.000000e+00	5.275343e-02	2.291842e-03	2.493617e-03	4.239602e-01	1.145612e-01
4.239602e-01	2.565682e-02	4.768267e-02	0.000000e+00	0.000000e+00	5.402440e-02	1.708263e-02	1.205877e-02	2.209826e-02	1.529323e-04	0.000000e+00	9.700413e-03	0.000000e+00	0.000000e+00	8.950204e-03	6.889291e-03	2.388578e-03	0.000000e+00	0.000000e+00	0.000000e+00	5.642698e-03	0.000000e+00	4.698802e-02	2.287056e-04	0.000000e+00	0.000000e+00	4.317079e-02	0.000000e+00	1.474258e-03	5.812592e-03	4.239602e-01	1.246486e-01
4.239602e-01	2.565682e-02	4.768267e-02	0.000000e+00	0.000000e+00	5.402440e-02	1.708263e-02	1.205877e-02	2.209826e-02	1.529323e-04	0.000000e+00	9.700413e-03	0.000000e+00	0.000000e+00	8.950204e-03	6.889291e-03	2.388578e-03	0.000000e+00	0.000000e+00	0.000000e+00	5.642698e-03	0.000000e+00	4.698802e-02	2.287056e-04	0.000000e+00	0.000000e+00	4.317079e-02	0.000000e+00	1.474258e-03	5.812592e-03	4.239602e-01	1.246486e-01
4.239602e-01	2.565682e-02	4.768267e-02	0.000000e+00	0.000000e+00	5.402440e-02	1.708263e-02	1.205877e-02	2.209826e-02	1.529323e-04	0.000000e+00	9.700413e-03	0.000000e+00	0.000000e+00	8.950204e-03	6.889291e-03	2.388578e-03	0.000000e+00	0.000000e+00	0.000000e+00	5.642698e-03	0.000000e+00	4.698802e-02	2.287056e-04	0.000000e+00	0.000000e+00	4.317079e-02	0.000000e+00	1.474258e-03	5.812592e-03	4.239602e-01	1.246486e-01
2.686507e-01	1.925256e-02	9.236474e-03	0.000000e+00	0.000000e+00	9.928249e-03	0.000000e+00	3.768367e-03	9.051546e-04	2.293984e-04	0.000000e+00	0.000000e+00	0.000000e+00	0.000000e+00	0.000000e+00	6.889291e-03	0.000000e+00	0.000000e+00	1.371462e-02	0.000000e+00	6.230364e-03	0.000000e+00	5.408745e-02	2.287056e-04	0.000000e+00	0.000000e+00	0.000000e+00	0.000000e+00	0.000000e+00	1.086866e-03	2.686507e-01	2.868095e-01
2.686507e-01	1.925256e-02	9.236474e-03	0.000000e+00	0.000000e+00	9.928249e-03	0.000000e+00	3.768367e-03	9.051546e-04	2.293984e-04	0.000000e+00	0.000000e+00	0.000000e+00	0.000000e+00	0.000000e+00	6.889291e-03	0.000000e+00	0.000000e+00	1.371462e-02	0.000000e+00	6.230364e-03	0.000000e+00	5.408745e-02	2.287056e-04	0.000000e+00	0.000000e+00	0.000000e+00	0.000000e+00	0.000000e+00	1.086866e-03	2.686507e-01	2.868095e-01
2.686507e-01	1.925256e-02	9.236474e-03	0.000000e+00	0.000000e+00	9.928249e-03	0.000000e+00	3.768367e-03	9.051546e-04	2.293984e-04	0.000000e+00	0.000000e+00	0.000000e+00	0.000000e+00	0.000000e+00	6.889291e-03	0.000000e+00	0.000000e+00	1.371462e-02	0.000000e+00	6.230364e-03	0.000000e+00	5.408745e-02	2.287056e-04	0.000000e+00	0.000000e+00	0.000000e+00	0.000000e+00	0.000000e+00	1.086866e-03	2.686507e-01	2.868095e-01
2.686507e-01	1.925256e-02	9.236474e-03	0.000000e+00	0.000000e+00	9.928249e-03	0.000000e+00	3.768367e-03	9.051546e-04	2.293984e-04	0.000000e+00	0.000000e+00	0.000000e+00	0.000000e+00	0.000000e+00	6.889291e-03	0.000000e+00	0.000000e+00	1.371462e-02	0.000000e+00	6.230364e-03	0.000000e+00	5.408745e-02	2.287056e-04	0.000000e+00	0.000000e+00	0.000000e+00	0.000000e+00	0.000000e+00	1.086866e-03	2.686507e-01	2.868095e-01
2.686507e-01	1.925256e-02	9.236474e-03	0.000000e+00	0.000000e+00	9.928249e-03	0.000000e+00	3.768367e-03	9.051546e-04	2.293984e-04	0.000000e+00	0.000000e+00	0.000000e+00	0.000000e+00	0.000000e+00	6.889291e-03	0.000000e+00	0.000000e+00	1.371462e-02	0.000000e+00	6.230364e-03	0.000000e+00	5.408745e-02	2.287056e-04	0.000000e+00	0.000000e+00	0.000000e+00	0.000000e+00	0.000000e+00	1.086866e-03	2.686507e-01	2.868095e-01
2.686507e-01	1.925256e-02	9.236474e-03	0.000000e+00	0.000000e+00	9.928249e-03	0.000000e+00	3.768367e-03	9.051546e-04	2.293984e-04	0.000000e+00	0.000000e+00	0.000000e+00	0.000000e+00	0.000000e+00	6.889291e-03	0.000000e+00	0.000000e+00	1.371462e-02	0.000000e+00	6.230364e-03	0.000000e+00	5.408745e-02	2.287056e-04	0.000000e+00	0.000000e+00	0.000000e+00	0.000000e+00	0.000000e+00	1.086866e-03	2.686507e-01	2.868095e-01
2.686507e-01	1.925256e-02	9.236474e-03	0.000000e+00	0.000000e+00	9.928249e-03	0.000000e+00	3.768367e-03	9.051546e-04	2.293984e-04	0.000000e+00	0.000000e+00	0.000000e+00	0.000000e+00	0.000000e+00	6.889291e-03	0.000000e+00	0.000000e+00	1.371462e-02	0.000000e+00	6.230364e-03	0.000000e+00	5.408745e-02	2.287056e-04	0.000000e+00	0.000000e+00	0.000000e+00	0.000000e+00	0.000000e+00	1.086866e-03	2.686507e-01	2.868095e-01
2.686507e-01	1.925256e-02	9.236474e-03	0.000000e+00	0.000000e+00	9.928249e-03	0.000000e+00	3.768367e-03	9.051546e-04	2.293984e-04	0.000000e+00	0.000000e+00	0.000000e+00	0.000000e+00	0.000000e+00	6.889291e-03	0.000000e+00	0.000000e+00	1.371462e-02	0.000000e+00	6.230364e-03	0.000000e+00	5.408745e-02	2.287056e-04	0.000000e+00	0.000000e+00	0.000000e+00	0.000000e+00	0.000000e+00	1.086866e-03	2.686507e-01	2.868095e-01
2.686507e-01	1.925256e-02	9.236474e-03	0.000000e+00	0.000000e+00	9.928249e-03	0.000000e+00	3.768367e-03	9.051546e-04	2.293984e-04	0.000000e+00	0.000000e+00	0.000000e+00	0.000000e+00	0.000000e+00	6.889291e-03	0.000000e+00	0.000000e+00	1.371462e-02	0.000000e+00	6.230364e-03	0.000000e+00	5.408745e-02	2.287056e-04	0.000000e+00	0.000000e+00	0.000000e+00	0.000000e+00	0.000000e+00	1.086866e-03	2.686507e-01	2.868095e-01
2.511119e-01	2.565682e-02	8.348015e-03	0.000000e+00	0.000000e+00	1.069603e-02	1.708263e-02	6.029386e-03	4.848106e-03	1.529323e-04	0.000000e+00	0.000000e+00	0.000000e+00	0.000000e+00	1.355961e-02	1.124098e-02	0.000000e+00	0.000000e+00	0.000000e+00	0.000000e+00	5.642698e-03	1.638625e-02	4.698802e-02	2.287056e-04	0.000000e+00	0.000000e+00	4.317079e-02	0.000000e+00	1.474258e-03	5.812592e-03	2.511119e-01	2.987514e-01
2.480601e-01	1.925256e-02	0.000000e+00	0.000000e+00	0.000000e+00	1.044305e-02	0.000000e+00	9.044080e-03	1.820520e-03	9.558267e-05	1.074053e-02	0.000000e+00	8.730058e-05	0.000000e+00	0.000000e+00	6.889291e-03	0.000000e+00	0.000000e+00	5.111808e-03	1.068652e-02	5.642698e-03	0.000000e+00	4.698802e-02	1.994261e-02	2.793298e-04	0.000000e+00	4.317079e-02	0.000000e+00	0.000000e+00	5.812592e-03	2.480601e-01	3.002493e-01
2.407593e-01	2.779158e-02	0.000000e+00	2.414682e-03	1.935921e-03	1.149287e-02	8.888153e-03	7.536733e-03	7.406305e-03	0.000000e+00	0.000000e+00	0.000000e+00	0.000000e+00	5.396535e-03	1.001748e-02	5.812839e-03	0.000000e+00	0.000000e+00	1.024025e-02	4.357739e-02	3.020782e-03	2.059893e-02	1.971582e-02	0.000000e+00	2.094974e-03	0.000000e+00	0.000000e+00	7.774064e-02	1.684908e-02	0.000000e+00	2.407593e-01	3.452648e-01
2.325177e-01	2.565682e-02	1.341048e-02	0.000000e+00	1.935921e-03	1.069603e-02	1.160651e-02	3.014693e-03	1.198550e-02	1.529323e-04	0.000000e+00	0.000000e+00	0.000000e+00	0.000000e+00	8.681599e-03	1.124098e-02	0.000000e+00	0.000000e+00	0.000000e+00	8.312954e-04	1.543387e-02	1.638625e-02	3.796707e-02	3.304593e-04	0.000000e+00	0.000000e+00	4.317079e-02	0.000000e+00	1.058985e-03	0.000000e+00	2.325177e-01	3.700317e-01
2.280373e-01	2.565682e-02	1.341048e-02	0.000000e+00	1.935921e-03	1.069603e-02	1.160651e-02	3.014693e-03	8.791347e-03	7.646614e-05	0.000000e+00	9.658566e-04	0.000000e+00	0.000000e+00	8.681599e-03	1.066687e-02	3.821725e-04	0.000000e+00	8.424618e-02	1.214129e-02	0.000000e+00	2.746524e-02	3.796707e-02	3.304593e-04	0.000000e+00	0.000000e+00	4.317079e-02	0.000000e+00	1.058985e-03	0.000000e+00	2.280373e-01	4.185020e-01
2.160345e-01	3.419584e-02	8.348015e-03	0.000000e+00	0.000000e+00	1.388337e-02	3.816454e-04	6.029386e-03	3.251177e-03	1.146992e-04	0.000000e+00	9.658566e-04	2.310250e-03	2.158614e-02	1.402510e-02	8.037506e-03	0.000000e+00	0.000000e+00	1.121033e-02	0.000000e+00	5.642698e-03	0.000000e+00	4.272631e-02	1.017799e-02	0.000000e+00	0.000000e+00	0.000000e+00	0.000000e+00	2.626660e-03	5.434330e-04	2.160345e-01	4.754354e-01
2.160345e-01	3.419584e-02	8.348015e-03	0.000000e+00	0.000000e+00	1.388337e-02	3.816454e-04	6.029386e-03	3.251177e-03	1.146992e-04	0.000000e+00	9.658566e-04	2.310250e-03	2.158614e-02	1.402510e-02	8.037506e-03	0.000000e+00	0.000000e+00	1.121033e-02	0.000000e+00	5.642698e-03	0.000000e+00	4.272631e-02	1.017799e-02	0.000000e+00	0.000000e+00	0.000000e+00	0.000000e+00	2.626660e-03	5.434330e-04	2.160345e-01	4.754354e-01
2.070736e-01	2.692645e-02	0.000000e+00	0.000000e+00	3.280592e-03	5.979011e-03	1.195408e-02	2.277463e-02	5.597199e-03	5.569336e-02	0.000000e+00	4.243028e-03	2.766970e-03	0.000000e+00	3.343529e-03	4.175221e-03	7.643449e-04	0.000000e+00	8.706038e-03	3.205957e-02	0.000000e+00	0.000000e+00	3.136516e-02	4.027425e-02	1.326817e-03	9.977256e-04	0.000000e+00	1.972456e-02	7.895049e-03	0.000000e+00	2.070736e-01	5.692341e-01
1.967783e-01	3.161972e-02	0.000000e+00	0.000000e+00	3.280592e-03	1.809589e-02	5.344794e-03	2.541249e-02	6.054881e-03	0.000000e+00	5.370265e-03	1.781721e-02	2.810620e-03	0.000000e+00	1.142493e-02	6.889291e-03	0.000000e+00	0.000000e+00	4.404629e-03	0.000000e+00	4.531174e-03	2.215796e-02	2.781544e-02	0.000000e+00	1.396649e-04	0.000000e+00	2.158539e-02	0.000000e+00	2.050459e-03	2.362863e-03	1.967783e-01	6.294649e-01
1.905904e-01	2.992633e-02	6.571098e-03	0.000000e+00	0.000000e+00	1.228970e-02	2.814989e-02	4.522040e-03	6.021262e-03	9.558267e-05	0.000000e+00	2.030397e-02	2.766970e-03	1.079307e-02	1.135335e-02	0.000000e+00	2.293035e-03	0.000000e+00	1.828617e-02	6.070645e-03	3.020782e-03	1.373262e-02	7.922879e-02	0.000000e+00	0.000000e+00	2.866045e-03	0.000000e+00	0.000000e+00	8.213803e-03	3.780581e-02	1.905904e-01	6.932484e-01
8.648518e-02	4.100460e-02	0.000000e+00	2.414682e-03	2.903882e-03	1.767960e-03	8.888153e-03	7.536733e-03	0.000000e+00	0.000000e+00	0.000000e+00	8.486057e-03	1.732687e-03	1.618961e-02	1.536866e-02	5.812839e-03	0.000000e+00	0.000000e+00	1.024025e-02	4.357739e-02	3.020782e-03	3.751610e-03	1.023639e-02	0.000000e+00	2.094974e-03	1.995451e-03	0.000000e+00	7.774064e-02	1.684908e-02	5.539102e-02	8.648518e-02	7.598807e-01
8.648518e-02	4.100460e-02	0.000000e+00	2.414682e-03	2.903882e-03	1.767960e-03	8.888153e-03	7.536733e-03	0.000000e+00	0.000000e+00	0.000000e+00	8.486057e-03	1.732687e-03	1.618961e-02	1.536866e-02	5.812839e-03	0.000000e+00	0.000000e+00	1.024025e-02	4.357739e-02	3.020782e-03	3.751610e-03	1.023639e-02	0.000000e+00	2.094974e-03	1.995451e-03	0.000000e+00	7.774064e-02	1.684908e-02	5.539102e-02	8.648518e-02	7.598807e-01
8.648518e-02	4.100460e-02	0.000000e+00	2.414682e-03	2.903882e-03	1.767960e-03	8.888153e-03	7.536733e-03	0.000000e+00	0.000000e+00	0.000000e+00	8.486057e-03	1.732687e-03	1.618961e-02	1.536866e-02	5.812839e-03	0.000000e+00	0.000000e+00	1.024025e-02	4.357739e-02	3.020782e-03	3.751610e-03	1.023639e-02	0.000000e+00	2.094974e-03	1.995451e-03	0.000000e+00	7.774064e-02	1.684908e-02	5.539102e-02	8.648518e-02	7.598807e-01
8.648518e-02	4.100460e-02	0.000000e+00	2.414682e-03	2.903882e-03	1.767960e-03	8.888153e-03	7.536733e-03	0.000000e+00	0.000000e+00	0.000000e+00	8.486057e-03	1.732687e-03	1.618961e-02	1.536866e-02	5.812839e-03	0.000000e+00	0.000000e+00	1.024025e-02	4.357739e-02	3.020782e-03	3.751610e-03	1.023639e-02	0.000000e+00	2.094974e-03	1.995451e-03	0.000000e+00	7.774064e-02	1.684908e-02	5.539102e-02	8.648518e-02	7.598807e-01
8.648518e-02	4.100460e-02	0.000000e+00	2.414682e-03	2.903882e-03	1.767960e-03	8.888153e-03	7.536733e-03	0.000000e+00	0.000000e+00	0.000000e+00	8.486057e-03	1.732687e-03	1.618961e-02	1.536866e-02	5.812839e-03	0.000000e+00	0.000000e+00	1.024025e-02	4.357739e-02	3.020782e-03	3.751610e-03	1.023639e-02	0.000000e+00	2.094974e-03	1.995451e-03	0.000000e+00	7.774064e-02	1.684908e-02	5.539102e-02	8.648518e-02	7.598807e-01
8.648518e-02	4.100460e-02	0.000000e+00	2.414682e-03	2.903882e-03	1.767960e-03	8.888153e-03	7.536733e-03	0.000000e+00	0.000000e+00	0.000000e+00	8.486057e-03	1.732687e-03	1.618961e-02	1.536866e-02	5.812839e-03	0.000000e+00	0.000000e+00	1.024025e-02	4.357739e-02	3.020782e-03	3.751610e-03	1.023639e-02	0.000000e+00	2.094974e-03	1.995451e-03	0.000000e+00	7.774064e-02	1.684908e-02	5.539102e-02	8.648518e-02	7.598807e-01
6.154499e-02	1.319513e-02	1.688882e-02	0.000000e+00	3.871843e-03	1.783849e-02	1.427890e-02	6.029386e-03	5.992748e-03	0.000000e+00	0.000000e+00	1.781721e-02	0.000000e+00	0.000000e+00	1.585737e-02	3.946990e-03	0.000000e+00	0.000000e+00	0.000000e+00	4.924580e-02	1.510391e-03	1.385210e-02	4.798308e-02	1.458022e-04	0.000000e+00	4.944025e-02	2.382246e-03	6.370776e-03	9.953986e-04	0.000000e+00	6.154499e-02	7.728084e-01
6.154499e-02	1.319513e-02	1.688882e-02	0.000000e+00	3.871843e-03	1.783849e-02	1.427890e-02	6.029386e-03	5.992748e-03	0.000000e+00	0.000000e+00	1.781721e-02	0.000000e+00	0.000000e+00	1.585737e-02	3.946990e-03	0.000000e+00	0.000000e+00	0.000000e+00	4.924580e-02	1.510391e-03	1.385210e-02	4.798308e-02	1.458022e-04	0.000000e+00	4.944025e-02	2.382246e-03	6.370776e-03	9.953986e-04	0.000000e+00	6.154499e-02	7.728084e-01
4.506174e-02	3.419584e-02	9.487912e-03	9.658726e-03	1.182502e-03	1.783849e-02	1.636508e-02	0.000000e+00	4.445983e-02	0.000000e+00	0.000000e+00	1.093546e-02	0.000000e+00	0.000000e+00	9.309912e-03	6.889291e-03	3.057380e-03	4.600017e-03	2.048051e-02	0.000000e+00	0.000000e+00	9.234733e-03	5.725535e-03	3.942782e-02	1.638735e-02	1.382317e-02	2.057655e-03	0.000000e+00	2.304804e-03	5.518946e-03	4.506174e-02	8.218873e-01
2.771718e-02	4.599220e-02	7.920633e-04	1.207341e-03	2.796611e-03	1.783849e-02	0.000000e+00	0.000000e+00	6.991539e-03	0.000000e+00	0.000000e+00	1.315163e-02	1.793108e-03	1.888787e-02	6.426989e-03	1.363506e-02	1.528690e-03	0.000000e+00	4.008692e-02	0.000000e+00	2.265587e-03	0.000000e+00	2.562387e-02	0.000000e+00	6.703916e-03	0.000000e+00	0.000000e+00	4.078155e-02	9.977301e-03	1.312383e-01	2.771718e-02	9.229114e-01
9.025102e-03	2.055906e-02	6.975729e-02	1.448809e-02	4.355823e-03	1.694568e-02	8.564187e-03	1.507347e-03	7.490935e-04	0.000000e+00	0.000000e+00	1.781721e-02	0.000000e+00	0.000000e+00	4.083550e-02	4.808151e-03	0.000000e+00	0.000000e+00	3.804434e-03	6.536608e-02	0.000000e+00	8.657563e-03	5.725535e-03	1.994261e-02	2.793298e-04	2.185961e-02	0.000000e+00	0.000000e+00	2.147801e-03	0.000000e+00	9.025102e-03	9.996003e-01
0.000000e+00	6.146942e-02	0.000000e+00	1.023757e-02	3.871843e-03	1.962411e-02	0.000000e+00	9.044080e-03	3.995165e-03	1.066896e-02	0.000000e+00	1.784509e-02	0.000000e+00	0.000000e+00	1.585737e-02	1.722323e-02	4.586069e-03	0.000000e+00	3.068431e-03	8.121656e-03	3.020782e-03	2.077815e-02	5.065643e-02	0.000000e+00	2.793298e-03	1.472564e-02	0.000000e+00	0.000000e+00	2.431977e-03	5.539102e-02	0.000000e+00	1.104093e+00
