8.438099e-01	0.000000e+00	4.534336e-03	1.015931e-02	6.910390e-02	0.000000e+00	1.215971e-01	1.317422e-01	0.000000e+00	0.000000e+00	6.082028e-03	0.000000e+00	0.000000e+00	5.637762e-03	6.117389e-02	0.000000e+00	0.000000e+00	0.000000e+00	0.000000e+00	3.342915e-02	2.996155e-02	0.000000e+00	1.627953e-02	5.529993e-02	0.000000e+00	0.000000e+00	6.811207e-03	1.054037e-03	4.053764e-02	1.617145e-02	8.438099e-01	-6.404449e-01
8.431846e-01	0.000000e+00	4.534336e-03	5.079655e-03	6.077096e-02	0.000000e+00	1.215971e-01	1.316946e-01	1.383162e-03	0.000000e+00	0.000000e+00	0.000000e+00	0.000000e+00	5.637762e-03	7.050809e-02	0.000000e+00	0.000000e+00	1.243472e-02	0.000000e+00	0.000000e+00	2.996155e-02	0.000000e+00	8.139764e-03	5.487789e-02	1.925322e-02	0.000000e+00	6.811207e-03	2.099692e-02	4.053764e-02	1.607430e-02	8.431846e-01	-6.359709e-01
8.431846e-01	0.000000e+00	4.534336e-03	5.079655e-03	6.077096e-02	0.000000e+00	1.215971e-01	1.316946e-01	1.383162e-03	0.000000e+00	0.000000e+00	0.000000e+00	0.000000e+00	5.637762e-03	7.050809e-02	0.000000e+00	0.000000e+00	1.243472e-02	0.000000e+00	0.000000e+00	2.996155e-02	0.000000e+00	8.139764e-03	5.487789e-02	1.925322e-02	0.000000e+00	6.811207e-03	2.099692e-02	4.053764e-02	1.607430e-02	8.431846e-01	-6.359709e-01
8.425593e-01	0.000000e+00	4.534336e-03	0.000000e+00	5.243803e-02	0.000000e+00	1.215971e-01	1.317184e-01	6.915811e-04	0.000000e+00	0.000000e+00	0.000000e+00	0.000000e+00	7.351335e-02	6.817454e-02	0.000000e+00	0.000000e+00	2.486945e-02	0.000000e+00	3.342915e-02	1.872597e-02	0.000000e+00	6.176920e-03	5.445585e-02	9.626612e-03	0.000000e+00	6.811207e-03	1.054037e-03	4.053764e-02	1.597715e-02	8.425593e-01	-6.215754e-01
8.405731e-01	0.000000e+00	4.534336e-03	0.000000e+00	5.243803e-02	1.325335e-02	1.215971e-01	1.316946e-01	0.000000e+00	0.000000e+00	0.000000e+00	0.000000e+00	0.000000e+00	0.000000e+00	6.584099e-02	0.000000e+00	0.000000e+00	1.657963e-02	0.000000e+00	8.357287e-03	2.996155e-02	0.000000e+00	1.319107e-02	2.764996e-02	1.925322e-02	0.000000e+00	4.417539e-03	2.099692e-02	8.815849e-02	1.694868e-02	8.405731e-01	-6.100405e-01
8.405731e-01	0.000000e+00	4.534336e-03	0.000000e+00	5.243803e-02	1.325335e-02	1.215971e-01	1.316946e-01	0.000000e+00	0.000000e+00	0.000000e+00	0.000000e+00	0.000000e+00	0.000000e+00	6.584099e-02	0.000000e+00	0.000000e+00	1.657963e-02	0.000000e+00	8.357287e-03	2.996155e-02	0.000000e+00	1.319107e-02	2.764996e-02	1.925322e-02	0.000000e+00	4.417539e-03	2.099692e-02	8.815849e-02	1.694868e-02	8.405731e-01	-6.100405e-01
8.405731e-01	0.000000e+00	4.534336e-03	0.000000e+00	5.243803e-02	1.325335e-02	1.215971e-01	1.316946e-01	0.000000e+00	0.000000e+00	0.000000e+00	0.000000e+00	0.000000e+00	0.000000e+00	6.584099e-02	0.000000e+00	0.000000e+00	1.657963e-02	0.000000e+00	8.357287e-03	2.996155e-02	0.000000e+00	1.319107e-02	2.764996e-02	1.925322e-02	0.000000e+00	4.417539e-03	2.099692e-02	8.815849e-02	1.694868e-02	8.405731e-01	-6.100405e-01
8.373363e-01	0.000000e+00	8.441895e-03	0.000000e+00	5.799332e-02	1.328574e-02	1.215971e-01	1.229945e-01	0.000000e+00	0.000000e+00	4.716034e-02	0.000000e+00	0.000000e+00	4.307218e-03	6.817454e-02	0.000000e+00	2.786535e-03	2.486945e-02	0.000000e+00	9.394551e-03	0.000000e+00	1.791620e-02	9.349655e-03	6.912491e-03	1.611734e-02	0.000000e+00	4.417539e-03	3.096836e-02	6.374299e-02	0.000000e+00	8.373363e-01	-5.768700e-01
8.373363e-01	0.000000e+00	8.441895e-03	0.000000e+00	5.799332e-02	1.328574e-02	1.215971e-01	1.229945e-01	0.000000e+00	0.000000e+00	4.716034e-02	0.000000e+00	0.000000e+00	4.307218e-03	6.817454e-02	0.000000e+00	2.786535e-03	2.486945e-02	0.000000e+00	9.394551e-03	0.000000e+00	1.791620e-02	9.349655e-03	6.912491e-03	1.611734e-02	0.000000e+00	4.417539e-03	3.096836e-02	6.374299e-02	0.000000e+00	8.373363e-01	-5.768700e-01
8.373363e-01	0.000000e+00	8.441895e-03	0.000000e+00	5.799332e-02	1.328574e-02	1.215971e-01	1.229945e-01	0.000000e+00	0.000000e+00	4.716034e-02	0.000000e+00	0.000000e+00	4.307218e-03	6.817454e-02	0.000000e+00	2.786535e-03	2.486945e-02	0.000000e+00	9.394551e-03	0.000000e+00	1.791620e-02	9.349655e-03	6.912491e-03	1.611734e-02	0.000000e+00	4.417539e-03	3.096836e-02	6.374299e-02	0.000000e+00	8.373363e-01	-5.768700e-01
8.373363e-01	0.000000e+00	8.441895e-03	0.000000e+00	5.799332e-02	1.328574e-02	1.215971e-01	1.229945e-01	0.000000e+00	0.000000e+00	4.716034e-02	0.000000e+00	0.000000e+00	4.307218e-03	6.817454e-02	0.000000e+00	2.786535e-03	2.486945e-02	0.000000e+00	9.394551e-03	0.000000e+00	1.791620e-02	9.349655e-03	6.912491e-03	1.611734e-02	0.000000e+00	4.417539e-03	3.096836e-02	6.374299e-02	0.000000e+00	8.373363e-01	-5.768700e-01
8.373363e-01	0.000000e+00	8.441895e-03	0.000000e+00	5.799332e-02	1.328574e-02	1.215971e-01	1.229945e-01	0.000000e+00	0.000000e+00	4.716034e-02	0.000000e+00	0.000000e+00	4.307218e-03	6.817454e-02	0.000000e+00	2.786535e-03	2.486945e-02	0.000000e+00	9.394551e-03	0.000000e+00	1.791620e-02	9.349655e-03	6.912491e-03	1.611734e-02	0.000000e+00	4.417539e-03	3.096836e-02	6.374299e-02	0.000000e+00	8.373363e-01	-5.768700e-01
8.373363e-01	0.000000e+00	8.441895e-03	0.000000e+00	5.799332e-02	1.328574e-02	1.215971e-01	1.229945e-01	0.000000e+00	0.000000e+00	4.716034e-02	0.000000e+00	0.000000e+00	4.307218e-03	6.817454e-02	0.000000e+00	2.786535e-03	2.486945e-02	0.000000e+00	9.394551e-03	0.000000e+00	1.791620e-02	9.349655e-03	6.912491e-03	1.611734e-02	0.000000e+00	4.417539e-03	3.096836e-02	6.374299e-02	0.000000e+00	8.373363e-01	-5.768700e-01
8.349823e-01	0.000000e+00	0.000000e+00	1.989820e-02	4.277526e-02	6.691447e-03	1.635671e-01	1.316946e-01	1.383162e-03	0.000000e+00	3.841127e-02	0.000000e+00	0.000000e+00	0.000000e+00	6.584099e-02	0.000000e+00	0.000000e+00	1.657963e-02	0.000000e+00	8.357287e-03	4.306972e-02	0.000000e+00	6.032727e-03	1.424702e-02	1.925322e-02	0.000000e+00	2.827970e-03	0.000000e+00	1.601695e-01	1.830883e-02	8.349823e-01	-5.239009e-01
8.333639e-01	0.000000e+00	4.534336e-03	1.989820e-02	5.799332e-02	0.000000e+00	1.215971e-01	1.316946e-01	1.383162e-03	0.000000e+00	4.716034e-02	0.000000e+00	0.000000e+00	5.637762e-03	6.584099e-02	0.000000e+00	0.000000e+00	1.657963e-02	0.000000e+00	1.671457e-02	5.243271e-02	0.000000e+00	8.139764e-03	2.680588e-02	1.925322e-02	0.000000e+00	4.417539e-03	2.099692e-02	8.352907e-02	1.966898e-02	8.333639e-01	-5.076274e-01
8.333639e-01	0.000000e+00	4.534336e-03	1.989820e-02	5.799332e-02	0.000000e+00	1.215971e-01	1.316946e-01	1.383162e-03	0.000000e+00	4.716034e-02	0.000000e+00	0.000000e+00	5.637762e-03	6.584099e-02	0.000000e+00	0.000000e+00	1.657963e-02	0.000000e+00	1.671457e-02	5.243271e-02	0.000000e+00	8.139764e-03	2.680588e-02	1.925322e-02	0.000000e+00	4.417539e-03	2.099692e-02	8.352907e-02	1.966898e-02	8.333639e-01	-5.076274e-01
8.333639e-01	0.000000e+00	9.712553e-02	1.989820e-02	4.277526e-02	6.691447e-03	1.635671e-01	1.316946e-01	1.383162e-03	0.000000e+00	2.358017e-02	0.000000e+00	0.000000e+00	0.000000e+00	6.584099e-02	0.000000e+00	0.000000e+00	1.657963e-02	0.000000e+00	8.357287e-03	1.872597e-02	0.000000e+00	4.214075e-03	2.680588e-02	1.925322e-02	0.000000e+00	2.827970e-03	0.000000e+00	1.601695e-01	1.966898e-02	8.333639e-01	-4.884147e-01
8.308628e-01	0.000000e+00	4.534336e-03	1.403758e-02	3.947568e-02	0.000000e+00	1.215971e-01	1.316470e-01	0.000000e+00	0.000000e+00	6.082028e-03	0.000000e+00	0.000000e+00	0.000000e+00	6.584099e-02	0.000000e+00	0.000000e+00	6.290121e-03	0.000000e+00	5.228590e-02	4.494232e-02	0.000000e+00	0.000000e+00	5.529993e-02	8.170870e-02	0.000000e+00	3.715204e-03	2.310499e-02	2.186235e-02	2.238928e-02	8.308628e-01	-4.745379e-01
8.333639e-01	0.000000e+00	0.000000e+00	3.471674e-02	3.947568e-02	0.000000e+00	1.635671e-01	1.316946e-01	1.383162e-03	0.000000e+00	2.358017e-02	1.303712e-01	0.000000e+00	0.000000e+00	6.584099e-02	0.000000e+00	0.000000e+00	1.767362e-01	0.000000e+00	8.357287e-03	5.711420e-02	0.000000e+00	9.093256e-04	4.902050e-02	1.925322e-02	0.000000e+00	2.827970e-03	0.000000e+00	2.186235e-02	1.966898e-02	8.333639e-01	-4.667388e-01
8.333639e-01	0.000000e+00	0.000000e+00	3.471674e-02	3.947568e-02	0.000000e+00	1.635671e-01	1.316946e-01	1.383162e-03	0.000000e+00	2.358017e-02	1.303712e-01	0.000000e+00	0.000000e+00	6.584099e-02	0.000000e+00	0.000000e+00	1.767362e-01	0.000000e+00	8.357287e-03	5.711420e-02	0.000000e+00	9.093256e-04	4.902050e-02	1.925322e-02	0.000000e+00	2.827970e-03	0.000000e+00	2.186235e-02	1.966898e-02	8.333639e-01	-4.667388e-01
8.308628e-01	0.000000e+00	4.534336e-03	3.471674e-02	3.947568e-02	0.000000e+00	1.215971e-01	1.315057e-01	0.000000e+00	0.000000e+00	6.082028e-03	1.303712e-01	0.000000e+00	4.084222e-02	6.584099e-02	0.000000e+00	0.000000e+00	1.767362e-01	0.000000e+00	5.280411e-03	4.494232e-02	0.000000e+00	0.000000e+00	5.529993e-02	9.695855e-03	0.000000e+00	3.715204e-03	2.099692e-02	2.186235e-02	2.238928e-02	8.308628e-01	-4.301870e-01
8.308628e-01	0.000000e+00	4.534336e-03	3.471674e-02	3.947568e-02	0.000000e+00	1.215971e-01	1.315057e-01	0.000000e+00	0.000000e+00	6.082028e-03	1.303712e-01	0.000000e+00	4.084222e-02	6.584099e-02	0.000000e+00	0.000000e+00	1.767362e-01	0.000000e+00	5.280411e-03	4.494232e-02	0.000000e+00	0.000000e+00	5.529993e-02	9.695855e-03	0.000000e+00	3.715204e-03	2.099692e-02	2.186235e-02	2.238928e-02	8.308628e-01	-4.301870e-01
8.271909e-01	0.000000e+00	1.234945e-02	2.345914e-02	6.529135e-02	6.691447e-03	1.215971e-01	1.142706e-01	0.000000e+00	0.000000e+00	1.602873e-02	0.000000e+00	0.000000e+00	1.425220e-02	6.934132e-02	0.000000e+00	5.573070e-03	1.354912e-01	0.000000e+00	6.253171e-03	0.000000e+00	3.583240e-02	4.569361e-04	0.000000e+00	1.779477e-02	0.000000e+00	1.238401e-03	2.537551e-02	2.186235e-02	2.238928e-02	8.271909e-01	-4.071142e-01
8.259403e-01	0.000000e+00	5.523802e-03	2.441360e-02	6.529135e-02	4.073753e-02	7.599818e-02	1.141761e-01	0.000000e+00	0.000000e+00	1.704000e-02	0.000000e+00	1.551524e-03	3.467331e-02	4.420385e-02	0.000000e+00	8.935189e-03	7.748060e-02	0.000000e+00	6.253171e-03	1.310818e-02	3.583240e-02	0.000000e+00	2.168449e-02	1.208502e-02	0.000000e+00	1.682018e-03	3.858729e-02	0.000000e+00	2.374942e-02	8.259403e-01	-3.932038e-01
8.259403e-01	0.000000e+00	5.523802e-03	2.441360e-02	6.529135e-02	4.073753e-02	7.599818e-02	1.141761e-01	0.000000e+00	0.000000e+00	1.704000e-02	0.000000e+00	1.551524e-03	3.467331e-02	4.420385e-02	0.000000e+00	8.935189e-03	7.748060e-02	0.000000e+00	6.253171e-03	1.310818e-02	3.583240e-02	0.000000e+00	2.168449e-02	1.208502e-02	0.000000e+00	1.682018e-03	3.858729e-02	0.000000e+00	2.374942e-02	8.259403e-01	-3.932038e-01
8.259403e-01	0.000000e+00	5.523802e-03	2.441360e-02	6.529135e-02	4.073753e-02	7.599818e-02	1.141761e-01	0.000000e+00	0.000000e+00	1.704000e-02	0.000000e+00	1.551524e-03	3.467331e-02	4.420385e-02	0.000000e+00	8.935189e-03	7.748060e-02	0.000000e+00	6.253171e-03	1.310818e-02	3.583240e-02	0.000000e+00	2.168449e-02	1.208502e-02	0.000000e+00	1.682018e-03	3.858729e-02	0.000000e+00	2.374942e-02	8.259403e-01	-3.932038e-01
8.259403e-01	0.000000e+00	5.523802e-03	2.441360e-02	6.529135e-02	4.073753e-02	7.599818e-02	1.141761e-01	0.000000e+00	0.000000e+00	1.704000e-02	0.000000e+00	1.551524e-03	3.467331e-02	4.420385e-02	0.000000e+00	8.935189e-03	7.748060e-02	0.000000e+00	6.253171e-03	1.310818e-02	3.583240e-02	0.000000e+00	2.168449e-02	1.208502e-02	0.000000e+00	1.682018e-03	3.858729e-02	0.000000e+00	2.374942e-02	8.259403e-01	-3.932038e-01
8.259403e-01	0.000000e+00	5.523802e-03	2.441360e-02	6.529135e-02	4.073753e-02	7.599818e-02	1.141761e-01	0.000000e+00	0.000000e+00	1.704000e-02	0.000000e+00	1.551524e-03	3.467331e-02	4.420385e-02	0.000000e+00	8.935189e-03	7.748060e-02	0.000000e+00	6.253171e-03	1.310818e-02	3.583240e-02	0.000000e+00	2.168449e-02	1.208502e-02	0.000000e+00	1.682018e-03	3.858729e-02	0.000000e+00	2.374942e-02	8.259403e-01	-3.932038e-01
6.439938e-01	8.410196e-02	2.339706e-02	1.919511e-02	4.581729e-02	3.345723e-03	3.039927e-02	5.650255e-03	0.000000e+00	0.000000e+00	1.805127e-02	0.000000e+00	3.103047e-03	8.429029e-03	1.906638e-02	0.000000e+00	1.229731e-02	1.574764e-01	0.000000e+00	1.700668e-02	5.182554e-03	2.784067e-02	2.731412e-04	1.487494e-02	1.593263e-02	0.000000e+00	1.857602e-03	1.092005e-02	2.122238e-02	4.861202e-02	6.439938e-01	-3.215415e-01
6.439938e-01	8.410196e-02	2.339706e-02	1.919511e-02	4.581729e-02	3.345723e-03	3.039927e-02	5.650255e-03	0.000000e+00	0.000000e+00	1.805127e-02	0.000000e+00	3.103047e-03	8.429029e-03	1.906638e-02	0.000000e+00	1.229731e-02	1.574764e-01	0.000000e+00	1.700668e-02	5.182554e-03	2.784067e-02	2.731412e-04	1.487494e-02	1.593263e-02	0.000000e+00	1.857602e-03	1.092005e-02	2.122238e-02	4.861202e-02	6.439938e-01	-3.215415e-01
6.439938e-01	8.410196e-02	2.339706e-02	1.919511e-02	4.581729e-02	3.345723e-03	3.039927e-02	5.650255e-03	0.000000e+00	0.000000e+00	1.805127e-02	0.000000e+00	3.103047e-03	8.429029e-03	1.906638e-02	0.000000e+00	1.229731e-02	1.574764e-01	0.000000e+00	1.700668e-02	5.182554e-03	2.784067e-02	2.731412e-04	1.487494e-02	1.593263e-02	0.000000e+00	1.857602e-03	1.092005e-02	2.122238e-02	4.861202e-02	6.439938e-01	-3.215415e-01
6.439938e-01	8.410196e-02	2.339706e-02	1.919511e-02	4.581729e-02	3.345723e-03	3.039927e-02	5.650255e-03	0.000000e+00	0.000000e+00	1.805127e-02	0.000000e+00	3.103047e-03	8.429029e-03	1.906638e-02	0.000000e+00	1.229731e-02	1.574764e-01	0.000000e+00	1.700668e-02	5.182554e-03	2.784067e-02	2.731412e-04	1.487494e-02	1.593263e-02	0.000000e+00	1.857602e-03	1.092005e-02	2.122238e-02	4.861202e-02	6.439938e-01	-3.215415e-01
6.439938e-01	8.410196e-02	2.339706e-02	1.919511e-02	4.581729e-02	3.345723e-03	3.039927e-02	5.650255e-03	0.000000e+00	0.000000e+00	1.805127e-02	0.000000e+00	3.103047e-03	8.429029e-03	1.906638e-02	0.000000e+00	1.229731e-02	1.574764e-01	0.000000e+00	1.700668e-02	5.182554e-03	2.784067e-02	2.731412e-04	1.487494e-02	1.593263e-02	0.000000e+00	1.857602e-03	1.092005e-02	2.122238e-02	4.861202e-02	6.439938e-01	-3.215415e-01
6.439938e-01	8.410196e-02	2.339706e-02	1.919511e-02	4.581729e-02	1.269367e-02	3.039927e-02	6.329758e-02	0.000000e+00	0.000000e+00	1.805127e-02	2.501935e-02	1.608963e-03	1.326590e-02	1.906638e-02	0.000000e+00	1.229731e-02	6.716741e-02	0.000000e+00	7.767826e-03	5.182554e-03	2.784067e-02	0.000000e+00	2.374670e-02	1.593263e-02	0.000000e+00	1.857602e-03	1.092005e-02	3.056815e-02	4.861202e-02	6.439938e-01	-3.188454e-01
6.439938e-01	8.410196e-02	2.339706e-02	1.919511e-02	4.581729e-02	1.269367e-02	3.039927e-02	6.329758e-02	0.000000e+00	0.000000e+00	1.805127e-02	2.501935e-02	1.608963e-03	1.326590e-02	1.906638e-02	0.000000e+00	1.229731e-02	6.716741e-02	0.000000e+00	7.767826e-03	5.182554e-03	2.784067e-02	0.000000e+00	2.374670e-02	1.593263e-02	0.000000e+00	1.857602e-03	1.092005e-02	3.056815e-02	4.861202e-02	6.439938e-01	-3.188454e-01
6.439938e-01	8.410196e-02	2.339706e-02	1.919511e-02	4.581729e-02	1.269367e-02	3.039927e-02	6.329758e-02	0.000000e+00	0.000000e+00	1.805127e-02	2.501935e-02	1.608963e-03	1.326590e-02	1.906638e-02	0.000000e+00	1.229731e-02	6.716741e-02	0.000000e+00	7.767826e-03	5.182554e-03	2.784067e-02	0.000000e+00	2.374670e-02	1.593263e-02	0.000000e+00	1.857602e-03	1.092005e-02	3.056815e-02	4.861202e-02	6.439938e-01	-3.188454e-01
6.391033e-01	8.410196e-02	2.339706e-02	1.757687e-02	4.581729e-02	0.000000e+00	3.039927e-02	3.225528e-02	5.753012e-02	0.000000e+00	3.894404e-02	0.000000e+00	1.148794e-04	0.000000e+00	1.906638e-02	0.000000e+00	1.460071e-02	1.290829e-01	0.000000e+00	1.700668e-02	0.000000e+00	0.000000e+00	0.000000e+00	8.433505e-03	2.581409e-02	0.000000e+00	0.000000e+00	5.677470e-03	6.260373e-02	1.337174e-02	6.391033e-01	-2.814352e-01
6.391033e-01	8.410196e-02	2.339706e-02	1.757687e-02	4.581729e-02	0.000000e+00	3.039927e-02	3.225528e-02	5.753012e-02	0.000000e+00	3.894404e-02	0.000000e+00	1.148794e-04	0.000000e+00	1.906638e-02	0.000000e+00	1.460071e-02	1.290829e-01	0.000000e+00	1.700668e-02	0.000000e+00	0.000000e+00	0.000000e+00	8.433505e-03	2.581409e-02	0.000000e+00	0.000000e+00	5.677470e-03	6.260373e-02	1.337174e-02	6.391033e-01	-2.814352e-01
6.342129e-01	8.410196e-02	2.339706e-02	1.272214e-02	4.581729e-02	1.672862e-03	3.039927e-02	0.000000e+00	0.000000e+00	0.000000e+00	1.752667e-02	0.000000e+00	1.148794e-04	1.810277e-02	3.462105e-03	0.000000e+00	1.121989e-02	9.447830e-02	0.000000e+00	7.805558e-03	5.182554e-03	2.784067e-02	3.238912e-04	1.487494e-02	2.581409e-02	2.526664e-02	0.000000e+00	1.418254e-02	3.991392e-02	4.861202e-02	6.342129e-01	-2.482155e-01
6.342129e-01	5.816180e-02	2.339706e-02	1.272214e-02	6.384814e-02	3.522239e-03	0.000000e+00	1.256640e-01	0.000000e+00	0.000000e+00	2.824879e-02	0.000000e+00	1.148794e-04	1.810277e-02	0.000000e+00	0.000000e+00	1.656048e-02	9.447830e-02	0.000000e+00	7.805558e-03	5.182554e-03	0.000000e+00	2.945192e-03	1.108005e-02	2.581409e-02	2.526664e-02	0.000000e+00	6.806683e-02	3.991392e-02	1.016647e-02	6.342129e-01	-2.308487e-01
6.342129e-01	8.410196e-02	2.339706e-02	2.243159e-02	4.581729e-02	1.353010e-02	2.189324e-02	6.329758e-02	0.000000e+00	1.638738e-02	1.728605e-02	3.752902e-02	1.608963e-03	1.326590e-02	1.906638e-02	0.000000e+00	1.283602e-02	1.566602e-01	0.000000e+00	2.471202e-02	2.591277e-03	1.910828e-02	0.000000e+00	8.376861e-03	1.593263e-02	0.000000e+00	9.353434e-03	8.158737e-03	2.122238e-02	4.868606e-02	6.342129e-01	-2.177456e-01
6.342129e-01	8.410196e-02	2.339706e-02	2.243159e-02	4.581729e-02	1.353010e-02	2.189324e-02	6.329758e-02	0.000000e+00	1.638738e-02	1.728605e-02	3.752902e-02	1.608963e-03	1.326590e-02	1.906638e-02	0.000000e+00	1.283602e-02	1.566602e-01	0.000000e+00	2.471202e-02	2.591277e-03	1.910828e-02	0.000000e+00	8.376861e-03	1.593263e-02	0.000000e+00	9.353434e-03	8.158737e-03	2.122238e-02	4.868606e-02	6.342129e-01	-2.177456e-01
6.293224e-01	5.342010e-02	2.579467e-02	2.442938e-02	4.023484e-02	9.810237e-03	1.519964e-02	9.243865e-02	0.000000e+00	4.294695e-03	2.484962e-02	0.000000e+00	0.000000e+00	0.000000e+00	2.338161e-02	0.000000e+00	1.934196e-02	1.006562e-01	0.000000e+00	2.178055e-04	8.989040e-03	0.000000e+00	1.879875e-03	1.234502e-02	0.000000e+00	8.709440e-03	1.617943e-02	2.086932e-02	6.157278e-02	0.000000e+00	6.293224e-01	-1.859154e-01
6.293224e-01	5.342010e-02	2.579467e-02	2.442938e-02	4.023484e-02	9.810237e-03	1.519964e-02	9.243865e-02	0.000000e+00	4.294695e-03	2.484962e-02	0.000000e+00	0.000000e+00	0.000000e+00	2.338161e-02	0.000000e+00	1.934196e-02	1.006562e-01	0.000000e+00	2.178055e-04	8.989040e-03	0.000000e+00	1.879875e-03	1.234502e-02	0.000000e+00	8.709440e-03	1.617943e-02	2.086932e-02	6.157278e-02	0.000000e+00	6.293224e-01	-1.859154e-01
6.290326e-01	9.452822e-02	2.579467e-02	3.209102e-02	7.013057e-02	4.329251e-03	0.000000e+00	3.898905e-02	0.000000e+00	4.294695e-03	4.519878e-02	1.876451e-02	0.000000e+00	6.980522e-02	1.384842e-02	0.000000e+00	2.076302e-02	1.295898e-01	0.000000e+00	3.338365e-02	1.014315e-02	0.000000e+00	5.610490e-03	1.327807e-02	1.676759e-03	8.709440e-03	2.287595e-02	1.501869e-02	5.815687e-02	1.336585e-02	6.290326e-01	-1.451942e-01
6.290326e-01	9.452822e-02	2.579467e-02	3.209102e-02	7.013057e-02	4.329251e-03	0.000000e+00	3.898905e-02	0.000000e+00	4.294695e-03	4.519878e-02	1.876451e-02	0.000000e+00	6.980522e-02	1.384842e-02	0.000000e+00	2.076302e-02	1.295898e-01	0.000000e+00	3.338365e-02	1.014315e-02	0.000000e+00	5.610490e-03	1.327807e-02	1.676759e-03	8.709440e-03	2.287595e-02	1.501869e-02	5.815687e-02	1.336585e-02	6.290326e-01	-1.451942e-01
6.244319e-01	0.000000e+00	2.579467e-02	2.966365e-02	4.527301e-02	0.000000e+00	0.000000e+00	1.088707e-01	0.000000e+00	0.000000e+00	3.946323e-02	0.000000e+00	3.103047e-03	5.555302e-02	0.000000e+00	0.000000e+00	1.513942e-02	1.382087e-01	0.000000e+00	6.564628e-02	1.811374e-03	0.000000e+00	3.835875e-03	1.393950e-02	0.000000e+00	0.000000e+00	0.000000e+00	4.736556e-03	5.688439e-02	2.298165e-02	6.244319e-01	-1.019066e-01
6.244319e-01	9.452822e-02	2.579467e-02	3.451838e-02	1.056087e-01	1.672862e-03	1.094662e-02	3.898905e-02	0.000000e+00	0.000000e+00	3.398186e-02	1.876451e-02	9.309142e-03	0.000000e+00	9.533191e-03	0.000000e+00	1.327719e-02	1.392247e-01	0.000000e+00	7.409951e-02	8.083354e-03	0.000000e+00	3.238912e-04	9.592019e-03	0.000000e+00	0.000000e+00	0.000000e+00	0.000000e+00	6.443245e-02	2.939219e-02	6.244319e-01	-8.377623e-02
6.230106e-01	9.452822e-02	2.579467e-02	3.209102e-02	7.013057e-02	4.329251e-03	0.000000e+00	3.898905e-02	0.000000e+00	4.294695e-03	2.877746e-02	1.876451e-02	3.103047e-03	6.980522e-02	1.384842e-02	0.000000e+00	2.076302e-02	1.295898e-01	0.000000e+00	3.338365e-02	8.740619e-03	0.000000e+00	3.835875e-03	1.327807e-02	6.707035e-03	8.709440e-03	1.525063e-02	1.501869e-02	5.815687e-02	1.336585e-02	6.230106e-01	-5.951716e-02
6.230106e-01	9.452822e-02	2.579467e-02	3.209102e-02	7.013057e-02	4.329251e-03	0.000000e+00	3.898905e-02	0.000000e+00	4.294695e-03	2.877746e-02	1.876451e-02	3.103047e-03	6.980522e-02	1.384842e-02	0.000000e+00	2.076302e-02	1.295898e-01	0.000000e+00	3.338365e-02	8.740619e-03	0.000000e+00	3.835875e-03	1.327807e-02	6.707035e-03	8.709440e-03	1.525063e-02	1.501869e-02	5.815687e-02	1.336585e-02	6.230106e-01	-5.951716e-02
4.571110e-01	1.136912e-02	0.000000e+00	2.966365e-02	2.222361e-02	4.791595e-03	0.000000e+00	1.152252e-01	0.000000e+00	0.000000e+00	3.110625e-02	0.000000e+00	0.000000e+00	0.000000e+00	1.384842e-02	0.000000e+00	2.076302e-02	1.313593e-01	0.000000e+00	8.799102e-03	9.317673e-03	0.000000e+00	3.797813e-03	1.545181e-02	3.353518e-03	8.709440e-03	1.525063e-02	2.489631e-02	4.861718e-02	2.147420e-03	4.571110e-01	-1.284001e-02
4.571110e-01	1.136912e-02	0.000000e+00	2.966365e-02	2.222361e-02	4.791595e-03	0.000000e+00	1.152252e-01	0.000000e+00	0.000000e+00	3.110625e-02	0.000000e+00	0.000000e+00	0.000000e+00	1.384842e-02	0.000000e+00	2.076302e-02	1.313593e-01	0.000000e+00	8.799102e-03	9.317673e-03	0.000000e+00	3.797813e-03	1.545181e-02	3.353518e-03	8.709440e-03	1.525063e-02	2.489631e-02	4.861718e-02	2.147420e-03	4.571110e-01	-1.284001e-02
4.571110e-01	1.136912e-02	0.000000e+00	2.966365e-02	2.222361e-02	4.791595e-03	0.000000e+00	1.152252e-01	0.000000e+00	0.000000e+00	3.110625e-02	0.000000e+00	0.000000e+00	0.000000e+00	1.384842e-02	0.000000e+00	2.076302e-02	1.313593e-01	0.000000e+00	8.799102e-03	9.317673e-03	0.000000e+00	3.797813e-03	1.545181e-02	3.353518e-03	8.709440e-03	1.525063e-02	2.489631e-02	4.861718e-02	2.147420e-03	4.571110e-01	-1.284001e-02
4.571110e-01	1.136912e-02	0.000000e+00	2.966365e-02	2.222361e-02	4.791595e-03	0.000000e+00	1.152252e-01	0.000000e+00	0.000000e+00	3.110625e-02	0.000000e+00	0.000000e+00	0.000000e+00	1.384842e-02	0.000000e+00	2.076302e-02	1.313593e-01	0.000000e+00	8.799102e-03	9.317673e-03	0.000000e+00	3.797813e-03	1.545181e-02	3.353518e-03	8.709440e-03	1.525063e-02	2.489631e-02	4.861718e-02	2.147420e-03	4.571110e-01	-1.284001e-02
4.571110e-01	1.136912e-02	0.000000e+00	2.966365e-02	2.222361e-02	4.791595e-03	0.000000e+00	1.152252e-01	0.000000e+00	0.000000e+00	3.110625e-02	0.000000e+00	0.000000e+00	0.000000e+00	1.384842e-02	0.000000e+00	2.076302e-02	1.313593e-01	0.000000e+00	8.799102e-03	9.317673e-03	0.000000e+00	3.797813e-03	1.545181e-02	3.353518e-03	8.709440e-03	1.525063e-02	2.489631e-02	4.861718e-02	2.147420e-03	4.571110e-01	-1.284001e-02
4.571110e-01	1.136912e-02	0.000000e+00	2.966365e-02	2.222361e-02	4.791595e-03	0.000000e+00	1.152252e-01	0.000000e+00	0.000000e+00	3.110625e-02	0.000000e+00	0.000000e+00	0.000000e+00	1.384842e-02	0.000000e+00	2.076302e-02	1.313593e-01	0.000000e+00	8.799102e-03	9.317673e-03	0.000000e+00	3.797813e-03	1.545181e-02	3.353518e-03	8.709440e-03	1.525063e-02	2.489631e-02	4.861718e-02	2.147420e-03	4.571110e-01	-1.284001e-02
4.571110e-01	1.136912e-02	0.000000e+00	2.966365e-02	2.222361e-02	4.791595e-03	0.000000e+00	1.152252e-01	0.000000e+00	0.000000e+00	3.110625e-02	0.000000e+00	0.000000e+00	0.000000e+00	1.384842e-02	0.000000e+00	2.076302e-02	1.313593e-01	0.000000e+00	8.799102e-03	9.317673e-03	0.000000e+00	3.797813e-03	1.545181e-02	3.353518e-03	8.709440e-03	1.525063e-02	2.489631e-02	4.861718e-02	2.147420e-03	4.571110e-01	-1.284001e-02
4.571110e-01	1.136912e-02	0.000000e+00	2.966365e-02	2.222361e-02	4.791595e-03	0.000000e+00	1.152252e-01	0.000000e+00	0.000000e+00	3.110625e-02	0.000000e+00	0.000000e+00	0.000000e+00	1.384842e-02	0.000000e+00	2.076302e-02	1.313593e-01	0.000000e+00	8.799102e-03	9.317673e-03	0.000000e+00	3.797813e-03	1.545181e-02	3.353518e-03	8.709440e-03	1.525063e-02	2.489631e-02	4.861718e-02	2.147420e-03	4.571110e-01	-1.284001e-02
4.390518e-01	5.684562e-03	1.933087e-02	4.597388e-02	2.914883e-02	3.433598e-03	2.421071e-02	1.109725e-01	0.000000e+00	1.610511e-03	2.183689e-03	0.000000e+00	6.206094e-03	2.367588e-02	1.286268e-02	0.000000e+00	0.000000e+00	0.000000e+00	0.000000e+00	3.491731e-02	3.091990e-03	0.000000e+00	0.000000e+00	1.509809e-02	8.383794e-03	5.868947e-03	0.000000e+00	1.722753e-02	1.866718e-02	0.000000e+00	4.390518e-01	5.823938e-03
4.390518e-01	5.684562e-03	1.933087e-02	4.597388e-02	2.914883e-02	3.433598e-03	2.421071e-02	1.109725e-01	0.000000e+00	1.610511e-03	2.183689e-03	0.000000e+00	6.206094e-03	2.367588e-02	1.286268e-02	0.000000e+00	0.000000e+00	0.000000e+00	0.000000e+00	3.491731e-02	3.091990e-03	0.000000e+00	0.000000e+00	1.509809e-02	8.383794e-03	5.868947e-03	0.000000e+00	1.722753e-02	1.866718e-02	0.000000e+00	4.390518e-01	5.823938e-03
4.390518e-01	5.684562e-03	1.933087e-02	4.597388e-02	2.914883e-02	3.433598e-03	2.421071e-02	1.109725e-01	0.000000e+00	1.610511e-03	2.183689e-03	0.000000e+00	6.206094e-03	2.367588e-02	1.286268e-02	0.000000e+00	0.000000e+00	0.000000e+00	0.000000e+00	3.491731e-02	3.091990e-03	0.000000e+00	0.000000e+00	1.509809e-02	8.383794e-03	5.868947e-03	0.000000e+00	1.722753e-02	1.866718e-02	0.000000e+00	4.390518e-01	5.823938e-03
4.390518e-01	5.684562e-03	1.933087e-02	4.597388e-02	2.914883e-02	3.433598e-03	2.421071e-02	1.109725e-01	0.000000e+00	1.610511e-03	2.183689e-03	0.000000e+00	6.206094e-03	2.367588e-02	1.286268e-02	0.000000e+00	0.000000e+00	0.000000e+00	0.000000e+00	3.491731e-02	3.091990e-03	0.000000e+00	0.000000e+00	1.509809e-02	8.383794e-03	5.868947e-03	0.000000e+00	1.722753e-02	1.866718e-02	0.000000e+00	4.390518e-01	5.823938e-03
4.390518e-01	5.684562e-03	1.933087e-02	4.597388e-02	2.914883e-02	3.433598e-03	2.421071e-02	1.109725e-01	0.000000e+00	1.610511e-03	2.183689e-03	0.000000e+00	6.206094e-03	2.367588e-02	1.286268e-02	0.000000e+00	0.000000e+00	0.000000e+00	0.000000e+00	3.491731e-02	3.091990e-03	0.000000e+00	0.000000e+00	1.509809e-02	8.383794e-03	5.868947e-03	0.000000e+00	1.722753e-02	1.866718e-02	0.000000e+00	4.390518e-01	5.823938e-03
4.390518e-01	5.684562e-03	1.933087e-02	4.597388e-02	2.914883e-02	3.433598e-03	2.421071e-02	1.109725e-01	0.000000e+00	1.610511e-03	2.183689e-03	0.000000e+00	6.206094e-03	2.367588e-02	1.286268e-02	0.000000e+00	0.000000e+00	0.000000e+00	0.000000e+00	3.491731e-02	3.091990e-03	0.000000e+00	0.000000e+00	1.509809e-02	8.383794e-03	5.868947e-03	0.000000e+00	1.722753e-02	1.866718e-02	0.000000e+00	4.390518e-01	5.823938e-03
4.245298e-01	5.091496e-02	0.000000e+00	4.597388e-02	1.886263e-02	0.000000e+00	0.000000e+00	1.103978e-01	0.000000e+00	0.000000e+00	2.183689e-03	0.000000e+00	0.000000e+00	2.850440e-02	6.924210e-03	0.000000e+00	0.000000e+00	4.375591e-02	1.507425e-02	2.633128e-02	3.091990e-03	0.000000e+00	2.524633e-04	1.088141e-02	3.012888e-02	1.384609e-02	0.000000e+00	1.695318e-02	4.306494e-02	1.682787e-02	4.245298e-01	1.556964e-01
4.245298e-01	5.091496e-02	0.000000e+00	4.597388e-02	1.886263e-02	3.590221e-02	0.000000e+00	1.103978e-01	0.000000e+00	0.000000e+00	2.183689e-03	0.000000e+00	0.000000e+00	2.850440e-02	6.924210e-03	0.000000e+00	0.000000e+00	4.375591e-02	1.507425e-02	2.633128e-02	3.091990e-03	0.000000e+00	2.524633e-04	1.088141e-02	3.012888e-02	1.384609e-02	0.000000e+00	1.695318e-02	4.306494e-02	1.682787e-02	4.245298e-01	1.634620e-01
4.245298e-01	5.091496e-02	7.509079e-03	6.896082e-02	1.886263e-02	3.761901e-02	0.000000e+00	1.206895e-01	0.000000e+00	8.052553e-04	0.000000e+00	0.000000e+00	3.352636e-02	4.034234e-02	2.831625e-03	0.000000e+00	0.000000e+00	7.114326e-02	1.310115e-02	2.633128e-02	7.479523e-04	0.000000e+00	2.524633e-04	1.843046e-02	3.432078e-02	1.384609e-02	0.000000e+00	1.695318e-02	4.306494e-02	1.682787e-02	4.245298e-01	1.889256e-01
4.172689e-01	0.000000e+00	0.000000e+00	0.000000e+00	1.371953e-02	0.000000e+00	0.000000e+00	1.101105e-01	0.000000e+00	0.000000e+00	2.183689e-03	0.000000e+00	0.000000e+00	3.091865e-02	1.088319e-02	0.000000e+00	0.000000e+00	2.729874e-02	0.000000e+00	2.203826e-02	7.780067e-03	0.000000e+00	3.786950e-04	8.773075e-03	4.100142e-02	1.783466e-02	0.000000e+00	1.681601e-02	5.526382e-02	2.524181e-02	4.172689e-01	2.217145e-01
4.153261e-01	0.000000e+00	2.587627e-02	0.000000e+00	3.369789e-02	0.000000e+00	2.421071e-02	1.055705e-01	0.000000e+00	0.000000e+00	1.982097e-02	2.311397e-02	6.206094e-03	0.000000e+00	1.286268e-02	0.000000e+00	0.000000e+00	1.907015e-02	7.181833e-03	3.473725e-02	1.012411e-02	0.000000e+00	0.000000e+00	1.281289e-02	0.000000e+00	5.868947e-03	0.000000e+00	2.125655e-02	1.185013e-02	0.000000e+00	4.153261e-01	2.429581e-01
4.153261e-01	0.000000e+00	2.587627e-02	0.000000e+00	3.369789e-02	0.000000e+00	2.421071e-02	1.055705e-01	0.000000e+00	0.000000e+00	1.982097e-02	2.311397e-02	6.206094e-03	0.000000e+00	1.286268e-02	0.000000e+00	0.000000e+00	1.907015e-02	7.181833e-03	3.473725e-02	1.012411e-02	0.000000e+00	0.000000e+00	1.281289e-02	0.000000e+00	5.868947e-03	0.000000e+00	2.125655e-02	1.185013e-02	0.000000e+00	4.153261e-01	2.429581e-01
2.593931e-01	0.000000e+00	6.246733e-02	0.000000e+00	4.148316e-02	0.000000e+00	0.000000e+00	8.982973e-02	0.000000e+00	5.368369e-04	2.995088e-02	1.208032e-02	0.000000e+00	0.000000e+00	1.052393e-02	1.922220e-02	0.000000e+00	3.200085e-02	1.973104e-03	5.051942e-02	7.128198e-03	0.000000e+00	0.000000e+00	0.000000e+00	0.000000e+00	0.000000e+00	0.000000e+00	2.226230e-02	5.925063e-03	0.000000e+00	2.593931e-01	3.326399e-01
2.593931e-01	0.000000e+00	6.246733e-02	0.000000e+00	4.148316e-02	0.000000e+00	0.000000e+00	8.982973e-02	0.000000e+00	5.368369e-04	2.995088e-02	1.208032e-02	0.000000e+00	0.000000e+00	1.052393e-02	1.922220e-02	0.000000e+00	3.200085e-02	1.973104e-03	5.051942e-02	7.128198e-03	0.000000e+00	0.000000e+00	0.000000e+00	0.000000e+00	0.000000e+00	0.000000e+00	2.226230e-02	5.925063e-03	0.000000e+00	2.593931e-01	3.326399e-01
2.521970e-01	0.000000e+00	6.343554e-02	1.642663e-02	0.000000e+00	0.000000e+00	0.000000e+00	8.899047e-02	0.000000e+00	2.415766e-03	1.517966e-02	0.000000e+00	2.767291e-02	1.413491e-02	5.261963e-03	9.611101e-03	0.000000e+00	1.536937e-03	0.000000e+00	8.450555e-03	7.780067e-03	0.000000e+00	0.000000e+00	1.403692e-02	0.000000e+00	0.000000e+00	0.000000e+00	3.238770e-02	1.185013e-02	0.000000e+00	2.521970e-01	3.209798e-01
2.521970e-01	0.000000e+00	6.343554e-02	1.642663e-02	0.000000e+00	0.000000e+00	0.000000e+00	8.899047e-02	0.000000e+00	2.415766e-03	1.517966e-02	0.000000e+00	2.767291e-02	1.413491e-02	5.261963e-03	9.611101e-03	0.000000e+00	1.536937e-03	0.000000e+00	8.450555e-03	7.780067e-03	0.000000e+00	0.000000e+00	1.403692e-02	0.000000e+00	0.000000e+00	0.000000e+00	3.238770e-02	1.185013e-02	0.000000e+00	2.521970e-01	3.209798e-01
2.521970e-01	0.000000e+00	6.343554e-02	1.642663e-02	0.000000e+00	0.000000e+00	0.000000e+00	8.899047e-02	0.000000e+00	2.415766e-03	1.517966e-02	0.000000e+00	2.767291e-02	1.413491e-02	5.261963e-03	9.611101e-03	0.000000e+00	1.536937e-03	0.000000e+00	8.450555e-03	7.780067e-03	0.000000e+00	0.000000e+00	1.403692e-02	0.000000e+00	0.000000e+00	0.000000e+00	3.238770e-02	1.185013e-02	0.000000e+00	2.521970e-01	3.209798e-01
2.521970e-01	0.000000e+00	6.343554e-02	1.642663e-02	0.000000e+00	0.000000e+00	0.000000e+00	8.899047e-02	0.000000e+00	2.415766e-03	1.517966e-02	0.000000e+00	2.767291e-02	1.413491e-02	5.261963e-03	9.611101e-03	0.000000e+00	1.536937e-03	0.000000e+00	8.450555e-03	7.780067e-03	0.000000e+00	0.000000e+00	1.403692e-02	0.000000e+00	0.000000e+00	0.000000e+00	3.238770e-02	1.185013e-02	0.000000e+00	2.521970e-01	3.209798e-01
2.521970e-01	0.000000e+00	6.343554e-02	1.642663e-02	0.000000e+00	0.000000e+00	0.000000e+00	8.899047e-02	0.000000e+00	2.415766e-03	1.517966e-02	0.000000e+00	2.767291e-02	1.413491e-02	5.261963e-03	9.611101e-03	0.000000e+00	1.536937e-03	0.000000e+00	8.450555e-03	7.780067e-03	0.000000e+00	0.000000e+00	1.403692e-02	0.000000e+00	0.000000e+00	0.000000e+00	3.238770e-02	1.185013e-02	0.000000e+00	2.521970e-01	3.209798e-01
2.521970e-01	0.000000e+00	6.343554e-02	1.642663e-02	0.000000e+00	0.000000e+00	0.000000e+00	8.899047e-02	0.000000e+00	2.415766e-03	1.517966e-02	0.000000e+00	2.767291e-02	1.413491e-02	5.261963e-03	9.611101e-03	0.000000e+00	1.536937e-03	0.000000e+00	8.450555e-03	7.780067e-03	0.000000e+00	0.000000e+00	1.403692e-02	0.000000e+00	0.000000e+00	0.000000e+00	3.238770e-02	1.185013e-02	0.000000e+00	2.521970e-01	3.209798e-01
2.521970e-01	0.000000e+00	6.343554e-02	1.642663e-02	0.000000e+00	0.000000e+00	0.000000e+00	8.899047e-02	0.000000e+00	2.415766e-03	1.517966e-02	0.000000e+00	2.767291e-02	1.413491e-02	5.261963e-03	9.611101e-03	0.000000e+00	1.536937e-03	0.000000e+00	8.450555e-03	7.780067e-03	0.000000e+00	0.000000e+00	1.403692e-02	0.000000e+00	0.000000e+00	0.000000e+00	3.238770e-02	1.185013e-02	0.000000e+00	2.521970e-01	3.209798e-01
2.521970e-01	0.000000e+00	6.343554e-02	1.642663e-02	0.000000e+00	0.000000e+00	0.000000e+00	8.899047e-02	0.000000e+00	2.415766e-03	1.517966e-02	0.000000e+00	2.767291e-02	1.413491e-02	5.261963e-03	9.611101e-03	0.000000e+00	1.536937e-03	0.000000e+00	8.450555e-03	7.780067e-03	0.000000e+00	0.000000e+00	1.403692e-02	0.000000e+00	0.000000e+00	0.000000e+00	3.238770e-02	1.185013e-02	0.000000e+00	2.521970e-01	3.209798e-01
2.382846e-01	0.000000e+00	5.660157e-02	1.642663e-02	0.000000e+00	0.000000e+00	0.000000e+00	8.899047e-02	0.000000e+00	2.415766e-03	1.517966e-02	0.000000e+00	3.639298e-02	1.902750e-02	0.000000e+00	0.000000e+00	0.000000e+00	1.403172e-02	0.000000e+00	8.450555e-03	7.780067e-03	0.000000e+00	3.987878e-05	1.403692e-02	0.000000e+00	0.000000e+00	0.000000e+00	2.125655e-02	1.185013e-02	0.000000e+00	2.382846e-01	3.633841e-01
2.382846e-01	0.000000e+00	5.660157e-02	1.642663e-02	0.000000e+00	0.000000e+00	0.000000e+00	8.899047e-02	0.000000e+00	2.415766e-03	1.517966e-02	0.000000e+00	3.639298e-02	1.902750e-02	0.000000e+00	0.000000e+00	0.000000e+00	1.403172e-02	0.000000e+00	8.450555e-03	7.780067e-03	0.000000e+00	3.987878e-05	1.403692e-02	0.000000e+00	0.000000e+00	0.000000e+00	2.125655e-02	1.185013e-02	0.000000e+00	2.382846e-01	3.633841e-01
2.255368e-01	9.180602e-03	3.202398e-02	2.463994e-02	0.000000e+00	0.000000e+00	0.000000e+00	7.551296e-02	0.000000e+00	1.610511e-03	1.896572e-02	0.000000e+00	3.639298e-02	3.343384e-02	0.000000e+00	0.000000e+00	0.000000e+00	6.275515e-02	0.000000e+00	1.881404e-02	0.000000e+00	0.000000e+00	3.987878e-05	1.111365e-02	2.055818e-02	0.000000e+00	0.000000e+00	1.999088e-02	8.887594e-03	0.000000e+00	2.255368e-01	4.521929e-01
2.255368e-01	9.180602e-03	3.202398e-02	2.463994e-02	0.000000e+00	0.000000e+00	0.000000e+00	7.551296e-02	0.000000e+00	1.610511e-03	1.896572e-02	0.000000e+00	3.639298e-02	3.343384e-02	0.000000e+00	0.000000e+00	0.000000e+00	6.275515e-02	0.000000e+00	1.881404e-02	0.000000e+00	0.000000e+00	3.987878e-05	1.111365e-02	2.055818e-02	0.000000e+00	0.000000e+00	1.999088e-02	8.887594e-03	0.000000e+00	2.255368e-01	4.521929e-01
2.111247e-01	0.000000e+00	1.331216e-02	0.000000e+00	5.981470e-02	0.000000e+00	0.000000e+00	1.540387e-01	0.000000e+00	0.000000e+00	3.310915e-02	1.417481e-02	0.000000e+00	1.957036e-02	0.000000e+00	0.000000e+00	0.000000e+00	9.956926e-03	0.000000e+00	3.361831e-02	5.824460e-03	0.000000e+00	3.987878e-05	0.000000e+00	8.223271e-02	1.233837e-02	0.000000e+00	2.125655e-02	1.185013e-02	0.000000e+00	2.111247e-01	5.819926e-01
2.043899e-01	0.000000e+00	5.791293e-02	0.000000e+00	0.000000e+00	0.000000e+00	0.000000e+00	9.539648e-02	0.000000e+00	2.684184e-03	3.032392e-02	1.540931e-02	9.476420e-03	3.397671e-02	0.000000e+00	0.000000e+00	7.128865e-02	9.413272e-02	0.000000e+00	0.000000e+00	8.014478e-03	0.000000e+00	0.000000e+00	2.343851e-03	6.167453e-02	4.109190e-02	0.000000e+00	0.000000e+00	0.000000e+00	0.000000e+00	2.043899e-01	6.469838e-01
2.043899e-01	0.000000e+00	5.791293e-02	0.000000e+00	0.000000e+00	0.000000e+00	0.000000e+00	9.539648e-02	0.000000e+00	2.684184e-03	3.032392e-02	1.540931e-02	9.476420e-03	3.397671e-02	0.000000e+00	0.000000e+00	7.128865e-02	9.413272e-02	0.000000e+00	0.000000e+00	8.014478e-03	0.000000e+00	0.000000e+00	2.343851e-03	6.167453e-02	4.109190e-02	0.000000e+00	0.000000e+00	0.000000e+00	0.000000e+00	2.043899e-01	6.469838e-01
9.079328e-02	0.000000e+00	3.202398e-02	1.642663e-02	0.000000e+00	0.000000e+00	0.000000e+00	5.522303e-02	0.000000e+00	1.878929e-03	2.495845e-02	1.527733e-02	0.000000e+00	2.147380e-02	2.630981e-03	0.000000e+00	2.830637e-02	3.214604e-02	0.000000e+00	4.225277e-03	6.434310e-03	0.000000e+00	0.000000e+00	9.935180e-03	2.055818e-02	3.844401e-03	0.000000e+00	2.531351e-03	1.946439e-02	0.000000e+00	9.079328e-02	7.514663e-01
9.079328e-02	0.000000e+00	3.202398e-02	1.642663e-02	0.000000e+00	0.000000e+00	0.000000e+00	5.522303e-02	0.000000e+00	1.878929e-03	2.495845e-02	1.527733e-02	0.000000e+00	2.147380e-02	2.630981e-03	0.000000e+00	2.830637e-02	3.214604e-02	0.000000e+00	4.225277e-03	6.434310e-03	0.000000e+00	0.000000e+00	9.935180e-03	2.055818e-02	3.844401e-03	0.000000e+00	2.531351e-03	1.946439e-02	0.000000e+00	9.079328e-02	7.514663e-01
9.079328e-02	0.000000e+00	3.202398e-02	1.642663e-02	0.000000e+00	0.000000e+00	0.000000e+00	5.522303e-02	0.000000e+00	1.878929e-03	2.495845e-02	1.527733e-02	0.000000e+00	2.147380e-02	2.630981e-03	0.000000e+00	2.830637e-02	3.214604e-02	0.000000e+00	4.225277e-03	6.434310e-03	0.000000e+00	0.000000e+00	9.935180e-03	2.055818e-02	3.844401e-03	0.000000e+00	2.531351e-03	1.946439e-02	0.000000e+00	9.079328e-02	7.514663e-01
9.079328e-02	0.000000e+00	3.202398e-02	1.642663e-02	0.000000e+00	0.000000e+00	0.000000e+00	5.522303e-02	0.000000e+00	1.878929e-03	2.495845e-02	1.527733e-02	0.000000e+00	2.147380e-02	2.630981e-03	0.000000e+00	2.830637e-02	3.214604e-02	0.000000e+00	4.225277e-03	6.434310e-03	0.000000e+00	0.000000e+00	9.935180e-03	2.055818e-02	3.844401e-03	0.000000e+00	2.531351e-03	1.946439e-02	0.000000e+00	9.079328e-02	7.514663e-01
9.079328e-02	0.000000e+00	3.202398e-02	1.642663e-02	0.000000e+00	0.000000e+00	0.000000e+00	5.522303e-02	0.000000e+00	1.878929e-03	2.495845e-02	1.527733e-02	0.000000e+00	2.147380e-02	2.630981e-03	0.000000e+00	2.830637e-02	3.214604e-02	0.000000e+00	4.225277e-03	6.434310e-03	0.000000e+00	0.000000e+00	9.935180e-03	2.055818e-02	3.844401e-03	0.000000e+00	2.531351e-03	1.946439e-02	0.000000e+00	9.079328e-02	7.514663e-01
9.079328e-02	0.000000e+00	3.202398e-02	1.642663e-02	0.000000e+00	0.000000e+00	0.000000e+00	5.522303e-02	0.000000e+00	1.878929e-03	2.495845e-02	1.527733e-02	0.000000e+00	2.147380e-02	2.630981e-03	0.000000e+00	2.830637e-02	3.214604e-02	0.000000e+00	4.225277e-03	6.434310e-03	0.000000e+00	0.000000e+00	9.935180e-03	2.055818e-02	3.844401e-03	0.000000e+00	2.531351e-03	1.946439e-02	0.000000e+00	9.079328e-02	7.514663e-01
9.079328e-02	0.000000e+00	3.202398e-02	1.642663e-02	0.000000e+00	0.000000e+00	0.000000e+00	5.522303e-02	0.000000e+00	1.878929e-03	2.495845e-02	1.527733e-02	0.000000e+00	2.147380e-02	2.630981e-03	0.000000e+00	2.830637e-02	3.214604e-02	0.000000e+00	4.225277e-03	6.434310e-03	0.000000e+00	0.000000e+00	9.935180e-03	2.055818e-02	3.844401e-03	0.000000e+00	2.531351e-03	1.946439e-02	0.000000e+00	9.079328e-02	7.514663e-01
6.529764e-02	3.060201e-03	2.871350e-02	2.140791e-02	0.000000e+00	0.000000e+00	0.000000e+00	1.142717e-01	0.000000e+00	2.013138e-03	3.253058e-02	0.000000e+00	0.000000e+00	2.894840e-02	0.000000e+00	0.000000e+00	6.395070e-02	0.000000e+00	0.000000e+00	8.509576e-02	5.882011e-03	0.000000e+00	0.000000e+00	4.088646e-03	0.000000e+00	0.000000e+00	0.000000e+00	0.000000e+00	1.353933e-02	0.000000e+00	6.529764e-02	7.962620e-01
3.980201e-02	0.000000e+00	1.840653e-02	1.642663e-02	3.269175e-03	0.000000e+00	0.000000e+00	1.075032e-01	0.000000e+00	0.000000e+00	2.006906e-02	4.110562e-02	1.819649e-02	2.288041e-02	1.315491e-03	0.000000e+00	1.415319e-02	2.308888e-02	0.000000e+00	5.815122e-03	5.303000e-03	0.000000e+00	0.000000e+00	9.375405e-03	4.111636e-02	1.922201e-03	0.000000e+00	0.000000e+00	1.565726e-02	0.000000e+00	3.980201e-02	8.651680e-01
3.980201e-02	0.000000e+00	1.840653e-02	1.642663e-02	3.269175e-03	0.000000e+00	0.000000e+00	1.075032e-01	0.000000e+00	0.000000e+00	2.006906e-02	4.110562e-02	1.819649e-02	2.288041e-02	1.315491e-03	0.000000e+00	1.415319e-02	2.308888e-02	0.000000e+00	5.815122e-03	5.303000e-03	0.000000e+00	0.000000e+00	9.375405e-03	4.111636e-02	1.922201e-03	0.000000e+00	0.000000e+00	1.565726e-02	0.000000e+00	3.980201e-02	8.651680e-01
2.705419e-02	9.180602e-03	3.202398e-02	2.463994e-02	0.000000e+00	0.000000e+00	0.000000e+00	7.551296e-02	0.000000e+00	1.610511e-03	2.088311e-02	3.470924e-02	5.685852e-02	3.343384e-02	0.000000e+00	1.922220e-02	0.000000e+00	6.275515e-02	0.000000e+00	1.881404e-02	5.699729e-03	0.000000e+00	1.315449e-02	1.406311e-02	2.055818e-02	0.000000e+00	0.000000e+00	0.000000e+00	0.000000e+00	0.000000e+00	2.705419e-02	9.417687e-01
1.177487e-02	6.120401e-03	5.550501e-03	7.482667e-03	5.003257e-03	0.000000e+00	0.000000e+00	1.500263e-01	0.000000e+00	0.000000e+00	2.495845e-02	9.748890e-03	3.025402e-03	0.000000e+00	0.000000e+00	0.000000e+00	5.661274e-02	3.777054e-02	2.015837e-02	5.815122e-03	5.556076e-03	0.000000e+00	1.960294e-04	9.375405e-03	4.111636e-02	0.000000e+00	0.000000e+00	1.846660e-02	7.031972e-04	6.282282e-02	1.177487e-02	1.025598e+00
0.000000e+00	6.120401e-03	1.878724e-02	2.385772e-02	1.307670e-02	0.000000e+00	0.000000e+00	5.367336e-02	0.000000e+00	2.147347e-03	1.938799e-02	5.662572e-02	2.616021e-02	3.190900e-03	0.000000e+00	0.000000e+00	0.000000e+00	5.026284e-02	1.007919e-02	2.907561e-03	7.230592e-03	6.200941e-02	5.083308e-04	9.375405e-03	4.111636e-02	4.252656e-04	0.000000e+00	9.233299e-03	1.406394e-03	0.000000e+00	0.000000e+00	1.129594e+00
