8.368878e-01	0.000000e+00	0.000000e+00	9.219372e-04	3.332155e-02	0.000000e+00	0.000000e+00	8.292402e-03	0.000000e+00	8.362091e-03	4.526301e-02	1.426257e-01	8.038158e-03	3.999806e-02	5.781911e-03	0.000000e+00	0.000000e+00	8.412891e-03	1.590023e-02	1.708292e-02	2.087854e-02	5.958460e-02	4.116395e-03	1.184231e-01	5.414028e-02	2.610576e-02	2.518345e-02	0.000000e+00	7.444097e-03	0.000000e+00	8.368878e-01	-5.680291e-01
8.368878e-01	0.000000e+00	0.000000e+00	9.219372e-04	3.332155e-02	0.000000e+00	0.000000e+00	8.292402e-03	0.000000e+00	8.362091e-03	4.526301e-02	1.426257e-01	8.038158e-03	3.999806e-02	5.781911e-03	0.000000e+00	0.000000e+00	1.562878e-02	1.590023e-02	1.708292e-02	2.087854e-02	5.958460e-02	4.116395e-03	1.184231e-01	5.414028e-02	2.610576e-02	2.518345e-02	0.000000e+00	7.444097e-03	0.000000e+00	8.368878e-01	-5.667237e-01
8.368878e-01	0.000000e+00	0.000000e+00	9.219372e-04	3.332155e-02	0.000000e+00	0.000000e+00	8.292402e-03	0.000000e+00	8.362091e-03	4.526301e-02	1.426257e-01	8.038158e-03	3.999806e-02	5.781911e-03	0.000000e+00	0.000000e+00	1.562878e-02	1.590023e-02	1.708292e-02	2.087854e-02	5.958460e-02	4.116395e-03	1.184231e-01	5.414028e-02	2.610576e-02	2.518345e-02	0.000000e+00	7.444097e-03	0.000000e+00	8.368878e-01	-5.667237e-01
8.368878e-01	0.000000e+00	0.000000e+00	9.219372e-04	3.332155e-02	0.000000e+00	3.358353e-05	8.292402e-03	0.000000e+00	8.362091e-03	4.526301e-02	1.448713e-01	8.038158e-03	3.999806e-02	5.781911e-03	0.000000e+00	0.000000e+00	0.000000e+00	1.590023e-02	1.708292e-02	2.087854e-02	3.262583e-03	2.766988e-02	7.930383e-02	5.414028e-02	2.610576e-02	1.511007e-01	0.000000e+00	4.275599e-02	2.096155e-02	8.368878e-01	-5.491006e-01
8.368878e-01	0.000000e+00	0.000000e+00	9.219372e-04	3.332155e-02	0.000000e+00	3.358353e-05	8.292402e-03	0.000000e+00	8.362091e-03	4.526301e-02	1.448713e-01	8.038158e-03	3.999806e-02	5.781911e-03	0.000000e+00	0.000000e+00	0.000000e+00	1.590023e-02	1.708292e-02	2.087854e-02	3.262583e-03	2.766988e-02	7.930383e-02	5.414028e-02	2.610576e-02	1.511007e-01	0.000000e+00	4.275599e-02	2.096155e-02	8.368878e-01	-5.491006e-01
8.353170e-01	0.000000e+00	0.000000e+00	9.219372e-04	7.214451e-02	2.320590e-03	3.358353e-05	5.697946e-03	0.000000e+00	6.794199e-03	8.353697e-02	1.448713e-01	8.038158e-03	1.999903e-02	5.781911e-03	4.273836e-02	4.367564e-03	1.682578e-02	7.950117e-03	1.708292e-02	6.240532e-02	2.652972e-02	1.589314e-02	1.379827e-01	2.707014e-02	2.610576e-02	0.000000e+00	1.999399e-02	7.444097e-03	1.048078e-02	8.353170e-01	-5.258111e-01
8.353170e-01	0.000000e+00	0.000000e+00	9.219372e-04	7.214451e-02	2.320590e-03	3.358353e-05	5.697946e-03	0.000000e+00	6.794199e-03	8.353697e-02	1.448713e-01	8.038158e-03	1.999903e-02	5.781911e-03	4.273836e-02	4.367564e-03	1.682578e-02	7.950117e-03	1.708292e-02	6.240532e-02	2.652972e-02	1.589314e-02	1.379827e-01	2.707014e-02	2.610576e-02	0.000000e+00	1.999399e-02	7.444097e-03	1.048078e-02	8.353170e-01	-5.258111e-01
8.337463e-01	0.000000e+00	0.000000e+00	9.219372e-04	3.332155e-02	0.000000e+00	2.238902e-05	8.292402e-03	2.906267e-02	8.362091e-03	7.077898e-02	1.448713e-01	8.038158e-03	3.999806e-02	5.781911e-03	0.000000e+00	2.911710e-03	8.412891e-03	1.590023e-02	1.708292e-02	5.339223e-02	5.305943e-02	4.116395e-03	1.184231e-01	5.414028e-02	2.610576e-02	2.518345e-02	1.332933e-02	7.444097e-03	2.096155e-02	8.337463e-01	-5.048001e-01
8.337463e-01	0.000000e+00	0.000000e+00	9.219372e-04	3.332155e-02	0.000000e+00	2.238902e-05	8.292402e-03	2.906267e-02	8.362091e-03	7.077898e-02	1.448713e-01	8.038158e-03	3.999806e-02	5.781911e-03	0.000000e+00	2.911710e-03	8.412891e-03	1.590023e-02	1.708292e-02	5.339223e-02	5.305943e-02	4.116395e-03	1.184231e-01	5.414028e-02	2.610576e-02	2.518345e-02	1.332933e-02	7.444097e-03	2.096155e-02	8.337463e-01	-5.048001e-01
8.337463e-01	0.000000e+00	0.000000e+00	9.219372e-04	3.332155e-02	0.000000e+00	2.238902e-05	5.697946e-03	3.573253e-02	8.788957e-03	7.003060e-02	1.448713e-01	8.038158e-03	1.999903e-02	5.781911e-03	1.435909e-02	7.887448e-03	4.206446e-03	4.630362e-02	1.565934e-02	7.430567e-02	4.653427e-02	4.116395e-03	1.184231e-01	5.414028e-02	2.364311e-02	6.295862e-02	1.332933e-02	7.444097e-03	2.096155e-02	8.337463e-01	-4.905545e-01
8.321755e-01	7.885043e-02	0.000000e+00	9.219372e-04	3.332155e-02	0.000000e+00	4.477804e-05	0.000000e+00	3.334931e-03	8.788957e-03	5.839519e-02	1.452455e-01	8.038158e-03	9.999516e-03	5.781911e-03	0.000000e+00	0.000000e+00	4.206446e-03	0.000000e+00	1.672702e-02	3.133526e-02	6.817011e-02	4.116395e-03	1.184231e-01	5.414028e-02	2.487443e-02	3.777517e-02	1.332933e-02	7.444097e-03	2.096155e-02	8.321755e-01	-4.843985e-01
8.321755e-01	7.885043e-02	0.000000e+00	9.219372e-04	3.332155e-02	0.000000e+00	4.477804e-05	0.000000e+00	3.334931e-03	8.788957e-03	5.839519e-02	1.452455e-01	8.038158e-03	9.999516e-03	5.781911e-03	0.000000e+00	0.000000e+00	4.206446e-03	0.000000e+00	1.672702e-02	3.133526e-02	6.817011e-02	4.116395e-03	1.184231e-01	5.414028e-02	2.487443e-02	3.777517e-02	1.332933e-02	7.444097e-03	2.096155e-02	8.321755e-01	-4.843985e-01
8.321755e-01	7.885043e-02	0.000000e+00	9.219372e-04	3.332155e-02	0.000000e+00	4.477804e-05	0.000000e+00	3.334931e-03	8.788957e-03	5.839519e-02	1.452455e-01	8.038158e-03	9.999516e-03	5.781911e-03	0.000000e+00	0.000000e+00	4.206446e-03	0.000000e+00	1.672702e-02	3.133526e-02	6.817011e-02	4.116395e-03	1.184231e-01	5.414028e-02	2.487443e-02	3.777517e-02	1.332933e-02	7.444097e-03	2.096155e-02	8.321755e-01	-4.843985e-01
8.313901e-01	0.000000e+00	0.000000e+00	9.219372e-04	3.332155e-02	0.000000e+00	4.477804e-05	5.415136e-02	3.334931e-03	9.002390e-03	1.303690e-01	1.450584e-01	8.038158e-03	1.828452e-02	5.781911e-03	1.444947e-02	0.000000e+00	0.000000e+00	0.000000e+00	1.210040e-02	6.327718e-02	5.408961e-02	1.589314e-02	5.974420e-02	1.488858e-01	2.302744e-02	3.777517e-02	1.332933e-02	7.444097e-03	2.096155e-02	8.313901e-01	-4.491387e-01
8.313901e-01	0.000000e+00	0.000000e+00	9.219372e-04	3.332155e-02	0.000000e+00	4.477804e-05	5.415136e-02	3.334931e-03	9.002390e-03	1.303690e-01	1.450584e-01	8.038158e-03	1.828452e-02	5.781911e-03	1.444947e-02	0.000000e+00	0.000000e+00	0.000000e+00	1.210040e-02	6.327718e-02	5.408961e-02	1.589314e-02	5.974420e-02	1.488858e-01	2.302744e-02	3.777517e-02	1.332933e-02	7.444097e-03	2.096155e-02	8.313901e-01	-4.491387e-01
8.313901e-01	0.000000e+00	0.000000e+00	9.219372e-04	3.332155e-02	0.000000e+00	4.477804e-05	5.415136e-02	3.334931e-03	9.002390e-03	1.303690e-01	1.450584e-01	8.038158e-03	1.828452e-02	5.781911e-03	1.444947e-02	0.000000e+00	0.000000e+00	0.000000e+00	1.210040e-02	6.327718e-02	5.408961e-02	1.589314e-02	5.974420e-02	1.488858e-01	2.302744e-02	3.777517e-02	1.332933e-02	7.444097e-03	2.096155e-02	8.313901e-01	-4.491387e-01
8.306048e-01	0.000000e+00	0.000000e+00	9.219372e-04	1.109675e-01	0.000000e+00	4.477804e-05	3.103490e-03	4.240239e-02	9.215823e-03	6.928222e-02	1.456198e-01	8.038158e-03	0.000000e+00	5.781911e-03	2.871818e-02	1.286319e-02	0.000000e+00	0.000000e+00	1.423576e-02	9.521910e-02	4.000910e-02	2.766988e-02	7.930383e-02	1.082806e-01	2.118046e-02	1.007338e-01	2.665866e-02	7.444097e-03	2.096155e-02	8.306048e-01	-4.180199e-01
8.290340e-01	7.885043e-02	0.000000e+00	9.219372e-04	3.332155e-02	0.000000e+00	4.477804e-05	5.415136e-02	3.334931e-03	9.642689e-03	5.839519e-02	1.452455e-01	8.038158e-03	1.828452e-02	5.781911e-03	6.461590e-02	0.000000e+00	0.000000e+00	0.000000e+00	1.281219e-02	1.161325e-01	0.000000e+00	3.944662e-02	5.974420e-02	1.353507e-01	2.487443e-02	3.777517e-02	1.332933e-02	7.444097e-03	2.096155e-02	8.290340e-01	-3.971367e-01
8.290340e-01	9.452822e-02	0.000000e+00	9.219372e-04	3.332155e-02	0.000000e+00	4.477804e-05	5.415136e-02	3.334931e-03	1.511866e-02	0.000000e+00	1.635847e-01	0.000000e+00	0.000000e+00	2.890956e-03	0.000000e+00	0.000000e+00	4.053876e-03	5.435281e-05	1.281219e-02	3.006835e-01	0.000000e+00	3.944662e-02	9.945356e-02	2.634647e-02	8.085397e-02	3.777517e-02	1.999399e-02	0.000000e+00	2.096155e-02	8.290340e-01	-3.855977e-01
8.290340e-01	9.452822e-02	0.000000e+00	9.219372e-04	3.332155e-02	0.000000e+00	4.477804e-05	5.415136e-02	3.334931e-03	1.511866e-02	0.000000e+00	1.635847e-01	0.000000e+00	0.000000e+00	2.890956e-03	0.000000e+00	0.000000e+00	4.053876e-03	5.435281e-05	1.281219e-02	3.006835e-01	0.000000e+00	3.944662e-02	9.945356e-02	2.634647e-02	8.085397e-02	3.777517e-02	6.873660e-02	0.000000e+00	2.096155e-02	8.290340e-01	-3.764623e-01
8.290340e-01	9.452822e-02	0.000000e+00	9.219372e-04	3.332155e-02	0.000000e+00	4.477804e-05	5.415136e-02	3.334931e-03	1.511866e-02	0.000000e+00	1.635847e-01	0.000000e+00	0.000000e+00	2.890956e-03	0.000000e+00	0.000000e+00	4.053876e-03	5.435281e-05	1.281219e-02	3.006835e-01	0.000000e+00	3.944662e-02	9.945356e-02	2.634647e-02	8.085397e-02	3.777517e-02	6.873660e-02	0.000000e+00	2.096155e-02	8.290340e-01	-3.764623e-01
8.290340e-01	7.885043e-02	0.000000e+00	9.219372e-04	3.332155e-02	0.000000e+00	4.477804e-05	5.415136e-02	3.334931e-03	9.642689e-03	0.000000e+00	1.452455e-01	8.038158e-03	1.828452e-02	5.781911e-03	0.000000e+00	0.000000e+00	0.000000e+00	0.000000e+00	1.281219e-02	3.006835e-01	0.000000e+00	3.944662e-02	9.945356e-02	1.353507e-01	2.487443e-02	3.777517e-02	0.000000e+00	7.444097e-03	1.542292e-01	8.290340e-01	-3.556058e-01
8.290340e-01	7.885043e-02	0.000000e+00	9.219372e-04	3.332155e-02	0.000000e+00	4.477804e-05	5.415136e-02	3.334931e-03	9.642689e-03	0.000000e+00	1.452455e-01	8.038158e-03	1.828452e-02	5.781911e-03	0.000000e+00	0.000000e+00	0.000000e+00	0.000000e+00	1.281219e-02	3.006835e-01	0.000000e+00	3.944662e-02	9.945356e-02	1.353507e-01	2.487443e-02	3.777517e-02	0.000000e+00	7.444097e-03	1.542292e-01	8.290340e-01	-3.556058e-01
8.290340e-01	7.885043e-02	0.000000e+00	9.219372e-04	3.332155e-02	0.000000e+00	4.477804e-05	5.415136e-02	3.334931e-03	9.642689e-03	0.000000e+00	1.452455e-01	8.038158e-03	1.828452e-02	5.781911e-03	0.000000e+00	0.000000e+00	0.000000e+00	0.000000e+00	1.281219e-02	3.006835e-01	0.000000e+00	3.944662e-02	9.945356e-02	1.353507e-01	2.487443e-02	3.777517e-02	0.000000e+00	7.444097e-03	1.542292e-01	8.290340e-01	-3.556058e-01
8.290340e-01	7.885043e-02	0.000000e+00	9.219372e-04	3.332155e-02	0.000000e+00	4.477804e-05	5.415136e-02	3.334931e-03	9.642689e-03	0.000000e+00	1.452455e-01	8.038158e-03	1.828452e-02	5.781911e-03	0.000000e+00	0.000000e+00	0.000000e+00	0.000000e+00	1.281219e-02	3.006835e-01	0.000000e+00	3.944662e-02	9.945356e-02	1.353507e-01	2.487443e-02	3.777517e-02	0.000000e+00	7.444097e-03	1.542292e-01	8.290340e-01	-3.556058e-01
6.466363e-01	7.885043e-02	0.000000e+00	9.219372e-04	3.332155e-02	0.000000e+00	4.477804e-05	5.415136e-02	3.334931e-03	1.286329e-02	0.000000e+00	1.452455e-01	0.000000e+00	0.000000e+00	5.781911e-03	6.461590e-02	0.000000e+00	0.000000e+00	1.087056e-04	1.281219e-02	1.161325e-01	0.000000e+00	3.944662e-02	9.945356e-02	2.634647e-02	6.280979e-02	3.777517e-02	1.332933e-02	7.444097e-03	0.000000e+00	6.466363e-01	-2.902457e-01
6.466363e-01	7.885043e-02	0.000000e+00	9.219372e-04	3.332155e-02	0.000000e+00	4.477804e-05	5.415136e-02	3.334931e-03	1.286329e-02	0.000000e+00	1.452455e-01	0.000000e+00	0.000000e+00	5.781911e-03	6.461590e-02	0.000000e+00	0.000000e+00	1.087056e-04	1.281219e-02	1.161325e-01	0.000000e+00	3.944662e-02	9.945356e-02	2.634647e-02	6.280979e-02	3.777517e-02	1.332933e-02	7.444097e-03	0.000000e+00	6.466363e-01	-2.902457e-01
6.466363e-01	7.885043e-02	0.000000e+00	9.219372e-04	3.332155e-02	0.000000e+00	4.477804e-05	5.415136e-02	3.334931e-03	1.286329e-02	0.000000e+00	1.452455e-01	0.000000e+00	0.000000e+00	5.781911e-03	6.461590e-02	0.000000e+00	0.000000e+00	1.087056e-04	1.281219e-02	1.161325e-01	0.000000e+00	3.944662e-02	9.945356e-02	2.634647e-02	6.280979e-02	3.777517e-02	1.332933e-02	7.444097e-03	0.000000e+00	6.466363e-01	-2.902457e-01
6.466363e-01	7.885043e-02	0.000000e+00	9.219372e-04	3.332155e-02	0.000000e+00	4.477804e-05	5.415136e-02	3.334931e-03	1.286329e-02	0.000000e+00	1.452455e-01	0.000000e+00	0.000000e+00	5.781911e-03	6.461590e-02	0.000000e+00	0.000000e+00	1.087056e-04	1.281219e-02	1.161325e-01	0.000000e+00	3.944662e-02	9.945356e-02	2.634647e-02	6.280979e-02	3.777517e-02	1.332933e-02	7.444097e-03	0.000000e+00	6.466363e-01	-2.902457e-01
6.447371e-01	7.885043e-02	0.000000e+00	1.635500e-03	2.820447e-02	0.000000e+00	4.922509e-04	2.470238e-02	3.334931e-03	1.286329e-02	0.000000e+00	1.276108e-01	0.000000e+00	0.000000e+00	4.028044e-03	1.470510e-02	1.598311e-02	1.061334e-03	6.044556e-05	1.841752e-02	1.435254e-01	0.000000e+00	0.000000e+00	3.875963e-02	9.879925e-03	9.629645e-02	1.939177e-03	4.769763e-02	3.784217e-02	1.722283e-02	6.447371e-01	-2.996308e-01
6.447371e-01	7.885043e-02	0.000000e+00	1.635500e-03	2.820447e-02	0.000000e+00	4.922509e-04	2.470238e-02	3.334931e-03	1.286329e-02	0.000000e+00	1.276108e-01	0.000000e+00	0.000000e+00	4.028044e-03	1.470510e-02	1.598311e-02	1.061334e-03	6.044556e-05	1.841752e-02	1.435254e-01	0.000000e+00	0.000000e+00	3.875963e-02	9.879925e-03	9.629645e-02	1.939177e-03	4.769763e-02	3.784217e-02	1.722283e-02	6.447371e-01	-2.996308e-01
6.429568e-01	7.436183e-02	0.000000e+00	1.635500e-03	3.332155e-02	1.814963e-03	4.922509e-04	5.415136e-02	3.334931e-03	1.286329e-02	0.000000e+00	1.398116e-01	0.000000e+00	8.422887e-03	0.000000e+00	6.461590e-02	2.051113e-02	0.000000e+00	2.052257e-04	0.000000e+00	1.161325e-01	0.000000e+00	1.954896e-02	4.217063e-02	1.317323e-02	6.483319e-02	0.000000e+00	4.769763e-02	7.444097e-03	1.916628e-02	6.429568e-01	-2.856601e-01
6.374414e-01	6.759711e-02	0.000000e+00	1.635500e-03	3.332155e-02	0.000000e+00	4.922509e-04	4.061352e-02	3.334931e-03	0.000000e+00	2.613713e-02	1.276108e-01	0.000000e+00	0.000000e+00	4.028044e-03	1.470510e-02	1.598311e-02	1.061334e-03	2.184049e-03	1.841752e-02	1.435254e-01	0.000000e+00	0.000000e+00	3.875963e-02	9.879925e-03	3.890711e-02	1.939177e-03	1.626889e-03	3.784217e-02	1.722283e-02	6.374414e-01	-2.626015e-01
6.374414e-01	6.759711e-02	0.000000e+00	1.635500e-03	3.332155e-02	0.000000e+00	4.922509e-04	4.061352e-02	3.334931e-03	0.000000e+00	2.613713e-02	1.276108e-01	0.000000e+00	0.000000e+00	4.028044e-03	1.470510e-02	1.598311e-02	1.061334e-03	2.184049e-03	1.841752e-02	1.435254e-01	0.000000e+00	0.000000e+00	3.875963e-02	9.879925e-03	3.890711e-02	1.939177e-03	1.626889e-03	3.784217e-02	1.722283e-02	6.374414e-01	-2.626015e-01
6.346836e-01	6.421474e-02	0.000000e+00	1.635500e-03	0.000000e+00	0.000000e+00	4.922509e-04	3.384460e-02	3.334931e-03	0.000000e+00	2.613713e-02	1.215104e-01	0.000000e+00	0.000000e+00	4.028044e-03	0.000000e+00	1.371910e-02	1.592002e-03	2.184049e-03	1.841752e-02	1.572218e-01	0.000000e+00	0.000000e+00	3.705412e-02	8.233271e-03	2.594406e-02	2.908765e-03	0.000000e+00	3.784217e-02	1.722283e-02	6.346836e-01	-2.485052e-01
6.346836e-01	6.421474e-02	0.000000e+00	1.635500e-03	0.000000e+00	0.000000e+00	4.922509e-04	3.384460e-02	3.334931e-03	0.000000e+00	2.613713e-02	1.215104e-01	0.000000e+00	0.000000e+00	4.028044e-03	0.000000e+00	1.371910e-02	1.592002e-03	2.184049e-03	1.841752e-02	1.572218e-01	0.000000e+00	0.000000e+00	3.705412e-02	8.233271e-03	2.594406e-02	2.908765e-03	0.000000e+00	3.784217e-02	1.722283e-02	6.346836e-01	-2.485052e-01
6.346836e-01	6.421474e-02	0.000000e+00	1.635500e-03	0.000000e+00	0.000000e+00	4.922509e-04	3.384460e-02	3.334931e-03	0.000000e+00	2.613713e-02	1.215104e-01	0.000000e+00	0.000000e+00	4.028044e-03	0.000000e+00	1.371910e-02	1.592002e-03	2.184049e-03	1.841752e-02	1.572218e-01	0.000000e+00	0.000000e+00	3.705412e-02	8.233271e-03	2.594406e-02	2.908765e-03	0.000000e+00	3.784217e-02	1.722283e-02	6.346836e-01	-2.485052e-01
6.346836e-01	6.421474e-02	0.000000e+00	1.635500e-03	0.000000e+00	0.000000e+00	4.922509e-04	3.384460e-02	3.334931e-03	0.000000e+00	2.613713e-02	1.215104e-01	0.000000e+00	0.000000e+00	4.028044e-03	0.000000e+00	1.371910e-02	1.592002e-03	2.184049e-03	1.841752e-02	1.572218e-01	0.000000e+00	0.000000e+00	3.705412e-02	8.233271e-03	2.594406e-02	2.908765e-03	0.000000e+00	3.784217e-02	1.722283e-02	6.346836e-01	-2.485052e-01
6.346836e-01	6.421474e-02	0.000000e+00	1.635500e-03	0.000000e+00	0.000000e+00	4.922509e-04	3.384460e-02	3.334931e-03	0.000000e+00	2.613713e-02	1.215104e-01	0.000000e+00	0.000000e+00	4.028044e-03	0.000000e+00	1.371910e-02	1.592002e-03	2.184049e-03	1.841752e-02	1.572218e-01	0.000000e+00	0.000000e+00	3.705412e-02	8.233271e-03	2.594406e-02	2.908765e-03	0.000000e+00	3.784217e-02	1.722283e-02	6.346836e-01	-2.485052e-01
6.346836e-01	6.421474e-02	0.000000e+00	1.635500e-03	0.000000e+00	0.000000e+00	4.922509e-04	3.384460e-02	3.334931e-03	0.000000e+00	2.613713e-02	1.215104e-01	0.000000e+00	0.000000e+00	4.028044e-03	0.000000e+00	1.371910e-02	1.592002e-03	2.184049e-03	1.841752e-02	1.572218e-01	0.000000e+00	0.000000e+00	3.705412e-02	8.233271e-03	2.594406e-02	2.908765e-03	0.000000e+00	3.784217e-02	1.722283e-02	6.346836e-01	-2.485052e-01
6.287188e-01	2.123368e-03	0.000000e+00	0.000000e+00	0.000000e+00	0.000000e+00	6.713630e-04	0.000000e+00	5.002396e-03	1.129539e-02	7.980651e-04	1.343437e-01	0.000000e+00	0.000000e+00	1.341818e-02	6.461590e-02	0.000000e+00	6.547956e-02	2.052257e-04	0.000000e+00	2.997819e-01	0.000000e+00	0.000000e+00	4.391567e-02	0.000000e+00	6.598023e-02	0.000000e+00	0.000000e+00	0.000000e+00	2.307792e-02	6.287188e-01	-1.448240e-01
6.287188e-01	2.123368e-03	0.000000e+00	0.000000e+00	0.000000e+00	0.000000e+00	6.713630e-04	0.000000e+00	5.002396e-03	1.129539e-02	7.980651e-04	1.343437e-01	0.000000e+00	0.000000e+00	1.341818e-02	6.461590e-02	0.000000e+00	6.547956e-02	2.052257e-04	0.000000e+00	2.997819e-01	0.000000e+00	0.000000e+00	4.391567e-02	0.000000e+00	6.598023e-02	0.000000e+00	0.000000e+00	0.000000e+00	2.307792e-02	6.287188e-01	-1.448240e-01
6.262201e-01	4.246736e-03	0.000000e+00	1.635500e-03	0.000000e+00	2.171957e-03	2.461254e-04	3.384460e-02	0.000000e+00	0.000000e+00	2.613713e-02	8.635169e-02	2.555136e-02	1.218508e-02	1.012053e-01	0.000000e+00	7.284879e-03	0.000000e+00	2.184049e-03	9.208759e-03	2.739329e-01	0.000000e+00	0.000000e+00	3.705412e-02	4.116635e-03	2.594406e-02	1.454382e-03	0.000000e+00	3.784217e-02	5.512659e-03	6.262201e-01	-1.156580e-01
6.262201e-01	3.185052e-03	0.000000e+00	0.000000e+00	1.541933e-02	4.343915e-03	3.356815e-04	2.406021e-02	0.000000e+00	5.647697e-03	4.341909e-02	5.119295e-02	0.000000e+00	2.437015e-02	0.000000e+00	0.000000e+00	8.506595e-04	0.000000e+00	1.017674e-02	0.000000e+00	2.739329e-01	0.000000e+00	1.893171e-01	2.195784e-02	0.000000e+00	4.596215e-02	7.271912e-04	0.000000e+00	1.892108e-02	1.429529e-02	6.262201e-01	-1.056884e-01
6.262201e-01	3.185052e-03	0.000000e+00	0.000000e+00	1.541933e-02	4.343915e-03	3.356815e-04	2.406021e-02	0.000000e+00	5.647697e-03	4.341909e-02	5.119295e-02	0.000000e+00	2.437015e-02	0.000000e+00	0.000000e+00	8.506595e-04	0.000000e+00	1.017674e-02	0.000000e+00	2.739329e-01	0.000000e+00	1.893171e-01	2.195784e-02	0.000000e+00	4.596215e-02	7.271912e-04	0.000000e+00	1.892108e-02	1.429529e-02	6.262201e-01	-1.056884e-01
6.262201e-01	3.185052e-03	0.000000e+00	0.000000e+00	1.541933e-02	4.343915e-03	3.356815e-04	2.406021e-02	0.000000e+00	5.647697e-03	4.341909e-02	5.119295e-02	0.000000e+00	2.437015e-02	0.000000e+00	0.000000e+00	8.506595e-04	0.000000e+00	1.017674e-02	0.000000e+00	2.739329e-01	0.000000e+00	1.893171e-01	2.195784e-02	0.000000e+00	4.596215e-02	7.271912e-04	0.000000e+00	1.892108e-02	1.429529e-02	6.262201e-01	-1.056884e-01
6.262201e-01	3.185052e-03	0.000000e+00	0.000000e+00	1.541933e-02	4.343915e-03	3.356815e-04	2.406021e-02	0.000000e+00	5.647697e-03	4.341909e-02	5.119295e-02	0.000000e+00	2.437015e-02	0.000000e+00	0.000000e+00	8.506595e-04	0.000000e+00	1.017674e-02	0.000000e+00	2.739329e-01	0.000000e+00	1.893171e-01	2.195784e-02	0.000000e+00	4.596215e-02	7.271912e-04	0.000000e+00	1.892108e-02	1.429529e-02	6.262201e-01	-1.056884e-01
6.262201e-01	3.185052e-03	0.000000e+00	0.000000e+00	1.541933e-02	4.343915e-03	3.356815e-04	2.406021e-02	0.000000e+00	5.647697e-03	4.341909e-02	5.119295e-02	0.000000e+00	2.437015e-02	0.000000e+00	0.000000e+00	8.506595e-04	0.000000e+00	1.017674e-02	0.000000e+00	2.739329e-01	0.000000e+00	1.893171e-01	2.195784e-02	0.000000e+00	4.596215e-02	7.271912e-04	0.000000e+00	1.892108e-02	1.429529e-02	6.262201e-01	-1.056884e-01
6.262201e-01	3.185052e-03	0.000000e+00	0.000000e+00	1.541933e-02	4.343915e-03	3.356815e-04	2.406021e-02	0.000000e+00	5.647697e-03	4.341909e-02	5.119295e-02	0.000000e+00	2.437015e-02	0.000000e+00	0.000000e+00	8.506595e-04	0.000000e+00	1.017674e-02	0.000000e+00	2.739329e-01	0.000000e+00	1.893171e-01	2.195784e-02	0.000000e+00	4.596215e-02	7.271912e-04	0.000000e+00	1.892108e-02	1.429529e-02	6.262201e-01	-1.056884e-01
4.519158e-01	0.000000e+00	0.000000e+00	0.000000e+00	1.027955e-02	4.343915e-03	0.000000e+00	4.336181e-02	0.000000e+00	2.440174e-02	0.000000e+00	5.119295e-02	0.000000e+00	2.437015e-02	0.000000e+00	0.000000e+00	8.506595e-04	0.000000e+00	1.416019e-02	0.000000e+00	2.739329e-01	0.000000e+00	1.893171e-01	0.000000e+00	0.000000e+00	0.000000e+00	0.000000e+00	0.000000e+00	0.000000e+00	7.362475e-02	4.519158e-01	2.658603e-02
4.519158e-01	0.000000e+00	0.000000e+00	0.000000e+00	1.027955e-02	4.343915e-03	0.000000e+00	4.336181e-02	0.000000e+00	2.440174e-02	0.000000e+00	5.119295e-02	0.000000e+00	2.437015e-02	0.000000e+00	0.000000e+00	8.506595e-04	0.000000e+00	1.416019e-02	0.000000e+00	2.739329e-01	0.000000e+00	1.893171e-01	0.000000e+00	0.000000e+00	0.000000e+00	0.000000e+00	0.000000e+00	0.000000e+00	7.362475e-02	4.519158e-01	2.658603e-02
4.519158e-01	0.000000e+00	0.000000e+00	0.000000e+00	1.027955e-02	4.343915e-03	0.000000e+00	4.336181e-02	0.000000e+00	2.440174e-02	0.000000e+00	5.119295e-02	0.000000e+00	2.437015e-02	0.000000e+00	0.000000e+00	8.506595e-04	0.000000e+00	1.416019e-02	0.000000e+00	2.739329e-01	0.000000e+00	1.893171e-01	0.000000e+00	0.000000e+00	0.000000e+00	0.000000e+00	0.000000e+00	0.000000e+00	7.362475e-02	4.519158e-01	2.658603e-02
4.519158e-01	0.000000e+00	0.000000e+00	0.000000e+00	1.027955e-02	4.343915e-03	0.000000e+00	4.336181e-02	0.000000e+00	2.440174e-02	0.000000e+00	5.119295e-02	0.000000e+00	2.437015e-02	0.000000e+00	0.000000e+00	8.506595e-04	0.000000e+00	1.416019e-02	0.000000e+00	2.739329e-01	0.000000e+00	1.893171e-01	0.000000e+00	0.000000e+00	0.000000e+00	0.000000e+00	0.000000e+00	0.000000e+00	7.362475e-02	4.519158e-01	2.658603e-02
4.519158e-01	0.000000e+00	0.000000e+00	0.000000e+00	1.027955e-02	4.343915e-03	0.000000e+00	4.336181e-02	0.000000e+00	2.440174e-02	0.000000e+00	5.119295e-02	0.000000e+00	2.437015e-02	0.000000e+00	0.000000e+00	8.506595e-04	0.000000e+00	1.416019e-02	0.000000e+00	2.739329e-01	0.000000e+00	1.893171e-01	0.000000e+00	0.000000e+00	0.000000e+00	0.000000e+00	0.000000e+00	0.000000e+00	7.362475e-02	4.519158e-01	2.658603e-02
4.519158e-01	0.000000e+00	0.000000e+00	0.000000e+00	1.027955e-02	4.343915e-03	0.000000e+00	4.336181e-02	0.000000e+00	2.440174e-02	0.000000e+00	5.119295e-02	0.000000e+00	2.437015e-02	0.000000e+00	0.000000e+00	8.506595e-04	0.000000e+00	1.416019e-02	0.000000e+00	2.739329e-01	0.000000e+00	1.893171e-01	0.000000e+00	0.000000e+00	0.000000e+00	0.000000e+00	0.000000e+00	0.000000e+00	7.362475e-02	4.519158e-01	2.658603e-02
4.519158e-01	0.000000e+00	0.000000e+00	0.000000e+00	1.027955e-02	4.343915e-03	0.000000e+00	4.336181e-02	0.000000e+00	2.440174e-02	0.000000e+00	5.119295e-02	0.000000e+00	2.437015e-02	0.000000e+00	0.000000e+00	8.506595e-04	0.000000e+00	1.416019e-02	0.000000e+00	2.739329e-01	0.000000e+00	1.893171e-01	0.000000e+00	0.000000e+00	0.000000e+00	0.000000e+00	0.000000e+00	0.000000e+00	7.362475e-02	4.519158e-01	2.658603e-02
4.519158e-01	0.000000e+00	0.000000e+00	0.000000e+00	1.027955e-02	4.343915e-03	0.000000e+00	4.336181e-02	0.000000e+00	2.440174e-02	0.000000e+00	5.119295e-02	0.000000e+00	2.437015e-02	0.000000e+00	0.000000e+00	8.506595e-04	0.000000e+00	1.416019e-02	0.000000e+00	2.739329e-01	0.000000e+00	1.893171e-01	0.000000e+00	0.000000e+00	0.000000e+00	0.000000e+00	0.000000e+00	0.000000e+00	7.362475e-02	4.519158e-01	2.658603e-02
4.480535e-01	0.000000e+00	0.000000e+00	0.000000e+00	3.554618e-02	4.343915e-03	0.000000e+00	4.396770e-02	0.000000e+00	2.440174e-02	0.000000e+00	5.119295e-02	0.000000e+00	2.829499e-02	0.000000e+00	0.000000e+00	1.488654e-03	0.000000e+00	1.364432e-02	0.000000e+00	2.739329e-01	0.000000e+00	1.893171e-01	0.000000e+00	0.000000e+00	0.000000e+00	0.000000e+00	4.603587e-04	0.000000e+00	7.893209e-02	4.480535e-01	4.137516e-02
4.441912e-01	0.000000e+00	2.953733e-03	3.873724e-04	9.994009e-03	2.143005e-02	0.000000e+00	4.336181e-02	0.000000e+00	1.742859e-02	2.446173e-03	2.973754e-02	0.000000e+00	2.698671e-02	2.579801e-02	0.000000e+00	1.063324e-03	3.184003e-04	0.000000e+00	0.000000e+00	2.997819e-01	0.000000e+00	1.611808e-01	0.000000e+00	0.000000e+00	5.761529e-03	0.000000e+00	9.207173e-04	0.000000e+00	4.394354e-02	4.441912e-01	4.370228e-02
4.364666e-01	3.581459e-02	2.953733e-03	7.747447e-04	5.024772e-02	2.603332e-03	0.000000e+00	1.211781e-03	1.027172e-03	1.045544e-02	7.338520e-03	0.000000e+00	0.000000e+00	2.829499e-02	2.579801e-02	0.000000e+00	1.275989e-03	3.184003e-04	0.000000e+00	0.000000e+00	2.152168e-01	0.000000e+00	1.611808e-01	1.533211e-02	0.000000e+00	1.431968e-02	0.000000e+00	0.000000e+00	0.000000e+00	7.131162e-03	4.364666e-01	6.501507e-02
4.364666e-01	3.581459e-02	2.953733e-03	7.747447e-04	5.024772e-02	2.603332e-03	0.000000e+00	1.211781e-03	1.027172e-03	1.045544e-02	7.338520e-03	0.000000e+00	0.000000e+00	2.829499e-02	2.579801e-02	0.000000e+00	1.275989e-03	3.184003e-04	0.000000e+00	0.000000e+00	2.152168e-01	0.000000e+00	1.611808e-01	1.533211e-02	0.000000e+00	1.431968e-02	0.000000e+00	0.000000e+00	0.000000e+00	7.131162e-03	4.364666e-01	6.501507e-02
4.364666e-01	3.581459e-02	2.953733e-03	7.747447e-04	5.024772e-02	2.603332e-03	0.000000e+00	1.211781e-03	1.027172e-03	1.045544e-02	7.338520e-03	0.000000e+00	0.000000e+00	2.829499e-02	2.579801e-02	0.000000e+00	1.275989e-03	3.184003e-04	0.000000e+00	0.000000e+00	2.152168e-01	0.000000e+00	1.611808e-01	1.533211e-02	0.000000e+00	1.431968e-02	0.000000e+00	0.000000e+00	0.000000e+00	7.131162e-03	4.364666e-01	6.501507e-02
4.313420e-01	7.397540e-03	3.322949e-03	0.000000e+00	2.997809e-02	1.201669e-02	0.000000e+00	1.211781e-03	1.883149e-03	1.741146e-03	2.815393e-02	9.219900e-02	0.000000e+00	5.732288e-02	1.289900e-02	0.000000e+00	8.506595e-04	1.896923e-02	0.000000e+00	2.107603e-03	2.574994e-01	0.000000e+00	1.675158e-01	3.833027e-03	0.000000e+00	7.159839e-03	0.000000e+00	0.000000e+00	0.000000e+00	3.565581e-03	4.313420e-01	1.353998e-01
4.313420e-01	7.397540e-03	3.322949e-03	0.000000e+00	2.997809e-02	1.201669e-02	0.000000e+00	1.211781e-03	1.883149e-03	1.741146e-03	2.815393e-02	9.219900e-02	0.000000e+00	5.732288e-02	1.289900e-02	0.000000e+00	8.506595e-04	1.896923e-02	0.000000e+00	2.107603e-03	2.574994e-01	0.000000e+00	1.675158e-01	3.833027e-03	0.000000e+00	7.159839e-03	0.000000e+00	0.000000e+00	0.000000e+00	3.565581e-03	4.313420e-01	1.353998e-01
4.313420e-01	7.397540e-03	3.322949e-03	0.000000e+00	2.997809e-02	1.201669e-02	0.000000e+00	1.211781e-03	1.883149e-03	1.741146e-03	2.815393e-02	9.219900e-02	0.000000e+00	5.732288e-02	1.289900e-02	0.000000e+00	8.506595e-04	1.896923e-02	0.000000e+00	2.107603e-03	2.574994e-01	0.000000e+00	1.675158e-01	3.833027e-03	0.000000e+00	7.159839e-03	0.000000e+00	0.000000e+00	0.000000e+00	3.565581e-03	4.313420e-01	1.353998e-01
4.214518e-01	7.397540e-03	1.181493e-02	9.544224e-04	9.898828e-03	2.603332e-03	7.469570e-03	4.336181e-02	2.054344e-03	0.000000e+00	2.815393e-02	9.219900e-02	0.000000e+00	7.895972e-02	0.000000e+00	0.000000e+00	8.081265e-04	0.000000e+00	4.882752e-04	6.352972e-03	1.953817e-01	0.000000e+00	1.608257e-01	0.000000e+00	0.000000e+00	6.350684e-03	0.000000e+00	0.000000e+00	0.000000e+00	0.000000e+00	4.214518e-01	2.281549e-01
4.214518e-01	7.397540e-03	3.866693e-02	0.000000e+00	5.039049e-02	1.201669e-02	7.469570e-03	1.211781e-03	6.847814e-04	0.000000e+00	2.815393e-02	9.219900e-02	0.000000e+00	7.895972e-02	2.490652e-02	0.000000e+00	8.506595e-04	0.000000e+00	3.610525e-03	0.000000e+00	2.574994e-01	0.000000e+00	1.675158e-01	1.149908e-02	0.000000e+00	7.159839e-03	0.000000e+00	4.603587e-04	0.000000e+00	0.000000e+00	4.214518e-01	2.578872e-01
4.166862e-01	0.000000e+00	1.993769e-02	0.000000e+00	1.008919e-02	0.000000e+00	1.721194e-02	6.504271e-02	1.369563e-03	6.973148e-03	1.442817e-02	1.050619e-01	0.000000e+00	7.156868e-02	0.000000e+00	0.000000e+00	0.000000e+00	0.000000e+00	2.819145e-04	8.490739e-03	2.131975e-01	9.493550e-04	1.596051e-01	7.666054e-03	0.000000e+00	4.656878e-03	3.621685e-03	0.000000e+00	0.000000e+00	0.000000e+00	4.166862e-01	2.987210e-01
4.166862e-01	0.000000e+00	1.993769e-02	0.000000e+00	1.008919e-02	0.000000e+00	1.721194e-02	6.504271e-02	1.369563e-03	6.973148e-03	1.442817e-02	1.050619e-01	0.000000e+00	7.156868e-02	0.000000e+00	0.000000e+00	0.000000e+00	0.000000e+00	2.819145e-04	8.490739e-03	2.131975e-01	9.493550e-04	1.596051e-01	7.666054e-03	0.000000e+00	4.656878e-03	3.621685e-03	0.000000e+00	0.000000e+00	0.000000e+00	4.166862e-01	2.987210e-01
4.166862e-01	3.581459e-02	1.624553e-02	4.974590e-02	1.008919e-02	2.603332e-03	5.163581e-02	6.443682e-02	1.369563e-03	1.045544e-02	3.856164e-02	2.434486e-01	0.000000e+00	7.156868e-02	0.000000e+00	0.000000e+00	0.000000e+00	0.000000e+00	4.228718e-04	2.547222e-02	2.152168e-01	0.000000e+00	1.596051e-01	7.666054e-03	0.000000e+00	4.656878e-03	0.000000e+00	0.000000e+00	0.000000e+00	0.000000e+00	4.166862e-01	3.648695e-01
2.563562e-01	3.581459e-02	1.181493e-02	7.747447e-04	9.708466e-03	2.603332e-03	3.442387e-02	4.336181e-02	2.054344e-03	1.045544e-02	2.815393e-02	1.114021e-01	0.000000e+00	1.970945e-02	0.000000e+00	0.000000e+00	0.000000e+00	0.000000e+00	2.819145e-04	1.698148e-02	2.152168e-01	0.000000e+00	1.608257e-01	0.000000e+00	0.000000e+00	1.431968e-02	0.000000e+00	0.000000e+00	0.000000e+00	0.000000e+00	2.563562e-01	4.116498e-01
2.563562e-01	3.581459e-02	1.181493e-02	7.747447e-04	9.708466e-03	2.603332e-03	3.442387e-02	4.336181e-02	2.054344e-03	1.045544e-02	2.815393e-02	1.114021e-01	0.000000e+00	1.970945e-02	0.000000e+00	0.000000e+00	0.000000e+00	0.000000e+00	2.819145e-04	1.698148e-02	2.152168e-01	0.000000e+00	1.608257e-01	0.000000e+00	0.000000e+00	1.431968e-02	0.000000e+00	0.000000e+00	0.000000e+00	0.000000e+00	2.563562e-01	4.116498e-01
2.563562e-01	3.581459e-02	1.181493e-02	7.747447e-04	9.708466e-03	2.603332e-03	3.442387e-02	4.336181e-02	2.054344e-03	1.045544e-02	2.815393e-02	1.114021e-01	0.000000e+00	1.970945e-02	0.000000e+00	0.000000e+00	0.000000e+00	0.000000e+00	2.819145e-04	1.698148e-02	2.152168e-01	0.000000e+00	1.608257e-01	0.000000e+00	0.000000e+00	1.431968e-02	0.000000e+00	0.000000e+00	0.000000e+00	0.000000e+00	2.563562e-01	4.116498e-01
2.563562e-01	3.581459e-02	1.181493e-02	7.747447e-04	9.708466e-03	2.603332e-03	3.442387e-02	4.336181e-02	2.054344e-03	1.045544e-02	2.815393e-02	1.114021e-01	0.000000e+00	1.970945e-02	0.000000e+00	0.000000e+00	0.000000e+00	0.000000e+00	2.819145e-04	1.698148e-02	2.152168e-01	0.000000e+00	1.608257e-01	0.000000e+00	0.000000e+00	1.431968e-02	0.000000e+00	0.000000e+00	0.000000e+00	0.000000e+00	2.563562e-01	4.116498e-01
2.563562e-01	3.581459e-02	1.181493e-02	7.747447e-04	9.708466e-03	2.603332e-03	3.442387e-02	4.336181e-02	2.054344e-03	1.045544e-02	2.815393e-02	1.114021e-01	0.000000e+00	1.970945e-02	0.000000e+00	0.000000e+00	0.000000e+00	0.000000e+00	2.819145e-04	1.698148e-02	2.152168e-01	0.000000e+00	1.608257e-01	0.000000e+00	0.000000e+00	1.431968e-02	0.000000e+00	0.000000e+00	0.000000e+00	0.000000e+00	2.563562e-01	4.116498e-01
2.563562e-01	3.581459e-02	1.181493e-02	7.747447e-04	9.708466e-03	2.603332e-03	3.442387e-02	4.336181e-02	2.054344e-03	1.045544e-02	2.815393e-02	1.114021e-01	0.000000e+00	1.970945e-02	0.000000e+00	0.000000e+00	0.000000e+00	0.000000e+00	2.819145e-04	1.698148e-02	2.152168e-01	0.000000e+00	1.608257e-01	0.000000e+00	0.000000e+00	1.431968e-02	0.000000e+00	0.000000e+00	0.000000e+00	0.000000e+00	2.563562e-01	4.116498e-01
2.563562e-01	3.581459e-02	1.181493e-02	7.747447e-04	9.708466e-03	2.603332e-03	3.442387e-02	4.336181e-02	2.054344e-03	1.045544e-02	2.815393e-02	1.114021e-01	0.000000e+00	1.970945e-02	0.000000e+00	0.000000e+00	0.000000e+00	0.000000e+00	2.819145e-04	1.698148e-02	2.152168e-01	0.000000e+00	1.608257e-01	0.000000e+00	0.000000e+00	1.431968e-02	0.000000e+00	0.000000e+00	0.000000e+00	0.000000e+00	2.563562e-01	4.116498e-01
2.563562e-01	3.581459e-02	1.181493e-02	7.747447e-04	9.708466e-03	2.603332e-03	3.442387e-02	4.336181e-02	2.054344e-03	1.045544e-02	2.815393e-02	1.114021e-01	0.000000e+00	1.970945e-02	0.000000e+00	0.000000e+00	0.000000e+00	0.000000e+00	2.819145e-04	1.698148e-02	2.152168e-01	0.000000e+00	1.608257e-01	0.000000e+00	0.000000e+00	1.431968e-02	0.000000e+00	0.000000e+00	0.000000e+00	0.000000e+00	2.563562e-01	4.116498e-01
2.563562e-01	3.581459e-02	1.181493e-02	7.747447e-04	9.708466e-03	2.603332e-03	3.442387e-02	4.336181e-02	2.054344e-03	1.045544e-02	2.815393e-02	1.114021e-01	0.000000e+00	1.970945e-02	0.000000e+00	0.000000e+00	0.000000e+00	0.000000e+00	2.819145e-04	1.698148e-02	2.152168e-01	0.000000e+00	1.608257e-01	0.000000e+00	0.000000e+00	1.431968e-02	0.000000e+00	0.000000e+00	0.000000e+00	0.000000e+00	2.563562e-01	4.116498e-01
2.392074e-01	1.479508e-02	9.684186e-03	5.746950e-04	9.898828e-03	3.254165e-03	1.721194e-02	6.217173e-02	1.027172e-03	0.000000e+00	1.756019e-04	4.032629e-02	0.000000e+00	1.478209e-02	0.000000e+00	0.000000e+00	2.722110e-02	0.000000e+00	4.661740e-04	6.999102e-03	2.249664e-01	0.000000e+00	1.653955e-01	0.000000e+00	7.884110e-03	7.159839e-03	9.506924e-03	0.000000e+00	5.095893e-03	0.000000e+00	2.392074e-01	4.348227e-01
2.392074e-01	1.479508e-02	9.684186e-03	5.746950e-04	9.898828e-03	3.254165e-03	1.721194e-02	6.217173e-02	1.027172e-03	0.000000e+00	1.756019e-04	4.032629e-02	0.000000e+00	1.478209e-02	0.000000e+00	0.000000e+00	2.722110e-02	0.000000e+00	4.661740e-04	6.999102e-03	2.249664e-01	0.000000e+00	1.653955e-01	0.000000e+00	7.884110e-03	7.159839e-03	9.506924e-03	0.000000e+00	5.095893e-03	0.000000e+00	2.392074e-01	4.348227e-01
2.316984e-01	1.479508e-02	9.684186e-03	1.908845e-03	9.898828e-03	1.578632e-03	0.000000e+00	4.744882e-02	1.369563e-03	0.000000e+00	1.756019e-04	4.032629e-02	0.000000e+00	1.478209e-02	0.000000e+00	0.000000e+00	2.722110e-02	0.000000e+00	5.859302e-04	9.348199e-03	2.672805e-01	0.000000e+00	1.653955e-01	8.225220e-02	7.884110e-03	3.387611e-03	9.506924e-03	0.000000e+00	0.000000e+00	0.000000e+00	2.316984e-01	4.953288e-01
2.314382e-01	3.828043e-02	1.923084e-02	4.289113e-04	9.708466e-03	4.555830e-03	1.772490e-03	5.181309e-02	0.000000e+00	1.555169e-02	0.000000e+00	1.315652e-01	0.000000e+00	2.710050e-02	7.685281e-04	0.000000e+00	4.253298e-04	0.000000e+00	5.536786e-04	1.389557e-02	2.135647e-01	0.000000e+00	1.575030e-01	4.112610e-02	7.884110e-03	1.431968e-02	0.000000e+00	0.000000e+00	0.000000e+00	3.887286e-03	2.314382e-01	5.063829e-01
2.184424e-01	0.000000e+00	4.757345e-02	3.746453e-04	1.046991e-02	1.952499e-03	0.000000e+00	9.422475e-03	0.000000e+00	8.748362e-03	7.024076e-04	8.170267e-02	1.011381e-02	9.854726e-03	0.000000e+00	0.000000e+00	8.506595e-04	1.372734e-02	5.205268e-04	7.760002e-03	2.671876e-01	0.000000e+00	1.705177e-01	0.000000e+00	0.000000e+00	0.000000e+00	7.243371e-03	0.000000e+00	9.524468e-03	7.219266e-04	2.184424e-01	5.719606e-01
2.148262e-01	0.000000e+00	4.757345e-02	3.746453e-04	1.170727e-02	0.000000e+00	0.000000e+00	5.055862e-02	0.000000e+00	7.304216e-03	7.024076e-04	8.170267e-02	2.022763e-02	9.854726e-03	0.000000e+00	0.000000e+00	0.000000e+00	2.745467e-02	3.906201e-04	1.850328e-02	2.996592e-01	0.000000e+00	1.638722e-01	0.000000e+00	0.000000e+00	0.000000e+00	7.243371e-03	0.000000e+00	8.857148e-03	2.972558e-05	2.148262e-01	6.231383e-01
2.076029e-01	3.023653e-02	1.034685e-02	2.109469e-03	7.900026e-03	5.206663e-03	0.000000e+00	5.385660e-02	0.000000e+00	1.911068e-02	0.000000e+00	8.691520e-03	1.011381e-02	1.724577e-02	8.643794e-03	0.000000e+00	2.858216e-02	0.000000e+00	6.568589e-04	1.091230e-02	2.406681e-01	0.000000e+00	2.058090e-01	5.123419e-02	2.161124e-03	4.960688e-04	8.148792e-03	0.000000e+00	1.019179e-02	2.828255e-03	2.076029e-01	6.740910e-01
1.904495e-01	1.726093e-02	3.222271e-02	2.429848e-03	9.898828e-03	3.531130e-03	6.530276e-02	5.230170e-02	6.847814e-04	1.444145e-03	0.000000e+00	0.000000e+00	0.000000e+00	0.000000e+00	1.537056e-03	0.000000e+00	2.637045e-02	2.745467e-02	6.504335e-04	1.552000e-02	2.347161e-01	0.000000e+00	1.720409e-01	0.000000e+00	0.000000e+00	3.387611e-03	9.506924e-03	0.000000e+00	1.904894e-02	1.443853e-03	1.904495e-01	7.912416e-01
1.904495e-01	1.726093e-02	3.222271e-02	2.429848e-03	9.898828e-03	3.531130e-03	6.530276e-02	5.230170e-02	6.847814e-04	1.444145e-03	0.000000e+00	0.000000e+00	0.000000e+00	0.000000e+00	1.537056e-03	0.000000e+00	2.637045e-02	2.745467e-02	6.504335e-04	1.552000e-02	2.347161e-01	0.000000e+00	1.720409e-01	0.000000e+00	0.000000e+00	3.387611e-03	9.506924e-03	0.000000e+00	1.904894e-02	1.443853e-03	1.904495e-01	7.912416e-01
7.470678e-02	1.726093e-02	4.424627e-02	3.353600e-04	6.379882e-03	4.368897e-03	3.157292e-03	5.152425e-02	3.423907e-04	1.626782e-02	0.000000e+00	2.688420e-02	0.000000e+00	0.000000e+00	1.229645e-02	0.000000e+00	2.177688e-02	0.000000e+00	6.504335e-04	1.326747e-02	2.317401e-01	0.000000e+00	2.058090e-01	0.000000e+00	0.000000e+00	3.968550e-04	1.018599e-02	0.000000e+00	1.971625e-02	0.000000e+00	7.470678e-02	8.587338e-01
7.470678e-02	1.726093e-02	4.424627e-02	3.353600e-04	6.379882e-03	4.368897e-03	3.157292e-03	5.152425e-02	3.423907e-04	1.626782e-02	0.000000e+00	2.688420e-02	0.000000e+00	0.000000e+00	1.229645e-02	0.000000e+00	2.177688e-02	0.000000e+00	6.504335e-04	1.326747e-02	2.317401e-01	0.000000e+00	2.058090e-01	0.000000e+00	0.000000e+00	3.968550e-04	1.018599e-02	0.000000e+00	1.971625e-02	0.000000e+00	7.470678e-02	8.587338e-01
7.470678e-02	1.726093e-02	4.424627e-02	3.353600e-04	6.379882e-03	4.368897e-03	3.157292e-03	5.152425e-02	3.423907e-04	1.626782e-02	0.000000e+00	2.688420e-02	0.000000e+00	0.000000e+00	1.229645e-02	0.000000e+00	2.177688e-02	0.000000e+00	6.504335e-04	1.326747e-02	2.317401e-01	0.000000e+00	2.058090e-01	0.000000e+00	0.000000e+00	3.968550e-04	1.018599e-02	0.000000e+00	1.971625e-02	0.000000e+00	7.470678e-02	8.587338e-01
7.470678e-02	1.726093e-02	4.424627e-02	3.353600e-04	6.379882e-03	4.368897e-03	3.157292e-03	5.152425e-02	3.423907e-04	1.626782e-02	0.000000e+00	2.688420e-02	0.000000e+00	0.000000e+00	1.229645e-02	0.000000e+00	2.177688e-02	0.000000e+00	6.504335e-04	1.326747e-02	2.317401e-01	0.000000e+00	2.058090e-01	0.000000e+00	0.000000e+00	3.968550e-04	1.018599e-02	0.000000e+00	1.971625e-02	0.000000e+00	7.470678e-02	8.587338e-01
7.470678e-02	1.726093e-02	4.424627e-02	3.353600e-04	6.379882e-03	4.368897e-03	3.157292e-03	5.152425e-02	3.423907e-04	1.626782e-02	0.000000e+00	2.688420e-02	0.000000e+00	0.000000e+00	1.229645e-02	0.000000e+00	2.177688e-02	0.000000e+00	6.504335e-04	1.326747e-02	2.317401e-01	0.000000e+00	2.058090e-01	0.000000e+00	0.000000e+00	3.968550e-04	1.018599e-02	0.000000e+00	1.971625e-02	0.000000e+00	7.470678e-02	8.587338e-01
7.470678e-02	1.726093e-02	4.424627e-02	3.353600e-04	6.379882e-03	4.368897e-03	3.157292e-03	5.152425e-02	3.423907e-04	1.626782e-02	0.000000e+00	2.688420e-02	0.000000e+00	0.000000e+00	1.229645e-02	0.000000e+00	2.177688e-02	0.000000e+00	6.504335e-04	1.326747e-02	2.317401e-01	0.000000e+00	2.058090e-01	0.000000e+00	0.000000e+00	3.968550e-04	1.018599e-02	0.000000e+00	1.971625e-02	0.000000e+00	7.470678e-02	8.587338e-01
7.470678e-02	1.726093e-02	4.424627e-02	3.353600e-04	6.379882e-03	4.368897e-03	3.157292e-03	5.152425e-02	3.423907e-04	1.626782e-02	0.000000e+00	2.688420e-02	0.000000e+00	0.000000e+00	1.229645e-02	0.000000e+00	2.177688e-02	0.000000e+00	6.504335e-04	1.326747e-02	2.317401e-01	0.000000e+00	2.058090e-01	0.000000e+00	0.000000e+00	3.968550e-04	1.018599e-02	0.000000e+00	1.971625e-02	0.000000e+00	7.470678e-02	8.587338e-01
5.357778e-02	0.000000e+00	1.923084e-02	3.503407e-04	6.662673e-03	0.000000e+00	6.707875e-02	4.336181e-02	1.369563e-03	1.626782e-02	5.969772e-02	2.352367e-02	0.000000e+00	0.000000e+00	0.000000e+00	0.000000e+00	1.047153e-02	0.000000e+00	3.906201e-04	1.698148e-02	2.380202e-01	0.000000e+00	1.674405e-01	0.000000e+00	7.884110e-03	1.445771e-03	5.432528e-03	0.000000e+00	0.000000e+00	0.000000e+00	5.357778e-02	9.046283e-01
4.035810e-02	2.841705e-02	0.000000e+00	3.851187e-04	5.330138e-03	2.603332e-03	0.000000e+00	5.309948e-02	0.000000e+00	1.541424e-02	2.899674e-03	3.740483e-02	0.000000e+00	0.000000e+00	0.000000e+00	0.000000e+00	6.086029e-02	0.000000e+00	3.906201e-04	7.294946e-03	2.124932e-01	1.424032e-03	2.058090e-01	0.000000e+00	3.792506e-02	1.984275e-04	1.086506e-02	3.477902e-03	5.315474e-02	2.843118e-03	4.035810e-02	9.690107e-01
2.542259e-02	1.602800e-02	3.651189e-02	2.775682e-03	4.712838e-03	5.206663e-03	0.000000e+00	4.318364e-02	0.000000e+00	0.000000e+00	8.780095e-05	4.032629e-02	0.000000e+00	2.463681e-02	6.148225e-03	0.000000e+00	2.722110e-02	0.000000e+00	4.882752e-04	5.942266e-03	2.918917e-01	0.000000e+00	1.868857e-01	8.225220e-02	2.161124e-03	1.187778e-02	8.941036e-03	0.000000e+00	1.905190e-02	4.283255e-03	2.542259e-02	1.057862e+00
1.254708e-02	1.479508e-02	1.923084e-02	1.751703e-04	6.665425e-03	5.206663e-03	0.000000e+00	4.850739e-02	0.000000e+00	5.396036e-02	3.512038e-04	4.704734e-02	0.000000e+00	1.478209e-02	0.000000e+00	0.000000e+00	9.016991e-03	0.000000e+00	5.035121e-02	9.348199e-03	2.479758e-01	0.000000e+00	2.050474e-01	0.000000e+00	6.103179e-03	3.189184e-03	0.000000e+00	0.000000e+00	3.843130e-03	0.000000e+00	1.254708e-02	1.102274e+00
0.000000e+00	0.000000e+00	2.378741e-02	8.758517e-05	4.759052e-03	5.206663e-03	0.000000e+00	5.002161e-02	0.000000e+00	1.729852e-02	4.390048e-04	4.032629e-02	1.011381e-02	0.000000e+00	8.635205e-04	0.000000e+00	1.084591e-02	0.000000e+00	5.859302e-04	2.862433e-03	2.672805e-01	0.000000e+00	2.098991e-01	0.000000e+00	6.103179e-03	0.000000e+00	8.827858e-03	0.000000e+00	2.627337e-02	4.288829e-03	0.000000e+00	1.214098e+00
