6.544288e-01	0.000000e+00	2.583092e-01	6.490947e-02	2.864710e-02	1.849551e-04	9.173173e-03	0.000000e+00	0.000000e+00	0.000000e+00	0.000000e+00	0.000000e+00	9.589113e-03	6.022835e-03	0.000000e+00	2.678916e-02	2.570134e-02	6.116389e-03	1.732735e-02	2.609493e-02	9.588848e-03	1.363577e-02	0.000000e+00	1.424511e-02	2.714759e-02	0.000000e+00	3.678733e-03	0.000000e+00	0.000000e+00	3.381236e-02	6.544288e-01	-3.466789e-01
6.544288e-01	0.000000e+00	2.457614e-01	6.490947e-02	2.864710e-02	1.387163e-04	1.038879e-02	0.000000e+00	0.000000e+00	0.000000e+00	0.000000e+00	0.000000e+00	3.537503e-02	2.168797e-02	0.000000e+00	2.783991e-02	1.124433e-02	6.880937e-03	2.419518e-02	0.000000e+00	1.198606e-02	1.022683e-02	1.341446e-03	1.646353e-02	2.575183e-02	0.000000e+00	3.678733e-03	2.235640e-02	0.000000e+00	3.959438e-02	6.544288e-01	-3.413172e-01
6.544288e-01	0.000000e+00	2.457614e-01	6.490947e-02	2.864710e-02	1.387163e-04	1.038879e-02	0.000000e+00	0.000000e+00	0.000000e+00	0.000000e+00	0.000000e+00	3.537503e-02	2.168797e-02	0.000000e+00	2.783991e-02	1.124433e-02	6.880937e-03	2.419518e-02	0.000000e+00	1.198606e-02	1.022683e-02	1.341446e-03	1.646353e-02	2.575183e-02	0.000000e+00	3.678733e-03	2.235640e-02	0.000000e+00	3.959438e-02	6.544288e-01	-3.413172e-01
6.544288e-01	0.000000e+00	2.457614e-01	6.490947e-02	2.864710e-02	1.387163e-04	1.038879e-02	0.000000e+00	0.000000e+00	0.000000e+00	0.000000e+00	0.000000e+00	3.537503e-02	2.168797e-02	0.000000e+00	2.783991e-02	1.124433e-02	6.880937e-03	2.419518e-02	0.000000e+00	1.198606e-02	1.022683e-02	1.341446e-03	1.646353e-02	2.575183e-02	0.000000e+00	3.678733e-03	2.235640e-02	0.000000e+00	3.959438e-02	6.544288e-01	-3.413172e-01
6.452626e-01	9.860613e-04	2.539247e-01	4.690989e-03	2.864710e-02	1.155969e-04	6.307572e-03	0.000000e+00	0.000000e+00	1.348715e-03	0.000000e+00	0.000000e+00	0.000000e+00	1.646626e-02	0.000000e+00	1.341185e-02	7.228501e-03	0.000000e+00	1.553150e-02	2.543625e-02	7.356942e-02	1.022683e-02	1.520305e-02	3.378788e-02	1.730040e-02	0.000000e+00	5.526691e-02	1.117820e-02	0.000000e+00	1.685720e-02	6.452626e-01	-3.253356e-01
6.452626e-01	9.860613e-04	2.539247e-01	4.690989e-03	2.864710e-02	1.155969e-04	6.307572e-03	0.000000e+00	0.000000e+00	1.348715e-03	0.000000e+00	0.000000e+00	0.000000e+00	1.646626e-02	0.000000e+00	1.341185e-02	7.228501e-03	0.000000e+00	1.553150e-02	2.543625e-02	7.356942e-02	1.022683e-02	1.520305e-02	3.378788e-02	1.730040e-02	0.000000e+00	5.526691e-02	1.117820e-02	0.000000e+00	1.685720e-02	6.452626e-01	-3.253356e-01
6.429710e-01	9.860613e-04	2.457614e-01	6.490947e-02	2.864710e-02	1.155969e-04	1.038879e-02	0.000000e+00	0.000000e+00	1.348715e-03	0.000000e+00	0.000000e+00	3.537503e-02	1.646626e-02	0.000000e+00	2.201338e-02	1.124433e-02	0.000000e+00	3.106301e-02	2.543625e-02	0.000000e+00	2.982824e-03	1.341446e-03	3.378788e-02	2.714759e-02	0.000000e+00	5.526691e-02	1.117820e-02	0.000000e+00	1.685720e-02	6.429710e-01	-3.061644e-01
6.389608e-01	0.000000e+00	2.583092e-01	2.445883e-02	2.864710e-02	1.329365e-04	6.741945e-03	0.000000e+00	0.000000e+00	1.078972e-02	0.000000e+00	0.000000e+00	2.162937e-02	2.690968e-02	0.000000e+00	2.514521e-03	0.000000e+00	1.834917e-02	3.106301e-02	3.129088e-03	9.588848e-03	1.363577e-02	4.024338e-03	9.786136e-03	2.156455e-02	0.000000e+00	2.724462e-02	0.000000e+00	2.274784e-03	0.000000e+00	6.389608e-01	-3.008225e-01
6.389608e-01	0.000000e+00	2.583092e-01	2.445883e-02	2.864710e-02	1.329365e-04	6.741945e-03	0.000000e+00	0.000000e+00	1.078972e-02	0.000000e+00	0.000000e+00	2.162937e-02	2.690968e-02	0.000000e+00	2.514521e-03	0.000000e+00	1.834917e-02	3.106301e-02	3.129088e-03	9.588848e-03	1.363577e-02	4.024338e-03	9.786136e-03	2.156455e-02	0.000000e+00	2.724462e-02	0.000000e+00	2.274784e-03	0.000000e+00	6.389608e-01	-3.008225e-01
6.389608e-01	0.000000e+00	2.583092e-01	2.445883e-02	2.864710e-02	1.329365e-04	6.741945e-03	0.000000e+00	0.000000e+00	1.078972e-02	0.000000e+00	0.000000e+00	2.162937e-02	2.690968e-02	0.000000e+00	2.514521e-03	0.000000e+00	1.834917e-02	3.106301e-02	3.129088e-03	9.588848e-03	1.363577e-02	4.024338e-03	9.786136e-03	2.156455e-02	0.000000e+00	2.724462e-02	0.000000e+00	2.274784e-03	0.000000e+00	6.389608e-01	-3.008225e-01
6.360963e-01	0.000000e+00	2.583092e-01	2.445883e-02	2.864710e-02	1.849551e-04	6.741945e-03	0.000000e+00	0.000000e+00	1.078972e-02	0.000000e+00	0.000000e+00	5.093240e-03	3.213139e-02	0.000000e+00	2.505888e-03	0.000000e+00	9.747994e-03	3.106301e-02	0.000000e+00	0.000000e+00	1.946813e-02	7.154378e-03	5.341915e-03	2.393353e-02	0.000000e+00	2.724462e-02	0.000000e+00	2.274784e-03	1.458393e-02	6.360963e-01	-2.765175e-01
6.360963e-01	0.000000e+00	2.583092e-01	2.445883e-02	2.864710e-02	1.849551e-04	6.741945e-03	0.000000e+00	0.000000e+00	1.078972e-02	0.000000e+00	0.000000e+00	5.093240e-03	3.213139e-02	0.000000e+00	2.505888e-03	0.000000e+00	9.747994e-03	3.106301e-02	0.000000e+00	0.000000e+00	1.946813e-02	7.154378e-03	5.341915e-03	2.393353e-02	0.000000e+00	2.724462e-02	0.000000e+00	2.274784e-03	1.458393e-02	6.360963e-01	-2.765175e-01
6.360963e-01	0.000000e+00	2.583092e-01	2.445883e-02	2.864710e-02	1.849551e-04	6.741945e-03	0.000000e+00	0.000000e+00	1.078972e-02	0.000000e+00	0.000000e+00	5.093240e-03	3.213139e-02	0.000000e+00	2.505888e-03	0.000000e+00	9.747994e-03	3.106301e-02	0.000000e+00	0.000000e+00	1.946813e-02	7.154378e-03	5.341915e-03	2.393353e-02	0.000000e+00	2.724462e-02	0.000000e+00	2.274784e-03	1.458393e-02	6.360963e-01	-2.765175e-01
6.360963e-01	0.000000e+00	2.583092e-01	2.445883e-02	2.864710e-02	1.849551e-04	6.741945e-03	0.000000e+00	0.000000e+00	1.078972e-02	0.000000e+00	0.000000e+00	5.093240e-03	3.213139e-02	0.000000e+00	2.505888e-03	0.000000e+00	9.747994e-03	3.106301e-02	0.000000e+00	0.000000e+00	1.946813e-02	7.154378e-03	5.341915e-03	2.393353e-02	0.000000e+00	2.724462e-02	0.000000e+00	2.274784e-03	1.458393e-02	6.360963e-01	-2.765175e-01
6.360963e-01	0.000000e+00	2.583092e-01	2.445883e-02	2.864710e-02	1.849551e-04	6.741945e-03	0.000000e+00	0.000000e+00	1.078972e-02	0.000000e+00	0.000000e+00	5.093240e-03	3.213139e-02	0.000000e+00	2.505888e-03	0.000000e+00	9.747994e-03	3.106301e-02	0.000000e+00	0.000000e+00	1.946813e-02	7.154378e-03	5.341915e-03	2.393353e-02	0.000000e+00	2.724462e-02	0.000000e+00	2.274784e-03	1.458393e-02	6.360963e-01	-2.765175e-01
6.326589e-01	1.972123e-03	2.019977e-01	0.000000e+00	2.864710e-02	2.196342e-04	6.638722e-03	0.000000e+00	0.000000e+00	0.000000e+00	0.000000e+00	0.000000e+00	9.589113e-03	1.646626e-02	0.000000e+00	1.726646e-05	0.000000e+00	1.720234e-02	3.106301e-02	2.255026e-02	7.191636e-03	8.522356e-03	1.520305e-02	3.200724e-02	1.730040e-02	0.000000e+00	6.540263e-02	0.000000e+00	0.000000e+00	1.974822e-02	6.326589e-01	-2.404479e-01
6.315132e-01	0.000000e+00	1.575872e-01	8.183454e-03	2.864710e-02	1.849551e-04	1.309783e-02	0.000000e+00	0.000000e+00	0.000000e+00	0.000000e+00	0.000000e+00	6.779192e-03	6.050776e-03	0.000000e+00	0.000000e+00	0.000000e+00	0.000000e+00	3.106301e-02	0.000000e+00	0.000000e+00	5.965649e-03	2.067461e-02	2.730103e-02	2.156455e-02	1.467794e-03	8.548407e-02	4.865776e-03	1.138606e-03	4.891608e-02	6.315132e-01	-2.329679e-01
6.315132e-01	0.000000e+00	1.575872e-01	8.183454e-03	2.864710e-02	1.849551e-04	1.309783e-02	0.000000e+00	0.000000e+00	0.000000e+00	0.000000e+00	0.000000e+00	6.779192e-03	6.050776e-03	0.000000e+00	0.000000e+00	0.000000e+00	0.000000e+00	3.106301e-02	0.000000e+00	0.000000e+00	5.965649e-03	2.067461e-02	2.730103e-02	2.156455e-02	1.467794e-03	8.548407e-02	4.865776e-03	1.138606e-03	4.891608e-02	6.315132e-01	-2.329679e-01
6.315132e-01	0.000000e+00	1.575872e-01	8.183454e-03	2.864710e-02	1.849551e-04	1.309783e-02	0.000000e+00	0.000000e+00	0.000000e+00	0.000000e+00	0.000000e+00	6.779192e-03	6.050776e-03	0.000000e+00	0.000000e+00	0.000000e+00	0.000000e+00	3.106301e-02	0.000000e+00	0.000000e+00	5.965649e-03	2.067461e-02	2.730103e-02	2.156455e-02	1.467794e-03	8.548407e-02	4.865776e-03	1.138606e-03	4.891608e-02	6.315132e-01	-2.329679e-01
6.315132e-01	0.000000e+00	1.575872e-01	8.183454e-03	2.864710e-02	1.849551e-04	1.309783e-02	0.000000e+00	0.000000e+00	0.000000e+00	0.000000e+00	0.000000e+00	6.779192e-03	6.050776e-03	0.000000e+00	0.000000e+00	0.000000e+00	0.000000e+00	3.106301e-02	0.000000e+00	0.000000e+00	5.965649e-03	2.067461e-02	2.730103e-02	2.156455e-02	1.467794e-03	8.548407e-02	4.865776e-03	1.138606e-03	4.891608e-02	6.315132e-01	-2.329679e-01
6.315132e-01	0.000000e+00	1.575872e-01	4.965807e-03	2.864710e-02	0.000000e+00	1.309783e-02	0.000000e+00	0.000000e+00	0.000000e+00	0.000000e+00	1.587009e-01	6.779192e-03	1.939870e-02	0.000000e+00	0.000000e+00	0.000000e+00	0.000000e+00	3.106301e-02	2.721814e-02	1.497415e-04	5.965649e-03	2.067461e-02	2.927494e-02	2.132766e-02	1.572636e-03	7.046769e-02	0.000000e+00	6.617075e-02	2.140431e-03	6.315132e-01	-1.943843e-01
6.315132e-01	0.000000e+00	1.575872e-01	4.965807e-03	2.864710e-02	0.000000e+00	1.309783e-02	0.000000e+00	0.000000e+00	0.000000e+00	0.000000e+00	1.587009e-01	6.779192e-03	1.939870e-02	0.000000e+00	0.000000e+00	0.000000e+00	0.000000e+00	3.106301e-02	2.721814e-02	1.497415e-04	5.965649e-03	2.067461e-02	2.927494e-02	2.132766e-02	1.572636e-03	7.046769e-02	0.000000e+00	6.617075e-02	2.140431e-03	6.315132e-01	-1.943843e-01
6.315132e-01	0.000000e+00	1.575872e-01	4.965807e-03	2.864710e-02	0.000000e+00	1.309783e-02	0.000000e+00	0.000000e+00	0.000000e+00	0.000000e+00	1.587009e-01	6.779192e-03	1.939870e-02	0.000000e+00	0.000000e+00	0.000000e+00	0.000000e+00	3.106301e-02	2.721814e-02	1.497415e-04	5.965649e-03	2.067461e-02	2.927494e-02	2.132766e-02	1.572636e-03	7.046769e-02	0.000000e+00	6.617075e-02	2.140431e-03	6.315132e-01	-1.943843e-01
6.315132e-01	0.000000e+00	1.575872e-01	4.965807e-03	2.864710e-02	0.000000e+00	1.309783e-02	0.000000e+00	0.000000e+00	0.000000e+00	0.000000e+00	1.587009e-01	6.779192e-03	1.939870e-02	0.000000e+00	0.000000e+00	0.000000e+00	0.000000e+00	3.106301e-02	2.721814e-02	1.497415e-04	5.965649e-03	2.067461e-02	2.927494e-02	2.132766e-02	1.572636e-03	7.046769e-02	0.000000e+00	6.617075e-02	2.140431e-03	6.315132e-01	-1.943843e-01
6.287976e-01	0.000000e+00	2.583092e-01	1.631596e-02	0.000000e+00	1.409436e-02	1.192041e-02	0.000000e+00	0.000000e+00	0.000000e+00	1.802536e-01	3.548251e-03	7.430365e-02	3.210815e-03	8.634893e-04	5.351737e-03	0.000000e+00	6.532436e-03	3.232320e-03	1.351725e-02	0.000000e+00	1.278353e-03	0.000000e+00	1.958534e-02	1.357379e-02	1.467794e-03	2.772566e-02	4.865776e-03	7.052449e-04	4.000517e-02	6.287976e-01	-1.518851e-01
6.238746e-01	0.000000e+00	1.412606e-01	1.631596e-02	0.000000e+00	1.409436e-02	1.281293e-02	0.000000e+00	0.000000e+00	0.000000e+00	0.000000e+00	4.122277e-02	6.168274e-02	3.439920e-03	1.465315e-03	5.351737e-03	0.000000e+00	0.000000e+00	1.779822e-02	2.712632e-02	1.685372e-03	8.309297e-03	3.054099e-03	3.199053e-02	0.000000e+00	1.467794e-03	0.000000e+00	0.000000e+00	1.138606e-03	0.000000e+00	6.238746e-01	-1.404924e-01
6.238746e-01	0.000000e+00	1.701986e-01	1.631596e-02	0.000000e+00	1.409436e-02	1.281293e-02	0.000000e+00	0.000000e+00	0.000000e+00	0.000000e+00	9.852554e-02	0.000000e+00	3.233289e-02	4.186615e-04	5.351737e-03	0.000000e+00	0.000000e+00	1.779822e-02	2.712632e-02	1.460446e-03	8.309297e-03	3.054099e-03	1.463747e-02	3.637291e-03	1.467794e-03	0.000000e+00	0.000000e+00	1.138606e-03	0.000000e+00	6.238746e-01	-1.329959e-01
6.238746e-01	0.000000e+00	1.701986e-01	1.631596e-02	0.000000e+00	1.409436e-02	1.281293e-02	0.000000e+00	0.000000e+00	0.000000e+00	0.000000e+00	9.852554e-02	0.000000e+00	3.233289e-02	4.186615e-04	5.351737e-03	0.000000e+00	0.000000e+00	1.779822e-02	2.712632e-02	1.460446e-03	8.309297e-03	3.054099e-03	1.463747e-02	3.637291e-03	1.467794e-03	0.000000e+00	0.000000e+00	1.138606e-03	0.000000e+00	6.238746e-01	-1.329959e-01
6.238746e-01	0.000000e+00	1.701986e-01	1.631596e-02	0.000000e+00	1.409436e-02	1.281293e-02	0.000000e+00	0.000000e+00	0.000000e+00	0.000000e+00	9.852554e-02	0.000000e+00	3.233289e-02	4.186615e-04	5.351737e-03	0.000000e+00	0.000000e+00	1.779822e-02	2.712632e-02	1.460446e-03	8.309297e-03	3.054099e-03	1.463747e-02	3.637291e-03	1.467794e-03	0.000000e+00	0.000000e+00	1.138606e-03	0.000000e+00	6.238746e-01	-1.329959e-01
6.238746e-01	0.000000e+00	1.701986e-01	1.631596e-02	0.000000e+00	1.409436e-02	1.281293e-02	0.000000e+00	0.000000e+00	0.000000e+00	0.000000e+00	9.852554e-02	0.000000e+00	3.233289e-02	4.186615e-04	5.351737e-03	0.000000e+00	0.000000e+00	1.779822e-02	2.712632e-02	1.460446e-03	8.309297e-03	3.054099e-03	1.463747e-02	3.637291e-03	1.467794e-03	0.000000e+00	0.000000e+00	1.138606e-03	0.000000e+00	6.238746e-01	-1.329959e-01
6.200553e-01	1.925474e-02	1.227494e-01	2.298604e-02	0.000000e+00	2.104906e-02	2.853669e-02	0.000000e+00	0.000000e+00	0.000000e+00	0.000000e+00	6.183416e-02	6.779192e-03	2.134493e-03	0.000000e+00	2.614879e-03	0.000000e+00	7.036194e-03	1.116583e-02	2.027587e-02	2.528058e-03	3.101000e-02	0.000000e+00	0.000000e+00	0.000000e+00	0.000000e+00	0.000000e+00	8.164161e-03	5.677478e-03	2.140431e-03	6.200553e-01	-8.076474e-02
6.200553e-01	1.925474e-02	1.227494e-01	2.298604e-02	0.000000e+00	2.104906e-02	2.853669e-02	0.000000e+00	0.000000e+00	0.000000e+00	0.000000e+00	6.183416e-02	6.779192e-03	2.134493e-03	0.000000e+00	2.614879e-03	0.000000e+00	7.036194e-03	1.116583e-02	2.027587e-02	2.528058e-03	3.101000e-02	0.000000e+00	0.000000e+00	0.000000e+00	0.000000e+00	0.000000e+00	8.164161e-03	5.677478e-03	2.140431e-03	6.200553e-01	-8.076474e-02
6.200553e-01	1.925474e-02	1.227494e-01	2.298604e-02	0.000000e+00	2.104906e-02	2.853669e-02	0.000000e+00	0.000000e+00	0.000000e+00	0.000000e+00	6.538241e-02	7.271157e-03	2.134493e-03	0.000000e+00	2.614879e-03	3.339080e-02	1.139115e-02	1.116583e-02	1.986929e-02	3.070947e-03	3.101000e-02	0.000000e+00	0.000000e+00	0.000000e+00	0.000000e+00	3.482632e-02	1.789571e-02	5.677478e-03	1.768756e-02	6.200553e-01	-6.081596e-02
4.501480e-01	0.000000e+00	1.133764e-01	0.000000e+00	2.759502e-04	6.947916e-03	1.236163e-02	0.000000e+00	0.000000e+00	0.000000e+00	0.000000e+00	4.831928e-02	2.516129e-02	4.526707e-02	6.926348e-04	8.210573e-03	4.307631e-03	8.709915e-03	0.000000e+00	2.631315e-02	2.771150e-03	4.550730e-02	0.000000e+00	0.000000e+00	0.000000e+00	0.000000e+00	0.000000e+00	1.833426e-02	5.677478e-03	3.109426e-02	4.501480e-01	-3.665591e-02
4.501480e-01	0.000000e+00	1.133764e-01	0.000000e+00	2.759502e-04	6.947916e-03	1.236163e-02	0.000000e+00	0.000000e+00	0.000000e+00	0.000000e+00	4.831928e-02	2.516129e-02	4.526707e-02	6.926348e-04	8.210573e-03	4.307631e-03	8.709915e-03	0.000000e+00	2.631315e-02	2.771150e-03	4.550730e-02	0.000000e+00	0.000000e+00	0.000000e+00	0.000000e+00	0.000000e+00	1.833426e-02	5.677478e-03	3.109426e-02	4.501480e-01	-3.665591e-02
4.501480e-01	0.000000e+00	1.133764e-01	0.000000e+00	2.759502e-04	6.947916e-03	1.236163e-02	0.000000e+00	0.000000e+00	0.000000e+00	0.000000e+00	4.831928e-02	2.516129e-02	4.526707e-02	6.926348e-04	8.210573e-03	4.307631e-03	8.709915e-03	0.000000e+00	2.631315e-02	2.771150e-03	4.550730e-02	0.000000e+00	0.000000e+00	0.000000e+00	0.000000e+00	0.000000e+00	1.833426e-02	5.677478e-03	3.109426e-02	4.501480e-01	-3.665591e-02
4.501480e-01	0.000000e+00	1.133764e-01	0.000000e+00	2.759502e-04	6.947916e-03	1.236163e-02	0.000000e+00	0.000000e+00	0.000000e+00	0.000000e+00	4.831928e-02	2.516129e-02	4.526707e-02	6.926348e-04	8.210573e-03	4.307631e-03	8.709915e-03	0.000000e+00	2.631315e-02	2.771150e-03	4.550730e-02	0.000000e+00	0.000000e+00	0.000000e+00	0.000000e+00	0.000000e+00	1.833426e-02	5.677478e-03	3.109426e-02	4.501480e-01	-3.665591e-02
4.501480e-01	0.000000e+00	1.133764e-01	0.000000e+00	2.759502e-04	6.947916e-03	1.236163e-02	0.000000e+00	0.000000e+00	0.000000e+00	0.000000e+00	4.831928e-02	2.516129e-02	4.526707e-02	6.926348e-04	8.210573e-03	4.307631e-03	8.709915e-03	0.000000e+00	2.631315e-02	2.771150e-03	4.550730e-02	0.000000e+00	0.000000e+00	0.000000e+00	0.000000e+00	0.000000e+00	1.833426e-02	5.677478e-03	3.109426e-02	4.501480e-01	-3.665591e-02
4.501480e-01	0.000000e+00	1.133764e-01	0.000000e+00	2.759502e-04	6.947916e-03	1.236163e-02	0.000000e+00	0.000000e+00	0.000000e+00	0.000000e+00	4.831928e-02	2.516129e-02	4.526707e-02	6.926348e-04	8.210573e-03	4.307631e-03	8.709915e-03	0.000000e+00	2.631315e-02	2.771150e-03	4.550730e-02	0.000000e+00	0.000000e+00	0.000000e+00	0.000000e+00	0.000000e+00	1.833426e-02	5.677478e-03	3.109426e-02	4.501480e-01	-3.665591e-02
4.501480e-01	0.000000e+00	1.133764e-01	0.000000e+00	2.759502e-04	6.947916e-03	1.236163e-02	0.000000e+00	0.000000e+00	0.000000e+00	0.000000e+00	4.831928e-02	2.516129e-02	4.526707e-02	6.926348e-04	8.210573e-03	4.307631e-03	8.709915e-03	0.000000e+00	2.631315e-02	2.771150e-03	4.550730e-02	0.000000e+00	0.000000e+00	0.000000e+00	0.000000e+00	0.000000e+00	1.833426e-02	5.677478e-03	3.109426e-02	4.501480e-01	-3.665591e-02
4.501480e-01	0.000000e+00	1.133764e-01	0.000000e+00	2.759502e-04	6.947916e-03	1.236163e-02	0.000000e+00	0.000000e+00	0.000000e+00	0.000000e+00	4.831928e-02	2.516129e-02	4.526707e-02	6.926348e-04	8.210573e-03	4.307631e-03	8.709915e-03	0.000000e+00	2.631315e-02	2.771150e-03	4.550730e-02	0.000000e+00	0.000000e+00	0.000000e+00	0.000000e+00	0.000000e+00	1.833426e-02	5.677478e-03	3.109426e-02	4.501480e-01	-3.665591e-02
4.501480e-01	0.000000e+00	4.765893e-02	0.000000e+00	0.000000e+00	6.947916e-03	1.854244e-02	5.299685e-03	0.000000e+00	0.000000e+00	0.000000e+00	1.256871e-01	3.774193e-02	8.613264e-03	6.926348e-04	8.210573e-03	0.000000e+00	0.000000e+00	0.000000e+00	3.853571e-02	3.233008e-03	6.826095e-02	0.000000e+00	4.936893e-05	0.000000e+00	0.000000e+00	0.000000e+00	9.064469e-03	5.677478e-03	1.980223e-02	4.501480e-01	-3.650953e-02
4.501480e-01	0.000000e+00	4.765893e-02	0.000000e+00	0.000000e+00	6.947916e-03	1.854244e-02	5.299685e-03	0.000000e+00	0.000000e+00	0.000000e+00	1.256871e-01	3.774193e-02	8.613264e-03	6.926348e-04	8.210573e-03	0.000000e+00	0.000000e+00	0.000000e+00	3.853571e-02	3.233008e-03	6.826095e-02	0.000000e+00	4.936893e-05	0.000000e+00	0.000000e+00	0.000000e+00	9.064469e-03	5.677478e-03	1.980223e-02	4.501480e-01	-3.650953e-02
4.501480e-01	0.000000e+00	4.765893e-02	0.000000e+00	0.000000e+00	6.947916e-03	1.854244e-02	5.299685e-03	0.000000e+00	0.000000e+00	0.000000e+00	1.256871e-01	3.774193e-02	8.613264e-03	6.926348e-04	8.210573e-03	0.000000e+00	0.000000e+00	0.000000e+00	3.853571e-02	3.233008e-03	6.826095e-02	0.000000e+00	4.936893e-05	0.000000e+00	0.000000e+00	0.000000e+00	9.064469e-03	5.677478e-03	1.980223e-02	4.501480e-01	-3.650953e-02
4.501480e-01	0.000000e+00	4.765893e-02	0.000000e+00	0.000000e+00	6.947916e-03	1.854244e-02	5.299685e-03	0.000000e+00	0.000000e+00	0.000000e+00	1.256871e-01	3.774193e-02	8.613264e-03	6.926348e-04	8.210573e-03	0.000000e+00	0.000000e+00	0.000000e+00	3.853571e-02	3.233008e-03	6.826095e-02	0.000000e+00	4.936893e-05	0.000000e+00	0.000000e+00	0.000000e+00	9.064469e-03	5.677478e-03	1.980223e-02	4.501480e-01	-3.650953e-02
4.473732e-01	2.222595e-02	1.252923e-01	7.723948e-04	0.000000e+00	3.473958e-03	1.655504e-02	2.649843e-03	0.000000e+00	0.000000e+00	0.000000e+00	1.463022e-01	0.000000e+00	6.819302e-02	4.840121e-05	0.000000e+00	1.477283e-02	2.337164e-02	7.330445e-03	3.904787e-02	4.760580e-04	2.233329e-02	4.518458e-02	8.486886e-03	1.398932e-02	0.000000e+00	0.000000e+00	3.263139e-03	7.538209e-03	4.475659e-02	4.473732e-01	1.533628e-02
4.425025e-01	4.525293e-03	1.802768e-01	9.145899e-04	0.000000e+00	0.000000e+00	1.805564e-02	5.299685e-03	0.000000e+00	0.000000e+00	0.000000e+00	1.582483e-01	1.489600e-02	7.309496e-03	7.237636e-04	5.473716e-03	2.649938e-02	7.932850e-04	3.031342e-05	6.024983e-02	3.233008e-03	3.277297e-02	7.467482e-03	0.000000e+00	2.797864e-02	0.000000e+00	0.000000e+00	6.416292e-03	1.081362e-02	1.539414e-02	4.425025e-01	2.870210e-02
4.425025e-01	1.736209e-02	2.145930e-01	1.561478e-03	0.000000e+00	3.473958e-03	1.805564e-02	5.299685e-03	0.000000e+00	8.144226e-03	0.000000e+00	1.582483e-01	1.068929e-02	7.309496e-03	7.237636e-04	5.630638e-03	2.704619e-02	2.552708e-02	3.031342e-05	6.024983e-02	1.154646e-03	3.277297e-02	7.467482e-03	2.468447e-05	2.797864e-02	0.000000e+00	5.236229e-03	6.416292e-03	1.081362e-02	1.539414e-02	4.425025e-01	4.680381e-02
4.425025e-01	1.736209e-02	2.145930e-01	1.561478e-03	0.000000e+00	3.473958e-03	1.805564e-02	5.299685e-03	0.000000e+00	8.144226e-03	0.000000e+00	1.582483e-01	1.068929e-02	7.309496e-03	7.237636e-04	5.630638e-03	2.704619e-02	2.552708e-02	3.031342e-05	6.024983e-02	1.154646e-03	3.277297e-02	7.467482e-03	2.468447e-05	2.797864e-02	0.000000e+00	5.236229e-03	6.416292e-03	1.081362e-02	1.539414e-02	4.425025e-01	4.680381e-02
4.362735e-01	3.472419e-02	1.718144e-01	1.829180e-03	0.000000e+00	6.947916e-03	1.775096e-02	0.000000e+00	0.000000e+00	0.000000e+00	0.000000e+00	1.463022e-01	8.797929e-03	1.015992e-02	6.225763e-05	5.473716e-03	4.547712e-02	3.363433e-02	0.000000e+00	1.868024e-03	0.000000e+00	2.003864e-02	4.518458e-02	9.873786e-05	5.595727e-02	1.543170e-03	5.236229e-03	0.000000e+00	0.000000e+00	8.510203e-03	4.362735e-01	7.512387e-02
4.327610e-01	2.222595e-02	1.718144e-01	7.723948e-04	0.000000e+00	3.473958e-03	1.655504e-02	2.649843e-03	0.000000e+00	0.000000e+00	0.000000e+00	1.463022e-01	8.797929e-03	1.015992e-02	6.225763e-05	5.473716e-03	4.547712e-02	1.361119e-02	1.460026e-02	1.868024e-03	2.280892e-03	2.233329e-02	4.518458e-02	1.697377e-02	1.398932e-02	1.531472e-03	0.000000e+00	0.000000e+00	7.049301e-03	8.510203e-03	4.327610e-01	9.493323e-02
4.327610e-01	2.222595e-02	1.718144e-01	7.723948e-04	0.000000e+00	3.473958e-03	1.655504e-02	2.649843e-03	0.000000e+00	0.000000e+00	0.000000e+00	1.463022e-01	8.797929e-03	1.015992e-02	6.225763e-05	5.473716e-03	4.547712e-02	1.361119e-02	1.460026e-02	1.868024e-03	2.280892e-03	2.233329e-02	4.518458e-02	1.697377e-02	1.398932e-02	1.531472e-03	0.000000e+00	0.000000e+00	7.049301e-03	8.510203e-03	4.327610e-01	9.493323e-02
4.327610e-01	2.222595e-02	1.718144e-01	7.723948e-04	0.000000e+00	3.473958e-03	1.655504e-02	2.649843e-03	0.000000e+00	0.000000e+00	0.000000e+00	1.463022e-01	8.797929e-03	1.015992e-02	6.225763e-05	5.473716e-03	4.547712e-02	1.361119e-02	1.460026e-02	1.868024e-03	2.280892e-03	2.233329e-02	4.518458e-02	1.697377e-02	1.398932e-02	1.531472e-03	0.000000e+00	0.000000e+00	7.049301e-03	8.510203e-03	4.327610e-01	9.493323e-02
4.327610e-01	2.222595e-02	1.718144e-01	7.723948e-04	0.000000e+00	3.473958e-03	1.655504e-02	2.649843e-03	0.000000e+00	0.000000e+00	0.000000e+00	1.463022e-01	8.797929e-03	1.015992e-02	6.225763e-05	5.473716e-03	4.547712e-02	1.361119e-02	1.460026e-02	1.868024e-03	2.280892e-03	2.233329e-02	4.518458e-02	1.697377e-02	1.398932e-02	1.531472e-03	0.000000e+00	0.000000e+00	7.049301e-03	8.510203e-03	4.327610e-01	9.493323e-02
4.274098e-01	3.105191e-02	2.448114e-01	0.000000e+00	2.151729e-03	0.000000e+00	0.000000e+00	0.000000e+00	0.000000e+00	1.990811e-02	3.984844e-03	0.000000e+00	0.000000e+00	1.185747e-01	5.233268e-04	1.690730e-02	6.893021e-02	4.767814e-02	1.386615e-02	1.868024e-03	1.847433e-03	0.000000e+00	0.000000e+00	2.905754e-03	0.000000e+00	1.621738e-03	2.356303e-02	3.687385e-02	4.058904e-02	1.458477e-03	4.274098e-01	1.671745e-01
4.261339e-01	2.222595e-02	1.602683e-01	7.723948e-04	0.000000e+00	3.473958e-03	1.520677e-02	2.649843e-03	0.000000e+00	0.000000e+00	2.988633e-03	1.463022e-01	9.773723e-02	1.015992e-02	6.225763e-05	5.473716e-03	5.720366e-02	1.361119e-02	1.460026e-02	4.921189e-03	0.000000e+00	2.233329e-02	4.333386e-02	1.697377e-02	0.000000e+00	2.291360e-03	0.000000e+00	1.076578e-02	1.384936e-02	8.510203e-03	4.261339e-01	1.798614e-01
4.224335e-01	4.525293e-03	2.273056e-01	9.145899e-04	1.757460e-02	3.473958e-03	1.805564e-02	0.000000e+00	0.000000e+00	1.674091e-02	3.984844e-03	0.000000e+00	9.409554e-03	7.309496e-03	7.237636e-04	5.473716e-03	2.649938e-02	4.688485e-02	1.386615e-02	2.066887e-02	3.233008e-03	0.000000e+00	1.141139e-02	0.000000e+00	2.797864e-02	1.597692e-03	2.683568e-02	6.416292e-03	5.893623e-02	1.539414e-02	4.224335e-01	1.992566e-01
4.224335e-01	4.405002e-02	2.798278e-01	1.693995e-03	0.000000e+00	3.473958e-03	7.451044e-03	0.000000e+00	0.000000e+00	2.624251e-02	6.475372e-03	2.881471e-02	9.409554e-03	5.561900e-02	7.237636e-04	2.372506e-02	4.199203e-02	2.932711e-02	1.386615e-02	2.066887e-02	3.233008e-03	0.000000e+00	0.000000e+00	0.000000e+00	0.000000e+00	2.250827e-03	1.178152e-02	6.416292e-03	5.893623e-02	1.452977e-02	4.224335e-01	2.244066e-01
4.224335e-01	4.405002e-02	2.798278e-01	1.693995e-03	0.000000e+00	3.473958e-03	7.451044e-03	0.000000e+00	0.000000e+00	2.624251e-02	6.475372e-03	2.881471e-02	9.409554e-03	5.561900e-02	7.237636e-04	2.372506e-02	4.199203e-02	2.932711e-02	1.386615e-02	2.066887e-02	3.233008e-03	0.000000e+00	0.000000e+00	0.000000e+00	0.000000e+00	2.250827e-03	1.178152e-02	6.416292e-03	5.893623e-02	1.452977e-02	4.224335e-01	2.244066e-01
4.209702e-01	4.405002e-02	2.798278e-01	1.693995e-03	0.000000e+00	3.473958e-03	1.626662e-02	1.324921e-03	0.000000e+00	2.624251e-02	6.226319e-03	2.881471e-02	9.409554e-03	3.288946e-02	7.237636e-04	2.372506e-02	5.546112e-02	2.932711e-02	1.423321e-02	6.756741e-02	3.233008e-03	1.116665e-02	2.074157e-02	8.486886e-03	0.000000e+00	2.651037e-03	5.890758e-03	6.416292e-03	5.893623e-02	1.151999e-02	4.209702e-01	2.591310e-01
4.167905e-01	3.105191e-02	2.448114e-01	3.658360e-03	1.324561e-02	0.000000e+00	0.000000e+00	0.000000e+00	0.000000e+00	1.990811e-02	3.984844e-03	0.000000e+00	1.949931e-02	1.185747e-01	1.758169e-04	1.713803e-02	5.134039e-02	7.050485e-03	0.000000e+00	5.262630e-03	1.847433e-03	0.000000e+00	6.407543e-02	0.000000e+00	0.000000e+00	2.236638e-03	0.000000e+00	8.751791e-03	4.058904e-02	1.458477e-03	4.167905e-01	2.852277e-01
4.149519e-01	3.443462e-02	2.278867e-01	2.520799e-03	2.151729e-03	0.000000e+00	0.000000e+00	0.000000e+00	0.000000e+00	1.990811e-02	0.000000e+00	8.954944e-02	0.000000e+00	1.015992e-02	1.503196e-03	1.690730e-02	0.000000e+00	1.229364e-02	7.171606e-02	1.868024e-03	1.420157e-02	5.430018e-03	3.676493e-02	2.905754e-03	5.595727e-02	1.898169e-04	2.356303e-02	2.257682e-03	1.033691e-02	2.862606e-02	4.149519e-01	3.123762e-01
4.149519e-01	3.443462e-02	2.278867e-01	2.520799e-03	2.151729e-03	0.000000e+00	0.000000e+00	0.000000e+00	0.000000e+00	1.990811e-02	0.000000e+00	8.954944e-02	0.000000e+00	1.015992e-02	1.503196e-03	1.690730e-02	0.000000e+00	1.229364e-02	7.171606e-02	1.868024e-03	1.420157e-02	5.430018e-03	3.676493e-02	2.905754e-03	5.595727e-02	1.898169e-04	2.356303e-02	2.257682e-03	1.033691e-02	2.862606e-02	4.149519e-01	3.123762e-01
2.576328e-01	3.330705e-02	2.303010e-01	2.899986e-03	0.000000e+00	0.000000e+00	0.000000e+00	0.000000e+00	0.000000e+00	1.628845e-02	3.984844e-03	6.742653e-02	0.000000e+00	4.327713e-03	1.119342e-03	1.864778e-02	3.327298e-03	1.940720e-02	3.023896e-03	7.974354e-03	9.654904e-03	0.000000e+00	1.748149e-02	0.000000e+00	0.000000e+00	6.671238e-04	2.356303e-02	4.223483e-03	1.031513e-02	0.000000e+00	2.576328e-01	3.541473e-01
2.576328e-01	3.330705e-02	2.303010e-01	2.899986e-03	0.000000e+00	0.000000e+00	0.000000e+00	0.000000e+00	0.000000e+00	1.628845e-02	3.984844e-03	6.742653e-02	0.000000e+00	4.327713e-03	1.119342e-03	1.864778e-02	3.327298e-03	1.940720e-02	3.023896e-03	7.974354e-03	9.654904e-03	0.000000e+00	1.748149e-02	0.000000e+00	0.000000e+00	6.671238e-04	2.356303e-02	4.223483e-03	1.031513e-02	0.000000e+00	2.576328e-01	3.541473e-01
2.576328e-01	3.330705e-02	2.303010e-01	2.899986e-03	0.000000e+00	0.000000e+00	0.000000e+00	0.000000e+00	0.000000e+00	1.628845e-02	3.984844e-03	6.742653e-02	0.000000e+00	4.327713e-03	1.119342e-03	1.864778e-02	3.327298e-03	1.940720e-02	3.023896e-03	7.974354e-03	9.654904e-03	0.000000e+00	1.748149e-02	0.000000e+00	0.000000e+00	6.671238e-04	2.356303e-02	4.223483e-03	1.031513e-02	0.000000e+00	2.576328e-01	3.541473e-01
2.576328e-01	3.330705e-02	2.303010e-01	2.899986e-03	0.000000e+00	0.000000e+00	0.000000e+00	0.000000e+00	0.000000e+00	1.628845e-02	3.984844e-03	6.742653e-02	0.000000e+00	4.327713e-03	1.119342e-03	1.864778e-02	3.327298e-03	1.940720e-02	3.023896e-03	7.974354e-03	9.654904e-03	0.000000e+00	1.748149e-02	0.000000e+00	0.000000e+00	6.671238e-04	2.356303e-02	4.223483e-03	1.031513e-02	0.000000e+00	2.576328e-01	3.541473e-01
2.576328e-01	3.330705e-02	2.303010e-01	2.899986e-03	0.000000e+00	0.000000e+00	0.000000e+00	0.000000e+00	0.000000e+00	1.628845e-02	3.984844e-03	6.742653e-02	0.000000e+00	4.327713e-03	1.119342e-03	1.864778e-02	3.327298e-03	1.940720e-02	3.023896e-03	7.974354e-03	9.654904e-03	0.000000e+00	1.748149e-02	0.000000e+00	0.000000e+00	6.671238e-04	2.356303e-02	4.223483e-03	1.031513e-02	0.000000e+00	2.576328e-01	3.541473e-01
2.576328e-01	3.330705e-02	2.303010e-01	2.899986e-03	0.000000e+00	0.000000e+00	0.000000e+00	0.000000e+00	0.000000e+00	1.628845e-02	3.984844e-03	6.742653e-02	0.000000e+00	4.327713e-03	1.119342e-03	1.864778e-02	3.327298e-03	1.940720e-02	3.023896e-03	7.974354e-03	9.654904e-03	0.000000e+00	1.748149e-02	0.000000e+00	0.000000e+00	6.671238e-04	2.356303e-02	4.223483e-03	1.031513e-02	0.000000e+00	2.576328e-01	3.541473e-01
2.576328e-01	3.330705e-02	2.303010e-01	2.899986e-03	0.000000e+00	0.000000e+00	0.000000e+00	0.000000e+00	0.000000e+00	1.628845e-02	3.984844e-03	6.742653e-02	0.000000e+00	4.327713e-03	1.119342e-03	1.864778e-02	3.327298e-03	1.940720e-02	3.023896e-03	7.974354e-03	9.654904e-03	0.000000e+00	1.748149e-02	0.000000e+00	0.000000e+00	6.671238e-04	2.356303e-02	4.223483e-03	1.031513e-02	0.000000e+00	2.576328e-01	3.541473e-01
2.576328e-01	3.330705e-02	2.303010e-01	2.899986e-03	0.000000e+00	0.000000e+00	0.000000e+00	0.000000e+00	0.000000e+00	1.628845e-02	3.984844e-03	6.742653e-02	0.000000e+00	4.327713e-03	1.119342e-03	1.864778e-02	3.327298e-03	1.940720e-02	3.023896e-03	7.974354e-03	9.654904e-03	0.000000e+00	1.748149e-02	0.000000e+00	0.000000e+00	6.671238e-04	2.356303e-02	4.223483e-03	1.031513e-02	0.000000e+00	2.576328e-01	3.541473e-01
2.576328e-01	3.330705e-02	2.303010e-01	2.899986e-03	0.000000e+00	0.000000e+00	0.000000e+00	0.000000e+00	0.000000e+00	1.628845e-02	3.984844e-03	6.742653e-02	0.000000e+00	4.327713e-03	1.119342e-03	1.864778e-02	3.327298e-03	1.940720e-02	3.023896e-03	7.974354e-03	9.654904e-03	0.000000e+00	1.748149e-02	0.000000e+00	0.000000e+00	6.671238e-04	2.356303e-02	4.223483e-03	1.031513e-02	0.000000e+00	2.576328e-01	3.541473e-01
2.576328e-01	3.330705e-02	2.303010e-01	2.899986e-03	0.000000e+00	0.000000e+00	0.000000e+00	0.000000e+00	0.000000e+00	1.628845e-02	3.984844e-03	6.742653e-02	0.000000e+00	4.327713e-03	1.119342e-03	1.864778e-02	3.327298e-03	1.940720e-02	3.023896e-03	7.974354e-03	9.654904e-03	0.000000e+00	1.748149e-02	0.000000e+00	0.000000e+00	6.671238e-04	2.356303e-02	4.223483e-03	1.031513e-02	0.000000e+00	2.576328e-01	3.541473e-01
2.576328e-01	3.330705e-02	2.303010e-01	2.899986e-03	0.000000e+00	0.000000e+00	0.000000e+00	0.000000e+00	0.000000e+00	1.628845e-02	3.984844e-03	6.742653e-02	0.000000e+00	4.327713e-03	1.119342e-03	1.864778e-02	3.327298e-03	1.940720e-02	3.023896e-03	7.974354e-03	9.654904e-03	0.000000e+00	1.748149e-02	0.000000e+00	0.000000e+00	6.671238e-04	2.356303e-02	4.223483e-03	1.031513e-02	0.000000e+00	2.576328e-01	3.541473e-01
2.468667e-01	3.231636e-02	2.564492e-01	2.899986e-03	0.000000e+00	0.000000e+00	0.000000e+00	0.000000e+00	0.000000e+00	2.262285e-02	3.974551e-02	7.741092e-02	0.000000e+00	2.973916e-03	6.873142e-04	8.152360e-05	3.327298e-03	2.911080e-02	0.000000e+00	7.299972e-03	1.329484e-04	0.000000e+00	9.104934e-03	0.000000e+00	0.000000e+00	6.671238e-04	0.000000e+00	4.977474e-03	1.027883e-02	1.866233e-02	2.468667e-01	3.799597e-01
2.386843e-01	3.330705e-02	2.303010e-01	3.991917e-02	4.799487e-03	0.000000e+00	0.000000e+00	0.000000e+00	0.000000e+00	9.954054e-03	3.984844e-03	5.816908e-02	2.323807e-03	2.954151e-03	1.327379e-03	2.107977e-02	3.327298e-03	9.703601e-03	1.511948e-03	3.987177e-03	9.654904e-03	0.000000e+00	5.101294e-03	0.000000e+00	2.296901e-04	0.000000e+00	2.356303e-02	1.169486e-02	1.031513e-02	0.000000e+00	2.386843e-01	4.032532e-01
2.327760e-01	3.330705e-02	2.303010e-01	2.899986e-03	0.000000e+00	0.000000e+00	0.000000e+00	0.000000e+00	0.000000e+00	1.628845e-02	3.984844e-03	4.628727e-03	0.000000e+00	4.327713e-03	1.879380e-03	1.864778e-02	0.000000e+00	4.851800e-03	1.092409e-02	7.974354e-03	9.654904e-03	6.067157e-02	1.748149e-02	0.000000e+00	2.871127e-04	6.671238e-04	2.356303e-02	1.864071e-02	1.031513e-02	0.000000e+00	2.327760e-01	4.325988e-01
2.327760e-01	3.330705e-02	2.303010e-01	8.594231e-03	0.000000e+00	0.000000e+00	5.540576e-03	0.000000e+00	0.000000e+00	1.447862e-02	9.183540e-03	2.772782e-02	1.026975e-03	5.048290e-03	1.879380e-03	2.085615e-02	5.701401e-02	7.277700e-03	1.092409e-02	2.315834e-02	9.654904e-03	5.121502e-02	1.748149e-02	0.000000e+00	3.301796e-04	6.671238e-04	2.356303e-02	1.857875e-02	0.000000e+00	0.000000e+00	2.327760e-01	4.558546e-01
2.253380e-01	5.554161e-02	1.785905e-01	3.081235e-03	9.598975e-03	0.000000e+00	0.000000e+00	7.358124e-03	0.000000e+00	3.619656e-03	2.579120e-02	2.713426e-03	0.000000e+00	1.580589e-03	1.743454e-03	7.488425e-03	1.204191e-02	0.000000e+00	7.559741e-04	4.698731e-02	4.893926e-03	7.302935e-02	5.101294e-03	0.000000e+00	1.148451e-04	0.000000e+00	2.356303e-02	1.358035e-02	1.038774e-02	0.000000e+00	2.253380e-01	4.809449e-01
2.197358e-01	0.000000e+00	2.183683e-01	2.899986e-03	4.799487e-03	0.000000e+00	1.108115e-02	1.471625e-02	0.000000e+00	3.619656e-03	5.158241e-02	4.891162e-02	4.647614e-03	1.373562e-03	9.113050e-04	1.273811e-02	3.327298e-03	0.000000e+00	1.511948e-03	0.000000e+00	9.654904e-03	0.000000e+00	2.781045e-02	0.000000e+00	0.000000e+00	6.671238e-04	1.178152e-02	1.916623e-02	0.000000e+00	0.000000e+00	2.197358e-01	5.114500e-01
2.197358e-01	0.000000e+00	1.491532e-01	0.000000e+00	3.599615e-03	0.000000e+00	1.108115e-02	8.003517e-03	0.000000e+00	0.000000e+00	9.183540e-03	4.891162e-02	3.350782e-03	3.359981e-03	9.113050e-04	1.496320e-02	0.000000e+00	3.274965e-02	0.000000e+00	7.974354e-03	2.881979e-02	4.355732e-03	2.781045e-02	0.000000e+00	2.727570e-04	3.396507e-03	2.356303e-02	1.916623e-02	0.000000e+00	4.665582e-03	2.197358e-01	5.007351e-01
2.093666e-01	8.869380e-04	1.780047e-01	0.000000e+00	0.000000e+00	0.000000e+00	0.000000e+00	0.000000e+00	0.000000e+00	0.000000e+00	3.618860e-02	4.891162e-02	3.431894e-04	2.392250e-03	2.303125e-03	1.190517e-02	3.327298e-03	4.851800e-03	0.000000e+00	1.562806e-03	4.322370e-02	5.411625e-02	3.618701e-02	0.000000e+00	1.363785e-04	2.031815e-03	2.356303e-02	1.345643e-02	0.000000e+00	4.665582e-03	2.093666e-01	5.948639e-01
2.093666e-01	8.869380e-04	1.780047e-01	0.000000e+00	0.000000e+00	0.000000e+00	0.000000e+00	0.000000e+00	0.000000e+00	0.000000e+00	3.618860e-02	4.891162e-02	3.431894e-04	2.392250e-03	2.303125e-03	1.190517e-02	3.327298e-03	4.851800e-03	0.000000e+00	1.562806e-03	4.322370e-02	5.411625e-02	3.618701e-02	0.000000e+00	1.363785e-04	2.031815e-03	2.356303e-02	1.345643e-02	0.000000e+00	4.665582e-03	2.093666e-01	5.948639e-01
1.982037e-01	3.131856e-02	2.201039e-01	2.174989e-03	4.799487e-03	0.000000e+00	5.540576e-03	7.358124e-03	0.000000e+00	1.131143e-02	2.221693e-02	3.870546e-02	0.000000e+00	2.277253e-03	1.223361e-03	8.704420e-03	1.204191e-02	3.732713e-02	0.000000e+00	0.000000e+00	4.893926e-03	3.378728e-02	4.552467e-03	5.811508e-03	2.296901e-04	1.698253e-03	1.178152e-02	1.731604e-02	0.000000e+00	9.331163e-03	1.982037e-01	6.865024e-01
1.929300e-01	0.000000e+00	2.124019e-01	2.899986e-03	7.199231e-03	0.000000e+00	0.000000e+00	0.000000e+00	0.000000e+00	2.262285e-02	3.974551e-02	3.965417e-02	0.000000e+00	2.973916e-03	6.873142e-04	9.783268e-03	3.327298e-03	0.000000e+00	7.559741e-04	7.299972e-03	9.654904e-03	0.000000e+00	9.104934e-03	0.000000e+00	0.000000e+00	6.671238e-04	5.890758e-03	2.663761e-02	1.027883e-02	0.000000e+00	1.929300e-01	7.037862e-01
7.323794e-02	8.869380e-04	1.780047e-01	0.000000e+00	0.000000e+00	0.000000e+00	5.540576e-03	0.000000e+00	0.000000e+00	0.000000e+00	2.464324e-02	0.000000e+00	2.053951e-03	2.392250e-03	0.000000e+00	1.190517e-02	3.327298e-03	3.274965e-02	5.669806e-04	7.974354e-03	4.322370e-02	0.000000e+00	5.464312e-02	0.000000e+00	2.009789e-04	2.714161e-03	0.000000e+00	2.249351e-02	0.000000e+00	4.665582e-03	7.323794e-02	7.820885e-01
7.323794e-02	8.869380e-04	1.780047e-01	0.000000e+00	0.000000e+00	0.000000e+00	5.540576e-03	0.000000e+00	0.000000e+00	0.000000e+00	2.464324e-02	0.000000e+00	2.053951e-03	2.392250e-03	0.000000e+00	1.190517e-02	3.327298e-03	3.274965e-02	5.669806e-04	7.974354e-03	4.322370e-02	0.000000e+00	5.464312e-02	0.000000e+00	2.009789e-04	2.714161e-03	0.000000e+00	2.249351e-02	0.000000e+00	4.665582e-03	7.323794e-02	7.820885e-01
7.323794e-02	8.869380e-04	1.780047e-01	0.000000e+00	0.000000e+00	0.000000e+00	5.540576e-03	0.000000e+00	0.000000e+00	0.000000e+00	2.464324e-02	0.000000e+00	2.053951e-03	2.392250e-03	0.000000e+00	1.190517e-02	3.327298e-03	3.274965e-02	5.669806e-04	7.974354e-03	4.322370e-02	0.000000e+00	5.464312e-02	0.000000e+00	2.009789e-04	2.714161e-03	0.000000e+00	2.249351e-02	0.000000e+00	4.665582e-03	7.323794e-02	7.820885e-01
7.323794e-02	8.869380e-04	1.780047e-01	0.000000e+00	0.000000e+00	0.000000e+00	5.540576e-03	0.000000e+00	0.000000e+00	0.000000e+00	2.464324e-02	0.000000e+00	2.053951e-03	2.392250e-03	0.000000e+00	1.190517e-02	3.327298e-03	3.274965e-02	5.669806e-04	7.974354e-03	4.322370e-02	0.000000e+00	5.464312e-02	0.000000e+00	2.009789e-04	2.714161e-03	0.000000e+00	2.249351e-02	0.000000e+00	4.665582e-03	7.323794e-02	7.820885e-01
7.323794e-02	8.869380e-04	1.780047e-01	0.000000e+00	0.000000e+00	0.000000e+00	5.540576e-03	0.000000e+00	0.000000e+00	0.000000e+00	2.464324e-02	0.000000e+00	2.053951e-03	2.392250e-03	0.000000e+00	1.190517e-02	3.327298e-03	3.274965e-02	5.669806e-04	7.974354e-03	4.322370e-02	0.000000e+00	5.464312e-02	0.000000e+00	2.009789e-04	2.714161e-03	0.000000e+00	2.249351e-02	0.000000e+00	4.665582e-03	7.323794e-02	7.820885e-01
7.323794e-02	8.869380e-04	1.780047e-01	0.000000e+00	0.000000e+00	0.000000e+00	5.540576e-03	0.000000e+00	0.000000e+00	0.000000e+00	2.464324e-02	0.000000e+00	2.053951e-03	2.392250e-03	0.000000e+00	1.190517e-02	3.327298e-03	3.274965e-02	5.669806e-04	7.974354e-03	4.322370e-02	0.000000e+00	5.464312e-02	0.000000e+00	2.009789e-04	2.714161e-03	0.000000e+00	2.249351e-02	0.000000e+00	4.665582e-03	7.323794e-02	7.820885e-01
7.323794e-02	8.869380e-04	1.780047e-01	0.000000e+00	0.000000e+00	0.000000e+00	5.540576e-03	0.000000e+00	0.000000e+00	0.000000e+00	2.464324e-02	0.000000e+00	2.053951e-03	2.392250e-03	0.000000e+00	1.190517e-02	3.327298e-03	3.274965e-02	5.669806e-04	7.974354e-03	4.322370e-02	0.000000e+00	5.464312e-02	0.000000e+00	2.009789e-04	2.714161e-03	0.000000e+00	2.249351e-02	0.000000e+00	4.665582e-03	7.323794e-02	7.820885e-01
7.323794e-02	8.869380e-04	1.780047e-01	0.000000e+00	0.000000e+00	0.000000e+00	5.540576e-03	0.000000e+00	0.000000e+00	0.000000e+00	2.464324e-02	0.000000e+00	2.053951e-03	2.392250e-03	0.000000e+00	1.190517e-02	3.327298e-03	3.274965e-02	5.669806e-04	7.974354e-03	4.322370e-02	0.000000e+00	5.464312e-02	0.000000e+00	2.009789e-04	2.714161e-03	0.000000e+00	2.249351e-02	0.000000e+00	4.665582e-03	7.323794e-02	7.820885e-01
7.323794e-02	8.869380e-04	1.780047e-01	0.000000e+00	0.000000e+00	0.000000e+00	5.540576e-03	0.000000e+00	0.000000e+00	0.000000e+00	2.464324e-02	0.000000e+00	2.053951e-03	2.392250e-03	0.000000e+00	1.190517e-02	3.327298e-03	3.274965e-02	5.669806e-04	7.974354e-03	4.322370e-02	0.000000e+00	5.464312e-02	0.000000e+00	2.009789e-04	2.714161e-03	0.000000e+00	2.249351e-02	0.000000e+00	4.665582e-03	7.323794e-02	7.820885e-01
5.492845e-02	4.434690e-04	1.548436e-01	0.000000e+00	4.799487e-03	1.340797e-02	1.887341e-02	1.471625e-02	0.000000e+00	0.000000e+00	3.290195e-02	8.420481e-03	0.000000e+00	1.986419e-03	1.151562e-03	9.259945e-03	0.000000e+00	0.000000e+00	0.000000e+00	2.079745e-02	2.953330e-02	1.689364e-02	1.809350e-02	0.000000e+00	3.301796e-04	1.690642e-03	1.636322e-02	1.943440e-02	0.000000e+00	2.566040e-02	5.492845e-02	8.240274e-01
3.661897e-02	0.000000e+00	1.316824e-01	0.000000e+00	0.000000e+00	0.000000e+00	1.887341e-02	0.000000e+00	0.000000e+00	0.000000e+00	2.721335e-02	8.420481e-03	3.431894e-04	2.595165e-03	2.303125e-03	1.388992e-02	1.827161e-02	4.853491e-03	0.000000e+00	1.562806e-03	5.006889e-02	3.378728e-02	3.618701e-02	0.000000e+00	1.363785e-04	6.671238e-04	0.000000e+00	2.402306e-02	0.000000e+00	0.000000e+00	3.661897e-02	8.807247e-01
3.661897e-02	0.000000e+00	1.316824e-01	0.000000e+00	0.000000e+00	0.000000e+00	1.887341e-02	0.000000e+00	0.000000e+00	0.000000e+00	2.721335e-02	8.420481e-03	3.431894e-04	2.595165e-03	2.303125e-03	1.388992e-02	1.827161e-02	4.853491e-03	0.000000e+00	1.562806e-03	5.006889e-02	3.378728e-02	3.618701e-02	0.000000e+00	1.363785e-04	6.671238e-04	0.000000e+00	2.402306e-02	0.000000e+00	0.000000e+00	3.661897e-02	8.807247e-01
1.075505e-02	0.000000e+00	1.546988e-01	0.000000e+00	1.439846e-02	0.000000e+00	0.000000e+00	1.600703e-02	0.000000e+00	0.000000e+00	3.618860e-02	4.628727e-03	2.053951e-03	2.392250e-03	1.535417e-03	1.589933e-02	3.327298e-03	0.000000e+00	0.000000e+00	7.974354e-03	1.036842e-02	4.355732e-03	5.464312e-02	0.000000e+00	2.009789e-04	2.031815e-03	4.433674e-04	2.249351e-02	0.000000e+00	4.665582e-03	1.075505e-02	9.983129e-01
1.075505e-02	0.000000e+00	1.546988e-01	0.000000e+00	1.439846e-02	0.000000e+00	0.000000e+00	1.600703e-02	0.000000e+00	0.000000e+00	3.618860e-02	4.628727e-03	2.053951e-03	2.392250e-03	1.535417e-03	1.589933e-02	3.327298e-03	0.000000e+00	0.000000e+00	7.974354e-03	1.036842e-02	4.355732e-03	5.464312e-02	0.000000e+00	2.009789e-04	2.031815e-03	4.433674e-04	2.249351e-02	0.000000e+00	4.665582e-03	1.075505e-02	9.983129e-01
0.000000e+00	8.869380e-04	1.491532e-01	0.000000e+00	3.599615e-03	0.000000e+00	5.540576e-03	8.003517e-03	0.000000e+00	0.000000e+00	2.286478e-02	0.000000e+00	2.053951e-03	2.101416e-03	4.240513e-04	1.496320e-02	0.000000e+00	3.274965e-02	0.000000e+00	7.974354e-03	4.358045e-02	4.355732e-03	5.464312e-02	0.000000e+00	3.014683e-04	3.396507e-03	4.433674e-04	2.249351e-02	0.000000e+00	4.665582e-03	0.000000e+00	1.119233e+00
