6.509658e-01	0.000000e+00	0.000000e+00	2.197354e-03	1.008481e-03	3.312757e-03	0.000000e+00	4.467007e-04	0.000000e+00	2.817772e-03	1.848270e-03	0.000000e+00	0.000000e+00	2.358655e-05	0.000000e+00	0.000000e+00	0.000000e+00	4.763027e-03	1.293881e-03	7.572145e-05	0.000000e+00	6.050077e-03	3.160331e-03	2.212632e-03	0.000000e+00	4.629577e-04	0.000000e+00	0.000000e+00	1.301886e-03	2.519849e-03	6.509658e-01	-4.512782e-01
6.509658e-01	0.000000e+00	0.000000e+00	8.459009e-04	9.291160e-04	4.598263e-03	0.000000e+00	3.043305e-04	0.000000e+00	1.016893e-03	4.154587e-03	0.000000e+00	0.000000e+00	1.860440e-05	0.000000e+00	0.000000e+00	0.000000e+00	7.853355e-03	6.993949e-04	1.453559e-05	1.357749e-04	3.397264e-03	2.032508e-03	1.106316e-03	0.000000e+00	4.673329e-04	0.000000e+00	4.668971e-04	1.301886e-03	4.806179e-03	6.509658e-01	-4.511568e-01
6.477756e-01	2.251790e-03	1.994443e-03	1.572357e-03	0.000000e+00	3.769726e-03	0.000000e+00	5.307043e-04	0.000000e+00	0.000000e+00	3.107259e-04	0.000000e+00	0.000000e+00	0.000000e+00	0.000000e+00	0.000000e+00	0.000000e+00	9.365190e-03	5.595159e-04	1.498131e-04	6.387793e-04	4.456816e-03	3.542619e-03	1.438173e-03	1.913923e-03	1.115869e-04	0.000000e+00	0.000000e+00	3.022174e-04	4.409735e-03	6.477756e-01	-4.441053e-01
6.442670e-01	2.251790e-03	1.994443e-03	0.000000e+00	0.000000e+00	1.795140e-03	0.000000e+00	1.814042e-04	0.000000e+00	0.000000e+00	3.107259e-04	0.000000e+00	1.663775e-03	0.000000e+00	0.000000e+00	0.000000e+00	3.310552e-04	0.000000e+00	9.266983e-04	0.000000e+00	6.387793e-04	4.456816e-03	3.108448e-03	4.453486e-03	1.913923e-03	1.115869e-04	0.000000e+00	0.000000e+00	1.355712e-03	8.399496e-04	6.442670e-01	-4.316089e-01
6.442670e-01	7.203317e-03	0.000000e+00	1.338190e-02	0.000000e+00	1.479718e-03	0.000000e+00	6.141602e-05	2.806063e-03	4.836779e-04	3.107259e-04	0.000000e+00	3.117472e-04	0.000000e+00	0.000000e+00	8.593393e-03	3.310552e-04	0.000000e+00	9.266983e-04	2.249010e-04	6.200545e-04	4.456816e-03	7.461682e-04	8.057075e-04	4.197248e-03	5.901794e-04	0.000000e+00	2.302234e-03	7.968144e-04	8.399496e-04	6.442670e-01	-4.269201e-01
6.426284e-01	1.389905e-03	0.000000e+00	0.000000e+00	2.671037e-03	1.411987e-04	5.477787e-03	3.335824e-04	5.918420e-05	9.849415e-04	1.946667e-03	0.000000e+00	3.642666e-04	0.000000e+00	0.000000e+00	1.430695e-04	1.324221e-03	7.853355e-03	8.392739e-04	7.898474e-05	3.562330e-04	1.104761e-02	4.106283e-03	1.018182e-03	2.046877e-03	0.000000e+00	0.000000e+00	1.181974e-03	9.561945e-04	1.306986e-03	6.426284e-01	-4.186089e-01
6.417817e-01	0.000000e+00	8.684146e-03	1.520398e-03	4.767364e-03	6.005469e-04	1.004220e-02	1.034045e-04	2.380657e-03	1.843027e-03	0.000000e+00	0.000000e+00	1.040280e-03	0.000000e+00	0.000000e+00	0.000000e+00	3.310552e-04	0.000000e+00	2.797580e-04	0.000000e+00	3.503996e-04	3.840636e-03	4.291224e-03	2.842071e-03	4.376526e-04	4.909292e-04	0.000000e+00	8.809529e-04	1.235643e-03	0.000000e+00	6.417817e-01	-4.130515e-01
6.401883e-01	1.267725e-03	8.535388e-03	0.000000e+00	0.000000e+00	0.000000e+00	0.000000e+00	8.980123e-05	5.019891e-03	1.558919e-03	3.107259e-04	0.000000e+00	2.067084e-04	4.898554e-05	0.000000e+00	0.000000e+00	0.000000e+00	8.754416e-03	0.000000e+00	2.820464e-04	1.582904e-03	3.052148e-03	2.365552e-03	0.000000e+00	1.518986e-03	6.294830e-04	0.000000e+00	0.000000e+00	1.906321e-03	1.679899e-03	6.401883e-01	-4.028920e-01
6.401883e-01	0.000000e+00	0.000000e+00	7.566218e-03	9.044855e-04	1.340609e-03	0.000000e+00	8.980123e-05	0.000000e+00	2.038313e-03	3.107259e-04	0.000000e+00	3.660368e-04	1.057174e-04	0.000000e+00	1.430695e-04	1.324221e-03	2.303997e-04	8.392739e-04	0.000000e+00	0.000000e+00	6.506514e-03	2.754220e-03	0.000000e+00	0.000000e+00	7.311204e-04	0.000000e+00	6.557869e-05	0.000000e+00	2.663766e-02	6.401883e-01	-4.004333e-01
6.384257e-01	1.587494e-03	1.430452e-03	1.572357e-03	0.000000e+00	3.769726e-03	3.689487e-03	4.858037e-04	6.875525e-04	2.821467e-03	7.768147e-05	0.000000e+00	4.635911e-04	4.354822e-05	0.000000e+00	0.000000e+00	8.276379e-05	4.987983e-03	8.392739e-04	4.665067e-05	0.000000e+00	5.018925e-03	3.940008e-03	1.991331e-03	1.475489e-03	1.030379e-04	0.000000e+00	0.000000e+00	0.000000e+00	3.779773e-03	6.384257e-01	-3.884359e-01
6.384257e-01	1.587494e-03	1.430452e-03	1.572357e-03	0.000000e+00	3.769726e-03	3.689487e-03	4.858037e-04	6.875525e-04	2.821467e-03	7.768147e-05	0.000000e+00	4.635911e-04	4.354822e-05	0.000000e+00	0.000000e+00	8.276379e-05	4.987983e-03	8.392739e-04	4.665067e-05	0.000000e+00	5.018925e-03	3.940008e-03	1.991331e-03	1.475489e-03	1.030379e-04	0.000000e+00	0.000000e+00	0.000000e+00	3.779773e-03	6.384257e-01	-3.884359e-01
6.367612e-01	0.000000e+00	7.017972e-03	3.492101e-03	4.816625e-03	0.000000e+00	3.510924e-04	2.137571e-04	0.000000e+00	0.000000e+00	0.000000e+00	0.000000e+00	1.606275e-03	1.449953e-05	2.114126e-03	0.000000e+00	0.000000e+00	2.904809e-03	0.000000e+00	3.219724e-04	8.651390e-04	6.307425e-03	2.867670e-03	1.219333e-03	1.883606e-03	2.089930e-04	0.000000e+00	2.232791e-03	4.137118e-03	1.679899e-03	6.367612e-01	-3.721765e-01
6.359465e-01	0.000000e+00	7.587078e-04	0.000000e+00	4.608634e-03	0.000000e+00	8.037513e-03	0.000000e+00	0.000000e+00	0.000000e+00	0.000000e+00	0.000000e+00	1.824002e-03	0.000000e+00	2.114126e-03	2.861390e-04	1.944949e-03	0.000000e+00	0.000000e+00	3.246238e-04	8.651390e-04	6.117340e-03	3.160331e-03	2.236677e-04	1.551713e-03	6.020138e-04	0.000000e+00	2.232791e-03	5.237260e-03	0.000000e+00	6.359465e-01	-3.649696e-01
6.350766e-01	4.877952e-03	1.175547e-03	5.359020e-03	0.000000e+00	7.417455e-04	4.566887e-04	4.490062e-05	2.692992e-03	1.051651e-03	2.102030e-03	0.000000e+00	0.000000e+00	6.372477e-06	0.000000e+00	0.000000e+00	4.469245e-03	0.000000e+00	0.000000e+00	4.514054e-05	4.931281e-04	4.000050e-03	2.461289e-03	0.000000e+00	3.668250e-03	3.564123e-04	0.000000e+00	1.116395e-03	3.044855e-03	3.359798e-03	6.350766e-01	-3.556978e-01
6.346534e-01	4.991564e-03	7.017972e-03	4.900261e-03	2.873555e-04	0.000000e+00	4.566887e-04	0.000000e+00	0.000000e+00	3.052668e-04	1.553629e-04	0.000000e+00	9.325875e-04	0.000000e+00	2.114126e-03	8.593393e-03	0.000000e+00	1.721880e-03	3.496975e-04	1.914352e-04	8.651390e-04	1.135570e-02	3.279631e-03	0.000000e+00	1.236667e-03	0.000000e+00	0.000000e+00	1.665597e-03	6.441909e-04	1.373880e-02	6.346534e-01	-3.468203e-01
6.336242e-01	0.000000e+00	1.276055e-02	0.000000e+00	0.000000e+00	2.398820e-03	1.163170e-02	2.262365e-04	0.000000e+00	2.810383e-03	0.000000e+00	0.000000e+00	2.093542e-03	0.000000e+00	0.000000e+00	0.000000e+00	3.972662e-03	0.000000e+00	0.000000e+00	5.195334e-05	0.000000e+00	4.638755e-03	3.307735e-03	0.000000e+00	8.117019e-04	6.020512e-04	0.000000e+00	0.000000e+00	2.200283e-03	0.000000e+00	6.336242e-01	-3.387145e-01
6.327778e-01	0.000000e+00	0.000000e+00	1.249994e-03	0.000000e+00	2.398820e-03	0.000000e+00	2.262365e-04	0.000000e+00	2.810383e-03	0.000000e+00	0.000000e+00	8.833625e-04	0.000000e+00	0.000000e+00	8.593393e-03	3.972662e-03	0.000000e+00	2.797580e-04	1.338630e-04	3.562330e-04	4.638755e-03	1.600977e-03	0.000000e+00	8.117019e-04	6.020512e-04	0.000000e+00	1.665597e-03	6.167356e-03	0.000000e+00	6.327778e-01	-3.310558e-01
6.321394e-01	0.000000e+00	0.000000e+00	2.009978e-03	1.801445e-03	4.555753e-04	2.414145e-03	0.000000e+00	7.724612e-03	3.433209e-03	0.000000e+00	0.000000e+00	8.334871e-05	0.000000e+00	0.000000e+00	3.919230e-03	1.986331e-03	2.851380e-03	1.600422e-04	0.000000e+00	3.533163e-04	1.698753e-03	4.206403e-04	0.000000e+00	1.260554e-02	1.568479e-04	0.000000e+00	5.074342e-04	0.000000e+00	3.569786e-03	6.321394e-01	-3.216337e-01
6.316167e-01	0.000000e+00	0.000000e+00	1.249994e-03	0.000000e+00	0.000000e+00	0.000000e+00	0.000000e+00	0.000000e+00	2.361628e-03	0.000000e+00	0.000000e+00	1.018132e-03	9.978353e-05	0.000000e+00	8.450323e-03	0.000000e+00	3.651493e-03	0.000000e+00	1.219789e-04	0.000000e+00	3.397505e-03	1.674679e-03	0.000000e+00	1.283155e-03	1.115869e-04	0.000000e+00	4.836225e-04	6.616554e-03	1.937134e-02	6.316167e-01	-3.145658e-01
6.305577e-01	8.639301e-05	5.026402e-03	2.891748e-03	0.000000e+00	0.000000e+00	6.091326e-05	3.920441e-04	2.793418e-03	3.816042e-03	2.256844e-03	0.000000e+00	7.456808e-04	0.000000e+00	0.000000e+00	4.225162e-03	9.104017e-04	7.154119e-03	0.000000e+00	1.061300e-04	1.568861e-03	4.588650e-03	2.112776e-03	2.214780e-03	0.000000e+00	6.852765e-04	0.000000e+00	0.000000e+00	6.353132e-03	0.000000e+00	6.305577e-01	-3.016224e-01
6.303028e-01	3.220773e-02	4.147542e-04	1.440927e-03	5.691007e-03	1.333354e-03	0.000000e+00	0.000000e+00	6.052581e-05	1.814613e-04	1.211812e-03	0.000000e+00	4.227138e-04	0.000000e+00	0.000000e+00	1.520433e-04	2.234622e-03	1.373939e-03	0.000000e+00	0.000000e+00	0.000000e+00	8.271664e-03	1.252128e-03	5.890507e-04	8.706587e-04	2.778050e-05	0.000000e+00	2.116374e-03	6.093257e-03	0.000000e+00	6.303028e-01	-2.949599e-01
6.289754e-01	4.197490e-04	0.000000e+00	0.000000e+00	4.646948e-03	3.857545e-04	3.083919e-03	0.000000e+00	1.945161e-03	1.919646e-03	1.128422e-03	2.383510e-03	1.740806e-04	0.000000e+00	4.228252e-03	1.649346e-05	4.552009e-04	2.045626e-03	5.595159e-04	0.000000e+00	7.844304e-04	1.444949e-03	2.971213e-03	2.941327e-03	0.000000e+00	3.507333e-04	0.000000e+00	0.000000e+00	1.718468e-03	0.000000e+00	6.289754e-01	-2.834656e-01
6.283360e-01	0.000000e+00	0.000000e+00	1.162523e-03	2.131904e-03	2.458392e-03	5.801099e-03	1.911407e-03	1.210516e-04	1.558919e-03	0.000000e+00	0.000000e+00	1.713412e-03	8.090839e-04	0.000000e+00	5.722780e-04	5.599071e-03	2.596257e-03	1.398790e-04	3.651523e-04	0.000000e+00	0.000000e+00	1.930297e-03	0.000000e+00	1.293879e-03	0.000000e+00	0.000000e+00	0.000000e+00	6.985855e-03	2.519849e-03	6.283360e-01	-2.735718e-01
6.278399e-01	3.765524e-04	0.000000e+00	2.099256e-03	0.000000e+00	2.686180e-03	7.786239e-03	1.889539e-03	1.782740e-03	1.558919e-03	0.000000e+00	0.000000e+00	1.743031e-03	0.000000e+00	0.000000e+00	6.118623e-04	5.599071e-03	2.016938e-03	2.600160e-04	3.951269e-04	1.751998e-04	0.000000e+00	4.837900e-03	6.655274e-04	4.995129e-04	1.055011e-04	0.000000e+00	1.618604e-03	7.970511e-04	1.658160e-03	6.278399e-01	-2.667501e-01
6.266087e-01	3.765524e-04	1.113774e-02	6.885295e-04	4.646948e-03	1.129589e-03	3.119913e-03	1.660340e-04	6.963011e-04	7.910841e-04	0.000000e+00	0.000000e+00	1.225002e-03	0.000000e+00	0.000000e+00	0.000000e+00	0.000000e+00	0.000000e+00	0.000000e+00	0.000000e+00	0.000000e+00	0.000000e+00	2.387145e-03	0.000000e+00	0.000000e+00	5.579346e-05	0.000000e+00	6.507281e-04	0.000000e+00	0.000000e+00	6.266087e-01	-2.514001e-01
6.262751e-01	1.882762e-04	0.000000e+00	0.000000e+00	4.124919e-03	2.963615e-03	2.409620e-03	0.000000e+00	7.998838e-03	2.426466e-03	8.039839e-05	0.000000e+00	1.702870e-03	0.000000e+00	2.114126e-03	0.000000e+00	0.000000e+00	2.851380e-03	5.019749e-05	0.000000e+00	1.751998e-04	3.789379e-03	3.537352e-03	0.000000e+00	6.642753e-04	2.894979e-04	0.000000e+00	0.000000e+00	0.000000e+00	3.569786e-03	6.262751e-01	-2.442820e-01
6.252829e-01	0.000000e+00	0.000000e+00	2.009978e-03	0.000000e+00	4.555753e-04	2.414145e-03	0.000000e+00	0.000000e+00	4.013544e-04	0.000000e+00	0.000000e+00	8.334871e-05	0.000000e+00	0.000000e+00	3.919230e-03	0.000000e+00	3.553607e-03	0.000000e+00	5.092379e-04	0.000000e+00	1.698753e-03	4.206403e-04	3.582255e-04	1.260554e-02	1.568479e-04	2.338281e-05	2.349648e-05	0.000000e+00	8.052833e-03	6.252829e-01	-2.299050e-01
6.252829e-01	2.746692e-04	1.059527e-02	2.846896e-03	2.323474e-03	4.555753e-04	2.414145e-03	0.000000e+00	0.000000e+00	3.197575e-03	2.256844e-03	0.000000e+00	9.324643e-04	4.045420e-04	0.000000e+00	6.015318e-03	9.104017e-04	5.044347e-03	0.000000e+00	1.631855e-04	1.481261e-03	0.000000e+00	0.000000e+00	1.409644e-03	1.260554e-02	6.802243e-04	0.000000e+00	0.000000e+00	8.650483e-03	0.000000e+00	6.252829e-01	-2.250066e-01
6.238726e-01	0.000000e+00	1.357255e-03	2.009553e-03	0.000000e+00	1.487670e-03	1.329000e-04	8.190192e-04	2.956987e-04	1.558919e-03	0.000000e+00	0.000000e+00	8.514349e-04	8.090839e-04	0.000000e+00	4.192175e-03	0.000000e+00	0.000000e+00	1.596210e-04	5.092379e-04	0.000000e+00	1.698753e-03	0.000000e+00	1.610273e-03	2.948532e-04	9.539681e-05	3.117708e-05	1.618604e-03	5.391753e-03	7.964707e-04	6.238726e-01	-2.102667e-01
6.238726e-01	0.000000e+00	0.000000e+00	2.009553e-03	0.000000e+00	2.963615e-03	1.329000e-04	0.000000e+00	7.724612e-03	2.028018e-03	0.000000e+00	0.000000e+00	8.514349e-04	0.000000e+00	6.397612e-03	4.192175e-03	0.000000e+00	4.219545e-03	0.000000e+00	7.582760e-05	1.751998e-04	2.232477e-02	0.000000e+00	1.610273e-03	2.948532e-04	9.539681e-05	1.558854e-05	1.618604e-03	5.391753e-03	7.964707e-04	6.238726e-01	-2.032505e-01
6.222323e-01	0.000000e+00	5.297635e-03	2.383798e-03	1.161737e-03	0.000000e+00	0.000000e+00	1.469398e-04	1.669762e-03	1.220683e-03	1.607968e-04	0.000000e+00	0.000000e+00	2.022710e-04	0.000000e+00	2.122477e-03	0.000000e+00	5.067312e-03	3.398265e-04	4.292559e-04	1.751998e-04	8.493763e-04	3.872751e-03	1.470664e-03	1.474266e-04	4.442095e-04	1.558854e-05	1.129847e-03	0.000000e+00	1.194706e-03	6.222323e-01	-1.833780e-01
6.214578e-01	0.000000e+00	5.030068e-03	1.523867e-03	2.539675e-03	2.358785e-03	0.000000e+00	3.492416e-03	1.210516e-04	1.977710e-04	0.000000e+00	0.000000e+00	3.920110e-04	2.497463e-04	0.000000e+00	1.055581e-04	0.000000e+00	1.778463e-03	2.797580e-04	7.223075e-04	0.000000e+00	1.698753e-03	1.941039e-03	1.470664e-03	1.154965e-03	7.842394e-05	0.000000e+00	1.142721e-03	8.413396e-03	1.889887e-03	6.214578e-01	-1.693541e-01
6.210493e-01	0.000000e+00	0.000000e+00	1.013418e-03	0.000000e+00	0.000000e+00	0.000000e+00	3.818840e-05	0.000000e+00	0.000000e+00	0.000000e+00	0.000000e+00	0.000000e+00	0.000000e+00	2.642657e-04	0.000000e+00	0.000000e+00	4.669835e-03	6.867577e-05	0.000000e+00	0.000000e+00	1.536383e-02	0.000000e+00	0.000000e+00	0.000000e+00	1.229022e-04	2.338281e-05	1.651930e-03	0.000000e+00	0.000000e+00	6.210493e-01	-1.651003e-01
6.210493e-01	0.000000e+00	0.000000e+00	1.013418e-03	0.000000e+00	0.000000e+00	0.000000e+00	3.818840e-05	0.000000e+00	0.000000e+00	0.000000e+00	0.000000e+00	0.000000e+00	0.000000e+00	2.642657e-04	0.000000e+00	0.000000e+00	4.669835e-03	6.867577e-05	0.000000e+00	0.000000e+00	1.536383e-02	0.000000e+00	0.000000e+00	0.000000e+00	1.229022e-04	2.338281e-05	1.651930e-03	0.000000e+00	0.000000e+00	6.210493e-01	-1.651003e-01
6.193928e-01	0.000000e+00	0.000000e+00	0.000000e+00	2.539675e-03	0.000000e+00	2.414145e-03	2.464273e-05	0.000000e+00	0.000000e+00	0.000000e+00	0.000000e+00	0.000000e+00	0.000000e+00	8.831239e-03	1.520433e-04	0.000000e+00	2.736330e-03	3.948401e-05	3.762995e-04	0.000000e+00	5.243461e-02	0.000000e+00	0.000000e+00	2.255815e-03	0.000000e+00	3.117708e-05	1.489151e-03	0.000000e+00	0.000000e+00	6.193928e-01	-1.276091e-01
4.550679e-01	0.000000e+00	0.000000e+00	0.000000e+00	0.000000e+00	0.000000e+00	0.000000e+00	3.818840e-05	0.000000e+00	0.000000e+00	0.000000e+00	0.000000e+00	0.000000e+00	0.000000e+00	0.000000e+00	0.000000e+00	0.000000e+00	2.736330e-03	3.948401e-05	0.000000e+00	0.000000e+00	0.000000e+00	0.000000e+00	0.000000e+00	5.700875e-03	0.000000e+00	0.000000e+00	1.318196e-03	0.000000e+00	0.000000e+00	4.550679e-01	-1.218765e-01
4.550679e-01	0.000000e+00	0.000000e+00	0.000000e+00	0.000000e+00	0.000000e+00	0.000000e+00	3.818840e-05	0.000000e+00	0.000000e+00	0.000000e+00	0.000000e+00	0.000000e+00	0.000000e+00	0.000000e+00	0.000000e+00	0.000000e+00	2.736330e-03	3.948401e-05	0.000000e+00	0.000000e+00	0.000000e+00	0.000000e+00	0.000000e+00	5.700875e-03	0.000000e+00	0.000000e+00	1.318196e-03	0.000000e+00	0.000000e+00	4.550679e-01	-1.218765e-01
4.550679e-01	0.000000e+00	0.000000e+00	0.000000e+00	0.000000e+00	0.000000e+00	0.000000e+00	3.818840e-05	0.000000e+00	0.000000e+00	0.000000e+00	0.000000e+00	0.000000e+00	0.000000e+00	0.000000e+00	0.000000e+00	0.000000e+00	2.736330e-03	3.948401e-05	0.000000e+00	0.000000e+00	0.000000e+00	0.000000e+00	0.000000e+00	5.700875e-03	0.000000e+00	0.000000e+00	1.318196e-03	0.000000e+00	0.000000e+00	4.550679e-01	-1.218765e-01
4.550679e-01	0.000000e+00	0.000000e+00	0.000000e+00	0.000000e+00	0.000000e+00	0.000000e+00	3.818840e-05	0.000000e+00	0.000000e+00	0.000000e+00	0.000000e+00	0.000000e+00	0.000000e+00	0.000000e+00	0.000000e+00	0.000000e+00	2.736330e-03	3.948401e-05	0.000000e+00	0.000000e+00	0.000000e+00	0.000000e+00	0.000000e+00	5.700875e-03	0.000000e+00	0.000000e+00	1.318196e-03	0.000000e+00	0.000000e+00	4.550679e-01	-1.218765e-01
4.550679e-01	0.000000e+00	0.000000e+00	0.000000e+00	0.000000e+00	0.000000e+00	0.000000e+00	3.818840e-05	0.000000e+00	0.000000e+00	0.000000e+00	0.000000e+00	0.000000e+00	0.000000e+00	0.000000e+00	0.000000e+00	0.000000e+00	2.736330e-03	3.948401e-05	0.000000e+00	0.000000e+00	0.000000e+00	0.000000e+00	0.000000e+00	5.700875e-03	0.000000e+00	0.000000e+00	1.318196e-03	0.000000e+00	0.000000e+00	4.550679e-01	-1.218765e-01
4.550679e-01	0.000000e+00	0.000000e+00	0.000000e+00	0.000000e+00	0.000000e+00	0.000000e+00	3.818840e-05	0.000000e+00	0.000000e+00	0.000000e+00	0.000000e+00	0.000000e+00	0.000000e+00	0.000000e+00	0.000000e+00	0.000000e+00	2.736330e-03	3.948401e-05	0.000000e+00	0.000000e+00	0.000000e+00	0.000000e+00	0.000000e+00	5.700875e-03	0.000000e+00	0.000000e+00	1.318196e-03	0.000000e+00	0.000000e+00	4.550679e-01	-1.218765e-01
4.550679e-01	0.000000e+00	0.000000e+00	0.000000e+00	0.000000e+00	0.000000e+00	0.000000e+00	3.818840e-05	0.000000e+00	0.000000e+00	0.000000e+00	0.000000e+00	0.000000e+00	0.000000e+00	0.000000e+00	0.000000e+00	0.000000e+00	2.736330e-03	3.948401e-05	0.000000e+00	0.000000e+00	0.000000e+00	0.000000e+00	0.000000e+00	5.700875e-03	0.000000e+00	0.000000e+00	1.318196e-03	0.000000e+00	0.000000e+00	4.550679e-01	-1.218765e-01
4.502417e-01	0.000000e+00	0.000000e+00	5.067089e-04	0.000000e+00	0.000000e+00	1.207072e-03	0.000000e+00	0.000000e+00	0.000000e+00	0.000000e+00	0.000000e+00	0.000000e+00	0.000000e+00	0.000000e+00	0.000000e+00	0.000000e+00	3.614949e-03	7.896802e-05	4.956530e-04	0.000000e+00	0.000000e+00	3.290932e-04	0.000000e+00	0.000000e+00	0.000000e+00	0.000000e+00	1.318196e-03	0.000000e+00	0.000000e+00	4.502417e-01	-1.196716e-01
4.461619e-01	0.000000e+00	0.000000e+00	0.000000e+00	6.823447e-03	0.000000e+00	1.049695e-03	2.425035e-05	0.000000e+00	0.000000e+00	0.000000e+00	0.000000e+00	0.000000e+00	0.000000e+00	0.000000e+00	1.145106e-05	0.000000e+00	2.907350e-03	1.974200e-05	9.091491e-05	0.000000e+00	0.000000e+00	2.056833e-05	0.000000e+00	6.264464e-04	1.223958e-05	0.000000e+00	1.658043e-03	1.978168e-05	8.275809e-04	4.461619e-01	-1.079618e-01
4.445090e-01	0.000000e+00	0.000000e+00	0.000000e+00	6.823447e-03	0.000000e+00	1.530820e-03	2.425035e-05	0.000000e+00	0.000000e+00	0.000000e+00	0.000000e+00	0.000000e+00	0.000000e+00	2.091620e-04	7.968397e-05	0.000000e+00	0.000000e+00	2.467750e-06	0.000000e+00	0.000000e+00	0.000000e+00	1.131258e-04	0.000000e+00	6.264464e-04	0.000000e+00	0.000000e+00	5.355171e-04	3.884331e-04	2.481259e-04	4.445090e-01	-1.024364e-01
4.414810e-01	0.000000e+00	0.000000e+00	0.000000e+00	0.000000e+00	1.210884e-02	2.099390e-03	1.737728e-05	0.000000e+00	0.000000e+00	0.000000e+00	0.000000e+00	0.000000e+00	1.463933e-03	1.378256e-04	5.266980e-05	0.000000e+00	7.781463e-04	1.974200e-05	0.000000e+00	0.000000e+00	0.000000e+00	2.056833e-05	0.000000e+00	4.147873e-03	1.142088e-05	2.598090e-05	1.359390e-03	1.093884e-03	8.078931e-04	4.414810e-01	-8.519602e-02
4.395362e-01	0.000000e+00	0.000000e+00	0.000000e+00	0.000000e+00	6.054419e-03	2.414145e-03	5.728260e-05	0.000000e+00	0.000000e+00	0.000000e+00	0.000000e+00	0.000000e+00	0.000000e+00	0.000000e+00	0.000000e+00	0.000000e+00	0.000000e+00	7.896802e-05	0.000000e+00	0.000000e+00	0.000000e+00	0.000000e+00	0.000000e+00	5.700875e-03	0.000000e+00	3.117708e-05	1.338793e-03	0.000000e+00	1.515273e-02	4.395362e-01	-7.257238e-02
4.372560e-01	0.000000e+00	0.000000e+00	0.000000e+00	1.202421e-03	2.848948e-04	2.099390e-03	0.000000e+00	0.000000e+00	0.000000e+00	0.000000e+00	0.000000e+00	2.268134e-04	0.000000e+00	0.000000e+00	2.290212e-05	0.000000e+00	3.078371e-03	0.000000e+00	1.818298e-04	0.000000e+00	0.000000e+00	4.113665e-05	0.000000e+00	7.316662e-03	2.447916e-05	0.000000e+00	1.997891e-03	3.956337e-05	1.655162e-03	4.372560e-01	-6.015320e-02
4.352441e-01	0.000000e+00	0.000000e+00	0.000000e+00	1.011221e-03	4.414302e-04	1.767839e-03	3.202772e-05	2.392131e-03	0.000000e+00	0.000000e+00	0.000000e+00	1.856092e-04	0.000000e+00	2.057331e-05	3.435318e-05	0.000000e+00	0.000000e+00	1.974200e-05	7.364222e-04	0.000000e+00	0.000000e+00	0.000000e+00	0.000000e+00	9.616699e-03	3.213402e-05	2.598090e-05	1.565358e-03	2.380524e-05	4.962517e-04	4.352441e-01	-4.520948e-02
4.330748e-01	0.000000e+00	0.000000e+00	0.000000e+00	3.529528e-03	0.000000e+00	2.974911e-03	5.473508e-06	0.000000e+00	0.000000e+00	0.000000e+00	0.000000e+00	0.000000e+00	0.000000e+00	1.045810e-04	3.697922e-05	0.000000e+00	6.642071e-04	6.169376e-06	0.000000e+00	0.000000e+00	0.000000e+00	5.656290e-05	0.000000e+00	2.584358e-03	5.141443e-05	0.000000e+00	6.590980e-04	9.052363e-05	1.470004e-03	4.330748e-01	-2.881824e-02
4.314270e-01	0.000000e+00	0.000000e+00	0.000000e+00	3.529528e-03	4.414302e-04	2.974911e-03	1.293352e-05	2.672427e-03	0.000000e+00	0.000000e+00	0.000000e+00	1.856092e-04	0.000000e+00	2.194486e-04	9.686056e-05	0.000000e+00	6.642071e-04	0.000000e+00	0.000000e+00	0.000000e+00	0.000000e+00	1.953991e-04	0.000000e+00	2.584358e-03	5.141443e-05	4.156944e-05	6.590980e-04	0.000000e+00	4.962517e-04	4.314270e-01	-1.378501e-02
4.300932e-01	2.017031e-04	1.248867e-02	0.000000e+00	1.838821e-03	4.989306e-04	5.652798e-04	1.414808e-02	1.868640e-04	0.000000e+00	0.000000e+00	0.000000e+00	2.268134e-04	1.178820e-05	0.000000e+00	5.725530e-06	0.000000e+00	0.000000e+00	0.000000e+00	5.768638e-05	0.000000e+00	9.760444e-05	3.110641e-04	0.000000e+00	2.441481e-03	2.570721e-05	1.606760e-03	0.000000e+00	2.380524e-05	3.064344e-04	4.300932e-01	2.812638e-03
4.278411e-01	0.000000e+00	1.248867e-02	0.000000e+00	1.767344e-03	1.130673e-03	1.121532e-03	1.750933e-05	0.000000e+00	0.000000e+00	0.000000e+00	0.000000e+00	3.712184e-04	0.000000e+00	0.000000e+00	2.290212e-05	0.000000e+00	0.000000e+00	7.896802e-05	4.815383e-04	0.000000e+00	0.000000e+00	8.227330e-05	0.000000e+00	7.272585e-03	4.715718e-05	0.000000e+00	0.000000e+00	3.956337e-05	1.655162e-03	4.278411e-01	2.316847e-02
4.262329e-01	4.034063e-04	0.000000e+00	0.000000e+00	2.022441e-03	0.000000e+00	9.480744e-04	0.000000e+00	0.000000e+00	0.000000e+00	0.000000e+00	0.000000e+00	0.000000e+00	7.072918e-06	1.549700e-04	0.000000e+00	0.000000e+00	3.056127e-03	0.000000e+00	3.561419e-04	0.000000e+00	6.636752e-05	0.000000e+00	0.000000e+00	0.000000e+00	1.678337e-05	0.000000e+00	4.016379e-04	2.073858e-04	0.000000e+00	4.262329e-01	3.589516e-02
4.242448e-01	0.000000e+00	0.000000e+00	0.000000e+00	0.000000e+00	0.000000e+00	1.252694e-03	2.586704e-05	0.000000e+00	0.000000e+00	0.000000e+00	0.000000e+00	0.000000e+00	0.000000e+00	3.099401e-04	0.000000e+00	0.000000e+00	0.000000e+00	2.467750e-06	4.815383e-04	0.000000e+00	0.000000e+00	0.000000e+00	0.000000e+00	6.648087e-04	4.461921e-06	2.078472e-05	0.000000e+00	4.003357e-04	0.000000e+00	4.242448e-01	5.653552e-02
4.224911e-01	8.068125e-04	1.851461e-03	0.000000e+00	0.000000e+00	1.240537e-03	0.000000e+00	0.000000e+00	0.000000e+00	0.000000e+00	0.000000e+00	0.000000e+00	0.000000e+00	0.000000e+00	0.000000e+00	0.000000e+00	0.000000e+00	0.000000e+00	3.948401e-05	0.000000e+00	0.000000e+00	0.000000e+00	8.227330e-05	0.000000e+00	0.000000e+00	0.000000e+00	0.000000e+00	0.000000e+00	1.731348e-04	1.499158e-03	4.224911e-01	7.690367e-02
4.208318e-01	2.017031e-04	9.257303e-04	0.000000e+00	1.838821e-03	6.202687e-04	1.374865e-04	0.000000e+00	0.000000e+00	0.000000e+00	0.000000e+00	0.000000e+00	0.000000e+00	0.000000e+00	0.000000e+00	0.000000e+00	0.000000e+00	0.000000e+00	2.591138e-05	0.000000e+00	0.000000e+00	0.000000e+00	0.000000e+00	0.000000e+00	0.000000e+00	3.856082e-05	0.000000e+00	6.590980e-04	2.073858e-04	2.219583e-03	4.208318e-01	9.655682e-02
4.195586e-01	0.000000e+00	1.248867e-02	5.067089e-04	0.000000e+00	6.228372e-04	1.121532e-03	1.293352e-05	0.000000e+00	0.000000e+00	0.000000e+00	0.000000e+00	3.712184e-04	2.416428e-06	0.000000e+00	2.290212e-05	1.135460e-02	6.840824e-04	0.000000e+00	2.407692e-04	0.000000e+00	8.101256e-05	4.756107e-04	0.000000e+00	2.364756e-03	1.678337e-05	1.039236e-05	0.000000e+00	0.000000e+00	0.000000e+00	4.195586e-01	1.167682e-01
4.177379e-01	0.000000e+00	0.000000e+00	0.000000e+00	0.000000e+00	0.000000e+00	0.000000e+00	0.000000e+00	0.000000e+00	0.000000e+00	0.000000e+00	0.000000e+00	0.000000e+00	0.000000e+00	0.000000e+00	0.000000e+00	0.000000e+00	0.000000e+00	9.871002e-06	0.000000e+00	0.000000e+00	3.318376e-05	0.000000e+00	0.000000e+00	0.000000e+00	0.000000e+00	1.039236e-04	0.000000e+00	0.000000e+00	1.499158e-03	4.177379e-01	1.330955e-01
4.156066e-01	4.034063e-04	0.000000e+00	0.000000e+00	1.838821e-03	0.000000e+00	0.000000e+00	0.000000e+00	3.737279e-04	0.000000e+00	0.000000e+00	0.000000e+00	0.000000e+00	4.715279e-06	0.000000e+00	0.000000e+00	0.000000e+00	0.000000e+00	0.000000e+00	2.069142e-04	0.000000e+00	3.318376e-05	4.756107e-04	0.000000e+00	2.441481e-03	2.570721e-05	1.123571e-03	0.000000e+00	0.000000e+00	0.000000e+00	4.156066e-01	1.610774e-01
4.138352e-01	4.034063e-04	3.122168e-03	0.000000e+00	0.000000e+00	0.000000e+00	1.168816e-03	1.330333e-05	0.000000e+00	0.000000e+00	0.000000e+00	0.000000e+00	0.000000e+00	7.072918e-06	0.000000e+00	5.725530e-06	0.000000e+00	0.000000e+00	9.871002e-06	1.153728e-04	0.000000e+00	6.636752e-05	0.000000e+00	0.000000e+00	0.000000e+00	0.000000e+00	5.351512e-04	4.119363e-04	2.073858e-04	3.064344e-04	4.138352e-01	1.837796e-01
4.127653e-01	0.000000e+00	6.244336e-03	0.000000e+00	0.000000e+00	0.000000e+00	2.337632e-03	0.000000e+00	0.000000e+00	1.755943e-02	0.000000e+00	0.000000e+00	0.000000e+00	0.000000e+00	0.000000e+00	1.145106e-05	0.000000e+00	0.000000e+00	9.871002e-06	1.446252e-04	0.000000e+00	9.269361e-06	0.000000e+00	0.000000e+00	0.000000e+00	0.000000e+00	9.663788e-04	8.238725e-04	0.000000e+00	6.128689e-04	4.127653e-01	2.024570e-01
4.099395e-01	0.000000e+00	1.785054e-03	0.000000e+00	1.767344e-03	6.228372e-04	0.000000e+00	0.000000e+00	0.000000e+00	0.000000e+00	0.000000e+00	0.000000e+00	0.000000e+00	7.072918e-06	0.000000e+00	0.000000e+00	0.000000e+00	0.000000e+00	9.871002e-06	2.069142e-04	0.000000e+00	4.977564e-05	2.056833e-05	0.000000e+00	5.466101e-04	0.000000e+00	1.175533e-03	0.000000e+00	0.000000e+00	9.020974e-04	4.099395e-01	2.352944e-01
2.589371e-01	0.000000e+00	0.000000e+00	0.000000e+00	0.000000e+00	0.000000e+00	0.000000e+00	0.000000e+00	0.000000e+00	0.000000e+00	0.000000e+00	0.000000e+00	0.000000e+00	0.000000e+00	0.000000e+00	0.000000e+00	0.000000e+00	0.000000e+00	9.871002e-06	0.000000e+00	0.000000e+00	3.318376e-05	0.000000e+00	0.000000e+00	0.000000e+00	0.000000e+00	1.039236e-04	0.000000e+00	0.000000e+00	0.000000e+00	2.589371e-01	2.423775e-01
2.589371e-01	0.000000e+00	0.000000e+00	0.000000e+00	0.000000e+00	0.000000e+00	0.000000e+00	0.000000e+00	0.000000e+00	0.000000e+00	0.000000e+00	0.000000e+00	0.000000e+00	0.000000e+00	0.000000e+00	0.000000e+00	0.000000e+00	0.000000e+00	9.871002e-06	0.000000e+00	0.000000e+00	3.318376e-05	0.000000e+00	0.000000e+00	0.000000e+00	0.000000e+00	1.039236e-04	0.000000e+00	0.000000e+00	0.000000e+00	2.589371e-01	2.423775e-01
2.589371e-01	0.000000e+00	0.000000e+00	0.000000e+00	0.000000e+00	0.000000e+00	0.000000e+00	0.000000e+00	0.000000e+00	0.000000e+00	0.000000e+00	0.000000e+00	0.000000e+00	0.000000e+00	0.000000e+00	0.000000e+00	0.000000e+00	0.000000e+00	9.871002e-06	0.000000e+00	0.000000e+00	3.318376e-05	0.000000e+00	0.000000e+00	0.000000e+00	0.000000e+00	1.039236e-04	0.000000e+00	0.000000e+00	0.000000e+00	2.589371e-01	2.423775e-01
2.589371e-01	0.000000e+00	0.000000e+00	0.000000e+00	0.000000e+00	0.000000e+00	0.000000e+00	0.000000e+00	0.000000e+00	0.000000e+00	0.000000e+00	0.000000e+00	0.000000e+00	0.000000e+00	0.000000e+00	0.000000e+00	0.000000e+00	0.000000e+00	9.871002e-06	0.000000e+00	0.000000e+00	3.318376e-05	0.000000e+00	0.000000e+00	0.000000e+00	0.000000e+00	1.039236e-04	0.000000e+00	0.000000e+00	0.000000e+00	2.589371e-01	2.423775e-01
2.589371e-01	0.000000e+00	0.000000e+00	0.000000e+00	0.000000e+00	0.000000e+00	0.000000e+00	0.000000e+00	0.000000e+00	0.000000e+00	0.000000e+00	0.000000e+00	0.000000e+00	0.000000e+00	0.000000e+00	0.000000e+00	0.000000e+00	0.000000e+00	9.871002e-06	0.000000e+00	0.000000e+00	3.318376e-05	0.000000e+00	0.000000e+00	0.000000e+00	0.000000e+00	1.039236e-04	0.000000e+00	0.000000e+00	0.000000e+00	2.589371e-01	2.423775e-01
2.589371e-01	0.000000e+00	0.000000e+00	0.000000e+00	0.000000e+00	0.000000e+00	0.000000e+00	0.000000e+00	0.000000e+00	0.000000e+00	0.000000e+00	0.000000e+00	0.000000e+00	0.000000e+00	0.000000e+00	0.000000e+00	0.000000e+00	0.000000e+00	9.871002e-06	0.000000e+00	0.000000e+00	3.318376e-05	0.000000e+00	0.000000e+00	0.000000e+00	0.000000e+00	1.039236e-04	0.000000e+00	0.000000e+00	0.000000e+00	2.589371e-01	2.423775e-01
2.589371e-01	0.000000e+00	0.000000e+00	0.000000e+00	0.000000e+00	0.000000e+00	0.000000e+00	0.000000e+00	0.000000e+00	0.000000e+00	0.000000e+00	0.000000e+00	0.000000e+00	0.000000e+00	0.000000e+00	0.000000e+00	0.000000e+00	0.000000e+00	9.871002e-06	0.000000e+00	0.000000e+00	3.318376e-05	0.000000e+00	0.000000e+00	0.000000e+00	0.000000e+00	1.039236e-04	0.000000e+00	0.000000e+00	0.000000e+00	2.589371e-01	2.423775e-01
2.589371e-01	0.000000e+00	0.000000e+00	0.000000e+00	0.000000e+00	0.000000e+00	0.000000e+00	0.000000e+00	0.000000e+00	0.000000e+00	0.000000e+00	0.000000e+00	0.000000e+00	0.000000e+00	0.000000e+00	0.000000e+00	0.000000e+00	0.000000e+00	9.871002e-06	0.000000e+00	0.000000e+00	3.318376e-05	0.000000e+00	0.000000e+00	0.000000e+00	0.000000e+00	1.039236e-04	0.000000e+00	0.000000e+00	0.000000e+00	2.589371e-01	2.423775e-01
2.589371e-01	0.000000e+00	0.000000e+00	0.000000e+00	0.000000e+00	0.000000e+00	0.000000e+00	0.000000e+00	0.000000e+00	0.000000e+00	0.000000e+00	0.000000e+00	0.000000e+00	0.000000e+00	0.000000e+00	0.000000e+00	0.000000e+00	0.000000e+00	9.871002e-06	0.000000e+00	0.000000e+00	3.318376e-05	0.000000e+00	0.000000e+00	0.000000e+00	0.000000e+00	1.039236e-04	0.000000e+00	0.000000e+00	0.000000e+00	2.589371e-01	2.423775e-01
2.589371e-01	0.000000e+00	0.000000e+00	0.000000e+00	0.000000e+00	0.000000e+00	0.000000e+00	0.000000e+00	0.000000e+00	0.000000e+00	0.000000e+00	0.000000e+00	0.000000e+00	0.000000e+00	0.000000e+00	0.000000e+00	0.000000e+00	0.000000e+00	9.871002e-06	0.000000e+00	0.000000e+00	3.318376e-05	0.000000e+00	0.000000e+00	0.000000e+00	0.000000e+00	1.039236e-04	0.000000e+00	0.000000e+00	0.000000e+00	2.589371e-01	2.423775e-01
2.485501e-01	0.000000e+00	0.000000e+00	0.000000e+00	5.641443e-04	0.000000e+00	8.723651e-06	0.000000e+00	0.000000e+00	0.000000e+00	0.000000e+00	0.000000e+00	0.000000e+00	5.785830e-07	0.000000e+00	0.000000e+00	3.577137e-04	0.000000e+00	0.000000e+00	0.000000e+00	0.000000e+00	0.000000e+00	0.000000e+00	0.000000e+00	0.000000e+00	0.000000e+00	5.542592e-05	0.000000e+00	0.000000e+00	0.000000e+00	2.485501e-01	2.533896e-01
2.443871e-01	9.251005e-03	0.000000e+00	0.000000e+00	5.641443e-04	0.000000e+00	0.000000e+00	0.000000e+00	0.000000e+00	0.000000e+00	0.000000e+00	0.000000e+00	0.000000e+00	0.000000e+00	0.000000e+00	0.000000e+00	0.000000e+00	0.000000e+00	4.935501e-06	0.000000e+00	0.000000e+00	1.659188e-05	0.000000e+00	0.000000e+00	0.000000e+00	0.000000e+00	8.198418e-05	0.000000e+00	0.000000e+00	0.000000e+00	2.443871e-01	2.673652e-01
2.382831e-01	2.277957e-05	0.000000e+00	0.000000e+00	4.185900e-06	0.000000e+00	0.000000e+00	0.000000e+00	0.000000e+00	0.000000e+00	0.000000e+00	0.000000e+00	0.000000e+00	4.484160e-06	0.000000e+00	0.000000e+00	2.682853e-04	1.552399e-04	4.935501e-06	0.000000e+00	0.000000e+00	7.865780e-05	0.000000e+00	0.000000e+00	0.000000e+00	0.000000e+00	1.091198e-04	0.000000e+00	0.000000e+00	0.000000e+00	2.382831e-01	2.896882e-01
2.322881e-01	0.000000e+00	0.000000e+00	0.000000e+00	0.000000e+00	0.000000e+00	6.978920e-06	0.000000e+00	0.000000e+00	0.000000e+00	0.000000e+00	4.579899e-04	0.000000e+00	9.031500e-06	0.000000e+00	0.000000e+00	0.000000e+00	1.774171e-04	0.000000e+00	0.000000e+00	0.000000e+00	0.000000e+00	1.931391e-03	7.947109e-04	0.000000e+00	0.000000e+00	1.177801e-04	0.000000e+00	0.000000e+00	1.140010e-03	2.322881e-01	3.218836e-01
2.273847e-01	1.138979e-05	0.000000e+00	0.000000e+00	0.000000e+00	0.000000e+00	8.723651e-06	0.000000e+00	0.000000e+00	0.000000e+00	0.000000e+00	0.000000e+00	0.000000e+00	1.258191e-05	0.000000e+00	0.000000e+00	0.000000e+00	0.000000e+00	4.935501e-06	1.047313e-05	0.000000e+00	5.714981e-05	0.000000e+00	0.000000e+00	0.000000e+00	0.000000e+00	1.039236e-04	0.000000e+00	0.000000e+00	0.000000e+00	2.273847e-01	3.508323e-01
2.249743e-01	0.000000e+00	6.671139e-05	2.736487e-04	1.114894e-03	0.000000e+00	0.000000e+00	0.000000e+00	0.000000e+00	0.000000e+00	0.000000e+00	0.000000e+00	0.000000e+00	1.436537e-05	0.000000e+00	0.000000e+00	0.000000e+00	3.965312e-03	4.935501e-06	0.000000e+00	0.000000e+00	1.375070e-04	7.889205e-04	0.000000e+00	0.000000e+00	0.000000e+00	3.810532e-05	5.604727e-04	2.205448e-04	5.736230e-02	2.249743e-01	3.820377e-01
2.192733e-01	9.251005e-03	0.000000e+00	2.264679e-04	2.820722e-04	0.000000e+00	0.000000e+00	0.000000e+00	0.000000e+00	0.000000e+00	0.000000e+00	0.000000e+00	0.000000e+00	1.104356e-05	0.000000e+00	0.000000e+00	3.577137e-04	2.820958e-03	9.871002e-06	0.000000e+00	0.000000e+00	1.375070e-04	0.000000e+00	0.000000e+00	0.000000e+00	0.000000e+00	1.062330e-04	0.000000e+00	0.000000e+00	0.000000e+00	2.192733e-01	4.100706e-01
2.130016e-01	8.542339e-06	0.000000e+00	0.000000e+00	0.000000e+00	0.000000e+00	0.000000e+00	0.000000e+00	1.966975e-04	0.000000e+00	0.000000e+00	0.000000e+00	0.000000e+00	8.968321e-06	0.000000e+00	0.000000e+00	7.154274e-04	3.548342e-04	0.000000e+00	0.000000e+00	0.000000e+00	0.000000e+00	0.000000e+00	0.000000e+00	0.000000e+00	0.000000e+00	5.080710e-05	0.000000e+00	0.000000e+00	3.020460e-04	2.130016e-01	4.542671e-01
2.081122e-01	1.138979e-05	1.334228e-04	2.594944e-05	5.591213e-04	0.000000e+00	2.355386e-05	0.000000e+00	3.241556e-04	0.000000e+00	0.000000e+00	0.000000e+00	0.000000e+00	0.000000e+00	0.000000e+00	0.000000e+00	1.788569e-04	4.435427e-05	0.000000e+00	5.563851e-06	0.000000e+00	3.146312e-04	9.656955e-04	0.000000e+00	0.000000e+00	0.000000e+00	4.041474e-05	2.802363e-04	1.797862e-04	1.222020e-03	2.081122e-01	4.923740e-01
2.032915e-01	0.000000e+00	0.000000e+00	2.075955e-04	0.000000e+00	0.000000e+00	2.878805e-05	0.000000e+00	4.817726e-04	0.000000e+00	0.000000e+00	0.000000e+00	0.000000e+00	1.292969e-05	0.000000e+00	0.000000e+00	0.000000e+00	4.577414e-03	0.000000e+00	0.000000e+00	0.000000e+00	0.000000e+00	0.000000e+00	8.789984e-04	0.000000e+00	0.000000e+00	4.676562e-05	0.000000e+00	0.000000e+00	2.569902e-04	2.032915e-01	5.296979e-01
1.969065e-01	1.191256e-05	2.449119e-04	0.000000e+00	0.000000e+00	0.000000e+00	2.704332e-05	0.000000e+00	2.018771e-04	0.000000e+00	0.000000e+00	0.000000e+00	0.000000e+00	1.094664e-05	0.000000e+00	0.000000e+00	0.000000e+00	0.000000e+00	0.000000e+00	0.000000e+00	0.000000e+00	3.932890e-05	0.000000e+00	3.973555e-04	0.000000e+00	0.000000e+00	1.056557e-04	0.000000e+00	0.000000e+00	0.000000e+00	1.969065e-01	5.756160e-01
1.914338e-01	5.694893e-06	0.000000e+00	1.037978e-04	0.000000e+00	0.000000e+00	2.137294e-05	0.000000e+00	9.301177e-05	0.000000e+00	0.000000e+00	0.000000e+00	0.000000e+00	1.275580e-05	0.000000e+00	0.000000e+00	1.073141e-03	0.000000e+00	2.467750e-06	5.236566e-06	0.000000e+00	0.000000e+00	1.931391e-03	1.565340e-04	0.000000e+00	0.000000e+00	5.975607e-05	1.120945e-03	0.000000e+00	1.871682e-03	1.914338e-01	6.149322e-01
1.839141e-01	1.760745e-05	1.334228e-04	2.406221e-04	1.118243e-03	0.000000e+00	2.966041e-05	0.000000e+00	3.887608e-04	0.000000e+00	0.000000e+00	0.000000e+00	0.000000e+00	8.013223e-06	0.000000e+00	0.000000e+00	7.154274e-04	6.560070e-03	2.467750e-06	1.636427e-07	0.000000e+00	6.875350e-05	7.580696e-03	6.381769e-04	0.000000e+00	0.000000e+00	2.309413e-05	2.802363e-04	1.102724e-04	1.192831e-03	1.839141e-01	6.648446e-01
8.415797e-02	0.000000e+00	0.000000e+00	2.075955e-04	0.000000e+00	0.000000e+00	3.402224e-05	0.000000e+00	1.860235e-04	0.000000e+00	0.000000e+00	0.000000e+00	0.000000e+00	1.292969e-05	0.000000e+00	0.000000e+00	0.000000e+00	0.000000e+00	0.000000e+00	0.000000e+00	0.000000e+00	0.000000e+00	0.000000e+00	4.816430e-04	0.000000e+00	0.000000e+00	1.558854e-05	0.000000e+00	0.000000e+00	2.569902e-04	8.415797e-02	6.700402e-01
8.415797e-02	0.000000e+00	0.000000e+00	2.075955e-04	0.000000e+00	0.000000e+00	3.402224e-05	0.000000e+00	1.860235e-04	0.000000e+00	0.000000e+00	0.000000e+00	0.000000e+00	1.292969e-05	0.000000e+00	0.000000e+00	0.000000e+00	0.000000e+00	0.000000e+00	0.000000e+00	0.000000e+00	0.000000e+00	0.000000e+00	4.816430e-04	0.000000e+00	0.000000e+00	1.558854e-05	0.000000e+00	0.000000e+00	2.569902e-04	8.415797e-02	6.700402e-01
8.415797e-02	0.000000e+00	0.000000e+00	2.075955e-04	0.000000e+00	0.000000e+00	3.402224e-05	0.000000e+00	1.860235e-04	0.000000e+00	0.000000e+00	0.000000e+00	0.000000e+00	1.292969e-05	0.000000e+00	0.000000e+00	0.000000e+00	0.000000e+00	0.000000e+00	0.000000e+00	0.000000e+00	0.000000e+00	0.000000e+00	4.816430e-04	0.000000e+00	0.000000e+00	1.558854e-05	0.000000e+00	0.000000e+00	2.569902e-04	8.415797e-02	6.700402e-01
8.415797e-02	0.000000e+00	0.000000e+00	2.075955e-04	0.000000e+00	0.000000e+00	3.402224e-05	0.000000e+00	1.860235e-04	0.000000e+00	0.000000e+00	0.000000e+00	0.000000e+00	1.292969e-05	0.000000e+00	0.000000e+00	0.000000e+00	0.000000e+00	0.000000e+00	0.000000e+00	0.000000e+00	0.000000e+00	0.000000e+00	4.816430e-04	0.000000e+00	0.000000e+00	1.558854e-05	0.000000e+00	0.000000e+00	2.569902e-04	8.415797e-02	6.700402e-01
8.415797e-02	0.000000e+00	0.000000e+00	2.075955e-04	0.000000e+00	0.000000e+00	3.402224e-05	0.000000e+00	1.860235e-04	0.000000e+00	0.000000e+00	0.000000e+00	0.000000e+00	1.292969e-05	0.000000e+00	0.000000e+00	0.000000e+00	0.000000e+00	0.000000e+00	0.000000e+00	0.000000e+00	0.000000e+00	0.000000e+00	4.816430e-04	0.000000e+00	0.000000e+00	1.558854e-05	0.000000e+00	0.000000e+00	2.569902e-04	8.415797e-02	6.700402e-01
8.415797e-02	0.000000e+00	0.000000e+00	2.075955e-04	0.000000e+00	0.000000e+00	3.402224e-05	0.000000e+00	1.860235e-04	0.000000e+00	0.000000e+00	0.000000e+00	0.000000e+00	1.292969e-05	0.000000e+00	0.000000e+00	0.000000e+00	0.000000e+00	0.000000e+00	0.000000e+00	0.000000e+00	0.000000e+00	0.000000e+00	4.816430e-04	0.000000e+00	0.000000e+00	1.558854e-05	0.000000e+00	0.000000e+00	2.569902e-04	8.415797e-02	6.700402e-01
8.415797e-02	0.000000e+00	0.000000e+00	2.075955e-04	0.000000e+00	0.000000e+00	3.402224e-05	0.000000e+00	1.860235e-04	0.000000e+00	0.000000e+00	0.000000e+00	0.000000e+00	1.292969e-05	0.000000e+00	0.000000e+00	0.000000e+00	0.000000e+00	0.000000e+00	0.000000e+00	0.000000e+00	0.000000e+00	0.000000e+00	4.816430e-04	0.000000e+00	0.000000e+00	1.558854e-05	0.000000e+00	0.000000e+00	2.569902e-04	8.415797e-02	6.700402e-01
7.194986e-02	1.993212e-05	2.281380e-04	0.000000e+00	0.000000e+00	0.000000e+00	0.000000e+00	0.000000e+00	3.241556e-04	0.000000e+00	0.000000e+00	0.000000e+00	0.000000e+00	2.532878e-06	0.000000e+00	0.000000e+00	0.000000e+00	2.643541e-03	0.000000e+00	3.281192e-05	0.000000e+00	0.000000e+00	6.180386e-04	9.632860e-04	0.000000e+00	0.000000e+00	4.849768e-05	0.000000e+00	1.630346e-04	2.892984e-04	7.194986e-02	6.776880e-01
6.103367e-02	2.360822e-06	3.615608e-04	2.140829e-04	1.397803e-04	0.000000e+00	1.701112e-05	0.000000e+00	1.860235e-04	0.000000e+00	0.000000e+00	0.000000e+00	0.000000e+00	1.292969e-05	0.000000e+00	0.000000e+00	0.000000e+00	0.000000e+00	0.000000e+00	0.000000e+00	0.000000e+00	7.865780e-05	6.388307e-04	4.816430e-04	0.000000e+00	0.000000e+00	2.598090e-05	7.005909e-05	0.000000e+00	1.452122e-03	6.103367e-02	6.965479e-01
4.927877e-02	1.946496e-06	4.002683e-04	0.000000e+00	0.000000e+00	0.000000e+00	1.701112e-05	0.000000e+00	0.000000e+00	0.000000e+00	0.000000e+00	0.000000e+00	0.000000e+00	1.215571e-05	0.000000e+00	0.000000e+00	0.000000e+00	1.774171e-04	0.000000e+00	0.000000e+00	0.000000e+00	0.000000e+00	0.000000e+00	0.000000e+00	0.000000e+00	0.000000e+00	0.000000e+00	0.000000e+00	3.595723e-04	2.795181e-04	4.927877e-02	7.290899e-01
3.790937e-02	4.721644e-06	0.000000e+00	1.604147e-04	0.000000e+00	0.000000e+00	3.969261e-05	0.000000e+00	3.134817e-04	0.000000e+00	0.000000e+00	0.000000e+00	0.000000e+00	1.039736e-05	0.000000e+00	1.913399e-03	0.000000e+00	0.000000e+00	0.000000e+00	0.000000e+00	0.000000e+00	3.932890e-05	0.000000e+00	2.889858e-04	0.000000e+00	0.000000e+00	1.183574e-05	0.000000e+00	0.000000e+00	9.941040e-04	3.790937e-02	7.711473e-01
2.513011e-02	5.694893e-06	6.671139e-05	1.167725e-04	0.000000e+00	0.000000e+00	0.000000e+00	0.000000e+00	2.550896e-04	0.000000e+00	0.000000e+00	0.000000e+00	0.000000e+00	6.464843e-06	0.000000e+00	0.000000e+00	0.000000e+00	2.217714e-05	0.000000e+00	2.781926e-06	0.000000e+00	1.573156e-04	4.828477e-04	0.000000e+00	0.000000e+00	0.000000e+00	0.000000e+00	0.000000e+00	0.000000e+00	7.395053e-04	2.513011e-02	8.241632e-01
1.120851e-02	0.000000e+00	5.810488e-04	2.075955e-04	0.000000e+00	0.000000e+00	5.932082e-05	0.000000e+00	3.097351e-04	0.000000e+00	0.000000e+00	0.000000e+00	0.000000e+00	8.335170e-06	0.000000e+00	0.000000e+00	0.000000e+00	0.000000e+00	0.000000e+00	0.000000e+00	0.000000e+00	3.932890e-05	3.194153e-04	2.408215e-04	0.000000e+00	0.000000e+00	0.000000e+00	0.000000e+00	4.396457e-04	8.545563e-04	1.120851e-02	8.911634e-01
0.000000e+00	5.694893e-06	1.798551e-04	0.000000e+00	0.000000e+00	0.000000e+00	4.710771e-05	0.000000e+00	2.018771e-04	0.000000e+00	0.000000e+00	0.000000e+00	0.000000e+00	1.101942e-05	0.000000e+00	0.000000e+00	0.000000e+00	0.000000e+00	0.000000e+00	2.323726e-05	0.000000e+00	0.000000e+00	3.417638e-04	0.000000e+00	0.000000e+00	0.000000e+00	6.119946e-05	0.000000e+00	3.595723e-04	5.659090e-04	0.000000e+00	1.000558e+00
