8.536835e-01	0.000000e+00	1.492612e-03	0.000000e+00	3.402318e-03	0.000000e+00	0.000000e+00	2.015603e-03	3.703557e-05	5.566842e-03	0.000000e+00	0.000000e+00	0.000000e+00	0.000000e+00	0.000000e+00	0.000000e+00	1.364692e-03	2.897378e-04	0.000000e+00	0.000000e+00	0.000000e+00	0.000000e+00	0.000000e+00	0.000000e+00	8.679830e-05	8.132521e-03	3.770960e-04	0.000000e+00	7.740651e-04	1.989049e-03	8.536835e-01	-7.676541e-01
8.477034e-01	0.000000e+00	1.876572e-03	1.644654e-03	3.123447e-03	0.000000e+00	0.000000e+00	2.058692e-03	2.715253e-04	1.002032e-02	0.000000e+00	0.000000e+00	3.336230e-07	0.000000e+00	4.136522e-04	5.517227e-06	1.864421e-03	2.897378e-04	0.000000e+00	5.503198e-05	1.810899e-03	0.000000e+00	0.000000e+00	0.000000e+00	8.679830e-05	8.587116e-03	3.235677e-04	0.000000e+00	7.740651e-04	1.776669e-03	8.477034e-01	-7.603338e-01
8.459468e-01	0.000000e+00	1.876572e-03	1.644654e-03	3.123447e-03	0.000000e+00	0.000000e+00	2.058692e-03	2.715253e-04	1.002032e-02	0.000000e+00	0.000000e+00	2.251955e-06	0.000000e+00	4.136522e-04	4.597689e-06	1.864421e-03	2.897378e-04	0.000000e+00	6.455825e-04	1.810899e-03	0.000000e+00	1.704366e-04	0.000000e+00	8.679830e-05	8.587116e-03	3.235677e-04	0.000000e+00	7.740651e-04	0.000000e+00	8.459468e-01	-7.531449e-01
8.446226e-01	0.000000e+00	7.246930e-04	0.000000e+00	2.169144e-03	0.000000e+00	6.422991e-04	3.803240e-03	5.873752e-04	0.000000e+00	1.807212e-03	0.000000e+00	0.000000e+00	4.882991e-05	1.472328e-03	0.000000e+00	0.000000e+00	4.365260e-04	0.000000e+00	2.675821e-03	2.421454e-03	0.000000e+00	1.704366e-04	2.801293e-03	6.943864e-04	1.977608e-03	2.697787e-04	1.190423e-03	9.113107e-04	4.011284e-03	8.446226e-01	-7.467897e-01
8.427633e-01	2.083929e-03	0.000000e+00	0.000000e+00	3.009327e-03	0.000000e+00	0.000000e+00	6.306850e-06	3.395912e-04	0.000000e+00	8.203370e-04	0.000000e+00	2.668984e-06	0.000000e+00	0.000000e+00	3.678151e-06	1.327632e-03	0.000000e+00	0.000000e+00	0.000000e+00	8.168197e-03	0.000000e+00	0.000000e+00	0.000000e+00	8.679830e-05	1.252937e-04	3.056380e-04	0.000000e+00	0.000000e+00	6.372873e-03	8.427633e-01	-7.352899e-01
8.422474e-01	3.070783e-03	1.155661e-03	5.509257e-03	1.605512e-03	0.000000e+00	7.664683e-04	3.412295e-03	2.344898e-04	3.340105e-03	1.423258e-03	1.726423e-03	0.000000e+00	3.662243e-05	8.858574e-04	9.195379e-07	6.960963e-04	5.185257e-04	0.000000e+00	2.006866e-03	7.253980e-03	0.000000e+00	0.000000e+00	0.000000e+00	5.207898e-04	1.483206e-03	2.023340e-04	1.190423e-03	3.870326e-04	7.081908e-03	8.422474e-01	-7.276342e-01
8.418348e-01	0.000000e+00	9.140319e-03	4.103261e-03	2.169144e-03	0.000000e+00	9.930010e-04	0.000000e+00	6.988399e-04	7.793579e-03	0.000000e+00	0.000000e+00	0.000000e+00	1.421096e-05	4.279593e-03	0.000000e+00	1.145121e-03	6.283595e-04	0.000000e+00	5.503198e-05	7.716280e-03	0.000000e+00	0.000000e+00	9.901699e-04	3.597870e-02	0.000000e+00	4.009153e-04	0.000000e+00	7.026974e-04	5.536548e-03	8.418348e-01	-7.178991e-01
8.397057e-01	0.000000e+00	9.140319e-03	4.897771e-03	2.169144e-03	0.000000e+00	4.396999e-04	0.000000e+00	0.000000e+00	4.453474e-03	0.000000e+00	0.000000e+00	2.001738e-06	2.753640e-05	4.260453e-03	0.000000e+00	0.000000e+00	6.283595e-04	0.000000e+00	0.000000e+00	2.421454e-03	0.000000e+00	5.542122e-03	2.801293e-03	6.943864e-04	1.739367e-03	1.905547e-04	1.190423e-03	7.026974e-04	3.776435e-03	8.397057e-01	-7.049272e-01
8.389426e-01	3.070783e-03	1.155661e-03	5.509257e-03	1.605512e-03	0.000000e+00	7.664683e-04	1.282822e-03	2.344898e-04	3.340105e-03	1.423258e-03	1.726423e-03	6.755865e-06	0.000000e+00	8.858574e-04	0.000000e+00	6.960963e-04	1.075535e-03	0.000000e+00	3.668799e-05	7.253980e-03	0.000000e+00	0.000000e+00	8.057255e-05	5.207898e-04	6.264685e-05	1.528190e-04	0.000000e+00	3.870326e-04	7.081908e-03	8.389426e-01	-6.983016e-01
8.376279e-01	6.324641e-03	1.155661e-03	4.056367e-03	4.303089e-03	0.000000e+00	1.247599e-03	0.000000e+00	9.136722e-04	0.000000e+00	1.423258e-03	0.000000e+00	9.007820e-06	8.855171e-07	0.000000e+00	0.000000e+00	4.511735e-04	1.534595e-03	0.000000e+00	0.000000e+00	6.436871e-03	0.000000e+00	0.000000e+00	2.077304e-03	0.000000e+00	0.000000e+00	3.811093e-04	4.386004e-03	0.000000e+00	1.652218e-03	8.376279e-01	-6.842357e-01
8.376279e-01	9.073110e-03	7.246930e-04	1.245720e-04	2.043848e-03	0.000000e+00	5.873700e-06	0.000000e+00	0.000000e+00	7.119019e-03	0.000000e+00	0.000000e+00	1.125977e-06	1.704461e-05	1.472328e-03	3.678151e-06	2.075398e-04	2.334600e-03	0.000000e+00	1.162757e-03	2.421454e-03	0.000000e+00	3.408731e-04	1.075157e-02	0.000000e+00	0.000000e+00	9.809188e-05	1.190423e-03	3.993847e-04	0.000000e+00	8.376279e-01	-6.837048e-01
8.364125e-01	6.324641e-03	5.147990e-03	4.872535e-03	2.184167e-03	0.000000e+00	1.247599e-03	0.000000e+00	2.023247e-03	0.000000e+00	0.000000e+00	0.000000e+00	6.755865e-06	8.855171e-07	0.000000e+00	0.000000e+00	6.866431e-04	5.491690e-05	0.000000e+00	0.000000e+00	6.436871e-03	0.000000e+00	1.975998e-03	2.077304e-03	0.000000e+00	9.871329e-03	0.000000e+00	0.000000e+00	0.000000e+00	8.142014e-03	8.364125e-01	-6.672886e-01
8.351219e-01	4.167859e-03	1.567899e-03	4.376064e-03	2.016966e-04	0.000000e+00	6.138311e-04	2.239459e-03	0.000000e+00	0.000000e+00	1.640674e-03	0.000000e+00	0.000000e+00	0.000000e+00	0.000000e+00	3.678151e-06	5.989866e-04	7.645247e-04	0.000000e+00	0.000000e+00	8.168197e-03	0.000000e+00	0.000000e+00	3.447306e-03	3.037941e-04	0.000000e+00	0.000000e+00	0.000000e+00	0.000000e+00	5.449085e-03	8.351219e-01	-6.537304e-01
8.351219e-01	2.083929e-03	1.567899e-03	4.376064e-03	2.016966e-04	0.000000e+00	6.138311e-04	2.239459e-03	0.000000e+00	0.000000e+00	8.203370e-04	0.000000e+00	6.672459e-07	0.000000e+00	0.000000e+00	1.839076e-06	1.444615e-03	6.964421e-04	0.000000e+00	0.000000e+00	8.168197e-03	0.000000e+00	0.000000e+00	3.447306e-03	3.578341e-02	0.000000e+00	0.000000e+00	0.000000e+00	0.000000e+00	6.372873e-03	8.351219e-01	-6.479158e-01
8.339122e-01	1.223543e-02	6.562411e-04	1.119544e-04	0.000000e+00	0.000000e+00	6.138311e-04	1.239319e-03	0.000000e+00	0.000000e+00	0.000000e+00	8.632113e-04	3.503041e-06	3.719172e-06	2.840302e-03	3.678151e-06	5.989866e-04	2.047879e-03	0.000000e+00	0.000000e+00	9.876394e-03	0.000000e+00	0.000000e+00	3.447306e-03	3.037941e-04	0.000000e+00	1.905547e-04	5.952116e-04	4.803596e-05	3.776435e-03	8.339122e-01	-6.361687e-01
8.326624e-01	5.209823e-04	8.244754e-04	4.991343e-03	1.398918e-03	0.000000e+00	7.782157e-04	1.119730e-03	0.000000e+00	2.226737e-03	0.000000e+00	6.507061e-04	0.000000e+00	2.753640e-05	3.901941e-03	7.356303e-06	3.850014e-04	4.882903e-04	0.000000e+00	0.000000e+00	6.505553e-03	0.000000e+00	0.000000e+00	0.000000e+00	1.562369e-03	0.000000e+00	2.221400e-04	1.190423e-03	3.952673e-04	5.076266e-03	8.326624e-01	-6.192183e-01
8.326624e-01	5.209823e-04	8.244754e-04	4.991343e-03	1.398918e-03	0.000000e+00	7.782157e-04	1.119730e-03	0.000000e+00	2.226737e-03	0.000000e+00	6.507061e-04	0.000000e+00	2.753640e-05	3.901941e-03	7.356303e-06	3.850014e-04	4.882903e-04	0.000000e+00	0.000000e+00	6.505553e-03	0.000000e+00	0.000000e+00	0.000000e+00	1.562369e-03	0.000000e+00	2.221400e-04	1.190423e-03	3.952673e-04	5.076266e-03	8.326624e-01	-6.192183e-01
8.316087e-01	1.034801e-02	1.747348e-03	3.835292e-04	2.147145e-03	0.000000e+00	0.000000e+00	0.000000e+00	0.000000e+00	7.675704e-03	0.000000e+00	0.000000e+00	4.503910e-06	3.276413e-06	0.000000e+00	0.000000e+00	3.630873e-04	2.628223e-03	0.000000e+00	1.181101e-03	4.394280e-03	0.000000e+00	3.408731e-04	1.079186e-02	0.000000e+00	0.000000e+00	6.343136e-05	0.000000e+00	3.952673e-04	0.000000e+00	8.316087e-01	-6.013560e-01
8.304149e-01	4.102854e-03	0.000000e+00	8.861966e-03	2.151544e-03	0.000000e+00	2.127285e-04	4.669542e-03	0.000000e+00	0.000000e+00	0.000000e+00	0.000000e+00	0.000000e+00	2.753640e-05	7.170233e-04	3.678151e-06	0.000000e+00	0.000000e+00	0.000000e+00	0.000000e+00	0.000000e+00	0.000000e+00	8.824049e-04	1.143960e-03	0.000000e+00	7.746544e-04	0.000000e+00	4.852386e-03	0.000000e+00	1.205726e-03	8.304149e-01	-5.843838e-01
8.303061e-01	4.349918e-03	7.246930e-04	8.861966e-03	2.151544e-03	0.000000e+00	0.000000e+00	0.000000e+00	3.913241e-04	7.397361e-03	0.000000e+00	1.993422e-04	2.084158e-05	0.000000e+00	1.472328e-03	1.217843e-02	3.381653e-04	3.404825e-04	0.000000e+00	4.170542e-03	2.612765e-03	0.000000e+00	1.704366e-04	1.242600e-02	0.000000e+00	9.876100e-03	0.000000e+00	5.376637e-03	7.068148e-04	2.658895e-03	8.303061e-01	-5.746293e-01
8.296004e-01	0.000000e+00	0.000000e+00	4.188920e-03	1.742149e-03	0.000000e+00	3.239264e-04	0.000000e+00	2.668472e-03	5.566842e-04	0.000000e+00	2.151433e-03	3.943121e-05	0.000000e+00	0.000000e+00	6.436765e-06	2.612510e-04	0.000000e+00	0.000000e+00	5.813785e-04	0.000000e+00	0.000000e+00	3.951997e-03	1.201238e-02	0.000000e+00	2.031667e-02	0.000000e+00	0.000000e+00	6.148602e-04	5.317790e-03	8.296004e-01	-5.665269e-01
8.287977e-01	1.034801e-02	1.747348e-03	5.182103e-03	0.000000e+00	0.000000e+00	1.449524e-04	7.455061e-03	0.000000e+00	2.783421e-04	0.000000e+00	0.000000e+00	4.503910e-06	4.287560e-05	0.000000e+00	0.000000e+00	9.148080e-04	9.854725e-04	0.000000e+00	1.181101e-03	4.394280e-03	0.000000e+00	2.410974e-03	1.079186e-02	0.000000e+00	0.000000e+00	1.496784e-02	0.000000e+00	2.635115e-04	5.275417e-04	8.287977e-01	-5.515562e-01
8.277253e-01	0.000000e+00	0.000000e+00	8.861966e-03	1.349524e-03	0.000000e+00	8.923492e-05	4.669542e-03	1.656849e-03	1.670053e-03	0.000000e+00	2.476786e-03	0.000000e+00	2.753640e-05	1.950971e-03	1.011492e-05	1.104301e-04	0.000000e+00	0.000000e+00	5.813785e-04	3.434098e-05	0.000000e+00	2.963998e-03	1.097373e-02	0.000000e+00	1.538101e-02	1.110700e-04	4.205784e-03	0.000000e+00	3.784916e-03	8.277253e-01	-5.326468e-01
8.268960e-01	0.000000e+00	2.492863e-04	5.088531e-03	0.000000e+00	0.000000e+00	0.000000e+00	4.000560e-03	1.067389e-03	0.000000e+00	0.000000e+00	2.646112e-03	1.540550e-04	2.328592e-05	6.956905e-05	5.044322e-05	0.000000e+00	1.034938e-03	0.000000e+00	3.543303e-03	3.526409e-03	0.000000e+00	0.000000e+00	7.000314e-03	0.000000e+00	1.037056e-04	1.496784e-02	0.000000e+00	0.000000e+00	1.689848e-03	8.268960e-01	-5.201371e-01
8.259851e-01	1.155105e-02	1.966412e-03	5.111079e-03	1.611401e-03	0.000000e+00	3.579588e-04	8.839408e-04	4.273706e-04	0.000000e+00	0.000000e+00	1.726423e-03	0.000000e+00	7.694190e-05	7.518078e-04	7.356303e-06	3.850014e-04	0.000000e+00	0.000000e+00	7.337598e-05	4.106747e-03	0.000000e+00	8.824049e-04	6.730159e-03	0.000000e+00	3.950691e-05	1.268627e-04	2.659384e-03	0.000000e+00	0.000000e+00	8.259851e-01	-5.039895e-01
8.257377e-01	5.775524e-03	9.239494e-04	3.760185e-03	8.057007e-04	0.000000e+00	0.000000e+00	4.669542e-03	9.300338e-04	0.000000e+00	0.000000e+00	2.685320e-03	0.000000e+00	4.869708e-05	1.127712e-03	1.218119e-02	1.237505e-04	2.806278e-03	0.000000e+00	3.668799e-05	5.820395e-04	0.000000e+00	2.963998e-03	3.100122e-03	0.000000e+00	9.895853e-03	1.268627e-04	1.329692e-03	7.068148e-04	1.890224e-03	8.257377e-01	-4.963617e-01
8.257377e-01	5.775524e-03	9.239494e-04	3.760185e-03	8.057007e-04	0.000000e+00	0.000000e+00	4.669542e-03	9.300338e-04	0.000000e+00	0.000000e+00	2.685320e-03	0.000000e+00	4.869708e-05	1.127712e-03	1.218119e-02	1.237505e-04	2.806278e-03	0.000000e+00	3.668799e-05	5.820395e-04	0.000000e+00	2.963998e-03	3.100122e-03	0.000000e+00	9.895853e-03	1.268627e-04	1.329692e-03	7.068148e-04	1.890224e-03	8.257377e-01	-4.963617e-01
8.239976e-01	0.000000e+00	0.000000e+00	5.088531e-03	7.233460e-04	0.000000e+00	1.449470e-04	3.892022e-03	1.885824e-03	0.000000e+00	8.203370e-04	1.752749e-03	0.000000e+00	6.994711e-05	0.000000e+00	7.356303e-06	0.000000e+00	3.315948e-03	0.000000e+00	2.048583e-03	0.000000e+00	0.000000e+00	0.000000e+00	8.663527e-03	0.000000e+00	5.644737e-04	0.000000e+00	1.096501e-03	0.000000e+00	0.000000e+00	8.239976e-01	-4.666557e-01
6.525174e-01	0.000000e+00	0.000000e+00	2.679240e-03	0.000000e+00	2.715753e-04	0.000000e+00	1.041075e-04	5.150746e-04	0.000000e+00	4.680131e-04	2.576443e-03	2.007292e-05	7.835873e-05	0.000000e+00	3.362881e-05	1.375005e-04	2.210632e-03	0.000000e+00	0.000000e+00	0.000000e+00	1.849251e-04	3.408731e-04	1.453054e-02	0.000000e+00	0.000000e+00	0.000000e+00	0.000000e+00	2.459441e-03	0.000000e+00	6.525174e-01	-4.533336e-01
6.525174e-01	0.000000e+00	0.000000e+00	2.679240e-03	0.000000e+00	2.715753e-04	0.000000e+00	1.041075e-04	5.150746e-04	0.000000e+00	4.680131e-04	2.576443e-03	2.007292e-05	7.835873e-05	0.000000e+00	3.362881e-05	1.375005e-04	2.210632e-03	0.000000e+00	0.000000e+00	0.000000e+00	1.849251e-04	3.408731e-04	1.453054e-02	0.000000e+00	0.000000e+00	0.000000e+00	0.000000e+00	2.459441e-03	0.000000e+00	6.525174e-01	-4.533336e-01
6.525174e-01	0.000000e+00	0.000000e+00	2.679240e-03	0.000000e+00	2.715753e-04	0.000000e+00	1.041075e-04	5.150746e-04	0.000000e+00	4.680131e-04	2.576443e-03	2.007292e-05	7.835873e-05	0.000000e+00	3.362881e-05	1.375005e-04	2.210632e-03	0.000000e+00	0.000000e+00	0.000000e+00	1.849251e-04	3.408731e-04	1.453054e-02	0.000000e+00	0.000000e+00	0.000000e+00	0.000000e+00	2.459441e-03	0.000000e+00	6.525174e-01	-4.533336e-01
6.525174e-01	0.000000e+00	0.000000e+00	2.679240e-03	0.000000e+00	2.715753e-04	0.000000e+00	1.041075e-04	5.150746e-04	0.000000e+00	4.680131e-04	2.576443e-03	2.007292e-05	7.835873e-05	0.000000e+00	3.362881e-05	1.375005e-04	2.210632e-03	0.000000e+00	0.000000e+00	0.000000e+00	1.849251e-04	3.408731e-04	1.453054e-02	0.000000e+00	0.000000e+00	0.000000e+00	0.000000e+00	2.459441e-03	0.000000e+00	6.525174e-01	-4.533336e-01
6.525174e-01	0.000000e+00	0.000000e+00	2.679240e-03	0.000000e+00	2.715753e-04	0.000000e+00	1.041075e-04	5.150746e-04	0.000000e+00	4.680131e-04	2.576443e-03	2.007292e-05	7.835873e-05	0.000000e+00	3.362881e-05	1.375005e-04	2.210632e-03	0.000000e+00	0.000000e+00	0.000000e+00	1.849251e-04	3.408731e-04	1.453054e-02	0.000000e+00	0.000000e+00	0.000000e+00	0.000000e+00	2.459441e-03	0.000000e+00	6.525174e-01	-4.533336e-01
6.472113e-01	0.000000e+00	4.967555e-04	2.544266e-03	0.000000e+00	0.000000e+00	0.000000e+00	5.308292e-04	1.323012e-03	2.394074e-03	5.784460e-05	3.110330e-03	5.787160e-05	4.338517e-05	0.000000e+00	2.884314e-03	0.000000e+00	5.526579e-04	0.000000e+00	0.000000e+00	0.000000e+00	1.849251e-04	0.000000e+00	7.000314e-03	0.000000e+00	3.950691e-05	6.343136e-05	0.000000e+00	2.459441e-03	1.890224e-03	6.472113e-01	-4.444620e-01
6.471489e-01	0.000000e+00	7.735582e-05	4.983369e-03	2.177263e-03	0.000000e+00	0.000000e+00	0.000000e+00	1.266749e-03	0.000000e+00	0.000000e+00	0.000000e+00	2.007292e-05	7.623349e-05	6.799518e-03	7.309746e-04	9.075033e-04	0.000000e+00	0.000000e+00	0.000000e+00	0.000000e+00	4.671792e-04	0.000000e+00	0.000000e+00	0.000000e+00	1.667415e-03	6.111275e-03	0.000000e+00	3.074301e-04	1.419655e-03	6.471489e-01	-4.439921e-01
6.431455e-01	0.000000e+00	3.725484e-04	1.875561e-04	0.000000e+00	2.715753e-04	0.000000e+00	0.000000e+00	7.032917e-05	0.000000e+00	0.000000e+00	1.288222e-03	0.000000e+00	7.729611e-05	3.399759e-03	0.000000e+00	1.237505e-04	1.105316e-03	0.000000e+00	3.187076e-04	0.000000e+00	1.411270e-04	0.000000e+00	6.881232e-03	0.000000e+00	9.374133e-04	3.055638e-03	0.000000e+00	6.148602e-04	1.316314e-02	6.431455e-01	-4.242945e-01
6.405114e-01	0.000000e+00	0.000000e+00	3.711236e-03	0.000000e+00	0.000000e+00	0.000000e+00	0.000000e+00	1.778982e-03	2.394074e-03	0.000000e+00	2.576443e-03	0.000000e+00	7.835873e-05	0.000000e+00	4.904202e-06	1.443755e-04	2.210632e-03	0.000000e+00	0.000000e+00	0.000000e+00	0.000000e+00	7.650548e-05	1.030270e-02	0.000000e+00	1.037056e-04	0.000000e+00	0.000000e+00	2.459441e-03	1.245331e-02	6.405114e-01	-4.054404e-01
6.391175e-01	0.000000e+00	7.735582e-05	8.799767e-03	0.000000e+00	1.966708e-04	0.000000e+00	0.000000e+00	7.726119e-04	0.000000e+00	4.680131e-04	1.288222e-03	0.000000e+00	8.729377e-05	0.000000e+00	1.081508e-03	1.753131e-04	1.614985e-03	0.000000e+00	0.000000e+00	0.000000e+00	2.773876e-04	3.055975e-04	2.231366e-03	0.000000e+00	5.185282e-05	0.000000e+00	0.000000e+00	1.229720e-03	0.000000e+00	6.391175e-01	-3.980980e-01
6.372856e-01	0.000000e+00	4.648465e-04	3.726895e-04	7.787625e-04	4.686187e-05	0.000000e+00	1.989497e-04	0.000000e+00	0.000000e+00	1.404039e-03	3.111754e-04	0.000000e+00	5.365598e-05	1.107356e-03	1.565711e-02	3.437513e-05	5.956465e-04	0.000000e+00	8.951624e-04	2.030314e-04	1.172814e-03	0.000000e+00	0.000000e+00	3.901093e-03	9.122486e-05	6.079560e-03	1.230094e-04	0.000000e+00	0.000000e+00	6.372856e-01	-3.791653e-01
6.353175e-01	0.000000e+00	1.761373e-04	4.728987e-03	5.787074e-04	1.112969e-04	0.000000e+00	9.604068e-04	0.000000e+00	7.341685e-04	8.190229e-04	0.000000e+00	0.000000e+00	0.000000e+00	0.000000e+00	0.000000e+00	0.000000e+00	0.000000e+00	0.000000e+00	0.000000e+00	0.000000e+00	0.000000e+00	0.000000e+00	0.000000e+00	0.000000e+00	0.000000e+00	3.803259e-03	0.000000e+00	0.000000e+00	0.000000e+00	6.353175e-01	-3.637642e-01
6.339363e-01	0.000000e+00	5.863402e-04	1.474595e-03	3.961321e-04	4.686187e-05	0.000000e+00	0.000000e+00	0.000000e+00	0.000000e+00	0.000000e+00	1.266754e-03	1.173580e-06	0.000000e+00	5.741880e-04	1.432174e-03	1.375005e-04	1.934303e-03	0.000000e+00	0.000000e+00	0.000000e+00	1.849251e-04	3.408731e-04	8.001735e-03	0.000000e+00	0.000000e+00	0.000000e+00	1.230094e-04	1.383436e-03	0.000000e+00	6.339363e-01	-3.477682e-01
6.328970e-01	0.000000e+00	5.374428e-04	6.168330e-03	5.240192e-04	5.041376e-05	0.000000e+00	5.020069e-04	0.000000e+00	0.000000e+00	9.360262e-04	0.000000e+00	2.553147e-02	0.000000e+00	2.214712e-03	2.415265e-02	2.062508e-04	0.000000e+00	0.000000e+00	0.000000e+00	0.000000e+00	3.698502e-04	7.600565e-04	1.468108e-03	0.000000e+00	1.824497e-04	6.343136e-05	0.000000e+00	3.689161e-03	7.558858e-04	6.328970e-01	-3.264899e-01
6.310061e-01	0.000000e+00	0.000000e+00	7.453789e-04	3.618758e-04	1.686282e-04	1.677166e-04	9.167997e-04	0.000000e+00	1.468337e-03	4.680131e-04	0.000000e+00	6.519936e-05	6.048864e-05	0.000000e+00	0.000000e+00	6.187523e-05	0.000000e+00	0.000000e+00	0.000000e+00	0.000000e+00	0.000000e+00	4.114243e-04	0.000000e+00	0.000000e+00	0.000000e+00	0.000000e+00	0.000000e+00	0.000000e+00	0.000000e+00	6.310061e-01	-3.154030e-01
6.294961e-01	0.000000e+00	5.256951e-04	6.168330e-03	5.240192e-04	1.615244e-04	0.000000e+00	5.020069e-04	9.738858e-04	0.000000e+00	1.404039e-03	1.137492e-03	0.000000e+00	2.373288e-03	2.214712e-03	2.415265e-02	2.062508e-04	3.401925e-03	0.000000e+00	0.000000e+00	4.060628e-04	1.790853e-03	5.886792e-03	1.468108e-03	1.950547e-03	1.824497e-04	2.496011e-03	0.000000e+00	3.689161e-03	7.558858e-04	6.294961e-01	-2.850456e-01
6.284052e-01	0.000000e+00	8.224525e-04	1.768446e-03	2.524993e-04	9.958147e-05	2.515750e-04	0.000000e+00	0.000000e+00	0.000000e+00	7.020197e-04	0.000000e+00	0.000000e+00	1.739054e-03	5.614471e-03	0.000000e+00	6.050022e-04	0.000000e+00	0.000000e+00	0.000000e+00	3.213213e-03	1.665026e-03	0.000000e+00	0.000000e+00	9.752733e-04	1.114850e-03	3.274308e-03	4.920374e-04	1.229720e-03	7.250560e-04	6.284052e-01	-2.773705e-01
6.263626e-01	0.000000e+00	1.595354e-04	0.000000e+00	2.574406e-04	1.523011e-04	1.677166e-04	0.000000e+00	0.000000e+00	0.000000e+00	0.000000e+00	0.000000e+00	5.957232e-05	6.048864e-05	1.148376e-03	3.967865e-04	0.000000e+00	0.000000e+00	0.000000e+00	0.000000e+00	0.000000e+00	1.849251e-04	0.000000e+00	0.000000e+00	0.000000e+00	7.825474e-04	7.634787e-04	0.000000e+00	3.074301e-04	0.000000e+00	6.263626e-01	-2.520506e-01
6.261650e-01	0.000000e+00	7.226111e-04	3.624064e-03	2.524993e-04	4.686187e-05	1.677166e-04	0.000000e+00	8.894908e-04	0.000000e+00	7.020197e-04	4.256852e-03	0.000000e+00	1.747989e-03	5.614471e-03	4.983445e-03	0.000000e+00	5.096694e-04	0.000000e+00	0.000000e+00	3.213213e-03	3.616020e-03	3.825274e-05	5.151350e-03	2.261109e-03	1.166703e-03	0.000000e+00	6.150468e-05	2.459441e-03	6.951711e-03	6.261650e-01	-2.408694e-01
6.243585e-01	0.000000e+00	1.547116e-04	0.000000e+00	5.491375e-04	7.029280e-05	1.257875e-04	9.947486e-05	0.000000e+00	0.000000e+00	0.000000e+00	0.000000e+00	3.504593e-05	5.707231e-05	0.000000e+00	7.828555e-03	8.387531e-04	3.401925e-03	0.000000e+00	4.475812e-04	0.000000e+00	3.983000e-03	0.000000e+00	0.000000e+00	6.429176e-04	4.561243e-05	0.000000e+00	0.000000e+00	0.000000e+00	0.000000e+00	6.243585e-01	-2.192306e-01
6.222036e-01	0.000000e+00	3.594965e-04	0.000000e+00	0.000000e+00	7.615054e-05	2.764929e-04	6.549862e-05	0.000000e+00	0.000000e+00	2.340066e-04	0.000000e+00	0.000000e+00	1.749767e-03	0.000000e+00	0.000000e+00	0.000000e+00	0.000000e+00	0.000000e+00	0.000000e+00	9.755373e-04	0.000000e+00	0.000000e+00	0.000000e+00	0.000000e+00	0.000000e+00	3.803259e-03	1.230094e-04	0.000000e+00	0.000000e+00	6.222036e-01	-1.870239e-01
6.214333e-01	0.000000e+00	3.558927e-04	0.000000e+00	5.491375e-04	1.171547e-04	1.110524e-04	9.947486e-05	0.000000e+00	0.000000e+00	0.000000e+00	0.000000e+00	3.504593e-05	5.524105e-04	0.000000e+00	2.491723e-03	0.000000e+00	1.700962e-03	0.000000e+00	0.000000e+00	0.000000e+00	7.695994e-04	6.144428e-03	0.000000e+00	6.429176e-04	4.561243e-05	1.214400e-03	1.433170e-04	0.000000e+00	0.000000e+00	6.214333e-01	-1.730230e-01
6.194526e-01	0.000000e+00	0.000000e+00	0.000000e+00	9.110134e-04	1.640165e-04	0.000000e+00	0.000000e+00	0.000000e+00	1.594202e-03	0.000000e+00	0.000000e+00	1.203182e-04	9.840970e-04	6.799518e-03	2.225747e-03	5.362520e-04	1.446128e-03	0.000000e+00	0.000000e+00	1.200544e-03	2.752662e-03	0.000000e+00	0.000000e+00	2.658846e-03	1.565095e-03	0.000000e+00	0.000000e+00	0.000000e+00	0.000000e+00	6.194526e-01	-1.381609e-01
4.541209e-01	0.000000e+00	1.996829e-04	0.000000e+00	0.000000e+00	9.372374e-05	1.677166e-04	0.000000e+00	0.000000e+00	0.000000e+00	0.000000e+00	0.000000e+00	0.000000e+00	6.048864e-05	0.000000e+00	0.000000e+00	0.000000e+00	0.000000e+00	0.000000e+00	0.000000e+00	0.000000e+00	0.000000e+00	0.000000e+00	0.000000e+00	0.000000e+00	0.000000e+00	7.634787e-04	0.000000e+00	0.000000e+00	0.000000e+00	4.541209e-01	-1.239411e-01
4.541209e-01	0.000000e+00	1.996829e-04	0.000000e+00	0.000000e+00	9.372374e-05	1.677166e-04	0.000000e+00	0.000000e+00	0.000000e+00	0.000000e+00	0.000000e+00	0.000000e+00	6.048864e-05	0.000000e+00	0.000000e+00	0.000000e+00	0.000000e+00	0.000000e+00	0.000000e+00	0.000000e+00	0.000000e+00	0.000000e+00	0.000000e+00	0.000000e+00	0.000000e+00	7.634787e-04	0.000000e+00	0.000000e+00	0.000000e+00	4.541209e-01	-1.239411e-01
4.541209e-01	0.000000e+00	1.996829e-04	0.000000e+00	0.000000e+00	9.372374e-05	1.677166e-04	0.000000e+00	0.000000e+00	0.000000e+00	0.000000e+00	0.000000e+00	0.000000e+00	6.048864e-05	0.000000e+00	0.000000e+00	0.000000e+00	0.000000e+00	0.000000e+00	0.000000e+00	0.000000e+00	0.000000e+00	0.000000e+00	0.000000e+00	0.000000e+00	0.000000e+00	7.634787e-04	0.000000e+00	0.000000e+00	0.000000e+00	4.541209e-01	-1.239411e-01
4.541209e-01	0.000000e+00	1.996829e-04	0.000000e+00	0.000000e+00	9.372374e-05	1.677166e-04	0.000000e+00	0.000000e+00	0.000000e+00	0.000000e+00	0.000000e+00	0.000000e+00	6.048864e-05	0.000000e+00	0.000000e+00	0.000000e+00	0.000000e+00	0.000000e+00	0.000000e+00	0.000000e+00	0.000000e+00	0.000000e+00	0.000000e+00	0.000000e+00	0.000000e+00	7.634787e-04	0.000000e+00	0.000000e+00	0.000000e+00	4.541209e-01	-1.239411e-01
4.541209e-01	0.000000e+00	1.996829e-04	0.000000e+00	0.000000e+00	9.372374e-05	1.677166e-04	0.000000e+00	0.000000e+00	0.000000e+00	0.000000e+00	0.000000e+00	0.000000e+00	6.048864e-05	0.000000e+00	0.000000e+00	0.000000e+00	0.000000e+00	0.000000e+00	0.000000e+00	0.000000e+00	0.000000e+00	0.000000e+00	0.000000e+00	0.000000e+00	0.000000e+00	7.634787e-04	0.000000e+00	0.000000e+00	0.000000e+00	4.541209e-01	-1.239411e-01
4.541209e-01	0.000000e+00	1.996829e-04	0.000000e+00	0.000000e+00	9.372374e-05	1.677166e-04	0.000000e+00	0.000000e+00	0.000000e+00	0.000000e+00	0.000000e+00	0.000000e+00	6.048864e-05	0.000000e+00	0.000000e+00	0.000000e+00	0.000000e+00	0.000000e+00	0.000000e+00	0.000000e+00	0.000000e+00	0.000000e+00	0.000000e+00	0.000000e+00	0.000000e+00	7.634787e-04	0.000000e+00	0.000000e+00	0.000000e+00	4.541209e-01	-1.239411e-01
4.541209e-01	0.000000e+00	1.996829e-04	0.000000e+00	0.000000e+00	9.372374e-05	1.677166e-04	0.000000e+00	0.000000e+00	0.000000e+00	0.000000e+00	0.000000e+00	0.000000e+00	6.048864e-05	0.000000e+00	0.000000e+00	0.000000e+00	0.000000e+00	0.000000e+00	0.000000e+00	0.000000e+00	0.000000e+00	0.000000e+00	0.000000e+00	0.000000e+00	0.000000e+00	7.634787e-04	0.000000e+00	0.000000e+00	0.000000e+00	4.541209e-01	-1.239411e-01
4.541209e-01	0.000000e+00	1.996829e-04	0.000000e+00	0.000000e+00	9.372374e-05	1.677166e-04	0.000000e+00	0.000000e+00	0.000000e+00	0.000000e+00	0.000000e+00	0.000000e+00	6.048864e-05	0.000000e+00	0.000000e+00	0.000000e+00	0.000000e+00	0.000000e+00	0.000000e+00	0.000000e+00	0.000000e+00	0.000000e+00	0.000000e+00	0.000000e+00	0.000000e+00	7.634787e-04	0.000000e+00	0.000000e+00	0.000000e+00	4.541209e-01	-1.239411e-01
4.461143e-01	1.933885e-03	1.112064e-04	0.000000e+00	0.000000e+00	9.372374e-05	0.000000e+00	0.000000e+00	0.000000e+00	0.000000e+00	0.000000e+00	0.000000e+00	0.000000e+00	9.838438e-04	0.000000e+00	4.291177e-05	0.000000e+00	0.000000e+00	0.000000e+00	0.000000e+00	0.000000e+00	1.539199e-03	2.821004e-03	0.000000e+00	0.000000e+00	0.000000e+00	9.018432e-04	2.866340e-04	0.000000e+00	0.000000e+00	4.461143e-01	-1.089104e-01
4.414314e-01	0.000000e+00	8.896512e-05	0.000000e+00	3.015906e-04	1.405856e-04	3.828244e-04	0.000000e+00	0.000000e+00	2.517307e-04	0.000000e+00	0.000000e+00	1.102377e-04	1.787790e-04	0.000000e+00	9.018855e-04	0.000000e+00	0.000000e+00	0.000000e+00	0.000000e+00	0.000000e+00	0.000000e+00	0.000000e+00	5.056273e-04	0.000000e+00	3.130190e-03	1.213374e-03	0.000000e+00	0.000000e+00	0.000000e+00	4.414314e-01	-8.844337e-02
4.381077e-01	0.000000e+00	0.000000e+00	0.000000e+00	0.000000e+00	0.000000e+00	0.000000e+00	2.347735e-03	0.000000e+00	3.641105e-04	0.000000e+00	0.000000e+00	7.527032e-05	1.007942e-03	0.000000e+00	1.322780e-03	0.000000e+00	0.000000e+00	0.000000e+00	0.000000e+00	6.030626e-04	0.000000e+00	9.537165e-04	2.752105e-03	0.000000e+00	0.000000e+00	1.313921e-03	4.299510e-04	3.029152e-04	8.358352e-03	4.381077e-01	-6.566152e-02
4.345942e-01	0.000000e+00	0.000000e+00	0.000000e+00	2.329157e-04	7.497899e-05	8.385832e-05	0.000000e+00	0.000000e+00	4.870540e-04	0.000000e+00	0.000000e+00	1.612118e-05	6.431075e-04	0.000000e+00	0.000000e+00	4.758614e-04	0.000000e+00	0.000000e+00	0.000000e+00	4.824500e-04	0.000000e+00	0.000000e+00	0.000000e+00	0.000000e+00	0.000000e+00	1.111062e-03	2.866340e-04	0.000000e+00	0.000000e+00	4.345942e-01	-4.310688e-02
4.316681e-01	0.000000e+00	9.984143e-05	0.000000e+00	0.000000e+00	1.030961e-04	0.000000e+00	0.000000e+00	1.488410e-04	5.780817e-04	0.000000e+00	0.000000e+00	2.750566e-05	7.808284e-06	0.000000e+00	0.000000e+00	9.517227e-04	0.000000e+00	0.000000e+00	0.000000e+00	0.000000e+00	0.000000e+00	0.000000e+00	5.838169e-04	0.000000e+00	0.000000e+00	7.620030e-04	0.000000e+00	0.000000e+00	0.000000e+00	4.316681e-01	-1.837242e-02
4.287420e-01	0.000000e+00	1.443240e-04	0.000000e+00	9.524915e-04	0.000000e+00	1.196326e-04	1.577731e-03	0.000000e+00	2.805000e-04	0.000000e+00	9.484798e-04	2.276897e-05	4.997302e-04	0.000000e+00	4.344883e-03	0.000000e+00	0.000000e+00	0.000000e+00	0.000000e+00	6.290662e-04	8.964577e-03	0.000000e+00	5.838169e-04	0.000000e+00	0.000000e+00	7.634787e-04	0.000000e+00	1.939973e-04	1.003002e-02	4.287420e-01	1.486537e-02
4.253234e-01	0.000000e+00	8.896512e-05	0.000000e+00	6.510903e-04	9.372374e-05	2.392653e-04	0.000000e+00	0.000000e+00	1.510384e-04	0.000000e+00	0.000000e+00	0.000000e+00	1.668641e-03	0.000000e+00	3.432941e-05	0.000000e+00	0.000000e+00	0.000000e+00	0.000000e+00	0.000000e+00	0.000000e+00	1.157169e-03	5.233151e-03	0.000000e+00	0.000000e+00	8.793399e-04	2.866340e-04	0.000000e+00	0.000000e+00	4.253234e-01	4.623638e-02
4.229820e-01	0.000000e+00	1.112064e-04	0.000000e+00	4.180484e-04	0.000000e+00	0.000000e+00	2.751598e-03	0.000000e+00	7.551922e-05	0.000000e+00	0.000000e+00	1.182983e-04	3.293620e-04	0.000000e+00	1.250620e-03	0.000000e+00	0.000000e+00	0.000000e+00	0.000000e+00	2.412250e-04	0.000000e+00	8.319171e-04	9.434900e-04	0.000000e+00	0.000000e+00	8.680882e-04	0.000000e+00	2.969555e-04	1.337336e-02	4.229820e-01	7.461555e-02
4.208914e-01	1.933885e-03	0.000000e+00	0.000000e+00	8.221507e-05	0.000000e+00	0.000000e+00	0.000000e+00	0.000000e+00	6.158413e-04	0.000000e+00	1.580800e-04	4.736690e-06	1.227563e-03	0.000000e+00	0.000000e+00	1.903445e-03	0.000000e+00	0.000000e+00	0.000000e+00	1.679170e-04	0.000000e+00	2.821004e-03	3.044013e-03	0.000000e+00	0.000000e+00	1.168993e-03	2.866340e-04	1.089180e-04	6.686682e-03	4.208914e-01	9.864779e-02
4.178630e-01	0.000000e+00	4.992071e-05	0.000000e+00	9.701320e-04	2.999160e-04	0.000000e+00	0.000000e+00	8.930461e-04	0.000000e+00	0.000000e+00	0.000000e+00	7.105035e-06	9.472894e-03	0.000000e+00	0.000000e+00	9.517227e-04	0.000000e+00	2.008738e-02	0.000000e+00	0.000000e+00	0.000000e+00	0.000000e+00	0.000000e+00	0.000000e+00	0.000000e+00	7.605272e-04	0.000000e+00	1.752963e-04	0.000000e+00	4.178630e-01	1.382756e-01
4.146374e-01	0.000000e+00	9.984143e-05	0.000000e+00	6.741597e-04	1.499580e-04	0.000000e+00	1.173867e-03	2.976820e-04	1.820553e-04	0.000000e+00	0.000000e+00	4.237185e-05	5.039709e-04	0.000000e+00	6.613900e-04	9.517227e-04	0.000000e+00	0.000000e+00	0.000000e+00	3.195060e-04	0.000000e+00	0.000000e+00	1.376052e-03	0.000000e+00	0.000000e+00	5.391186e-04	2.149755e-04	2.603756e-04	4.179176e-03	4.146374e-01	1.745029e-01
4.114742e-01	1.933885e-03	0.000000e+00	0.000000e+00	3.028371e-04	0.000000e+00	0.000000e+00	0.000000e+00	2.976820e-04	3.173605e-04	0.000000e+00	0.000000e+00	1.412791e-06	0.000000e+00	0.000000e+00	0.000000e+00	2.855168e-03	0.000000e+00	0.000000e+00	0.000000e+00	0.000000e+00	8.194978e-03	0.000000e+00	2.684340e-03	0.000000e+00	0.000000e+00	8.577368e-04	0.000000e+00	1.148776e-04	3.343341e-03	4.114742e-01	2.178131e-01
2.563936e-01	0.000000e+00	0.000000e+00	0.000000e+00	6.741597e-04	2.999160e-04	0.000000e+00	0.000000e+00	5.953640e-04	0.000000e+00	0.000000e+00	0.000000e+00	9.473379e-06	0.000000e+00	0.000000e+00	0.000000e+00	1.903445e-03	0.000000e+00	0.000000e+00	0.000000e+00	3.594948e-05	0.000000e+00	0.000000e+00	0.000000e+00	0.000000e+00	0.000000e+00	4.885502e-04	0.000000e+00	2.178359e-04	0.000000e+00	2.563936e-01	2.433872e-01
2.563936e-01	0.000000e+00	0.000000e+00	0.000000e+00	6.741597e-04	2.999160e-04	0.000000e+00	0.000000e+00	5.953640e-04	0.000000e+00	0.000000e+00	0.000000e+00	9.473379e-06	0.000000e+00	0.000000e+00	0.000000e+00	1.903445e-03	0.000000e+00	0.000000e+00	0.000000e+00	3.594948e-05	0.000000e+00	0.000000e+00	0.000000e+00	0.000000e+00	0.000000e+00	4.885502e-04	0.000000e+00	2.178359e-04	0.000000e+00	2.563936e-01	2.433872e-01
2.563936e-01	0.000000e+00	0.000000e+00	0.000000e+00	6.741597e-04	2.999160e-04	0.000000e+00	0.000000e+00	5.953640e-04	0.000000e+00	0.000000e+00	0.000000e+00	9.473379e-06	0.000000e+00	0.000000e+00	0.000000e+00	1.903445e-03	0.000000e+00	0.000000e+00	0.000000e+00	3.594948e-05	0.000000e+00	0.000000e+00	0.000000e+00	0.000000e+00	0.000000e+00	4.885502e-04	0.000000e+00	2.178359e-04	0.000000e+00	2.563936e-01	2.433872e-01
2.563936e-01	0.000000e+00	0.000000e+00	0.000000e+00	6.741597e-04	2.999160e-04	0.000000e+00	0.000000e+00	5.953640e-04	0.000000e+00	0.000000e+00	0.000000e+00	9.473379e-06	0.000000e+00	0.000000e+00	0.000000e+00	1.903445e-03	0.000000e+00	0.000000e+00	0.000000e+00	3.594948e-05	0.000000e+00	0.000000e+00	0.000000e+00	0.000000e+00	0.000000e+00	4.885502e-04	0.000000e+00	2.178359e-04	0.000000e+00	2.563936e-01	2.433872e-01
2.563936e-01	0.000000e+00	0.000000e+00	0.000000e+00	6.741597e-04	2.999160e-04	0.000000e+00	0.000000e+00	5.953640e-04	0.000000e+00	0.000000e+00	0.000000e+00	9.473379e-06	0.000000e+00	0.000000e+00	0.000000e+00	1.903445e-03	0.000000e+00	0.000000e+00	0.000000e+00	3.594948e-05	0.000000e+00	0.000000e+00	0.000000e+00	0.000000e+00	0.000000e+00	4.885502e-04	0.000000e+00	2.178359e-04	0.000000e+00	2.563936e-01	2.433872e-01
2.563936e-01	0.000000e+00	0.000000e+00	0.000000e+00	6.741597e-04	2.999160e-04	0.000000e+00	0.000000e+00	5.953640e-04	0.000000e+00	0.000000e+00	0.000000e+00	9.473379e-06	0.000000e+00	0.000000e+00	0.000000e+00	1.903445e-03	0.000000e+00	0.000000e+00	0.000000e+00	3.594948e-05	0.000000e+00	0.000000e+00	0.000000e+00	0.000000e+00	0.000000e+00	4.885502e-04	0.000000e+00	2.178359e-04	0.000000e+00	2.563936e-01	2.433872e-01
2.563936e-01	0.000000e+00	0.000000e+00	0.000000e+00	6.741597e-04	2.999160e-04	0.000000e+00	0.000000e+00	5.953640e-04	0.000000e+00	0.000000e+00	0.000000e+00	9.473379e-06	0.000000e+00	0.000000e+00	0.000000e+00	1.903445e-03	0.000000e+00	0.000000e+00	0.000000e+00	3.594948e-05	0.000000e+00	0.000000e+00	0.000000e+00	0.000000e+00	0.000000e+00	4.885502e-04	0.000000e+00	2.178359e-04	0.000000e+00	2.563936e-01	2.433872e-01
2.563936e-01	0.000000e+00	0.000000e+00	0.000000e+00	6.741597e-04	2.999160e-04	0.000000e+00	0.000000e+00	5.953640e-04	0.000000e+00	0.000000e+00	0.000000e+00	9.473379e-06	0.000000e+00	0.000000e+00	0.000000e+00	1.903445e-03	0.000000e+00	0.000000e+00	0.000000e+00	3.594948e-05	0.000000e+00	0.000000e+00	0.000000e+00	0.000000e+00	0.000000e+00	4.885502e-04	0.000000e+00	2.178359e-04	0.000000e+00	2.563936e-01	2.433872e-01
2.556621e-01	0.000000e+00	0.000000e+00	0.000000e+00	1.370806e-04	2.343093e-04	0.000000e+00	0.000000e+00	6.250794e-04	0.000000e+00	0.000000e+00	0.000000e+00	4.709498e-04	1.926936e-04	0.000000e+00	0.000000e+00	0.000000e+00	0.000000e+00	0.000000e+00	0.000000e+00	8.987371e-05	0.000000e+00	0.000000e+00	0.000000e+00	0.000000e+00	0.000000e+00	3.539117e-04	0.000000e+00	1.310185e-03	0.000000e+00	2.556621e-01	2.435333e-01
2.447266e-01	0.000000e+00	0.000000e+00	0.000000e+00	9.641031e-04	3.561502e-04	0.000000e+00	0.000000e+00	5.359334e-04	3.452307e-04	0.000000e+00	5.042379e-04	1.581918e-04	0.000000e+00	0.000000e+00	7.331685e-04	2.101801e-03	0.000000e+00	0.000000e+00	0.000000e+00	1.593966e-03	9.295302e-04	0.000000e+00	3.132221e-04	0.000000e+00	0.000000e+00	1.512285e-03	0.000000e+00	4.764165e-04	6.436677e-04	2.447266e-01	2.665351e-01
2.360659e-01	0.000000e+00	0.000000e+00	0.000000e+00	6.493199e-04	2.999160e-04	0.000000e+00	0.000000e+00	5.953640e-04	0.000000e+00	0.000000e+00	0.000000e+00	4.889049e-04	0.000000e+00	0.000000e+00	0.000000e+00	0.000000e+00	0.000000e+00	0.000000e+00	0.000000e+00	3.594948e-05	0.000000e+00	0.000000e+00	0.000000e+00	0.000000e+00	2.657942e-07	7.658290e-04	0.000000e+00	0.000000e+00	0.000000e+00	2.360659e-01	3.009936e-01
2.297183e-01	0.000000e+00	0.000000e+00	0.000000e+00	5.870789e-04	1.335563e-04	0.000000e+00	0.000000e+00	1.486409e-04	0.000000e+00	0.000000e+00	0.000000e+00	0.000000e+00	8.890017e-04	0.000000e+00	2.193007e-04	3.105998e-03	0.000000e+00	0.000000e+00	0.000000e+00	1.797474e-05	0.000000e+00	0.000000e+00	1.014840e-03	0.000000e+00	1.328971e-07	2.887456e-03	0.000000e+00	2.616430e-04	8.231073e-03	2.297183e-01	3.401973e-01
2.227283e-01	0.000000e+00	0.000000e+00	0.000000e+00	1.242111e-03	2.999160e-04	0.000000e+00	0.000000e+00	5.953640e-04	9.062307e-04	0.000000e+00	0.000000e+00	4.889049e-04	0.000000e+00	0.000000e+00	0.000000e+00	1.903445e-03	0.000000e+00	0.000000e+00	0.000000e+00	9.645120e-03	0.000000e+00	0.000000e+00	1.503466e-04	0.000000e+00	0.000000e+00	1.415647e-03	0.000000e+00	2.178359e-04	0.000000e+00	2.227283e-01	3.861984e-01
2.150952e-01	0.000000e+00	0.000000e+00	0.000000e+00	4.685388e-04	1.687027e-04	0.000000e+00	0.000000e+00	1.486409e-04	9.062307e-04	0.000000e+00	0.000000e+00	0.000000e+00	8.890017e-04	0.000000e+00	3.508811e-04	0.000000e+00	1.250327e-04	1.403776e-04	0.000000e+00	1.994997e-04	0.000000e+00	7.077042e-04	0.000000e+00	0.000000e+00	0.000000e+00	1.221376e-04	0.000000e+00	2.546830e-04	4.827508e-04	2.150952e-01	4.391759e-01
2.068997e-01	0.000000e+00	0.000000e+00	0.000000e+00	6.999973e-04	2.999160e-04	0.000000e+00	0.000000e+00	6.384162e-05	5.879711e-04	0.000000e+00	0.000000e+00	0.000000e+00	7.481282e-04	0.000000e+00	1.051029e-03	0.000000e+00	8.335516e-05	4.468475e-05	0.000000e+00	0.000000e+00	4.017758e-04	3.538521e-04	0.000000e+00	0.000000e+00	0.000000e+00	1.443728e-03	0.000000e+00	0.000000e+00	0.000000e+00	2.068997e-01	5.020264e-01
1.995632e-01	0.000000e+00	0.000000e+00	0.000000e+00	0.000000e+00	1.405856e-04	0.000000e+00	0.000000e+00	1.905739e-04	7.551922e-04	0.000000e+00	0.000000e+00	4.662132e-04	1.454133e-04	0.000000e+00	2.924009e-04	0.000000e+00	8.335516e-05	7.018879e-05	0.000000e+00	4.529237e-04	6.097552e-05	0.000000e+00	0.000000e+00	0.000000e+00	0.000000e+00	1.096366e-04	6.070710e-04	1.335024e-03	1.609169e-04	1.995632e-01	5.571875e-01
1.914964e-01	0.000000e+00	0.000000e+00	0.000000e+00	0.000000e+00	1.148116e-04	0.000000e+00	0.000000e+00	5.064663e-04	1.035692e-03	0.000000e+00	0.000000e+00	0.000000e+00	9.771751e-04	0.000000e+00	2.923066e-02	2.299107e-03	2.500655e-04	2.105664e-04	0.000000e+00	2.677938e-04	4.573164e-05	0.000000e+00	0.000000e+00	0.000000e+00	2.657942e-07	0.000000e+00	6.070710e-04	2.172802e-03	0.000000e+00	1.914964e-01	6.221002e-01
8.086192e-02	0.000000e+00	0.000000e+00	0.000000e+00	6.999973e-04	3.702088e-04	0.000000e+00	0.000000e+00	0.000000e+00	5.124519e-05	0.000000e+00	0.000000e+00	2.274336e-04	0.000000e+00	0.000000e+00	3.362610e-04	0.000000e+00	1.250327e-04	1.403776e-04	0.000000e+00	0.000000e+00	4.322636e-04	0.000000e+00	0.000000e+00	0.000000e+00	0.000000e+00	0.000000e+00	0.000000e+00	2.808949e-04	4.224069e-04	8.086192e-02	6.707185e-01
8.086192e-02	0.000000e+00	0.000000e+00	0.000000e+00	6.999973e-04	3.702088e-04	0.000000e+00	0.000000e+00	0.000000e+00	5.124519e-05	0.000000e+00	0.000000e+00	2.274336e-04	0.000000e+00	0.000000e+00	3.362610e-04	0.000000e+00	1.250327e-04	1.403776e-04	0.000000e+00	0.000000e+00	4.322636e-04	0.000000e+00	0.000000e+00	0.000000e+00	0.000000e+00	0.000000e+00	0.000000e+00	2.808949e-04	4.224069e-04	8.086192e-02	6.707185e-01
8.086192e-02	0.000000e+00	0.000000e+00	0.000000e+00	6.999973e-04	3.702088e-04	0.000000e+00	0.000000e+00	0.000000e+00	5.124519e-05	0.000000e+00	0.000000e+00	2.274336e-04	0.000000e+00	0.000000e+00	3.362610e-04	0.000000e+00	1.250327e-04	1.403776e-04	0.000000e+00	0.000000e+00	4.322636e-04	0.000000e+00	0.000000e+00	0.000000e+00	0.000000e+00	0.000000e+00	0.000000e+00	2.808949e-04	4.224069e-04	8.086192e-02	6.707185e-01
8.086192e-02	0.000000e+00	0.000000e+00	0.000000e+00	6.999973e-04	3.702088e-04	0.000000e+00	0.000000e+00	0.000000e+00	5.124519e-05	0.000000e+00	0.000000e+00	2.274336e-04	0.000000e+00	0.000000e+00	3.362610e-04	0.000000e+00	1.250327e-04	1.403776e-04	0.000000e+00	0.000000e+00	4.322636e-04	0.000000e+00	0.000000e+00	0.000000e+00	0.000000e+00	0.000000e+00	0.000000e+00	2.808949e-04	4.224069e-04	8.086192e-02	6.707185e-01
8.086192e-02	0.000000e+00	0.000000e+00	0.000000e+00	6.999973e-04	3.702088e-04	0.000000e+00	0.000000e+00	0.000000e+00	5.124519e-05	0.000000e+00	0.000000e+00	2.274336e-04	0.000000e+00	0.000000e+00	3.362610e-04	0.000000e+00	1.250327e-04	1.403776e-04	0.000000e+00	0.000000e+00	4.322636e-04	0.000000e+00	0.000000e+00	0.000000e+00	0.000000e+00	0.000000e+00	0.000000e+00	2.808949e-04	4.224069e-04	8.086192e-02	6.707185e-01
8.086192e-02	0.000000e+00	0.000000e+00	0.000000e+00	6.999973e-04	3.702088e-04	0.000000e+00	0.000000e+00	0.000000e+00	5.124519e-05	0.000000e+00	0.000000e+00	2.274336e-04	0.000000e+00	0.000000e+00	3.362610e-04	0.000000e+00	1.250327e-04	1.403776e-04	0.000000e+00	0.000000e+00	4.322636e-04	0.000000e+00	0.000000e+00	0.000000e+00	0.000000e+00	0.000000e+00	0.000000e+00	2.808949e-04	4.224069e-04	8.086192e-02	6.707185e-01
7.497488e-02	0.000000e+00	0.000000e+00	0.000000e+00	0.000000e+00	0.000000e+00	0.000000e+00	0.000000e+00	4.859716e-04	0.000000e+00	0.000000e+00	0.000000e+00	3.376079e-04	5.780809e-04	0.000000e+00	0.000000e+00	2.000213e-03	1.667103e-04	0.000000e+00	0.000000e+00	2.772392e-05	0.000000e+00	0.000000e+00	9.396663e-04	0.000000e+00	0.000000e+00	0.000000e+00	9.106064e-04	1.254744e-03	1.206877e-03	7.497488e-02	6.752460e-01
6.096853e-02	0.000000e+00	0.000000e+00	0.000000e+00	7.210553e-04	7.497899e-05	0.000000e+00	0.000000e+00	4.139355e-04	5.205432e-04	0.000000e+00	0.000000e+00	2.444525e-04	6.397903e-04	0.000000e+00	5.192636e-04	5.482603e-04	6.251637e-05	4.594942e-04	0.000000e+00	4.935791e-03	4.573164e-05	0.000000e+00	7.517330e-05	0.000000e+00	0.000000e+00	5.197714e-04	3.035355e-04	3.994788e-06	8.045846e-04	6.096853e-02	6.986610e-01
4.629561e-02	0.000000e+00	0.000000e+00	0.000000e+00	7.879944e-04	1.265270e-04	3.038462e-03	0.000000e+00	5.524617e-04	3.020769e-04	0.000000e+00	0.000000e+00	2.444525e-04	0.000000e+00	0.000000e+00	1.169604e-04	1.048241e-03	0.000000e+00	0.000000e+00	0.000000e+00	1.848262e-05	1.219510e-04	3.538521e-04	0.000000e+00	0.000000e+00	0.000000e+00	7.078234e-04	0.000000e+00	1.494074e-04	6.034385e-04	4.629561e-02	7.411169e-01
2.860859e-02	0.000000e+00	0.000000e+00	0.000000e+00	3.499987e-04	1.780751e-04	0.000000e+00	0.000000e+00	4.261533e-04	8.522884e-04	0.000000e+00	0.000000e+00	4.662132e-04	1.267967e-04	0.000000e+00	0.000000e+00	1.157086e-03	2.466852e-03	1.403776e-04	0.000000e+00	1.665865e-03	2.008879e-04	1.769261e-04	1.258109e-03	0.000000e+00	0.000000e+00	0.000000e+00	9.379849e-05	9.547667e-04	1.609169e-04	2.860859e-02	8.115044e-01
1.598406e-02	3.632219e-03	0.000000e+00	0.000000e+00	8.661181e-04	1.265270e-04	0.000000e+00	0.000000e+00	5.953640e-04	1.985077e-03	0.000000e+00	0.000000e+00	4.889049e-04	0.000000e+00	0.000000e+00	2.631608e-04	4.555223e-04	0.000000e+00	4.594942e-04	0.000000e+00	9.279349e-04	9.146328e-05	7.077042e-04	0.000000e+00	0.000000e+00	0.000000e+00	5.481830e-05	1.634422e-04	2.675128e-04	4.827508e-04	1.598406e-02	8.692419e-01
0.000000e+00	0.000000e+00	0.000000e+00	0.000000e+00	3.499987e-04	3.772380e-04	0.000000e+00	0.000000e+00	0.000000e+00	2.966827e-05	0.000000e+00	0.000000e+00	2.705639e-04	1.267967e-04	0.000000e+00	0.000000e+00	0.000000e+00	2.466852e-03	2.105664e-04	0.000000e+00	0.000000e+00	2.008879e-04	1.769261e-04	1.258109e-03	0.000000e+00	0.000000e+00	0.000000e+00	0.000000e+00	1.831341e-04	4.022923e-04	0.000000e+00	1.001879e+00
