8.531830e-01 8.445956e-04 0.000000e+00 4.216095e-03 0.000000e+00 7.083067e-03 5.818379e-04 1.724841e-04 0.000000e+00 0.000000e+00 0.000000e+00 4.101434e-03 2.354511e-04 0.000000e+00 1.701480e-03 7.312938e-04 1.045958e-03 0.000000e+00 0.000000e+00 1.534400e-03 3.503993e-05 9.324866e-03 1.451714e-03 0.000000e+00 2.778500e-03 2.827453e-04 0.000000e+00 1.560679e-04 4.104250e-04 4.364557e-04 8.531830e-01 -7.663844e-01
8.531830e-01 8.445956e-04 0.000000e+00 4.216095e-03 0.000000e+00 7.083067e-03 5.818379e-04 1.724841e-04 0.000000e+00 0.000000e+00 0.000000e+00 4.101434e-03 2.354511e-04 0.000000e+00 1.701480e-03 7.312938e-04 1.045958e-03 0.000000e+00 0.000000e+00 1.534400e-03 3.503993e-05 9.324866e-03 1.502356e-03 0.000000e+00 2.778500e-03 2.827453e-04 9.419029e-03 0.000000e+00 4.104250e-04 4.364557e-04 8.531830e-01 -7.648203e-01
8.531830e-01 8.445956e-04 0.000000e+00 4.216095e-03 0.000000e+00 7.083067e-03 5.818379e-04 1.724841e-04 0.000000e+00 0.000000e+00 0.000000e+00 4.101434e-03 2.354511e-04 0.000000e+00 1.701480e-03 7.312938e-04 1.045958e-03 0.000000e+00 0.000000e+00 1.534400e-03 3.503993e-05 9.324866e-03 1.502356e-03 0.000000e+00 2.778500e-03 2.827453e-04 9.419029e-03 0.000000e+00 4.104250e-04 4.364557e-04 8.531830e-01 -7.648203e-01
8.436148e-01 1.365353e-03 0.000000e+00 9.652233e-04 0.000000e+00 0.000000e+00 5.818379e-04 0.000000e+00 2.538943e-05 3.710353e-03 0.000000e+00 2.284672e-03 0.000000e+00 1.057189e-03 1.565360e-03 3.520831e-04 3.497971e-03 2.098950e-05 2.406210e-04 1.476528e-03 5.314578e-04 3.376121e-03 3.491051e-04 0.000000e+00 1.881288e-03 5.490612e-04 2.524857e-03 0.000000e+00 4.104250e-04 6.546835e-04 8.436148e-01 -7.405736e-01
8.449123e-01 2.396423e-04 3.164260e-03 4.216095e-03 0.000000e+00 3.541534e-03 3.212230e-04 1.724841e-04 5.924201e-05 0.000000e+00 0.000000e+00 4.101434e-03 0.000000e+00 8.486147e-04 1.701480e-03 7.312938e-04 1.045958e-03 3.957697e-03 0.000000e+00 1.534400e-03 3.998275e-04 1.104977e-02 1.502356e-03 1.094825e-02 3.110950e-03 2.788525e-05 5.324567e-03 4.264093e-05 1.214945e-03 7.244296e-03 8.449123e-01 -7.421326e-01
8.449123e-01 2.396423e-04 3.164260e-03 4.216095e-03 0.000000e+00 3.541534e-03 3.212230e-04 1.724841e-04 5.924201e-05 0.000000e+00 0.000000e+00 4.101434e-03 0.000000e+00 8.486147e-04 1.701480e-03 7.312938e-04 1.045958e-03 3.957697e-03 0.000000e+00 1.534400e-03 3.998275e-04 1.104977e-02 1.502356e-03 1.094825e-02 3.110950e-03 2.788525e-05 5.324567e-03 4.264093e-05 1.214945e-03 7.244296e-03 8.449123e-01 -7.421326e-01
8.449123e-01 2.396423e-04 3.164260e-03 4.216095e-03 0.000000e+00 3.541534e-03 3.212230e-04 1.724841e-04 5.924201e-05 0.000000e+00 0.000000e+00 4.101434e-03 0.000000e+00 8.486147e-04 1.701480e-03 7.312938e-04 1.045958e-03 3.957697e-03 0.000000e+00 1.534400e-03 3.998275e-04 1.104977e-02 1.502356e-03 1.094825e-02 3.110950e-03 2.788525e-05 5.324567e-03 4.264093e-05 1.214945e-03 7.244296e-03 8.449123e-01 -7.421326e-01
8.449123e-01 2.396423e-04 3.164260e-03 4.216095e-03 0.000000e+00 3.541534e-03 3.212230e-04 1.724841e-04 5.924201e-05 0.000000e+00 0.000000e+00 4.101434e-03 0.000000e+00 8.486147e-04 1.701480e-03 7.312938e-04 1.045958e-03 3.957697e-03 0.000000e+00 1.534400e-03 3.998275e-04 1.104977e-02 1.502356e-03 1.094825e-02 3.110950e-03 2.788525e-05 5.324567e-03 4.264093e-05 1.214945e-03 7.244296e-03 8.449123e-01 -7.421326e-01
8.449123e-01 2.396423e-04 3.164260e-03 4.216095e-03 0.000000e+00 3.541534e-03 3.212230e-04 1.724841e-04 5.924201e-05 0.000000e+00 0.000000e+00 4.101434e-03 0.000000e+00 8.486147e-04 1.701480e-03 7.312938e-04 1.045958e-03 3.957697e-03 0.000000e+00 1.534400e-03 3.998275e-04 1.104977e-02 1.502356e-03 1.094825e-02 3.110950e-03 2.788525e-05 5.324567e-03 4.264093e-05 1.214945e-03 7.244296e-03 8.449123e-01 -7.421326e-01
8.388170e-01 0.000000e+00 2.782472e-03 5.180820e-03 0.000000e+00 3.541534e-03 0.000000e+00 1.509236e-04 5.924201e-05 0.000000e+00 0.000000e+00 4.101434e-03 0.000000e+00 2.121537e-03 1.701480e-03 7.312938e-04 1.045958e-03 0.000000e+00 0.000000e+00 1.534400e-03 3.998275e-04 1.061854e-02 0.000000e+00 1.655075e-02 2.992101e-03 2.788525e-05 5.324567e-03 4.264093e-05 1.214945e-03 7.244296e-03 8.388170e-01 -6.920669e-01
8.388170e-01 0.000000e+00 2.782472e-03 5.180820e-03 0.000000e+00 3.541534e-03 0.000000e+00 1.509236e-04 5.924201e-05 0.000000e+00 0.000000e+00 4.101434e-03 0.000000e+00 2.121537e-03 1.701480e-03 7.312938e-04 1.045958e-03 0.000000e+00 0.000000e+00 1.534400e-03 3.998275e-04 1.061854e-02 0.000000e+00 1.655075e-02 2.992101e-03 2.788525e-05 5.324567e-03 4.264093e-05 1.214945e-03 7.244296e-03 8.388170e-01 -6.920669e-01
8.388170e-01 0.000000e+00 2.782472e-03 5.180820e-03 0.000000e+00 3.541534e-03 0.000000e+00 1.509236e-04 5.924201e-05 0.000000e+00 0.000000e+00 4.101434e-03 0.000000e+00 2.121537e-03 1.701480e-03 7.312938e-04 1.045958e-03 0.000000e+00 0.000000e+00 1.534400e-03 3.998275e-04 1.061854e-02 0.000000e+00 1.655075e-02 2.992101e-03 2.788525e-05 5.324567e-03 4.264093e-05 1.214945e-03 7.244296e-03 8.388170e-01 -6.920669e-01
8.388170e-01 0.000000e+00 2.782472e-03 5.180820e-03 0.000000e+00 3.541534e-03 0.000000e+00 1.509236e-04 5.924201e-05 0.000000e+00 0.000000e+00 4.101434e-03 0.000000e+00 2.121537e-03 1.701480e-03 7.312938e-04 1.045958e-03 0.000000e+00 0.000000e+00 1.534400e-03 3.998275e-04 1.061854e-02 0.000000e+00 1.655075e-02 2.992101e-03 2.788525e-05 5.324567e-03 4.264093e-05 1.214945e-03 7.244296e-03 8.388170e-01 -6.920669e-01
8.388170e-01 0.000000e+00 2.782472e-03 5.180820e-03 0.000000e+00 3.541534e-03 0.000000e+00 1.509236e-04 5.924201e-05 0.000000e+00 0.000000e+00 4.101434e-03 0.000000e+00 2.121537e-03 1.701480e-03 7.312938e-04 1.045958e-03 0.000000e+00 0.000000e+00 1.534400e-03 3.998275e-04 1.061854e-02 0.000000e+00 1.655075e-02 2.992101e-03 2.788525e-05 5.324567e-03 4.264093e-05 1.214945e-03 7.244296e-03 8.388170e-01 -6.920669e-01
8.388170e-01 0.000000e+00 2.782472e-03 5.180820e-03 0.000000e+00 3.541534e-03 0.000000e+00 1.509236e-04 5.924201e-05 0.000000e+00 0.000000e+00 4.101434e-03 0.000000e+00 2.121537e-03 1.701480e-03 7.312938e-04 1.045958e-03 0.000000e+00 0.000000e+00 1.534400e-03 3.998275e-04 1.061854e-02 0.000000e+00 1.655075e-02 2.992101e-03 2.788525e-05 5.324567e-03 4.264093e-05 1.214945e-03 7.244296e-03 8.388170e-01 -6.920669e-01
8.327216e-01 1.610682e-03 2.045343e-04 3.571951e-04 0.000000e+00 0.000000e+00 0.000000e+00 2.587262e-04 0.000000e+00 3.280495e-04 0.000000e+00 2.322826e-03 2.273606e-03 3.394459e-03 0.000000e+00 0.000000e+00 8.649518e-04 7.915394e-03 0.000000e+00 1.534400e-03 3.325823e-05 9.324866e-03 1.006675e-04 2.981915e-03 3.586347e-03 5.097202e-04 1.398257e-03 0.000000e+00 1.100931e-04 0.000000e+00 8.327216e-01 -6.189430e-01
8.327216e-01 0.000000e+00 2.496131e-03 5.663182e-03 0.000000e+00 0.000000e+00 1.876390e-02 1.509236e-04 5.924201e-05 0.000000e+00 0.000000e+00 4.101434e-03 0.000000e+00 3.076228e-03 0.000000e+00 7.312938e-04 1.045958e-03 1.978848e-03 0.000000e+00 1.534400e-03 3.998275e-04 1.029512e-02 0.000000e+00 1.256759e-02 2.992101e-03 2.688027e-04 5.324567e-03 2.132047e-05 1.214945e-03 7.244296e-03 8.327216e-01 -6.120022e-01
8.327216e-01 0.000000e+00 2.496131e-03 5.663182e-03 0.000000e+00 0.000000e+00 1.876390e-02 1.509236e-04 5.924201e-05 0.000000e+00 0.000000e+00 4.101434e-03 0.000000e+00 3.076228e-03 0.000000e+00 7.312938e-04 1.045958e-03 1.978848e-03 0.000000e+00 1.534400e-03 3.998275e-04 1.029512e-02 0.000000e+00 1.256759e-02 2.992101e-03 2.688027e-04 5.324567e-03 2.132047e-05 1.214945e-03 7.244296e-03 8.327216e-01 -6.120022e-01
8.303942e-01 4.007750e-04 4.132371e-03 0.000000e+00 0.000000e+00 0.000000e+00 6.060811e-05 0.000000e+00 1.184840e-04 0.000000e+00 8.876415e-04 1.100693e-03 1.692380e-03 0.000000e+00 4.467291e-03 3.576402e-04 1.450692e-03 0.000000e+00 0.000000e+00 0.000000e+00 0.000000e+00 9.360843e-03 4.497726e-04 2.725150e-03 3.443400e-03 0.000000e+00 4.457286e-03 8.528187e-05 1.719134e-03 1.581196e-03 8.303942e-01 -5.825363e-01
8.297880e-01 0.000000e+00 1.016156e-03 8.012411e-03 0.000000e+00 1.169055e-03 9.351644e-03 6.468155e-05 0.000000e+00 0.000000e+00 0.000000e+00 1.500370e-03 2.892453e-03 8.486147e-04 0.000000e+00 1.868268e-04 6.625847e-04 0.000000e+00 0.000000e+00 5.584090e-03 3.325823e-05 1.108568e-02 0.000000e+00 0.000000e+00 1.060007e-04 0.000000e+00 5.758207e-03 0.000000e+00 9.628511e-04 6.085640e-03 8.297880e-01 -5.695948e-01
8.297880e-01 0.000000e+00 1.016156e-03 8.012411e-03 0.000000e+00 1.169055e-03 9.351644e-03 6.468155e-05 0.000000e+00 0.000000e+00 0.000000e+00 1.500370e-03 2.892453e-03 8.486147e-04 0.000000e+00 1.868268e-04 6.625847e-04 0.000000e+00 0.000000e+00 5.584090e-03 3.325823e-05 1.108568e-02 0.000000e+00 0.000000e+00 1.060007e-04 0.000000e+00 5.758207e-03 0.000000e+00 9.628511e-04 6.085640e-03 8.297880e-01 -5.695948e-01
8.286243e-01 0.000000e+00 2.400684e-03 5.180820e-03 0.000000e+00 3.541534e-03 0.000000e+00 1.081103e-02 5.924201e-05 0.000000e+00 0.000000e+00 0.000000e+00 0.000000e+00 3.394459e-03 1.457509e-03 0.000000e+00 8.649518e-04 0.000000e+00 0.000000e+00 0.000000e+00 3.998275e-04 1.061854e-02 0.000000e+00 0.000000e+00 3.316503e-04 5.350904e-04 5.324567e-03 1.020398e-03 1.214945e-03 7.244296e-03 8.286243e-01 -5.497596e-01
8.272958e-01 2.616410e-03 1.882000e-03 0.000000e+00 0.000000e+00 8.734885e-04 3.030406e-05 0.000000e+00 2.962100e-05 3.280495e-04 8.876415e-04 2.850540e-03 3.738643e-03 0.000000e+00 1.504891e-03 0.000000e+00 5.159275e-03 0.000000e+00 0.000000e+00 0.000000e+00 0.000000e+00 0.000000e+00 3.255538e-04 6.503938e-04 3.438596e-03 0.000000e+00 2.725258e-04 8.528187e-05 2.949747e-04 3.254090e-03 8.272958e-01 -5.303957e-01
8.271882e-01 3.280974e-04 1.022672e-04 0.000000e+00 6.919252e-05 2.049774e-03 1.234777e-02 5.377894e-04 9.449182e-03 3.114477e-03 5.474136e-04 2.850540e-03 1.278907e-03 1.803544e-03 4.801769e-03 0.000000e+00 5.860694e-03 0.000000e+00 0.000000e+00 3.291158e-03 1.855190e-03 6.116130e-03 8.303724e-03 1.013300e-03 6.569281e-04 0.000000e+00 0.000000e+00 1.114555e-03 4.116063e-04 2.136472e-02 8.271882e-01 -5.180133e-01
8.264109e-01 2.416022e-03 1.016156e-03 5.357927e-04 0.000000e+00 1.169055e-03 0.000000e+00 6.468155e-05 0.000000e+00 3.280495e-04 9.525893e-04 2.933893e-03 2.892453e-03 8.486147e-04 0.000000e+00 0.000000e+00 8.649518e-04 0.000000e+00 0.000000e+00 5.584090e-03 3.325823e-05 9.324866e-03 1.006675e-04 2.981915e-03 3.586347e-03 0.000000e+00 7.061661e-04 0.000000e+00 4.288045e-05 6.085640e-03 8.264109e-01 -5.115432e-01
8.264109e-01 2.416022e-03 1.016156e-03 5.357927e-04 0.000000e+00 1.169055e-03 0.000000e+00 6.468155e-05 0.000000e+00 3.280495e-04 9.525893e-04 2.933893e-03 2.892453e-03 8.486147e-04 0.000000e+00 0.000000e+00 8.649518e-04 0.000000e+00 0.000000e+00 5.584090e-03 3.325823e-05 9.324866e-03 1.006675e-04 2.981915e-03 3.586347e-03 0.000000e+00 7.061661e-04 0.000000e+00 4.288045e-05 6.085640e-03 8.264109e-01 -5.115432e-01
8.243605e-01 1.874842e-04 2.349551e-03 1.197805e-03 0.000000e+00 1.071355e-04 0.000000e+00 0.000000e+00 6.770515e-05 0.000000e+00 5.556783e-04 0.000000e+00 1.151474e-03 3.439184e-04 0.000000e+00 7.152803e-04 5.184088e-03 0.000000e+00 0.000000e+00 6.915188e-04 8.072632e-03 0.000000e+00 0.000000e+00 8.349919e-04 2.931112e-03 2.710538e-05 3.327726e-03 0.000000e+00 2.188176e-03 1.054131e-03 8.243605e-01 -4.737652e-01
8.241405e-01 0.000000e+00 2.400684e-03 5.180820e-03 0.000000e+00 3.541534e-03 0.000000e+00 0.000000e+00 1.016440e-20 4.920743e-04 0.000000e+00 0.000000e+00 5.184869e-03 3.394459e-03 1.504891e-03 0.000000e+00 8.649518e-04 0.000000e+00 0.000000e+00 2.024845e-03 0.000000e+00 0.000000e+00 3.758875e-04 0.000000e+00 3.735719e-03 5.350904e-04 5.324567e-03 7.462163e-05 0.000000e+00 7.244296e-03 8.241405e-01 -4.675148e-01
6.514505e-01 4.007750e-04 0.000000e+00 2.566725e-03 0.000000e+00 8.734885e-04 0.000000e+00 0.000000e+00 3.385257e-05 0.000000e+00 8.876415e-04 1.100693e-03 0.000000e+00 0.000000e+00 0.000000e+00 3.576402e-04 5.159275e-03 0.000000e+00 0.000000e+00 0.000000e+00 0.000000e+00 0.000000e+00 0.000000e+00 6.503938e-04 3.438596e-03 0.000000e+00 4.457286e-03 8.528187e-05 1.719134e-03 1.581196e-03 6.514505e-01 -4.535787e-01
6.514505e-01 4.007750e-04 0.000000e+00 2.566725e-03 0.000000e+00 8.734885e-04 0.000000e+00 0.000000e+00 3.385257e-05 0.000000e+00 8.876415e-04 1.100693e-03 0.000000e+00 0.000000e+00 0.000000e+00 3.576402e-04 5.159275e-03 0.000000e+00 0.000000e+00 0.000000e+00 0.000000e+00 0.000000e+00 0.000000e+00 6.503938e-04 3.438596e-03 0.000000e+00 4.457286e-03 8.528187e-05 1.719134e-03 1.581196e-03 6.514505e-01 -4.535787e-01
6.514505e-01 4.007750e-04 0.000000e+00 2.566725e-03 0.000000e+00 8.734885e-04 0.000000e+00 0.000000e+00 3.385257e-05 0.000000e+00 8.876415e-04 1.100693e-03 0.000000e+00 0.000000e+00 0.000000e+00 3.576402e-04 5.159275e-03 0.000000e+00 0.000000e+00 0.000000e+00 0.000000e+00 0.000000e+00 0.000000e+00 6.503938e-04 3.438596e-03 0.000000e+00 4.457286e-03 8.528187e-05 1.719134e-03 1.581196e-03 6.514505e-01 -4.535787e-01
6.514505e-01 4.007750e-04 0.000000e+00 2.566725e-03 0.000000e+00 8.734885e-04 0.000000e+00 0.000000e+00 3.385257e-05 0.000000e+00 8.876415e-04 1.100693e-03 0.000000e+00 0.000000e+00 0.000000e+00 3.576402e-04 5.159275e-03 0.000000e+00 0.000000e+00 0.000000e+00 0.000000e+00 0.000000e+00 0.000000e+00 6.503938e-04 3.438596e-03 0.000000e+00 4.457286e-03 8.528187e-05 1.719134e-03 1.581196e-03 6.514505e-01 -4.535787e-01
6.514505e-01 0.000000e+00 0.000000e+00 2.298829e-03 0.000000e+00 8.734885e-04 0.000000e+00 0.000000e+00 3.385257e-05 0.000000e+00 6.567121e-04 1.100693e-03 0.000000e+00 0.000000e+00 0.000000e+00 3.576402e-04 1.126931e-02 1.448932e-04 0.000000e+00 0.000000e+00 0.000000e+00 0.000000e+00 0.000000e+00 6.503938e-04 3.438596e-03 0.000000e+00 7.073511e-03 2.689361e-04 1.719134e-03 0.000000e+00 6.514505e-01 -4.523585e-01
6.514505e-01 0.000000e+00 2.216498e-03 2.298829e-03 0.000000e+00 8.734885e-04 0.000000e+00 0.000000e+00 3.385257e-05 0.000000e+00 5.087685e-04 2.383546e-03 5.484887e-03 2.721810e-04 0.000000e+00 4.470502e-04 1.126931e-02 1.448932e-04 0.000000e+00 0.000000e+00 0.000000e+00 9.324866e-03 0.000000e+00 6.503938e-04 2.784216e-03 7.820415e-05 7.073511e-03 0.000000e+00 0.000000e+00 8.917190e-03 6.514505e-01 -4.477337e-01
6.514505e-01 0.000000e+00 2.216498e-03 2.298829e-03 0.000000e+00 8.734885e-04 0.000000e+00 0.000000e+00 3.385257e-05 0.000000e+00 5.087685e-04 2.383546e-03 5.484887e-03 2.721810e-04 0.000000e+00 4.470502e-04 1.126931e-02 1.448932e-04 0.000000e+00 0.000000e+00 0.000000e+00 9.324866e-03 0.000000e+00 6.503938e-04 2.784216e-03 7.820415e-05 7.073511e-03 0.000000e+00 0.000000e+00 8.917190e-03 6.514505e-01 -4.477337e-01
6.472085e-01 8.648582e-05 5.969153e-03 1.893010e-03 0.000000e+00 1.311814e-03 0.000000e+00 0.000000e+00 2.463853e-03 0.000000e+00 3.323822e-04 0.000000e+00 0.000000e+00 0.000000e+00 1.099086e-01 1.788201e-04 9.039259e-03 2.897863e-04 3.117620e-04 7.378520e-04 1.230482e-03 0.000000e+00 1.016702e-03 3.537931e-04 3.061261e-03 0.000000e+00 4.532080e-03 0.000000e+00 1.886953e-03 8.350271e-04 6.472085e-01 -4.220332e-01
6.402052e-01 2.436304e-04 0.000000e+00 2.413915e-03 0.000000e+00 7.811509e-04 1.449472e-02 0.000000e+00 2.463853e-03 4.667418e-04 1.021149e-03 5.503467e-04 1.522418e-03 1.715680e-03 4.189576e-06 3.576402e-04 5.519691e-03 0.000000e+00 0.000000e+00 0.000000e+00 3.744349e-03 4.950270e-04 0.000000e+00 3.537931e-04 3.044358e-03 5.718086e-05 2.731353e-03 4.264093e-05 1.422994e-03 1.536767e-03 6.402052e-01 -4.018672e-01
6.380554e-01 8.648582e-05 0.000000e+00 0.000000e+00 0.000000e+00 9.843799e-04 0.000000e+00 0.000000e+00 3.385257e-05 0.000000e+00 1.219605e-03 0.000000e+00 2.981148e-03 2.273697e-03 1.766943e-04 0.000000e+00 8.741075e-03 2.897863e-04 0.000000e+00 0.000000e+00 1.230482e-03 9.900541e-04 2.037232e-03 3.537931e-04 1.752501e-03 1.143617e-04 4.446616e-03 4.525903e-04 1.886953e-03 1.492338e-03 6.380554e-01 -3.865515e-01
6.372273e-01 4.324291e-05 7.233347e-03 0.000000e+00 0.000000e+00 1.743459e-03 0.000000e+00 0.000000e+00 0.000000e+00 9.007249e-04 0.000000e+00 7.669637e-04 1.559887e-03 1.930052e-03 2.336216e-03 0.000000e+00 0.000000e+00 0.000000e+00 1.333591e-03 0.000000e+00 0.000000e+00 9.847310e-04 1.232096e-03 8.743457e-04 2.134277e-03 9.830298e-06 4.202604e-03 4.264093e-05 1.828002e-03 1.492338e-03 6.372273e-01 -3.791519e-01
6.372273e-01 4.324291e-05 7.233347e-03 0.000000e+00 0.000000e+00 1.743459e-03 0.000000e+00 0.000000e+00 0.000000e+00 9.007249e-04 0.000000e+00 7.669637e-04 1.559887e-03 1.930052e-03 2.336216e-03 0.000000e+00 0.000000e+00 0.000000e+00 1.333591e-03 0.000000e+00 0.000000e+00 9.847310e-04 1.232096e-03 8.743457e-04 2.134277e-03 9.830298e-06 4.202604e-03 4.264093e-05 1.828002e-03 1.492338e-03 6.372273e-01 -3.791519e-01
6.372273e-01 4.324291e-05 7.233347e-03 0.000000e+00 0.000000e+00 1.743459e-03 0.000000e+00 0.000000e+00 0.000000e+00 9.007249e-04 0.000000e+00 7.669637e-04 1.559887e-03 1.930052e-03 2.336216e-03 0.000000e+00 0.000000e+00 0.000000e+00 1.333591e-03 0.000000e+00 0.000000e+00 9.847310e-04 1.232096e-03 8.743457e-04 2.134277e-03 9.830298e-06 4.202604e-03 4.264093e-05 1.828002e-03 1.492338e-03 6.372273e-01 -3.791519e-01
6.323105e-01 0.000000e+00 0.000000e+00 0.000000e+00 0.000000e+00 1.311814e-03 2.898944e-02 0.000000e+00 0.000000e+00 1.952792e-03 0.000000e+00 0.000000e+00 0.000000e+00 2.830769e-05 8.379153e-06 0.000000e+00 5.880107e-03 0.000000e+00 9.255536e-04 8.475167e-03 2.361947e-03 9.900541e-04 1.603185e-03 3.537931e-04 1.752501e-03 1.564083e-04 5.388261e-04 0.000000e+00 1.126855e-03 1.492338e-03 6.323105e-01 -3.214709e-01
6.323105e-01 0.000000e+00 0.000000e+00 0.000000e+00 0.000000e+00 1.311814e-03 2.898944e-02 0.000000e+00 0.000000e+00 1.952792e-03 0.000000e+00 0.000000e+00 0.000000e+00 2.830769e-05 8.379153e-06 0.000000e+00 5.880107e-03 0.000000e+00 9.255536e-04 8.475167e-03 2.361947e-03 9.900541e-04 1.603185e-03 3.537931e-04 1.752501e-03 1.564083e-04 5.388261e-04 0.000000e+00 1.126855e-03 1.492338e-03 6.323105e-01 -3.214709e-01
6.295714e-01 0.000000e+00 9.586604e-03 1.919512e-03 0.000000e+00 8.855946e-05 2.176450e-04 0.000000e+00 0.000000e+00 2.356831e-03 1.090861e-04 2.824017e-03 9.316786e-04 0.000000e+00 0.000000e+00 0.000000e+00 1.128358e-02 4.751643e-04 6.235241e-04 1.475704e-03 8.430982e-05 2.581597e-04 8.946148e-04 2.122573e-03 2.200294e-04 1.055355e-04 0.000000e+00 3.671274e-04 1.573551e-03 0.000000e+00 6.295714e-01 -2.907229e-01
6.276573e-01 5.308720e-05 0.000000e+00 1.302471e-04 0.000000e+00 1.478128e-03 0.000000e+00 0.000000e+00 3.385257e-05 1.367467e-03 3.121259e-04 1.313999e-03 2.981148e-03 2.516553e-03 3.975621e-04 0.000000e+00 1.165697e-04 3.152189e-06 1.333591e-03 9.489183e-04 0.000000e+00 7.372175e-04 2.037232e-03 3.082250e-03 1.291230e-03 0.000000e+00 2.083072e-03 0.000000e+00 1.510714e-03 1.324652e-02 6.276573e-01 -2.645893e-01
6.262514e-01 0.000000e+00 7.233347e-03 0.000000e+00 0.000000e+00 8.349487e-04 0.000000e+00 0.000000e+00 0.000000e+00 1.478998e-03 0.000000e+00 1.484334e-03 4.658393e-04 2.428555e-04 0.000000e+00 0.000000e+00 6.056453e-03 3.334868e-04 0.000000e+00 1.004725e-02 0.000000e+00 9.900541e-04 2.134797e-04 0.000000e+00 0.000000e+00 3.353388e-05 2.298102e-03 3.106923e-04 1.347260e-03 0.000000e+00 6.262514e-01 -2.449804e-01
6.262514e-01 0.000000e+00 5.969153e-03 1.893010e-03 0.000000e+00 1.173278e-03 0.000000e+00 0.000000e+00 0.000000e+00 0.000000e+00 7.421883e-04 0.000000e+00 1.490574e-03 2.428555e-04 0.000000e+00 0.000000e+00 1.320246e-02 2.525392e-04 0.000000e+00 1.004725e-02 1.845723e-03 9.900541e-04 2.134797e-04 5.306896e-04 3.850648e-03 3.353388e-05 2.298102e-03 6.403440e-05 1.347260e-03 0.000000e+00 6.262514e-01 -2.425671e-01
6.236821e-01 0.000000e+00 0.000000e+00 1.767339e-03 0.000000e+00 9.415623e-04 2.176450e-04 0.000000e+00 0.000000e+00 1.825655e-03 2.492192e-03 3.029038e-03 0.000000e+00 4.857109e-04 0.000000e+00 1.450262e-03 0.000000e+00 5.367518e-04 5.733183e-03 1.120746e-02 0.000000e+00 0.000000e+00 1.636794e-03 1.076344e-02 5.736324e-03 3.846773e-05 5.403630e-03 5.002123e-04 1.275214e-03 0.000000e+00 6.236821e-01 -2.017476e-01
6.236821e-01 0.000000e+00 0.000000e+00 0.000000e+00 0.000000e+00 1.261450e-03 2.176450e-04 0.000000e+00 0.000000e+00 1.735801e-03 3.999925e-04 1.586844e-03 0.000000e+00 4.857109e-04 0.000000e+00 1.450262e-03 0.000000e+00 5.367518e-04 2.587584e-04 0.000000e+00 0.000000e+00 0.000000e+00 5.845692e-04 1.076344e-02 5.736324e-03 3.846773e-05 5.403630e-03 3.415086e-02 1.275214e-03 0.000000e+00 6.236821e-01 -1.996986e-01
6.206866e-01 0.000000e+00 0.000000e+00 3.422300e-04 0.000000e+00 9.843276e-04 0.000000e+00 0.000000e+00 0.000000e+00 8.150144e-04 1.354233e-03 1.434740e-03 1.554263e-03 0.000000e+00 0.000000e+00 0.000000e+00 5.891753e-03 2.540146e-04 4.781296e-04 0.000000e+00 7.838607e-04 0.000000e+00 0.000000e+00 1.481859e-03 1.453500e-02 4.740716e-05 0.000000e+00 5.735717e-04 4.011603e-04 0.000000e+00 6.206866e-01 -1.575862e-01
6.192712e-01 0.000000e+00 2.216498e-03 0.000000e+00 0.000000e+00 1.154494e-03 0.000000e+00 0.000000e+00 0.000000e+00 1.222522e-03 0.000000e+00 3.050437e-03 1.248458e-03 0.000000e+00 2.102109e-04 3.433110e-04 6.591612e-03 5.115537e-04 0.000000e+00 4.337987e-03 1.399102e-03 5.056732e-04 1.402966e-03 4.659774e-05 0.000000e+00 0.000000e+00 2.872627e-04 3.662631e-04 6.598107e-04 4.382072e-04 6.192712e-01 -1.344719e-01
4.556850e-01 0.000000e+00 0.000000e+00 0.000000e+00 0.000000e+00 1.261450e-03 0.000000e+00 0.000000e+00 0.000000e+00 1.028201e-03 2.491096e-04 7.934221e-04 0.000000e+00 2.428555e-04 0.000000e+00 2.835986e-04 0.000000e+00 3.642806e-04 1.293792e-04 0.000000e+00 0.000000e+00 0.000000e+00 6.152762e-04 0.000000e+00 2.605916e-04 1.418192e-03 0.000000e+00 4.867823e-04 1.021026e-03 0.000000e+00 4.556850e-01 -1.218040e-01
4.556850e-01 0.000000e+00 0.000000e+00 0.000000e+00 0.000000e+00 1.261450e-03 0.000000e+00 0.000000e+00 0.000000e+00 1.028201e-03 2.491096e-04 7.934221e-04 0.000000e+00 2.428555e-04 0.000000e+00 2.835986e-04 0.000000e+00 3.642806e-04 1.293792e-04 0.000000e+00 0.000000e+00 0.000000e+00 6.152762e-04 0.000000e+00 2.605916e-04 1.418192e-03 0.000000e+00 4.867823e-04 1.021026e-03 0.000000e+00 4.556850e-01 -1.218040e-01
4.556850e-01 0.000000e+00 0.000000e+00 0.000000e+00 0.000000e+00 1.261450e-03 0.000000e+00 0.000000e+00 0.000000e+00 1.028201e-03 2.491096e-04 7.934221e-04 0.000000e+00 2.428555e-04 0.000000e+00 2.835986e-04 0.000000e+00 3.642806e-04 1.293792e-04 0.000000e+00 0.000000e+00 0.000000e+00 6.152762e-04 0.000000e+00 2.605916e-04 1.418192e-03 0.000000e+00 4.867823e-04 1.021026e-03 0.000000e+00 4.556850e-01 -1.218040e-01
4.556850e-01 0.000000e+00 0.000000e+00 0.000000e+00 0.000000e+00 1.261450e-03 0.000000e+00 0.000000e+00 0.000000e+00 1.028201e-03 2.491096e-04 7.934221e-04 0.000000e+00 2.428555e-04 0.000000e+00 2.835986e-04 0.000000e+00 3.642806e-04 1.293792e-04 0.000000e+00 0.000000e+00 0.000000e+00 6.152762e-04 0.000000e+00 2.605916e-04 1.418192e-03 0.000000e+00 4.867823e-04 1.021026e-03 0.000000e+00 4.556850e-01 -1.218040e-01
4.556850e-01 0.000000e+00 0.000000e+00 0.000000e+00 0.000000e+00 1.261450e-03 0.000000e+00 0.000000e+00 0.000000e+00 1.028201e-03 2.491096e-04 7.934221e-04 0.000000e+00 2.428555e-04 0.000000e+00 2.835986e-04 0.000000e+00 3.642806e-04 1.293792e-04 0.000000e+00 0.000000e+00 0.000000e+00 6.152762e-04 0.000000e+00 2.605916e-04 1.418192e-03 0.000000e+00 4.867823e-04 1.021026e-03 0.000000e+00 4.556850e-01 -1.218040e-01
4.556850e-01 0.000000e+00 0.000000e+00 0.000000e+00 0.000000e+00 1.261450e-03 0.000000e+00 0.000000e+00 0.000000e+00 1.028201e-03 2.491096e-04 7.934221e-04 0.000000e+00 2.428555e-04 0.000000e+00 2.835986e-04 0.000000e+00 3.642806e-04 1.293792e-04 0.000000e+00 0.000000e+00 0.000000e+00 6.152762e-04 0.000000e+00 2.605916e-04 1.418192e-03 0.000000e+00 4.867823e-04 1.021026e-03 0.000000e+00 4.556850e-01 -1.218040e-01
4.556850e-01 0.000000e+00 0.000000e+00 0.000000e+00 0.000000e+00 1.261450e-03 0.000000e+00 0.000000e+00 0.000000e+00 1.028201e-03 2.491096e-04 7.934221e-04 0.000000e+00 2.428555e-04 0.000000e+00 2.835986e-04 0.000000e+00 3.642806e-04 1.293792e-04 0.000000e+00 0.000000e+00 0.000000e+00 6.152762e-04 0.000000e+00 2.605916e-04 1.418192e-03 0.000000e+00 4.867823e-04 1.021026e-03 0.000000e+00 4.556850e-01 -1.218040e-01
4.556850e-01 0.000000e+00 0.000000e+00 0.000000e+00 0.000000e+00 1.261450e-03 0.000000e+00 0.000000e+00 0.000000e+00 1.028201e-03 2.491096e-04 7.934221e-04 0.000000e+00 2.428555e-04 0.000000e+00 2.835986e-04 0.000000e+00 3.642806e-04 1.293792e-04 0.000000e+00 0.000000e+00 0.000000e+00 6.152762e-04 0.000000e+00 2.605916e-04 1.418192e-03 0.000000e+00 4.867823e-04 1.021026e-03 0.000000e+00 4.556850e-01 -1.218040e-01
4.448746e-01 1.612518e-04 2.137996e-03 0.000000e+00 0.000000e+00 8.535225e-04 0.000000e+00 0.000000e+00 0.000000e+00 2.071861e-03 2.491096e-04 2.047098e-03 0.000000e+00 4.857109e-04 0.000000e+00 0.000000e+00 4.146657e-04 5.749940e-04 0.000000e+00 9.728213e-04 0.000000e+00 0.000000e+00 0.000000e+00 0.000000e+00 2.605916e-04 1.942812e-03 0.000000e+00 6.483408e-04 1.324304e-03 0.000000e+00 4.448746e-01 -1.031817e-01
4.445778e-01 0.000000e+00 5.525918e-04 0.000000e+00 0.000000e+00 8.911900e-04 0.000000e+00 0.000000e+00 0.000000e+00 1.933639e-03 7.431445e-04 7.934221e-04 0.000000e+00 6.523506e-04 0.000000e+00 2.120108e-04 0.000000e+00 2.071367e-02 0.000000e+00 1.479820e-03 0.000000e+00 0.000000e+00 4.830853e-04 1.186874e-03 1.302958e-04 9.494194e-04 0.000000e+00 0.000000e+00 0.000000e+00 1.742792e-03 4.445778e-01 -9.818527e-02
4.372840e-01 0.000000e+00 5.525918e-04 0.000000e+00 0.000000e+00 8.911900e-04 0.000000e+00 0.000000e+00 1.597722e-03 1.750270e-03 7.431445e-04 1.321986e-03 0.000000e+00 6.523506e-04 0.000000e+00 5.149665e-04 4.146657e-04 2.071367e-02 0.000000e+00 1.479820e-03 0.000000e+00 0.000000e+00 0.000000e+00 7.721855e-04 0.000000e+00 9.494194e-04 0.000000e+00 0.000000e+00 1.198091e-03 0.000000e+00 4.372840e-01 -5.714875e-02
4.356741e-01 8.062588e-05 7.927020e-04 0.000000e+00 0.000000e+00 8.911900e-04 0.000000e+00 0.000000e+00 0.000000e+00 0.000000e+00 2.215211e-03 3.625559e-04 9.320461e-04 6.523506e-04 0.000000e+00 5.149665e-04 6.148115e-04 2.874970e-04 0.000000e+00 0.000000e+00 0.000000e+00 0.000000e+00 0.000000e+00 0.000000e+00 1.302958e-04 1.467370e-02 0.000000e+00 0.000000e+00 6.310624e-05 1.947285e-03 4.356741e-01 -4.731842e-02
4.321280e-01 0.000000e+00 1.741645e-03 0.000000e+00 0.000000e+00 1.270826e-03 0.000000e+00 0.000000e+00 0.000000e+00 1.735801e-03 9.822661e-05 2.047098e-03 0.000000e+00 4.857109e-04 0.000000e+00 5.149665e-04 4.146657e-04 4.292677e-04 0.000000e+00 0.000000e+00 0.000000e+00 0.000000e+00 9.354636e-04 0.000000e+00 3.474555e-04 0.000000e+00 0.000000e+00 6.490430e-04 1.137671e-03 3.485583e-03 4.321280e-01 -1.996268e-02
4.309214e-01 1.612518e-04 0.000000e+00 0.000000e+00 0.000000e+00 0.000000e+00 7.774428e-04 0.000000e+00 0.000000e+00 1.735801e-03 3.999925e-04 1.586844e-03 1.832669e-04 5.761349e-04 0.000000e+00 0.000000e+00 2.073328e-04 5.361702e-04 0.000000e+00 2.452642e-03 0.000000e+00 0.000000e+00 5.845692e-04 0.000000e+00 1.737278e-04 3.659762e-03 0.000000e+00 4.860800e-04 1.198091e-03 0.000000e+00 4.309214e-01 -9.183607e-03
4.256927e-01 0.000000e+00 0.000000e+00 0.000000e+00 0.000000e+00 6.354129e-04 0.000000e+00 0.000000e+00 0.000000e+00 9.662286e-04 0.000000e+00 2.047098e-03 3.106820e-04 1.214277e-04 1.675831e-05 4.880629e-04 2.073328e-04 2.850871e-04 1.089509e-04 1.479820e-03 0.000000e+00 0.000000e+00 6.306297e-04 8.293777e-04 0.000000e+00 2.127288e-03 0.000000e+00 5.679126e-04 1.141112e-03 2.267488e-02 4.256927e-01 4.731212e-02
4.226602e-01 0.000000e+00 1.786877e-03 1.780035e-02 0.000000e+00 6.354129e-04 0.000000e+00 0.000000e+00 0.000000e+00 1.025845e-03 7.999851e-04 0.000000e+00 0.000000e+00 2.428555e-04 0.000000e+00 3.971180e-04 2.518133e-04 1.752531e-04 2.179018e-04 0.000000e+00 0.000000e+00 0.000000e+00 9.661706e-04 0.000000e+00 3.474555e-04 1.418192e-03 0.000000e+00 0.000000e+00 1.198091e-03 3.485583e-03 4.226602e-01 8.021512e-02
4.202579e-01 0.000000e+00 1.944604e-02 0.000000e+00 0.000000e+00 4.455950e-04 0.000000e+00 1.828610e-02 0.000000e+00 6.794218e-04 1.843638e-03 6.609930e-04 3.106820e-04 3.261753e-04 1.675831e-05 6.249156e-05 0.000000e+00 0.000000e+00 4.815325e-04 2.219730e-03 0.000000e+00 0.000000e+00 3.229916e-04 0.000000e+00 1.737278e-04 1.561718e-02 0.000000e+00 9.873087e-04 9.764206e-04 2.038177e-03 4.202579e-01 1.156036e-01
4.172550e-01 0.000000e+00 0.000000e+00 0.000000e+00 0.000000e+00 0.000000e+00 0.000000e+00 0.000000e+00 0.000000e+00 3.206016e-04 9.822661e-05 0.000000e+00 6.213641e-04 0.000000e+00 0.000000e+00 5.223070e-05 4.146657e-04 0.000000e+00 0.000000e+00 0.000000e+00 0.000000e+00 0.000000e+00 6.459832e-04 0.000000e+00 3.474555e-04 2.836384e-03 0.000000e+00 6.490430e-04 1.261198e-03 1.817847e-04 4.172550e-01 1.403382e-01
4.143032e-01 0.000000e+00 1.841156e-03 0.000000e+00 0.000000e+00 1.489100e-03 0.000000e+00 0.000000e+00 3.718540e-03 9.197189e-04 7.999851e-04 2.610393e-03 0.000000e+00 6.071386e-04 0.000000e+00 0.000000e+00 0.000000e+00 0.000000e+00 3.677093e-04 9.411295e-04 0.000000e+00 0.000000e+00 8.244465e-04 8.293777e-04 0.000000e+00 0.000000e+00 0.000000e+00 3.924853e-04 1.198091e-03 1.007278e-04 4.143032e-01 1.798754e-01
4.118987e-01 0.000000e+00 0.000000e+00 0.000000e+00 0.000000e+00 4.080920e-04 0.000000e+00 0.000000e+00 0.000000e+00 0.000000e+00 0.000000e+00 0.000000e+00 9.320461e-04 0.000000e+00 0.000000e+00 0.000000e+00 4.074787e-04 1.433165e-04 0.000000e+00 0.000000e+00 0.000000e+00 0.000000e+00 6.459832e-04 0.000000e+00 0.000000e+00 1.515309e-03 5.764503e-02 4.363718e-05 0.000000e+00 0.000000e+00 4.118987e-01 2.208378e-01
2.581346e-01 0.000000e+00 0.000000e+00 0.000000e+00 0.000000e+00 0.000000e+00 0.000000e+00 0.000000e+00 0.000000e+00 3.206016e-04 0.000000e+00 0.000000e+00 6.213641e-04 0.000000e+00 0.000000e+00 5.223070e-05 4.074787e-04 0.000000e+00 0.000000e+00 0.000000e+00 0.000000e+00 0.000000e+00 6.459832e-04 0.000000e+00 0.000000e+00 2.836384e-03 0.000000e+00 4.361225e-04 0.000000e+00 1.817847e-04 2.581346e-01 2.434533e-01
2.581346e-01 0.000000e+00 0.000000e+00 0.000000e+00 0.000000e+00 0.000000e+00 0.000000e+00 0.000000e+00 0.000000e+00 3.206016e-04 0.000000e+00 0.000000e+00 6.213641e-04 0.000000e+00 0.000000e+00 5.223070e-05 4.074787e-04 0.000000e+00 0.000000e+00 0.000000e+00 0.000000e+00 0.000000e+00 6.459832e-04 0.000000e+00 0.000000e+00 2.836384e-03 0.000000e+00 4.361225e-04 0.000000e+00 1.817847e-04 2.581346e-01 2.434533e-01
2.581346e-01 0.000000e+00 0.000000e+00 0.000000e+00 0.000000e+00 0.000000e+00 0.000000e+00 0.000000e+00 0.000000e+00 3.206016e-04 0.000000e+00 0.000000e+00 6.213641e-04 0.000000e+00 0.000000e+00 5.223070e-05 4.074787e-04 0.000000e+00 0.000000e+00 0.000000e+00 0.000000e+00 0.000000e+00 6.459832e-04 0.000000e+00 0.000000e+00 2.836384e-03 0.000000e+00 4.361225e-04 0.000000e+00 1.817847e-04 2.581346e-01 2.434533e-01
2.581346e-01 0.000000e+00 0.000000e+00 0.000000e+00 0.000000e+00 0.000000e+00 0.000000e+00 0.000000e+00 0.000000e+00 3.206016e-04 0.000000e+00 0.000000e+00 6.213641e-04 0.000000e+00 0.000000e+00 5.223070e-05 4.074787e-04 0.000000e+00 0.000000e+00 0.000000e+00 0.000000e+00 0.000000e+00 6.459832e-04 0.000000e+00 0.000000e+00 2.836384e-03 0.000000e+00 4.361225e-04 0.000000e+00 1.817847e-04 2.581346e-01 2.434533e-01
2.581346e-01 0.000000e+00 0.000000e+00 0.000000e+00 0.000000e+00 0.000000e+00 0.000000e+00 0.000000e+00 0.000000e+00 3.206016e-04 0.000000e+00 0.000000e+00 6.213641e-04 0.000000e+00 0.000000e+00 5.223070e-05 4.074787e-04 0.000000e+00 0.000000e+00 0.000000e+00 0.000000e+00 0.000000e+00 6.459832e-04 0.000000e+00 0.000000e+00 2.836384e-03 0.000000e+00 4.361225e-04 0.000000e+00 1.817847e-04 2.581346e-01 2.434533e-01
2.581346e-01 0.000000e+00 0.000000e+00 0.000000e+00 0.000000e+00 0.000000e+00 0.000000e+00 0.000000e+00 0.000000e+00 3.206016e-04 0.000000e+00 0.000000e+00 6.213641e-04 0.000000e+00 0.000000e+00 5.223070e-05 4.074787e-04 0.000000e+00 0.000000e+00 0.000000e+00 0.000000e+00 0.000000e+00 6.459832e-04 0.000000e+00 0.000000e+00 2.836384e-03 0.000000e+00 4.361225e-04 0.000000e+00 1.817847e-04 2.581346e-01 2.434533e-01
2.581346e-01 0.000000e+00 0.000000e+00 0.000000e+00 0.000000e+00 0.000000e+00 0.000000e+00 0.000000e+00 0.000000e+00 3.206016e-04 0.000000e+00 0.000000e+00 6.213641e-04 0.000000e+00 0.000000e+00 5.223070e-05 4.074787e-04 0.000000e+00 0.000000e+00 0.000000e+00 0.000000e+00 0.000000e+00 6.459832e-04 0.000000e+00 0.000000e+00 2.836384e-03 0.000000e+00 4.361225e-04 0.000000e+00 1.817847e-04 2.581346e-01 2.434533e-01
2.581346e-01 0.000000e+00 0.000000e+00 0.000000e+00 0.000000e+00 0.000000e+00 0.000000e+00 0.000000e+00 0.000000e+00 3.206016e-04 0.000000e+00 0.000000e+00 6.213641e-04 0.000000e+00 0.000000e+00 5.223070e-05 4.074787e-04 0.000000e+00 0.000000e+00 0.000000e+00 0.000000e+00 0.000000e+00 6.459832e-04 0.000000e+00 0.000000e+00 2.836384e-03 0.000000e+00 4.361225e-04 0.000000e+00 1.817847e-04 2.581346e-01 2.434533e-01
2.533255e-01 0.000000e+00 1.085572e-04 0.000000e+00 0.000000e+00 1.707374e-03 0.000000e+00 0.000000e+00 0.000000e+00 1.083501e-04 0.000000e+00 0.000000e+00 6.213641e-04 0.000000e+00 0.000000e+00 8.661473e-04 5.527110e-04 0.000000e+00 0.000000e+00 0.000000e+00 0.000000e+00 0.000000e+00 3.625351e-04 9.507401e-04 0.000000e+00 1.567042e-03 0.000000e+00 1.221093e-03 0.000000e+00 1.035911e-05 2.533255e-01 2.466173e-01
2.437117e-01 0.000000e+00 1.718070e-04 0.000000e+00 0.000000e+00 0.000000e+00 0.000000e+00 0.000000e+00 6.048529e-04 8.810472e-04 0.000000e+00 0.000000e+00 4.492472e-04 0.000000e+00 0.000000e+00 5.248362e-05 3.739254e-04 0.000000e+00 9.115145e-04 0.000000e+00 0.000000e+00 1.147074e-03 1.870384e-03 9.507401e-04 0.000000e+00 1.499412e-03 0.000000e+00 4.606680e-04 0.000000e+00 0.000000e+00 2.437117e-01 2.695482e-01
2.373238e-01 0.000000e+00 0.000000e+00 0.000000e+00 0.000000e+00 1.694727e-03 0.000000e+00 0.000000e+00 3.257010e-04 3.206016e-04 0.000000e+00 2.695327e-03 0.000000e+00 0.000000e+00 0.000000e+00 5.223070e-05 4.074787e-04 0.000000e+00 0.000000e+00 0.000000e+00 0.000000e+00 0.000000e+00 0.000000e+00 0.000000e+00 0.000000e+00 2.836384e-03 0.000000e+00 4.361225e-04 0.000000e+00 1.714255e-04 2.373238e-01 2.961879e-01
2.289256e-01 0.000000e+00 0.000000e+00 0.000000e+00 0.000000e+00 1.083446e-02 0.000000e+00 5.374078e-05 0.000000e+00 3.206016e-04 0.000000e+00 0.000000e+00 6.958669e-04 0.000000e+00 0.000000e+00 5.223070e-05 3.656912e-04 0.000000e+00 0.000000e+00 0.000000e+00 0.000000e+00 0.000000e+00 3.229916e-04 2.376850e-04 0.000000e+00 2.836384e-03 0.000000e+00 8.039343e-04 0.000000e+00 6.198659e-04 2.289256e-01 3.450296e-01
2.215655e-01 0.000000e+00 8.590348e-05 0.000000e+00 0.000000e+00 0.000000e+00 1.903205e-04 0.000000e+00 1.710724e-03 3.206016e-04 0.000000e+00 2.110911e-03 4.048496e-04 0.000000e+00 2.517170e-04 1.945152e-04 1.115971e-04 0.000000e+00 1.327364e-03 0.000000e+00 0.000000e+00 0.000000e+00 2.834481e-04 0.000000e+00 0.000000e+00 2.011229e-03 0.000000e+00 5.114801e-04 0.000000e+00 1.714255e-04 2.215655e-01 3.927039e-01
2.165129e-01 0.000000e+00 1.493039e-04 0.000000e+00 0.000000e+00 8.473634e-04 1.199781e-03 1.791359e-05 8.553619e-04 4.698961e-04 0.000000e+00 0.000000e+00 5.131068e-04 2.405702e-02 1.258585e-04 1.233730e-04 2.571127e-04 0.000000e+00 6.636822e-04 0.000000e+00 0.000000e+00 1.094329e-03 4.647157e-04 0.000000e+00 7.940517e-05 2.423806e-03 0.000000e+00 4.738013e-04 4.350332e-04 0.000000e+00 2.165129e-01 4.355039e-01
2.070240e-01 0.000000e+00 1.288552e-04 0.000000e+00 0.000000e+00 0.000000e+00 1.999635e-04 1.074816e-04 2.531757e-03 5.594636e-04 0.000000e+00 1.055455e-03 3.604520e-04 0.000000e+00 0.000000e+00 1.770506e-04 1.634612e-04 0.000000e+00 1.119439e-03 0.000000e+00 0.000000e+00 3.953965e-04 1.417241e-04 0.000000e+00 2.382155e-04 3.056019e-03 0.000000e+00 3.864793e-04 4.350332e-04 8.571277e-05 2.070240e-01 5.023597e-01
1.997165e-01 0.000000e+00 8.590348e-05 0.000000e+00 0.000000e+00 0.000000e+00 9.033874e-05 3.582719e-05 4.448451e-04 4.101692e-04 0.000000e+00 5.616311e-03 5.353056e-04 0.000000e+00 0.000000e+00 3.838074e-04 3.114020e-04 0.000000e+00 4.557573e-04 0.000000e+00 0.000000e+00 1.581586e-03 0.000000e+00 0.000000e+00 0.000000e+00 1.368107e-03 0.000000e+00 3.488004e-04 0.000000e+00 9.089233e-05 1.997165e-01 5.577168e-01
1.915955e-01 0.000000e+00 0.000000e+00 0.000000e+00 0.000000e+00 8.536871e-04 2.806592e-04 1.222904e-04 3.797636e-03 7.087581e-04 0.000000e+00 0.000000e+00 4.492472e-04 0.000000e+00 9.831554e-04 1.558172e-04 1.837847e-04 0.000000e+00 1.280115e-03 0.000000e+00 0.000000e+00 2.310592e-04 1.417241e-04 0.000000e+00 3.176207e-04 1.076257e-03 0.000000e+00 7.895812e-04 0.000000e+00 0.000000e+00 1.915955e-01 6.150432e-01
8.275844e-02 0.000000e+00 1.718070e-04 0.000000e+00 0.000000e+00 0.000000e+00 1.806775e-04 7.165438e-05 8.896903e-04 4.997367e-04 0.000000e+00 0.000000e+00 4.492472e-04 0.000000e+00 5.034340e-04 1.595860e-04 2.153253e-04 0.000000e+00 9.115145e-04 0.000000e+00 0.000000e+00 7.907930e-04 0.000000e+00 0.000000e+00 3.176207e-04 9.664396e-04 0.000000e+00 2.614784e-04 0.000000e+00 0.000000e+00 8.275844e-02 6.713532e-01
8.275844e-02 0.000000e+00 1.718070e-04 0.000000e+00 0.000000e+00 0.000000e+00 1.806775e-04 7.165438e-05 8.896903e-04 4.997367e-04 0.000000e+00 0.000000e+00 4.492472e-04 0.000000e+00 5.034340e-04 1.595860e-04 2.153253e-04 0.000000e+00 9.115145e-04 0.000000e+00 0.000000e+00 7.907930e-04 0.000000e+00 0.000000e+00 3.176207e-04 9.664396e-04 0.000000e+00 2.614784e-04 0.000000e+00 0.000000e+00 8.275844e-02 6.713532e-01
8.275844e-02 0.000000e+00 1.718070e-04 0.000000e+00 0.000000e+00 0.000000e+00 1.806775e-04 7.165438e-05 8.896903e-04 4.997367e-04 0.000000e+00 0.000000e+00 4.492472e-04 0.000000e+00 5.034340e-04 1.595860e-04 2.153253e-04 0.000000e+00 9.115145e-04 0.000000e+00 0.000000e+00 7.907930e-04 0.000000e+00 0.000000e+00 3.176207e-04 9.664396e-04 0.000000e+00 2.614784e-04 0.000000e+00 0.000000e+00 8.275844e-02 6.713532e-01
8.275844e-02 0.000000e+00 1.718070e-04 0.000000e+00 0.000000e+00 0.000000e+00 1.806775e-04 7.165438e-05 8.896903e-04 4.997367e-04 0.000000e+00 0.000000e+00 4.492472e-04 0.000000e+00 5.034340e-04 1.595860e-04 2.153253e-04 0.000000e+00 9.115145e-04 0.000000e+00 0.000000e+00 7.907930e-04 0.000000e+00 0.000000e+00 3.176207e-04 9.664396e-04 0.000000e+00 2.614784e-04 0.000000e+00 0.000000e+00 8.275844e-02 6.713532e-01
8.275844e-02 0.000000e+00 1.718070e-04 0.000000e+00 0.000000e+00 0.000000e+00 1.806775e-04 7.165438e-05 8.896903e-04 4.997367e-04 0.000000e+00 0.000000e+00 4.492472e-04 0.000000e+00 5.034340e-04 1.595860e-04 2.153253e-04 0.000000e+00 9.115145e-04 0.000000e+00 0.000000e+00 7.907930e-04 0.000000e+00 0.000000e+00 3.176207e-04 9.664396e-04 0.000000e+00 2.614784e-04 0.000000e+00 0.000000e+00 8.275844e-02 6.713532e-01
8.275844e-02 0.000000e+00 1.718070e-04 0.000000e+00 0.000000e+00 0.000000e+00 1.806775e-04 7.165438e-05 8.896903e-04 4.997367e-04 0.000000e+00 0.000000e+00 4.492472e-04 0.000000e+00 5.034340e-04 1.595860e-04 2.153253e-04 0.000000e+00 9.115145e-04 0.000000e+00 0.000000e+00 7.907930e-04 0.000000e+00 0.000000e+00 3.176207e-04 9.664396e-04 0.000000e+00 2.614784e-04 0.000000e+00 0.000000e+00 8.275844e-02 6.713532e-01
7.423461e-02 0.000000e+00 1.718070e-04 0.000000e+00 0.000000e+00 0.000000e+00 8.069575e-05 7.165438e-05 6.048529e-04 4.997367e-04 0.000000e+00 1.339433e-04 4.492472e-04 0.000000e+00 1.281504e-03 5.248362e-05 3.131732e-04 0.000000e+00 9.115145e-04 0.000000e+00 0.000000e+00 7.907930e-04 4.703234e-04 0.000000e+00 3.176207e-04 4.783443e-04 0.000000e+00 2.614784e-04 0.000000e+00 0.000000e+00 7.423461e-02 6.756479e-01
6.120841e-02 0.000000e+00 0.000000e+00 0.000000e+00 0.000000e+00 8.600107e-04 1.792880e-03 1.495183e-04 3.883185e-04 8.810472e-04 0.000000e+00 0.000000e+00 7.168494e-04 0.000000e+00 0.000000e+00 1.522101e-04 1.131965e-03 0.000000e+00 3.559888e-04 0.000000e+00 0.000000e+00 0.000000e+00 1.790991e-03 0.000000e+00 0.000000e+00 1.542908e-03 0.000000e+00 2.058669e-05 0.000000e+00 3.630656e-04 6.120841e-02 6.979035e-01
4.673814e-02 0.000000e+00 1.003604e-03 0.000000e+00 0.000000e+00 0.000000e+00 1.159655e-03 1.853455e-04 0.000000e+00 0.000000e+00 0.000000e+00 0.000000e+00 5.830483e-04 0.000000e+00 2.517170e-04 4.246685e-05 1.121252e-03 0.000000e+00 1.089509e-03 0.000000e+00 0.000000e+00 3.953965e-04 0.000000e+00 0.000000e+00 0.000000e+00 1.254674e-03 0.000000e+00 0.000000e+00 0.000000e+00 3.630656e-04 4.673814e-02 7.393792e-01
2.861947e-02 0.000000e+00 0.000000e+00 0.000000e+00 0.000000e+00 0.000000e+00 1.903205e-04 1.433088e-04 1.710724e-03 6.191905e-04 0.000000e+00 5.844167e-04 4.048496e-04 0.000000e+00 2.517170e-04 0.000000e+00 2.589676e-04 0.000000e+00 6.736590e-04 0.000000e+00 0.000000e+00 0.000000e+00 0.000000e+00 0.000000e+00 1.588103e-04 2.011229e-03 0.000000e+00 3.475169e-04 6.338073e-04 1.462370e-04 2.861947e-02 8.107358e-01
1.588118e-02 0.000000e+00 3.436139e-04 0.000000e+00 0.000000e+00 1.707374e-03 0.000000e+00 2.149631e-04 2.531757e-03 9.113193e-04 2.319888e-04 2.342953e-03 3.604520e-04 0.000000e+00 2.218028e-03 0.000000e+00 2.983335e-04 0.000000e+00 1.410859e-03 0.000000e+00 0.000000e+00 6.672193e-05 0.000000e+00 9.507401e-04 6.352414e-04 3.056019e-03 0.000000e+00 8.062039e-04 0.000000e+00 0.000000e+00 1.588118e-02 8.716405e-01
0.000000e+00 0.000000e+00 1.718070e-04 0.000000e+00 0.000000e+00 0.000000e+00 2.806592e-04 7.165438e-05 8.896903e-04 7.087581e-04 0.000000e+00 0.000000e+00 4.492472e-04 0.000000e+00 5.034340e-04 1.595860e-04 1.837847e-04 0.000000e+00 1.129416e-03 0.000000e+00 0.000000e+00 7.907930e-04 0.000000e+00 0.000000e+00 3.176207e-04 1.076257e-03 0.000000e+00 7.628896e-05 0.000000e+00 0.000000e+00 0.000000e+00 1.002113e+00
