8.529800e-01 0.000000e+00 2.507127e-05 4.550536e-05 1.848155e-03 9.570388e-03 7.692636e-03 0.000000e+00 5.318894e-03 6.173881e-04 0.000000e+00 0.000000e+00 0.000000e+00 0.000000e+00 1.271191e-03 0.000000e+00 6.015638e-04 3.539844e-04 0.000000e+00 2.596300e-04 0.000000e+00 0.000000e+00 0.000000e+00 0.000000e+00 0.000000e+00 8.937596e-04 0.000000e+00 4.997213e-06 5.466143e-04 6.018194e-06 8.529800e-01 -7.679512e-01
8.489979e-01 0.000000e+00 4.211869e-04 0.000000e+00 0.000000e+00 7.482348e-03 0.000000e+00 1.355253e-20 1.341774e-02 2.915311e-04 2.082381e-03 0.000000e+00 1.431472e-03 8.990966e-03 1.178814e-04 1.000126e-03 1.592933e-04 6.806925e-04 4.851942e-03 2.425711e-04 5.447617e-03 0.000000e+00 3.298026e-04 0.000000e+00 0.000000e+00 0.000000e+00 0.000000e+00 0.000000e+00 2.520429e-03 1.604852e-05 8.489979e-01 -7.616790e-01
8.529800e-01 9.022383e-04 3.746410e-04 2.275268e-05 3.500245e-03 9.570388e-03 7.692636e-03 0.000000e+00 5.318894e-03 8.373375e-04 0.000000e+00 0.000000e+00 0.000000e+00 3.467412e-03 0.000000e+00 0.000000e+00 1.888363e-04 3.539844e-04 4.857561e-03 2.596300e-04 2.108749e-03 0.000000e+00 0.000000e+00 0.000000e+00 0.000000e+00 4.468798e-04 5.618061e-06 4.997213e-06 5.466143e-04 6.018194e-06 8.529800e-01 -7.660367e-01
8.449409e-01 0.000000e+00 3.450347e-04 0.000000e+00 2.906502e-03 0.000000e+00 1.854915e-02 5.421011e-20 0.000000e+00 0.000000e+00 2.730610e-03 0.000000e+00 8.599040e-04 9.256579e-03 0.000000e+00 6.108641e-04 1.893909e-04 5.624957e-04 3.688991e-03 4.074096e-04 5.669619e-03 0.000000e+00 8.245065e-05 3.147449e-05 0.000000e+00 0.000000e+00 9.849115e-03 1.954770e-06 4.168854e-03 1.203639e-05 8.449409e-01 -7.434094e-01
8.431789e-01 0.000000e+00 1.946446e-04 0.000000e+00 0.000000e+00 1.793416e-02 0.000000e+00 1.394010e-04 8.003095e-03 0.000000e+00 5.568195e-04 0.000000e+00 4.433237e-05 1.031318e-02 2.908610e-04 3.240313e-03 1.893909e-04 6.806925e-04 3.323903e-03 2.425711e-04 8.791330e-04 0.000000e+00 3.298026e-04 6.609643e-04 0.000000e+00 1.574394e-03 0.000000e+00 3.061080e-04 1.867174e-05 0.000000e+00 8.431789e-01 -7.339028e-01
8.428185e-01 5.266418e-04 7.276163e-04 8.142074e-05 1.612501e-03 5.708194e-03 2.124743e-03 2.907162e-04 9.574754e-05 4.716226e-04 1.496002e-03 0.000000e+00 3.834582e-02 2.887950e-03 1.939073e-04 0.000000e+00 5.219171e-04 1.363810e-05 1.396339e-03 1.486561e-03 5.931316e-03 0.000000e+00 0.000000e+00 1.888469e-04 5.630544e-04 3.148788e-03 2.471642e-03 4.997213e-06 0.000000e+00 6.018194e-06 8.428185e-01 -7.276545e-01
8.459061e-01 2.592467e-03 1.873205e-04 3.474384e-02 8.062506e-04 1.162900e-02 1.085213e-02 9.308275e-05 6.022142e-03 2.865079e-04 1.749870e-02 0.000000e+00 6.952726e-04 6.670076e-03 6.609553e-03 0.000000e+00 1.737875e-04 1.838112e-04 7.879297e-04 3.723861e-04 0.000000e+00 0.000000e+00 3.298026e-04 6.924388e-04 0.000000e+00 4.468798e-04 0.000000e+00 2.498606e-06 1.494059e-03 1.604852e-05 8.459061e-01 -7.412380e-01
8.398660e-01 0.000000e+00 1.079313e-03 5.088796e-05 0.000000e+00 1.793416e-02 0.000000e+00 2.907162e-04 2.027192e-03 0.000000e+00 1.259450e-03 0.000000e+00 4.433237e-05 2.887950e-03 2.908610e-04 0.000000e+00 1.893909e-04 0.000000e+00 0.000000e+00 5.362449e-03 3.207508e-03 0.000000e+00 3.298026e-04 1.888469e-04 0.000000e+00 3.148788e-03 0.000000e+00 4.997213e-06 4.062133e-04 0.000000e+00 8.398660e-01 -7.075790e-01
8.388321e-01 4.282696e-03 0.000000e+00 6.106556e-05 0.000000e+00 1.368762e-02 1.532373e-03 0.000000e+00 2.525636e-04 2.643217e-04 4.744102e-04 0.000000e+00 0.000000e+00 0.000000e+00 0.000000e+00 2.346513e-03 3.009758e-05 3.403463e-04 6.603090e-03 4.851422e-04 5.447617e-03 0.000000e+00 4.122532e-04 0.000000e+00 0.000000e+00 0.000000e+00 4.910243e-03 0.000000e+00 2.441503e-03 1.604852e-05 8.388321e-01 -6.962559e-01
8.388321e-01 4.282696e-03 0.000000e+00 3.476299e-02 4.620389e-04 1.368762e-02 7.772001e-03 0.000000e+00 3.488977e-03 0.000000e+00 0.000000e+00 0.000000e+00 6.952726e-04 1.772929e-02 6.609553e-03 0.000000e+00 9.441815e-05 1.769922e-04 1.243132e-02 4.851422e-04 0.000000e+00 0.000000e+00 0.000000e+00 6.924388e-04 2.249665e-04 2.234399e-04 9.363435e-07 0.000000e+00 2.441503e-03 0.000000e+00 8.388321e-01 -6.856109e-01
8.375144e-01 0.000000e+00 4.667860e-04 0.000000e+00 8.062506e-04 9.239580e-03 1.208428e-02 9.308275e-05 0.000000e+00 5.150387e-04 1.749870e-02 0.000000e+00 2.023916e-02 6.670076e-03 1.178814e-04 9.142570e-04 3.255564e-04 3.923226e-04 7.879297e-04 0.000000e+00 7.833248e-03 0.000000e+00 3.298026e-04 0.000000e+00 0.000000e+00 1.574394e-03 0.000000e+00 2.475864e-04 2.134191e-03 1.604852e-05 8.375144e-01 -6.751404e-01
8.361710e-01 3.426157e-03 3.751438e-04 6.106556e-05 2.373022e-04 0.000000e+00 0.000000e+00 0.000000e+00 4.001548e-03 0.000000e+00 6.206216e-04 0.000000e+00 4.275631e-04 1.440186e-02 7.272991e-03 0.000000e+00 0.000000e+00 1.997223e-04 8.351349e-03 4.851422e-04 0.000000e+00 0.000000e+00 2.024857e-04 2.517959e-04 1.163133e-03 0.000000e+00 7.490748e-06 2.363293e-04 1.341291e-02 0.000000e+00 8.361710e-01 -6.635954e-01
8.358099e-01 1.370463e-03 0.000000e+00 1.045043e-02 3.715337e-05 6.848492e-03 2.464471e-03 1.394010e-04 3.545929e-03 0.000000e+00 7.529498e-04 0.000000e+00 3.564172e-04 1.123227e-02 9.426781e-03 0.000000e+00 1.893909e-04 0.000000e+00 1.576472e-02 1.749174e-03 0.000000e+00 0.000000e+00 0.000000e+00 5.176511e-04 0.000000e+00 5.958397e-04 0.000000e+00 8.629477e-04 3.790770e-04 0.000000e+00 8.358099e-01 -6.570670e-01
8.358099e-01 1.370463e-03 0.000000e+00 1.045043e-02 3.715337e-05 6.848492e-03 2.464471e-03 1.394010e-04 3.545929e-03 0.000000e+00 7.529498e-04 0.000000e+00 3.564172e-04 1.123227e-02 9.426781e-03 0.000000e+00 1.893909e-04 0.000000e+00 1.576472e-02 1.749174e-03 0.000000e+00 0.000000e+00 0.000000e+00 5.176511e-04 0.000000e+00 5.958397e-04 0.000000e+00 8.629477e-04 3.790770e-04 0.000000e+00 8.358099e-01 -6.570670e-01
8.343000e-01 3.426157e-03 4.588742e-04 6.106556e-05 0.000000e+00 5.082799e-03 0.000000e+00 0.000000e+00 0.000000e+00 0.000000e+00 3.422119e-04 4.434300e-02 1.928098e-04 2.160279e-02 6.981353e-03 1.405530e-03 2.875712e-04 0.000000e+00 1.182091e-04 7.277133e-04 5.350498e-03 0.000000e+00 0.000000e+00 6.120746e-04 2.815272e-04 0.000000e+00 0.000000e+00 7.416531e-04 1.002229e-03 0.000000e+00 8.343000e-01 -6.324808e-01
8.329272e-01 0.000000e+00 7.033932e-04 0.000000e+00 0.000000e+00 4.953660e-03 5.456987e-03 2.710505e-20 4.115452e-03 3.004630e-03 1.306779e-06 0.000000e+00 1.958876e-03 0.000000e+00 9.426781e-03 1.129130e-03 0.000000e+00 0.000000e+00 2.054730e-03 8.236917e-03 0.000000e+00 0.000000e+00 0.000000e+00 0.000000e+00 0.000000e+00 0.000000e+00 3.535119e-03 0.000000e+00 3.253929e-03 0.000000e+00 8.329272e-01 -6.205176e-01
8.326278e-01 1.713078e-03 3.621054e-04 4.071037e-05 2.576167e-03 2.092428e-02 3.553324e-03 1.394010e-04 2.342488e-03 5.286434e-04 1.711059e-04 0.000000e+00 7.036863e-05 1.440186e-02 1.939073e-04 1.129130e-03 0.000000e+00 0.000000e+00 9.185500e-03 4.851422e-04 4.591215e-03 0.000000e+00 1.649013e-04 6.294898e-05 3.890765e-04 0.000000e+00 7.490748e-06 1.285608e-04 8.199858e-03 1.825336e-02 8.326278e-01 -6.089471e-01
8.314535e-01 2.049950e-03 0.000000e+00 8.142074e-05 0.000000e+00 0.000000e+00 7.661864e-04 3.485024e-04 0.000000e+00 0.000000e+00 3.504724e-03 0.000000e+00 8.173868e-04 1.226207e-02 1.297533e-02 4.589799e-03 2.389400e-04 7.031196e-05 7.781749e-03 9.267005e-04 7.688742e-03 0.000000e+00 1.012429e-04 3.776939e-04 1.126109e-03 0.000000e+00 2.455122e-03 0.000000e+00 0.000000e+00 0.000000e+00 8.314535e-01 -5.962498e-01
8.308488e-01 3.655925e-04 6.210428e-04 8.142074e-05 1.881638e-04 0.000000e+00 2.717822e-04 1.394010e-04 9.366594e-03 0.000000e+00 0.000000e+00 0.000000e+00 2.814745e-04 0.000000e+00 0.000000e+00 0.000000e+00 2.451902e-03 0.000000e+00 2.181435e-02 1.125688e-03 0.000000e+00 0.000000e+00 0.000000e+00 6.609643e-04 0.000000e+00 0.000000e+00 1.202511e-03 1.231796e-04 2.850565e-04 6.508791e-05 8.308488e-01 -5.898511e-01
8.300736e-01 9.022383e-04 6.364181e-04 1.151411e-02 0.000000e+00 9.133405e-03 5.702345e-03 0.000000e+00 2.000774e-03 0.000000e+00 0.000000e+00 0.000000e+00 7.304570e-04 7.529731e-03 6.706507e-03 0.000000e+00 0.000000e+00 0.000000e+00 1.459529e-02 7.734716e-03 3.706508e-04 0.000000e+00 0.000000e+00 7.239133e-04 4.195048e-04 0.000000e+00 1.872687e-06 0.000000e+00 6.706455e-03 0.000000e+00 8.300736e-01 -5.709496e-01
8.293015e-01 0.000000e+00 3.611101e-04 1.885524e-04 0.000000e+00 1.747755e-02 0.000000e+00 0.000000e+00 0.000000e+00 0.000000e+00 6.338907e-03 0.000000e+00 0.000000e+00 1.493408e-02 1.845976e-03 1.100231e-03 0.000000e+00 5.152170e-06 4.710959e-03 1.368036e-02 4.736718e-03 8.033335e-04 0.000000e+00 8.262053e-04 6.852717e-04 0.000000e+00 0.000000e+00 1.143024e-03 0.000000e+00 0.000000e+00 8.293015e-01 -5.590346e-01
8.285262e-01 1.553259e-03 1.165705e-03 3.053278e-05 5.385741e-04 0.000000e+00 4.839722e-04 0.000000e+00 4.001548e-03 0.000000e+00 0.000000e+00 0.000000e+00 1.268919e-04 7.236573e-03 1.291746e-02 1.910951e-03 0.000000e+00 2.273016e-06 6.452866e-04 0.000000e+00 4.069900e-03 0.000000e+00 2.473519e-04 0.000000e+00 2.533745e-03 4.766718e-03 0.000000e+00 2.455581e-04 1.520673e-03 1.825336e-02 8.285262e-01 -5.466994e-01
8.279578e-01 6.967198e-04 1.003017e-03 0.000000e+00 6.459893e-04 0.000000e+00 0.000000e+00 1.394010e-04 5.228065e-03 0.000000e+00 1.751708e-03 0.000000e+00 0.000000e+00 1.336761e-02 1.469173e-02 3.641286e-03 0.000000e+00 0.000000e+00 0.000000e+00 0.000000e+00 2.780366e-03 0.000000e+00 2.979734e-04 2.866263e-04 2.252218e-03 0.000000e+00 0.000000e+00 2.455581e-04 1.019559e-03 0.000000e+00 8.279578e-01 -5.390219e-01
8.269789e-01 0.000000e+00 3.611101e-04 1.885524e-04 0.000000e+00 1.747755e-02 0.000000e+00 0.000000e+00 0.000000e+00 0.000000e+00 6.338907e-03 0.000000e+00 3.193747e-04 1.353611e-02 1.845976e-03 1.100231e-03 0.000000e+00 0.000000e+00 1.474756e-02 1.125688e-03 2.853117e-03 0.000000e+00 0.000000e+00 6.609643e-04 0.000000e+00 0.000000e+00 0.000000e+00 1.143024e-03 0.000000e+00 0.000000e+00 8.269789e-01 -5.188650e-01
8.269789e-01 0.000000e+00 3.611101e-04 1.133011e-02 0.000000e+00 1.818395e-02 5.702345e-03 0.000000e+00 0.000000e+00 0.000000e+00 6.338907e-03 0.000000e+00 6.763226e-04 1.353611e-02 8.090989e-03 1.100231e-03 0.000000e+00 8.334392e-07 1.833157e-02 1.125688e-03 2.857427e-03 0.000000e+00 0.000000e+00 7.239133e-04 0.000000e+00 0.000000e+00 1.368911e-06 7.054131e-04 0.000000e+00 0.000000e+00 8.269789e-01 -5.141891e-01
8.263355e-01 8.565392e-04 3.528899e-04 3.294373e-05 0.000000e+00 9.050540e-03 2.678516e-04 0.000000e+00 0.000000e+00 0.000000e+00 1.375150e-02 0.000000e+00 0.000000e+00 7.405077e-03 1.384482e-03 8.251732e-04 1.225951e-03 2.332796e-02 3.736275e-03 4.297432e-03 8.439741e-03 4.016668e-04 1.818731e-04 0.000000e+00 0.000000e+00 0.000000e+00 0.000000e+00 1.613299e-03 1.240939e-02 0.000000e+00 8.263355e-01 -5.020834e-01
8.248632e-01 8.812569e-04 7.271385e-03 3.795631e-03 3.229946e-04 0.000000e+00 2.519660e-03 0.000000e+00 5.001797e-03 0.000000e+00 2.284739e-03 0.000000e+00 0.000000e+00 7.405077e-03 2.307257e-03 5.501155e-04 2.451902e-03 7.576720e-07 3.551470e-03 4.549955e-03 4.736718e-03 0.000000e+00 0.000000e+00 0.000000e+00 1.106480e-03 1.630303e-03 1.210262e-03 2.233701e-04 9.607225e-04 0.000000e+00 8.248632e-01 -4.800051e-01
8.248632e-01 8.812569e-04 7.271385e-03 3.795631e-03 3.229946e-04 0.000000e+00 2.519660e-03 0.000000e+00 5.001797e-03 0.000000e+00 2.284739e-03 0.000000e+00 0.000000e+00 7.405077e-03 2.307257e-03 5.501155e-04 2.451902e-03 7.576720e-07 3.551470e-03 4.549955e-03 4.736718e-03 0.000000e+00 0.000000e+00 0.000000e+00 1.106480e-03 1.630303e-03 1.210262e-03 2.233701e-04 9.607225e-04 0.000000e+00 8.248632e-01 -4.800051e-01
6.530480e-01 3.655925e-04 7.369039e-04 4.338821e-04 0.000000e+00 0.000000e+00 0.000000e+00 0.000000e+00 7.365820e-03 0.000000e+00 0.000000e+00 0.000000e+00 1.082688e-04 0.000000e+00 0.000000e+00 0.000000e+00 2.451902e-03 6.061376e-07 0.000000e+00 0.000000e+00 1.652824e-04 0.000000e+00 0.000000e+00 0.000000e+00 8.875687e-04 0.000000e+00 1.007552e-06 2.024728e-04 1.280963e-03 6.508791e-05 6.530480e-01 -4.555669e-01
6.530480e-01 3.655925e-04 7.369039e-04 4.338821e-04 0.000000e+00 0.000000e+00 0.000000e+00 0.000000e+00 7.365820e-03 0.000000e+00 0.000000e+00 0.000000e+00 1.082688e-04 0.000000e+00 0.000000e+00 0.000000e+00 2.451902e-03 6.061376e-07 0.000000e+00 0.000000e+00 1.652824e-04 0.000000e+00 0.000000e+00 0.000000e+00 8.875687e-04 0.000000e+00 1.007552e-06 2.024728e-04 1.280963e-03 6.508791e-05 6.530480e-01 -4.555669e-01
6.530480e-01 3.655925e-04 7.369039e-04 4.338821e-04 0.000000e+00 0.000000e+00 0.000000e+00 0.000000e+00 7.365820e-03 0.000000e+00 0.000000e+00 0.000000e+00 1.082688e-04 0.000000e+00 0.000000e+00 0.000000e+00 2.451902e-03 6.061376e-07 0.000000e+00 0.000000e+00 1.652824e-04 0.000000e+00 0.000000e+00 0.000000e+00 8.875687e-04 0.000000e+00 1.007552e-06 2.024728e-04 1.280963e-03 6.508791e-05 6.530480e-01 -4.555669e-01
6.530480e-01 3.655925e-04 7.369039e-04 4.338821e-04 0.000000e+00 0.000000e+00 0.000000e+00 0.000000e+00 7.365820e-03 0.000000e+00 0.000000e+00 0.000000e+00 1.082688e-04 0.000000e+00 0.000000e+00 0.000000e+00 2.451902e-03 6.061376e-07 0.000000e+00 0.000000e+00 1.652824e-04 0.000000e+00 0.000000e+00 0.000000e+00 8.875687e-04 0.000000e+00 1.007552e-06 2.024728e-04 1.280963e-03 6.508791e-05 6.530480e-01 -4.555669e-01
6.530480e-01 3.655925e-04 7.369039e-04 4.338821e-04 0.000000e+00 0.000000e+00 0.000000e+00 0.000000e+00 7.365820e-03 0.000000e+00 0.000000e+00 0.000000e+00 1.082688e-04 0.000000e+00 0.000000e+00 0.000000e+00 2.451902e-03 6.061376e-07 0.000000e+00 0.000000e+00 1.652824e-04 0.000000e+00 0.000000e+00 0.000000e+00 8.875687e-04 0.000000e+00 1.007552e-06 2.024728e-04 1.280963e-03 6.508791e-05 6.530480e-01 -4.555669e-01
6.469283e-01 3.263878e-03 7.178117e-04 0.000000e+00 0.000000e+00 0.000000e+00 4.629666e-03 0.000000e+00 0.000000e+00 0.000000e+00 8.707624e-04 0.000000e+00 3.572749e-04 0.000000e+00 0.000000e+00 0.000000e+00 2.451902e-03 6.061376e-07 0.000000e+00 0.000000e+00 7.627381e-03 0.000000e+00 0.000000e+00 3.159070e-05 0.000000e+00 0.000000e+00 1.281438e-06 0.000000e+00 1.280963e-03 2.603516e-04 6.469283e-01 -4.442448e-01
6.447621e-01 3.655925e-04 9.535439e-04 0.000000e+00 0.000000e+00 0.000000e+00 0.000000e+00 2.720148e-03 6.971313e-03 9.748725e-08 8.835991e-04 0.000000e+00 1.814105e-03 0.000000e+00 1.060994e-02 0.000000e+00 2.451902e-03 2.273016e-07 0.000000e+00 4.366075e-03 3.340583e-04 3.367707e-03 0.000000e+00 0.000000e+00 4.467657e-04 0.000000e+00 2.256122e-06 2.024728e-04 1.317097e-03 0.000000e+00 6.447621e-01 -4.321737e-01
6.417326e-01 1.579718e-03 0.000000e+00 9.822237e-03 0.000000e+00 0.000000e+00 5.039320e-03 0.000000e+00 6.429502e-03 0.000000e+00 0.000000e+00 0.000000e+00 6.360944e-05 0.000000e+00 0.000000e+00 0.000000e+00 3.677853e-03 1.212275e-06 0.000000e+00 0.000000e+00 1.610614e-03 0.000000e+00 0.000000e+00 1.579535e-05 5.962670e-06 0.000000e+00 0.000000e+00 0.000000e+00 1.921445e-03 6.508791e-05 6.417326e-01 -4.156576e-01
6.417326e-01 1.579718e-03 1.574362e-02 9.822237e-03 4.588424e-03 0.000000e+00 0.000000e+00 0.000000e+00 1.637630e-03 2.041116e-05 6.270596e-04 0.000000e+00 1.434531e-04 8.054601e-03 0.000000e+00 0.000000e+00 3.677853e-03 1.212275e-06 0.000000e+00 2.137015e-03 7.140043e-03 0.000000e+00 0.000000e+00 5.832129e-05 5.962670e-06 0.000000e+00 0.000000e+00 1.920242e-04 1.921445e-03 2.191633e-03 6.417326e-01 -4.101797e-01
6.390104e-01 3.655925e-04 0.000000e+00 4.338821e-04 0.000000e+00 0.000000e+00 5.914803e-03 0.000000e+00 4.098652e-03 0.000000e+00 0.000000e+00 0.000000e+00 1.909519e-03 4.131835e-03 1.060994e-02 1.145384e-06 3.729509e-03 1.818413e-06 0.000000e+00 4.366075e-03 1.652824e-04 0.000000e+00 2.607797e-04 0.000000e+00 4.467657e-04 0.000000e+00 2.256122e-06 0.000000e+00 1.280963e-03 0.000000e+00 6.390104e-01 -3.936441e-01
6.368222e-01 3.655925e-04 7.369039e-04 0.000000e+00 0.000000e+00 0.000000e+00 1.750967e-03 0.000000e+00 3.682910e-03 1.949745e-07 1.767198e-03 0.000000e+00 3.691820e-03 8.263670e-03 0.000000e+00 2.290768e-06 2.451902e-03 3.030688e-07 0.000000e+00 8.732150e-03 1.948166e-03 0.000000e+00 5.215595e-04 0.000000e+00 8.875687e-04 0.000000e+00 4.512244e-06 0.000000e+00 1.993712e-03 0.000000e+00 6.368222e-01 -3.741594e-01
6.348599e-01 3.263878e-03 9.555766e-04 5.640468e-04 0.000000e+00 0.000000e+00 0.000000e+00 0.000000e+00 4.138528e-03 0.000000e+00 1.769429e-03 0.000000e+00 5.413440e-05 0.000000e+00 0.000000e+00 0.000000e+00 9.103882e-04 5.303704e-07 0.000000e+00 4.411992e-03 7.627381e-03 0.000000e+00 0.000000e+00 0.000000e+00 0.000000e+00 0.000000e+00 6.214185e-07 3.037092e-04 0.000000e+00 9.763187e-05 6.348599e-01 -3.566667e-01
6.338465e-01 3.101494e-03 4.651097e-04 0.000000e+00 0.000000e+00 0.000000e+00 2.957402e-03 5.440295e-03 8.083476e-03 3.802580e-07 0.000000e+00 0.000000e+00 4.347498e-04 0.000000e+00 0.000000e+00 0.000000e+00 1.813098e-03 3.030688e-07 6.143685e-03 0.000000e+00 0.000000e+00 3.367707e-03 0.000000e+00 3.888086e-05 4.273989e-04 0.000000e+00 1.839988e-06 0.000000e+00 1.267263e-03 0.000000e+00 6.338465e-01 -3.438327e-01
6.321799e-01 1.631939e-03 1.104714e-03 1.735529e-04 0.000000e+00 0.000000e+00 1.687423e-03 0.000000e+00 5.284015e-03 0.000000e+00 0.000000e+00 0.000000e+00 0.000000e+00 2.173576e-03 0.000000e+00 2.425417e-04 0.000000e+00 2.651852e-07 0.000000e+00 8.666942e-03 4.061614e-03 0.000000e+00 2.152722e-04 1.166426e-04 0.000000e+00 6.882348e-04 0.000000e+00 1.518546e-04 2.248797e-04 4.881593e-05 6.321799e-01 -3.258147e-01
6.312167e-01 1.631939e-03 7.253251e-04 0.000000e+00 0.000000e+00 0.000000e+00 2.246934e-03 0.000000e+00 0.000000e+00 3.485698e-07 0.000000e+00 0.000000e+00 1.786374e-04 0.000000e+00 0.000000e+00 4.581535e-06 0.000000e+00 1.515344e-07 0.000000e+00 0.000000e+00 3.762040e-03 0.000000e+00 6.125745e-04 0.000000e+00 2.040160e-04 0.000000e+00 1.352646e-06 0.000000e+00 1.497766e-03 4.188003e-03 6.312167e-01 -3.161438e-01
6.291349e-01 3.467191e-03 8.244433e-04 2.115175e-04 0.000000e+00 0.000000e+00 9.659473e-04 0.000000e+00 0.000000e+00 6.337633e-08 2.445023e-03 0.000000e+00 0.000000e+00 4.347152e-03 0.000000e+00 3.613215e-03 9.721581e-04 2.273016e-07 0.000000e+00 1.036613e-02 0.000000e+00 0.000000e+00 0.000000e+00 6.804151e-05 2.040160e-04 0.000000e+00 7.119271e-07 0.000000e+00 7.709883e-04 6.508791e-05 6.291349e-01 -2.866130e-01
6.288912e-01 0.000000e+00 5.041860e-04 0.000000e+00 8.973494e-02 0.000000e+00 4.340794e-03 0.000000e+00 2.395050e-03 0.000000e+00 3.219919e-03 0.000000e+00 0.000000e+00 4.090706e-03 0.000000e+00 4.089135e-03 0.000000e+00 3.030688e-07 0.000000e+00 0.000000e+00 0.000000e+00 0.000000e+00 1.076361e-04 1.335665e-02 5.100400e-05 1.463189e-03 7.119271e-07 0.000000e+00 9.935396e-04 0.000000e+00 6.288912e-01 -2.651937e-01
6.271080e-01 1.715438e-02 4.839939e-04 4.911119e-03 0.000000e+00 0.000000e+00 3.801113e-03 5.440295e-03 3.214751e-03 1.901290e-07 8.209266e-03 0.000000e+00 4.076826e-04 2.215633e-04 0.000000e+00 1.761699e-02 1.357904e-03 0.000000e+00 0.000000e+00 0.000000e+00 2.479235e-04 3.367707e-03 2.152722e-04 1.166426e-04 1.020080e-04 6.882348e-04 3.681325e-06 0.000000e+00 1.195688e-02 0.000000e+00 6.271080e-01 -2.487409e-01
6.250575e-01 0.000000e+00 5.496289e-04 1.410117e-04 0.000000e+00 0.000000e+00 4.829737e-04 1.650626e-03 0.000000e+00 1.267527e-07 4.090681e-03 0.000000e+00 0.000000e+00 4.674087e-03 1.243198e-02 1.806607e-03 9.362163e-04 1.515344e-07 0.000000e+00 3.818702e-03 2.582537e-05 0.000000e+00 0.000000e+00 6.804151e-05 3.647708e-04 0.000000e+00 0.000000e+00 0.000000e+00 9.650691e-04 1.301758e-04 6.250575e-01 -2.273454e-01
6.236523e-01 1.072316e-03 0.000000e+00 0.000000e+00 0.000000e+00 0.000000e+00 9.659473e-04 0.000000e+00 0.000000e+00 3.660286e-05 1.280722e-05 5.268515e-04 0.000000e+00 1.335617e-03 0.000000e+00 5.726919e-06 7.252314e-05 0.000000e+00 0.000000e+00 1.036613e-02 0.000000e+00 1.492194e-02 3.062873e-04 6.804151e-05 2.040160e-04 0.000000e+00 0.000000e+00 0.000000e+00 1.353231e-03 2.603516e-04 6.236523e-01 -2.057183e-01
6.226898e-01 2.106567e-03 7.328385e-04 4.935409e-04 0.000000e+00 0.000000e+00 0.000000e+00 0.000000e+00 2.069264e-03 2.851935e-07 0.000000e+00 0.000000e+00 0.000000e+00 0.000000e+00 0.000000e+00 0.000000e+00 0.000000e+00 4.924868e-07 0.000000e+00 2.966453e-04 3.852429e-03 0.000000e+00 0.000000e+00 3.402075e-05 1.020080e-04 0.000000e+00 1.779818e-06 1.518546e-04 0.000000e+00 0.000000e+00 6.226898e-01 -1.944770e-01
6.205727e-01 0.000000e+00 7.328385e-04 0.000000e+00 0.000000e+00 0.000000e+00 4.829737e-04 0.000000e+00 0.000000e+00 3.802580e-07 0.000000e+00 0.000000e+00 0.000000e+00 0.000000e+00 0.000000e+00 4.581535e-06 0.000000e+00 0.000000e+00 0.000000e+00 0.000000e+00 0.000000e+00 0.000000e+00 0.000000e+00 6.804151e-05 2.040160e-04 0.000000e+00 7.119271e-07 0.000000e+00 1.887461e-04 0.000000e+00 6.205727e-01 -1.611853e-01
6.200911e-01 0.000000e+00 7.328385e-04 0.000000e+00 0.000000e+00 0.000000e+00 0.000000e+00 3.301252e-03 0.000000e+00 1.463616e-05 2.058148e-03 0.000000e+00 9.834350e-04 1.023443e-02 2.498749e-02 0.000000e+00 5.165614e-05 0.000000e+00 0.000000e+00 1.501079e-03 0.000000e+00 0.000000e+00 0.000000e+00 0.000000e+00 9.335576e-04 0.000000e+00 1.067891e-06 0.000000e+00 5.769076e-04 0.000000e+00 6.200911e-01 -1.448166e-01
4.530891e-01 0.000000e+00 8.830988e-04 7.050585e-05 0.000000e+00 0.000000e+00 0.000000e+00 0.000000e+00 0.000000e+00 2.851935e-07 7.993651e-04 0.000000e+00 1.786374e-04 0.000000e+00 0.000000e+00 0.000000e+00 0.000000e+00 2.273016e-07 0.000000e+00 0.000000e+00 5.165074e-05 0.000000e+00 0.000000e+00 0.000000e+00 1.638273e-04 0.000000e+00 2.064573e-06 0.000000e+00 5.769076e-04 0.000000e+00 4.530891e-01 -1.235147e-01
4.530891e-01 0.000000e+00 8.830988e-04 7.050585e-05 0.000000e+00 0.000000e+00 0.000000e+00 0.000000e+00 0.000000e+00 2.851935e-07 7.993651e-04 0.000000e+00 1.786374e-04 0.000000e+00 0.000000e+00 0.000000e+00 0.000000e+00 2.273016e-07 0.000000e+00 0.000000e+00 5.165074e-05 0.000000e+00 0.000000e+00 0.000000e+00 1.638273e-04 0.000000e+00 2.064573e-06 0.000000e+00 5.769076e-04 0.000000e+00 4.530891e-01 -1.235147e-01
4.530891e-01 0.000000e+00 8.830988e-04 7.050585e-05 0.000000e+00 0.000000e+00 0.000000e+00 0.000000e+00 0.000000e+00 2.851935e-07 7.993651e-04 0.000000e+00 1.786374e-04 0.000000e+00 0.000000e+00 0.000000e+00 0.000000e+00 2.273016e-07 0.000000e+00 0.000000e+00 5.165074e-05 0.000000e+00 0.000000e+00 0.000000e+00 1.638273e-04 0.000000e+00 2.064573e-06 0.000000e+00 5.769076e-04 0.000000e+00 4.530891e-01 -1.235147e-01
4.530891e-01 0.000000e+00 8.830988e-04 7.050585e-05 0.000000e+00 0.000000e+00 0.000000e+00 0.000000e+00 0.000000e+00 2.851935e-07 7.993651e-04 0.000000e+00 1.786374e-04 0.000000e+00 0.000000e+00 0.000000e+00 0.000000e+00 2.273016e-07 0.000000e+00 0.000000e+00 5.165074e-05 0.000000e+00 0.000000e+00 0.000000e+00 1.638273e-04 0.000000e+00 2.064573e-06 0.000000e+00 5.769076e-04 0.000000e+00 4.530891e-01 -1.235147e-01
4.530891e-01 0.000000e+00 8.830988e-04 7.050585e-05 0.000000e+00 0.000000e+00 0.000000e+00 0.000000e+00 0.000000e+00 2.851935e-07 7.993651e-04 0.000000e+00 1.786374e-04 0.000000e+00 0.000000e+00 0.000000e+00 0.000000e+00 2.273016e-07 0.000000e+00 0.000000e+00 5.165074e-05 0.000000e+00 0.000000e+00 0.000000e+00 1.638273e-04 0.000000e+00 2.064573e-06 0.000000e+00 5.769076e-04 0.000000e+00 4.530891e-01 -1.235147e-01
4.530891e-01 0.000000e+00 8.830988e-04 7.050585e-05 0.000000e+00 0.000000e+00 0.000000e+00 0.000000e+00 0.000000e+00 2.851935e-07 7.993651e-04 0.000000e+00 1.786374e-04 0.000000e+00 0.000000e+00 0.000000e+00 0.000000e+00 2.273016e-07 0.000000e+00 0.000000e+00 5.165074e-05 0.000000e+00 0.000000e+00 0.000000e+00 1.638273e-04 0.000000e+00 2.064573e-06 0.000000e+00 5.769076e-04 0.000000e+00 4.530891e-01 -1.235147e-01
4.530891e-01 0.000000e+00 8.830988e-04 7.050585e-05 0.000000e+00 0.000000e+00 0.000000e+00 0.000000e+00 0.000000e+00 2.851935e-07 7.993651e-04 0.000000e+00 1.786374e-04 0.000000e+00 0.000000e+00 0.000000e+00 0.000000e+00 2.273016e-07 0.000000e+00 0.000000e+00 5.165074e-05 0.000000e+00 0.000000e+00 0.000000e+00 1.638273e-04 0.000000e+00 2.064573e-06 0.000000e+00 5.769076e-04 0.000000e+00 4.530891e-01 -1.235147e-01
4.530891e-01 0.000000e+00 8.830988e-04 7.050585e-05 0.000000e+00 0.000000e+00 0.000000e+00 0.000000e+00 0.000000e+00 2.851935e-07 7.993651e-04 0.000000e+00 1.786374e-04 0.000000e+00 0.000000e+00 0.000000e+00 0.000000e+00 2.273016e-07 0.000000e+00 0.000000e+00 5.165074e-05 0.000000e+00 0.000000e+00 0.000000e+00 1.638273e-04 0.000000e+00 2.064573e-06 0.000000e+00 5.769076e-04 0.000000e+00 4.530891e-01 -1.235147e-01
4.468901e-01 0.000000e+00 0.000000e+00 0.000000e+00 0.000000e+00 0.000000e+00 4.829737e-04 0.000000e+00 0.000000e+00 0.000000e+00 7.045252e-04 0.000000e+00 0.000000e+00 6.646899e-04 0.000000e+00 2.290768e-06 0.000000e+00 6.905727e-03 0.000000e+00 0.000000e+00 0.000000e+00 0.000000e+00 0.000000e+00 6.804151e-05 7.102791e-04 0.000000e+00 7.119271e-07 0.000000e+00 1.360898e-03 0.000000e+00 4.468901e-01 -1.110042e-01
4.411797e-01 0.000000e+00 0.000000e+00 0.000000e+00 0.000000e+00 0.000000e+00 0.000000e+00 0.000000e+00 0.000000e+00 1.450941e-05 3.341978e-04 0.000000e+00 0.000000e+00 0.000000e+00 0.000000e+00 4.581535e-06 0.000000e+00 0.000000e+00 0.000000e+00 2.332046e-03 0.000000e+00 1.357849e-04 0.000000e+00 1.409431e-04 1.597287e-03 0.000000e+00 7.119271e-07 0.000000e+00 8.297567e-04 0.000000e+00 4.411797e-01 -8.744621e-02
4.378234e-01 0.000000e+00 2.346219e-04 0.000000e+00 0.000000e+00 0.000000e+00 0.000000e+00 0.000000e+00 2.352012e-04 7.381458e-06 6.130724e-04 0.000000e+00 0.000000e+00 0.000000e+00 0.000000e+00 2.290768e-06 0.000000e+00 1.515344e-07 0.000000e+00 2.687660e-03 0.000000e+00 0.000000e+00 0.000000e+00 9.234204e-05 5.177828e-04 5.813013e-04 7.119271e-07 0.000000e+00 1.358564e-03 0.000000e+00 4.378234e-01 -6.654463e-02
4.345262e-01 0.000000e+00 7.657878e-04 0.000000e+00 0.000000e+00 0.000000e+00 0.000000e+00 0.000000e+00 1.606959e-03 0.000000e+00 7.542032e-04 0.000000e+00 0.000000e+00 0.000000e+00 0.000000e+00 9.163070e-06 0.000000e+00 0.000000e+00 0.000000e+00 0.000000e+00 2.582537e-05 0.000000e+00 0.000000e+00 1.652437e-04 2.600755e-04 0.000000e+00 0.000000e+00 0.000000e+00 2.109464e-03 0.000000e+00 4.345262e-01 -4.218744e-02
4.311721e-01 0.000000e+00 0.000000e+00 0.000000e+00 0.000000e+00 0.000000e+00 0.000000e+00 0.000000e+00 4.704025e-04 1.450941e-05 9.625124e-04 0.000000e+00 0.000000e+00 0.000000e+00 0.000000e+00 6.299611e-06 0.000000e+00 0.000000e+00 0.000000e+00 1.916563e-03 0.000000e+00 0.000000e+00 0.000000e+00 1.093524e-04 3.889090e-04 0.000000e+00 1.423854e-06 0.000000e+00 2.709885e-03 0.000000e+00 4.311721e-01 -1.318381e-02
4.292702e-01 4.475276e-03 0.000000e+00 9.307914e-05 0.000000e+00 0.000000e+00 5.043946e-05 0.000000e+00 0.000000e+00 0.000000e+00 1.436147e-03 0.000000e+00 0.000000e+00 0.000000e+00 0.000000e+00 2.834208e-04 0.000000e+00 0.000000e+00 0.000000e+00 1.422454e-03 0.000000e+00 0.000000e+00 0.000000e+00 4.374097e-05 1.020080e-04 0.000000e+00 0.000000e+00 0.000000e+00 2.592461e-03 0.000000e+00 4.292702e-01 5.593437e-03
4.254253e-01 0.000000e+00 0.000000e+00 0.000000e+00 0.000000e+00 0.000000e+00 0.000000e+00 0.000000e+00 1.606959e-03 0.000000e+00 7.045252e-04 0.000000e+00 0.000000e+00 0.000000e+00 0.000000e+00 9.163070e-06 0.000000e+00 0.000000e+00 0.000000e+00 0.000000e+00 0.000000e+00 0.000000e+00 0.000000e+00 1.944043e-05 7.102791e-04 0.000000e+00 0.000000e+00 0.000000e+00 2.109464e-03 0.000000e+00 4.254253e-01 4.401983e-02
4.235028e-01 2.237638e-03 2.346219e-04 0.000000e+00 0.000000e+00 0.000000e+00 0.000000e+00 0.000000e+00 1.606959e-03 0.000000e+00 1.354856e-05 0.000000e+00 0.000000e+00 0.000000e+00 0.000000e+00 4.581535e-06 0.000000e+00 0.000000e+00 0.000000e+00 8.684761e-04 0.000000e+00 0.000000e+00 0.000000e+00 0.000000e+00 9.227336e-04 0.000000e+00 0.000000e+00 0.000000e+00 1.821010e-03 0.000000e+00 4.235028e-01 6.579342e-02
4.197331e-01 0.000000e+00 0.000000e+00 1.720554e-05 0.000000e+00 0.000000e+00 8.406576e-06 0.000000e+00 0.000000e+00 3.473192e-05 3.612950e-04 0.000000e+00 0.000000e+00 0.000000e+00 0.000000e+00 1.480100e-04 0.000000e+00 0.000000e+00 0.000000e+00 2.766285e-03 0.000000e+00 1.357849e-04 2.103219e-03 1.312229e-04 1.242148e-03 0.000000e+00 2.961086e-03 0.000000e+00 1.768701e-03 0.000000e+00 4.197331e-01 1.107264e-01
4.169085e-01 0.000000e+00 0.000000e+00 0.000000e+00 0.000000e+00 0.000000e+00 0.000000e+00 0.000000e+00 8.034796e-04 0.000000e+00 7.045252e-04 0.000000e+00 0.000000e+00 0.000000e+00 0.000000e+00 1.145384e-05 0.000000e+00 0.000000e+00 0.000000e+00 0.000000e+00 0.000000e+00 0.000000e+00 0.000000e+00 1.166426e-04 7.102791e-04 0.000000e+00 3.559636e-07 0.000000e+00 1.206237e-04 0.000000e+00 4.169085e-01 1.436430e-01
4.142537e-01 5.594095e-04 1.173110e-04 2.463307e-05 0.000000e+00 0.000000e+00 8.406576e-06 0.000000e+00 9.210802e-04 1.842259e-02 9.117053e-04 0.000000e+00 0.000000e+00 0.000000e+00 0.000000e+00 4.581535e-06 0.000000e+00 0.000000e+00 0.000000e+00 0.000000e+00 0.000000e+00 0.000000e+00 0.000000e+00 7.290161e-06 3.551396e-04 0.000000e+00 7.342398e-04 0.000000e+00 4.617827e-04 0.000000e+00 4.142537e-01 1.817574e-01
4.128461e-01 2.237638e-03 0.000000e+00 8.809612e-05 0.000000e+00 0.000000e+00 5.464275e-05 6.557838e-04 3.429395e-04 0.000000e+00 7.587194e-04 0.000000e+00 0.000000e+00 0.000000e+00 0.000000e+00 3.712313e-04 0.000000e+00 0.000000e+00 0.000000e+00 8.684761e-04 0.000000e+00 0.000000e+00 0.000000e+00 0.000000e+00 0.000000e+00 7.604429e-04 8.501603e-04 0.000000e+00 2.361570e-03 0.000000e+00 4.128461e-01 1.973120e-01
2.586112e-01 0.000000e+00 0.000000e+00 0.000000e+00 0.000000e+00 0.000000e+00 1.681315e-05 0.000000e+00 0.000000e+00 0.000000e+00 1.011626e-03 0.000000e+00 0.000000e+00 0.000000e+00 0.000000e+00 1.889472e-04 0.000000e+00 0.000000e+00 0.000000e+00 0.000000e+00 0.000000e+00 0.000000e+00 0.000000e+00 0.000000e+00 7.102791e-04 0.000000e+00 4.450924e-04 0.000000e+00 0.000000e+00 0.000000e+00 2.586112e-01 2.428054e-01
2.586112e-01 0.000000e+00 0.000000e+00 0.000000e+00 0.000000e+00 0.000000e+00 1.681315e-05 0.000000e+00 0.000000e+00 0.000000e+00 1.011626e-03 0.000000e+00 0.000000e+00 0.000000e+00 0.000000e+00 1.889472e-04 0.000000e+00 0.000000e+00 0.000000e+00 0.000000e+00 0.000000e+00 0.000000e+00 0.000000e+00 0.000000e+00 7.102791e-04 0.000000e+00 4.450924e-04 0.000000e+00 0.000000e+00 0.000000e+00 2.586112e-01 2.428054e-01
2.586112e-01 0.000000e+00 0.000000e+00 0.000000e+00 0.000000e+00 0.000000e+00 1.681315e-05 0.000000e+00 0.000000e+00 0.000000e+00 1.011626e-03 0.000000e+00 0.000000e+00 0.000000e+00 0.000000e+00 1.889472e-04 0.000000e+00 0.000000e+00 0.000000e+00 0.000000e+00 0.000000e+00 0.000000e+00 0.000000e+00 0.000000e+00 7.102791e-04 0.000000e+00 4.450924e-04 0.000000e+00 0.000000e+00 0.000000e+00 2.586112e-01 2.428054e-01
2.586112e-01 0.000000e+00 0.000000e+00 0.000000e+00 0.000000e+00 0.000000e+00 1.681315e-05 0.000000e+00 0.000000e+00 0.000000e+00 1.011626e-03 0.000000e+00 0.000000e+00 0.000000e+00 0.000000e+00 1.889472e-04 0.000000e+00 0.000000e+00 0.000000e+00 0.000000e+00 0.000000e+00 0.000000e+00 0.000000e+00 0.000000e+00 7.102791e-04 0.000000e+00 4.450924e-04 0.000000e+00 0.000000e+00 0.000000e+00 2.586112e-01 2.428054e-01
2.586112e-01 0.000000e+00 0.000000e+00 0.000000e+00 0.000000e+00 0.000000e+00 1.681315e-05 0.000000e+00 0.000000e+00 0.000000e+00 1.011626e-03 0.000000e+00 0.000000e+00 0.000000e+00 0.000000e+00 1.889472e-04 0.000000e+00 0.000000e+00 0.000000e+00 0.000000e+00 0.000000e+00 0.000000e+00 0.000000e+00 0.000000e+00 7.102791e-04 0.000000e+00 4.450924e-04 0.000000e+00 0.000000e+00 0.000000e+00 2.586112e-01 2.428054e-01
2.586112e-01 0.000000e+00 0.000000e+00 0.000000e+00 0.000000e+00 0.000000e+00 1.681315e-05 0.000000e+00 0.000000e+00 0.000000e+00 1.011626e-03 0.000000e+00 0.000000e+00 0.000000e+00 0.000000e+00 1.889472e-04 0.000000e+00 0.000000e+00 0.000000e+00 0.000000e+00 0.000000e+00 0.000000e+00 0.000000e+00 0.000000e+00 7.102791e-04 0.000000e+00 4.450924e-04 0.000000e+00 0.000000e+00 0.000000e+00 2.586112e-01 2.428054e-01
2.586112e-01 0.000000e+00 0.000000e+00 0.000000e+00 0.000000e+00 0.000000e+00 1.681315e-05 0.000000e+00 0.000000e+00 0.000000e+00 1.011626e-03 0.000000e+00 0.000000e+00 0.000000e+00 0.000000e+00 1.889472e-04 0.000000e+00 0.000000e+00 0.000000e+00 0.000000e+00 0.000000e+00 0.000000e+00 0.000000e+00 0.000000e+00 7.102791e-04 0.000000e+00 4.450924e-04 0.000000e+00 0.000000e+00 0.000000e+00 2.586112e-01 2.428054e-01
2.586112e-01 0.000000e+00 0.000000e+00 0.000000e+00 0.000000e+00 0.000000e+00 1.681315e-05 0.000000e+00 0.000000e+00 0.000000e+00 1.011626e-03 0.000000e+00 0.000000e+00 0.000000e+00 0.000000e+00 1.889472e-04 0.000000e+00 0.000000e+00 0.000000e+00 0.000000e+00 0.000000e+00 0.000000e+00 0.000000e+00 0.000000e+00 7.102791e-04 0.000000e+00 4.450924e-04 0.000000e+00 0.000000e+00 0.000000e+00 2.586112e-01 2.428054e-01
2.550963e-01 0.000000e+00 0.000000e+00 0.000000e+00 0.000000e+00 0.000000e+00 4.264800e-05 0.000000e+00 6.026097e-04 1.008114e-05 0.000000e+00 0.000000e+00 0.000000e+00 0.000000e+00 0.000000e+00 1.886609e-04 0.000000e+00 0.000000e+00 1.023048e-05 0.000000e+00 0.000000e+00 0.000000e+00 0.000000e+00 5.282474e-05 7.102791e-04 0.000000e+00 6.758845e-04 0.000000e+00 0.000000e+00 0.000000e+00 2.550963e-01 2.436277e-01
2.458827e-01 0.000000e+00 0.000000e+00 0.000000e+00 0.000000e+00 0.000000e+00 8.406576e-06 0.000000e+00 1.606959e-03 0.000000e+00 2.709712e-04 0.000000e+00 0.000000e+00 0.000000e+00 0.000000e+00 2.834208e-04 0.000000e+00 0.000000e+00 0.000000e+00 0.000000e+00 0.000000e+00 0.000000e+00 0.000000e+00 0.000000e+00 9.766338e-04 0.000000e+00 4.450924e-04 0.000000e+00 0.000000e+00 0.000000e+00 2.458827e-01 2.611442e-01
2.366010e-01 0.000000e+00 0.000000e+00 3.535127e-05 0.000000e+00 0.000000e+00 1.681315e-05 0.000000e+00 2.410439e-03 0.000000e+00 5.329101e-04 0.000000e+00 0.000000e+00 3.454714e-05 0.000000e+00 2.834208e-04 0.000000e+00 0.000000e+00 0.000000e+00 1.044885e-03 0.000000e+00 0.000000e+00 0.000000e+00 2.015787e-04 0.000000e+00 3.041772e-03 2.504715e-04 0.000000e+00 0.000000e+00 0.000000e+00 2.366010e-01 2.994815e-01
2.281650e-01 0.000000e+00 0.000000e+00 9.401933e-05 0.000000e+00 0.000000e+00 3.362630e-05 0.000000e+00 0.000000e+00 0.000000e+00 0.000000e+00 0.000000e+00 0.000000e+00 6.909428e-05 0.000000e+00 0.000000e+00 0.000000e+00 0.000000e+00 0.000000e+00 0.000000e+00 0.000000e+00 0.000000e+00 0.000000e+00 0.000000e+00 0.000000e+00 0.000000e+00 2.065364e-03 0.000000e+00 0.000000e+00 0.000000e+00 2.281650e-01 3.463127e-01
2.211350e-01 0.000000e+00 0.000000e+00 0.000000e+00 0.000000e+00 0.000000e+00 4.264800e-05 0.000000e+00 1.205219e-03 2.016229e-05 0.000000e+00 0.000000e+00 0.000000e+00 3.454714e-05 0.000000e+00 1.886609e-04 0.000000e+00 0.000000e+00 2.046096e-05 0.000000e+00 0.000000e+00 0.000000e+00 0.000000e+00 1.056495e-04 7.102791e-04 0.000000e+00 6.758845e-04 0.000000e+00 0.000000e+00 0.000000e+00 2.211350e-01 3.941878e-01
2.153241e-01 0.000000e+00 0.000000e+00 0.000000e+00 0.000000e+00 0.000000e+00 1.681315e-05 0.000000e+00 0.000000e+00 0.000000e+00 4.471025e-04 0.000000e+00 0.000000e+00 0.000000e+00 0.000000e+00 4.737998e-05 0.000000e+00 0.000000e+00 4.185196e-06 1.356994e-05 0.000000e+00 0.000000e+00 0.000000e+00 0.000000e+00 7.102791e-04 0.000000e+00 4.450924e-04 0.000000e+00 7.910178e-04 0.000000e+00 2.153241e-01 4.368564e-01
2.084543e-01 0.000000e+00 0.000000e+00 5.603552e-05 0.000000e+00 0.000000e+00 6.304932e-06 2.623135e-03 1.460902e-02 2.520286e-05 8.490432e-04 0.000000e+00 0.000000e+00 3.454714e-05 0.000000e+00 1.889472e-04 0.000000e+00 0.000000e+00 2.976140e-05 9.227558e-04 9.271932e-03 1.527580e-04 0.000000e+00 5.282474e-05 2.465914e-04 0.000000e+00 2.127065e-04 0.000000e+00 3.557755e-03 0.000000e+00 2.084543e-01 4.965864e-01
2.002076e-01 0.000000e+00 0.000000e+00 1.541917e-05 0.000000e+00 0.000000e+00 8.406576e-06 0.000000e+00 0.000000e+00 0.000000e+00 2.529065e-04 0.000000e+00 3.637565e-04 0.000000e+00 0.000000e+00 2.174274e-04 0.000000e+00 0.000000e+00 4.185196e-06 1.356994e-05 0.000000e+00 0.000000e+00 0.000000e+00 0.000000e+00 3.551396e-04 0.000000e+00 1.031072e-03 0.000000e+00 7.910178e-04 0.000000e+00 2.002076e-01 5.519840e-01
1.914639e-01 0.000000e+00 0.000000e+00 0.000000e+00 0.000000e+00 0.000000e+00 0.000000e+00 0.000000e+00 0.000000e+00 0.000000e+00 1.806475e-04 0.000000e+00 0.000000e+00 0.000000e+00 0.000000e+00 4.709363e-05 0.000000e+00 0.000000e+00 4.185196e-06 0.000000e+00 0.000000e+00 0.000000e+00 0.000000e+00 4.517586e-04 0.000000e+00 1.216709e-02 3.298696e-04 0.000000e+00 3.955089e-04 0.000000e+00 1.914639e-01 6.164579e-01
8.439697e-02 0.000000e+00 0.000000e+00 0.000000e+00 0.000000e+00 0.000000e+00 1.681315e-05 0.000000e+00 0.000000e+00 0.000000e+00 1.761313e-04 0.000000e+00 0.000000e+00 0.000000e+00 0.000000e+00 0.000000e+00 0.000000e+00 0.000000e+00 4.185196e-06 1.356994e-05 0.000000e+00 0.000000e+00 0.000000e+00 0.000000e+00 0.000000e+00 0.000000e+00 8.106854e-04 0.000000e+00 0.000000e+00 0.000000e+00 8.439697e-02 6.700263e-01
8.439697e-02 0.000000e+00 0.000000e+00 0.000000e+00 0.000000e+00 0.000000e+00 1.681315e-05 0.000000e+00 0.000000e+00 0.000000e+00 1.761313e-04 0.000000e+00 0.000000e+00 0.000000e+00 0.000000e+00 0.000000e+00 0.000000e+00 0.000000e+00 4.185196e-06 1.356994e-05 0.000000e+00 0.000000e+00 0.000000e+00 0.000000e+00 0.000000e+00 0.000000e+00 8.106854e-04 0.000000e+00 0.000000e+00 0.000000e+00 8.439697e-02 6.700263e-01
8.439697e-02 0.000000e+00 0.000000e+00 0.000000e+00 0.000000e+00 0.000000e+00 1.681315e-05 0.000000e+00 0.000000e+00 0.000000e+00 1.761313e-04 0.000000e+00 0.000000e+00 0.000000e+00 0.000000e+00 0.000000e+00 0.000000e+00 0.000000e+00 4.185196e-06 1.356994e-05 0.000000e+00 0.000000e+00 0.000000e+00 0.000000e+00 0.000000e+00 0.000000e+00 8.106854e-04 0.000000e+00 0.000000e+00 0.000000e+00 8.439697e-02 6.700263e-01
8.439697e-02 0.000000e+00 0.000000e+00 0.000000e+00 0.000000e+00 0.000000e+00 1.681315e-05 0.000000e+00 0.000000e+00 0.000000e+00 1.761313e-04 0.000000e+00 0.000000e+00 0.000000e+00 0.000000e+00 0.000000e+00 0.000000e+00 0.000000e+00 4.185196e-06 1.356994e-05 0.000000e+00 0.000000e+00 0.000000e+00 0.000000e+00 0.000000e+00 0.000000e+00 8.106854e-04 0.000000e+00 0.000000e+00 0.000000e+00 8.439697e-02 6.700263e-01
8.439697e-02 0.000000e+00 0.000000e+00 0.000000e+00 0.000000e+00 0.000000e+00 1.681315e-05 0.000000e+00 0.000000e+00 0.000000e+00 1.761313e-04 0.000000e+00 0.000000e+00 0.000000e+00 0.000000e+00 0.000000e+00 0.000000e+00 0.000000e+00 4.185196e-06 1.356994e-05 0.000000e+00 0.000000e+00 0.000000e+00 0.000000e+00 0.000000e+00 0.000000e+00 8.106854e-04 0.000000e+00 0.000000e+00 0.000000e+00 8.439697e-02 6.700263e-01
8.439697e-02 0.000000e+00 0.000000e+00 0.000000e+00 0.000000e+00 0.000000e+00 1.681315e-05 0.000000e+00 0.000000e+00 0.000000e+00 1.761313e-04 0.000000e+00 0.000000e+00 0.000000e+00 0.000000e+00 0.000000e+00 0.000000e+00 0.000000e+00 4.185196e-06 1.356994e-05 0.000000e+00 0.000000e+00 0.000000e+00 0.000000e+00 0.000000e+00 0.000000e+00 8.106854e-04 0.000000e+00 0.000000e+00 0.000000e+00 8.439697e-02 6.700263e-01
7.481163e-02 0.000000e+00 0.000000e+00 0.000000e+00 0.000000e+00 0.000000e+00 0.000000e+00 0.000000e+00 0.000000e+00 6.568002e-05 2.709712e-04 0.000000e+00 0.000000e+00 0.000000e+00 0.000000e+00 0.000000e+00 0.000000e+00 0.000000e+00 1.720581e-05 5.427975e-05 0.000000e+00 0.000000e+00 0.000000e+00 0.000000e+00 0.000000e+00 0.000000e+00 1.951240e-03 0.000000e+00 0.000000e+00 0.000000e+00 7.481163e-02 6.739030e-01
6.113223e-02 0.000000e+00 0.000000e+00 6.242884e-05 0.000000e+00 0.000000e+00 1.891480e-05 0.000000e+00 0.000000e+00 0.000000e+00 2.935522e-05 0.000000e+00 3.637565e-04 0.000000e+00 0.000000e+00 1.937374e-04 0.000000e+00 0.000000e+00 5.115240e-05 6.784969e-06 0.000000e+00 0.000000e+00 5.476953e-03 0.000000e+00 0.000000e+00 0.000000e+00 8.162484e-04 0.000000e+00 0.000000e+00 9.071075e-05 6.113223e-02 6.972530e-01
4.254214e-02 0.000000e+00 0.000000e+00 3.083834e-05 0.000000e+00 0.000000e+00 8.406576e-06 0.000000e+00 0.000000e+00 0.000000e+00 2.230897e-04 0.000000e+00 0.000000e+00 6.909428e-05 0.000000e+00 3.874749e-04 0.000000e+00 2.338517e-04 3.162148e-05 0.000000e+00 0.000000e+00 0.000000e+00 0.000000e+00 8.393329e-05 0.000000e+00 0.000000e+00 1.544709e-03 0.000000e+00 3.166667e-04 1.814215e-04 4.254214e-02 7.532287e-01
3.086348e-02 0.000000e+00 0.000000e+00 0.000000e+00 0.000000e+00 0.000000e+00 0.000000e+00 0.000000e+00 0.000000e+00 0.000000e+00 1.693570e-04 0.000000e+00 0.000000e+00 0.000000e+00 0.000000e+00 4.464312e-04 0.000000e+00 0.000000e+00 0.000000e+00 1.356994e-05 0.000000e+00 0.000000e+00 0.000000e+00 0.000000e+00 0.000000e+00 0.000000e+00 9.882791e-04 0.000000e+00 0.000000e+00 0.000000e+00 3.086348e-02 7.993259e-01
1.647132e-02 0.000000e+00 0.000000e+00 0.000000e+00 0.000000e+00 0.000000e+00 0.000000e+00 0.000000e+00 0.000000e+00 0.000000e+00 2.009204e-05 0.000000e+00 0.000000e+00 3.454714e-05 0.000000e+00 2.834208e-04 0.000000e+00 0.000000e+00 0.000000e+00 0.000000e+00 0.000000e+00 0.000000e+00 0.000000e+00 8.393329e-05 0.000000e+00 0.000000e+00 1.119869e-03 0.000000e+00 4.191089e-03 0.000000e+00 1.647132e-02 8.651764e-01
0.000000e+00 0.000000e+00 0.000000e+00 0.000000e+00 0.000000e+00 0.000000e+00 1.681315e-05 0.000000e+00 0.000000e+00 6.568002e-05 2.709712e-04 0.000000e+00 0.000000e+00 0.000000e+00 0.000000e+00 0.000000e+00 0.000000e+00 0.000000e+00 1.720581e-05 0.000000e+00 0.000000e+00 0.000000e+00 0.000000e+00 0.000000e+00 0.000000e+00 0.000000e+00 0.000000e+00 0.000000e+00 0.000000e+00 0.000000e+00 0.000000e+00 1.000115e+00
