8.527123e-01	3.114344e-02	1.974372e-01	6.333407e-02	0.000000e+00	2.533451e-02	0.000000e+00	4.651340e-02	0.000000e+00	0.000000e+00	3.075148e-03	0.000000e+00	0.000000e+00	3.883466e-03	0.000000e+00	2.847102e-02	0.000000e+00	8.735127e-02	8.935428e-02	5.038847e-02	2.598450e-02	3.991500e-03	1.574064e-02	2.163514e-02	9.141363e-02	0.000000e+00	0.000000e+00	5.918677e-02	2.335001e-02	2.618123e-02	8.527123e-01	-6.159059e-01
8.527123e-01	3.114344e-02	1.974372e-01	6.333407e-02	0.000000e+00	2.533451e-02	0.000000e+00	4.651340e-02	0.000000e+00	0.000000e+00	3.075148e-03	0.000000e+00	0.000000e+00	3.883466e-03	0.000000e+00	2.847102e-02	0.000000e+00	8.735127e-02	8.935428e-02	5.038847e-02	2.598450e-02	3.991500e-03	1.574064e-02	2.163514e-02	9.141363e-02	0.000000e+00	0.000000e+00	5.918677e-02	2.335001e-02	2.618123e-02	8.527123e-01	-6.159059e-01
8.527123e-01	3.114344e-02	1.974372e-01	6.333407e-02	0.000000e+00	2.533451e-02	0.000000e+00	4.651340e-02	0.000000e+00	0.000000e+00	3.075148e-03	0.000000e+00	0.000000e+00	3.883466e-03	0.000000e+00	2.847102e-02	0.000000e+00	8.735127e-02	8.935428e-02	5.038847e-02	2.598450e-02	3.991500e-03	1.574064e-02	2.163514e-02	9.141363e-02	0.000000e+00	0.000000e+00	5.918677e-02	2.335001e-02	2.618123e-02	8.527123e-01	-6.159059e-01
8.434366e-01	2.491475e-02	1.665246e-01	3.573272e-02	0.000000e+00	3.816366e-04	1.097909e-02	4.651340e-02	3.314827e-02	0.000000e+00	4.350210e-03	0.000000e+00	0.000000e+00	3.106772e-03	0.000000e+00	1.985642e-02	0.000000e+00	8.735127e-02	1.602722e-01	5.206534e-02	4.793850e-02	3.361264e-03	0.000000e+00	1.510395e-02	1.464224e-03	0.000000e+00	0.000000e+00	5.918677e-02	3.330036e-02	2.618123e-02	8.434366e-01	-5.975666e-01
8.434366e-01	2.491475e-02	1.665246e-01	3.573272e-02	0.000000e+00	3.816366e-04	1.097909e-02	4.651340e-02	3.314827e-02	0.000000e+00	4.350210e-03	0.000000e+00	0.000000e+00	3.106772e-03	0.000000e+00	1.985642e-02	0.000000e+00	8.735127e-02	1.602722e-01	5.206534e-02	4.793850e-02	3.361264e-03	0.000000e+00	1.510395e-02	1.464224e-03	0.000000e+00	0.000000e+00	5.918677e-02	3.330036e-02	2.618123e-02	8.434366e-01	-5.975666e-01
8.434366e-01	2.491475e-02	1.665246e-01	3.573272e-02	0.000000e+00	3.816366e-04	1.097909e-02	4.651340e-02	3.314827e-02	0.000000e+00	4.350210e-03	0.000000e+00	0.000000e+00	3.106772e-03	0.000000e+00	1.985642e-02	0.000000e+00	8.735127e-02	1.602722e-01	5.206534e-02	4.793850e-02	3.361264e-03	0.000000e+00	1.510395e-02	1.464224e-03	0.000000e+00	0.000000e+00	5.918677e-02	3.330036e-02	2.618123e-02	8.434366e-01	-5.975666e-01
8.435241e-01	3.737213e-02	1.665246e-01	0.000000e+00	0.000000e+00	7.249385e-04	2.050756e-03	0.000000e+00	2.638061e-02	0.000000e+00	4.031445e-03	0.000000e+00	0.000000e+00	0.000000e+00	0.000000e+00	1.985642e-02	0.000000e+00	8.735127e-02	4.143906e-02	8.240450e-02	6.664443e-02	3.518823e-03	5.672374e-02	2.313169e-02	0.000000e+00	0.000000e+00	6.607631e-02	0.000000e+00	3.330036e-02	2.618123e-02	8.435241e-01	-6.142487e-01
8.401000e-01	2.958627e-02	8.520059e-02	0.000000e+00	0.000000e+00	1.159902e-02	0.000000e+00	0.000000e+00	2.859005e-02	0.000000e+00	4.350210e-03	2.101872e-02	0.000000e+00	3.883466e-03	0.000000e+00	1.766708e-02	0.000000e+00	4.367563e-02	2.040661e-01	5.206534e-02	5.566744e-02	3.361264e-03	6.348729e-02	3.115944e-02	1.304385e-01	0.000000e+00	1.211935e-02	1.880531e-02	2.335001e-02	2.618123e-02	8.401000e-01	-5.634022e-01
8.396690e-01	3.425778e-02	1.665246e-01	0.000000e+00	0.000000e+00	3.816366e-04	1.372387e-02	0.000000e+00	3.653210e-02	0.000000e+00	4.031445e-03	2.101872e-02	0.000000e+00	0.000000e+00	0.000000e+00	2.138895e-02	0.000000e+00	4.367563e-02	2.758705e-01	5.185573e-02	6.664443e-02	3.361264e-03	0.000000e+00	2.313169e-02	5.619514e-02	0.000000e+00	7.595587e-03	1.869599e-03	3.980677e-02	3.927184e-02	8.396690e-01	-5.516380e-01
8.396690e-01	3.425778e-02	1.665246e-01	0.000000e+00	0.000000e+00	3.816366e-04	1.372387e-02	0.000000e+00	3.653210e-02	0.000000e+00	4.031445e-03	2.101872e-02	0.000000e+00	0.000000e+00	0.000000e+00	2.138895e-02	0.000000e+00	4.367563e-02	2.758705e-01	5.185573e-02	6.664443e-02	3.361264e-03	0.000000e+00	2.313169e-02	5.619514e-02	0.000000e+00	7.595587e-03	1.869599e-03	3.980677e-02	3.927184e-02	8.396690e-01	-5.516380e-01
8.356371e-01	3.425778e-02	1.665246e-01	0.000000e+00	0.000000e+00	3.816366e-04	1.097909e-02	0.000000e+00	3.162886e-02	0.000000e+00	4.350210e-03	0.000000e+00	0.000000e+00	3.106772e-03	0.000000e+00	1.985642e-02	0.000000e+00	8.735127e-02	1.602722e-01	5.206534e-02	4.793850e-02	3.361264e-03	1.205143e-03	2.313169e-02	6.595136e-02	0.000000e+00	0.000000e+00	7.514837e-03	3.330036e-02	2.618123e-02	8.356371e-01	-5.288331e-01
8.356371e-01	3.425778e-02	1.665246e-01	0.000000e+00	0.000000e+00	3.816366e-04	1.097909e-02	0.000000e+00	3.162886e-02	0.000000e+00	4.350210e-03	0.000000e+00	0.000000e+00	3.106772e-03	0.000000e+00	1.985642e-02	0.000000e+00	8.735127e-02	1.602722e-01	5.206534e-02	4.793850e-02	3.361264e-03	1.205143e-03	2.313169e-02	6.595136e-02	0.000000e+00	0.000000e+00	7.514837e-03	3.330036e-02	2.618123e-02	8.356371e-01	-5.288331e-01
8.356371e-01	3.425778e-02	1.665246e-01	0.000000e+00	0.000000e+00	3.816366e-04	1.097909e-02	0.000000e+00	3.162886e-02	0.000000e+00	4.350210e-03	0.000000e+00	0.000000e+00	3.106772e-03	0.000000e+00	1.985642e-02	0.000000e+00	8.735127e-02	1.602722e-01	5.206534e-02	4.793850e-02	3.361264e-03	1.205143e-03	2.313169e-02	6.595136e-02	0.000000e+00	0.000000e+00	7.514837e-03	3.330036e-02	2.618123e-02	8.356371e-01	-5.288331e-01
8.396690e-01	3.425778e-02	1.665246e-01	0.000000e+00	0.000000e+00	3.816366e-04	1.372387e-02	0.000000e+00	3.653210e-02	0.000000e+00	4.031445e-03	2.101872e-02	0.000000e+00	0.000000e+00	0.000000e+00	2.138895e-02	0.000000e+00	4.367563e-02	2.758705e-01	5.185573e-02	6.664443e-02	3.361264e-03	0.000000e+00	2.313169e-02	5.619514e-02	0.000000e+00	7.595587e-03	1.869599e-03	3.980677e-02	3.927184e-02	8.396690e-01	-5.516380e-01
8.354622e-01	3.425778e-02	1.665246e-01	0.000000e+00	0.000000e+00	3.816366e-04	5.489546e-03	0.000000e+00	4.516418e-02	0.000000e+00	4.987741e-03	2.101872e-02	0.000000e+00	3.106772e-03	0.000000e+00	1.985642e-02	0.000000e+00	4.367563e-02	2.395251e-01	5.206534e-02	6.664443e-02	3.046145e-03	5.561697e-02	2.313169e-02	8.546378e-02	0.000000e+00	1.211935e-02	1.880531e-02	3.330036e-02	2.618123e-02	8.354622e-01	-4.931643e-01
8.396690e-01	3.425778e-02	1.665246e-01	0.000000e+00	0.000000e+00	3.816366e-04	1.372387e-02	0.000000e+00	3.653210e-02	0.000000e+00	4.031445e-03	2.101872e-02	0.000000e+00	0.000000e+00	0.000000e+00	2.138895e-02	0.000000e+00	4.367563e-02	2.758705e-01	5.185573e-02	6.664443e-02	3.361264e-03	0.000000e+00	2.313169e-02	5.619514e-02	0.000000e+00	7.595587e-03	1.869599e-03	3.980677e-02	3.927184e-02	8.396690e-01	-5.516380e-01
8.315624e-01	3.114344e-02	1.665246e-01	0.000000e+00	0.000000e+00	0.000000e+00	5.489546e-03	0.000000e+00	3.162886e-02	0.000000e+00	4.350210e-03	2.101872e-02	0.000000e+00	0.000000e+00	0.000000e+00	1.898068e-02	0.000000e+00	4.367563e-02	1.138145e-01	5.290378e-02	6.664443e-02	3.361264e-03	5.621955e-02	3.190772e-02	6.595136e-02	0.000000e+00	7.595587e-03	7.514837e-03	2.832518e-02	2.618123e-02	8.315624e-01	-4.695543e-01
8.315624e-01	3.114344e-02	1.665246e-01	0.000000e+00	0.000000e+00	0.000000e+00	5.489546e-03	0.000000e+00	3.162886e-02	0.000000e+00	4.350210e-03	2.101872e-02	0.000000e+00	0.000000e+00	0.000000e+00	1.898068e-02	0.000000e+00	4.367563e-02	1.138145e-01	5.290378e-02	6.664443e-02	3.361264e-03	5.621955e-02	3.190772e-02	6.595136e-02	0.000000e+00	7.595587e-03	7.514837e-03	2.832518e-02	2.618123e-02	8.315624e-01	-4.695543e-01
8.295231e-01	2.491475e-02	3.876573e-03	0.000000e+00	0.000000e+00	1.159902e-02	1.890707e-02	0.000000e+00	2.859005e-02	0.000000e+00	8.611501e-02	0.000000e+00	0.000000e+00	0.000000e+00	0.000000e+00	1.722921e-02	0.000000e+00	0.000000e+00	1.547077e-01	5.206534e-02	4.738447e-02	8.403159e-04	6.050308e-03	3.918719e-02	1.949256e-01	0.000000e+00	5.258483e-03	3.534909e-02	2.277512e-02	0.000000e+00	8.295231e-01	-4.422388e-01
8.315624e-01	3.114344e-02	1.665246e-01	0.000000e+00	0.000000e+00	0.000000e+00	5.489546e-03	0.000000e+00	3.162886e-02	0.000000e+00	4.350210e-03	2.101872e-02	0.000000e+00	0.000000e+00	0.000000e+00	1.898068e-02	0.000000e+00	4.367563e-02	1.138145e-01	5.290378e-02	6.664443e-02	3.361264e-03	5.621955e-02	3.190772e-02	6.595136e-02	0.000000e+00	7.595587e-03	7.514837e-03	2.832518e-02	2.618123e-02	8.315624e-01	-4.695543e-01
8.265536e-01	3.114344e-02	8.520059e-02	0.000000e+00	2.050703e-02	0.000000e+00	1.219831e-02	0.000000e+00	2.030298e-02	0.000000e+00	4.587014e-02	1.050936e-02	0.000000e+00	2.329637e-02	4.839845e-02	1.591561e-02	0.000000e+00	4.021605e-04	2.502895e-02	5.206534e-02	0.000000e+00	1.785671e-03	0.000000e+00	2.677143e-02	1.499509e-01	0.000000e+00	1.095080e-02	1.563021e-04	2.564954e-02	0.000000e+00	8.265536e-01	-4.151534e-01
8.265536e-01	3.114344e-02	8.520059e-02	0.000000e+00	2.050703e-02	0.000000e+00	1.219831e-02	0.000000e+00	2.030298e-02	0.000000e+00	4.587014e-02	1.050936e-02	0.000000e+00	2.329637e-02	4.839845e-02	1.591561e-02	0.000000e+00	4.021605e-04	2.502895e-02	5.206534e-02	0.000000e+00	1.785671e-03	0.000000e+00	2.677143e-02	1.499509e-01	0.000000e+00	1.095080e-02	1.563021e-04	2.564954e-02	0.000000e+00	8.265536e-01	-4.151534e-01
8.265536e-01	3.114344e-02	8.520059e-02	0.000000e+00	2.050703e-02	0.000000e+00	1.219831e-02	0.000000e+00	2.030298e-02	0.000000e+00	4.587014e-02	1.050936e-02	0.000000e+00	2.329637e-02	4.839845e-02	1.591561e-02	0.000000e+00	4.021605e-04	2.502895e-02	5.206534e-02	0.000000e+00	1.785671e-03	0.000000e+00	2.677143e-02	1.499509e-01	0.000000e+00	1.095080e-02	1.563021e-04	2.564954e-02	0.000000e+00	8.265536e-01	-4.151534e-01
8.265536e-01	3.114344e-02	8.520059e-02	0.000000e+00	2.050703e-02	0.000000e+00	1.219831e-02	0.000000e+00	2.030298e-02	0.000000e+00	4.587014e-02	1.050936e-02	0.000000e+00	2.329637e-02	4.839845e-02	1.591561e-02	0.000000e+00	4.021605e-04	2.502895e-02	5.206534e-02	0.000000e+00	1.785671e-03	0.000000e+00	2.677143e-02	1.499509e-01	0.000000e+00	1.095080e-02	1.563021e-04	2.564954e-02	0.000000e+00	8.265536e-01	-4.151534e-01
6.463376e-01	0.000000e+00	0.000000e+00	0.000000e+00	2.050703e-02	0.000000e+00	6.550603e-02	0.000000e+00	0.000000e+00	1.708770e-01	0.000000e+00	0.000000e+00	0.000000e+00	3.921331e-02	7.287471e-02	0.000000e+00	0.000000e+00	4.201158e-02	0.000000e+00	0.000000e+00	0.000000e+00	0.000000e+00	0.000000e+00	2.211399e-02	0.000000e+00	0.000000e+00	0.000000e+00	1.563021e-04	2.564954e-02	0.000000e+00	6.463376e-01	-3.589398e-01
6.463376e-01	0.000000e+00	0.000000e+00	0.000000e+00	2.050703e-02	0.000000e+00	6.550603e-02	0.000000e+00	0.000000e+00	1.641927e-01	0.000000e+00	0.000000e+00	0.000000e+00	2.329637e-02	4.839845e-02	0.000000e+00	5.707578e-05	4.201158e-02	2.502895e-02	0.000000e+00	0.000000e+00	0.000000e+00	0.000000e+00	2.720568e-02	0.000000e+00	5.220730e-05	0.000000e+00	1.563021e-04	2.564954e-02	0.000000e+00	6.463376e-01	-3.621998e-01
6.463376e-01	0.000000e+00	0.000000e+00	0.000000e+00	2.050703e-02	0.000000e+00	6.550603e-02	0.000000e+00	0.000000e+00	1.641927e-01	0.000000e+00	0.000000e+00	0.000000e+00	2.329637e-02	4.839845e-02	0.000000e+00	5.707578e-05	4.201158e-02	2.502895e-02	0.000000e+00	0.000000e+00	0.000000e+00	0.000000e+00	2.720568e-02	0.000000e+00	5.220730e-05	0.000000e+00	1.563021e-04	2.564954e-02	0.000000e+00	6.463376e-01	-3.621998e-01
6.463376e-01	0.000000e+00	0.000000e+00	0.000000e+00	2.050703e-02	0.000000e+00	6.550603e-02	0.000000e+00	0.000000e+00	1.641927e-01	0.000000e+00	0.000000e+00	0.000000e+00	2.329637e-02	4.839845e-02	0.000000e+00	5.707578e-05	4.201158e-02	2.502895e-02	0.000000e+00	0.000000e+00	0.000000e+00	0.000000e+00	2.720568e-02	0.000000e+00	5.220730e-05	0.000000e+00	1.563021e-04	2.564954e-02	0.000000e+00	6.463376e-01	-3.621998e-01
6.463376e-01	0.000000e+00	0.000000e+00	0.000000e+00	2.050703e-02	0.000000e+00	6.550603e-02	0.000000e+00	0.000000e+00	1.641927e-01	0.000000e+00	0.000000e+00	0.000000e+00	2.329637e-02	4.839845e-02	0.000000e+00	5.707578e-05	4.201158e-02	2.502895e-02	0.000000e+00	0.000000e+00	0.000000e+00	0.000000e+00	2.720568e-02	0.000000e+00	5.220730e-05	0.000000e+00	1.563021e-04	2.564954e-02	0.000000e+00	6.463376e-01	-3.621998e-01
6.463376e-01	0.000000e+00	0.000000e+00	0.000000e+00	2.050703e-02	0.000000e+00	6.550603e-02	0.000000e+00	0.000000e+00	1.641927e-01	0.000000e+00	0.000000e+00	0.000000e+00	2.329637e-02	4.839845e-02	0.000000e+00	5.707578e-05	4.201158e-02	2.502895e-02	0.000000e+00	0.000000e+00	0.000000e+00	0.000000e+00	2.720568e-02	0.000000e+00	5.220730e-05	0.000000e+00	1.563021e-04	2.564954e-02	0.000000e+00	6.463376e-01	-3.621998e-01
6.463376e-01	2.011010e-03	0.000000e+00	0.000000e+00	2.050703e-02	0.000000e+00	6.550603e-02	0.000000e+00	0.000000e+00	1.641927e-01	0.000000e+00	0.000000e+00	0.000000e+00	8.211455e-02	4.839845e-02	0.000000e+00	0.000000e+00	4.201158e-02	2.502895e-02	0.000000e+00	0.000000e+00	0.000000e+00	0.000000e+00	2.720568e-02	0.000000e+00	5.220730e-05	0.000000e+00	1.563021e-04	2.792154e-02	0.000000e+00	6.463376e-01	-3.499781e-01
6.431529e-01	1.005505e-03	0.000000e+00	0.000000e+00	1.025352e-02	0.000000e+00	6.550603e-02	0.000000e+00	0.000000e+00	1.596907e-01	7.699591e-04	0.000000e+00	0.000000e+00	8.211455e-02	6.077510e-02	0.000000e+00	0.000000e+00	5.266682e-02	2.664720e-02	0.000000e+00	0.000000e+00	0.000000e+00	0.000000e+00	1.780931e-02	0.000000e+00	6.525913e-05	0.000000e+00	1.563021e-04	3.836755e-02	0.000000e+00	6.431529e-01	-3.320234e-01
6.431529e-01	0.000000e+00	8.262083e-03	0.000000e+00	2.050703e-02	0.000000e+00	1.027620e-02	0.000000e+00	0.000000e+00	1.641927e-01	8.619557e-04	0.000000e+00	0.000000e+00	8.211455e-02	4.895254e-02	0.000000e+00	0.000000e+00	1.302200e-01	1.993146e-02	0.000000e+00	0.000000e+00	0.000000e+00	0.000000e+00	3.367115e-02	6.904248e-03	1.305183e-04	0.000000e+00	3.078004e-04	2.792154e-02	0.000000e+00	6.431529e-01	-3.245264e-01
6.399681e-01	0.000000e+00	0.000000e+00	0.000000e+00	0.000000e+00	0.000000e+00	0.000000e+00	0.000000e+00	1.665758e-02	1.641927e-01	1.723911e-03	0.000000e+00	0.000000e+00	2.546710e-02	5.527939e-02	0.000000e+00	0.000000e+00	1.689967e-01	1.321572e-02	3.452888e-02	0.000000e+00	0.000000e+00	0.000000e+00	2.986687e-02	1.583919e-02	5.220730e-05	0.000000e+00	2.131140e-04	1.923715e-02	0.000000e+00	6.399681e-01	-3.042486e-01
6.399681e-01	0.000000e+00	0.000000e+00	0.000000e+00	0.000000e+00	0.000000e+00	0.000000e+00	0.000000e+00	1.665758e-02	1.641927e-01	1.723911e-03	0.000000e+00	0.000000e+00	2.546710e-02	5.527939e-02	0.000000e+00	0.000000e+00	1.689967e-01	1.321572e-02	3.452888e-02	0.000000e+00	0.000000e+00	0.000000e+00	2.986687e-02	1.583919e-02	5.220730e-05	0.000000e+00	2.131140e-04	1.923715e-02	0.000000e+00	6.399681e-01	-3.042486e-01
6.399681e-01	0.000000e+00	0.000000e+00	0.000000e+00	0.000000e+00	0.000000e+00	0.000000e+00	0.000000e+00	1.665758e-02	1.641927e-01	1.723911e-03	0.000000e+00	0.000000e+00	2.546710e-02	5.527939e-02	0.000000e+00	0.000000e+00	1.689967e-01	1.321572e-02	3.452888e-02	0.000000e+00	0.000000e+00	0.000000e+00	2.986687e-02	1.583919e-02	5.220730e-05	0.000000e+00	2.131140e-04	1.923715e-02	0.000000e+00	6.399681e-01	-3.042486e-01
6.335986e-01	0.000000e+00	8.262083e-03	0.000000e+00	0.000000e+00	0.000000e+00	1.027620e-02	0.000000e+00	0.000000e+00	1.731968e-01	3.447823e-03	0.000000e+00	3.677530e-04	2.546710e-02	4.895254e-02	0.000000e+00	0.000000e+00	1.302200e-01	3.020735e-03	0.000000e+00	0.000000e+00	0.000000e+00	0.000000e+00	3.229737e-02	2.964769e-02	1.305183e-04	0.000000e+00	3.078004e-04	0.000000e+00	0.000000e+00	6.335986e-01	-2.583962e-01
6.335986e-01	0.000000e+00	8.262083e-03	0.000000e+00	0.000000e+00	0.000000e+00	1.027620e-02	0.000000e+00	0.000000e+00	1.731968e-01	3.447823e-03	0.000000e+00	3.677530e-04	2.546710e-02	4.895254e-02	0.000000e+00	0.000000e+00	1.302200e-01	3.020735e-03	0.000000e+00	0.000000e+00	0.000000e+00	0.000000e+00	3.229737e-02	2.964769e-02	1.305183e-04	0.000000e+00	3.078004e-04	0.000000e+00	0.000000e+00	6.335986e-01	-2.583962e-01
6.335986e-01	1.243584e-02	8.262083e-03	0.000000e+00	0.000000e+00	0.000000e+00	1.027620e-02	0.000000e+00	0.000000e+00	1.641927e-01	3.447823e-03	0.000000e+00	0.000000e+00	2.546710e-02	4.895254e-02	4.654281e-03	0.000000e+00	1.689967e-01	3.020735e-03	3.452888e-02	0.000000e+00	0.000000e+00	0.000000e+00	2.986687e-02	2.964769e-02	1.305183e-04	0.000000e+00	3.078004e-04	1.923715e-02	0.000000e+00	6.335986e-01	-2.392562e-01
6.335986e-01	0.000000e+00	0.000000e+00	0.000000e+00	0.000000e+00	0.000000e+00	1.027620e-02	0.000000e+00	0.000000e+00	1.641927e-01	3.447823e-03	0.000000e+00	4.731792e-02	2.546710e-02	4.895254e-02	9.429753e-02	0.000000e+00	1.689967e-01	3.020735e-03	0.000000e+00	0.000000e+00	0.000000e+00	0.000000e+00	3.891563e-02	2.964769e-02	1.305183e-04	0.000000e+00	4.380289e-04	0.000000e+00	0.000000e+00	6.335986e-01	-2.251413e-01
6.335986e-01	0.000000e+00	0.000000e+00	0.000000e+00	0.000000e+00	0.000000e+00	1.027620e-02	0.000000e+00	0.000000e+00	1.641927e-01	3.447823e-03	0.000000e+00	4.731792e-02	2.546710e-02	4.895254e-02	9.429753e-02	0.000000e+00	1.689967e-01	3.020735e-03	0.000000e+00	0.000000e+00	0.000000e+00	0.000000e+00	3.891563e-02	2.964769e-02	1.305183e-04	0.000000e+00	4.380289e-04	0.000000e+00	0.000000e+00	6.335986e-01	-2.251413e-01
6.266040e-01	1.072539e-02	0.000000e+00	0.000000e+00	0.000000e+00	0.000000e+00	1.517730e-02	0.000000e+00	8.328790e-03	1.658756e-01	3.447823e-03	0.000000e+00	0.000000e+00	6.366776e-03	1.223813e-02	5.788363e-02	0.000000e+00	0.000000e+00	8.118225e-03	1.726444e-02	0.000000e+00	0.000000e+00	0.000000e+00	3.229737e-02	6.904248e-03	9.136278e-05	0.000000e+00	3.078004e-04	0.000000e+00	0.000000e+00	6.266040e-01	-1.906393e-01
6.266040e-01	1.072539e-02	0.000000e+00	0.000000e+00	0.000000e+00	0.000000e+00	0.000000e+00	0.000000e+00	0.000000e+00	1.658756e-01	3.447823e-03	0.000000e+00	3.677530e-04	6.366776e-03	1.223813e-02	5.788363e-02	0.000000e+00	0.000000e+00	8.118225e-03	1.726444e-02	0.000000e+00	0.000000e+00	0.000000e+00	3.229737e-02	6.904248e-03	9.136278e-05	0.000000e+00	3.078004e-04	0.000000e+00	0.000000e+00	6.266040e-01	-1.951146e-01
6.266040e-01	1.072539e-02	0.000000e+00	0.000000e+00	0.000000e+00	0.000000e+00	0.000000e+00	0.000000e+00	0.000000e+00	1.658756e-01	3.447823e-03	0.000000e+00	3.677530e-04	6.366776e-03	1.223813e-02	5.788363e-02	0.000000e+00	0.000000e+00	8.118225e-03	1.726444e-02	0.000000e+00	0.000000e+00	0.000000e+00	3.229737e-02	6.904248e-03	9.136278e-05	0.000000e+00	3.078004e-04	0.000000e+00	0.000000e+00	6.266040e-01	-1.951146e-01
6.266040e-01	1.072539e-02	0.000000e+00	0.000000e+00	0.000000e+00	0.000000e+00	0.000000e+00	0.000000e+00	0.000000e+00	1.658756e-01	3.447823e-03	0.000000e+00	3.677530e-04	6.366776e-03	1.223813e-02	5.788363e-02	0.000000e+00	0.000000e+00	8.118225e-03	1.726444e-02	0.000000e+00	0.000000e+00	0.000000e+00	3.229737e-02	6.904248e-03	9.136278e-05	0.000000e+00	3.078004e-04	0.000000e+00	0.000000e+00	6.266040e-01	-1.951146e-01
6.266040e-01	1.072539e-02	0.000000e+00	0.000000e+00	0.000000e+00	0.000000e+00	0.000000e+00	0.000000e+00	0.000000e+00	1.658756e-01	3.447823e-03	0.000000e+00	3.677530e-04	6.366776e-03	1.223813e-02	5.788363e-02	0.000000e+00	0.000000e+00	8.118225e-03	1.726444e-02	0.000000e+00	0.000000e+00	0.000000e+00	3.229737e-02	6.904248e-03	9.136278e-05	0.000000e+00	3.078004e-04	0.000000e+00	0.000000e+00	6.266040e-01	-1.951146e-01
6.266040e-01	1.072539e-02	0.000000e+00	0.000000e+00	0.000000e+00	0.000000e+00	0.000000e+00	0.000000e+00	0.000000e+00	1.658756e-01	3.447823e-03	0.000000e+00	3.677530e-04	6.366776e-03	1.223813e-02	5.788363e-02	0.000000e+00	0.000000e+00	8.118225e-03	1.726444e-02	0.000000e+00	0.000000e+00	0.000000e+00	3.229737e-02	6.904248e-03	9.136278e-05	0.000000e+00	3.078004e-04	0.000000e+00	0.000000e+00	6.266040e-01	-1.951146e-01
4.542871e-01	1.072539e-02	0.000000e+00	0.000000e+00	0.000000e+00	0.000000e+00	0.000000e+00	0.000000e+00	0.000000e+00	1.658756e-01	3.447823e-03	0.000000e+00	3.677530e-04	6.366776e-03	1.223813e-02	0.000000e+00	0.000000e+00	0.000000e+00	0.000000e+00	0.000000e+00	0.000000e+00	0.000000e+00	0.000000e+00	3.229737e-02	2.964769e-02	0.000000e+00	0.000000e+00	3.078004e-04	0.000000e+00	0.000000e+00	4.542871e-01	-6.988961e-02
4.542871e-01	1.072539e-02	0.000000e+00	0.000000e+00	0.000000e+00	0.000000e+00	0.000000e+00	0.000000e+00	0.000000e+00	1.658756e-01	3.447823e-03	0.000000e+00	3.677530e-04	6.366776e-03	1.223813e-02	0.000000e+00	0.000000e+00	0.000000e+00	0.000000e+00	0.000000e+00	0.000000e+00	0.000000e+00	0.000000e+00	3.229737e-02	2.964769e-02	0.000000e+00	0.000000e+00	3.078004e-04	0.000000e+00	0.000000e+00	4.542871e-01	-6.988961e-02
4.542871e-01	1.072539e-02	0.000000e+00	0.000000e+00	0.000000e+00	0.000000e+00	0.000000e+00	0.000000e+00	0.000000e+00	1.658756e-01	3.447823e-03	0.000000e+00	3.677530e-04	6.366776e-03	1.223813e-02	0.000000e+00	0.000000e+00	0.000000e+00	0.000000e+00	0.000000e+00	0.000000e+00	0.000000e+00	0.000000e+00	3.229737e-02	2.964769e-02	0.000000e+00	0.000000e+00	3.078004e-04	0.000000e+00	0.000000e+00	4.542871e-01	-6.988961e-02
4.542871e-01	1.072539e-02	0.000000e+00	0.000000e+00	0.000000e+00	0.000000e+00	0.000000e+00	0.000000e+00	0.000000e+00	1.658756e-01	3.447823e-03	0.000000e+00	3.677530e-04	6.366776e-03	1.223813e-02	0.000000e+00	0.000000e+00	0.000000e+00	0.000000e+00	0.000000e+00	0.000000e+00	0.000000e+00	0.000000e+00	3.229737e-02	2.964769e-02	0.000000e+00	0.000000e+00	3.078004e-04	0.000000e+00	0.000000e+00	4.542871e-01	-6.988961e-02
4.542871e-01	1.072539e-02	0.000000e+00	0.000000e+00	0.000000e+00	0.000000e+00	0.000000e+00	0.000000e+00	0.000000e+00	1.658756e-01	3.447823e-03	0.000000e+00	3.677530e-04	6.366776e-03	1.223813e-02	0.000000e+00	0.000000e+00	0.000000e+00	0.000000e+00	0.000000e+00	0.000000e+00	0.000000e+00	0.000000e+00	3.229737e-02	2.964769e-02	0.000000e+00	0.000000e+00	3.078004e-04	0.000000e+00	0.000000e+00	4.542871e-01	-6.988961e-02
4.542871e-01	1.072539e-02	0.000000e+00	0.000000e+00	0.000000e+00	0.000000e+00	0.000000e+00	0.000000e+00	0.000000e+00	1.658756e-01	3.447823e-03	0.000000e+00	3.677530e-04	6.366776e-03	1.223813e-02	0.000000e+00	0.000000e+00	0.000000e+00	0.000000e+00	0.000000e+00	0.000000e+00	0.000000e+00	0.000000e+00	3.229737e-02	2.964769e-02	0.000000e+00	0.000000e+00	3.078004e-04	0.000000e+00	0.000000e+00	4.542871e-01	-6.988961e-02
4.542871e-01	1.072539e-02	0.000000e+00	0.000000e+00	0.000000e+00	0.000000e+00	0.000000e+00	0.000000e+00	0.000000e+00	1.658756e-01	3.447823e-03	0.000000e+00	3.677530e-04	6.366776e-03	1.223813e-02	0.000000e+00	0.000000e+00	0.000000e+00	0.000000e+00	0.000000e+00	0.000000e+00	0.000000e+00	0.000000e+00	3.229737e-02	2.964769e-02	0.000000e+00	0.000000e+00	3.078004e-04	0.000000e+00	0.000000e+00	4.542871e-01	-6.988961e-02
4.542871e-01	1.072539e-02	0.000000e+00	0.000000e+00	0.000000e+00	0.000000e+00	0.000000e+00	0.000000e+00	0.000000e+00	1.658756e-01	3.447823e-03	0.000000e+00	3.677530e-04	6.366776e-03	1.223813e-02	0.000000e+00	0.000000e+00	0.000000e+00	0.000000e+00	0.000000e+00	0.000000e+00	0.000000e+00	0.000000e+00	3.229737e-02	2.964769e-02	0.000000e+00	0.000000e+00	3.078004e-04	0.000000e+00	0.000000e+00	4.542871e-01	-6.988961e-02
4.542871e-01	1.072539e-02	0.000000e+00	0.000000e+00	0.000000e+00	0.000000e+00	0.000000e+00	0.000000e+00	0.000000e+00	1.658756e-01	3.447823e-03	0.000000e+00	3.677530e-04	6.366776e-03	1.223813e-02	0.000000e+00	0.000000e+00	0.000000e+00	0.000000e+00	0.000000e+00	0.000000e+00	0.000000e+00	0.000000e+00	3.229737e-02	2.964769e-02	0.000000e+00	0.000000e+00	3.078004e-04	0.000000e+00	0.000000e+00	4.542871e-01	-6.988961e-02
4.448021e-01	6.649418e-03	0.000000e+00	0.000000e+00	0.000000e+00	0.000000e+00	1.692950e-02	0.000000e+00	0.000000e+00	1.786810e-01	3.725571e-03	0.000000e+00	5.516295e-04	9.550164e-03	1.223813e-02	0.000000e+00	0.000000e+00	6.709047e-02	0.000000e+00	0.000000e+00	0.000000e+00	0.000000e+00	0.000000e+00	1.799858e-02	1.482384e-02	1.044146e-04	0.000000e+00	0.000000e+00	0.000000e+00	0.000000e+00	4.448021e-01	-3.707607e-02
4.448021e-01	2.560070e-02	8.262083e-03	1.179598e-02	0.000000e+00	0.000000e+00	2.130369e-02	0.000000e+00	4.173179e-03	1.732369e-01	3.475408e-03	0.000000e+00	5.516295e-04	6.654977e-03	9.178601e-03	0.000000e+00	2.259250e-05	6.709047e-02	0.000000e+00	0.000000e+00	0.000000e+00	0.000000e+00	5.287205e-03	2.747579e-02	1.482384e-02	0.000000e+00	0.000000e+00	1.539002e-04	2.192791e-02	4.568825e-04	4.448021e-01	-2.155379e-02
4.393367e-01	4.583870e-02	0.000000e+00	0.000000e+00	0.000000e+00	0.000000e+00	2.465681e-02	0.000000e+00	0.000000e+00	1.741956e-01	3.447823e-03	0.000000e+00	1.272820e-02	6.366776e-03	0.000000e+00	0.000000e+00	0.000000e+00	0.000000e+00	0.000000e+00	0.000000e+00	0.000000e+00	0.000000e+00	1.057441e-02	2.169712e-02	0.000000e+00	0.000000e+00	0.000000e+00	0.000000e+00	3.813891e-02	2.284412e-04	4.393367e-01	-6.767085e-03
4.393367e-01	4.583870e-02	1.652417e-02	2.359197e-02	0.000000e+00	0.000000e+00	2.465681e-02	0.000000e+00	0.000000e+00	1.805983e-01	3.447823e-03	0.000000e+00	1.259030e-02	6.366776e-03	6.119067e-03	0.000000e+00	4.518499e-05	0.000000e+00	0.000000e+00	0.000000e+00	0.000000e+00	0.000000e+00	1.057441e-02	2.169712e-02	0.000000e+00	0.000000e+00	0.000000e+00	0.000000e+00	3.813891e-02	4.568825e-04	4.393367e-01	4.466039e-03
4.357870e-01	6.607671e-02	0.000000e+00	2.948996e-02	0.000000e+00	0.000000e+00	5.093660e-02	0.000000e+00	6.419804e-03	1.820363e-01	4.140434e-03	0.000000e+00	1.259030e-02	1.067057e-02	6.119067e-03	0.000000e+00	0.000000e+00	2.855443e-04	0.000000e+00	0.000000e+00	0.000000e+00	0.000000e+00	1.057441e-02	1.760240e-02	0.000000e+00	0.000000e+00	0.000000e+00	0.000000e+00	5.434992e-02	6.853237e-04	4.357870e-01	4.228559e-02
4.314856e-01	6.575458e-03	8.262083e-03	1.179598e-02	0.000000e+00	0.000000e+00	1.654187e-02	8.407661e-03	6.099733e-03	1.741956e-01	4.833046e-03	0.000000e+00	1.467336e-02	9.187936e-03	9.178601e-03	0.000000e+00	0.000000e+00	3.354523e-02	0.000000e+00	3.012186e-04	0.000000e+00	0.000000e+00	0.000000e+00	5.329389e-03	0.000000e+00	4.176584e-04	0.000000e+00	4.496907e-04	4.925949e-02	4.568825e-04	4.314856e-01	5.848889e-02
4.314856e-01	6.575458e-03	8.262083e-03	1.179598e-02	0.000000e+00	0.000000e+00	1.654187e-02	8.407661e-03	6.099733e-03	1.741956e-01	4.833046e-03	0.000000e+00	1.467336e-02	9.187936e-03	9.178601e-03	0.000000e+00	0.000000e+00	3.354523e-02	0.000000e+00	3.012186e-04	0.000000e+00	0.000000e+00	0.000000e+00	5.329389e-03	0.000000e+00	4.176584e-04	0.000000e+00	4.496907e-04	4.925949e-02	4.568825e-04	4.314856e-01	5.848889e-02
4.314856e-01	6.575458e-03	8.262083e-03	1.179598e-02	0.000000e+00	0.000000e+00	1.654187e-02	8.407661e-03	6.099733e-03	1.741956e-01	4.833046e-03	0.000000e+00	1.467336e-02	9.187936e-03	9.178601e-03	0.000000e+00	0.000000e+00	3.354523e-02	0.000000e+00	3.012186e-04	0.000000e+00	0.000000e+00	0.000000e+00	5.329389e-03	0.000000e+00	4.176584e-04	0.000000e+00	4.496907e-04	4.925949e-02	4.568825e-04	4.314856e-01	5.848889e-02
4.314856e-01	6.575458e-03	8.262083e-03	1.179598e-02	0.000000e+00	0.000000e+00	1.654187e-02	8.407661e-03	6.099733e-03	1.741956e-01	4.833046e-03	0.000000e+00	1.467336e-02	9.187936e-03	9.178601e-03	0.000000e+00	0.000000e+00	3.354523e-02	0.000000e+00	3.012186e-04	0.000000e+00	0.000000e+00	0.000000e+00	5.329389e-03	0.000000e+00	4.176584e-04	0.000000e+00	4.496907e-04	4.925949e-02	4.568825e-04	4.314856e-01	5.848889e-02
4.314856e-01	6.575458e-03	8.262083e-03	1.179598e-02	0.000000e+00	0.000000e+00	1.654187e-02	8.407661e-03	6.099733e-03	1.741956e-01	4.833046e-03	0.000000e+00	1.467336e-02	9.187936e-03	9.178601e-03	0.000000e+00	0.000000e+00	3.354523e-02	0.000000e+00	3.012186e-04	0.000000e+00	0.000000e+00	0.000000e+00	5.329389e-03	0.000000e+00	4.176584e-04	0.000000e+00	4.496907e-04	4.925949e-02	4.568825e-04	4.314856e-01	5.848889e-02
4.314856e-01	6.575458e-03	8.262083e-03	1.179598e-02	0.000000e+00	0.000000e+00	1.654187e-02	8.407661e-03	6.099733e-03	1.741956e-01	4.833046e-03	0.000000e+00	1.467336e-02	9.187936e-03	9.178601e-03	0.000000e+00	0.000000e+00	3.354523e-02	0.000000e+00	3.012186e-04	0.000000e+00	0.000000e+00	0.000000e+00	5.329389e-03	0.000000e+00	4.176584e-04	0.000000e+00	4.496907e-04	4.925949e-02	4.568825e-04	4.314856e-01	5.848889e-02
4.314856e-01	6.575458e-03	8.262083e-03	1.179598e-02	0.000000e+00	0.000000e+00	1.654187e-02	8.407661e-03	6.099733e-03	1.741956e-01	4.833046e-03	0.000000e+00	1.467336e-02	9.187936e-03	9.178601e-03	0.000000e+00	0.000000e+00	3.354523e-02	0.000000e+00	3.012186e-04	0.000000e+00	0.000000e+00	0.000000e+00	5.329389e-03	0.000000e+00	4.176584e-04	0.000000e+00	4.496907e-04	4.925949e-02	4.568825e-04	4.314856e-01	5.848889e-02
4.314856e-01	6.575458e-03	8.262083e-03	1.179598e-02	0.000000e+00	0.000000e+00	1.654187e-02	8.407661e-03	6.099733e-03	1.741956e-01	4.833046e-03	0.000000e+00	1.467336e-02	9.187936e-03	9.178601e-03	0.000000e+00	0.000000e+00	3.354523e-02	0.000000e+00	3.012186e-04	0.000000e+00	0.000000e+00	0.000000e+00	5.329389e-03	0.000000e+00	4.176584e-04	0.000000e+00	4.496907e-04	4.925949e-02	4.568825e-04	4.314856e-01	5.848889e-02
2.604279e-01	2.145077e-02	8.262083e-03	7.200657e-03	0.000000e+00	0.000000e+00	1.654187e-02	3.993309e-03	9.149599e-03	1.796396e-01	6.746441e-03	0.000000e+00	2.201004e-02	9.187936e-03	1.147325e-02	0.000000e+00	1.522021e-04	6.737601e-02	0.000000e+00	0.000000e+00	0.000000e+00	0.000000e+00	0.000000e+00	0.000000e+00	0.000000e+00	5.460975e-04	0.000000e+00	3.766438e-04	5.325329e-02	6.853237e-04	2.604279e-01	3.407445e-01
2.604279e-01	2.145077e-02	8.262083e-03	7.200657e-03	0.000000e+00	0.000000e+00	1.654187e-02	3.993309e-03	9.149599e-03	1.796396e-01	6.746441e-03	0.000000e+00	2.201004e-02	9.187936e-03	1.147325e-02	0.000000e+00	1.522021e-04	6.737601e-02	0.000000e+00	0.000000e+00	0.000000e+00	0.000000e+00	0.000000e+00	0.000000e+00	0.000000e+00	5.460975e-04	0.000000e+00	3.766438e-04	5.325329e-02	6.853237e-04	2.604279e-01	3.407445e-01
2.604279e-01	2.145077e-02	8.262083e-03	7.200657e-03	0.000000e+00	0.000000e+00	1.654187e-02	3.993309e-03	9.149599e-03	1.796396e-01	6.746441e-03	0.000000e+00	2.201004e-02	9.187936e-03	1.147325e-02	0.000000e+00	1.522021e-04	6.737601e-02	0.000000e+00	0.000000e+00	0.000000e+00	0.000000e+00	0.000000e+00	0.000000e+00	0.000000e+00	5.460975e-04	0.000000e+00	3.766438e-04	5.325329e-02	6.853237e-04	2.604279e-01	3.407445e-01
2.604279e-01	2.145077e-02	8.262083e-03	7.200657e-03	0.000000e+00	0.000000e+00	1.654187e-02	3.993309e-03	9.149599e-03	1.796396e-01	6.746441e-03	0.000000e+00	2.201004e-02	9.187936e-03	1.147325e-02	0.000000e+00	1.522021e-04	6.737601e-02	0.000000e+00	0.000000e+00	0.000000e+00	0.000000e+00	0.000000e+00	0.000000e+00	0.000000e+00	5.460975e-04	0.000000e+00	3.766438e-04	5.325329e-02	6.853237e-04	2.604279e-01	3.407445e-01
2.604279e-01	2.145077e-02	8.262083e-03	7.200657e-03	0.000000e+00	0.000000e+00	1.654187e-02	3.993309e-03	9.149599e-03	1.796396e-01	6.746441e-03	0.000000e+00	2.201004e-02	9.187936e-03	1.147325e-02	0.000000e+00	1.522021e-04	6.737601e-02	0.000000e+00	0.000000e+00	0.000000e+00	0.000000e+00	0.000000e+00	0.000000e+00	0.000000e+00	5.460975e-04	0.000000e+00	3.766438e-04	5.325329e-02	6.853237e-04	2.604279e-01	3.407445e-01
2.604279e-01	2.145077e-02	8.262083e-03	7.200657e-03	0.000000e+00	0.000000e+00	1.654187e-02	3.993309e-03	9.149599e-03	1.796396e-01	6.746441e-03	0.000000e+00	2.201004e-02	9.187936e-03	1.147325e-02	0.000000e+00	1.522021e-04	6.737601e-02	0.000000e+00	0.000000e+00	0.000000e+00	0.000000e+00	0.000000e+00	0.000000e+00	0.000000e+00	5.460975e-04	0.000000e+00	3.766438e-04	5.325329e-02	6.853237e-04	2.604279e-01	3.407445e-01
2.604279e-01	2.145077e-02	8.262083e-03	7.200657e-03	0.000000e+00	0.000000e+00	1.654187e-02	3.993309e-03	9.149599e-03	1.796396e-01	6.746441e-03	0.000000e+00	2.201004e-02	9.187936e-03	1.147325e-02	0.000000e+00	1.522021e-04	6.737601e-02	0.000000e+00	0.000000e+00	0.000000e+00	0.000000e+00	0.000000e+00	0.000000e+00	0.000000e+00	5.460975e-04	0.000000e+00	3.766438e-04	5.325329e-02	6.853237e-04	2.604279e-01	3.407445e-01
2.604279e-01	2.145077e-02	8.262083e-03	7.200657e-03	0.000000e+00	0.000000e+00	1.654187e-02	3.993309e-03	9.149599e-03	1.796396e-01	6.746441e-03	0.000000e+00	2.201004e-02	9.187936e-03	1.147325e-02	0.000000e+00	1.522021e-04	6.737601e-02	0.000000e+00	0.000000e+00	0.000000e+00	0.000000e+00	0.000000e+00	0.000000e+00	0.000000e+00	5.460975e-04	0.000000e+00	3.766438e-04	5.325329e-02	6.853237e-04	2.604279e-01	3.407445e-01
2.604279e-01	2.145077e-02	8.262083e-03	7.200657e-03	0.000000e+00	0.000000e+00	1.654187e-02	3.993309e-03	9.149599e-03	1.796396e-01	6.746441e-03	0.000000e+00	2.201004e-02	9.187936e-03	1.147325e-02	0.000000e+00	1.522021e-04	6.737601e-02	0.000000e+00	0.000000e+00	0.000000e+00	0.000000e+00	0.000000e+00	0.000000e+00	0.000000e+00	5.460975e-04	0.000000e+00	3.766438e-04	5.325329e-02	6.853237e-04	2.604279e-01	3.407445e-01
2.604279e-01	2.145077e-02	8.262083e-03	7.200657e-03	0.000000e+00	0.000000e+00	1.654187e-02	3.993309e-03	9.149599e-03	1.796396e-01	6.746441e-03	0.000000e+00	2.201004e-02	9.187936e-03	1.147325e-02	0.000000e+00	1.522021e-04	6.737601e-02	0.000000e+00	0.000000e+00	0.000000e+00	0.000000e+00	0.000000e+00	0.000000e+00	0.000000e+00	5.460975e-04	0.000000e+00	3.766438e-04	5.325329e-02	6.853237e-04	2.604279e-01	3.407445e-01
2.533666e-01	1.440022e-02	3.496756e-02	2.229896e-02	0.000000e+00	0.000000e+00	0.000000e+00	4.056802e-02	5.437495e-03	7.922146e-02	9.566976e-04	1.167117e-02	7.336679e-03	0.000000e+00	1.385171e-02	0.000000e+00	7.583384e-02	6.780433e-02	0.000000e+00	2.409749e-03	0.000000e+00	0.000000e+00	0.000000e+00	2.232753e-02	1.199273e-01	0.000000e+00	0.000000e+00	2.208715e-02	4.115399e-02	6.101624e-04	2.533666e-01	3.819482e-01
2.462561e-01	1.440022e-02	8.262083e-03	5.231388e-02	0.000000e+00	0.000000e+00	1.654187e-02	3.993309e-03	9.149599e-03	1.796396e-01	9.566976e-04	0.000000e+00	2.201004e-02	9.187936e-03	1.147325e-02	0.000000e+00	7.579579e-02	6.737601e-02	0.000000e+00	0.000000e+00	0.000000e+00	0.000000e+00	0.000000e+00	1.078138e-02	0.000000e+00	5.460975e-04	0.000000e+00	3.766438e-04	4.115399e-02	6.853237e-04	2.462561e-01	3.831474e-01
2.322812e-01	1.702067e-02	4.131042e-03	2.098664e-02	0.000000e+00	0.000000e+00	1.654187e-02	1.723636e-02	0.000000e+00	1.480036e-01	1.006255e-03	2.001412e-02	0.000000e+00	4.593968e-03	4.589300e-03	0.000000e+00	7.610104e-05	0.000000e+00	0.000000e+00	2.409749e-03	2.487527e-02	0.000000e+00	3.773839e-03	4.237863e-02	7.430233e-02	1.607802e-04	0.000000e+00	5.957845e-04	4.127188e-02	0.000000e+00	2.322812e-01	4.264827e-01
2.289546e-01	1.492531e-02	0.000000e+00	3.141109e-02	1.787118e-02	0.000000e+00	5.836454e-03	0.000000e+00	0.000000e+00	1.188732e-01	1.509383e-03	3.141156e-03	3.685137e-02	0.000000e+00	8.194674e-02	0.000000e+00	1.522021e-04	6.823264e-02	0.000000e+00	0.000000e+00	2.457581e-02	0.000000e+00	5.113614e-03	0.000000e+00	1.488874e-01	6.039596e-04	3.161225e-02	5.964667e-04	0.000000e+00	0.000000e+00	2.289546e-01	4.824538e-01
2.219918e-01	2.145077e-02	9.294844e-03	3.749580e-03	0.000000e+00	0.000000e+00	1.654187e-02	0.000000e+00	9.149599e-03	1.825881e-01	6.557768e-03	0.000000e+00	2.201004e-02	9.187936e-03	1.262058e-02	5.938261e-02	1.522021e-04	6.737601e-02	0.000000e+00	0.000000e+00	0.000000e+00	0.000000e+00	3.226695e-03	0.000000e+00	1.115718e-01	4.784527e-04	0.000000e+00	5.997694e-04	6.070878e-02	1.093123e-04	2.219918e-01	5.308045e-01
2.180602e-01	2.244960e-02	0.000000e+00	7.953879e-03	0.000000e+00	0.000000e+00	3.892019e-02	1.723636e-02	0.000000e+00	1.634214e-01	1.006255e-03	1.167117e-02	1.521711e-02	4.050626e-03	2.469975e-02	5.330051e-04	0.000000e+00	6.190412e-02	0.000000e+00	2.409749e-03	2.487527e-02	0.000000e+00	3.773839e-03	1.928633e-02	2.232358e-01	6.490460e-04	0.000000e+00	5.957845e-04	0.000000e+00	0.000000e+00	2.180602e-01	5.711349e-01
2.041345e-01	1.259057e-02	0.000000e+00	3.310102e-02	0.000000e+00	0.000000e+00	0.000000e+00	8.344840e-02	4.043535e-02	1.163675e-01	1.006255e-03	4.002824e-02	0.000000e+00	0.000000e+00	0.000000e+00	0.000000e+00	0.000000e+00	4.548843e-02	0.000000e+00	2.409749e-03	2.457581e-02	0.000000e+00	0.000000e+00	1.928633e-02	1.486047e-01	1.352897e-04	3.029030e-02	6.023899e-04	3.328427e-02	2.304046e-03	2.041345e-01	6.760413e-01
1.954543e-01	1.641256e-02	0.000000e+00	3.303059e-02	0.000000e+00	0.000000e+00	1.167291e-02	6.663308e-02	0.000000e+00	1.299734e-01	5.031277e-04	0.000000e+00	0.000000e+00	0.000000e+00	3.571796e-02	1.066010e-03	2.853789e-05	4.548843e-02	0.000000e+00	5.421935e-03	2.472554e-02	0.000000e+00	0.000000e+00	2.400886e-02	1.417250e-01	1.352897e-04	2.271772e-02	6.037544e-04	2.793637e-02	2.372387e-03	1.954543e-01	7.300866e-01
7.994463e-02	0.000000e+00	3.098281e-03	2.963337e-02	0.000000e+00	0.000000e+00	1.167291e-02	0.000000e+00	0.000000e+00	1.534458e-01	1.257819e-04	0.000000e+00	3.159067e-03	0.000000e+00	3.801261e-02	0.000000e+00	9.274814e-05	1.137211e-02	0.000000e+00	1.957921e-03	6.069088e-03	0.000000e+00	0.000000e+00	6.415528e-02	1.679980e-02	0.000000e+00	0.000000e+00	6.037544e-04	4.284734e-02	1.220364e-03	7.994463e-02	7.730229e-01
7.994463e-02	0.000000e+00	3.098281e-03	2.963337e-02	0.000000e+00	0.000000e+00	1.167291e-02	0.000000e+00	0.000000e+00	1.534458e-01	1.257819e-04	0.000000e+00	3.159067e-03	0.000000e+00	3.801261e-02	0.000000e+00	9.274814e-05	1.137211e-02	0.000000e+00	1.957921e-03	6.069088e-03	0.000000e+00	0.000000e+00	6.415528e-02	1.679980e-02	0.000000e+00	0.000000e+00	6.037544e-04	4.284734e-02	1.220364e-03	7.994463e-02	7.730229e-01
7.994463e-02	0.000000e+00	3.098281e-03	2.963337e-02	0.000000e+00	0.000000e+00	1.167291e-02	0.000000e+00	0.000000e+00	1.534458e-01	1.257819e-04	0.000000e+00	3.159067e-03	0.000000e+00	3.801261e-02	0.000000e+00	9.274814e-05	1.137211e-02	0.000000e+00	1.957921e-03	6.069088e-03	0.000000e+00	0.000000e+00	6.415528e-02	1.679980e-02	0.000000e+00	0.000000e+00	6.037544e-04	4.284734e-02	1.220364e-03	7.994463e-02	7.730229e-01
7.994463e-02	0.000000e+00	3.098281e-03	2.963337e-02	0.000000e+00	0.000000e+00	1.167291e-02	0.000000e+00	0.000000e+00	1.534458e-01	1.257819e-04	0.000000e+00	3.159067e-03	0.000000e+00	3.801261e-02	0.000000e+00	9.274814e-05	1.137211e-02	0.000000e+00	1.957921e-03	6.069088e-03	0.000000e+00	0.000000e+00	6.415528e-02	1.679980e-02	0.000000e+00	0.000000e+00	6.037544e-04	4.284734e-02	1.220364e-03	7.994463e-02	7.730229e-01
7.994463e-02	0.000000e+00	3.098281e-03	2.963337e-02	0.000000e+00	0.000000e+00	1.167291e-02	0.000000e+00	0.000000e+00	1.534458e-01	1.257819e-04	0.000000e+00	3.159067e-03	0.000000e+00	3.801261e-02	0.000000e+00	9.274814e-05	1.137211e-02	0.000000e+00	1.957921e-03	6.069088e-03	0.000000e+00	0.000000e+00	6.415528e-02	1.679980e-02	0.000000e+00	0.000000e+00	6.037544e-04	4.284734e-02	1.220364e-03	7.994463e-02	7.730229e-01
7.994463e-02	0.000000e+00	3.098281e-03	2.963337e-02	0.000000e+00	0.000000e+00	1.167291e-02	0.000000e+00	0.000000e+00	1.534458e-01	1.257819e-04	0.000000e+00	3.159067e-03	0.000000e+00	3.801261e-02	0.000000e+00	9.274814e-05	1.137211e-02	0.000000e+00	1.957921e-03	6.069088e-03	0.000000e+00	0.000000e+00	6.415528e-02	1.679980e-02	0.000000e+00	0.000000e+00	6.037544e-04	4.284734e-02	1.220364e-03	7.994463e-02	7.730229e-01
7.994463e-02	0.000000e+00	3.098281e-03	2.963337e-02	0.000000e+00	0.000000e+00	1.167291e-02	0.000000e+00	0.000000e+00	1.534458e-01	1.257819e-04	0.000000e+00	3.159067e-03	0.000000e+00	3.801261e-02	0.000000e+00	9.274814e-05	1.137211e-02	0.000000e+00	1.957921e-03	6.069088e-03	0.000000e+00	0.000000e+00	6.415528e-02	1.679980e-02	0.000000e+00	0.000000e+00	6.037544e-04	4.284734e-02	1.220364e-03	7.994463e-02	7.730229e-01
7.449742e-02	3.762144e-03	2.065521e-03	3.076578e-02	0.000000e+00	0.000000e+00	2.821478e-02	2.948028e-02	0.000000e+00	1.678957e-01	1.257819e-04	0.000000e+00	0.000000e+00	2.025313e-03	3.801261e-02	2.665025e-04	7.134472e-05	8.207843e-03	0.000000e+00	1.166135e-02	1.243763e-02	0.000000e+00	0.000000e+00	6.041631e-02	5.844152e-02	0.000000e+00	0.000000e+00	6.037544e-04	4.284734e-02	1.220364e-03	7.449742e-02	8.079138e-01
6.425720e-02	2.381440e-02	0.000000e+00	1.685374e-02	0.000000e+00	0.000000e+00	1.994384e-02	8.344840e-02	4.043535e-02	1.163675e-01	1.006255e-03	4.002824e-02	0.000000e+00	0.000000e+00	0.000000e+00	3.075732e-02	0.000000e+00	4.548843e-02	0.000000e+00	2.409749e-03	1.228790e-02	0.000000e+00	1.613348e-03	1.928633e-02	1.486047e-01	2.392263e-04	3.029030e-02	0.000000e+00	3.328427e-02	9.699393e-04	6.425720e-02	8.706236e-01
3.997231e-02	9.959665e-03	0.000000e+00	2.154495e-02	0.000000e+00	0.000000e+00	7.396836e-02	8.344840e-02	2.021768e-02	1.412582e-01	3.773458e-04	2.001412e-02	7.791483e-02	0.000000e+00	3.629162e-02	1.484565e-02	7.847920e-05	1.137211e-02	0.000000e+00	0.000000e+00	1.828213e-02	8.403159e-04	4.033369e-04	6.179402e-02	1.230923e-02	0.000000e+00	6.304689e-02	6.077393e-04	4.552130e-02	2.914228e-03	3.997231e-02	9.634566e-01
1.020424e-02	0.000000e+00	0.000000e+00	3.648088e-02	0.000000e+00	0.000000e+00	5.836454e-03	0.000000e+00	0.000000e+00	1.284541e-01	1.509383e-03	3.141156e-03	4.212089e-03	0.000000e+00	0.000000e+00	1.066010e-03	1.522021e-04	6.823264e-02	0.000000e+00	0.000000e+00	0.000000e+00	0.000000e+00	1.132152e-02	0.000000e+00	2.197960e-01	6.039596e-04	6.803838e-02	5.964667e-04	0.000000e+00	0.000000e+00	1.020424e-02	1.058011e+00
1.020424e-02	0.000000e+00	0.000000e+00	3.648088e-02	0.000000e+00	0.000000e+00	5.836454e-03	0.000000e+00	0.000000e+00	1.284541e-01	1.509383e-03	3.141156e-03	4.212089e-03	0.000000e+00	0.000000e+00	1.066010e-03	1.522021e-04	6.823264e-02	0.000000e+00	0.000000e+00	0.000000e+00	0.000000e+00	1.132152e-02	0.000000e+00	2.197960e-01	6.039596e-04	6.803838e-02	5.964667e-04	0.000000e+00	0.000000e+00	1.020424e-02	1.058011e+00
0.000000e+00	0.000000e+00	0.000000e+00	1.685374e-02	0.000000e+00	0.000000e+00	2.991576e-02	0.000000e+00	0.000000e+00	1.457404e-01	1.006255e-03	1.570578e-03	0.000000e+00	0.000000e+00	0.000000e+00	3.075732e-02	0.000000e+00	4.548843e-02	0.000000e+00	9.789604e-04	1.228790e-02	0.000000e+00	8.066738e-04	3.207764e-02	1.327439e-01	3.019798e-04	5.223225e-02	0.000000e+00	3.328427e-02	6.101822e-04	0.000000e+00	1.166548e+00
