8.510294e-01	4.451119e-02	0.000000e+00	6.212189e-03	0.000000e+00	3.076348e-02	3.194160e-03	2.005021e-03	0.000000e+00	0.000000e+00	0.000000e+00	1.396093e-03	2.261353e-02	8.431752e-02	1.427645e-02	1.653812e-02	0.000000e+00	1.483122e-02	0.000000e+00	7.463430e-03	0.000000e+00	1.592247e-02	0.000000e+00	3.144125e-03	8.670822e-03	3.630616e-02	0.000000e+00	0.000000e+00	2.500628e-04	5.551557e-03	8.510294e-01	-7.188633e-01
8.510294e-01	4.451119e-02	0.000000e+00	0.000000e+00	0.000000e+00	2.940129e-02	6.388319e-03	2.005021e-03	0.000000e+00	0.000000e+00	0.000000e+00	2.515120e-03	2.261353e-02	8.431752e-02	1.427645e-02	1.653812e-02	0.000000e+00	1.999783e-02	0.000000e+00	7.463430e-03	0.000000e+00	1.592247e-02	0.000000e+00	3.144125e-03	8.670822e-03	5.899751e-02	0.000000e+00	0.000000e+00	2.500628e-04	8.327335e-03	8.510294e-01	-7.140994e-01
8.491431e-01	4.451119e-02	0.000000e+00	0.000000e+00	1.170434e-03	2.940129e-02	6.388319e-03	2.005021e-03	1.254619e-02	0.000000e+00	0.000000e+00	2.515120e-03	5.817038e-02	6.147343e-02	1.246923e-02	1.653812e-02	0.000000e+00	1.999783e-02	0.000000e+00	7.463430e-03	0.000000e+00	1.592247e-02	0.000000e+00	3.144125e-03	3.549006e-02	5.899751e-02	0.000000e+00	2.774273e-03	1.543948e-04	8.327335e-03	8.491431e-01	-7.018051e-01
8.463977e-01	4.451119e-02	0.000000e+00	0.000000e+00	0.000000e+00	3.008238e-02	4.791239e-03	2.506276e-03	1.254619e-02	0.000000e+00	0.000000e+00	1.955606e-03	4.835102e-03	7.289548e-02	1.156563e-02	8.269060e-03	0.000000e+00	1.960074e-02	0.000000e+00	7.463430e-03	0.000000e+00	1.592247e-02	0.000000e+00	4.602679e-02	4.277860e-02	4.765183e-02	0.000000e+00	0.000000e+00	1.728654e-04	5.551557e-03	8.463977e-01	-6.959410e-01
8.432862e-01	3.060144e-02	1.899651e-02	0.000000e+00	4.681736e-03	3.008238e-02	3.194160e-03	3.007531e-03	7.556913e-03	4.005341e-03	0.000000e+00	1.396093e-03	2.261353e-02	3.862934e-02	1.317448e-02	0.000000e+00	4.725709e-03	2.452892e-02	0.000000e+00	7.919893e-03	0.000000e+00	1.592247e-02	0.000000e+00	1.572063e-03	2.516711e-02	3.630616e-02	0.000000e+00	0.000000e+00	0.000000e+00	2.775778e-03	8.432862e-01	-6.921450e-01
8.432862e-01	3.060144e-02	1.899651e-02	0.000000e+00	4.681736e-03	3.008238e-02	3.194160e-03	3.007531e-03	7.556913e-03	4.005341e-03	0.000000e+00	1.396093e-03	2.261353e-02	3.862934e-02	1.317448e-02	0.000000e+00	4.725709e-03	2.452892e-02	0.000000e+00	7.919893e-03	0.000000e+00	1.592247e-02	0.000000e+00	1.572063e-03	2.516711e-02	3.630616e-02	0.000000e+00	0.000000e+00	0.000000e+00	2.775778e-03	8.432862e-01	-6.921450e-01
8.432862e-01	3.060144e-02	1.899651e-02	0.000000e+00	4.681736e-03	3.008238e-02	3.194160e-03	3.007531e-03	7.556913e-03	4.005341e-03	0.000000e+00	1.396093e-03	2.261353e-02	3.862934e-02	1.317448e-02	0.000000e+00	4.725709e-03	2.452892e-02	0.000000e+00	7.919893e-03	0.000000e+00	1.592247e-02	0.000000e+00	1.572063e-03	2.516711e-02	3.630616e-02	0.000000e+00	0.000000e+00	0.000000e+00	2.775778e-03	8.432862e-01	-6.921450e-01
8.432862e-01	3.060144e-02	1.899651e-02	0.000000e+00	4.681736e-03	3.008238e-02	3.194160e-03	3.007531e-03	7.556913e-03	4.005341e-03	0.000000e+00	1.396093e-03	2.261353e-02	3.862934e-02	1.317448e-02	0.000000e+00	4.725709e-03	2.452892e-02	0.000000e+00	7.919893e-03	0.000000e+00	1.592247e-02	0.000000e+00	1.572063e-03	2.516711e-02	3.630616e-02	0.000000e+00	0.000000e+00	0.000000e+00	2.775778e-03	8.432862e-01	-6.921450e-01
8.432862e-01	3.060144e-02	1.899651e-02	0.000000e+00	4.681736e-03	3.008238e-02	3.194160e-03	3.007531e-03	7.556913e-03	4.005341e-03	0.000000e+00	1.396093e-03	2.261353e-02	3.862934e-02	1.317448e-02	0.000000e+00	4.725709e-03	2.452892e-02	0.000000e+00	7.919893e-03	0.000000e+00	1.592247e-02	0.000000e+00	1.572063e-03	2.516711e-02	3.630616e-02	0.000000e+00	0.000000e+00	0.000000e+00	2.775778e-03	8.432862e-01	-6.921450e-01
8.407302e-01	5.007509e-02	3.799302e-02	4.645268e-03	4.681736e-03	3.348786e-02	6.787589e-03	2.311871e-03	7.556913e-03	2.670227e-03	0.000000e+00	1.396093e-03	1.005773e-01	5.005139e-02	1.354180e-02	3.876122e-04	3.150473e-03	2.275383e-02	0.000000e+00	7.463430e-03	0.000000e+00	1.620070e-02	0.000000e+00	1.572063e-03	2.335241e-02	5.445924e-02	0.000000e+00	0.000000e+00	2.349069e-04	5.551557e-03	8.407302e-01	-6.443636e-01
8.375045e-01	5.007509e-02	0.000000e+00	4.673015e-03	4.681736e-03	3.348786e-02	1.277664e-02	2.311871e-03	0.000000e+00	0.000000e+00	0.000000e+00	1.396093e-03	1.005773e-01	3.862934e-02	6.371762e-03	3.876122e-04	0.000000e+00	0.000000e+00	0.000000e+00	8.376356e-03	0.000000e+00	1.564425e-02	0.000000e+00	1.572063e-03	2.335241e-02	5.445924e-02	0.000000e+00	0.000000e+00	2.349069e-04	5.551557e-03	8.375045e-01	-6.261952e-01
8.375045e-01	5.007509e-02	0.000000e+00	4.673015e-03	4.681736e-03	3.348786e-02	1.277664e-02	2.311871e-03	0.000000e+00	0.000000e+00	0.000000e+00	1.396093e-03	1.005773e-01	3.862934e-02	6.371762e-03	3.876122e-04	0.000000e+00	0.000000e+00	0.000000e+00	8.376356e-03	0.000000e+00	1.564425e-02	0.000000e+00	1.572063e-03	2.335241e-02	5.445924e-02	0.000000e+00	0.000000e+00	2.349069e-04	5.551557e-03	8.375045e-01	-6.261952e-01
8.356183e-01	4.451119e-02	7.598604e-02	0.000000e+00	0.000000e+00	3.076348e-02	3.194160e-03	3.007531e-03	7.556913e-03	0.000000e+00	0.000000e+00	1.396093e-03	2.261353e-02	3.862934e-02	1.427645e-02	0.000000e+00	0.000000e+00	1.920365e-02	0.000000e+00	6.550505e-03	0.000000e+00	1.592247e-02	0.000000e+00	1.572063e-03	1.484416e-02	3.630616e-02	0.000000e+00	0.000000e+00	0.000000e+00	5.551557e-03	8.356183e-01	-6.070609e-01
8.356183e-01	4.451119e-02	7.598604e-02	0.000000e+00	0.000000e+00	3.076348e-02	3.194160e-03	3.007531e-03	7.556913e-03	0.000000e+00	0.000000e+00	1.396093e-03	2.261353e-02	3.862934e-02	1.427645e-02	0.000000e+00	0.000000e+00	1.920365e-02	0.000000e+00	6.550505e-03	0.000000e+00	1.592247e-02	0.000000e+00	1.572063e-03	1.484416e-02	3.630616e-02	0.000000e+00	0.000000e+00	0.000000e+00	5.551557e-03	8.356183e-01	-6.070609e-01
8.337320e-01	3.894729e-02	3.851771e-02	0.000000e+00	0.000000e+00	3.110403e-02	3.194160e-03	3.007531e-03	7.556913e-03	0.000000e+00	0.000000e+00	1.396093e-03	2.261353e-02	5.005139e-02	5.509856e-04	0.000000e+00	6.300946e-03	1.654102e-02	0.000000e+00	5.865811e-03	0.000000e+00	1.592247e-02	8.213039e-03	1.179047e-03	1.697122e-02	3.630616e-02	0.000000e+00	0.000000e+00	0.000000e+00	6.939446e-03	8.337320e-01	-5.867876e-01
8.337320e-01	3.894729e-02	3.851771e-02	0.000000e+00	7.022603e-03	4.015709e-02	3.194160e-03	3.007531e-03	7.556913e-03	0.000000e+00	0.000000e+00	8.365795e-04	9.027361e-02	3.862934e-02	9.773119e-03	2.907092e-04	6.300946e-03	1.654102e-02	0.000000e+00	5.865811e-03	0.000000e+00	1.448809e-02	0.000000e+00	7.860313e-04	2.324829e-02	3.630616e-02	0.000000e+00	0.000000e+00	2.349069e-04	6.939446e-03	8.337320e-01	-5.731229e-01
8.337320e-01	3.894729e-02	0.000000e+00	7.998619e-02	4.681736e-03	4.015709e-02	3.194160e-03	2.815750e-03	1.173273e-02	0.000000e+00	3.162731e-03	1.396093e-03	9.027361e-02	3.862934e-02	9.773119e-03	1.938061e-04	6.300946e-03	3.127251e-02	0.000000e+00	0.000000e+00	0.000000e+00	1.448809e-02	6.399254e-03	7.860313e-04	2.425976e-02	3.630616e-02	0.000000e+00	2.774273e-03	2.349069e-04	4.163667e-03	8.337320e-01	-5.619645e-01
8.321568e-01	3.338339e-02	4.220358e-02	3.203141e-02	2.340868e-03	0.000000e+00	7.158620e-03	1.580478e-03	7.954277e-03	2.508681e-02	6.325462e-03	1.955606e-03	3.291717e-02	3.862934e-02	1.032410e-02	9.690305e-05	7.876182e-03	2.433331e-02	0.000000e+00	7.805778e-03	0.000000e+00	1.448809e-02	8.691989e-03	2.358094e-03	2.582903e-02	3.630616e-02	0.000000e+00	2.774273e-03	0.000000e+00	0.000000e+00	8.321568e-01	-5.527185e-01
8.318457e-01	3.338339e-02	1.049375e-03	9.290537e-03	7.022603e-03	2.667690e-02	6.388319e-03	1.391320e-03	2.539740e-02	1.560890e-02	0.000000e+00	4.753173e-03	5.817038e-02	6.147343e-02	8.854810e-03	0.000000e+00	1.260189e-02	2.630401e-02	0.000000e+00	8.376356e-03	0.000000e+00	1.647892e-02	1.642608e-02	7.860313e-04	2.942124e-02	2.722962e-02	0.000000e+00	3.061690e-02	1.174535e-04	0.000000e+00	8.318457e-01	-5.381276e-01
8.315246e-01	3.894729e-02	0.000000e+00	3.203141e-02	2.340868e-03	2.007855e-02	1.591432e-02	1.406563e-03	1.148351e-02	4.883851e-02	6.325462e-03	2.515120e-03	1.138000e-01	3.006281e-02	1.073734e-02	9.690305e-05	1.811522e-02	2.119247e-02	0.000000e+00	8.433414e-03	0.000000e+00	1.448809e-02	6.638730e-03	3.438887e-03	2.605586e-02	4.538270e-02	0.000000e+00	5.548546e-03	1.761802e-04	0.000000e+00	8.315246e-01	-5.231022e-01
8.286953e-01	1.669170e-02	1.314265e-02	0.000000e+00	0.000000e+00	2.029139e-02	1.360342e-02	0.000000e+00	2.497028e-02	0.000000e+00	9.488193e-03	6.922351e-03	0.000000e+00	3.862934e-02	6.371762e-03	1.615051e-04	1.575236e-02	3.681580e-02	0.000000e+00	2.185264e-03	0.000000e+00	1.826108e-02	0.000000e+00	3.144125e-03	2.537535e-02	1.134567e-02	0.000000e+00	0.000000e+00	0.000000e+00	0.000000e+00	8.286953e-01	-5.150071e-01
8.286953e-01	1.669170e-02	1.314265e-02	0.000000e+00	0.000000e+00	2.029139e-02	1.360342e-02	0.000000e+00	2.497028e-02	0.000000e+00	9.488193e-03	6.922351e-03	0.000000e+00	3.862934e-02	6.371762e-03	1.615051e-04	1.575236e-02	3.681580e-02	0.000000e+00	2.185264e-03	0.000000e+00	1.826108e-02	0.000000e+00	3.144125e-03	2.537535e-02	1.134567e-02	0.000000e+00	0.000000e+00	0.000000e+00	0.000000e+00	8.286953e-01	-5.150071e-01
8.286953e-01	1.669170e-02	1.314265e-02	0.000000e+00	0.000000e+00	2.029139e-02	1.360342e-02	0.000000e+00	2.497028e-02	0.000000e+00	9.488193e-03	6.922351e-03	0.000000e+00	3.862934e-02	6.371762e-03	1.615051e-04	1.575236e-02	3.681580e-02	0.000000e+00	2.185264e-03	0.000000e+00	1.826108e-02	0.000000e+00	3.144125e-03	2.537535e-02	1.134567e-02	0.000000e+00	0.000000e+00	0.000000e+00	0.000000e+00	8.286953e-01	-5.150071e-01
8.286953e-01	1.669170e-02	1.314265e-02	0.000000e+00	0.000000e+00	2.029139e-02	1.360342e-02	0.000000e+00	2.497028e-02	0.000000e+00	9.488193e-03	6.922351e-03	0.000000e+00	3.862934e-02	6.371762e-03	1.615051e-04	1.575236e-02	3.681580e-02	0.000000e+00	2.185264e-03	0.000000e+00	1.826108e-02	0.000000e+00	3.144125e-03	2.537535e-02	1.134567e-02	0.000000e+00	0.000000e+00	0.000000e+00	0.000000e+00	8.286953e-01	-5.150071e-01
8.286953e-01	1.669170e-02	1.314265e-02	0.000000e+00	0.000000e+00	2.029139e-02	1.360342e-02	0.000000e+00	2.497028e-02	0.000000e+00	9.488193e-03	6.922351e-03	0.000000e+00	3.862934e-02	6.371762e-03	1.615051e-04	1.575236e-02	3.681580e-02	0.000000e+00	2.185264e-03	0.000000e+00	1.826108e-02	0.000000e+00	3.144125e-03	2.537535e-02	1.134567e-02	0.000000e+00	0.000000e+00	0.000000e+00	0.000000e+00	8.286953e-01	-5.150071e-01
8.286953e-01	5.563898e-02	5.246875e-04	0.000000e+00	0.000000e+00	2.029139e-02	1.360342e-02	0.000000e+00	2.497028e-02	4.944471e-02	9.488193e-03	6.431714e-03	8.644163e-02	3.862934e-02	6.371762e-03	0.000000e+00	0.000000e+00	4.498004e-03	0.000000e+00	2.185264e-03	0.000000e+00	1.826108e-02	9.362546e-02	1.572063e-03	2.537535e-02	1.134567e-02	0.000000e+00	5.211219e-02	0.000000e+00	1.522506e-01	8.286953e-01	-4.419207e-01
8.268090e-01	0.000000e+00	1.684225e-02	2.322634e-02	0.000000e+00	0.000000e+00	1.856409e-02	2.547256e-03	5.377700e-02	3.298363e-02	6.325462e-03	6.431714e-03	0.000000e+00	3.862934e-02	0.000000e+00	0.000000e+00	0.000000e+00	1.566727e-02	0.000000e+00	4.359955e-03	0.000000e+00	2.723024e-02	9.362546e-02	1.572063e-03	2.110611e-02	1.361481e-02	0.000000e+00	3.368458e-02	1.061032e-02	1.522506e-01	8.268090e-01	-4.259028e-01
8.268090e-01	0.000000e+00	1.684225e-02	2.322634e-02	0.000000e+00	0.000000e+00	1.856409e-02	2.547256e-03	5.377700e-02	3.298363e-02	6.325462e-03	6.431714e-03	0.000000e+00	3.862934e-02	0.000000e+00	0.000000e+00	0.000000e+00	1.566727e-02	0.000000e+00	4.359955e-03	0.000000e+00	2.723024e-02	9.362546e-02	1.572063e-03	2.110611e-02	1.361481e-02	0.000000e+00	3.368458e-02	1.061032e-02	1.522506e-01	8.268090e-01	-4.259028e-01
8.268090e-01	0.000000e+00	1.684225e-02	2.322634e-02	0.000000e+00	0.000000e+00	1.856409e-02	2.547256e-03	5.377700e-02	3.298363e-02	6.325462e-03	6.431714e-03	0.000000e+00	3.862934e-02	0.000000e+00	0.000000e+00	0.000000e+00	1.566727e-02	0.000000e+00	4.359955e-03	0.000000e+00	2.723024e-02	9.362546e-02	1.572063e-03	2.110611e-02	1.361481e-02	0.000000e+00	3.368458e-02	1.061032e-02	1.522506e-01	8.268090e-01	-4.259028e-01
6.439228e-01	0.000000e+00	9.967731e-03	0.000000e+00	0.000000e+00	4.869933e-02	3.081204e-03	0.000000e+00	3.323728e-02	1.649181e-02	0.000000e+00	1.524618e-02	0.000000e+00	1.931467e-02	0.000000e+00	0.000000e+00	3.150473e-02	4.684985e-03	0.000000e+00	2.064713e-03	2.951471e-04	1.809827e-02	6.993090e-03	6.773569e-03	1.737362e-02	0.000000e+00	1.565434e-02	3.368458e-02	0.000000e+00	2.639424e-03	6.439228e-01	-3.808042e-01
6.439228e-01	0.000000e+00	9.967731e-03	0.000000e+00	0.000000e+00	4.869933e-02	3.081204e-03	0.000000e+00	3.323728e-02	1.649181e-02	0.000000e+00	1.524618e-02	0.000000e+00	1.931467e-02	0.000000e+00	0.000000e+00	3.150473e-02	4.684985e-03	0.000000e+00	2.064713e-03	2.951471e-04	1.809827e-02	6.993090e-03	6.773569e-03	1.737362e-02	0.000000e+00	1.565434e-02	3.368458e-02	0.000000e+00	2.639424e-03	6.439228e-01	-3.808042e-01
6.515450e-01	0.000000e+00	2.105282e-03	0.000000e+00	0.000000e+00	3.943748e-02	0.000000e+00	0.000000e+00	2.985017e-02	4.122954e-03	0.000000e+00	1.123346e-02	0.000000e+00	2.897201e-02	0.000000e+00	0.000000e+00	3.528949e-02	3.787893e-03	5.824441e-04	1.061173e-03	1.475736e-04	4.257876e-02	0.000000e+00	5.091248e-02	1.702370e-02	2.528335e-03	8.538733e-03	5.052688e-02	0.000000e+00	1.319712e-03	6.515450e-01	-3.958697e-01
6.515450e-01	0.000000e+00	2.105282e-03	0.000000e+00	0.000000e+00	3.943748e-02	0.000000e+00	0.000000e+00	2.985017e-02	4.122954e-03	0.000000e+00	1.123346e-02	0.000000e+00	2.897201e-02	0.000000e+00	0.000000e+00	3.528949e-02	3.787893e-03	5.824441e-04	1.061173e-03	1.475736e-04	4.257876e-02	0.000000e+00	5.091248e-02	1.702370e-02	2.528335e-03	8.538733e-03	5.052688e-02	0.000000e+00	1.319712e-03	6.515450e-01	-3.958697e-01
6.515450e-01	0.000000e+00	2.105282e-03	0.000000e+00	0.000000e+00	3.943748e-02	0.000000e+00	0.000000e+00	2.985017e-02	4.122954e-03	0.000000e+00	1.123346e-02	0.000000e+00	2.897201e-02	0.000000e+00	0.000000e+00	3.528949e-02	3.787893e-03	5.824441e-04	1.061173e-03	1.475736e-04	4.257876e-02	0.000000e+00	5.091248e-02	1.702370e-02	2.528335e-03	8.538733e-03	5.052688e-02	0.000000e+00	1.319712e-03	6.515450e-01	-3.958697e-01
6.439228e-01	0.000000e+00	9.967731e-03	0.000000e+00	0.000000e+00	4.869933e-02	3.081204e-03	0.000000e+00	3.323728e-02	1.649181e-02	0.000000e+00	1.524618e-02	0.000000e+00	1.931467e-02	0.000000e+00	0.000000e+00	3.150473e-02	4.684985e-03	0.000000e+00	2.064713e-03	2.951471e-04	1.809827e-02	6.993090e-03	6.773569e-03	1.737362e-02	0.000000e+00	1.565434e-02	3.368458e-02	0.000000e+00	2.639424e-03	6.439228e-01	-3.808042e-01
6.439228e-01	0.000000e+00	9.967731e-03	0.000000e+00	0.000000e+00	4.869933e-02	3.081204e-03	0.000000e+00	3.323728e-02	1.649181e-02	0.000000e+00	1.524618e-02	0.000000e+00	1.931467e-02	0.000000e+00	0.000000e+00	3.150473e-02	4.684985e-03	0.000000e+00	2.064713e-03	2.951471e-04	1.809827e-02	6.993090e-03	6.773569e-03	1.737362e-02	0.000000e+00	1.565434e-02	3.368458e-02	0.000000e+00	2.639424e-03	6.439228e-01	-3.808042e-01
6.407134e-01	0.000000e+00	4.210563e-03	1.061808e-02	1.242330e-03	8.574673e-02	0.000000e+00	0.000000e+00	2.702885e-02	0.000000e+00	1.269230e-02	2.327161e-02	6.087634e-03	0.000000e+00	0.000000e+00	0.000000e+00	2.544911e-02	8.273357e-03	2.329777e-03	4.129425e-03	5.902942e-04	3.033852e-02	0.000000e+00	1.185374e-02	1.830675e-02	5.056671e-03	8.538733e-03	0.000000e+00	0.000000e+00	0.000000e+00	6.407134e-01	-3.601389e-01
6.391087e-01	0.000000e+00	4.210563e-03	1.061808e-02	6.211648e-04	6.722303e-02	0.000000e+00	0.000000e+00	2.646307e-02	8.245907e-03	1.903845e-02	2.327161e-02	3.043817e-03	0.000000e+00	0.000000e+00	0.000000e+00	2.847692e-02	6.479171e-03	1.164888e-03	4.129425e-03	5.902942e-04	3.645864e-02	0.000000e+00	1.100705e-02	1.830675e-02	2.528335e-03	8.538733e-03	1.684229e-02	0.000000e+00	1.319712e-03	6.391087e-01	-3.450601e-01
6.391087e-01	0.000000e+00	4.210563e-03	1.061808e-02	6.211648e-04	6.722303e-02	0.000000e+00	0.000000e+00	2.646307e-02	8.245907e-03	1.903845e-02	2.327161e-02	3.043817e-03	0.000000e+00	0.000000e+00	0.000000e+00	2.847692e-02	6.479171e-03	1.164888e-03	4.129425e-03	5.902942e-04	3.645864e-02	0.000000e+00	1.100705e-02	1.830675e-02	2.528335e-03	8.538733e-03	1.684229e-02	0.000000e+00	1.319712e-03	6.391087e-01	-3.450601e-01
6.363005e-01	7.118643e-02	2.105282e-03	1.061808e-02	7.764560e-04	6.722303e-02	0.000000e+00	0.000000e+00	2.646307e-02	0.000000e+00	1.903845e-02	2.327161e-02	3.043817e-03	0.000000e+00	0.000000e+00	0.000000e+00	2.771996e-02	8.273357e-03	2.329777e-03	4.129425e-03	5.902942e-04	3.645864e-02	0.000000e+00	1.100705e-02	1.830675e-02	2.528335e-03	8.538733e-03	1.684229e-02	0.000000e+00	0.000000e+00	6.363005e-01	-3.075279e-01
6.363005e-01	7.118643e-02	2.105282e-03	1.061808e-02	7.764560e-04	6.722303e-02	0.000000e+00	0.000000e+00	2.646307e-02	0.000000e+00	1.903845e-02	2.327161e-02	3.043817e-03	0.000000e+00	0.000000e+00	0.000000e+00	2.771996e-02	8.273357e-03	2.329777e-03	4.129425e-03	5.902942e-04	3.645864e-02	0.000000e+00	1.100705e-02	1.830675e-02	2.528335e-03	8.538733e-03	1.684229e-02	0.000000e+00	0.000000e+00	6.363005e-01	-3.075279e-01
6.326900e-01	0.000000e+00	2.105282e-03	0.000000e+00	1.242330e-03	5.796118e-02	0.000000e+00	0.000000e+00	2.985017e-02	4.122954e-03	1.903845e-02	2.510410e-02	6.087634e-03	0.000000e+00	0.000000e+00	0.000000e+00	2.544911e-02	5.582078e-03	5.824441e-04	4.129425e-03	5.902942e-04	4.257876e-02	0.000000e+00	8.890309e-03	1.842339e-02	2.528335e-03	8.538733e-03	1.684229e-02	0.000000e+00	1.319712e-03	6.326900e-01	-2.835957e-01
6.310853e-01	0.000000e+00	0.000000e+00	1.930691e-02	1.242330e-03	8.574673e-02	0.000000e+00	0.000000e+00	1.968885e-02	0.000000e+00	1.269230e-02	1.960665e-02	6.087634e-03	0.000000e+00	0.000000e+00	0.000000e+00	2.544911e-02	8.273357e-03	2.329777e-03	3.039436e-03	1.219941e-03	3.033852e-02	1.398618e-02	1.524053e-02	1.760690e-02	5.056671e-03	1.423122e-02	0.000000e+00	0.000000e+00	0.000000e+00	6.310853e-01	-2.601503e-01
6.310853e-01	0.000000e+00	2.793387e-04	1.592712e-02	1.242330e-03	9.620362e-02	0.000000e+00	0.000000e+00	2.671819e-02	0.000000e+00	1.269230e-02	2.402576e-02	6.087634e-03	0.000000e+00	0.000000e+00	0.000000e+00	3.425101e-02	9.189340e-03	0.000000e+00	5.025533e-03	0.000000e+00	4.769286e-02	1.398618e-02	6.361503e-03	1.760690e-02	5.056671e-03	6.992934e-02	0.000000e+00	0.000000e+00	1.979568e-03	6.310853e-01	-2.421584e-01
6.286782e-01	0.000000e+00	0.000000e+00	1.212846e-02	1.552912e-03	6.722303e-02	4.029392e-03	0.000000e+00	2.790150e-02	0.000000e+00	1.533653e-02	2.327161e-02	8.427669e-04	0.000000e+00	0.000000e+00	0.000000e+00	2.599336e-02	6.626418e-03	1.164888e-03	4.042976e-03	9.247943e-04	3.287458e-02	2.264442e-02	7.028482e-02	1.885508e-02	8.217090e-03	0.000000e+00	4.210573e-03	0.000000e+00	1.979568e-03	6.286782e-01	-2.190368e-01
6.286782e-01	0.000000e+00	0.000000e+00	2.075745e-02	0.000000e+00	6.722303e-02	6.044088e-03	0.000000e+00	2.790150e-02	1.322130e-02	1.533653e-02	2.327161e-02	8.427669e-04	0.000000e+00	0.000000e+00	7.652636e-02	1.293359e-02	2.122064e-03	3.358742e-03	4.042976e-03	1.908618e-03	3.287458e-02	2.264442e-02	7.028482e-02	1.885508e-02	8.217090e-03	0.000000e+00	4.210573e-03	0.000000e+00	5.278847e-03	6.286782e-01	-2.019952e-01
6.286782e-01	0.000000e+00	0.000000e+00	2.075745e-02	0.000000e+00	6.722303e-02	6.044088e-03	0.000000e+00	2.790150e-02	1.322130e-02	1.533653e-02	2.327161e-02	8.427669e-04	0.000000e+00	0.000000e+00	7.652636e-02	1.293359e-02	2.122064e-03	3.358742e-03	4.042976e-03	1.908618e-03	3.287458e-02	2.264442e-02	7.028482e-02	1.885508e-02	8.217090e-03	0.000000e+00	4.210573e-03	0.000000e+00	5.278847e-03	6.286782e-01	-2.019952e-01
6.286782e-01	0.000000e+00	0.000000e+00	2.075745e-02	0.000000e+00	6.722303e-02	6.044088e-03	0.000000e+00	2.790150e-02	1.322130e-02	1.533653e-02	2.327161e-02	8.427669e-04	0.000000e+00	0.000000e+00	7.652636e-02	1.293359e-02	2.122064e-03	3.358742e-03	4.042976e-03	1.908618e-03	3.287458e-02	2.264442e-02	7.028482e-02	1.885508e-02	8.217090e-03	0.000000e+00	4.210573e-03	0.000000e+00	5.278847e-03	6.286782e-01	-2.019952e-01
6.246665e-01	7.935614e-04	1.546604e-03	2.000226e-02	0.000000e+00	3.172936e-05	4.029392e-03	0.000000e+00	2.933992e-02	3.878034e-03	0.000000e+00	2.375788e-02	3.125630e-03	0.000000e+00	0.000000e+00	0.000000e+00	2.724766e-02	6.177872e-03	2.485095e-03	2.004565e-04	1.259294e-03	2.623045e-02	7.585806e-02	1.354714e-02	9.158782e-02	5.056671e-03	1.138498e-02	0.000000e+00	0.000000e+00	1.649640e-03	6.246665e-01	-1.607675e-01
6.215332e-01	7.935614e-04	1.546604e-03	1.737766e-02	0.000000e+00	0.000000e+00	4.029392e-03	0.000000e+00	2.933992e-02	3.878034e-03	8.461533e-03	2.359579e-02	1.660289e-02	0.000000e+00	0.000000e+00	0.000000e+00	2.438484e-02	6.177872e-03	2.485095e-03	2.221945e-03	1.259294e-03	2.623045e-02	4.456480e-02	1.354714e-02	2.141996e-02	5.056671e-03	0.000000e+00	6.736917e-02	0.000000e+00	5.278847e-03	6.215332e-01	-1.153099e-01
6.215332e-01	7.935614e-04	1.546604e-03	1.737766e-02	0.000000e+00	0.000000e+00	4.029392e-03	0.000000e+00	2.933992e-02	3.878034e-03	8.461533e-03	2.359579e-02	1.660289e-02	0.000000e+00	0.000000e+00	0.000000e+00	2.438484e-02	6.177872e-03	2.485095e-03	2.221945e-03	1.259294e-03	2.623045e-02	4.456480e-02	1.354714e-02	2.141996e-02	5.056671e-03	0.000000e+00	6.736917e-02	0.000000e+00	5.278847e-03	6.215332e-01	-1.153099e-01
4.544723e-01	7.935614e-04	0.000000e+00	1.737766e-02	0.000000e+00	3.172936e-05	4.029392e-03	0.000000e+00	2.933992e-02	3.878034e-03	8.461533e-03	2.359579e-02	3.125630e-03	0.000000e+00	0.000000e+00	0.000000e+00	2.438484e-02	6.177872e-03	2.485095e-03	0.000000e+00	1.259294e-03	2.623045e-02	4.456480e-02	1.354714e-02	1.737362e-02	5.056671e-03	0.000000e+00	0.000000e+00	0.000000e+00	5.278847e-03	4.544723e-01	-7.494192e-02
4.544723e-01	7.935614e-04	0.000000e+00	1.737766e-02	0.000000e+00	3.172936e-05	4.029392e-03	0.000000e+00	2.933992e-02	3.878034e-03	8.461533e-03	2.359579e-02	3.125630e-03	0.000000e+00	0.000000e+00	0.000000e+00	2.438484e-02	6.177872e-03	2.485095e-03	0.000000e+00	1.259294e-03	2.623045e-02	4.456480e-02	1.354714e-02	1.737362e-02	5.056671e-03	0.000000e+00	0.000000e+00	0.000000e+00	5.278847e-03	4.544723e-01	-7.494192e-02
4.544723e-01	7.935614e-04	0.000000e+00	1.737766e-02	0.000000e+00	3.172936e-05	4.029392e-03	0.000000e+00	2.933992e-02	3.878034e-03	8.461533e-03	2.359579e-02	3.125630e-03	0.000000e+00	0.000000e+00	0.000000e+00	2.438484e-02	6.177872e-03	2.485095e-03	0.000000e+00	1.259294e-03	2.623045e-02	4.456480e-02	1.354714e-02	1.737362e-02	5.056671e-03	0.000000e+00	0.000000e+00	0.000000e+00	5.278847e-03	4.544723e-01	-7.494192e-02
4.544723e-01	7.935614e-04	0.000000e+00	1.737766e-02	0.000000e+00	3.172936e-05	4.029392e-03	0.000000e+00	2.933992e-02	3.878034e-03	8.461533e-03	2.359579e-02	3.125630e-03	0.000000e+00	0.000000e+00	0.000000e+00	2.438484e-02	6.177872e-03	2.485095e-03	0.000000e+00	1.259294e-03	2.623045e-02	4.456480e-02	1.354714e-02	1.737362e-02	5.056671e-03	0.000000e+00	0.000000e+00	0.000000e+00	5.278847e-03	4.544723e-01	-7.494192e-02
4.544723e-01	7.935614e-04	0.000000e+00	1.737766e-02	0.000000e+00	3.172936e-05	4.029392e-03	0.000000e+00	2.933992e-02	3.878034e-03	8.461533e-03	2.359579e-02	3.125630e-03	0.000000e+00	0.000000e+00	0.000000e+00	2.438484e-02	6.177872e-03	2.485095e-03	0.000000e+00	1.259294e-03	2.623045e-02	4.456480e-02	1.354714e-02	1.737362e-02	5.056671e-03	0.000000e+00	0.000000e+00	0.000000e+00	5.278847e-03	4.544723e-01	-7.494192e-02
4.544723e-01	7.935614e-04	0.000000e+00	1.737766e-02	0.000000e+00	3.172936e-05	4.029392e-03	0.000000e+00	2.933992e-02	3.878034e-03	8.461533e-03	2.359579e-02	3.125630e-03	0.000000e+00	0.000000e+00	0.000000e+00	2.438484e-02	6.177872e-03	2.485095e-03	0.000000e+00	1.259294e-03	2.623045e-02	4.456480e-02	1.354714e-02	1.737362e-02	5.056671e-03	0.000000e+00	0.000000e+00	0.000000e+00	5.278847e-03	4.544723e-01	-7.494192e-02
4.544723e-01	7.935614e-04	0.000000e+00	1.737766e-02	0.000000e+00	3.172936e-05	4.029392e-03	0.000000e+00	2.933992e-02	3.878034e-03	8.461533e-03	2.359579e-02	3.125630e-03	0.000000e+00	0.000000e+00	0.000000e+00	2.438484e-02	6.177872e-03	2.485095e-03	0.000000e+00	1.259294e-03	2.623045e-02	4.456480e-02	1.354714e-02	1.737362e-02	5.056671e-03	0.000000e+00	0.000000e+00	0.000000e+00	5.278847e-03	4.544723e-01	-7.494192e-02
4.544723e-01	7.935614e-04	0.000000e+00	1.737766e-02	0.000000e+00	3.172936e-05	4.029392e-03	0.000000e+00	2.933992e-02	3.878034e-03	8.461533e-03	2.359579e-02	3.125630e-03	0.000000e+00	0.000000e+00	0.000000e+00	2.438484e-02	6.177872e-03	2.485095e-03	0.000000e+00	1.259294e-03	2.623045e-02	4.456480e-02	1.354714e-02	1.737362e-02	5.056671e-03	0.000000e+00	0.000000e+00	0.000000e+00	5.278847e-03	4.544723e-01	-7.494192e-02
4.544723e-01	0.000000e+00	0.000000e+00	1.737766e-02	6.450260e-03	8.262412e-03	4.029392e-03	0.000000e+00	2.092932e-02	3.878034e-03	6.278534e-03	2.359579e-02	3.125630e-03	0.000000e+00	1.366526e-02	0.000000e+00	2.438484e-02	0.000000e+00	3.369423e-03	1.152939e-03	6.296472e-04	1.487337e-02	1.550471e-02	1.576737e-02	4.930667e-02	4.242065e-02	5.654475e-02	0.000000e+00	4.215309e-03	0.000000e+00	4.544723e-01	-5.419096e-02
4.410398e-01	0.000000e+00	0.000000e+00	1.954276e-02	0.000000e+00	2.627588e-05	1.242608e-02	0.000000e+00	5.751053e-03	4.437724e-03	7.942257e-03	1.179790e-02	0.000000e+00	0.000000e+00	0.000000e+00	1.636211e-05	2.438484e-02	0.000000e+00	9.905400e-04	0.000000e+00	6.296472e-04	0.000000e+00	2.228240e-02	1.354714e-02	2.122442e-02	0.000000e+00	2.416938e-02	5.014064e-03	3.571884e-03	1.628318e-02	4.410398e-01	-4.727464e-02
4.410398e-01	0.000000e+00	0.000000e+00	1.954276e-02	0.000000e+00	2.627588e-05	1.242608e-02	0.000000e+00	5.751053e-03	4.437724e-03	7.942257e-03	1.179790e-02	0.000000e+00	0.000000e+00	0.000000e+00	1.636211e-05	2.438484e-02	0.000000e+00	9.905400e-04	0.000000e+00	6.296472e-04	0.000000e+00	2.228240e-02	1.354714e-02	2.122442e-02	0.000000e+00	2.416938e-02	5.014064e-03	3.571884e-03	1.628318e-02	4.410398e-01	-4.727464e-02
4.410398e-01	0.000000e+00	0.000000e+00	1.954276e-02	0.000000e+00	2.627588e-05	1.242608e-02	0.000000e+00	5.751053e-03	4.437724e-03	7.942257e-03	1.179790e-02	0.000000e+00	0.000000e+00	0.000000e+00	1.636211e-05	2.438484e-02	0.000000e+00	9.905400e-04	0.000000e+00	6.296472e-04	0.000000e+00	2.228240e-02	1.354714e-02	2.122442e-02	0.000000e+00	2.416938e-02	5.014064e-03	3.571884e-03	1.628318e-02	4.410398e-01	-4.727464e-02
4.318334e-01	3.967807e-04	0.000000e+00	1.954276e-02	0.000000e+00	3.172936e-05	7.722178e-02	0.000000e+00	2.933992e-02	4.437724e-03	8.461533e-03	2.359579e-02	3.125630e-03	0.000000e+00	0.000000e+00	0.000000e+00	2.438484e-02	0.000000e+00	9.905400e-04	0.000000e+00	1.259294e-03	0.000000e+00	0.000000e+00	1.493198e-02	2.643650e-02	3.692128e-02	2.416938e-02	0.000000e+00	2.439406e-03	5.278847e-03	4.318334e-01	4.329072e-02
4.318334e-01	3.967807e-04	0.000000e+00	1.954276e-02	0.000000e+00	3.172936e-05	7.722178e-02	0.000000e+00	2.933992e-02	4.437724e-03	8.461533e-03	2.359579e-02	3.125630e-03	0.000000e+00	0.000000e+00	0.000000e+00	2.438484e-02	0.000000e+00	9.905400e-04	0.000000e+00	1.259294e-03	0.000000e+00	0.000000e+00	1.493198e-02	2.643650e-02	3.692128e-02	2.416938e-02	0.000000e+00	2.439406e-03	5.278847e-03	4.318334e-01	4.329072e-02
4.318334e-01	3.967807e-04	0.000000e+00	1.954276e-02	0.000000e+00	3.172936e-05	7.722178e-02	0.000000e+00	2.933992e-02	4.437724e-03	8.461533e-03	2.359579e-02	3.125630e-03	0.000000e+00	0.000000e+00	0.000000e+00	2.438484e-02	0.000000e+00	9.905400e-04	0.000000e+00	1.259294e-03	0.000000e+00	0.000000e+00	1.493198e-02	2.643650e-02	3.692128e-02	2.416938e-02	0.000000e+00	2.439406e-03	5.278847e-03	4.318334e-01	4.329072e-02
4.272302e-01	0.000000e+00	0.000000e+00	4.387067e-03	4.087479e-02	3.272091e-05	4.029392e-03	0.000000e+00	2.535373e-03	3.878034e-03	2.675291e-03	2.359579e-02	0.000000e+00	0.000000e+00	0.000000e+00	0.000000e+00	2.051722e-02	0.000000e+00	2.485095e-03	0.000000e+00	1.259294e-03	0.000000e+00	4.456480e-02	1.299767e-02	1.737362e-02	7.362122e-02	1.524603e-01	0.000000e+00	0.000000e+00	1.364376e-02	4.272302e-01	1.131171e-01
4.230202e-01	0.000000e+00	0.000000e+00	0.000000e+00	0.000000e+00	2.368105e-02	1.242608e-02	8.977081e-03	2.978928e-02	0.000000e+00	0.000000e+00	3.731509e-02	1.562815e-03	0.000000e+00	1.366526e-02	0.000000e+00	1.742058e-02	3.234828e-04	3.334143e-03	1.152939e-03	0.000000e+00	2.623045e-02	4.823511e-02	1.354714e-02	9.019626e-03	1.179062e-01	0.000000e+00	0.000000e+00	3.571884e-03	0.000000e+00	4.230202e-01	1.477556e-01
4.185072e-01	7.935614e-04	0.000000e+00	1.846815e-02	0.000000e+00	1.090697e-05	1.242608e-02	8.977081e-03	2.933992e-02	3.878034e-03	8.461533e-03	2.359579e-02	3.125630e-03	0.000000e+00	0.000000e+00	2.485384e-05	1.742058e-02	3.234828e-04	2.485095e-03	0.000000e+00	1.259294e-03	2.623045e-02	4.823511e-02	7.665393e-03	1.737362e-02	1.179062e-01	0.000000e+00	0.000000e+00	0.000000e+00	0.000000e+00	4.185072e-01	1.971912e-01
4.144822e-01	7.935614e-04	2.742798e-03	1.612617e-02	0.000000e+00	5.453484e-06	2.362609e-02	8.977081e-03	2.659978e-02	4.570426e-03	4.127853e-03	2.359579e-02	2.344222e-03	0.000000e+00	0.000000e+00	0.000000e+00	3.176393e-02	1.642175e-02	2.485095e-03	0.000000e+00	9.444708e-04	0.000000e+00	7.605300e-03	1.611434e-02	3.096794e-02	0.000000e+00	2.820902e-02	0.000000e+00	1.081021e-03	3.962827e-04	4.144822e-01	2.270289e-01
4.113869e-01	1.983903e-04	2.742798e-03	1.612617e-02	2.797427e-02	3.073782e-05	7.835504e-02	5.529547e-02	1.640991e-02	4.570426e-03	6.294693e-03	3.401269e-03	1.562815e-03	0.000000e+00	0.000000e+00	5.523076e-06	1.481642e-02	0.000000e+00	4.952700e-04	0.000000e+00	6.296472e-04	0.000000e+00	7.605300e-03	8.557217e-03	6.949449e-03	0.000000e+00	2.820902e-02	0.000000e+00	1.621531e-03	1.628318e-02	4.113869e-01	2.780674e-01
2.549335e-01	0.000000e+00	2.742798e-03	1.612617e-02	6.241928e-03	3.073782e-05	1.185944e-02	2.414139e-02	1.221606e-02	4.570426e-03	4.127853e-03	3.401269e-03	1.562815e-03	0.000000e+00	0.000000e+00	5.523076e-06	1.481642e-02	0.000000e+00	0.000000e+00	0.000000e+00	6.296472e-04	0.000000e+00	7.605300e-03	8.557217e-03	3.096794e-02	0.000000e+00	2.820902e-02	0.000000e+00	1.081021e-03	1.078102e-02	2.549335e-01	2.874293e-01
2.549335e-01	0.000000e+00	2.742798e-03	1.612617e-02	6.241928e-03	3.073782e-05	1.185944e-02	2.414139e-02	1.221606e-02	4.570426e-03	4.127853e-03	3.401269e-03	1.562815e-03	0.000000e+00	0.000000e+00	5.523076e-06	1.481642e-02	0.000000e+00	0.000000e+00	0.000000e+00	6.296472e-04	0.000000e+00	7.605300e-03	8.557217e-03	3.096794e-02	0.000000e+00	2.820902e-02	0.000000e+00	1.081021e-03	1.078102e-02	2.549335e-01	2.874293e-01
2.549335e-01	0.000000e+00	2.742798e-03	1.612617e-02	6.241928e-03	3.073782e-05	1.185944e-02	2.414139e-02	1.221606e-02	4.570426e-03	4.127853e-03	3.401269e-03	1.562815e-03	0.000000e+00	0.000000e+00	5.523076e-06	1.481642e-02	0.000000e+00	0.000000e+00	0.000000e+00	6.296472e-04	0.000000e+00	7.605300e-03	8.557217e-03	3.096794e-02	0.000000e+00	2.820902e-02	0.000000e+00	1.081021e-03	1.078102e-02	2.549335e-01	2.874293e-01
2.549335e-01	0.000000e+00	2.742798e-03	1.612617e-02	6.241928e-03	3.073782e-05	1.185944e-02	2.414139e-02	1.221606e-02	4.570426e-03	4.127853e-03	3.401269e-03	1.562815e-03	0.000000e+00	0.000000e+00	5.523076e-06	1.481642e-02	0.000000e+00	0.000000e+00	0.000000e+00	6.296472e-04	0.000000e+00	7.605300e-03	8.557217e-03	3.096794e-02	0.000000e+00	2.820902e-02	0.000000e+00	1.081021e-03	1.078102e-02	2.549335e-01	2.874293e-01
2.549335e-01	0.000000e+00	2.742798e-03	1.612617e-02	6.241928e-03	3.073782e-05	1.185944e-02	2.414139e-02	1.221606e-02	4.570426e-03	4.127853e-03	3.401269e-03	1.562815e-03	0.000000e+00	0.000000e+00	5.523076e-06	1.481642e-02	0.000000e+00	0.000000e+00	0.000000e+00	6.296472e-04	0.000000e+00	7.605300e-03	8.557217e-03	3.096794e-02	0.000000e+00	2.820902e-02	0.000000e+00	1.081021e-03	1.078102e-02	2.549335e-01	2.874293e-01
2.549335e-01	0.000000e+00	2.742798e-03	1.612617e-02	6.241928e-03	3.073782e-05	1.185944e-02	2.414139e-02	1.221606e-02	4.570426e-03	4.127853e-03	3.401269e-03	1.562815e-03	0.000000e+00	0.000000e+00	5.523076e-06	1.481642e-02	0.000000e+00	0.000000e+00	0.000000e+00	6.296472e-04	0.000000e+00	7.605300e-03	8.557217e-03	3.096794e-02	0.000000e+00	2.820902e-02	0.000000e+00	1.081021e-03	1.078102e-02	2.549335e-01	2.874293e-01
2.549335e-01	0.000000e+00	2.742798e-03	1.612617e-02	6.241928e-03	3.073782e-05	1.185944e-02	2.414139e-02	1.221606e-02	4.570426e-03	4.127853e-03	3.401269e-03	1.562815e-03	0.000000e+00	0.000000e+00	5.523076e-06	1.481642e-02	0.000000e+00	0.000000e+00	0.000000e+00	6.296472e-04	0.000000e+00	7.605300e-03	8.557217e-03	3.096794e-02	0.000000e+00	2.820902e-02	0.000000e+00	1.081021e-03	1.078102e-02	2.549335e-01	2.874293e-01
2.549335e-01	0.000000e+00	2.742798e-03	1.612617e-02	6.241928e-03	3.073782e-05	1.185944e-02	2.414139e-02	1.221606e-02	4.570426e-03	4.127853e-03	3.401269e-03	1.562815e-03	0.000000e+00	0.000000e+00	5.523076e-06	1.481642e-02	0.000000e+00	0.000000e+00	0.000000e+00	6.296472e-04	0.000000e+00	7.605300e-03	8.557217e-03	3.096794e-02	0.000000e+00	2.820902e-02	0.000000e+00	1.081021e-03	1.078102e-02	2.549335e-01	2.874293e-01
2.549335e-01	0.000000e+00	2.742798e-03	1.612617e-02	6.241928e-03	3.073782e-05	1.185944e-02	2.414139e-02	1.221606e-02	4.570426e-03	4.127853e-03	3.401269e-03	1.562815e-03	0.000000e+00	0.000000e+00	5.523076e-06	1.481642e-02	0.000000e+00	0.000000e+00	0.000000e+00	6.296472e-04	0.000000e+00	7.605300e-03	8.557217e-03	3.096794e-02	0.000000e+00	2.820902e-02	0.000000e+00	1.081021e-03	1.078102e-02	2.549335e-01	2.874293e-01
2.468834e-01	0.000000e+00	0.000000e+00	1.525521e-02	0.000000e+00	1.983085e-05	3.425947e-02	2.414139e-02	6.735767e-03	0.000000e+00	9.719476e-03	3.401269e-03	0.000000e+00	0.000000e+00	0.000000e+00	1.189532e-02	4.350312e-02	3.219654e-02	0.000000e+00	0.000000e+00	0.000000e+00	0.000000e+00	0.000000e+00	2.545512e-02	0.000000e+00	8.904018e-03	2.416938e-02	0.000000e+00	6.809961e-02	1.157358e-02	2.468834e-01	3.324885e-01
2.388333e-01	0.000000e+00	5.033242e-03	8.717264e-03	6.241928e-03	3.498636e-03	0.000000e+00	2.414139e-02	0.000000e+00	4.732011e-03	1.005042e-02	3.401269e-03	0.000000e+00	0.000000e+00	0.000000e+00	1.380769e-05	1.101588e-02	0.000000e+00	5.724447e-04	0.000000e+00	6.480173e-02	7.904955e-03	0.000000e+00	7.746202e-02	2.602618e-02	0.000000e+00	2.416938e-02	0.000000e+00	5.405104e-04	1.456719e-02	2.388333e-01	3.561766e-01
2.348560e-01	0.000000e+00	0.000000e+00	9.806085e-03	0.000000e+00	1.933508e-05	6.083015e-02	2.414139e-02	3.125646e-03	5.925999e-02	1.290591e-02	3.401269e-03	0.000000e+00	1.360127e-02	0.000000e+00	1.189601e-02	5.473260e-02	1.194398e-03	0.000000e+00	0.000000e+00	3.054450e-03	0.000000e+00	0.000000e+00	4.514892e-02	3.474725e-03	0.000000e+00	2.214957e-02	0.000000e+00	1.081021e-03	1.432467e-02	2.348560e-01	3.881881e-01
2.240116e-01	0.000000e+00	0.000000e+00	1.089825e-02	7.802410e-03	4.461942e-05	7.948831e-02	2.414139e-02	3.479894e-03	4.732011e-03	6.191779e-03	3.401269e-03	0.000000e+00	0.000000e+00	3.818217e-02	0.000000e+00	2.347138e-02	0.000000e+00	0.000000e+00	0.000000e+00	0.000000e+00	0.000000e+00	0.000000e+00	8.557217e-03	6.080768e-03	0.000000e+00	2.693596e-02	0.000000e+00	1.081021e-03	1.976528e-02	2.240116e-01	4.362798e-01
2.147784e-01	0.000000e+00	0.000000e+00	1.307673e-02	4.681446e-03	4.263633e-05	0.000000e+00	2.414139e-02	6.511744e-03	2.366006e-03	1.687360e-02	3.401269e-03	0.000000e+00	0.000000e+00	0.000000e+00	0.000000e+00	1.846345e-02	2.388796e-03	0.000000e+00	0.000000e+00	1.620043e-02	1.150946e-03	0.000000e+00	4.332743e-03	0.000000e+00	0.000000e+00	5.144356e-02	0.000000e+00	1.081021e-03	1.628318e-02	2.147784e-01	4.840648e-01
2.072333e-01	0.000000e+00	0.000000e+00	1.307422e-02	0.000000e+00	0.000000e+00	0.000000e+00	0.000000e+00	6.735767e-03	0.000000e+00	0.000000e+00	4.589989e-03	0.000000e+00	0.000000e+00	0.000000e+00	1.427190e-02	4.350312e-02	3.219654e-02	0.000000e+00	0.000000e+00	3.560567e-02	9.848747e-04	2.224792e-02	0.000000e+00	0.000000e+00	8.682671e-03	5.252006e-02	2.667634e-02	6.809961e-02	3.431989e-03	2.072333e-01	5.783918e-01
1.979452e-01	0.000000e+00	2.742798e-03	1.242172e-02	6.241928e-03	3.073782e-05	1.185944e-02	2.150920e-02	1.221606e-02	4.570426e-03	7.089138e-03	3.401269e-03	1.562815e-03	0.000000e+00	0.000000e+00	4.760063e-03	1.914390e-02	0.000000e+00	3.967593e-05	0.000000e+00	6.296472e-04	3.952478e-03	7.605300e-03	8.557217e-03	3.096794e-02	0.000000e+00	2.820902e-02	0.000000e+00	5.405104e-04	1.078102e-02	1.979452e-01	6.160441e-01
1.890647e-01	0.000000e+00	6.622050e-03	4.355283e-03	1.035146e-02	0.000000e+00	1.096936e-02	2.112889e-02	3.479894e-03	1.356243e-02	4.127853e-03	3.401269e-03	0.000000e+00	0.000000e+00	0.000000e+00	9.514602e-03	2.347138e-02	2.388796e-03	0.000000e+00	0.000000e+00	0.000000e+00	0.000000e+00	0.000000e+00	8.557217e-03	2.602618e-02	0.000000e+00	1.863624e-02	0.000000e+00	0.000000e+00	1.196814e-02	1.890647e-01	6.723960e-01
1.832659e-01	0.000000e+00	0.000000e+00	2.031069e-02	6.276650e-03	2.974628e-05	7.948831e-02	0.000000e+00	4.349868e-03	1.996073e-02	7.448082e-03	1.106274e-03	0.000000e+00	2.720253e-02	2.751340e-02	7.139403e-03	3.727537e-02	0.000000e+00	0.000000e+00	0.000000e+00	3.913941e-02	0.000000e+00	0.000000e+00	4.942753e-02	0.000000e+00	0.000000e+00	1.699835e-02	0.000000e+00	1.081021e-03	1.368414e-02	1.832659e-01	7.519284e-01
1.111208e-01	0.000000e+00	3.661843e-03	4.682791e-03	0.000000e+00	1.724034e-03	5.138921e-02	2.442023e-03	0.000000e+00	1.778032e-02	7.089138e-03	3.401269e-03	0.000000e+00	5.422335e-02	0.000000e+00	7.134571e-03	1.067565e-02	0.000000e+00	3.967593e-05	0.000000e+00	4.971679e-03	1.364295e-02	0.000000e+00	1.667786e-02	0.000000e+00	6.622677e-03	0.000000e+00	0.000000e+00	8.107656e-04	1.269328e-02	1.111208e-01	7.616857e-01
1.111208e-01	0.000000e+00	3.661843e-03	4.682791e-03	0.000000e+00	1.724034e-03	5.138921e-02	2.442023e-03	0.000000e+00	1.778032e-02	7.089138e-03	3.401269e-03	0.000000e+00	5.422335e-02	0.000000e+00	7.134571e-03	1.067565e-02	0.000000e+00	3.967593e-05	0.000000e+00	4.971679e-03	1.364295e-02	0.000000e+00	1.667786e-02	0.000000e+00	6.622677e-03	0.000000e+00	0.000000e+00	8.107656e-04	1.269328e-02	1.111208e-01	7.616857e-01
1.111208e-01	0.000000e+00	3.661843e-03	4.682791e-03	0.000000e+00	1.724034e-03	5.138921e-02	2.442023e-03	0.000000e+00	1.778032e-02	7.089138e-03	3.401269e-03	0.000000e+00	5.422335e-02	0.000000e+00	7.134571e-03	1.067565e-02	0.000000e+00	3.967593e-05	0.000000e+00	4.971679e-03	1.364295e-02	0.000000e+00	1.667786e-02	0.000000e+00	6.622677e-03	0.000000e+00	0.000000e+00	8.107656e-04	1.269328e-02	1.111208e-01	7.616857e-01
1.111208e-01	0.000000e+00	3.661843e-03	4.682791e-03	0.000000e+00	1.724034e-03	5.138921e-02	2.442023e-03	0.000000e+00	1.778032e-02	7.089138e-03	3.401269e-03	0.000000e+00	5.422335e-02	0.000000e+00	7.134571e-03	1.067565e-02	0.000000e+00	3.967593e-05	0.000000e+00	4.971679e-03	1.364295e-02	0.000000e+00	1.667786e-02	0.000000e+00	6.622677e-03	0.000000e+00	0.000000e+00	8.107656e-04	1.269328e-02	1.111208e-01	7.616857e-01
6.278468e-02	0.000000e+00	0.000000e+00	8.713916e-03	0.000000e+00	1.708665e-03	0.000000e+00	0.000000e+00	9.448477e-03	1.888253e-02	3.544569e-03	3.401269e-03	0.000000e+00	5.440507e-02	6.623814e-02	0.000000e+00	2.182588e-02	1.609827e-02	8.189912e-04	0.000000e+00	2.245969e-02	7.322876e-03	7.321310e-03	1.239925e-02	0.000000e+00	0.000000e+00	7.637998e-04	1.333817e-02	3.459032e-02	9.018767e-03	6.278468e-02	7.767018e-01
6.278468e-02	0.000000e+00	0.000000e+00	8.713916e-03	0.000000e+00	1.708665e-03	0.000000e+00	0.000000e+00	9.448477e-03	1.888253e-02	3.544569e-03	3.401269e-03	0.000000e+00	5.440507e-02	6.623814e-02	0.000000e+00	2.182588e-02	1.609827e-02	8.189912e-04	0.000000e+00	2.245969e-02	7.322876e-03	7.321310e-03	1.239925e-02	0.000000e+00	0.000000e+00	7.637998e-04	1.333817e-02	3.459032e-02	9.018767e-03	6.278468e-02	7.767018e-01
6.278468e-02	0.000000e+00	0.000000e+00	8.713916e-03	0.000000e+00	1.708665e-03	0.000000e+00	0.000000e+00	9.448477e-03	1.888253e-02	3.544569e-03	3.401269e-03	0.000000e+00	5.440507e-02	6.623814e-02	0.000000e+00	2.182588e-02	1.609827e-02	8.189912e-04	0.000000e+00	2.245969e-02	7.322876e-03	7.321310e-03	1.239925e-02	0.000000e+00	0.000000e+00	7.637998e-04	1.333817e-02	3.459032e-02	9.018767e-03	6.278468e-02	7.767018e-01
3.656266e-02	0.000000e+00	0.000000e+00	2.140286e-02	1.035146e-02	6.145419e-03	3.974415e-02	2.112889e-02	0.000000e+00	3.122327e-02	1.197975e-02	1.106274e-03	0.000000e+00	0.000000e+00	0.000000e+00	7.139403e-03	2.347138e-02	0.000000e+00	0.000000e+00	0.000000e+00	0.000000e+00	3.751080e-03	0.000000e+00	6.636199e-03	2.602618e-02	8.682671e-03	1.308608e-02	0.000000e+00	0.000000e+00	1.196814e-02	3.656266e-02	8.440058e-01
2.279097e-02	0.000000e+00	5.033242e-03	4.355283e-03	7.871854e-03	3.498636e-03	0.000000e+00	2.112889e-02	0.000000e+00	1.888253e-02	1.005042e-02	3.401269e-03	0.000000e+00	5.422335e-02	0.000000e+00	9.514602e-03	1.101588e-02	2.388796e-03	5.724447e-04	0.000000e+00	0.000000e+00	1.504371e-02	0.000000e+00	7.746202e-02	2.602618e-02	0.000000e+00	1.259389e-02	3.613679e-02	5.405104e-04	1.456719e-02	2.279097e-02	9.301862e-01
8.642369e-03	0.000000e+00	0.000000e+00	9.458500e-03	0.000000e+00	0.000000e+00	3.425947e-02	0.000000e+00	6.679761e-03	0.000000e+00	3.411587e-03	4.589989e-03	0.000000e+00	2.720253e-02	0.000000e+00	9.514602e-03	2.035751e-02	3.339094e-02	5.197104e-04	0.000000e+00	9.943357e-03	0.000000e+00	0.000000e+00	5.990752e-02	0.000000e+00	4.562682e-03	3.625408e-02	0.000000e+00	0.000000e+00	1.680659e-02	8.642369e-03	9.867281e-01
0.000000e+00	0.000000e+00	0.000000e+00	2.031069e-02	0.000000e+00	6.977441e-03	0.000000e+00	0.000000e+00	1.120111e-04	1.996073e-02	1.435775e-02	1.106274e-03	0.000000e+00	0.000000e+00	5.876391e-02	7.139403e-03	5.730711e-02	0.000000e+00	7.935187e-05	0.000000e+00	9.943357e-03	7.412518e-03	0.000000e+00	8.557217e-03	0.000000e+00	8.682671e-03	0.000000e+00	0.000000e+00	0.000000e+00	1.863799e-02	0.000000e+00	1.074281e+00
