6.458914e-01	5.636352e-02	0.000000e+00	1.898600e-02	9.848614e-02	3.563623e-02	3.126414e-02	0.000000e+00	3.184223e-02	0.000000e+00	4.270787e-02	2.517278e-02	1.715668e-02	0.000000e+00	0.000000e+00	1.203148e-02	1.406583e-03	1.601775e-03	1.355516e-02	2.024441e-02	0.000000e+00	7.971112e-03	1.622156e-03	3.403866e-01	1.254624e-01	5.709160e-03	0.000000e+00	0.000000e+00	5.923476e-03	2.587758e-02	6.458914e-01	-2.663306e-01
6.458914e-01	5.636352e-02	0.000000e+00	1.898600e-02	9.848614e-02	3.563623e-02	3.126414e-02	0.000000e+00	3.184223e-02	0.000000e+00	4.270787e-02	2.517278e-02	1.715668e-02	0.000000e+00	0.000000e+00	1.203148e-02	1.406583e-03	1.601775e-03	1.355516e-02	2.024441e-02	0.000000e+00	7.971112e-03	1.622156e-03	3.403866e-01	1.254624e-01	5.709160e-03	0.000000e+00	0.000000e+00	5.923476e-03	2.587758e-02	6.458914e-01	-2.663306e-01
6.446823e-01	5.636352e-02	0.000000e+00	1.842044e-02	9.848614e-02	1.269010e-02	3.126414e-02	0.000000e+00	4.295237e-02	2.885575e-02	4.270787e-02	2.910724e-02	1.715668e-02	0.000000e+00	0.000000e+00	2.741456e-02	6.830461e-03	0.000000e+00	1.369984e-02	6.846884e-02	0.000000e+00	4.201191e-05	4.922513e-03	3.361599e-01	5.622021e-02	9.991031e-03	0.000000e+00	0.000000e+00	0.000000e+00	2.587758e-02	6.446823e-01	-2.590169e-01
6.446823e-01	5.636352e-02	0.000000e+00	1.842044e-02	9.848614e-02	1.269010e-02	3.126414e-02	0.000000e+00	4.295237e-02	2.885575e-02	4.270787e-02	2.910724e-02	1.715668e-02	0.000000e+00	0.000000e+00	2.741456e-02	6.830461e-03	0.000000e+00	1.369984e-02	6.846884e-02	0.000000e+00	4.201191e-05	4.922513e-03	3.361599e-01	5.622021e-02	9.991031e-03	0.000000e+00	0.000000e+00	0.000000e+00	2.587758e-02	6.446823e-01	-2.590169e-01
6.446823e-01	5.636352e-02	0.000000e+00	1.842044e-02	9.848614e-02	1.269010e-02	3.126414e-02	0.000000e+00	4.295237e-02	2.885575e-02	4.270787e-02	2.910724e-02	1.715668e-02	0.000000e+00	0.000000e+00	2.741456e-02	6.830461e-03	0.000000e+00	1.369984e-02	6.846884e-02	0.000000e+00	4.201191e-05	4.922513e-03	3.361599e-01	5.622021e-02	9.991031e-03	0.000000e+00	0.000000e+00	0.000000e+00	2.587758e-02	6.446823e-01	-2.590169e-01
6.389126e-01	5.636352e-02	0.000000e+00	1.928908e-02	9.848614e-02	1.269010e-02	3.126414e-02	0.000000e+00	4.295237e-02	0.000000e+00	4.270787e-02	2.910724e-02	1.715668e-02	0.000000e+00	0.000000e+00	1.408256e-02	1.406583e-03	1.601775e-03	1.369984e-02	2.024441e-02	0.000000e+00	1.594222e-02	1.622156e-03	3.403866e-01	5.622021e-02	5.709160e-03	0.000000e+00	0.000000e+00	1.184695e-02	2.587758e-02	6.389126e-01	-2.336031e-01
6.389126e-01	5.636352e-02	0.000000e+00	1.928908e-02	9.848614e-02	1.269010e-02	3.126414e-02	0.000000e+00	4.295237e-02	0.000000e+00	4.270787e-02	2.910724e-02	1.715668e-02	0.000000e+00	0.000000e+00	1.408256e-02	1.406583e-03	1.601775e-03	1.369984e-02	2.024441e-02	0.000000e+00	1.594222e-02	1.622156e-03	3.403866e-01	5.622021e-02	5.709160e-03	0.000000e+00	0.000000e+00	1.184695e-02	2.587758e-02	6.389126e-01	-2.336031e-01
6.389126e-01	5.636352e-02	0.000000e+00	1.928908e-02	9.848614e-02	1.269010e-02	3.126414e-02	0.000000e+00	4.295237e-02	0.000000e+00	4.270787e-02	2.910724e-02	1.715668e-02	0.000000e+00	0.000000e+00	1.408256e-02	1.406583e-03	1.601775e-03	1.369984e-02	2.024441e-02	0.000000e+00	1.594222e-02	1.622156e-03	3.403866e-01	5.622021e-02	5.709160e-03	0.000000e+00	0.000000e+00	1.184695e-02	2.587758e-02	6.389126e-01	-2.336031e-01
6.389126e-01	5.636352e-02	0.000000e+00	1.876410e-02	9.848614e-02	1.269010e-02	3.126414e-02	0.000000e+00	4.295237e-02	2.885575e-02	4.270787e-02	2.910724e-02	1.715668e-02	0.000000e+00	0.000000e+00	2.741456e-02	1.225434e-02	1.762727e-02	1.369984e-02	6.846884e-02	0.000000e+00	5.286067e-03	8.222870e-03	3.432045e-01	5.622021e-02	2.854580e-03	0.000000e+00	0.000000e+00	5.923476e-03	2.587758e-02	6.389126e-01	-2.121642e-01
6.389126e-01	5.636352e-02	0.000000e+00	1.876410e-02	9.848614e-02	1.269010e-02	3.126414e-02	0.000000e+00	4.295237e-02	2.885575e-02	4.270787e-02	2.910724e-02	1.715668e-02	0.000000e+00	0.000000e+00	2.741456e-02	1.225434e-02	1.762727e-02	1.369984e-02	6.846884e-02	0.000000e+00	5.286067e-03	8.222870e-03	3.432045e-01	5.622021e-02	2.854580e-03	0.000000e+00	0.000000e+00	5.923476e-03	2.587758e-02	6.389126e-01	-2.121642e-01
6.389126e-01	5.636352e-02	0.000000e+00	1.990472e-02	9.848614e-02	1.269010e-02	3.126414e-02	0.000000e+00	4.295237e-02	0.000000e+00	1.475043e-02	2.910724e-02	1.715668e-02	1.683952e-02	0.000000e+00	2.741456e-02	1.225434e-02	5.108810e-02	1.369984e-02	6.846884e-02	3.517629e-02	3.442245e-02	8.222870e-03	3.326376e-01	5.622021e-02	7.850096e-03	0.000000e+00	0.000000e+00	1.777043e-02	3.063627e-02	6.389126e-01	-1.980296e-01
6.389126e-01	5.636352e-02	0.000000e+00	1.990472e-02	9.848614e-02	1.269010e-02	3.126414e-02	0.000000e+00	4.295237e-02	0.000000e+00	1.475043e-02	2.910724e-02	1.715668e-02	1.683952e-02	0.000000e+00	2.741456e-02	1.225434e-02	5.108810e-02	1.369984e-02	6.846884e-02	3.517629e-02	3.442245e-02	8.222870e-03	3.326376e-01	5.622021e-02	7.850096e-03	0.000000e+00	0.000000e+00	1.777043e-02	3.063627e-02	6.389126e-01	-1.980296e-01
6.389126e-01	5.636352e-02	0.000000e+00	1.990472e-02	9.848614e-02	1.269010e-02	3.126414e-02	0.000000e+00	4.295237e-02	0.000000e+00	1.475043e-02	2.910724e-02	1.715668e-02	1.683952e-02	0.000000e+00	2.741456e-02	1.225434e-02	5.108810e-02	1.369984e-02	6.846884e-02	3.517629e-02	3.442245e-02	8.222870e-03	3.326376e-01	5.622021e-02	7.850096e-03	0.000000e+00	0.000000e+00	1.777043e-02	3.063627e-02	6.389126e-01	-1.980296e-01
6.360277e-01	5.636352e-02	0.000000e+00	1.823912e-02	9.661977e-02	0.000000e+00	3.126414e-02	0.000000e+00	6.377404e-02	1.442787e-02	4.270787e-02	1.336941e-02	7.780547e-03	0.000000e+00	0.000000e+00	2.536348e-02	1.582405e-03	0.000000e+00	1.341048e-02	2.024441e-02	1.758814e-02	0.000000e+00	8.222870e-03	3.460223e-01	2.088788e-01	2.854580e-03	0.000000e+00	0.000000e+00	0.000000e+00	2.111888e-02	6.360277e-01	-1.763130e-01
6.360277e-01	5.636352e-02	0.000000e+00	1.823912e-02	1.005346e-01	6.345048e-03	3.126414e-02	0.000000e+00	4.745848e-02	4.328362e-02	1.568234e-02	1.795961e-02	0.000000e+00	1.549573e-02	5.183918e-03	3.202948e-02	1.582405e-03	7.031165e-02	1.719713e-02	8.052495e-02	2.638222e-02	3.838700e-02	4.922513e-03	3.333420e-01	5.622021e-02	7.850096e-03	0.000000e+00	0.000000e+00	5.923476e-03	2.825693e-02	6.360277e-01	-1.659948e-01
6.360277e-01	5.636352e-02	0.000000e+00	1.823912e-02	1.005346e-01	6.345048e-03	3.126414e-02	0.000000e+00	4.745848e-02	4.328362e-02	1.568234e-02	1.795961e-02	0.000000e+00	1.549573e-02	5.183918e-03	3.202948e-02	1.582405e-03	7.031165e-02	1.719713e-02	8.052495e-02	2.638222e-02	3.838700e-02	4.922513e-03	3.333420e-01	5.622021e-02	7.850096e-03	0.000000e+00	0.000000e+00	5.923476e-03	2.825693e-02	6.360277e-01	-1.659948e-01
6.360277e-01	5.636352e-02	0.000000e+00	1.823912e-02	1.005346e-01	6.345048e-03	3.126414e-02	0.000000e+00	4.745848e-02	4.328362e-02	1.568234e-02	1.795961e-02	0.000000e+00	1.549573e-02	5.183918e-03	3.202948e-02	1.582405e-03	7.031165e-02	1.719713e-02	8.052495e-02	2.638222e-02	3.838700e-02	4.922513e-03	3.333420e-01	5.622021e-02	7.850096e-03	0.000000e+00	0.000000e+00	5.923476e-03	2.825693e-02	6.360277e-01	-1.659948e-01
6.334540e-01	5.636352e-02	1.942325e-02	2.033903e-02	9.848614e-02	0.000000e+00	3.126414e-02	0.000000e+00	5.196460e-02	2.885575e-02	1.475043e-02	2.910724e-02	3.590894e-02	1.683952e-02	0.000000e+00	2.536348e-02	0.000000e+00	5.188898e-02	6.135990e-02	2.702361e-02	3.517629e-02	4.237256e-02	1.622156e-03	3.347509e-01	0.000000e+00	5.709160e-03	0.000000e+00	0.000000e+00	2.369390e-02	3.063627e-02	6.334540e-01	-1.418090e-01
6.320115e-01	5.636352e-02	1.942325e-02	2.060152e-02	9.661977e-02	1.528238e-02	3.126414e-02	0.000000e+00	4.155376e-02	1.442787e-02	1.475043e-02	1.336941e-02	7.780547e-03	1.683952e-02	1.036784e-02	2.536348e-02	5.335967e-03	6.070262e-02	6.150458e-02	5.113583e-02	1.758814e-02	4.501559e-02	1.622156e-03	3.333420e-01	0.000000e+00	2.854580e-03	0.000000e+00	0.000000e+00	0.000000e+00	3.301562e-02	6.320115e-01	-1.342171e-01
6.305691e-01	5.636352e-02	1.942325e-02	2.033903e-02	9.848614e-02	8.937328e-03	3.126414e-02	0.000000e+00	1.933349e-02	2.885575e-02	9.158941e-03	2.910724e-02	3.590894e-02	2.490225e-02	0.000000e+00	1.818471e-02	0.000000e+00	6.194642e-02	4.081015e-02	2.702361e-02	3.517629e-02	2.651436e-02	1.622156e-03	3.347509e-01	0.000000e+00	5.709160e-03	0.000000e+00	0.000000e+00	2.369390e-02	3.063627e-02	6.305691e-01	-1.177328e-01
6.305691e-01	5.636352e-02	1.942325e-02	2.033903e-02	1.005346e-01	8.937328e-03	3.126414e-02	0.000000e+00	1.933349e-02	4.328362e-02	1.381852e-02	2.910724e-02	3.884342e-03	2.490225e-02	0.000000e+00	1.818471e-02	0.000000e+00	6.194642e-02	4.081015e-02	2.702361e-02	3.517629e-02	3.971902e-02	1.622156e-03	3.347509e-01	2.811011e-02	3.925048e-03	0.000000e+00	0.000000e+00	2.369390e-02	2.825693e-02	6.305691e-01	-1.124089e-01
6.305691e-01	5.636352e-02	1.942325e-02	2.033903e-02	1.005346e-01	8.937328e-03	3.126414e-02	0.000000e+00	1.933349e-02	4.328362e-02	1.381852e-02	2.910724e-02	3.884342e-03	2.490225e-02	0.000000e+00	1.818471e-02	0.000000e+00	6.194642e-02	4.081015e-02	2.702361e-02	3.517629e-02	3.971902e-02	1.622156e-03	3.347509e-01	2.811011e-02	3.925048e-03	0.000000e+00	0.000000e+00	2.369390e-02	2.825693e-02	6.305691e-01	-1.124089e-01
6.297120e-01	5.636352e-02	2.913487e-02	2.243426e-02	9.746189e-02	0.000000e+00	3.126414e-02	0.000000e+00	3.883451e-02	4.328362e-02	1.381852e-02	3.943519e-02	6.484698e-02	2.342483e-02	0.000000e+00	2.169973e-03	0.000000e+00	5.776381e-02	5.261666e-02	2.729482e-04	2.198518e-02	2.057803e-02	1.622156e-03	3.799541e-01	0.000000e+00	3.211403e-03	0.000000e+00	5.715071e-04	3.257912e-02	3.065946e-02	6.297120e-01	-9.104363e-02
6.282696e-01	3.656129e-02	1.942325e-02	2.229832e-02	9.448021e-02	0.000000e+00	3.126414e-02	0.000000e+00	4.108756e-02	1.442787e-02	1.568234e-02	4.648443e-02	2.492536e-02	1.657225e-02	0.000000e+00	0.000000e+00	1.134044e-03	6.256833e-02	3.046293e-02	2.702361e-02	8.794072e-03	3.708649e-02	1.622156e-03	4.244529e-01	0.000000e+00	0.000000e+00	0.000000e+00	1.143014e-03	2.369390e-02	3.063627e-02	6.282696e-01	-8.205054e-02
6.275275e-01	4.646241e-02	1.942325e-02	2.190694e-02	9.652871e-02	4.468664e-03	3.126414e-02	0.000000e+00	4.108756e-02	5.049756e-02	1.614830e-02	3.861551e-02	1.641119e-02	1.254088e-02	0.000000e+00	0.000000e+00	1.901014e-03	9.589207e-02	4.081015e-02	4.039895e-02	0.000000e+00	2.651436e-02	7.742125e-03	3.566481e-01	0.000000e+00	1.866307e-02	0.000000e+00	2.857536e-04	2.369390e-02	2.826852e-02	6.275275e-01	-6.662745e-02
6.273132e-01	4.646241e-02	2.913487e-02	2.164562e-02	9.652871e-02	0.000000e+00	3.126414e-02	0.000000e+00	2.251895e-02	2.164181e-02	1.591532e-02	3.238595e-02	9.184286e-02	1.909092e-02	2.591959e-03	1.704028e-02	1.901014e-03	6.299208e-02	4.766007e-02	3.371128e-02	0.000000e+00	1.931896e-02	4.682140e-03	3.679489e-01	0.000000e+00	2.676169e-03	0.000000e+00	4.286303e-04	2.147260e-02	2.827431e-02	6.273132e-01	-6.295677e-02
6.273132e-01	4.646241e-02	2.913487e-02	2.164562e-02	9.652871e-02	0.000000e+00	3.126414e-02	0.000000e+00	2.251895e-02	2.164181e-02	1.591532e-02	3.238595e-02	9.184286e-02	1.909092e-02	2.591959e-03	1.704028e-02	1.901014e-03	6.299208e-02	4.766007e-02	3.371128e-02	0.000000e+00	1.931896e-02	4.682140e-03	3.679489e-01	0.000000e+00	2.676169e-03	0.000000e+00	4.286303e-04	2.147260e-02	2.827431e-02	6.273132e-01	-6.295677e-02
6.247994e-01	3.656129e-02	1.942325e-02	2.295220e-02	9.252278e-02	0.000000e+00	3.126414e-02	0.000000e+00	4.108756e-02	2.885575e-02	1.288660e-02	3.566467e-02	3.590894e-02	1.952710e-02	0.000000e+00	1.613364e-02	3.802028e-03	6.529890e-02	5.450998e-02	2.702361e-02	3.517629e-02	3.708649e-02	7.742125e-03	2.866909e-01	0.000000e+00	2.854580e-03	0.000000e+00	1.143014e-03	2.369390e-02	3.063627e-02	6.247994e-01	-3.988906e-02
6.259019e-01	3.656129e-02	2.427906e-02	1.121478e-02	9.452574e-02	1.121591e-03	4.689620e-02	3.224130e-02	1.004919e-02	4.328362e-02	1.673075e-02	2.078318e-02	4.689251e-02	6.490534e-02	0.000000e+00	0.000000e+00	0.000000e+00	0.000000e+00	1.685810e-02	4.039895e-02	0.000000e+00	3.111901e-02	6.212133e-03	2.866909e-01	0.000000e+00	2.140935e-03	0.000000e+00	7.858223e-04	2.733062e-02	2.828880e-02	6.259019e-01	-7.261693e-02
6.236287e-01	3.656129e-02	1.942325e-02	2.242957e-02	9.252278e-02	0.000000e+00	3.126414e-02	0.000000e+00	1.933349e-02	0.000000e+00	1.614830e-02	3.861551e-02	5.787609e-02	1.254088e-02	0.000000e+00	0.000000e+00	3.802028e-03	6.194642e-02	4.081015e-02	2.702361e-02	0.000000e+00	2.651436e-02	7.742125e-03	4.237484e-01	0.000000e+00	2.854580e-03	0.000000e+00	1.143014e-03	2.369390e-02	2.830329e-02	6.236287e-01	-1.636000e-02
6.236287e-01	3.656129e-02	1.942325e-02	2.242957e-02	9.252278e-02	0.000000e+00	3.126414e-02	0.000000e+00	1.933349e-02	0.000000e+00	1.614830e-02	3.861551e-02	5.787609e-02	1.254088e-02	0.000000e+00	0.000000e+00	3.802028e-03	6.194642e-02	4.081015e-02	2.702361e-02	0.000000e+00	2.651436e-02	7.742125e-03	4.237484e-01	0.000000e+00	2.854580e-03	0.000000e+00	1.143014e-03	2.369390e-02	2.830329e-02	6.236287e-01	-1.636000e-02
6.236287e-01	3.656129e-02	1.942325e-02	2.242957e-02	9.252278e-02	0.000000e+00	3.126414e-02	0.000000e+00	1.933349e-02	0.000000e+00	1.614830e-02	3.861551e-02	5.787609e-02	1.254088e-02	0.000000e+00	0.000000e+00	3.802028e-03	6.194642e-02	4.081015e-02	2.702361e-02	0.000000e+00	2.651436e-02	7.742125e-03	4.237484e-01	0.000000e+00	2.854580e-03	0.000000e+00	1.143014e-03	2.369390e-02	2.830329e-02	6.236287e-01	-1.636000e-02
6.236287e-01	4.646241e-02	2.913487e-02	2.242957e-02	9.652871e-02	0.000000e+00	3.126414e-02	6.448259e-02	2.251895e-02	0.000000e+00	1.591532e-02	0.000000e+00	9.184286e-02	1.909092e-02	0.000000e+00	0.000000e+00	0.000000e+00	6.194642e-02	4.515074e-02	5.377428e-02	0.000000e+00	3.444346e-02	4.682140e-03	4.929816e-01	0.000000e+00	2.854580e-03	0.000000e+00	4.286303e-04	3.096735e-02	2.827431e-02	6.236287e-01	2.471309e-02
6.207807e-01	3.656129e-02	1.942325e-02	2.242957e-02	9.252278e-02	0.000000e+00	3.126414e-02	0.000000e+00	1.933349e-02	0.000000e+00	1.451745e-02	3.861551e-02	5.787609e-02	1.277947e-02	0.000000e+00	9.092357e-03	3.802028e-03	6.194642e-02	4.081015e-02	2.702361e-02	0.000000e+00	2.651436e-02	7.742125e-03	4.237484e-01	0.000000e+00	2.854580e-03	0.000000e+00	1.143014e-03	2.369390e-02	2.830329e-02	6.207807e-01	3.175133e-02
6.236287e-01	4.646241e-02	2.913487e-02	2.242957e-02	9.652871e-02	0.000000e+00	3.126414e-02	6.448259e-02	2.251895e-02	0.000000e+00	1.591532e-02	0.000000e+00	9.184286e-02	1.909092e-02	0.000000e+00	0.000000e+00	0.000000e+00	6.194642e-02	4.515074e-02	5.377428e-02	0.000000e+00	3.444346e-02	4.682140e-03	4.929816e-01	0.000000e+00	2.854580e-03	0.000000e+00	4.286303e-04	3.096735e-02	2.827431e-02	6.236287e-01	2.471309e-02
6.190825e-01	3.656129e-02	1.942325e-02	2.295220e-02	9.252278e-02	0.000000e+00	0.000000e+00	0.000000e+00	4.108756e-02	2.885575e-02	1.475043e-02	3.566467e-02	3.590894e-02	1.952710e-02	0.000000e+00	1.921025e-02	6.020652e-02	6.529890e-02	9.956136e-02	2.702361e-02	0.000000e+00	3.708649e-02	7.742125e-03	2.866909e-01	0.000000e+00	2.854580e-03	0.000000e+00	1.143014e-03	2.369390e-02	2.830329e-02	6.190825e-01	6.160698e-02
4.407980e-01	3.656129e-02	4.855811e-03	1.121478e-02	5.673327e-02	1.121591e-03	3.006565e-02	3.224130e-02	1.389497e-02	4.328362e-02	0.000000e+00	0.000000e+00	4.689251e-02	6.490534e-02	0.000000e+00	1.255925e-02	0.000000e+00	0.000000e+00	1.685810e-02	4.039895e-02	0.000000e+00	3.111901e-02	7.742125e-03	2.866909e-01	0.000000e+00	2.140935e-03	0.000000e+00	1.143014e-03	2.349311e-02	7.563350e-04	4.407980e-01	7.628996e-02
4.407980e-01	3.656129e-02	4.855811e-03	1.121478e-02	5.673327e-02	1.121591e-03	3.006565e-02	3.224130e-02	1.389497e-02	4.328362e-02	0.000000e+00	0.000000e+00	4.689251e-02	6.490534e-02	0.000000e+00	1.255925e-02	0.000000e+00	0.000000e+00	1.685810e-02	4.039895e-02	0.000000e+00	3.111901e-02	7.742125e-03	2.866909e-01	0.000000e+00	2.140935e-03	0.000000e+00	1.143014e-03	2.349311e-02	7.563350e-04	4.407980e-01	7.628996e-02
4.407980e-01	3.656129e-02	4.855811e-03	1.121478e-02	5.673327e-02	1.121591e-03	3.006565e-02	3.224130e-02	1.389497e-02	4.328362e-02	0.000000e+00	0.000000e+00	4.689251e-02	6.490534e-02	0.000000e+00	1.255925e-02	0.000000e+00	0.000000e+00	1.685810e-02	4.039895e-02	0.000000e+00	3.111901e-02	7.742125e-03	2.866909e-01	0.000000e+00	2.140935e-03	0.000000e+00	1.143014e-03	2.349311e-02	7.563350e-04	4.407980e-01	7.628996e-02
4.407980e-01	3.656129e-02	4.855811e-03	1.121478e-02	5.673327e-02	1.121591e-03	3.006565e-02	3.224130e-02	1.389497e-02	4.328362e-02	0.000000e+00	0.000000e+00	4.689251e-02	6.490534e-02	0.000000e+00	1.255925e-02	0.000000e+00	0.000000e+00	1.685810e-02	4.039895e-02	0.000000e+00	3.111901e-02	7.742125e-03	2.866909e-01	0.000000e+00	2.140935e-03	0.000000e+00	1.143014e-03	2.349311e-02	7.563350e-04	4.407980e-01	7.628996e-02
4.407980e-01	3.656129e-02	4.855811e-03	1.121478e-02	5.673327e-02	1.121591e-03	3.006565e-02	3.224130e-02	1.389497e-02	4.328362e-02	0.000000e+00	0.000000e+00	4.689251e-02	6.490534e-02	0.000000e+00	1.255925e-02	0.000000e+00	0.000000e+00	1.685810e-02	4.039895e-02	0.000000e+00	3.111901e-02	7.742125e-03	2.866909e-01	0.000000e+00	2.140935e-03	0.000000e+00	1.143014e-03	2.349311e-02	7.563350e-04	4.407980e-01	7.628996e-02
4.407980e-01	3.656129e-02	4.855811e-03	1.121478e-02	5.673327e-02	1.121591e-03	3.006565e-02	3.224130e-02	1.389497e-02	4.328362e-02	0.000000e+00	0.000000e+00	4.689251e-02	6.490534e-02	0.000000e+00	1.255925e-02	0.000000e+00	0.000000e+00	1.685810e-02	4.039895e-02	0.000000e+00	3.111901e-02	7.742125e-03	2.866909e-01	0.000000e+00	2.140935e-03	0.000000e+00	1.143014e-03	2.349311e-02	7.563350e-04	4.407980e-01	7.628996e-02
4.407980e-01	3.656129e-02	4.855811e-03	1.121478e-02	5.673327e-02	1.121591e-03	3.006565e-02	3.224130e-02	1.389497e-02	4.328362e-02	0.000000e+00	0.000000e+00	4.689251e-02	6.490534e-02	0.000000e+00	1.255925e-02	0.000000e+00	0.000000e+00	1.685810e-02	4.039895e-02	0.000000e+00	3.111901e-02	7.742125e-03	2.866909e-01	0.000000e+00	2.140935e-03	0.000000e+00	1.143014e-03	2.349311e-02	7.563350e-04	4.407980e-01	7.628996e-02
4.407980e-01	3.656129e-02	4.855811e-03	1.121478e-02	5.673327e-02	1.121591e-03	3.006565e-02	3.224130e-02	1.389497e-02	4.328362e-02	0.000000e+00	0.000000e+00	4.689251e-02	6.490534e-02	0.000000e+00	1.255925e-02	0.000000e+00	0.000000e+00	1.685810e-02	4.039895e-02	0.000000e+00	3.111901e-02	7.742125e-03	2.866909e-01	0.000000e+00	2.140935e-03	0.000000e+00	1.143014e-03	2.349311e-02	7.563350e-04	4.407980e-01	7.628996e-02
4.407980e-01	3.656129e-02	4.855811e-03	1.121478e-02	5.673327e-02	1.121591e-03	3.006565e-02	3.224130e-02	1.389497e-02	4.328362e-02	0.000000e+00	0.000000e+00	4.689251e-02	6.490534e-02	0.000000e+00	1.255925e-02	0.000000e+00	0.000000e+00	1.685810e-02	4.039895e-02	0.000000e+00	3.111901e-02	7.742125e-03	2.866909e-01	0.000000e+00	2.140935e-03	0.000000e+00	1.143014e-03	2.349311e-02	7.563350e-04	4.407980e-01	7.628996e-02
4.407980e-01	3.656129e-02	4.855811e-03	1.121478e-02	3.883852e-02	1.121591e-03	4.509848e-02	3.224130e-02	2.986794e-04	4.328362e-02	0.000000e+00	0.000000e+00	4.689251e-02	8.759446e-02	0.000000e+00	1.255925e-02	0.000000e+00	0.000000e+00	1.685810e-02	4.875580e-02	0.000000e+00	2.813527e-02	7.742125e-03	2.866909e-01	3.596550e-02	2.140935e-03	0.000000e+00	1.143014e-03	2.349311e-02	7.563350e-04	4.407980e-01	8.666019e-02
4.387754e-01	3.656129e-02	4.855811e-03	1.121478e-02	3.883852e-02	1.863038e-03	1.443358e-02	3.224130e-02	2.986794e-04	4.328362e-02	0.000000e+00	6.988164e-04	4.689251e-02	8.759446e-02	0.000000e+00	1.255925e-02	0.000000e+00	0.000000e+00	0.000000e+00	4.875580e-02	0.000000e+00	5.197303e-02	7.742125e-03	3.209553e-01	3.596550e-02	2.140935e-03	0.000000e+00	1.143014e-03	5.094052e-02	7.563350e-04	4.387754e-01	1.077286e-01
4.387754e-01	3.656129e-02	4.855811e-03	1.121478e-02	3.883852e-02	1.863038e-03	1.443358e-02	3.224130e-02	2.986794e-04	4.328362e-02	0.000000e+00	6.988164e-04	4.689251e-02	8.759446e-02	0.000000e+00	1.255925e-02	0.000000e+00	0.000000e+00	0.000000e+00	4.875580e-02	0.000000e+00	5.197303e-02	7.742125e-03	3.209553e-01	3.596550e-02	2.140935e-03	0.000000e+00	1.143014e-03	5.094052e-02	7.563350e-04	4.387754e-01	1.077286e-01
4.346511e-01	3.656129e-02	2.462326e-02	1.640729e-02	2.364258e-02	1.292262e-02	0.000000e+00	1.612065e-02	9.567413e-03	7.832001e-02	6.562114e-03	4.398202e-03	1.043287e-02	4.712659e-02	0.000000e+00	1.736181e-02	0.000000e+00	0.000000e+00	8.429048e-03	1.797299e-02	0.000000e+00	1.933363e-02	3.120116e-03	3.552197e-01	3.975898e-02	2.140935e-03	5.575286e-02	1.143014e-03	1.372370e-02	0.000000e+00	4.346511e-01	1.311136e-01
4.346511e-01	3.656129e-02	2.462326e-02	1.640729e-02	2.364258e-02	1.292262e-02	0.000000e+00	1.612065e-02	9.567413e-03	7.832001e-02	6.562114e-03	4.398202e-03	1.043287e-02	4.712659e-02	0.000000e+00	1.736181e-02	0.000000e+00	0.000000e+00	8.429048e-03	1.797299e-02	0.000000e+00	1.933363e-02	3.120116e-03	3.552197e-01	3.975898e-02	2.140935e-03	5.575286e-02	1.143014e-03	1.372370e-02	0.000000e+00	4.346511e-01	1.311136e-01
4.346511e-01	3.656129e-02	2.462326e-02	1.640729e-02	2.364258e-02	1.292262e-02	0.000000e+00	1.612065e-02	9.567413e-03	7.832001e-02	6.562114e-03	4.398202e-03	1.043287e-02	4.712659e-02	0.000000e+00	1.736181e-02	0.000000e+00	0.000000e+00	8.429048e-03	1.797299e-02	0.000000e+00	1.933363e-02	3.120116e-03	3.552197e-01	3.975898e-02	2.140935e-03	5.575286e-02	1.143014e-03	1.372370e-02	0.000000e+00	4.346511e-01	1.311136e-01
4.318769e-01	3.656129e-02	2.462326e-02	0.000000e+00	5.473031e-02	2.243182e-03	7.816034e-03	1.612065e-02	1.636556e-02	7.832001e-02	1.300541e-02	4.048794e-03	1.935950e-02	3.578202e-02	3.678372e-02	1.736181e-02	0.000000e+00	0.000000e+00	1.685810e-02	2.702361e-02	0.000000e+00	2.651436e-02	3.061951e-03	4.026544e-01	1.052391e-01	1.427290e-03	0.000000e+00	1.143014e-03	2.359351e-02	7.708246e-04	4.318769e-01	1.880060e-01
4.318769e-01	2.782842e-02	2.462326e-02	0.000000e+00	3.889984e-02	4.482622e-02	4.602620e-02	1.612065e-02	1.031262e-02	7.832001e-02	6.502707e-03	2.410902e-03	3.796588e-02	3.578202e-02	3.678372e-02	1.736181e-02	0.000000e+00	0.000000e+00	1.685810e-02	2.702361e-02	0.000000e+00	2.651436e-02	3.061951e-03	3.819111e-01	1.052391e-01	1.427290e-03	0.000000e+00	1.143014e-03	2.060353e-02	7.708246e-04	4.318769e-01	1.961687e-01
4.318769e-01	1.909554e-02	2.462326e-02	1.220175e-02	2.106641e-02	2.353470e-02	1.480913e-02	1.612065e-02	6.730274e-03	1.367140e-01	4.547844e-02	3.229848e-03	2.866269e-02	3.240476e-02	1.412698e-02	1.736181e-02	0.000000e+00	0.000000e+00	0.000000e+00	2.702361e-02	0.000000e+00	2.651436e-02	0.000000e+00	4.366457e-01	1.232219e-01	1.427290e-03	5.575286e-02	1.143014e-03	1.771395e-02	7.708246e-04	4.318769e-01	2.179233e-01
4.268013e-01	3.737619e-02	4.855811e-03	1.121478e-02	1.569668e-02	0.000000e+00	4.509848e-02	3.224130e-02	6.513824e-03	5.504719e-02	6.815501e-02	4.398202e-03	1.935950e-02	5.923538e-02	0.000000e+00	0.000000e+00	0.000000e+00	0.000000e+00	5.234433e-02	3.120204e-02	1.026037e-01	2.675859e-02	5.460203e-03	3.380875e-01	0.000000e+00	2.497758e-03	2.787643e-02	1.143014e-03	3.919396e-02	3.592337e-03	4.268013e-01	2.419018e-01
4.268013e-01	3.737619e-02	4.855811e-03	1.121478e-02	1.569668e-02	0.000000e+00	4.509848e-02	3.224130e-02	6.513824e-03	5.504719e-02	6.815501e-02	4.398202e-03	1.935950e-02	5.923538e-02	0.000000e+00	0.000000e+00	0.000000e+00	0.000000e+00	5.234433e-02	3.120204e-02	1.026037e-01	2.675859e-02	5.460203e-03	3.380875e-01	0.000000e+00	2.497758e-03	2.787643e-02	1.143014e-03	3.919396e-02	3.592337e-03	4.268013e-01	2.419018e-01
4.235086e-01	3.493149e-02	0.000000e+00	1.682218e-02	5.473031e-02	2.872428e-02	1.443358e-02	0.000000e+00	6.405858e-03	1.367140e-01	0.000000e+00	6.988164e-04	2.903926e-02	6.337688e-02	0.000000e+00	1.736181e-02	0.000000e+00	0.000000e+00	0.000000e+00	2.229770e-02	0.000000e+00	2.979749e-02	3.061951e-03	3.552197e-01	1.232219e-01	1.427290e-03	5.575286e-02	1.143014e-03	0.000000e+00	7.708246e-04	4.235086e-01	2.793850e-01
4.221216e-01	1.909554e-02	0.000000e+00	2.310213e-03	5.551765e-02	2.798283e-02	1.480913e-02	0.000000e+00	6.405858e-03	1.367140e-01	1.288660e-02	0.000000e+00	2.903926e-02	6.337688e-02	0.000000e+00	2.192633e-02	0.000000e+00	0.000000e+00	0.000000e+00	2.229770e-02	2.090408e-02	1.666495e-02	0.000000e+00	3.789370e-01	1.232219e-01	1.427290e-03	5.575286e-02	1.143014e-03	1.771395e-02	1.476203e-03	4.221216e-01	3.028953e-01
4.221216e-01	3.493149e-02	2.219535e-02	1.170827e-02	4.550457e-02	1.274197e-02	1.480913e-02	0.000000e+00	6.730274e-03	1.367140e-01	0.000000e+00	6.988164e-04	2.903926e-02	3.240476e-02	1.412698e-02	1.598945e-02	0.000000e+00	0.000000e+00	0.000000e+00	8.119973e-03	2.090408e-02	1.715342e-02	0.000000e+00	4.771313e-01	1.155986e-01	1.427290e-03	5.575286e-02	5.484266e-04	1.771395e-02	0.000000e+00	4.221216e-01	3.167910e-01
4.221216e-01	3.493149e-02	2.219535e-02	1.170827e-02	4.550457e-02	1.274197e-02	1.480913e-02	0.000000e+00	6.730274e-03	1.367140e-01	0.000000e+00	6.988164e-04	2.903926e-02	3.240476e-02	1.412698e-02	1.598945e-02	0.000000e+00	0.000000e+00	0.000000e+00	8.119973e-03	2.090408e-02	1.715342e-02	0.000000e+00	4.771313e-01	1.155986e-01	1.427290e-03	5.575286e-02	5.484266e-04	1.771395e-02	0.000000e+00	4.221216e-01	3.167910e-01
4.221216e-01	3.493149e-02	2.219535e-02	1.170827e-02	4.550457e-02	1.274197e-02	1.480913e-02	0.000000e+00	6.730274e-03	1.367140e-01	0.000000e+00	6.988164e-04	2.903926e-02	3.240476e-02	1.412698e-02	1.598945e-02	0.000000e+00	0.000000e+00	0.000000e+00	8.119973e-03	2.090408e-02	1.715342e-02	0.000000e+00	4.771313e-01	1.155986e-01	1.427290e-03	5.575286e-02	5.484266e-04	1.771395e-02	0.000000e+00	4.221216e-01	3.167910e-01
4.167298e-01	3.623194e-02	2.219535e-02	2.242957e-02	5.477514e-02	6.751126e-03	1.480913e-02	0.000000e+00	9.150059e-03	1.367140e-01	1.300541e-02	2.513740e-02	0.000000e+00	3.240476e-02	1.412698e-02	5.637880e-03	0.000000e+00	6.915676e-02	0.000000e+00	8.119973e-03	2.572809e-02	2.195601e-02	1.501893e-03	4.771313e-01	1.669258e-01	1.427290e-03	0.000000e+00	5.484266e-04	0.000000e+00	0.000000e+00	4.167298e-01	3.994065e-01
4.167298e-01	3.623194e-02	2.219535e-02	2.242957e-02	5.477514e-02	6.751126e-03	1.480913e-02	0.000000e+00	9.150059e-03	1.367140e-01	1.300541e-02	2.513740e-02	0.000000e+00	3.240476e-02	1.412698e-02	5.637880e-03	0.000000e+00	6.915676e-02	0.000000e+00	8.119973e-03	2.572809e-02	2.195601e-02	1.501893e-03	4.771313e-01	1.669258e-01	1.427290e-03	0.000000e+00	5.484266e-04	0.000000e+00	0.000000e+00	4.167298e-01	3.994065e-01
4.145081e-01	1.629800e-03	0.000000e+00	1.682218e-02	4.213282e-02	6.570415e-02	4.405185e-02	0.000000e+00	1.334079e-02	2.301443e-01	1.288660e-02	1.760835e-03	1.935950e-02	3.240476e-02	0.000000e+00	1.994737e-02	3.486529e-03	6.915676e-02	0.000000e+00	2.702361e-02	2.894411e-02	1.715342e-02	1.501893e-03	4.500891e-01	1.669258e-01	0.000000e+00	0.000000e+00	1.143014e-03	5.898376e-03	0.000000e+00	4.145081e-01	4.518401e-01
4.153900e-01	2.766374e-02	2.219535e-02	1.269523e-02	2.869504e-02	2.872428e-02	1.443358e-02	1.173848e-02	6.730274e-03	2.909791e-01	1.297571e-02	1.497960e-02	2.903926e-02	6.337688e-02	0.000000e+00	2.398418e-02	0.000000e+00	9.411002e-03	0.000000e+00	1.520884e-02	0.000000e+00	2.979749e-02	3.061951e-03	4.771313e-01	1.374506e-01	8.920563e-04	2.787643e-02	5.484266e-04	1.771395e-02	1.376588e-02	4.153900e-01	4.515768e-01
2.640188e-01	3.493149e-02	0.000000e+00	1.170827e-02	4.550457e-02	6.751126e-03	1.480913e-02	0.000000e+00	6.730274e-03	1.367140e-01	0.000000e+00	6.988164e-04	2.903926e-02	3.240476e-02	7.063489e-03	2.253760e-02	0.000000e+00	0.000000e+00	0.000000e+00	8.119973e-03	0.000000e+00	2.195601e-02	3.061951e-03	4.771313e-01	1.155986e-01	1.427290e-03	5.575286e-02	5.484266e-04	8.856977e-03	0.000000e+00	2.640188e-01	4.932987e-01
2.588223e-01	3.766623e-02	0.000000e+00	7.575972e-03	3.260934e-02	5.978173e-03	2.884397e-02	1.539793e-02	0.000000e+00	1.083125e-02	0.000000e+00	1.208943e-01	3.075596e-02	5.295663e-02	1.692831e-02	1.926507e-02	2.499596e-02	1.882200e-02	0.000000e+00	8.109675e-03	9.151498e-03	1.818776e-02	0.000000e+00	4.027410e-01	9.667519e-02	0.000000e+00	5.575286e-02	1.371066e-04	8.871095e-03	8.855643e-03	2.588223e-01	4.867664e-01
2.588223e-01	3.766623e-02	0.000000e+00	7.575972e-03	3.260934e-02	5.978173e-03	2.884397e-02	1.539793e-02	0.000000e+00	1.083125e-02	0.000000e+00	1.208943e-01	3.075596e-02	5.295663e-02	1.692831e-02	1.926507e-02	2.499596e-02	1.882200e-02	0.000000e+00	8.109675e-03	9.151498e-03	1.818776e-02	0.000000e+00	4.027410e-01	9.667519e-02	0.000000e+00	5.575286e-02	1.371066e-04	8.871095e-03	8.855643e-03	2.588223e-01	4.867664e-01
2.588223e-01	3.766623e-02	0.000000e+00	7.575972e-03	3.260934e-02	5.978173e-03	2.884397e-02	1.539793e-02	0.000000e+00	1.083125e-02	0.000000e+00	1.208943e-01	3.075596e-02	5.295663e-02	1.692831e-02	1.926507e-02	2.499596e-02	1.882200e-02	0.000000e+00	8.109675e-03	9.151498e-03	1.818776e-02	0.000000e+00	4.027410e-01	9.667519e-02	0.000000e+00	5.575286e-02	1.371066e-04	8.871095e-03	8.855643e-03	2.588223e-01	4.867664e-01
2.588223e-01	3.766623e-02	0.000000e+00	7.575972e-03	3.260934e-02	5.978173e-03	2.884397e-02	1.539793e-02	0.000000e+00	1.083125e-02	0.000000e+00	1.208943e-01	3.075596e-02	5.295663e-02	1.692831e-02	1.926507e-02	2.499596e-02	1.882200e-02	0.000000e+00	8.109675e-03	9.151498e-03	1.818776e-02	0.000000e+00	4.027410e-01	9.667519e-02	0.000000e+00	5.575286e-02	1.371066e-04	8.871095e-03	8.855643e-03	2.588223e-01	4.867664e-01
2.588223e-01	3.766623e-02	0.000000e+00	7.575972e-03	3.260934e-02	5.978173e-03	2.884397e-02	1.539793e-02	0.000000e+00	1.083125e-02	0.000000e+00	1.208943e-01	3.075596e-02	5.295663e-02	1.692831e-02	1.926507e-02	2.499596e-02	1.882200e-02	0.000000e+00	8.109675e-03	9.151498e-03	1.818776e-02	0.000000e+00	4.027410e-01	9.667519e-02	0.000000e+00	5.575286e-02	1.371066e-04	8.871095e-03	8.855643e-03	2.588223e-01	4.867664e-01
2.588223e-01	3.766623e-02	0.000000e+00	7.575972e-03	3.260934e-02	5.978173e-03	2.884397e-02	1.539793e-02	0.000000e+00	1.083125e-02	0.000000e+00	1.208943e-01	3.075596e-02	5.295663e-02	1.692831e-02	1.926507e-02	2.499596e-02	1.882200e-02	0.000000e+00	8.109675e-03	9.151498e-03	1.818776e-02	0.000000e+00	4.027410e-01	9.667519e-02	0.000000e+00	5.575286e-02	1.371066e-04	8.871095e-03	8.855643e-03	2.588223e-01	4.867664e-01
2.588223e-01	3.766623e-02	0.000000e+00	7.575972e-03	3.260934e-02	5.978173e-03	2.884397e-02	1.539793e-02	0.000000e+00	1.083125e-02	0.000000e+00	1.208943e-01	3.075596e-02	5.295663e-02	1.692831e-02	1.926507e-02	2.499596e-02	1.882200e-02	0.000000e+00	8.109675e-03	9.151498e-03	1.818776e-02	0.000000e+00	4.027410e-01	9.667519e-02	0.000000e+00	5.575286e-02	1.371066e-04	8.871095e-03	8.855643e-03	2.588223e-01	4.867664e-01
2.588223e-01	3.766623e-02	0.000000e+00	7.575972e-03	3.260934e-02	5.978173e-03	2.884397e-02	1.539793e-02	0.000000e+00	1.083125e-02	0.000000e+00	1.208943e-01	3.075596e-02	5.295663e-02	1.692831e-02	1.926507e-02	2.499596e-02	1.882200e-02	0.000000e+00	8.109675e-03	9.151498e-03	1.818776e-02	0.000000e+00	4.027410e-01	9.667519e-02	0.000000e+00	5.575286e-02	1.371066e-04	8.871095e-03	8.855643e-03	2.588223e-01	4.867664e-01
2.588223e-01	3.766623e-02	0.000000e+00	7.575972e-03	3.260934e-02	5.978173e-03	2.884397e-02	1.539793e-02	0.000000e+00	1.083125e-02	0.000000e+00	1.208943e-01	3.075596e-02	5.295663e-02	1.692831e-02	1.926507e-02	2.499596e-02	1.882200e-02	0.000000e+00	8.109675e-03	9.151498e-03	1.818776e-02	0.000000e+00	4.027410e-01	9.667519e-02	0.000000e+00	5.575286e-02	1.371066e-04	8.871095e-03	8.855643e-03	2.588223e-01	4.867664e-01
2.448731e-01	1.746574e-02	0.000000e+00	5.951702e-03	2.275229e-02	3.375563e-03	2.923112e-02	1.867560e-02	6.730274e-03	1.367140e-01	0.000000e+00	4.293225e-04	3.835732e-02	4.677609e-02	1.122733e-02	3.041582e-02	9.537334e-04	0.000000e+00	0.000000e+00	8.104527e-03	1.372725e-02	2.468992e-02	1.530975e-03	3.851162e-01	1.245751e-01	2.522458e-02	5.575286e-02	2.742133e-04	8.856977e-03	0.000000e+00	2.448731e-01	5.063031e-01
2.413170e-01	3.623194e-02	1.569110e-02	8.264591e-03	2.579047e-02	4.264274e-03	1.548595e-03	0.000000e+00	0.000000e+00	0.000000e+00	0.000000e+00	1.208943e-01	3.075596e-02	5.295663e-02	1.692831e-02	4.811162e-02	2.499596e-02	1.882200e-02	0.000000e+00	8.140569e-03	0.000000e+00	2.468992e-02	0.000000e+00	4.771313e-01	1.516793e-01	0.000000e+00	0.000000e+00	8.226398e-04	1.478045e-02	8.855643e-03	2.413170e-01	5.379275e-01
2.413170e-01	3.623194e-02	1.569110e-02	8.264591e-03	2.579047e-02	4.264274e-03	1.548595e-03	0.000000e+00	0.000000e+00	0.000000e+00	0.000000e+00	1.208943e-01	3.075596e-02	5.295663e-02	1.692831e-02	4.811162e-02	2.499596e-02	1.882200e-02	0.000000e+00	8.140569e-03	0.000000e+00	2.468992e-02	0.000000e+00	4.771313e-01	1.516793e-01	0.000000e+00	0.000000e+00	8.226398e-04	1.478045e-02	8.855643e-03	2.413170e-01	5.379275e-01
2.309240e-01	4.170141e-02	9.186845e-03	0.000000e+00	0.000000e+00	2.718367e-03	2.961827e-02	3.079586e-02	0.000000e+00	3.080382e-01	1.288660e-02	4.821804e-03	3.075596e-02	3.240476e-02	2.416937e-02	4.156656e-02	3.486529e-03	0.000000e+00	2.513160e-02	8.119973e-03	1.830300e-02	1.715342e-02	1.501893e-03	3.283506e-01	1.138324e-01	2.522458e-02	0.000000e+00	0.000000e+00	1.480869e-02	2.628637e-02	2.309240e-01	6.066593e-01
2.309240e-01	4.170141e-02	9.186845e-03	0.000000e+00	0.000000e+00	2.718367e-03	2.961827e-02	3.079586e-02	0.000000e+00	3.080382e-01	1.288660e-02	4.821804e-03	3.075596e-02	3.240476e-02	2.416937e-02	4.156656e-02	3.486529e-03	0.000000e+00	2.513160e-02	8.119973e-03	1.830300e-02	1.715342e-02	1.501893e-03	3.283506e-01	1.138324e-01	2.522458e-02	0.000000e+00	0.000000e+00	1.480869e-02	2.628637e-02	2.309240e-01	6.066593e-01
2.257275e-01	0.000000e+00	0.000000e+00	1.951359e-04	0.000000e+00	0.000000e+00	4.365310e-02	3.735120e-02	0.000000e+00	4.793623e-01	7.871803e-02	1.598286e-04	4.767539e-02	7.350851e-02	1.539117e-02	3.829403e-02	1.907467e-03	0.000000e+00	0.000000e+00	8.089080e-03	2.745449e-02	2.742383e-02	0.000000e+00	2.931011e-01	1.335516e-01	4.902187e-02	2.440696e-02	0.000000e+00	1.701238e-02	3.500174e-02	2.257275e-01	7.100126e-01
2.257275e-01	0.000000e+00	0.000000e+00	1.951359e-04	0.000000e+00	0.000000e+00	4.365310e-02	3.735120e-02	0.000000e+00	4.793623e-01	7.871803e-02	1.598286e-04	4.767539e-02	7.350851e-02	1.539117e-02	3.829403e-02	1.907467e-03	0.000000e+00	0.000000e+00	8.089080e-03	2.745449e-02	2.742383e-02	0.000000e+00	2.931011e-01	1.335516e-01	4.902187e-02	2.440696e-02	0.000000e+00	1.701238e-02	3.500174e-02	2.257275e-01	7.100126e-01
2.122636e-01	3.551479e-02	9.186845e-03	0.000000e+00	9.485797e-03	3.104844e-03	2.961827e-02	3.079586e-02	0.000000e+00	3.080382e-01	1.288660e-02	4.821804e-03	3.075596e-02	4.268070e-02	2.416937e-02	4.647382e-02	3.486529e-03	0.000000e+00	0.000000e+00	8.119973e-03	1.830300e-02	2.186701e-02	1.501893e-03	5.098589e-01	1.138324e-01	6.875899e-03	0.000000e+00	0.000000e+00	1.275205e-02	2.195207e-02	2.122636e-01	7.793952e-01
2.007155e-01	7.401966e-02	2.585397e-03	0.000000e+00	0.000000e+00	4.349607e-05	5.077226e-02	3.079586e-02	2.042449e-04	0.000000e+00	4.570795e-02	4.821804e-03	2.863436e-03	5.647338e-02	2.416937e-02	7.172173e-02	3.486529e-03	9.411002e-03	0.000000e+00	1.014482e-02	2.773093e-02	1.997633e-02	1.367638e-03	4.681961e-01	1.011711e-01	0.000000e+00	7.656952e-03	0.000000e+00	8.595785e-02	1.318995e-02	2.007155e-01	8.211101e-01
2.007155e-01	7.401966e-02	2.585397e-03	0.000000e+00	0.000000e+00	4.349607e-05	5.077226e-02	3.079586e-02	2.042449e-04	0.000000e+00	4.570795e-02	4.821804e-03	2.863436e-03	5.647338e-02	2.416937e-02	7.172173e-02	3.486529e-03	9.411002e-03	0.000000e+00	1.014482e-02	2.773093e-02	1.997633e-02	1.367638e-03	4.681961e-01	1.011711e-01	0.000000e+00	7.656952e-03	0.000000e+00	8.595785e-02	1.318995e-02	2.007155e-01	8.211101e-01
1.855882e-01	1.633058e-02	1.569110e-02	8.264591e-03	2.579047e-02	4.264274e-03	1.548595e-03	3.735120e-02	0.000000e+00	1.180585e-01	0.000000e+00	1.102284e-01	1.639628e-02	5.896681e-02	1.692831e-02	8.677885e-02	2.854720e-02	1.882200e-02	0.000000e+00	8.140569e-03	0.000000e+00	2.468992e-02	0.000000e+00	3.328182e-01	1.487339e-01	1.906233e-02	0.000000e+00	0.000000e+00	1.478045e-02	0.000000e+00	1.855882e-01	9.267022e-01
9.118136e-02	8.894482e-02	2.585397e-03	2.323581e-03	0.000000e+00	8.646354e-03	1.558343e-02	3.079586e-02	2.042449e-04	0.000000e+00	4.570795e-02	7.252972e-04	2.863436e-03	4.268070e-02	1.539117e-02	8.860172e-02	1.907467e-03	0.000000e+00	0.000000e+00	1.016026e-02	1.320125e-02	1.930394e-02	4.339874e-02	2.931011e-01	1.481611e-01	0.000000e+00	9.391687e-03	1.371066e-04	5.153515e-02	3.500174e-02	9.118136e-02	9.317630e-01
9.118136e-02	8.894482e-02	2.585397e-03	2.323581e-03	0.000000e+00	8.646354e-03	1.558343e-02	3.079586e-02	2.042449e-04	0.000000e+00	4.570795e-02	7.252972e-04	2.863436e-03	4.268070e-02	1.539117e-02	8.860172e-02	1.907467e-03	0.000000e+00	0.000000e+00	1.016026e-02	1.320125e-02	1.930394e-02	4.339874e-02	2.931011e-01	1.481611e-01	0.000000e+00	9.391687e-03	1.371066e-04	5.153515e-02	3.500174e-02	9.118136e-02	9.317630e-01
9.118136e-02	8.894482e-02	2.585397e-03	2.323581e-03	0.000000e+00	8.646354e-03	1.558343e-02	3.079586e-02	2.042449e-04	0.000000e+00	4.570795e-02	7.252972e-04	2.863436e-03	4.268070e-02	1.539117e-02	8.860172e-02	1.907467e-03	0.000000e+00	0.000000e+00	1.016026e-02	1.320125e-02	1.930394e-02	4.339874e-02	2.931011e-01	1.481611e-01	0.000000e+00	9.391687e-03	1.371066e-04	5.153515e-02	3.500174e-02	9.118136e-02	9.317630e-01
9.118136e-02	8.894482e-02	2.585397e-03	2.323581e-03	0.000000e+00	8.646354e-03	1.558343e-02	3.079586e-02	2.042449e-04	0.000000e+00	4.570795e-02	7.252972e-04	2.863436e-03	4.268070e-02	1.539117e-02	8.860172e-02	1.907467e-03	0.000000e+00	0.000000e+00	1.016026e-02	1.320125e-02	1.930394e-02	4.339874e-02	2.931011e-01	1.481611e-01	0.000000e+00	9.391687e-03	1.371066e-04	5.153515e-02	3.500174e-02	9.118136e-02	9.317630e-01
9.118136e-02	8.894482e-02	2.585397e-03	2.323581e-03	0.000000e+00	8.646354e-03	1.558343e-02	3.079586e-02	2.042449e-04	0.000000e+00	4.570795e-02	7.252972e-04	2.863436e-03	4.268070e-02	1.539117e-02	8.860172e-02	1.907467e-03	0.000000e+00	0.000000e+00	1.016026e-02	1.320125e-02	1.930394e-02	4.339874e-02	2.931011e-01	1.481611e-01	0.000000e+00	9.391687e-03	1.371066e-04	5.153515e-02	3.500174e-02	9.118136e-02	9.317630e-01
9.118136e-02	8.894482e-02	2.585397e-03	2.323581e-03	0.000000e+00	8.646354e-03	1.558343e-02	3.079586e-02	2.042449e-04	0.000000e+00	4.570795e-02	7.252972e-04	2.863436e-03	4.268070e-02	1.539117e-02	8.860172e-02	1.907467e-03	0.000000e+00	0.000000e+00	1.016026e-02	1.320125e-02	1.930394e-02	4.339874e-02	2.931011e-01	1.481611e-01	0.000000e+00	9.391687e-03	1.371066e-04	5.153515e-02	3.500174e-02	9.118136e-02	9.317630e-01
9.118136e-02	8.894482e-02	2.585397e-03	2.323581e-03	0.000000e+00	8.646354e-03	1.558343e-02	3.079586e-02	2.042449e-04	0.000000e+00	4.570795e-02	7.252972e-04	2.863436e-03	4.268070e-02	1.539117e-02	8.860172e-02	1.907467e-03	0.000000e+00	0.000000e+00	1.016026e-02	1.320125e-02	1.930394e-02	4.339874e-02	2.931011e-01	1.481611e-01	0.000000e+00	9.391687e-03	1.371066e-04	5.153515e-02	3.500174e-02	9.118136e-02	9.317630e-01
8.637161e-02	8.925046e-02	0.000000e+00	0.000000e+00	1.120572e-02	6.981251e-03	4.133021e-02	3.735120e-02	4.678226e-02	4.793623e-01	8.945782e-02	3.805464e-03	0.000000e+00	3.588204e-02	1.058310e-02	0.000000e+00	1.044510e-02	9.024017e-04	5.026320e-02	8.078782e-03	2.620329e-02	2.200035e-02	3.324965e-02	2.877356e-01	1.238087e-01	1.010224e-02	4.881392e-02	0.000000e+00	1.767384e-02	3.740269e-02	8.637161e-02	1.081697e+00
5.532342e-02	1.401780e-01	0.000000e+00	1.298660e-02	0.000000e+00	1.038367e-02	7.338082e-02	1.368264e-03	0.000000e+00	5.538388e-02	3.430676e-02	0.000000e+00	4.065260e-02	3.835433e-03	3.110106e-02	1.284887e-01	4.238644e-02	0.000000e+00	0.000000e+00	0.000000e+00	0.000000e+00	4.545468e-02	6.612383e-02	3.368626e-01	1.289682e-01	9.011603e-02	1.408753e-02	8.226398e-04	1.195187e-01	1.700614e-02	5.532342e-02	1.096378e+00
5.532342e-02	1.401780e-01	0.000000e+00	1.298660e-02	0.000000e+00	1.038367e-02	7.338082e-02	1.368264e-03	0.000000e+00	5.538388e-02	3.430676e-02	0.000000e+00	4.065260e-02	3.835433e-03	3.110106e-02	1.284887e-01	4.238644e-02	0.000000e+00	0.000000e+00	0.000000e+00	0.000000e+00	4.545468e-02	6.612383e-02	3.368626e-01	1.289682e-01	9.011603e-02	1.408753e-02	8.226398e-04	1.195187e-01	1.700614e-02	5.532342e-02	1.096378e+00
4.535267e-03	7.401966e-02	2.585397e-03	2.323581e-03	0.000000e+00	8.646354e-03	1.456576e-02	3.079586e-02	2.042449e-04	0.000000e+00	4.570795e-02	7.252972e-04	2.863436e-03	5.647338e-02	1.239959e-02	7.172173e-02	1.907467e-03	0.000000e+00	0.000000e+00	1.016026e-02	1.320125e-02	1.930394e-02	4.616129e-02	2.500210e-01	1.481611e-01	0.000000e+00	7.656952e-03	1.371066e-04	8.595785e-02	3.500174e-02	4.535267e-03	1.214752e+00
4.535267e-03	7.401966e-02	2.585397e-03	2.323581e-03	0.000000e+00	8.646354e-03	1.456576e-02	3.079586e-02	2.042449e-04	0.000000e+00	4.570795e-02	7.252972e-04	2.863436e-03	5.647338e-02	1.239959e-02	7.172173e-02	1.907467e-03	0.000000e+00	0.000000e+00	1.016026e-02	1.320125e-02	1.930394e-02	4.616129e-02	2.500210e-01	1.481611e-01	0.000000e+00	7.656952e-03	1.371066e-04	8.595785e-02	3.500174e-02	4.535267e-03	1.214752e+00
4.535267e-03	7.401966e-02	2.585397e-03	2.323581e-03	0.000000e+00	8.646354e-03	1.456576e-02	3.079586e-02	2.042449e-04	0.000000e+00	4.570795e-02	7.252972e-04	2.863436e-03	5.647338e-02	1.239959e-02	7.172173e-02	1.907467e-03	0.000000e+00	0.000000e+00	1.016026e-02	1.320125e-02	1.930394e-02	4.616129e-02	2.500210e-01	1.481611e-01	0.000000e+00	7.656952e-03	1.371066e-04	8.595785e-02	3.500174e-02	4.535267e-03	1.214752e+00
0.000000e+00	1.256823e-02	0.000000e+00	5.526645e-03	0.000000e+00	1.090789e-01	7.255180e-02	1.368264e-03	0.000000e+00	4.493286e-01	6.531528e-02	0.000000e+00	6.656997e-02	5.408587e-02	0.000000e+00	5.823751e-02	2.214695e-02	0.000000e+00	0.000000e+00	0.000000e+00	2.085387e-02	4.049920e-02	1.136255e-02	3.650540e-01	1.289682e-01	9.011603e-02	0.000000e+00	0.000000e+00	5.100418e-02	1.700614e-02	0.000000e+00	1.509475e+00
