8.530570e-01	1.012116e-02	5.823124e-04	0.000000e+00	0.000000e+00	0.000000e+00	0.000000e+00	3.511475e-03	1.359524e-03	0.000000e+00	0.000000e+00	0.000000e+00	0.000000e+00	0.000000e+00	0.000000e+00	1.763746e-04	1.333498e-03	0.000000e+00	3.217768e-03	1.201141e-02	0.000000e+00	1.199910e-03	1.213481e-03	0.000000e+00	0.000000e+00	2.458237e-02	0.000000e+00	0.000000e+00	6.219493e-04	1.504154e-03	8.530570e-01	-7.624340e-01
8.474498e-01	0.000000e+00	0.000000e+00	1.625169e-03	0.000000e+00	0.000000e+00	0.000000e+00	0.000000e+00	0.000000e+00	1.114793e-02	0.000000e+00	0.000000e+00	0.000000e+00	1.435536e-03	0.000000e+00	0.000000e+00	1.245223e-04	6.659178e-03	1.608884e-03	0.000000e+00	0.000000e+00	6.580154e-04	0.000000e+00	0.000000e+00	8.989121e-03	1.240267e-03	8.879203e-04	3.042786e-02	0.000000e+00	1.316134e-03	8.474498e-01	-7.541790e-01
8.474498e-01	0.000000e+00	0.000000e+00	1.625169e-03	0.000000e+00	0.000000e+00	0.000000e+00	0.000000e+00	0.000000e+00	1.114793e-02	0.000000e+00	0.000000e+00	0.000000e+00	1.435536e-03	0.000000e+00	0.000000e+00	1.245223e-04	6.659178e-03	1.608884e-03	0.000000e+00	0.000000e+00	6.580154e-04	0.000000e+00	0.000000e+00	8.989121e-03	1.240267e-03	8.879203e-04	3.042786e-02	0.000000e+00	1.316134e-03	8.474498e-01	-7.541790e-01
8.474498e-01	0.000000e+00	0.000000e+00	1.625169e-03	0.000000e+00	0.000000e+00	0.000000e+00	0.000000e+00	1.024456e-03	1.114793e-02	0.000000e+00	0.000000e+00	0.000000e+00	1.435536e-03	0.000000e+00	8.705709e-02	1.245223e-04	6.659178e-03	1.608884e-03	0.000000e+00	0.000000e+00	6.580154e-04	3.533003e-03	0.000000e+00	8.989121e-03	0.000000e+00	8.879203e-04	0.000000e+00	0.000000e+00	1.316134e-03	8.474498e-01	-7.440133e-01
8.438217e-01	1.462599e-02	0.000000e+00	0.000000e+00	0.000000e+00	0.000000e+00	0.000000e+00	3.511475e-03	1.359524e-03	0.000000e+00	0.000000e+00	9.506836e-06	2.194985e-02	3.229955e-03	0.000000e+00	1.763746e-04	3.207027e-03	0.000000e+00	0.000000e+00	1.201141e-02	0.000000e+00	1.153946e-03	0.000000e+00	0.000000e+00	4.309239e-03	1.860719e-02	1.775841e-03	3.174134e-03	4.586086e-03	4.984021e-04	8.438217e-01	-7.306729e-01
8.438217e-01	1.462599e-02	0.000000e+00	0.000000e+00	0.000000e+00	0.000000e+00	0.000000e+00	3.511475e-03	1.359524e-03	0.000000e+00	0.000000e+00	9.506836e-06	2.194985e-02	3.229955e-03	0.000000e+00	1.763746e-04	3.207027e-03	0.000000e+00	0.000000e+00	1.201141e-02	0.000000e+00	1.153946e-03	0.000000e+00	0.000000e+00	4.309239e-03	1.860719e-02	1.775841e-03	3.174134e-03	4.586086e-03	4.984021e-04	8.438217e-01	-7.306729e-01
8.406746e-01	5.326346e-03	0.000000e+00	0.000000e+00	0.000000e+00	0.000000e+00	0.000000e+00	3.715989e-02	1.264762e-03	0.000000e+00	0.000000e+00	0.000000e+00	0.000000e+00	1.126497e-03	6.856860e-03	1.763746e-04	1.333498e-03	0.000000e+00	8.044420e-04	1.841765e-02	0.000000e+00	1.032987e-03	1.213481e-03	0.000000e+00	0.000000e+00	0.000000e+00	1.775841e-03	0.000000e+00	0.000000e+00	1.504154e-03	8.406746e-01	-7.085630e-01
8.400836e-01	0.000000e+00	7.278905e-04	0.000000e+00	0.000000e+00	0.000000e+00	0.000000e+00	3.511475e-03	1.359524e-03	0.000000e+00	0.000000e+00	9.506836e-06	0.000000e+00	0.000000e+00	0.000000e+00	1.763746e-04	1.333498e-03	3.329589e-03	3.217768e-03	8.394193e-03	0.000000e+00	1.199910e-03	1.766502e-03	0.000000e+00	9.266073e-05	2.458237e-02	1.775841e-03	0.000000e+00	6.219493e-04	1.128115e-03	8.400836e-01	-7.072275e-01
8.387643e-01	9.833631e-04	7.981876e-05	0.000000e+00	0.000000e+00	0.000000e+00	0.000000e+00	3.852869e-03	5.655833e-04	0.000000e+00	1.933122e-03	0.000000e+00	0.000000e+00	3.309707e-03	2.874950e-03	1.322810e-04	7.531969e-03	0.000000e+00	0.000000e+00	7.195884e-03	0.000000e+00	5.951168e-04	0.000000e+00	0.000000e+00	2.154620e-03	3.652337e-02	1.775841e-03	0.000000e+00	3.109747e-04	1.513309e-03	8.387643e-01	-6.908366e-01
8.376408e-01	0.000000e+00	7.278905e-04	0.000000e+00	0.000000e+00	0.000000e+00	0.000000e+00	0.000000e+00	1.526809e-03	0.000000e+00	4.472644e-03	0.000000e+00	0.000000e+00	2.352684e-03	1.216476e-03	0.000000e+00	3.656324e-03	0.000000e+00	1.608884e-03	2.164246e-02	0.000000e+00	0.000000e+00	5.852526e-03	0.000000e+00	0.000000e+00	0.000000e+00	0.000000e+00	1.596772e-02	0.000000e+00	2.256230e-03	8.376408e-01	-6.801608e-01
8.375000e-01	3.023534e-02	5.425402e-03	0.000000e+00	0.000000e+00	1.747474e-02	0.000000e+00	0.000000e+00	1.526809e-03	1.975681e-03	4.472644e-03	0.000000e+00	0.000000e+00	0.000000e+00	3.262189e-03	2.204683e-05	4.979970e-03	0.000000e+00	0.000000e+00	2.144219e-02	0.000000e+00	6.822071e-04	6.351828e-03	0.000000e+00	0.000000e+00	0.000000e+00	4.439601e-04	0.000000e+00	0.000000e+00	1.381998e-03	8.375000e-01	-6.720115e-01
8.375000e-01	3.023534e-02	5.425402e-03	0.000000e+00	0.000000e+00	1.747474e-02	0.000000e+00	0.000000e+00	1.526809e-03	1.975681e-03	4.472644e-03	0.000000e+00	0.000000e+00	0.000000e+00	3.262189e-03	2.204683e-05	4.979970e-03	0.000000e+00	0.000000e+00	2.144219e-02	0.000000e+00	6.822071e-04	6.351828e-03	0.000000e+00	0.000000e+00	0.000000e+00	4.439601e-04	0.000000e+00	0.000000e+00	1.381998e-03	8.375000e-01	-6.720115e-01
8.359058e-01	2.657635e-04	0.000000e+00	0.000000e+00	0.000000e+00	8.737368e-03	2.487007e-04	2.853791e-02	0.000000e+00	0.000000e+00	1.994682e-03	0.000000e+00	0.000000e+00	2.512188e-03	6.801119e-03	8.818732e-05	1.649826e-03	0.000000e+00	0.000000e+00	2.649653e-02	0.000000e+00	0.000000e+00	9.278091e-03	0.000000e+00	8.803800e-03	0.000000e+00	2.312555e-03	2.734059e-02	0.000000e+00	0.000000e+00	8.359058e-01	-6.483326e-01
8.351018e-01	0.000000e+00	5.823124e-04	0.000000e+00	4.724667e-02	0.000000e+00	0.000000e+00	2.853791e-02	0.000000e+00	0.000000e+00	8.183033e-03	0.000000e+00	0.000000e+00	2.053614e-03	2.045713e-03	8.818732e-05	0.000000e+00	0.000000e+00	0.000000e+00	7.396152e-03	0.000000e+00	2.015172e-03	1.712782e-03	0.000000e+00	3.805649e-03	0.000000e+00	0.000000e+00	0.000000e+00	0.000000e+00	0.000000e+00	8.351018e-01	-6.415403e-01
8.348922e-01	4.535301e-02	2.150569e-03	0.000000e+00	0.000000e+00	2.621210e-02	0.000000e+00	0.000000e+00	0.000000e+00	2.229586e-02	0.000000e+00	0.000000e+00	0.000000e+00	1.276032e-03	0.000000e+00	0.000000e+00	4.913137e-03	0.000000e+00	0.000000e+00	3.240210e-02	0.000000e+00	4.233555e-04	4.639045e-03	0.000000e+00	2.315355e-03	9.552804e-03	0.000000e+00	0.000000e+00	0.000000e+00	2.130884e-03	8.348922e-01	-6.301758e-01
8.327174e-01	1.005791e-02	0.000000e+00	0.000000e+00	0.000000e+00	0.000000e+00	0.000000e+00	2.097131e-03	0.000000e+00	0.000000e+00	5.149267e-03	1.426025e-05	0.000000e+00	3.090389e-04	0.000000e+00	0.000000e+00	5.928455e-03	0.000000e+00	3.217768e-03	1.201141e-02	0.000000e+00	3.822295e-04	0.000000e+00	0.000000e+00	0.000000e+00	1.809012e-02	0.000000e+00	0.000000e+00	0.000000e+00	0.000000e+00	8.327174e-01	-6.157993e-01
8.327174e-01	1.005791e-02	0.000000e+00	0.000000e+00	0.000000e+00	0.000000e+00	0.000000e+00	2.097131e-03	0.000000e+00	0.000000e+00	5.149267e-03	1.426025e-05	0.000000e+00	3.090389e-04	0.000000e+00	0.000000e+00	5.928455e-03	0.000000e+00	3.217768e-03	1.201141e-02	0.000000e+00	3.822295e-04	0.000000e+00	0.000000e+00	0.000000e+00	1.809012e-02	0.000000e+00	0.000000e+00	0.000000e+00	0.000000e+00	8.327174e-01	-6.157993e-01
8.311988e-01	0.000000e+00	8.006795e-04	1.015731e-03	2.362333e-02	0.000000e+00	1.356549e-04	0.000000e+00	0.000000e+00	9.878404e-04	1.054017e-02	0.000000e+00	0.000000e+00	7.177679e-04	6.856860e-03	0.000000e+00	3.281162e-03	0.000000e+00	0.000000e+00	1.241195e-02	0.000000e+00	6.822071e-04	0.000000e+00	0.000000e+00	1.902824e-03	2.480534e-03	0.000000e+00	0.000000e+00	0.000000e+00	0.000000e+00	8.311988e-01	-5.909770e-01
8.311988e-01	0.000000e+00	0.000000e+00	1.612137e-03	3.745434e-02	0.000000e+00	1.356549e-04	0.000000e+00	0.000000e+00	9.878404e-04	1.054017e-02	0.000000e+00	0.000000e+00	7.177679e-04	6.856860e-03	3.307025e-05	3.281162e-03	0.000000e+00	0.000000e+00	1.241195e-02	0.000000e+00	6.822071e-04	0.000000e+00	0.000000e+00	1.902824e-03	2.480534e-03	0.000000e+00	0.000000e+00	0.000000e+00	0.000000e+00	8.311988e-01	-5.886489e-01
8.299173e-01	0.000000e+00	1.062820e-03	2.342026e-03	0.000000e+00	0.000000e+00	0.000000e+00	1.048566e-03	0.000000e+00	0.000000e+00	2.083871e-02	0.000000e+00	0.000000e+00	7.177679e-04	0.000000e+00	1.226340e-02	1.680318e-03	0.000000e+00	0.000000e+00	0.000000e+00	0.000000e+00	1.282162e-03	9.278091e-03	0.000000e+00	1.823077e-03	1.252228e-02	0.000000e+00	5.414701e-03	7.928273e-03	7.520768e-04	8.299173e-01	-5.677357e-01
8.291580e-01	6.147043e-04	1.511364e-03	7.311921e-03	0.000000e+00	0.000000e+00	1.356549e-04	0.000000e+00	0.000000e+00	1.975681e-03	0.000000e+00	0.000000e+00	0.000000e+00	1.435536e-03	0.000000e+00	2.149529e-02	0.000000e+00	0.000000e+00	0.000000e+00	0.000000e+00	0.000000e+00	8.225192e-05	5.043529e-03	0.000000e+00	9.822680e-03	2.504457e-02	0.000000e+00	0.000000e+00	2.667398e-03	0.000000e+00	8.291580e-01	-5.551537e-01
8.280998e-01	0.000000e+00	5.823124e-04	0.000000e+00	0.000000e+00	0.000000e+00	0.000000e+00	0.000000e+00	4.218316e-05	0.000000e+00	2.083871e-02	0.000000e+00	0.000000e+00	7.177679e-04	5.307903e-03	8.818732e-05	4.912817e-03	0.000000e+00	0.000000e+00	1.241195e-02	0.000000e+00	1.282162e-03	9.278091e-03	0.000000e+00	0.000000e+00	0.000000e+00	0.000000e+00	0.000000e+00	1.333699e-03	0.000000e+00	8.280998e-01	-5.400718e-01
8.280998e-01	0.000000e+00	5.823124e-04	0.000000e+00	0.000000e+00	0.000000e+00	9.043661e-05	0.000000e+00	4.218316e-05	0.000000e+00	2.083871e-02	0.000000e+00	0.000000e+00	7.177679e-04	0.000000e+00	3.375869e-02	4.912817e-03	0.000000e+00	0.000000e+00	1.241195e-02	0.000000e+00	1.282162e-03	9.278091e-03	0.000000e+00	0.000000e+00	1.497204e-02	0.000000e+00	0.000000e+00	1.333699e-03	0.000000e+00	8.280998e-01	-5.326536e-01
8.267667e-01	0.000000e+00	0.000000e+00	1.612137e-03	0.000000e+00	0.000000e+00	1.356549e-04	0.000000e+00	0.000000e+00	9.878404e-04	1.054017e-02	0.000000e+00	0.000000e+00	7.177679e-04	6.856860e-03	2.148427e-02	3.281162e-03	0.000000e+00	0.000000e+00	1.241195e-02	0.000000e+00	6.822071e-04	1.867615e-03	0.000000e+00	1.902824e-03	2.480534e-03	0.000000e+00	3.610572e-03	0.000000e+00	0.000000e+00	8.267667e-01	-5.137534e-01
8.263407e-01	0.000000e+00	0.000000e+00	3.376634e-03	0.000000e+00	0.000000e+00	1.808732e-04	0.000000e+00	0.000000e+00	0.000000e+00	0.000000e+00	0.000000e+00	3.810487e-04	9.058081e-04	0.000000e+00	4.307877e-02	1.812691e-03	0.000000e+00	1.608884e-03	0.000000e+00	0.000000e+00	1.872441e-03	0.000000e+00	0.000000e+00	8.716648e-04	4.899512e-03	0.000000e+00	5.414701e-03	5.334796e-03	7.520768e-04	8.263407e-01	-5.054420e-01
8.263407e-01	1.868965e-04	0.000000e+00	1.535958e-03	0.000000e+00	0.000000e+00	1.808732e-04	0.000000e+00	4.218316e-05	0.000000e+00	0.000000e+00	0.000000e+00	3.175406e-05	9.058081e-04	5.307903e-03	9.259698e-02	4.551885e-03	4.135011e-03	1.608884e-03	7.729379e-04	0.000000e+00	6.822071e-04	0.000000e+00	0.000000e+00	1.219761e-03	0.000000e+00	0.000000e+00	5.414701e-03	0.000000e+00	3.760384e-04	8.263407e-01	-4.970369e-01
8.263407e-01	1.868965e-04	0.000000e+00	1.535958e-03	0.000000e+00	0.000000e+00	1.808732e-04	0.000000e+00	4.218316e-05	0.000000e+00	0.000000e+00	0.000000e+00	3.175406e-05	9.058081e-04	5.307903e-03	9.259698e-02	4.551885e-03	4.135011e-03	1.608884e-03	7.729379e-04	0.000000e+00	6.822071e-04	0.000000e+00	0.000000e+00	1.219761e-03	0.000000e+00	0.000000e+00	5.414701e-03	0.000000e+00	3.760384e-04	8.263407e-01	-4.970369e-01
6.554094e-01	7.475860e-04	1.511364e-03	3.047192e-04	0.000000e+00	0.000000e+00	2.260915e-05	0.000000e+00	0.000000e+00	0.000000e+00	3.624604e-04	0.000000e+00	6.350812e-05	0.000000e+00	0.000000e+00	0.000000e+00	3.645539e-03	5.667353e-04	0.000000e+00	1.545876e-03	0.000000e+00	0.000000e+00	0.000000e+00	0.000000e+00	0.000000e+00	0.000000e+00	0.000000e+00	0.000000e+00	0.000000e+00	0.000000e+00	6.554094e-01	-4.539208e-01
6.554094e-01	7.475860e-04	1.511364e-03	3.047192e-04	0.000000e+00	0.000000e+00	2.260915e-05	0.000000e+00	0.000000e+00	0.000000e+00	3.624604e-04	0.000000e+00	6.350812e-05	0.000000e+00	0.000000e+00	0.000000e+00	3.645539e-03	5.667353e-04	0.000000e+00	1.545876e-03	0.000000e+00	0.000000e+00	0.000000e+00	0.000000e+00	0.000000e+00	0.000000e+00	0.000000e+00	0.000000e+00	0.000000e+00	0.000000e+00	6.554094e-01	-4.539208e-01
6.554094e-01	7.475860e-04	1.511364e-03	3.047192e-04	0.000000e+00	0.000000e+00	2.260915e-05	0.000000e+00	0.000000e+00	0.000000e+00	3.624604e-04	0.000000e+00	6.350812e-05	0.000000e+00	0.000000e+00	0.000000e+00	3.645539e-03	5.667353e-04	0.000000e+00	1.545876e-03	0.000000e+00	0.000000e+00	0.000000e+00	0.000000e+00	0.000000e+00	0.000000e+00	0.000000e+00	0.000000e+00	0.000000e+00	0.000000e+00	6.554094e-01	-4.539208e-01
6.554094e-01	7.475860e-04	1.511364e-03	3.047192e-04	0.000000e+00	0.000000e+00	2.260915e-05	0.000000e+00	0.000000e+00	0.000000e+00	3.624604e-04	0.000000e+00	6.350812e-05	0.000000e+00	0.000000e+00	0.000000e+00	3.645539e-03	5.667353e-04	0.000000e+00	1.545876e-03	0.000000e+00	0.000000e+00	0.000000e+00	0.000000e+00	0.000000e+00	0.000000e+00	0.000000e+00	0.000000e+00	0.000000e+00	0.000000e+00	6.554094e-01	-4.539208e-01
6.554094e-01	7.475860e-04	1.511364e-03	3.047192e-04	0.000000e+00	0.000000e+00	2.260915e-05	0.000000e+00	0.000000e+00	0.000000e+00	3.624604e-04	0.000000e+00	6.350812e-05	0.000000e+00	0.000000e+00	0.000000e+00	3.645539e-03	5.667353e-04	0.000000e+00	1.545876e-03	0.000000e+00	0.000000e+00	0.000000e+00	0.000000e+00	0.000000e+00	0.000000e+00	0.000000e+00	0.000000e+00	0.000000e+00	0.000000e+00	6.554094e-01	-4.539208e-01
6.506560e-01	7.475860e-04	0.000000e+00	1.625169e-03	0.000000e+00	0.000000e+00	4.521830e-05	0.000000e+00	5.061979e-04	0.000000e+00	2.162582e-05	0.000000e+00	0.000000e+00	0.000000e+00	0.000000e+00	3.880242e-03	1.822770e-03	4.044942e-03	4.323751e-03	0.000000e+00	0.000000e+00	1.548271e-03	0.000000e+00	1.017008e-02	0.000000e+00	3.282933e-04	2.009811e-03	0.000000e+00	2.150881e-03	0.000000e+00	6.506560e-01	-4.509871e-01
6.457147e-01	1.868965e-03	0.000000e+00	1.523596e-04	0.000000e+00	0.000000e+00	1.130458e-04	0.000000e+00	6.327473e-05	0.000000e+00	2.162582e-05	0.000000e+00	3.810487e-04	4.323804e-03	0.000000e+00	0.000000e+00	5.468309e-03	4.418378e-03	0.000000e+00	0.000000e+00	0.000000e+00	0.000000e+00	0.000000e+00	0.000000e+00	0.000000e+00	1.162705e-04	0.000000e+00	0.000000e+00	2.956847e-04	0.000000e+00	6.457147e-01	-4.402353e-01
6.457147e-01	1.868965e-03	0.000000e+00	1.523596e-04	0.000000e+00	0.000000e+00	1.130458e-04	0.000000e+00	6.327473e-05	0.000000e+00	2.162582e-05	0.000000e+00	3.810487e-04	4.323804e-03	0.000000e+00	0.000000e+00	5.468309e-03	1.527690e-02	0.000000e+00	1.932345e-04	0.000000e+00	0.000000e+00	0.000000e+00	0.000000e+00	0.000000e+00	1.162705e-04	0.000000e+00	0.000000e+00	1.549667e-03	0.000000e+00	6.457147e-01	-4.379452e-01
6.413506e-01	2.055862e-03	0.000000e+00	8.125846e-04	0.000000e+00	0.000000e+00	6.782746e-05	2.001264e-04	8.436631e-05	0.000000e+00	4.325164e-05	0.000000e+00	0.000000e+00	2.161902e-03	0.000000e+00	0.000000e+00	0.000000e+00	8.535683e-03	0.000000e+00	0.000000e+00	0.000000e+00	0.000000e+00	0.000000e+00	0.000000e+00	0.000000e+00	0.000000e+00	0.000000e+00	0.000000e+00	3.304107e-03	0.000000e+00	6.413506e-01	-4.154467e-01
6.392397e-01	1.495172e-03	0.000000e+00	0.000000e+00	0.000000e+00	0.000000e+00	1.356549e-04	2.001264e-04	0.000000e+00	0.000000e+00	4.832806e-04	0.000000e+00	4.128028e-04	0.000000e+00	0.000000e+00	0.000000e+00	0.000000e+00	8.323972e-04	0.000000e+00	0.000000e+00	0.000000e+00	0.000000e+00	0.000000e+00	0.000000e+00	0.000000e+00	0.000000e+00	0.000000e+00	0.000000e+00	0.000000e+00	0.000000e+00	6.392397e-01	-4.019230e-01
6.376352e-01	7.475860e-04	1.700284e-03	2.133035e-03	0.000000e+00	0.000000e+00	9.043661e-05	0.000000e+00	1.964153e-04	0.000000e+00	0.000000e+00	0.000000e+00	3.810487e-04	0.000000e+00	0.000000e+00	0.000000e+00	0.000000e+00	8.323972e-04	0.000000e+00	9.661724e-04	0.000000e+00	2.835701e-02	0.000000e+00	0.000000e+00	0.000000e+00	0.000000e+00	0.000000e+00	0.000000e+00	1.159789e-03	0.000000e+00	6.376352e-01	-3.818206e-01
6.376352e-01	7.475860e-04	3.022727e-03	2.133035e-03	0.000000e+00	0.000000e+00	9.043661e-05	0.000000e+00	1.964153e-04	0.000000e+00	3.732734e-04	0.000000e+00	0.000000e+00	0.000000e+00	0.000000e+00	0.000000e+00	0.000000e+00	8.323972e-04	0.000000e+00	0.000000e+00	0.000000e+00	2.835701e-02	3.033702e-04	0.000000e+00	4.751890e-03	0.000000e+00	5.024529e-04	0.000000e+00	1.159789e-03	0.000000e+00	6.376352e-01	-3.807150e-01
6.347167e-01	1.495172e-03	1.511364e-03	0.000000e+00	0.000000e+00	0.000000e+00	2.260915e-05	2.001264e-04	8.436631e-05	0.000000e+00	1.316331e-04	0.000000e+00	3.175406e-04	8.647607e-03	0.000000e+00	0.000000e+00	4.556924e-03	8.323972e-04	0.000000e+00	0.000000e+00	0.000000e+00	0.000000e+00	0.000000e+00	0.000000e+00	0.000000e+00	0.000000e+00	0.000000e+00	0.000000e+00	8.334050e-04	0.000000e+00	6.347167e-01	-3.561578e-01
6.334133e-01	1.495172e-03	0.000000e+00	3.656631e-03	0.000000e+00	0.000000e+00	0.000000e+00	1.000632e-04	3.928306e-04	0.000000e+00	2.848919e-04	0.000000e+00	0.000000e+00	0.000000e+00	0.000000e+00	2.204683e-03	0.000000e+00	2.945574e-02	0.000000e+00	0.000000e+00	0.000000e+00	1.548271e-03	6.067403e-04	2.933675e-03	0.000000e+00	0.000000e+00	1.004906e-03	0.000000e+00	2.615262e-03	0.000000e+00	6.334133e-01	-3.365473e-01
6.334133e-01	1.495172e-03	0.000000e+00	3.656631e-03	0.000000e+00	0.000000e+00	0.000000e+00	1.000632e-04	3.928306e-04	0.000000e+00	2.848919e-04	0.000000e+00	0.000000e+00	0.000000e+00	0.000000e+00	2.204683e-03	0.000000e+00	2.945574e-02	0.000000e+00	0.000000e+00	0.000000e+00	1.548271e-03	6.067403e-04	2.933675e-03	0.000000e+00	0.000000e+00	1.004906e-03	0.000000e+00	2.615262e-03	0.000000e+00	6.334133e-01	-3.365473e-01
6.308066e-01	1.121379e-03	1.511364e-03	3.453485e-03	0.000000e+00	0.000000e+00	2.678419e-02	0.000000e+00	0.000000e+00	1.915812e-03	0.000000e+00	0.000000e+00	6.350812e-05	0.000000e+00	0.000000e+00	1.940121e-03	0.000000e+00	6.739158e-03	0.000000e+00	0.000000e+00	0.000000e+00	1.265258e-02	0.000000e+00	0.000000e+00	3.563918e-03	0.000000e+00	0.000000e+00	0.000000e+00	8.997150e-04	0.000000e+00	6.308066e-01	-3.024154e-01
6.286719e-01	1.495172e-03	3.022727e-03	3.656631e-03	0.000000e+00	0.000000e+00	0.000000e+00	1.000632e-04	3.928306e-04	0.000000e+00	2.848919e-04	0.000000e+00	0.000000e+00	0.000000e+00	0.000000e+00	2.204683e-03	0.000000e+00	5.388431e-03	0.000000e+00	0.000000e+00	0.000000e+00	0.000000e+00	0.000000e+00	2.933675e-03	0.000000e+00	0.000000e+00	1.004906e-03	0.000000e+00	2.615262e-03	0.000000e+00	6.286719e-01	-2.813073e-01
6.286719e-01	1.495172e-03	3.022727e-03	3.656631e-03	0.000000e+00	0.000000e+00	0.000000e+00	1.000632e-04	3.928306e-04	0.000000e+00	2.848919e-04	0.000000e+00	0.000000e+00	0.000000e+00	0.000000e+00	2.204683e-03	0.000000e+00	5.388431e-03	0.000000e+00	0.000000e+00	0.000000e+00	0.000000e+00	0.000000e+00	2.933675e-03	0.000000e+00	0.000000e+00	1.004906e-03	0.000000e+00	2.615262e-03	0.000000e+00	6.286719e-01	-2.813073e-01
6.268379e-01	1.495172e-03	0.000000e+00	3.047192e-04	0.000000e+00	0.000000e+00	4.521830e-05	0.000000e+00	0.000000e+00	0.000000e+00	0.000000e+00	0.000000e+00	2.540325e-04	6.485706e-03	0.000000e+00	0.000000e+00	2.734154e-03	2.945574e-02	0.000000e+00	0.000000e+00	0.000000e+00	0.000000e+00	6.067403e-04	0.000000e+00	0.000000e+00	5.813527e-05	0.000000e+00	0.000000e+00	0.000000e+00	0.000000e+00	6.268379e-01	-2.520263e-01
6.255346e-01	1.495172e-03	3.022727e-03	3.656631e-03	0.000000e+00	0.000000e+00	6.782746e-05	0.000000e+00	1.964153e-04	0.000000e+00	0.000000e+00	0.000000e+00	6.350812e-05	0.000000e+00	0.000000e+00	9.700605e-04	0.000000e+00	2.694215e-03	0.000000e+00	0.000000e+00	0.000000e+00	0.000000e+00	0.000000e+00	2.933675e-03	4.751890e-03	0.000000e+00	5.024529e-04	0.000000e+00	9.875778e-04	0.000000e+00	6.255346e-01	-2.365841e-01
6.228985e-01	0.000000e+00	0.000000e+00	0.000000e+00	0.000000e+00	0.000000e+00	0.000000e+00	0.000000e+00	0.000000e+00	0.000000e+00	8.650328e-05	0.000000e+00	0.000000e+00	0.000000e+00	0.000000e+00	0.000000e+00	0.000000e+00	0.000000e+00	0.000000e+00	0.000000e+00	0.000000e+00	3.870679e-04	0.000000e+00	0.000000e+00	0.000000e+00	0.000000e+00	0.000000e+00	0.000000e+00	0.000000e+00	0.000000e+00	6.228985e-01	-1.995891e-01
6.225314e-01	0.000000e+00	0.000000e+00	0.000000e+00	0.000000e+00	0.000000e+00	0.000000e+00	0.000000e+00	0.000000e+00	0.000000e+00	2.848919e-04	1.967598e-02	1.905244e-04	2.161902e-03	0.000000e+00	0.000000e+00	0.000000e+00	0.000000e+00	0.000000e+00	0.000000e+00	0.000000e+00	0.000000e+00	0.000000e+00	0.000000e+00	0.000000e+00	0.000000e+00	0.000000e+00	0.000000e+00	0.000000e+00	0.000000e+00	6.225314e-01	-1.895781e-01
6.210299e-01	0.000000e+00	0.000000e+00	0.000000e+00	0.000000e+00	0.000000e+00	0.000000e+00	0.000000e+00	3.644888e-04	1.915812e-03	1.730066e-04	0.000000e+00	0.000000e+00	0.000000e+00	0.000000e+00	1.940121e-03	0.000000e+00	7.523150e-03	0.000000e+00	0.000000e+00	0.000000e+00	0.000000e+00	0.000000e+00	2.933675e-03	0.000000e+00	0.000000e+00	0.000000e+00	0.000000e+00	0.000000e+00	0.000000e+00	6.210299e-01	-1.663536e-01
6.195853e-01	1.121379e-03	0.000000e+00	0.000000e+00	0.000000e+00	0.000000e+00	0.000000e+00	0.000000e+00	9.787810e-05	0.000000e+00	1.983887e-04	0.000000e+00	6.350812e-05	0.000000e+00	0.000000e+00	0.000000e+00	0.000000e+00	0.000000e+00	0.000000e+00	0.000000e+00	0.000000e+00	1.548271e-03	0.000000e+00	1.466837e-03	0.000000e+00	0.000000e+00	5.024529e-04	0.000000e+00	0.000000e+00	0.000000e+00	6.195853e-01	-1.438175e-01
4.538428e-01	0.000000e+00	0.000000e+00	0.000000e+00	0.000000e+00	0.000000e+00	0.000000e+00	0.000000e+00	0.000000e+00	0.000000e+00	0.000000e+00	0.000000e+00	0.000000e+00	0.000000e+00	0.000000e+00	0.000000e+00	0.000000e+00	0.000000e+00	0.000000e+00	0.000000e+00	0.000000e+00	0.000000e+00	0.000000e+00	0.000000e+00	0.000000e+00	0.000000e+00	0.000000e+00	0.000000e+00	0.000000e+00	0.000000e+00	4.538428e-01	-1.242181e-01
4.538428e-01	0.000000e+00	0.000000e+00	0.000000e+00	0.000000e+00	0.000000e+00	0.000000e+00	0.000000e+00	0.000000e+00	0.000000e+00	0.000000e+00	0.000000e+00	0.000000e+00	0.000000e+00	0.000000e+00	0.000000e+00	0.000000e+00	0.000000e+00	0.000000e+00	0.000000e+00	0.000000e+00	0.000000e+00	0.000000e+00	0.000000e+00	0.000000e+00	0.000000e+00	0.000000e+00	0.000000e+00	0.000000e+00	0.000000e+00	4.538428e-01	-1.242181e-01
4.538428e-01	0.000000e+00	0.000000e+00	0.000000e+00	0.000000e+00	0.000000e+00	0.000000e+00	0.000000e+00	0.000000e+00	0.000000e+00	0.000000e+00	0.000000e+00	0.000000e+00	0.000000e+00	0.000000e+00	0.000000e+00	0.000000e+00	0.000000e+00	0.000000e+00	0.000000e+00	0.000000e+00	0.000000e+00	0.000000e+00	0.000000e+00	0.000000e+00	0.000000e+00	0.000000e+00	0.000000e+00	0.000000e+00	0.000000e+00	4.538428e-01	-1.242181e-01
4.538428e-01	0.000000e+00	0.000000e+00	0.000000e+00	0.000000e+00	0.000000e+00	0.000000e+00	0.000000e+00	0.000000e+00	0.000000e+00	0.000000e+00	0.000000e+00	0.000000e+00	0.000000e+00	0.000000e+00	0.000000e+00	0.000000e+00	0.000000e+00	0.000000e+00	0.000000e+00	0.000000e+00	0.000000e+00	0.000000e+00	0.000000e+00	0.000000e+00	0.000000e+00	0.000000e+00	0.000000e+00	0.000000e+00	0.000000e+00	4.538428e-01	-1.242181e-01
4.538428e-01	0.000000e+00	0.000000e+00	0.000000e+00	0.000000e+00	0.000000e+00	0.000000e+00	0.000000e+00	0.000000e+00	0.000000e+00	0.000000e+00	0.000000e+00	0.000000e+00	0.000000e+00	0.000000e+00	0.000000e+00	0.000000e+00	0.000000e+00	0.000000e+00	0.000000e+00	0.000000e+00	0.000000e+00	0.000000e+00	0.000000e+00	0.000000e+00	0.000000e+00	0.000000e+00	0.000000e+00	0.000000e+00	0.000000e+00	4.538428e-01	-1.242181e-01
4.538428e-01	0.000000e+00	0.000000e+00	0.000000e+00	0.000000e+00	0.000000e+00	0.000000e+00	0.000000e+00	0.000000e+00	0.000000e+00	0.000000e+00	0.000000e+00	0.000000e+00	0.000000e+00	0.000000e+00	0.000000e+00	0.000000e+00	0.000000e+00	0.000000e+00	0.000000e+00	0.000000e+00	0.000000e+00	0.000000e+00	0.000000e+00	0.000000e+00	0.000000e+00	0.000000e+00	0.000000e+00	0.000000e+00	0.000000e+00	4.538428e-01	-1.242181e-01
4.538428e-01	0.000000e+00	0.000000e+00	0.000000e+00	0.000000e+00	0.000000e+00	0.000000e+00	0.000000e+00	0.000000e+00	0.000000e+00	0.000000e+00	0.000000e+00	0.000000e+00	0.000000e+00	0.000000e+00	0.000000e+00	0.000000e+00	0.000000e+00	0.000000e+00	0.000000e+00	0.000000e+00	0.000000e+00	0.000000e+00	0.000000e+00	0.000000e+00	0.000000e+00	0.000000e+00	0.000000e+00	0.000000e+00	0.000000e+00	4.538428e-01	-1.242181e-01
4.518063e-01	0.000000e+00	0.000000e+00	0.000000e+00	0.000000e+00	0.000000e+00	0.000000e+00	0.000000e+00	0.000000e+00	0.000000e+00	2.162582e-05	0.000000e+00	0.000000e+00	0.000000e+00	0.000000e+00	0.000000e+00	0.000000e+00	0.000000e+00	0.000000e+00	0.000000e+00	0.000000e+00	0.000000e+00	0.000000e+00	0.000000e+00	0.000000e+00	0.000000e+00	0.000000e+00	0.000000e+00	6.781101e-05	0.000000e+00	4.518063e-01	-1.232260e-01
4.447947e-01	0.000000e+00	0.000000e+00	0.000000e+00	0.000000e+00	7.634676e-04	0.000000e+00	0.000000e+00	0.000000e+00	0.000000e+00	0.000000e+00	0.000000e+00	0.000000e+00	0.000000e+00	0.000000e+00	0.000000e+00	0.000000e+00	0.000000e+00	0.000000e+00	0.000000e+00	0.000000e+00	0.000000e+00	0.000000e+00	0.000000e+00	0.000000e+00	0.000000e+00	0.000000e+00	0.000000e+00	0.000000e+00	0.000000e+00	4.447947e-01	-1.056319e-01
4.409002e-01	0.000000e+00	0.000000e+00	0.000000e+00	0.000000e+00	0.000000e+00	0.000000e+00	0.000000e+00	0.000000e+00	0.000000e+00	0.000000e+00	0.000000e+00	0.000000e+00	0.000000e+00	0.000000e+00	0.000000e+00	4.051714e-06	0.000000e+00	0.000000e+00	0.000000e+00	0.000000e+00	0.000000e+00	0.000000e+00	0.000000e+00	0.000000e+00	0.000000e+00	0.000000e+00	0.000000e+00	0.000000e+00	0.000000e+00	4.409002e-01	-8.700849e-02
4.368273e-01	0.000000e+00	0.000000e+00	0.000000e+00	0.000000e+00	0.000000e+00	0.000000e+00	0.000000e+00	0.000000e+00	0.000000e+00	8.650328e-05	0.000000e+00	0.000000e+00	0.000000e+00	0.000000e+00	0.000000e+00	4.456886e-06	0.000000e+00	0.000000e+00	0.000000e+00	0.000000e+00	0.000000e+00	0.000000e+00	0.000000e+00	0.000000e+00	0.000000e+00	0.000000e+00	0.000000e+00	0.000000e+00	0.000000e+00	4.368273e-01	-6.086300e-02
4.359438e-01	0.000000e+00	0.000000e+00	0.000000e+00	0.000000e+00	1.951084e-03	0.000000e+00	0.000000e+00	0.000000e+00	7.795760e-03	2.162582e-04	0.000000e+00	0.000000e+00	0.000000e+00	0.000000e+00	7.480290e-04	4.862057e-06	0.000000e+00	0.000000e+00	0.000000e+00	0.000000e+00	0.000000e+00	0.000000e+00	0.000000e+00	0.000000e+00	0.000000e+00	0.000000e+00	5.873935e-03	0.000000e+00	0.000000e+00	4.359438e-01	-5.093437e-02
4.318136e-01	0.000000e+00	0.000000e+00	0.000000e+00	0.000000e+00	1.951084e-03	0.000000e+00	0.000000e+00	0.000000e+00	7.795760e-03	0.000000e+00	0.000000e+00	0.000000e+00	0.000000e+00	0.000000e+00	0.000000e+00	4.862057e-06	0.000000e+00	2.008738e-02	0.000000e+00	0.000000e+00	0.000000e+00	0.000000e+00	0.000000e+00	0.000000e+00	0.000000e+00	0.000000e+00	0.000000e+00	0.000000e+00	0.000000e+00	4.318136e-01	-1.413118e-02
4.278954e-01	0.000000e+00	0.000000e+00	0.000000e+00	0.000000e+00	0.000000e+00	0.000000e+00	0.000000e+00	0.000000e+00	0.000000e+00	0.000000e+00	0.000000e+00	0.000000e+00	0.000000e+00	0.000000e+00	0.000000e+00	4.051714e-06	0.000000e+00	0.000000e+00	0.000000e+00	0.000000e+00	0.000000e+00	0.000000e+00	0.000000e+00	0.000000e+00	0.000000e+00	0.000000e+00	0.000000e+00	0.000000e+00	0.000000e+00	4.278954e-01	1.706294e-02
4.259212e-01	0.000000e+00	0.000000e+00	0.000000e+00	0.000000e+00	1.017957e-03	0.000000e+00	0.000000e+00	0.000000e+00	1.277208e-03	8.650328e-05	0.000000e+00	0.000000e+00	1.872144e-02	0.000000e+00	0.000000e+00	0.000000e+00	0.000000e+00	0.000000e+00	0.000000e+00	0.000000e+00	0.000000e+00	0.000000e+00	0.000000e+00	0.000000e+00	0.000000e+00	0.000000e+00	1.698471e-03	1.017165e-04	0.000000e+00	4.259212e-01	4.240587e-02
4.219253e-01	0.000000e+00	0.000000e+00	0.000000e+00	0.000000e+00	0.000000e+00	0.000000e+00	0.000000e+00	0.000000e+00	0.000000e+00	0.000000e+00	0.000000e+00	0.000000e+00	0.000000e+00	0.000000e+00	0.000000e+00	0.000000e+00	0.000000e+00	0.000000e+00	0.000000e+00	0.000000e+00	0.000000e+00	0.000000e+00	0.000000e+00	0.000000e+00	0.000000e+00	0.000000e+00	0.000000e+00	0.000000e+00	0.000000e+00	4.219253e-01	8.226025e-02
4.214241e-01	0.000000e+00	0.000000e+00	0.000000e+00	0.000000e+00	6.786379e-04	0.000000e+00	6.719571e-02	0.000000e+00	0.000000e+00	0.000000e+00	0.000000e+00	0.000000e+00	0.000000e+00	0.000000e+00	0.000000e+00	4.862057e-06	0.000000e+00	0.000000e+00	0.000000e+00	0.000000e+00	0.000000e+00	0.000000e+00	0.000000e+00	0.000000e+00	0.000000e+00	0.000000e+00	1.174787e-02	3.390551e-05	0.000000e+00	4.214241e-01	1.048677e-01
4.180447e-01	0.000000e+00	0.000000e+00	0.000000e+00	0.000000e+00	0.000000e+00	0.000000e+00	0.000000e+00	0.000000e+00	0.000000e+00	0.000000e+00	0.000000e+00	0.000000e+00	0.000000e+00	0.000000e+00	0.000000e+00	0.000000e+00	0.000000e+00	0.000000e+00	0.000000e+00	0.000000e+00	0.000000e+00	0.000000e+00	0.000000e+00	0.000000e+00	0.000000e+00	0.000000e+00	0.000000e+00	0.000000e+00	0.000000e+00	4.180447e-01	1.289412e-01
4.180447e-01	0.000000e+00	0.000000e+00	0.000000e+00	0.000000e+00	0.000000e+00	0.000000e+00	0.000000e+00	0.000000e+00	0.000000e+00	0.000000e+00	0.000000e+00	0.000000e+00	0.000000e+00	0.000000e+00	0.000000e+00	0.000000e+00	0.000000e+00	0.000000e+00	0.000000e+00	0.000000e+00	0.000000e+00	0.000000e+00	0.000000e+00	0.000000e+00	0.000000e+00	0.000000e+00	0.000000e+00	0.000000e+00	0.000000e+00	4.180447e-01	1.289412e-01
4.095369e-01	0.000000e+00	0.000000e+00	0.000000e+00	0.000000e+00	0.000000e+00	0.000000e+00	0.000000e+00	0.000000e+00	0.000000e+00	0.000000e+00	0.000000e+00	0.000000e+00	0.000000e+00	0.000000e+00	0.000000e+00	6.482743e-06	0.000000e+00	0.000000e+00	0.000000e+00	0.000000e+00	0.000000e+00	0.000000e+00	0.000000e+00	0.000000e+00	0.000000e+00	0.000000e+00	0.000000e+00	0.000000e+00	0.000000e+00	4.095369e-01	2.391762e-01
2.552625e-01	0.000000e+00	0.000000e+00	0.000000e+00	0.000000e+00	0.000000e+00	0.000000e+00	0.000000e+00	0.000000e+00	0.000000e+00	0.000000e+00	0.000000e+00	0.000000e+00	0.000000e+00	0.000000e+00	0.000000e+00	0.000000e+00	0.000000e+00	0.000000e+00	0.000000e+00	0.000000e+00	0.000000e+00	0.000000e+00	0.000000e+00	0.000000e+00	0.000000e+00	0.000000e+00	0.000000e+00	0.000000e+00	0.000000e+00	2.552625e-01	2.429830e-01
2.552625e-01	0.000000e+00	0.000000e+00	0.000000e+00	0.000000e+00	0.000000e+00	0.000000e+00	0.000000e+00	0.000000e+00	0.000000e+00	0.000000e+00	0.000000e+00	0.000000e+00	0.000000e+00	0.000000e+00	0.000000e+00	0.000000e+00	0.000000e+00	0.000000e+00	0.000000e+00	0.000000e+00	0.000000e+00	0.000000e+00	0.000000e+00	0.000000e+00	0.000000e+00	0.000000e+00	0.000000e+00	0.000000e+00	0.000000e+00	2.552625e-01	2.429830e-01
2.552625e-01	0.000000e+00	0.000000e+00	0.000000e+00	0.000000e+00	0.000000e+00	0.000000e+00	0.000000e+00	0.000000e+00	0.000000e+00	0.000000e+00	0.000000e+00	0.000000e+00	0.000000e+00	0.000000e+00	0.000000e+00	0.000000e+00	0.000000e+00	0.000000e+00	0.000000e+00	0.000000e+00	0.000000e+00	0.000000e+00	0.000000e+00	0.000000e+00	0.000000e+00	0.000000e+00	0.000000e+00	0.000000e+00	0.000000e+00	2.552625e-01	2.429830e-01
2.552625e-01	0.000000e+00	0.000000e+00	0.000000e+00	0.000000e+00	0.000000e+00	0.000000e+00	0.000000e+00	0.000000e+00	0.000000e+00	0.000000e+00	0.000000e+00	0.000000e+00	0.000000e+00	0.000000e+00	0.000000e+00	0.000000e+00	0.000000e+00	0.000000e+00	0.000000e+00	0.000000e+00	0.000000e+00	0.000000e+00	0.000000e+00	0.000000e+00	0.000000e+00	0.000000e+00	0.000000e+00	0.000000e+00	0.000000e+00	2.552625e-01	2.429830e-01
2.552625e-01	0.000000e+00	0.000000e+00	0.000000e+00	0.000000e+00	0.000000e+00	0.000000e+00	0.000000e+00	0.000000e+00	0.000000e+00	0.000000e+00	0.000000e+00	0.000000e+00	0.000000e+00	0.000000e+00	0.000000e+00	0.000000e+00	0.000000e+00	0.000000e+00	0.000000e+00	0.000000e+00	0.000000e+00	0.000000e+00	0.000000e+00	0.000000e+00	0.000000e+00	0.000000e+00	0.000000e+00	0.000000e+00	0.000000e+00	2.552625e-01	2.429830e-01
2.552625e-01	0.000000e+00	0.000000e+00	0.000000e+00	0.000000e+00	0.000000e+00	0.000000e+00	0.000000e+00	0.000000e+00	0.000000e+00	0.000000e+00	0.000000e+00	0.000000e+00	0.000000e+00	0.000000e+00	0.000000e+00	0.000000e+00	0.000000e+00	0.000000e+00	0.000000e+00	0.000000e+00	0.000000e+00	0.000000e+00	0.000000e+00	0.000000e+00	0.000000e+00	0.000000e+00	0.000000e+00	0.000000e+00	0.000000e+00	2.552625e-01	2.429830e-01
2.552625e-01	0.000000e+00	0.000000e+00	0.000000e+00	0.000000e+00	0.000000e+00	0.000000e+00	0.000000e+00	0.000000e+00	0.000000e+00	0.000000e+00	0.000000e+00	0.000000e+00	0.000000e+00	0.000000e+00	0.000000e+00	0.000000e+00	0.000000e+00	0.000000e+00	0.000000e+00	0.000000e+00	0.000000e+00	0.000000e+00	0.000000e+00	0.000000e+00	0.000000e+00	0.000000e+00	0.000000e+00	0.000000e+00	0.000000e+00	2.552625e-01	2.429830e-01
2.552625e-01	0.000000e+00	0.000000e+00	0.000000e+00	0.000000e+00	0.000000e+00	0.000000e+00	0.000000e+00	0.000000e+00	0.000000e+00	0.000000e+00	0.000000e+00	0.000000e+00	0.000000e+00	0.000000e+00	0.000000e+00	0.000000e+00	0.000000e+00	0.000000e+00	0.000000e+00	0.000000e+00	0.000000e+00	0.000000e+00	0.000000e+00	0.000000e+00	0.000000e+00	0.000000e+00	0.000000e+00	0.000000e+00	0.000000e+00	2.552625e-01	2.429830e-01
2.552625e-01	9.108875e-03	0.000000e+00	5.740659e-04	0.000000e+00	0.000000e+00	0.000000e+00	0.000000e+00	0.000000e+00	0.000000e+00	0.000000e+00	0.000000e+00	0.000000e+00	0.000000e+00	0.000000e+00	0.000000e+00	0.000000e+00	0.000000e+00	0.000000e+00	3.186753e-04	0.000000e+00	0.000000e+00	0.000000e+00	0.000000e+00	0.000000e+00	0.000000e+00	0.000000e+00	0.000000e+00	0.000000e+00	0.000000e+00	2.552625e-01	2.453035e-01
2.438928e-01	9.108875e-03	0.000000e+00	5.740659e-04	0.000000e+00	4.241487e-04	6.124458e-05	0.000000e+00	0.000000e+00	0.000000e+00	0.000000e+00	0.000000e+00	0.000000e+00	0.000000e+00	0.000000e+00	9.536198e-04	0.000000e+00	0.000000e+00	0.000000e+00	2.124502e-04	0.000000e+00	0.000000e+00	0.000000e+00	0.000000e+00	0.000000e+00	0.000000e+00	0.000000e+00	0.000000e+00	0.000000e+00	0.000000e+00	2.438928e-01	2.693772e-01
2.352099e-01	0.000000e+00	0.000000e+00	0.000000e+00	0.000000e+00	0.000000e+00	0.000000e+00	0.000000e+00	0.000000e+00	0.000000e+00	0.000000e+00	0.000000e+00	0.000000e+00	0.000000e+00	0.000000e+00	0.000000e+00	0.000000e+00	0.000000e+00	0.000000e+00	0.000000e+00	0.000000e+00	0.000000e+00	0.000000e+00	0.000000e+00	0.000000e+00	0.000000e+00	0.000000e+00	0.000000e+00	0.000000e+00	0.000000e+00	2.352099e-01	3.047425e-01
2.280260e-01	0.000000e+00	0.000000e+00	0.000000e+00	0.000000e+00	2.120743e-04	0.000000e+00	0.000000e+00	0.000000e+00	0.000000e+00	0.000000e+00	0.000000e+00	0.000000e+00	0.000000e+00	0.000000e+00	8.218431e-04	0.000000e+00	0.000000e+00	0.000000e+00	0.000000e+00	0.000000e+00	0.000000e+00	0.000000e+00	0.000000e+00	0.000000e+00	0.000000e+00	0.000000e+00	0.000000e+00	0.000000e+00	0.000000e+00	2.280260e-01	3.469078e-01
2.232502e-01	0.000000e+00	0.000000e+00	0.000000e+00	0.000000e+00	2.120743e-04	0.000000e+00	0.000000e+00	0.000000e+00	0.000000e+00	0.000000e+00	0.000000e+00	0.000000e+00	0.000000e+00	0.000000e+00	8.218431e-04	0.000000e+00	0.000000e+00	0.000000e+00	2.124502e-04	8.776238e-03	0.000000e+00	0.000000e+00	0.000000e+00	0.000000e+00	0.000000e+00	0.000000e+00	0.000000e+00	0.000000e+00	1.984978e-02	2.232502e-01	3.856420e-01
2.135189e-01	0.000000e+00	0.000000e+00	0.000000e+00	0.000000e+00	4.241487e-04	0.000000e+00	0.000000e+00	0.000000e+00	0.000000e+00	0.000000e+00	0.000000e+00	0.000000e+00	0.000000e+00	0.000000e+00	8.218431e-04	0.000000e+00	0.000000e+00	0.000000e+00	2.124502e-04	0.000000e+00	0.000000e+00	0.000000e+00	0.000000e+00	0.000000e+00	0.000000e+00	0.000000e+00	0.000000e+00	0.000000e+00	0.000000e+00	2.135189e-01	4.502851e-01
2.080873e-01	0.000000e+00	0.000000e+00	0.000000e+00	0.000000e+00	0.000000e+00	0.000000e+00	0.000000e+00	0.000000e+00	0.000000e+00	3.428743e-02	0.000000e+00	0.000000e+00	0.000000e+00	0.000000e+00	0.000000e+00	0.000000e+00	0.000000e+00	0.000000e+00	0.000000e+00	0.000000e+00	0.000000e+00	0.000000e+00	0.000000e+00	0.000000e+00	0.000000e+00	0.000000e+00	0.000000e+00	0.000000e+00	0.000000e+00	2.080873e-01	4.997525e-01
2.010173e-01	0.000000e+00	0.000000e+00	0.000000e+00	0.000000e+00	0.000000e+00	0.000000e+00	0.000000e+00	0.000000e+00	0.000000e+00	0.000000e+00	0.000000e+00	0.000000e+00	0.000000e+00	0.000000e+00	0.000000e+00	1.006071e-03	0.000000e+00	0.000000e+00	4.701345e-02	0.000000e+00	0.000000e+00	0.000000e+00	0.000000e+00	0.000000e+00	0.000000e+00	0.000000e+00	0.000000e+00	0.000000e+00	0.000000e+00	2.010173e-01	5.568011e-01
1.901871e-01	0.000000e+00	0.000000e+00	0.000000e+00	0.000000e+00	0.000000e+00	0.000000e+00	0.000000e+00	0.000000e+00	0.000000e+00	0.000000e+00	0.000000e+00	0.000000e+00	0.000000e+00	0.000000e+00	0.000000e+00	0.000000e+00	0.000000e+00	0.000000e+00	0.000000e+00	0.000000e+00	0.000000e+00	0.000000e+00	0.000000e+00	0.000000e+00	0.000000e+00	0.000000e+00	0.000000e+00	0.000000e+00	0.000000e+00	1.901871e-01	6.216027e-01
8.421680e-02	0.000000e+00	0.000000e+00	0.000000e+00	0.000000e+00	0.000000e+00	0.000000e+00	0.000000e+00	0.000000e+00	0.000000e+00	0.000000e+00	0.000000e+00	0.000000e+00	0.000000e+00	0.000000e+00	0.000000e+00	0.000000e+00	0.000000e+00	0.000000e+00	0.000000e+00	0.000000e+00	0.000000e+00	0.000000e+00	0.000000e+00	0.000000e+00	0.000000e+00	0.000000e+00	0.000000e+00	0.000000e+00	0.000000e+00	8.421680e-02	6.697305e-01
8.421680e-02	0.000000e+00	0.000000e+00	0.000000e+00	0.000000e+00	0.000000e+00	0.000000e+00	0.000000e+00	0.000000e+00	0.000000e+00	0.000000e+00	0.000000e+00	0.000000e+00	0.000000e+00	0.000000e+00	0.000000e+00	0.000000e+00	0.000000e+00	0.000000e+00	0.000000e+00	0.000000e+00	0.000000e+00	0.000000e+00	0.000000e+00	0.000000e+00	0.000000e+00	0.000000e+00	0.000000e+00	0.000000e+00	0.000000e+00	8.421680e-02	6.697305e-01
8.421680e-02	0.000000e+00	0.000000e+00	0.000000e+00	0.000000e+00	0.000000e+00	0.000000e+00	0.000000e+00	0.000000e+00	0.000000e+00	0.000000e+00	0.000000e+00	0.000000e+00	0.000000e+00	0.000000e+00	0.000000e+00	0.000000e+00	0.000000e+00	0.000000e+00	0.000000e+00	0.000000e+00	0.000000e+00	0.000000e+00	0.000000e+00	0.000000e+00	0.000000e+00	0.000000e+00	0.000000e+00	0.000000e+00	0.000000e+00	8.421680e-02	6.697305e-01
8.421680e-02	0.000000e+00	0.000000e+00	0.000000e+00	0.000000e+00	0.000000e+00	0.000000e+00	0.000000e+00	0.000000e+00	0.000000e+00	0.000000e+00	0.000000e+00	0.000000e+00	0.000000e+00	0.000000e+00	0.000000e+00	0.000000e+00	0.000000e+00	0.000000e+00	0.000000e+00	0.000000e+00	0.000000e+00	0.000000e+00	0.000000e+00	0.000000e+00	0.000000e+00	0.000000e+00	0.000000e+00	0.000000e+00	0.000000e+00	8.421680e-02	6.697305e-01
8.421680e-02	0.000000e+00	0.000000e+00	0.000000e+00	0.000000e+00	0.000000e+00	0.000000e+00	0.000000e+00	0.000000e+00	0.000000e+00	0.000000e+00	0.000000e+00	0.000000e+00	0.000000e+00	0.000000e+00	0.000000e+00	0.000000e+00	0.000000e+00	0.000000e+00	0.000000e+00	0.000000e+00	0.000000e+00	0.000000e+00	0.000000e+00	0.000000e+00	0.000000e+00	0.000000e+00	0.000000e+00	0.000000e+00	0.000000e+00	8.421680e-02	6.697305e-01
8.421680e-02	0.000000e+00	0.000000e+00	0.000000e+00	0.000000e+00	0.000000e+00	0.000000e+00	0.000000e+00	0.000000e+00	0.000000e+00	0.000000e+00	0.000000e+00	0.000000e+00	0.000000e+00	0.000000e+00	0.000000e+00	0.000000e+00	0.000000e+00	0.000000e+00	0.000000e+00	0.000000e+00	0.000000e+00	0.000000e+00	0.000000e+00	0.000000e+00	0.000000e+00	0.000000e+00	0.000000e+00	0.000000e+00	0.000000e+00	8.421680e-02	6.697305e-01
7.453657e-02	0.000000e+00	0.000000e+00	0.000000e+00	0.000000e+00	0.000000e+00	1.837337e-04	0.000000e+00	0.000000e+00	0.000000e+00	0.000000e+00	0.000000e+00	0.000000e+00	0.000000e+00	0.000000e+00	4.768099e-04	0.000000e+00	0.000000e+00	0.000000e+00	0.000000e+00	0.000000e+00	0.000000e+00	0.000000e+00	0.000000e+00	0.000000e+00	0.000000e+00	0.000000e+00	0.000000e+00	0.000000e+00	0.000000e+00	7.453657e-02	6.736961e-01
6.102682e-02	0.000000e+00	0.000000e+00	0.000000e+00	0.000000e+00	0.000000e+00	0.000000e+00	0.000000e+00	0.000000e+00	0.000000e+00	0.000000e+00	0.000000e+00	0.000000e+00	0.000000e+00	0.000000e+00	0.000000e+00	0.000000e+00	0.000000e+00	0.000000e+00	0.000000e+00	0.000000e+00	0.000000e+00	0.000000e+00	0.000000e+00	0.000000e+00	0.000000e+00	0.000000e+00	0.000000e+00	0.000000e+00	0.000000e+00	6.102682e-02	6.955624e-01
4.698539e-02	0.000000e+00	0.000000e+00	0.000000e+00	0.000000e+00	1.696595e-03	0.000000e+00	0.000000e+00	0.000000e+00	0.000000e+00	0.000000e+00	0.000000e+00	0.000000e+00	0.000000e+00	0.000000e+00	8.877315e-04	0.000000e+00	0.000000e+00	0.000000e+00	0.000000e+00	0.000000e+00	0.000000e+00	3.979586e-04	0.000000e+00	0.000000e+00	0.000000e+00	0.000000e+00	0.000000e+00	0.000000e+00	9.924888e-03	4.698539e-02	7.400360e-01
3.123881e-02	0.000000e+00	0.000000e+00	0.000000e+00	0.000000e+00	4.241487e-04	0.000000e+00	0.000000e+00	0.000000e+00	0.000000e+00	0.000000e+00	0.000000e+00	3.375637e-03	0.000000e+00	0.000000e+00	8.218431e-04	0.000000e+00	0.000000e+00	0.000000e+00	0.000000e+00	0.000000e+00	0.000000e+00	0.000000e+00	0.000000e+00	0.000000e+00	0.000000e+00	0.000000e+00	0.000000e+00	0.000000e+00	0.000000e+00	3.123881e-02	7.985945e-01
1.352052e-02	0.000000e+00	0.000000e+00	0.000000e+00	0.000000e+00	0.000000e+00	0.000000e+00	0.000000e+00	0.000000e+00	0.000000e+00	0.000000e+00	0.000000e+00	0.000000e+00	0.000000e+00	0.000000e+00	0.000000e+00	0.000000e+00	0.000000e+00	0.000000e+00	0.000000e+00	0.000000e+00	0.000000e+00	0.000000e+00	0.000000e+00	0.000000e+00	0.000000e+00	0.000000e+00	0.000000e+00	0.000000e+00	0.000000e+00	1.352052e-02	8.781504e-01
0.000000e+00	0.000000e+00	0.000000e+00	0.000000e+00	0.000000e+00	0.000000e+00	0.000000e+00	0.000000e+00	0.000000e+00	0.000000e+00	0.000000e+00	0.000000e+00	0.000000e+00	0.000000e+00	0.000000e+00	0.000000e+00	0.000000e+00	0.000000e+00	0.000000e+00	0.000000e+00	0.000000e+00	0.000000e+00	0.000000e+00	0.000000e+00	0.000000e+00	0.000000e+00	0.000000e+00	0.000000e+00	0.000000e+00	0.000000e+00	0.000000e+00	1.000000e+00
