8.500935e-01	0.000000e+00	1.472981e-03	0.000000e+00	0.000000e+00	3.532941e-04	0.000000e+00	7.657750e-04	0.000000e+00	3.628411e-03	0.000000e+00	0.000000e+00	0.000000e+00	0.000000e+00	0.000000e+00	0.000000e+00	1.364840e-03	0.000000e+00	0.000000e+00	0.000000e+00	0.000000e+00	3.221323e-03	1.621659e-03	0.000000e+00	2.863546e-03	2.197602e-03	0.000000e+00	0.000000e+00	1.750130e-03	0.000000e+00	8.500935e-01	-7.688726e-01
8.495219e-01	0.000000e+00	3.088491e-04	0.000000e+00	0.000000e+00	3.532941e-04	0.000000e+00	7.657750e-04	0.000000e+00	2.441502e-03	0.000000e+00	0.000000e+00	0.000000e+00	0.000000e+00	1.236151e-02	0.000000e+00	9.260473e-04	0.000000e+00	3.241624e-04	8.103585e-04	0.000000e+00	4.060904e-02	1.621659e-03	0.000000e+00	0.000000e+00	0.000000e+00	0.000000e+00	0.000000e+00	1.750130e-03	0.000000e+00	8.495219e-01	-7.606589e-01
8.476049e-01	8.729542e-03	1.942839e-04	0.000000e+00	0.000000e+00	1.336940e-03	0.000000e+00	0.000000e+00	0.000000e+00	4.815321e-03	0.000000e+00	0.000000e+00	0.000000e+00	2.291554e-02	0.000000e+00	0.000000e+00	1.121148e-03	0.000000e+00	3.241624e-04	0.000000e+00	1.196055e-03	7.658816e-03	7.300070e-03	0.000000e+00	2.840399e-03	1.212084e-03	3.091843e-03	0.000000e+00	0.000000e+00	2.140607e-03	8.476049e-01	-7.549493e-01
8.451206e-01	0.000000e+00	1.312746e-03	0.000000e+00	0.000000e+00	2.653863e-04	0.000000e+00	0.000000e+00	0.000000e+00	9.438283e-03	0.000000e+00	0.000000e+00	0.000000e+00	1.098617e-02	6.180757e-03	0.000000e+00	1.191782e-04	0.000000e+00	1.620812e-03	5.402390e-04	0.000000e+00	7.272106e-04	6.543359e-03	0.000000e+00	0.000000e+00	5.162415e-03	0.000000e+00	0.000000e+00	2.706906e-03	6.332897e-03	8.451206e-01	-7.457760e-01
8.429166e-01	3.811035e-03	0.000000e+00	0.000000e+00	0.000000e+00	0.000000e+00	0.000000e+00	1.746341e-04	0.000000e+00	7.694328e-04	0.000000e+00	0.000000e+00	0.000000e+00	0.000000e+00	0.000000e+00	0.000000e+00	1.405240e-03	0.000000e+00	6.922976e-04	5.402390e-04	1.495069e-03	1.178420e-03	1.272252e-03	0.000000e+00	6.730977e-04	0.000000e+00	0.000000e+00	0.000000e+00	1.750130e-03	0.000000e+00	8.429166e-01	-7.379241e-01
8.429166e-01	3.811035e-03	0.000000e+00	0.000000e+00	0.000000e+00	0.000000e+00	0.000000e+00	1.746341e-04	0.000000e+00	7.694328e-04	0.000000e+00	0.000000e+00	0.000000e+00	0.000000e+00	0.000000e+00	0.000000e+00	1.405240e-03	0.000000e+00	6.922976e-04	5.402390e-04	1.495069e-03	1.178420e-03	1.272252e-03	0.000000e+00	6.730977e-04	0.000000e+00	0.000000e+00	0.000000e+00	1.750130e-03	0.000000e+00	8.429166e-01	-7.379241e-01
8.408976e-01	1.951528e-02	5.332913e-03	0.000000e+00	0.000000e+00	0.000000e+00	0.000000e+00	0.000000e+00	0.000000e+00	0.000000e+00	0.000000e+00	0.000000e+00	0.000000e+00	0.000000e+00	0.000000e+00	0.000000e+00	2.493221e-04	0.000000e+00	0.000000e+00	5.402390e-04	5.596768e-03	7.658816e-03	8.798287e-04	0.000000e+00	1.540261e-03	0.000000e+00	3.773178e-03	0.000000e+00	0.000000e+00	0.000000e+00	8.408976e-01	-7.161550e-01
8.393901e-01	6.134675e-04	0.000000e+00	0.000000e+00	0.000000e+00	5.046815e-03	0.000000e+00	0.000000e+00	0.000000e+00	7.694328e-04	0.000000e+00	0.000000e+00	0.000000e+00	0.000000e+00	0.000000e+00	0.000000e+00	1.254310e-03	0.000000e+00	6.483249e-04	0.000000e+00	2.990139e-03	6.607879e-03	3.283505e-03	0.000000e+00	7.639985e-04	3.689146e-03	0.000000e+00	0.000000e+00	0.000000e+00	0.000000e+00	8.393901e-01	-7.050498e-01
8.390212e-01	2.587651e-02	7.091677e-04	0.000000e+00	0.000000e+00	1.959586e-04	0.000000e+00	0.000000e+00	0.000000e+00	3.847164e-04	0.000000e+00	0.000000e+00	0.000000e+00	0.000000e+00	0.000000e+00	0.000000e+00	0.000000e+00	0.000000e+00	4.862436e-04	1.080478e-03	1.917547e-04	4.750571e-03	3.874576e-04	0.000000e+00	6.730977e-04	6.717190e-03	0.000000e+00	0.000000e+00	0.000000e+00	2.140607e-03	8.390212e-01	-6.982358e-01
8.387017e-01	1.782555e-02	5.437865e-04	0.000000e+00	0.000000e+00	0.000000e+00	0.000000e+00	3.813405e-02	0.000000e+00	0.000000e+00	0.000000e+00	0.000000e+00	0.000000e+00	0.000000e+00	0.000000e+00	0.000000e+00	3.323313e-04	0.000000e+00	4.862436e-04	2.593147e-03	0.000000e+00	1.802176e-03	3.591418e-05	0.000000e+00	5.953030e-04	7.378292e-03	0.000000e+00	0.000000e+00	0.000000e+00	0.000000e+00	8.387017e-01	-6.904438e-01
8.372564e-01	0.000000e+00	1.942839e-04	0.000000e+00	0.000000e+00	3.532941e-04	0.000000e+00	4.442739e-04	0.000000e+00	2.441502e-03	0.000000e+00	0.000000e+00	0.000000e+00	0.000000e+00	0.000000e+00	0.000000e+00	9.260473e-04	0.000000e+00	0.000000e+00	9.184064e-04	1.196055e-03	3.221323e-03	6.753779e-03	0.000000e+00	1.067361e-03	1.107938e-03	0.000000e+00	0.000000e+00	3.074290e-02	1.184546e-02	8.372564e-01	-6.757199e-01
8.364665e-01	1.302920e-02	5.437865e-04	0.000000e+00	0.000000e+00	0.000000e+00	0.000000e+00	3.813405e-02	0.000000e+00	0.000000e+00	0.000000e+00	0.000000e+00	0.000000e+00	0.000000e+00	0.000000e+00	0.000000e+00	1.125503e-03	0.000000e+00	6.483249e-04	2.593147e-03	0.000000e+00	1.802176e-03	3.591418e-05	0.000000e+00	5.953030e-04	7.378292e-03	0.000000e+00	0.000000e+00	0.000000e+00	0.000000e+00	8.364665e-01	-6.654367e-01
8.352051e-01	8.360385e-03	0.000000e+00	0.000000e+00	0.000000e+00	4.285194e-03	0.000000e+00	1.110685e-03	0.000000e+00	5.200037e-03	0.000000e+00	0.000000e+00	0.000000e+00	0.000000e+00	0.000000e+00	0.000000e+00	9.260473e-04	0.000000e+00	1.296650e-03	0.000000e+00	1.196055e-03	2.356841e-03	7.300070e-03	0.000000e+00	1.035017e-03	1.747319e-03	3.224976e-03	0.000000e+00	0.000000e+00	2.140607e-03	8.352051e-01	-6.537072e-01
8.345942e-01	1.376751e-02	0.000000e+00	0.000000e+00	0.000000e+00	5.877196e-03	0.000000e+00	8.743801e-03	0.000000e+00	0.000000e+00	0.000000e+00	0.000000e+00	0.000000e+00	0.000000e+00	0.000000e+00	0.000000e+00	1.428541e-03	3.360797e-03	3.241624e-04	1.620717e-03	3.588166e-03	0.000000e+00	0.000000e+00	0.000000e+00	7.762624e-04	2.952511e-03	0.000000e+00	0.000000e+00	4.200312e-03	2.188689e-03	8.345942e-01	-6.440422e-01
8.337578e-01	1.376751e-02	0.000000e+00	0.000000e+00	0.000000e+00	5.877196e-03	0.000000e+00	8.743801e-03	0.000000e+00	0.000000e+00	0.000000e+00	0.000000e+00	0.000000e+00	0.000000e+00	0.000000e+00	0.000000e+00	3.989121e-04	3.360797e-03	6.483249e-04	1.620717e-03	0.000000e+00	0.000000e+00	0.000000e+00	0.000000e+00	7.762624e-04	4.954123e-03	0.000000e+00	0.000000e+00	4.200312e-03	0.000000e+00	8.337578e-01	-6.331518e-01
8.332511e-01	3.067338e-04	1.207156e-03	0.000000e+00	0.000000e+00	1.931150e-05	0.000000e+00	8.885479e-04	0.000000e+00	3.847164e-04	0.000000e+00	0.000000e+00	0.000000e+00	0.000000e+00	0.000000e+00	0.000000e+00	1.126484e-03	0.000000e+00	0.000000e+00	0.000000e+00	0.000000e+00	1.636321e-03	0.000000e+00	4.118504e-02	5.175083e-04	1.844573e-03	0.000000e+00	0.000000e+00	0.000000e+00	1.940971e-02	8.332511e-01	-6.217521e-01
8.321078e-01	1.106395e-02	0.000000e+00	0.000000e+00	0.000000e+00	1.724321e-03	0.000000e+00	1.110685e-03	0.000000e+00	0.000000e+00	0.000000e+00	0.000000e+00	0.000000e+00	0.000000e+00	0.000000e+00	0.000000e+00	1.791545e-03	0.000000e+00	1.134569e-03	1.080478e-03	1.880682e-02	5.081683e-03	1.092583e-03	0.000000e+00	1.035017e-03	0.000000e+00	0.000000e+00	0.000000e+00	0.000000e+00	0.000000e+00	8.321078e-01	-6.088422e-01
8.315995e-01	2.212790e-02	1.093910e-03	0.000000e+00	0.000000e+00	8.551076e-03	0.000000e+00	0.000000e+00	0.000000e+00	2.249144e-03	0.000000e+00	0.000000e+00	0.000000e+00	3.164618e-04	0.000000e+00	4.288545e-03	1.036578e-03	3.724438e-03	1.296650e-03	0.000000e+00	0.000000e+00	3.090742e-03	2.221080e-03	0.000000e+00	0.000000e+00	7.412773e-04	6.449951e-03	0.000000e+00	2.706906e-03	0.000000e+00	8.315995e-01	-5.982493e-01
8.305861e-01	8.360385e-03	0.000000e+00	0.000000e+00	0.000000e+00	4.461841e-03	0.000000e+00	5.831095e-04	0.000000e+00	2.249144e-03	0.000000e+00	0.000000e+00	0.000000e+00	1.582309e-04	0.000000e+00	2.144272e-03	9.260473e-04	0.000000e+00	1.296650e-03	0.000000e+00	1.196055e-03	2.356841e-03	7.300070e-03	0.000000e+00	1.035017e-03	2.400464e-04	1.886589e-03	0.000000e+00	0.000000e+00	2.140607e-03	8.305861e-01	-5.860460e-01
8.298480e-01	1.121732e-02	1.570122e-03	0.000000e+00	0.000000e+00	0.000000e+00	0.000000e+00	6.664109e-04	0.000000e+00	2.249144e-03	0.000000e+00	0.000000e+00	0.000000e+00	0.000000e+00	0.000000e+00	0.000000e+00	1.364840e-03	0.000000e+00	3.241624e-04	1.080478e-03	0.000000e+00	3.090742e-03	8.467436e-04	0.000000e+00	1.293771e-04	1.877911e-03	0.000000e+00	0.000000e+00	0.000000e+00	0.000000e+00	8.298480e-01	-5.758518e-01
8.287942e-01	0.000000e+00	4.983842e-04	0.000000e+00	0.000000e+00	1.931150e-05	0.000000e+00	5.553424e-04	0.000000e+00	0.000000e+00	0.000000e+00	0.000000e+00	0.000000e+00	0.000000e+00	0.000000e+00	0.000000e+00	2.695219e-04	4.481063e-03	0.000000e+00	5.942629e-04	5.980277e-04	5.396153e-03	8.287866e-04	0.000000e+00	2.198568e-04	2.611844e-04	0.000000e+00	0.000000e+00	2.100156e-03	0.000000e+00	8.287942e-01	-5.592822e-01
8.287942e-01	2.703564e-03	4.983842e-04	0.000000e+00	0.000000e+00	1.931150e-05	0.000000e+00	4.635688e-03	0.000000e+00	1.124572e-03	0.000000e+00	0.000000e+00	0.000000e+00	0.000000e+00	1.487506e-02	0.000000e+00	8.171811e-04	0.000000e+00	0.000000e+00	5.942629e-04	5.980277e-04	5.396153e-03	8.287866e-04	0.000000e+00	2.198568e-04	2.611844e-04	0.000000e+00	0.000000e+00	2.100156e-03	0.000000e+00	8.287942e-01	-5.560847e-01
8.276914e-01	2.751727e-03	0.000000e+00	0.000000e+00	1.869671e-03	3.076037e-03	0.000000e+00	6.108767e-04	0.000000e+00	0.000000e+00	0.000000e+00	0.000000e+00	0.000000e+00	0.000000e+00	0.000000e+00	0.000000e+00	9.260473e-04	2.240531e-03	0.000000e+00	0.000000e+00	1.196055e-03	5.396153e-03	4.064428e-03	0.000000e+00	0.000000e+00	1.958883e-04	9.432946e-04	0.000000e+00	0.000000e+00	1.184411e-03	8.276914e-01	-5.382344e-01
8.276914e-01	2.751727e-03	0.000000e+00	0.000000e+00	1.869671e-03	3.076037e-03	0.000000e+00	6.108767e-04	0.000000e+00	0.000000e+00	0.000000e+00	0.000000e+00	0.000000e+00	0.000000e+00	0.000000e+00	0.000000e+00	9.260473e-04	2.240531e-03	0.000000e+00	0.000000e+00	1.196055e-03	5.396153e-03	4.064428e-03	0.000000e+00	0.000000e+00	1.958883e-04	9.432946e-04	0.000000e+00	0.000000e+00	1.184411e-03	8.276914e-01	-5.382344e-01
8.258785e-01	0.000000e+00	9.724830e-04	0.000000e+00	0.000000e+00	0.000000e+00	0.000000e+00	0.000000e+00	0.000000e+00	0.000000e+00	0.000000e+00	0.000000e+00	0.000000e+00	0.000000e+00	0.000000e+00	2.144272e-03	2.281909e-04	0.000000e+00	0.000000e+00	0.000000e+00	0.000000e+00	3.090742e-03	5.462915e-04	0.000000e+00	6.468853e-04	0.000000e+00	0.000000e+00	0.000000e+00	0.000000e+00	2.368822e-03	8.258785e-01	-5.069610e-01
8.251132e-01	0.000000e+00	4.983842e-04	0.000000e+00	0.000000e+00	1.931150e-05	0.000000e+00	5.553424e-04	0.000000e+00	0.000000e+00	0.000000e+00	0.000000e+00	0.000000e+00	0.000000e+00	0.000000e+00	2.144272e-03	2.695219e-04	4.481063e-03	0.000000e+00	4.321912e-04	5.980277e-04	5.396153e-03	8.467436e-04	0.000000e+00	5.821968e-04	2.611844e-04	0.000000e+00	0.000000e+00	0.000000e+00	0.000000e+00	8.251132e-01	-4.911445e-01
8.248260e-01	4.180192e-03	2.222536e-03	0.000000e+00	0.000000e+00	0.000000e+00	0.000000e+00	6.664109e-04	0.000000e+00	2.249144e-03	0.000000e+00	0.000000e+00	0.000000e+00	0.000000e+00	0.000000e+00	5.360681e-03	6.256529e-04	2.800664e-03	0.000000e+00	0.000000e+00	0.000000e+00	5.787190e-03	1.058430e-03	0.000000e+00	3.234427e-04	6.433331e-04	0.000000e+00	0.000000e+00	0.000000e+00	5.922056e-04	8.248260e-01	-4.837437e-01
8.248260e-01	4.180192e-03	2.222536e-03	0.000000e+00	0.000000e+00	0.000000e+00	0.000000e+00	6.664109e-04	0.000000e+00	2.249144e-03	0.000000e+00	0.000000e+00	0.000000e+00	0.000000e+00	0.000000e+00	5.360681e-03	6.256529e-04	2.800664e-03	0.000000e+00	0.000000e+00	0.000000e+00	5.787190e-03	1.058430e-03	0.000000e+00	3.234427e-04	6.433331e-04	0.000000e+00	0.000000e+00	0.000000e+00	5.922056e-04	8.248260e-01	-4.837437e-01
6.512385e-01	0.000000e+00	0.000000e+00	0.000000e+00	0.000000e+00	1.931150e-05	0.000000e+00	5.553424e-04	0.000000e+00	0.000000e+00	0.000000e+00	0.000000e+00	0.000000e+00	0.000000e+00	0.000000e+00	0.000000e+00	5.977846e-04	0.000000e+00	0.000000e+00	2.160956e-04	0.000000e+00	3.090742e-03	0.000000e+00	0.000000e+00	6.468853e-04	0.000000e+00	9.432946e-04	0.000000e+00	0.000000e+00	2.368822e-03	6.512385e-01	-4.561763e-01
6.512385e-01	0.000000e+00	0.000000e+00	0.000000e+00	0.000000e+00	1.931150e-05	0.000000e+00	5.553424e-04	0.000000e+00	0.000000e+00	0.000000e+00	0.000000e+00	0.000000e+00	0.000000e+00	0.000000e+00	0.000000e+00	5.977846e-04	0.000000e+00	0.000000e+00	2.160956e-04	0.000000e+00	3.090742e-03	0.000000e+00	0.000000e+00	6.468853e-04	0.000000e+00	9.432946e-04	0.000000e+00	0.000000e+00	2.368822e-03	6.512385e-01	-4.561763e-01
6.512385e-01	0.000000e+00	0.000000e+00	0.000000e+00	0.000000e+00	1.931150e-05	0.000000e+00	5.553424e-04	0.000000e+00	0.000000e+00	0.000000e+00	0.000000e+00	0.000000e+00	0.000000e+00	0.000000e+00	0.000000e+00	5.977846e-04	0.000000e+00	0.000000e+00	2.160956e-04	0.000000e+00	3.090742e-03	0.000000e+00	0.000000e+00	6.468853e-04	0.000000e+00	9.432946e-04	0.000000e+00	0.000000e+00	2.368822e-03	6.512385e-01	-4.561763e-01
6.512385e-01	0.000000e+00	0.000000e+00	0.000000e+00	0.000000e+00	1.931150e-05	0.000000e+00	5.553424e-04	0.000000e+00	0.000000e+00	0.000000e+00	0.000000e+00	0.000000e+00	0.000000e+00	0.000000e+00	0.000000e+00	5.977846e-04	0.000000e+00	0.000000e+00	2.160956e-04	0.000000e+00	3.090742e-03	0.000000e+00	0.000000e+00	6.468853e-04	0.000000e+00	9.432946e-04	0.000000e+00	0.000000e+00	2.368822e-03	6.512385e-01	-4.561763e-01
6.512385e-01	0.000000e+00	0.000000e+00	0.000000e+00	0.000000e+00	1.931150e-05	0.000000e+00	5.553424e-04	0.000000e+00	0.000000e+00	0.000000e+00	0.000000e+00	0.000000e+00	0.000000e+00	0.000000e+00	0.000000e+00	5.977846e-04	0.000000e+00	0.000000e+00	2.160956e-04	0.000000e+00	3.090742e-03	0.000000e+00	0.000000e+00	6.468853e-04	0.000000e+00	9.432946e-04	0.000000e+00	0.000000e+00	2.368822e-03	6.512385e-01	-4.561763e-01
6.492320e-01	0.000000e+00	6.386377e-03	1.509670e-02	0.000000e+00	0.000000e+00	0.000000e+00	0.000000e+00	0.000000e+00	0.000000e+00	0.000000e+00	1.399192e-02	3.366919e-03	0.000000e+00	0.000000e+00	3.114279e-04	0.000000e+00	0.000000e+00	0.000000e+00	0.000000e+00	0.000000e+00	2.650024e-03	0.000000e+00	0.000000e+00	0.000000e+00	0.000000e+00	0.000000e+00	0.000000e+00	0.000000e+00	1.184411e-03	6.492320e-01	-4.468083e-01
6.455479e-01	0.000000e+00	0.000000e+00	0.000000e+00	0.000000e+00	1.018422e-02	0.000000e+00	0.000000e+00	0.000000e+00	0.000000e+00	0.000000e+00	1.399192e-02	0.000000e+00	0.000000e+00	0.000000e+00	1.926294e-03	7.292305e-03	5.467499e-04	0.000000e+00	0.000000e+00	0.000000e+00	8.805925e-03	0.000000e+00	0.000000e+00	2.632852e-03	0.000000e+00	0.000000e+00	0.000000e+00	0.000000e+00	2.664925e-03	6.455479e-01	-4.337611e-01
6.435375e-01	0.000000e+00	0.000000e+00	0.000000e+00	0.000000e+00	1.018422e-02	6.235523e-04	0.000000e+00	0.000000e+00	4.037158e-04	3.160465e-04	0.000000e+00	3.632818e-03	0.000000e+00	0.000000e+00	0.000000e+00	3.686058e-03	0.000000e+00	0.000000e+00	0.000000e+00	0.000000e+00	1.347739e-03	0.000000e+00	0.000000e+00	3.062378e-02	1.020071e-02	0.000000e+00	0.000000e+00	0.000000e+00	2.969133e-03	6.435375e-01	-4.205954e-01
6.435375e-01	0.000000e+00	0.000000e+00	0.000000e+00	0.000000e+00	1.019387e-02	6.235523e-04	0.000000e+00	0.000000e+00	4.037158e-04	3.160465e-04	0.000000e+00	3.632818e-03	5.445790e-02	2.912495e-03	0.000000e+00	3.686058e-03	0.000000e+00	0.000000e+00	0.000000e+00	2.834004e-02	5.041782e-03	0.000000e+00	0.000000e+00	3.078550e-02	9.879038e-03	4.716473e-04	0.000000e+00	0.000000e+00	2.969133e-03	6.435375e-01	-4.037348e-01
6.398495e-01	0.000000e+00	6.386377e-03	0.000000e+00	0.000000e+00	0.000000e+00	0.000000e+00	5.553424e-04	5.198937e-03	0.000000e+00	0.000000e+00	1.399192e-02	0.000000e+00	0.000000e+00	5.824991e-03	1.428038e-03	1.716572e-03	5.563091e-04	0.000000e+00	0.000000e+00	0.000000e+00	9.272227e-03	0.000000e+00	1.292341e-02	1.595878e-02	0.000000e+00	2.855653e-03	0.000000e+00	0.000000e+00	3.867790e-03	6.398495e-01	-3.924382e-01
6.370834e-01	0.000000e+00	0.000000e+00	0.000000e+00	0.000000e+00	1.527632e-02	0.000000e+00	0.000000e+00	2.079575e-02	0.000000e+00	1.580232e-04	0.000000e+00	0.000000e+00	0.000000e+00	0.000000e+00	0.000000e+00	0.000000e+00	2.225237e-03	0.000000e+00	2.160956e-04	0.000000e+00	1.029543e-03	0.000000e+00	0.000000e+00	0.000000e+00	0.000000e+00	4.716473e-04	0.000000e+00	0.000000e+00	3.553234e-03	6.370834e-01	-3.753492e-01
6.361654e-01	0.000000e+00	7.479058e-04	0.000000e+00	0.000000e+00	0.000000e+00	3.117761e-04	0.000000e+00	5.755009e-03	0.000000e+00	0.000000e+00	0.000000e+00	2.326044e-02	0.000000e+00	0.000000e+00	0.000000e+00	6.434019e-03	0.000000e+00	0.000000e+00	0.000000e+00	0.000000e+00	7.114089e-03	0.000000e+00	0.000000e+00	0.000000e+00	0.000000e+00	0.000000e+00	0.000000e+00	1.702140e-03	0.000000e+00	6.361654e-01	-3.661432e-01
6.351047e-01	0.000000e+00	1.277275e-02	0.000000e+00	0.000000e+00	1.526667e-02	3.117761e-04	6.448969e-03	1.039787e-02	0.000000e+00	0.000000e+00	2.798383e-02	0.000000e+00	0.000000e+00	0.000000e+00	0.000000e+00	0.000000e+00	0.000000e+00	0.000000e+00	0.000000e+00	0.000000e+00	7.213142e-03	0.000000e+00	0.000000e+00	4.922463e-02	0.000000e+00	0.000000e+00	0.000000e+00	1.702140e-03	0.000000e+00	6.351047e-01	-3.390851e-01
6.324814e-01	0.000000e+00	8.996265e-04	0.000000e+00	0.000000e+00	2.546054e-03	4.126643e-03	0.000000e+00	0.000000e+00	2.018579e-04	0.000000e+00	0.000000e+00	3.017977e-02	0.000000e+00	0.000000e+00	1.993024e-03	3.511391e-03	1.112618e-03	0.000000e+00	0.000000e+00	0.000000e+00	6.181485e-03	0.000000e+00	0.000000e+00	0.000000e+00	0.000000e+00	0.000000e+00	0.000000e+00	0.000000e+00	4.281885e-03	6.324814e-01	-3.240557e-01
6.314207e-01	0.000000e+00	1.495812e-03	0.000000e+00	0.000000e+00	1.527632e-02	6.235523e-04	6.726640e-03	0.000000e+00	0.000000e+00	1.580232e-04	0.000000e+00	1.816409e-03	0.000000e+00	0.000000e+00	9.965119e-04	0.000000e+00	2.225237e-03	0.000000e+00	0.000000e+00	0.000000e+00	0.000000e+00	0.000000e+00	0.000000e+00	1.121268e-03	4.939519e-03	0.000000e+00	0.000000e+00	3.404280e-03	0.000000e+00	6.314207e-01	-3.142318e-01
6.300300e-01	0.000000e+00	0.000000e+00	0.000000e+00	0.000000e+00	0.000000e+00	0.000000e+00	0.000000e+00	5.755009e-03	0.000000e+00	0.000000e+00	0.000000e+00	3.835032e-02	0.000000e+00	0.000000e+00	9.965119e-04	6.434019e-03	2.225237e-03	0.000000e+00	0.000000e+00	0.000000e+00	7.114089e-03	0.000000e+00	0.000000e+00	0.000000e+00	0.000000e+00	0.000000e+00	0.000000e+00	0.000000e+00	0.000000e+00	6.300300e-01	-2.923680e-01
6.282837e-01	0.000000e+00	1.045998e-03	7.548350e-03	0.000000e+00	7.638162e-03	0.000000e+00	0.000000e+00	7.798405e-03	0.000000e+00	0.000000e+00	1.399192e-02	0.000000e+00	0.000000e+00	2.765035e-03	0.000000e+00	0.000000e+00	0.000000e+00	0.000000e+00	0.000000e+00	0.000000e+00	1.605300e-03	0.000000e+00	1.292341e-02	0.000000e+00	0.000000e+00	0.000000e+00	0.000000e+00	6.808559e-03	2.418457e-03	6.282837e-01	-2.681625e-01
6.264230e-01	0.000000e+00	4.300560e-03	0.000000e+00	0.000000e+00	0.000000e+00	8.253286e-03	3.363320e-03	0.000000e+00	0.000000e+00	0.000000e+00	0.000000e+00	2.658986e-04	0.000000e+00	2.912495e-03	8.630530e-04	8.582860e-04	0.000000e+00	0.000000e+00	0.000000e+00	0.000000e+00	5.557610e-03	0.000000e+00	0.000000e+00	0.000000e+00	0.000000e+00	0.000000e+00	0.000000e+00	0.000000e+00	0.000000e+00	6.264230e-01	-2.488166e-01
6.259588e-01	0.000000e+00	0.000000e+00	0.000000e+00	0.000000e+00	0.000000e+00	0.000000e+00	0.000000e+00	0.000000e+00	0.000000e+00	0.000000e+00	0.000000e+00	0.000000e+00	0.000000e+00	0.000000e+00	9.965119e-04	3.217009e-03	0.000000e+00	0.000000e+00	0.000000e+00	0.000000e+00	0.000000e+00	0.000000e+00	0.000000e+00	0.000000e+00	0.000000e+00	0.000000e+00	0.000000e+00	0.000000e+00	2.418457e-03	6.259588e-01	-2.456799e-01
6.235864e-01	0.000000e+00	0.000000e+00	0.000000e+00	0.000000e+00	0.000000e+00	0.000000e+00	0.000000e+00	0.000000e+00	0.000000e+00	0.000000e+00	0.000000e+00	0.000000e+00	0.000000e+00	0.000000e+00	9.965119e-04	0.000000e+00	0.000000e+00	0.000000e+00	0.000000e+00	0.000000e+00	0.000000e+00	0.000000e+00	0.000000e+00	0.000000e+00	0.000000e+00	0.000000e+00	0.000000e+00	0.000000e+00	2.418457e-03	6.235864e-01	-2.099647e-01
6.220404e-01	0.000000e+00	2.991623e-03	0.000000e+00	0.000000e+00	0.000000e+00	0.000000e+00	0.000000e+00	0.000000e+00	0.000000e+00	0.000000e+00	0.000000e+00	0.000000e+00	0.000000e+00	0.000000e+00	0.000000e+00	0.000000e+00	0.000000e+00	0.000000e+00	0.000000e+00	0.000000e+00	0.000000e+00	0.000000e+00	0.000000e+00	0.000000e+00	0.000000e+00	0.000000e+00	0.000000e+00	6.808559e-03	0.000000e+00	6.220404e-01	-1.839642e-01
6.220404e-01	0.000000e+00	2.991623e-03	0.000000e+00	0.000000e+00	0.000000e+00	0.000000e+00	0.000000e+00	0.000000e+00	0.000000e+00	2.139687e-02	0.000000e+00	0.000000e+00	0.000000e+00	0.000000e+00	0.000000e+00	0.000000e+00	0.000000e+00	0.000000e+00	0.000000e+00	0.000000e+00	1.100296e-02	0.000000e+00	0.000000e+00	0.000000e+00	0.000000e+00	0.000000e+00	0.000000e+00	6.808559e-03	0.000000e+00	6.220404e-01	-1.778584e-01
6.220404e-01	0.000000e+00	2.991623e-03	0.000000e+00	0.000000e+00	0.000000e+00	0.000000e+00	0.000000e+00	0.000000e+00	0.000000e+00	2.139687e-02	0.000000e+00	0.000000e+00	0.000000e+00	0.000000e+00	0.000000e+00	0.000000e+00	0.000000e+00	0.000000e+00	0.000000e+00	0.000000e+00	1.100296e-02	0.000000e+00	0.000000e+00	0.000000e+00	0.000000e+00	0.000000e+00	0.000000e+00	6.808559e-03	0.000000e+00	6.220404e-01	-1.778584e-01
4.526025e-01	0.000000e+00	0.000000e+00	0.000000e+00	0.000000e+00	0.000000e+00	0.000000e+00	0.000000e+00	0.000000e+00	0.000000e+00	0.000000e+00	0.000000e+00	0.000000e+00	0.000000e+00	0.000000e+00	0.000000e+00	0.000000e+00	0.000000e+00	0.000000e+00	0.000000e+00	0.000000e+00	0.000000e+00	0.000000e+00	0.000000e+00	0.000000e+00	0.000000e+00	0.000000e+00	0.000000e+00	0.000000e+00	0.000000e+00	4.526025e-01	-1.238480e-01
4.526025e-01	0.000000e+00	0.000000e+00	0.000000e+00	0.000000e+00	0.000000e+00	0.000000e+00	0.000000e+00	0.000000e+00	0.000000e+00	0.000000e+00	0.000000e+00	0.000000e+00	0.000000e+00	0.000000e+00	0.000000e+00	0.000000e+00	0.000000e+00	0.000000e+00	0.000000e+00	0.000000e+00	0.000000e+00	0.000000e+00	0.000000e+00	0.000000e+00	0.000000e+00	0.000000e+00	0.000000e+00	0.000000e+00	0.000000e+00	4.526025e-01	-1.238480e-01
4.526025e-01	0.000000e+00	0.000000e+00	0.000000e+00	0.000000e+00	0.000000e+00	0.000000e+00	0.000000e+00	0.000000e+00	0.000000e+00	0.000000e+00	0.000000e+00	0.000000e+00	0.000000e+00	0.000000e+00	0.000000e+00	0.000000e+00	0.000000e+00	0.000000e+00	0.000000e+00	0.000000e+00	0.000000e+00	0.000000e+00	0.000000e+00	0.000000e+00	0.000000e+00	0.000000e+00	0.000000e+00	0.000000e+00	0.000000e+00	4.526025e-01	-1.238480e-01
4.526025e-01	0.000000e+00	0.000000e+00	0.000000e+00	0.000000e+00	0.000000e+00	0.000000e+00	0.000000e+00	0.000000e+00	0.000000e+00	0.000000e+00	0.000000e+00	0.000000e+00	0.000000e+00	0.000000e+00	0.000000e+00	0.000000e+00	0.000000e+00	0.000000e+00	0.000000e+00	0.000000e+00	0.000000e+00	0.000000e+00	0.000000e+00	0.000000e+00	0.000000e+00	0.000000e+00	0.000000e+00	0.000000e+00	0.000000e+00	4.526025e-01	-1.238480e-01
4.526025e-01	0.000000e+00	0.000000e+00	0.000000e+00	0.000000e+00	0.000000e+00	0.000000e+00	0.000000e+00	0.000000e+00	0.000000e+00	0.000000e+00	0.000000e+00	0.000000e+00	0.000000e+00	0.000000e+00	0.000000e+00	0.000000e+00	0.000000e+00	0.000000e+00	0.000000e+00	0.000000e+00	0.000000e+00	0.000000e+00	0.000000e+00	0.000000e+00	0.000000e+00	0.000000e+00	0.000000e+00	0.000000e+00	0.000000e+00	4.526025e-01	-1.238480e-01
4.526025e-01	0.000000e+00	0.000000e+00	0.000000e+00	0.000000e+00	0.000000e+00	0.000000e+00	0.000000e+00	0.000000e+00	0.000000e+00	0.000000e+00	0.000000e+00	0.000000e+00	0.000000e+00	0.000000e+00	0.000000e+00	0.000000e+00	0.000000e+00	0.000000e+00	0.000000e+00	0.000000e+00	0.000000e+00	0.000000e+00	0.000000e+00	0.000000e+00	0.000000e+00	0.000000e+00	0.000000e+00	0.000000e+00	0.000000e+00	4.526025e-01	-1.238480e-01
4.526025e-01	0.000000e+00	0.000000e+00	0.000000e+00	0.000000e+00	0.000000e+00	0.000000e+00	0.000000e+00	0.000000e+00	0.000000e+00	0.000000e+00	0.000000e+00	0.000000e+00	0.000000e+00	0.000000e+00	0.000000e+00	0.000000e+00	0.000000e+00	0.000000e+00	0.000000e+00	0.000000e+00	0.000000e+00	0.000000e+00	0.000000e+00	0.000000e+00	0.000000e+00	0.000000e+00	0.000000e+00	0.000000e+00	0.000000e+00	4.526025e-01	-1.238480e-01
4.526025e-01	0.000000e+00	0.000000e+00	0.000000e+00	0.000000e+00	0.000000e+00	0.000000e+00	0.000000e+00	0.000000e+00	0.000000e+00	0.000000e+00	0.000000e+00	0.000000e+00	0.000000e+00	0.000000e+00	0.000000e+00	0.000000e+00	0.000000e+00	0.000000e+00	0.000000e+00	0.000000e+00	0.000000e+00	0.000000e+00	0.000000e+00	0.000000e+00	0.000000e+00	0.000000e+00	0.000000e+00	0.000000e+00	0.000000e+00	4.526025e-01	-1.238480e-01
4.469014e-01	0.000000e+00	2.798129e-03	0.000000e+00	0.000000e+00	0.000000e+00	0.000000e+00	0.000000e+00	0.000000e+00	0.000000e+00	0.000000e+00	0.000000e+00	1.391810e-04	0.000000e+00	0.000000e+00	0.000000e+00	0.000000e+00	0.000000e+00	0.000000e+00	0.000000e+00	0.000000e+00	1.413643e-03	0.000000e+00	0.000000e+00	0.000000e+00	0.000000e+00	0.000000e+00	0.000000e+00	0.000000e+00	0.000000e+00	4.469014e-01	-1.123933e-01
4.416132e-01	0.000000e+00	3.360398e-03	0.000000e+00	0.000000e+00	0.000000e+00	0.000000e+00	0.000000e+00	0.000000e+00	0.000000e+00	0.000000e+00	0.000000e+00	2.783620e-04	0.000000e+00	0.000000e+00	0.000000e+00	0.000000e+00	0.000000e+00	0.000000e+00	0.000000e+00	0.000000e+00	8.990318e-04	0.000000e+00	0.000000e+00	0.000000e+00	0.000000e+00	0.000000e+00	0.000000e+00	0.000000e+00	0.000000e+00	4.416132e-01	-8.997215e-02
4.379513e-01	0.000000e+00	2.604636e-03	0.000000e+00	0.000000e+00	0.000000e+00	0.000000e+00	0.000000e+00	0.000000e+00	0.000000e+00	0.000000e+00	0.000000e+00	0.000000e+00	0.000000e+00	0.000000e+00	0.000000e+00	0.000000e+00	0.000000e+00	1.188204e-03	0.000000e+00	0.000000e+00	0.000000e+00	0.000000e+00	0.000000e+00	0.000000e+00	0.000000e+00	0.000000e+00	0.000000e+00	0.000000e+00	0.000000e+00	4.379513e-01	-6.794099e-02
4.348527e-01	0.000000e+00	9.228720e-04	0.000000e+00	0.000000e+00	0.000000e+00	0.000000e+00	0.000000e+00	0.000000e+00	0.000000e+00	0.000000e+00	0.000000e+00	1.391810e-04	0.000000e+00	0.000000e+00	0.000000e+00	0.000000e+00	9.491734e-03	1.188204e-03	0.000000e+00	0.000000e+00	1.413643e-03	0.000000e+00	0.000000e+00	0.000000e+00	0.000000e+00	0.000000e+00	0.000000e+00	0.000000e+00	0.000000e+00	4.348527e-01	-4.323478e-02
4.318342e-01	0.000000e+00	1.723947e-03	0.000000e+00	0.000000e+00	0.000000e+00	0.000000e+00	0.000000e+00	0.000000e+00	0.000000e+00	0.000000e+00	0.000000e+00	0.000000e+00	0.000000e+00	1.515578e-03	0.000000e+00	0.000000e+00	0.000000e+00	2.376408e-03	0.000000e+00	0.000000e+00	7.068215e-04	0.000000e+00	0.000000e+00	0.000000e+00	0.000000e+00	0.000000e+00	0.000000e+00	0.000000e+00	0.000000e+00	4.318342e-01	-1.922218e-02
4.285052e-01	0.000000e+00	2.604636e-03	0.000000e+00	0.000000e+00	0.000000e+00	0.000000e+00	0.000000e+00	0.000000e+00	0.000000e+00	4.778570e-03	0.000000e+00	0.000000e+00	0.000000e+00	1.531726e-03	0.000000e+00	0.000000e+00	0.000000e+00	0.000000e+00	0.000000e+00	0.000000e+00	0.000000e+00	0.000000e+00	0.000000e+00	0.000000e+00	0.000000e+00	0.000000e+00	0.000000e+00	0.000000e+00	0.000000e+00	4.285052e-01	1.279651e-02
4.254626e-01	0.000000e+00	3.166915e-03	0.000000e+00	0.000000e+00	0.000000e+00	0.000000e+00	0.000000e+00	0.000000e+00	0.000000e+00	3.710691e-03	0.000000e+00	0.000000e+00	0.000000e+00	0.000000e+00	0.000000e+00	0.000000e+00	0.000000e+00	0.000000e+00	0.000000e+00	0.000000e+00	8.990318e-04	0.000000e+00	0.000000e+00	0.000000e+00	0.000000e+00	0.000000e+00	0.000000e+00	0.000000e+00	0.000000e+00	4.254626e-01	4.416354e-02
4.228816e-01	0.000000e+00	2.604636e-03	0.000000e+00	0.000000e+00	0.000000e+00	0.000000e+00	0.000000e+00	0.000000e+00	0.000000e+00	2.642812e-03	0.000000e+00	0.000000e+00	0.000000e+00	0.000000e+00	0.000000e+00	6.007167e-03	0.000000e+00	5.941021e-04	0.000000e+00	0.000000e+00	0.000000e+00	0.000000e+00	0.000000e+00	0.000000e+00	0.000000e+00	0.000000e+00	0.000000e+00	0.000000e+00	0.000000e+00	4.228816e-01	7.371471e-02
4.192923e-01	0.000000e+00	2.225190e-03	0.000000e+00	0.000000e+00	0.000000e+00	0.000000e+00	0.000000e+00	0.000000e+00	0.000000e+00	0.000000e+00	0.000000e+00	0.000000e+00	0.000000e+00	0.000000e+00	0.000000e+00	0.000000e+00	0.000000e+00	0.000000e+00	0.000000e+00	0.000000e+00	8.990318e-04	0.000000e+00	0.000000e+00	0.000000e+00	0.000000e+00	0.000000e+00	0.000000e+00	0.000000e+00	0.000000e+00	4.192923e-01	1.142759e-01
4.178529e-01	0.000000e+00	2.281352e-04	0.000000e+00	0.000000e+00	0.000000e+00	0.000000e+00	0.000000e+00	0.000000e+00	0.000000e+00	0.000000e+00	0.000000e+00	6.959049e-05	0.000000e+00	0.000000e+00	0.000000e+00	0.000000e+00	0.000000e+00	0.000000e+00	0.000000e+00	0.000000e+00	0.000000e+00	0.000000e+00	0.000000e+00	0.000000e+00	0.000000e+00	0.000000e+00	0.000000e+00	0.000000e+00	0.000000e+00	4.178529e-01	1.313833e-01
4.137092e-01	0.000000e+00	1.090109e-03	0.000000e+00	0.000000e+00	0.000000e+00	0.000000e+00	0.000000e+00	0.000000e+00	0.000000e+00	0.000000e+00	0.000000e+00	0.000000e+00	0.000000e+00	0.000000e+00	0.000000e+00	0.000000e+00	0.000000e+00	0.000000e+00	0.000000e+00	0.000000e+00	0.000000e+00	0.000000e+00	0.000000e+00	0.000000e+00	0.000000e+00	0.000000e+00	0.000000e+00	0.000000e+00	0.000000e+00	4.137092e-01	1.843053e-01
4.110658e-01	0.000000e+00	2.225190e-03	0.000000e+00	0.000000e+00	0.000000e+00	0.000000e+00	0.000000e+00	0.000000e+00	0.000000e+00	0.000000e+00	0.000000e+00	0.000000e+00	0.000000e+00	3.031155e-03	0.000000e+00	0.000000e+00	0.000000e+00	2.376408e-03	0.000000e+00	0.000000e+00	0.000000e+00	4.155872e-03	0.000000e+00	0.000000e+00	0.000000e+00	0.000000e+00	0.000000e+00	0.000000e+00	0.000000e+00	4.110658e-01	2.212996e-01
2.592843e-01	0.000000e+00	2.281352e-04	0.000000e+00	0.000000e+00	0.000000e+00	0.000000e+00	0.000000e+00	0.000000e+00	0.000000e+00	0.000000e+00	0.000000e+00	0.000000e+00	0.000000e+00	0.000000e+00	0.000000e+00	0.000000e+00	0.000000e+00	0.000000e+00	0.000000e+00	0.000000e+00	0.000000e+00	0.000000e+00	0.000000e+00	0.000000e+00	0.000000e+00	0.000000e+00	0.000000e+00	0.000000e+00	0.000000e+00	2.592843e-01	2.425200e-01
2.592843e-01	0.000000e+00	2.281352e-04	0.000000e+00	0.000000e+00	0.000000e+00	0.000000e+00	0.000000e+00	0.000000e+00	0.000000e+00	0.000000e+00	0.000000e+00	0.000000e+00	0.000000e+00	0.000000e+00	0.000000e+00	0.000000e+00	0.000000e+00	0.000000e+00	0.000000e+00	0.000000e+00	0.000000e+00	0.000000e+00	0.000000e+00	0.000000e+00	0.000000e+00	0.000000e+00	0.000000e+00	0.000000e+00	0.000000e+00	2.592843e-01	2.425200e-01
2.592843e-01	0.000000e+00	2.281352e-04	0.000000e+00	0.000000e+00	0.000000e+00	0.000000e+00	0.000000e+00	0.000000e+00	0.000000e+00	0.000000e+00	0.000000e+00	0.000000e+00	0.000000e+00	0.000000e+00	0.000000e+00	0.000000e+00	0.000000e+00	0.000000e+00	0.000000e+00	0.000000e+00	0.000000e+00	0.000000e+00	0.000000e+00	0.000000e+00	0.000000e+00	0.000000e+00	0.000000e+00	0.000000e+00	0.000000e+00	2.592843e-01	2.425200e-01
2.592843e-01	0.000000e+00	2.281352e-04	0.000000e+00	0.000000e+00	0.000000e+00	0.000000e+00	0.000000e+00	0.000000e+00	0.000000e+00	0.000000e+00	0.000000e+00	0.000000e+00	0.000000e+00	0.000000e+00	0.000000e+00	0.000000e+00	0.000000e+00	0.000000e+00	0.000000e+00	0.000000e+00	0.000000e+00	0.000000e+00	0.000000e+00	0.000000e+00	0.000000e+00	0.000000e+00	0.000000e+00	0.000000e+00	0.000000e+00	2.592843e-01	2.425200e-01
2.592843e-01	0.000000e+00	2.281352e-04	0.000000e+00	0.000000e+00	0.000000e+00	0.000000e+00	0.000000e+00	0.000000e+00	0.000000e+00	0.000000e+00	0.000000e+00	0.000000e+00	0.000000e+00	0.000000e+00	0.000000e+00	0.000000e+00	0.000000e+00	0.000000e+00	0.000000e+00	0.000000e+00	0.000000e+00	0.000000e+00	0.000000e+00	0.000000e+00	0.000000e+00	0.000000e+00	0.000000e+00	0.000000e+00	0.000000e+00	2.592843e-01	2.425200e-01
2.592843e-01	0.000000e+00	2.281352e-04	0.000000e+00	0.000000e+00	0.000000e+00	0.000000e+00	0.000000e+00	0.000000e+00	0.000000e+00	0.000000e+00	0.000000e+00	0.000000e+00	0.000000e+00	0.000000e+00	0.000000e+00	0.000000e+00	0.000000e+00	0.000000e+00	0.000000e+00	0.000000e+00	0.000000e+00	0.000000e+00	0.000000e+00	0.000000e+00	0.000000e+00	0.000000e+00	0.000000e+00	0.000000e+00	0.000000e+00	2.592843e-01	2.425200e-01
2.592843e-01	0.000000e+00	2.281352e-04	0.000000e+00	0.000000e+00	0.000000e+00	0.000000e+00	0.000000e+00	0.000000e+00	0.000000e+00	0.000000e+00	0.000000e+00	0.000000e+00	0.000000e+00	0.000000e+00	0.000000e+00	0.000000e+00	0.000000e+00	0.000000e+00	0.000000e+00	0.000000e+00	0.000000e+00	0.000000e+00	0.000000e+00	0.000000e+00	0.000000e+00	0.000000e+00	0.000000e+00	0.000000e+00	0.000000e+00	2.592843e-01	2.425200e-01
2.592843e-01	0.000000e+00	2.281352e-04	0.000000e+00	0.000000e+00	0.000000e+00	0.000000e+00	0.000000e+00	0.000000e+00	0.000000e+00	0.000000e+00	0.000000e+00	0.000000e+00	0.000000e+00	0.000000e+00	0.000000e+00	0.000000e+00	0.000000e+00	0.000000e+00	0.000000e+00	0.000000e+00	0.000000e+00	0.000000e+00	0.000000e+00	0.000000e+00	0.000000e+00	0.000000e+00	0.000000e+00	0.000000e+00	0.000000e+00	2.592843e-01	2.425200e-01
2.520246e-01	0.000000e+00	4.919434e-04	0.000000e+00	0.000000e+00	3.718742e-03	0.000000e+00	0.000000e+00	0.000000e+00	0.000000e+00	0.000000e+00	0.000000e+00	0.000000e+00	0.000000e+00	0.000000e+00	0.000000e+00	0.000000e+00	0.000000e+00	0.000000e+00	0.000000e+00	0.000000e+00	0.000000e+00	0.000000e+00	0.000000e+00	0.000000e+00	0.000000e+00	0.000000e+00	0.000000e+00	0.000000e+00	0.000000e+00	2.520246e-01	2.474434e-01
2.437372e-01	0.000000e+00	0.000000e+00	0.000000e+00	0.000000e+00	0.000000e+00	0.000000e+00	0.000000e+00	0.000000e+00	0.000000e+00	0.000000e+00	0.000000e+00	0.000000e+00	0.000000e+00	0.000000e+00	0.000000e+00	0.000000e+00	0.000000e+00	0.000000e+00	0.000000e+00	0.000000e+00	0.000000e+00	0.000000e+00	0.000000e+00	0.000000e+00	0.000000e+00	0.000000e+00	0.000000e+00	0.000000e+00	1.003947e-04	2.437372e-01	2.672912e-01
2.367757e-01	0.000000e+00	0.000000e+00	0.000000e+00	0.000000e+00	0.000000e+00	0.000000e+00	0.000000e+00	0.000000e+00	0.000000e+00	0.000000e+00	0.000000e+00	0.000000e+00	0.000000e+00	0.000000e+00	0.000000e+00	0.000000e+00	0.000000e+00	0.000000e+00	0.000000e+00	0.000000e+00	0.000000e+00	0.000000e+00	0.000000e+00	0.000000e+00	0.000000e+00	0.000000e+00	0.000000e+00	0.000000e+00	4.015787e-04	2.367757e-01	2.968641e-01
2.278139e-01	0.000000e+00	1.140676e-04	0.000000e+00	0.000000e+00	0.000000e+00	0.000000e+00	0.000000e+00	0.000000e+00	0.000000e+00	0.000000e+00	0.000000e+00	0.000000e+00	0.000000e+00	0.000000e+00	0.000000e+00	0.000000e+00	0.000000e+00	0.000000e+00	0.000000e+00	0.000000e+00	0.000000e+00	0.000000e+00	0.000000e+00	0.000000e+00	0.000000e+00	0.000000e+00	0.000000e+00	0.000000e+00	0.000000e+00	2.278139e-01	3.480466e-01
2.252356e-01	0.000000e+00	0.000000e+00	0.000000e+00	0.000000e+00	0.000000e+00	0.000000e+00	0.000000e+00	2.965414e-03	0.000000e+00	0.000000e+00	0.000000e+00	0.000000e+00	0.000000e+00	0.000000e+00	0.000000e+00	0.000000e+00	0.000000e+00	0.000000e+00	0.000000e+00	0.000000e+00	0.000000e+00	0.000000e+00	0.000000e+00	0.000000e+00	0.000000e+00	0.000000e+00	0.000000e+00	0.000000e+00	0.000000e+00	2.252356e-01	3.656722e-01
2.162128e-01	0.000000e+00	2.281352e-04	0.000000e+00	0.000000e+00	0.000000e+00	0.000000e+00	0.000000e+00	0.000000e+00	0.000000e+00	0.000000e+00	0.000000e+00	0.000000e+00	0.000000e+00	0.000000e+00	0.000000e+00	0.000000e+00	0.000000e+00	0.000000e+00	0.000000e+00	0.000000e+00	0.000000e+00	0.000000e+00	0.000000e+00	0.000000e+00	0.000000e+00	0.000000e+00	0.000000e+00	0.000000e+00	0.000000e+00	2.162128e-01	4.296419e-01
2.077749e-01	0.000000e+00	0.000000e+00	0.000000e+00	0.000000e+00	0.000000e+00	0.000000e+00	0.000000e+00	0.000000e+00	0.000000e+00	0.000000e+00	0.000000e+00	0.000000e+00	0.000000e+00	0.000000e+00	0.000000e+00	0.000000e+00	0.000000e+00	0.000000e+00	0.000000e+00	0.000000e+00	0.000000e+00	0.000000e+00	0.000000e+00	0.000000e+00	0.000000e+00	0.000000e+00	0.000000e+00	0.000000e+00	0.000000e+00	2.077749e-01	4.939299e-01
1.989371e-01	0.000000e+00	0.000000e+00	0.000000e+00	0.000000e+00	0.000000e+00	0.000000e+00	0.000000e+00	0.000000e+00	0.000000e+00	0.000000e+00	0.000000e+00	0.000000e+00	0.000000e+00	0.000000e+00	0.000000e+00	0.000000e+00	0.000000e+00	0.000000e+00	0.000000e+00	0.000000e+00	0.000000e+00	0.000000e+00	0.000000e+00	0.000000e+00	0.000000e+00	0.000000e+00	0.000000e+00	0.000000e+00	0.000000e+00	1.989371e-01	5.606177e-01
1.920439e-01	0.000000e+00	0.000000e+00	0.000000e+00	0.000000e+00	0.000000e+00	0.000000e+00	0.000000e+00	0.000000e+00	0.000000e+00	0.000000e+00	0.000000e+00	0.000000e+00	0.000000e+00	0.000000e+00	0.000000e+00	0.000000e+00	0.000000e+00	0.000000e+00	0.000000e+00	0.000000e+00	0.000000e+00	0.000000e+00	0.000000e+00	0.000000e+00	0.000000e+00	0.000000e+00	0.000000e+00	0.000000e+00	0.000000e+00	1.920439e-01	6.092745e-01
8.442207e-02	0.000000e+00	0.000000e+00	0.000000e+00	0.000000e+00	0.000000e+00	0.000000e+00	0.000000e+00	0.000000e+00	0.000000e+00	0.000000e+00	0.000000e+00	0.000000e+00	0.000000e+00	0.000000e+00	0.000000e+00	0.000000e+00	0.000000e+00	0.000000e+00	0.000000e+00	0.000000e+00	0.000000e+00	0.000000e+00	0.000000e+00	0.000000e+00	0.000000e+00	0.000000e+00	0.000000e+00	0.000000e+00	0.000000e+00	8.442207e-02	6.697591e-01
8.442207e-02	0.000000e+00	0.000000e+00	0.000000e+00	0.000000e+00	0.000000e+00	0.000000e+00	0.000000e+00	0.000000e+00	0.000000e+00	0.000000e+00	0.000000e+00	0.000000e+00	0.000000e+00	0.000000e+00	0.000000e+00	0.000000e+00	0.000000e+00	0.000000e+00	0.000000e+00	0.000000e+00	0.000000e+00	0.000000e+00	0.000000e+00	0.000000e+00	0.000000e+00	0.000000e+00	0.000000e+00	0.000000e+00	0.000000e+00	8.442207e-02	6.697591e-01
8.442207e-02	0.000000e+00	0.000000e+00	0.000000e+00	0.000000e+00	0.000000e+00	0.000000e+00	0.000000e+00	0.000000e+00	0.000000e+00	0.000000e+00	0.000000e+00	0.000000e+00	0.000000e+00	0.000000e+00	0.000000e+00	0.000000e+00	0.000000e+00	0.000000e+00	0.000000e+00	0.000000e+00	0.000000e+00	0.000000e+00	0.000000e+00	0.000000e+00	0.000000e+00	0.000000e+00	0.000000e+00	0.000000e+00	0.000000e+00	8.442207e-02	6.697591e-01
8.442207e-02	0.000000e+00	0.000000e+00	0.000000e+00	0.000000e+00	0.000000e+00	0.000000e+00	0.000000e+00	0.000000e+00	0.000000e+00	0.000000e+00	0.000000e+00	0.000000e+00	0.000000e+00	0.000000e+00	0.000000e+00	0.000000e+00	0.000000e+00	0.000000e+00	0.000000e+00	0.000000e+00	0.000000e+00	0.000000e+00	0.000000e+00	0.000000e+00	0.000000e+00	0.000000e+00	0.000000e+00	0.000000e+00	0.000000e+00	8.442207e-02	6.697591e-01
8.442207e-02	0.000000e+00	0.000000e+00	0.000000e+00	0.000000e+00	0.000000e+00	0.000000e+00	0.000000e+00	0.000000e+00	0.000000e+00	0.000000e+00	0.000000e+00	0.000000e+00	0.000000e+00	0.000000e+00	0.000000e+00	0.000000e+00	0.000000e+00	0.000000e+00	0.000000e+00	0.000000e+00	0.000000e+00	0.000000e+00	0.000000e+00	0.000000e+00	0.000000e+00	0.000000e+00	0.000000e+00	0.000000e+00	0.000000e+00	8.442207e-02	6.697591e-01
8.442207e-02	0.000000e+00	0.000000e+00	0.000000e+00	0.000000e+00	0.000000e+00	0.000000e+00	0.000000e+00	0.000000e+00	0.000000e+00	0.000000e+00	0.000000e+00	0.000000e+00	0.000000e+00	0.000000e+00	0.000000e+00	0.000000e+00	0.000000e+00	0.000000e+00	0.000000e+00	0.000000e+00	0.000000e+00	0.000000e+00	0.000000e+00	0.000000e+00	0.000000e+00	0.000000e+00	0.000000e+00	0.000000e+00	0.000000e+00	8.442207e-02	6.697591e-01
7.632448e-02	0.000000e+00	0.000000e+00	0.000000e+00	0.000000e+00	0.000000e+00	0.000000e+00	0.000000e+00	0.000000e+00	0.000000e+00	0.000000e+00	0.000000e+00	2.805281e-03	0.000000e+00	0.000000e+00	0.000000e+00	0.000000e+00	0.000000e+00	0.000000e+00	0.000000e+00	0.000000e+00	0.000000e+00	0.000000e+00	0.000000e+00	0.000000e+00	0.000000e+00	0.000000e+00	0.000000e+00	0.000000e+00	0.000000e+00	7.632448e-02	6.728037e-01
6.167640e-02	0.000000e+00	0.000000e+00	0.000000e+00	0.000000e+00	0.000000e+00	0.000000e+00	0.000000e+00	0.000000e+00	0.000000e+00	0.000000e+00	0.000000e+00	1.402640e-03	0.000000e+00	0.000000e+00	0.000000e+00	0.000000e+00	0.000000e+00	0.000000e+00	0.000000e+00	0.000000e+00	0.000000e+00	0.000000e+00	0.000000e+00	0.000000e+00	0.000000e+00	0.000000e+00	0.000000e+00	0.000000e+00	0.000000e+00	6.167640e-02	6.944608e-01
4.434394e-02	0.000000e+00	0.000000e+00	0.000000e+00	0.000000e+00	2.259997e-04	0.000000e+00	0.000000e+00	0.000000e+00	3.198336e-04	0.000000e+00	0.000000e+00	0.000000e+00	0.000000e+00	0.000000e+00	0.000000e+00	0.000000e+00	0.000000e+00	0.000000e+00	0.000000e+00	0.000000e+00	0.000000e+00	0.000000e+00	0.000000e+00	0.000000e+00	0.000000e+00	0.000000e+00	0.000000e+00	0.000000e+00	0.000000e+00	4.434394e-02	7.459258e-01
3.061115e-02	0.000000e+00	0.000000e+00	1.218150e-02	0.000000e+00	0.000000e+00	0.000000e+00	0.000000e+00	0.000000e+00	0.000000e+00	0.000000e+00	0.000000e+00	4.764645e-03	0.000000e+00	0.000000e+00	0.000000e+00	0.000000e+00	0.000000e+00	0.000000e+00	0.000000e+00	0.000000e+00	0.000000e+00	0.000000e+00	0.000000e+00	0.000000e+00	0.000000e+00	0.000000e+00	0.000000e+00	0.000000e+00	0.000000e+00	3.061115e-02	8.047334e-01
1.619518e-02	0.000000e+00	0.000000e+00	0.000000e+00	0.000000e+00	0.000000e+00	0.000000e+00	0.000000e+00	0.000000e+00	0.000000e+00	0.000000e+00	0.000000e+00	0.000000e+00	0.000000e+00	0.000000e+00	0.000000e+00	0.000000e+00	0.000000e+00	0.000000e+00	0.000000e+00	7.862331e-04	0.000000e+00	0.000000e+00	0.000000e+00	0.000000e+00	0.000000e+00	0.000000e+00	0.000000e+00	0.000000e+00	2.536286e-04	1.619518e-02	8.651529e-01
0.000000e+00	0.000000e+00	0.000000e+00	0.000000e+00	0.000000e+00	0.000000e+00	0.000000e+00	0.000000e+00	0.000000e+00	0.000000e+00	0.000000e+00	0.000000e+00	0.000000e+00	0.000000e+00	0.000000e+00	0.000000e+00	0.000000e+00	0.000000e+00	0.000000e+00	0.000000e+00	0.000000e+00	0.000000e+00	0.000000e+00	0.000000e+00	0.000000e+00	0.000000e+00	0.000000e+00	0.000000e+00	0.000000e+00	0.000000e+00	0.000000e+00	1.000000e+00
