8.525045e-01	0.000000e+00	6.226555e-04	0.000000e+00	4.526556e-04	0.000000e+00	0.000000e+00	1.229194e-04	6.963241e-03	0.000000e+00	3.643582e-04	1.710746e-03	0.000000e+00	0.000000e+00	4.166888e-03	0.000000e+00	0.000000e+00	0.000000e+00	0.000000e+00	0.000000e+00	0.000000e+00	0.000000e+00	6.475318e-04	0.000000e+00	0.000000e+00	0.000000e+00	2.848667e-03	1.368636e-03	0.000000e+00	6.221839e-03	8.525045e-01	-7.689129e-01
8.525045e-01	0.000000e+00	6.226555e-04	0.000000e+00	6.931755e-03	0.000000e+00	0.000000e+00	2.349030e-03	6.963241e-03	0.000000e+00	3.643582e-04	1.710746e-03	0.000000e+00	0.000000e+00	4.166888e-03	0.000000e+00	0.000000e+00	0.000000e+00	0.000000e+00	0.000000e+00	0.000000e+00	0.000000e+00	0.000000e+00	3.064925e-03	0.000000e+00	0.000000e+00	3.195317e-04	1.368636e-03	0.000000e+00	1.109057e-02	8.525045e-01	-7.666541e-01
8.460200e-01	0.000000e+00	2.586771e-04	0.000000e+00	1.268989e-03	0.000000e+00	0.000000e+00	3.579264e-03	5.802680e-03	0.000000e+00	1.093802e-03	5.626162e-03	0.000000e+00	0.000000e+00	3.333510e-03	0.000000e+00	0.000000e+00	0.000000e+00	0.000000e+00	0.000000e+00	1.522857e-03	0.000000e+00	3.973811e-05	3.064925e-03	4.705252e-03	0.000000e+00	0.000000e+00	0.000000e+00	0.000000e+00	1.641560e-03	8.460200e-01	-7.538443e-01
8.460200e-01	0.000000e+00	2.586771e-04	0.000000e+00	1.268989e-03	0.000000e+00	0.000000e+00	3.579264e-03	5.802680e-03	0.000000e+00	1.093802e-03	5.626162e-03	0.000000e+00	0.000000e+00	3.333510e-03	0.000000e+00	0.000000e+00	0.000000e+00	0.000000e+00	0.000000e+00	1.522857e-03	0.000000e+00	3.973811e-05	3.064925e-03	4.705252e-03	0.000000e+00	0.000000e+00	0.000000e+00	0.000000e+00	1.641560e-03	8.460200e-01	-7.538443e-01
8.438813e-01	0.000000e+00	8.313490e-04	0.000000e+00	0.000000e+00	0.000000e+00	7.239723e-03	3.517805e-03	0.000000e+00	0.000000e+00	3.643582e-04	0.000000e+00	0.000000e+00	0.000000e+00	2.593725e-03	0.000000e+00	0.000000e+00	0.000000e+00	0.000000e+00	5.768485e-03	9.718872e-04	0.000000e+00	0.000000e+00	0.000000e+00	2.352626e-03	0.000000e+00	3.949931e-03	0.000000e+00	0.000000e+00	2.877292e-02	8.438813e-01	-7.374759e-01
8.419625e-01	0.000000e+00	3.594024e-04	0.000000e+00	2.263278e-04	1.512345e-04	0.000000e+00	3.579264e-03	1.058995e-02	0.000000e+00	1.200437e-03	0.000000e+00	0.000000e+00	4.114045e-03	4.453362e-03	0.000000e+00	0.000000e+00	0.000000e+00	0.000000e+00	8.652727e-03	2.780652e-04	0.000000e+00	1.798016e-04	6.266939e-04	1.176313e-03	0.000000e+00	5.801093e-04	1.818862e-03	0.000000e+00	0.000000e+00	8.419625e-01	-7.264526e-01
8.409194e-01	1.210529e-02	0.000000e+00	0.000000e+00	4.526556e-04	5.441536e-03	0.000000e+00	2.583388e-03	8.268833e-03	0.000000e+00	9.419864e-04	0.000000e+00	0.000000e+00	8.228091e-03	2.719871e-03	0.000000e+00	0.000000e+00	0.000000e+00	0.000000e+00	0.000000e+00	2.662633e-03	0.000000e+00	6.475318e-04	1.253388e-03	0.000000e+00	0.000000e+00	2.848667e-03	1.784149e-03	0.000000e+00	4.273472e-03	8.409194e-01	-7.148068e-01
8.402274e-01	0.000000e+00	4.828754e-04	0.000000e+00	4.772055e-03	1.512345e-04	9.652964e-03	1.229194e-04	6.527961e-04	0.000000e+00	1.823246e-03	2.363678e-03	0.000000e+00	0.000000e+00	1.590672e-02	0.000000e+00	0.000000e+00	0.000000e+00	0.000000e+00	0.000000e+00	0.000000e+00	0.000000e+00	3.433585e-04	6.266939e-04	0.000000e+00	0.000000e+00	5.961448e-03	1.368636e-03	0.000000e+00	7.863400e-03	8.402274e-01	-7.087910e-01
8.388690e-01	1.270057e-02	3.403200e-04	0.000000e+00	5.436895e-04	0.000000e+00	0.000000e+00	1.229194e-04	1.464926e-02	0.000000e+00	1.823246e-03	7.257405e-03	0.000000e+00	2.057023e-03	2.360151e-03	0.000000e+00	0.000000e+00	0.000000e+00	0.000000e+00	0.000000e+00	0.000000e+00	0.000000e+00	6.259314e-04	3.603490e-03	0.000000e+00	0.000000e+00	0.000000e+00	1.090250e-03	0.000000e+00	0.000000e+00	8.388690e-01	-6.960376e-01
8.379050e-01	0.000000e+00	4.212050e-04	0.000000e+00	2.386028e-03	0.000000e+00	0.000000e+00	1.229194e-04	9.574425e-03	0.000000e+00	0.000000e+00	1.885109e-03	0.000000e+00	0.000000e+00	3.333510e-03	0.000000e+00	0.000000e+00	0.000000e+00	0.000000e+00	0.000000e+00	7.614286e-04	0.000000e+00	5.271704e-04	1.050409e-03	1.319337e-02	0.000000e+00	2.980724e-03	1.368636e-03	8.108666e-05	4.883155e-03	8.379050e-01	-6.863275e-01
8.368844e-01	0.000000e+00	6.516478e-04	0.000000e+00	0.000000e+00	0.000000e+00	6.033102e-03	0.000000e+00	0.000000e+00	0.000000e+00	0.000000e+00	1.511744e-02	0.000000e+00	0.000000e+00	2.773585e-03	0.000000e+00	0.000000e+00	0.000000e+00	1.012091e-03	0.000000e+00	2.303204e-03	0.000000e+00	3.227229e-04	0.000000e+00	0.000000e+00	0.000000e+00	1.179084e-04	0.000000e+00	0.000000e+00	0.000000e+00	8.368844e-01	-6.768769e-01
8.362423e-01	0.000000e+00	2.586771e-04	0.000000e+00	7.610738e-03	1.440546e-04	0.000000e+00	3.579264e-03	5.802680e-03	0.000000e+00	6.950308e-03	1.224233e-02	0.000000e+00	0.000000e+00	3.053548e-03	0.000000e+00	0.000000e+00	0.000000e+00	2.614569e-03	0.000000e+00	8.386497e-04	3.831614e-03	2.407228e-04	0.000000e+00	0.000000e+00	0.000000e+00	0.000000e+00	9.004515e-04	0.000000e+00	2.959481e-03	8.362423e-01	-6.651821e-01
8.362423e-01	0.000000e+00	2.586771e-04	0.000000e+00	7.610738e-03	1.440546e-04	0.000000e+00	3.579264e-03	5.802680e-03	0.000000e+00	6.950308e-03	1.224233e-02	0.000000e+00	0.000000e+00	3.053548e-03	0.000000e+00	0.000000e+00	0.000000e+00	2.614569e-03	0.000000e+00	8.386497e-04	3.831614e-03	2.407228e-04	0.000000e+00	0.000000e+00	0.000000e+00	0.000000e+00	9.004515e-04	0.000000e+00	2.959481e-03	8.362423e-01	-6.651821e-01
8.346624e-01	0.000000e+00	7.392062e-05	3.376850e-02	4.772055e-03	1.512345e-04	0.000000e+00	1.229194e-04	6.527961e-04	0.000000e+00	0.000000e+00	0.000000e+00	0.000000e+00	0.000000e+00	0.000000e+00	0.000000e+00	0.000000e+00	0.000000e+00	0.000000e+00	5.768485e-03	0.000000e+00	0.000000e+00	0.000000e+00	1.762577e-04	0.000000e+00	0.000000e+00	2.327512e-03	2.052954e-03	1.621733e-04	1.168583e-02	8.346624e-01	-6.427825e-01
8.336275e-01	0.000000e+00	1.331547e-04	0.000000e+00	0.000000e+00	5.214684e-03	0.000000e+00	1.851092e-03	0.000000e+00	0.000000e+00	9.116232e-04	0.000000e+00	0.000000e+00	0.000000e+00	0.000000e+00	0.000000e+00	0.000000e+00	0.000000e+00	1.265114e-04	1.153697e-02	2.825192e-04	5.036276e-03	5.680556e-04	0.000000e+00	2.352626e-03	0.000000e+00	4.537115e-03	6.843179e-04	0.000000e+00	4.957018e-03	8.336275e-01	-6.323384e-01
8.332542e-01	0.000000e+00	6.516478e-04	0.000000e+00	0.000000e+00	0.000000e+00	0.000000e+00	1.881822e-03	1.058989e-02	0.000000e+00	6.768129e-03	1.511744e-02	1.276071e-02	0.000000e+00	2.773585e-03	0.000000e+00	0.000000e+00	0.000000e+00	1.012091e-03	0.000000e+00	2.303204e-03	0.000000e+00	3.227229e-04	0.000000e+00	6.596686e-03	0.000000e+00	1.179084e-04	0.000000e+00	0.000000e+00	0.000000e+00	8.332542e-01	-6.230950e-01
8.321152e-01	0.000000e+00	2.723266e-04	0.000000e+00	0.000000e+00	1.512345e-04	0.000000e+00	3.579264e-03	4.168194e-04	0.000000e+00	1.367435e-03	2.892585e-03	0.000000e+00	0.000000e+00	2.360151e-03	0.000000e+00	0.000000e+00	0.000000e+00	1.602478e-03	0.000000e+00	0.000000e+00	3.831614e-03	0.000000e+00	6.266939e-04	4.705252e-03	0.000000e+00	5.961448e-03	1.368636e-03	0.000000e+00	0.000000e+00	8.321152e-01	-6.114636e-01
8.314209e-01	0.000000e+00	1.701600e-04	0.000000e+00	5.677366e-03	2.819485e-03	0.000000e+00	0.000000e+00	0.000000e+00	0.000000e+00	0.000000e+00	7.032703e-04	0.000000e+00	0.000000e+00	0.000000e+00	0.000000e+00	0.000000e+00	0.000000e+00	5.229137e-03	0.000000e+00	0.000000e+00	7.663227e-03	2.000566e-04	0.000000e+00	0.000000e+00	0.000000e+00	0.000000e+00	0.000000e+00	0.000000e+00	2.491139e-02	8.314209e-01	-5.975710e-01
8.313751e-01	0.000000e+00	1.959159e-04	0.000000e+00	1.373376e-02	2.679369e-03	0.000000e+00	0.000000e+00	2.566005e-03	0.000000e+00	7.937839e-04	4.571257e-03	2.481129e-03	0.000000e+00	0.000000e+00	0.000000e+00	0.000000e+00	0.000000e+00	6.030376e-03	1.153697e-02	0.000000e+00	0.000000e+00	5.680556e-04	3.525153e-04	0.000000e+00	0.000000e+00	4.537115e-03	1.134544e-03	2.458866e-02	2.343896e-02	8.313751e-01	-5.880127e-01
8.301038e-01	0.000000e+00	6.226555e-04	0.000000e+00	4.526556e-04	0.000000e+00	0.000000e+00	8.026266e-04	6.963241e-03	0.000000e+00	3.643582e-04	3.516352e-04	0.000000e+00	0.000000e+00	0.000000e+00	0.000000e+00	0.000000e+00	0.000000e+00	0.000000e+00	0.000000e+00	0.000000e+00	3.831614e-03	6.475318e-04	1.762577e-04	0.000000e+00	0.000000e+00	4.537115e-03	1.368636e-03	0.000000e+00	6.221839e-03	8.301038e-01	-5.797973e-01
8.291394e-01	2.977336e-02	1.053012e-04	0.000000e+00	5.296505e-03	0.000000e+00	0.000000e+00	0.000000e+00	0.000000e+00	0.000000e+00	2.681370e-03	1.710746e-03	0.000000e+00	0.000000e+00	0.000000e+00	0.000000e+00	0.000000e+00	0.000000e+00	4.723092e-03	0.000000e+00	0.000000e+00	0.000000e+00	6.628480e-04	0.000000e+00	0.000000e+00	0.000000e+00	5.895420e-05	0.000000e+00	1.621733e-04	2.666878e-03	8.291394e-01	-5.598261e-01
8.285088e-01	0.000000e+00	0.000000e+00	0.000000e+00	2.746752e-02	0.000000e+00	0.000000e+00	0.000000e+00	5.132009e-03	0.000000e+00	8.658965e-04	1.007476e-03	4.962257e-03	0.000000e+00	5.265579e-04	0.000000e+00	0.000000e+00	0.000000e+00	0.000000e+00	9.795088e-04	1.271979e-03	0.000000e+00	1.775174e-04	0.000000e+00	0.000000e+00	0.000000e+00	0.000000e+00	7.964083e-05	0.000000e+00	0.000000e+00	8.285088e-01	-5.497606e-01
8.279113e-01	1.190548e-03	0.000000e+00	0.000000e+00	0.000000e+00	2.607342e-03	0.000000e+00	0.000000e+00	0.000000e+00	0.000000e+00	8.044111e-03	1.007476e-03	0.000000e+00	0.000000e+00	2.666157e-03	0.000000e+00	7.585402e-03	0.000000e+00	0.000000e+00	3.918035e-03	0.000000e+00	0.000000e+00	0.000000e+00	0.000000e+00	6.596686e-03	0.000000e+00	0.000000e+00	0.000000e+00	3.078205e-02	2.325106e-03	8.279113e-01	-5.350048e-01
8.269190e-01	5.952739e-04	0.000000e+00	0.000000e+00	5.754052e-04	1.303671e-03	0.000000e+00	1.229194e-04	0.000000e+00	0.000000e+00	0.000000e+00	5.037378e-04	0.000000e+00	0.000000e+00	0.000000e+00	0.000000e+00	0.000000e+00	0.000000e+00	1.349455e-03	3.918035e-03	1.067762e-03	0.000000e+00	8.875868e-05	0.000000e+00	0.000000e+00	0.000000e+00	0.000000e+00	0.000000e+00	0.000000e+00	1.162553e-03	8.269190e-01	-5.264280e-01
8.259575e-01	0.000000e+00	1.159689e-04	0.000000e+00	0.000000e+00	7.876799e-06	0.000000e+00	1.229194e-04	0.000000e+00	0.000000e+00	6.837174e-04	1.446293e-03	0.000000e+00	0.000000e+00	0.000000e+00	0.000000e+00	0.000000e+00	0.000000e+00	2.192864e-03	9.795088e-04	4.199559e-03	1.915807e-03	5.858073e-04	0.000000e+00	2.352626e-03	0.000000e+00	0.000000e+00	0.000000e+00	0.000000e+00	1.779357e-02	8.259575e-01	-5.046664e-01
8.253293e-01	0.000000e+00	1.159689e-04	0.000000e+00	0.000000e+00	2.819485e-03	0.000000e+00	1.229194e-04	4.005409e-03	0.000000e+00	0.000000e+00	0.000000e+00	0.000000e+00	0.000000e+00	8.341915e-05	0.000000e+00	0.000000e+00	0.000000e+00	5.229137e-03	0.000000e+00	0.000000e+00	7.663227e-03	2.000566e-04	0.000000e+00	0.000000e+00	0.000000e+00	0.000000e+00	0.000000e+00	0.000000e+00	0.000000e+00	8.253293e-01	-4.946462e-01
8.242629e-01	0.000000e+00	9.996739e-05	0.000000e+00	0.000000e+00	0.000000e+00	0.000000e+00	0.000000e+00	0.000000e+00	0.000000e+00	3.968920e-04	1.007476e-03	0.000000e+00	1.848065e-03	0.000000e+00	0.000000e+00	0.000000e+00	0.000000e+00	1.897671e-04	0.000000e+00	0.000000e+00	0.000000e+00	4.615452e-04	0.000000e+00	0.000000e+00	0.000000e+00	2.268557e-03	7.639587e-04	0.000000e+00	2.325106e-03	8.242629e-01	-4.754930e-01
8.242629e-01	0.000000e+00	6.226555e-04	0.000000e+00	4.526556e-04	0.000000e+00	0.000000e+00	0.000000e+00	0.000000e+00	0.000000e+00	3.643582e-04	1.007476e-03	0.000000e+00	0.000000e+00	0.000000e+00	0.000000e+00	0.000000e+00	0.000000e+00	1.897671e-04	0.000000e+00	2.099779e-03	3.831614e-03	6.919111e-04	1.762577e-04	0.000000e+00	0.000000e+00	2.268557e-03	7.639587e-04	0.000000e+00	1.511862e-02	8.242629e-01	-4.723969e-01
6.546831e-01	0.000000e+00	1.159689e-04	0.000000e+00	0.000000e+00	7.876799e-06	0.000000e+00	0.000000e+00	0.000000e+00	0.000000e+00	0.000000e+00	0.000000e+00	0.000000e+00	0.000000e+00	0.000000e+00	0.000000e+00	0.000000e+00	0.000000e+00	0.000000e+00	0.000000e+00	0.000000e+00	0.000000e+00	1.775174e-04	0.000000e+00	0.000000e+00	0.000000e+00	0.000000e+00	0.000000e+00	0.000000e+00	0.000000e+00	6.546831e-01	-4.566797e-01
6.546831e-01	0.000000e+00	1.159689e-04	0.000000e+00	0.000000e+00	7.876799e-06	0.000000e+00	0.000000e+00	0.000000e+00	0.000000e+00	0.000000e+00	0.000000e+00	0.000000e+00	0.000000e+00	0.000000e+00	0.000000e+00	0.000000e+00	0.000000e+00	0.000000e+00	0.000000e+00	0.000000e+00	0.000000e+00	1.775174e-04	0.000000e+00	0.000000e+00	0.000000e+00	0.000000e+00	0.000000e+00	0.000000e+00	0.000000e+00	6.546831e-01	-4.566797e-01
6.546831e-01	0.000000e+00	1.159689e-04	0.000000e+00	0.000000e+00	7.876799e-06	0.000000e+00	0.000000e+00	0.000000e+00	0.000000e+00	0.000000e+00	0.000000e+00	0.000000e+00	0.000000e+00	0.000000e+00	0.000000e+00	0.000000e+00	0.000000e+00	0.000000e+00	0.000000e+00	0.000000e+00	0.000000e+00	1.775174e-04	0.000000e+00	0.000000e+00	0.000000e+00	0.000000e+00	0.000000e+00	0.000000e+00	0.000000e+00	6.546831e-01	-4.566797e-01
6.546831e-01	0.000000e+00	1.159689e-04	0.000000e+00	0.000000e+00	7.876799e-06	0.000000e+00	0.000000e+00	0.000000e+00	0.000000e+00	0.000000e+00	0.000000e+00	0.000000e+00	0.000000e+00	0.000000e+00	0.000000e+00	0.000000e+00	0.000000e+00	0.000000e+00	0.000000e+00	0.000000e+00	0.000000e+00	1.775174e-04	0.000000e+00	0.000000e+00	0.000000e+00	0.000000e+00	0.000000e+00	0.000000e+00	0.000000e+00	6.546831e-01	-4.566797e-01
6.546831e-01	0.000000e+00	1.159689e-04	0.000000e+00	0.000000e+00	0.000000e+00	0.000000e+00	0.000000e+00	0.000000e+00	0.000000e+00	0.000000e+00	0.000000e+00	0.000000e+00	1.848065e-03	0.000000e+00	0.000000e+00	0.000000e+00	0.000000e+00	0.000000e+00	0.000000e+00	0.000000e+00	0.000000e+00	1.775174e-04	0.000000e+00	0.000000e+00	0.000000e+00	0.000000e+00	0.000000e+00	0.000000e+00	0.000000e+00	6.546831e-01	-4.563396e-01
6.471868e-01	0.000000e+00	1.739534e-04	0.000000e+00	0.000000e+00	1.260288e-05	0.000000e+00	0.000000e+00	0.000000e+00	0.000000e+00	0.000000e+00	1.105615e-04	0.000000e+00	0.000000e+00	3.597196e-04	0.000000e+00	9.238285e-03	0.000000e+00	1.982012e-03	0.000000e+00	0.000000e+00	0.000000e+00	3.905382e-04	0.000000e+00	0.000000e+00	0.000000e+00	0.000000e+00	3.055835e-03	0.000000e+00	0.000000e+00	6.471868e-01	-4.462952e-01
6.441050e-01	0.000000e+00	1.739534e-04	0.000000e+00	2.877026e-04	0.000000e+00	0.000000e+00	0.000000e+00	0.000000e+00	0.000000e+00	0.000000e+00	7.863526e-04	5.355594e-03	0.000000e+00	3.336766e-04	0.000000e+00	2.020315e-03	0.000000e+00	1.982012e-03	0.000000e+00	1.777389e-03	0.000000e+00	1.775174e-04	0.000000e+00	4.001266e-03	0.000000e+00	0.000000e+00	0.000000e+00	3.243467e-04	0.000000e+00	6.441050e-01	-4.324499e-01
6.420974e-01	0.000000e+00	6.749755e-05	0.000000e+00	0.000000e+00	0.000000e+00	1.093393e-02	0.000000e+00	0.000000e+00	0.000000e+00	0.000000e+00	6.461490e-03	0.000000e+00	3.696129e-03	0.000000e+00	0.000000e+00	0.000000e+00	0.000000e+00	0.000000e+00	0.000000e+00	1.999562e-03	0.000000e+00	1.597656e-04	0.000000e+00	0.000000e+00	0.000000e+00	0.000000e+00	1.527917e-03	0.000000e+00	0.000000e+00	6.420974e-01	-4.190927e-01
6.400897e-01	0.000000e+00	9.173325e-05	0.000000e+00	0.000000e+00	7.876799e-06	0.000000e+00	0.000000e+00	0.000000e+00	0.000000e+00	0.000000e+00	0.000000e+00	2.004612e-02	0.000000e+00	0.000000e+00	0.000000e+00	0.000000e+00	0.000000e+00	0.000000e+00	0.000000e+00	2.332823e-03	0.000000e+00	1.775174e-04	0.000000e+00	0.000000e+00	0.000000e+00	0.000000e+00	0.000000e+00	0.000000e+00	0.000000e+00	6.400897e-01	-4.051494e-01
6.400897e-01	0.000000e+00	9.173325e-05	0.000000e+00	0.000000e+00	7.876799e-06	0.000000e+00	0.000000e+00	0.000000e+00	0.000000e+00	0.000000e+00	0.000000e+00	2.004612e-02	0.000000e+00	0.000000e+00	0.000000e+00	0.000000e+00	0.000000e+00	0.000000e+00	0.000000e+00	2.332823e-03	0.000000e+00	1.775174e-04	0.000000e+00	0.000000e+00	0.000000e+00	0.000000e+00	0.000000e+00	0.000000e+00	0.000000e+00	6.400897e-01	-4.051494e-01
6.365910e-01	0.000000e+00	9.060074e-05	0.000000e+00	1.438513e-04	0.000000e+00	0.000000e+00	0.000000e+00	0.000000e+00	0.000000e+00	0.000000e+00	0.000000e+00	0.000000e+00	0.000000e+00	0.000000e+00	0.000000e+00	0.000000e+00	0.000000e+00	0.000000e+00	3.243954e-04	6.665208e-04	1.120860e-03	0.000000e+00	0.000000e+00	4.001266e-03	0.000000e+00	6.142997e-04	3.344814e-03	1.621733e-04	1.515273e-02	6.365910e-01	-3.740188e-01
6.353347e-01	0.000000e+00	1.558333e-04	0.000000e+00	0.000000e+00	1.417824e-05	0.000000e+00	0.000000e+00	0.000000e+00	0.000000e+00	0.000000e+00	0.000000e+00	0.000000e+00	0.000000e+00	1.668383e-04	0.000000e+00	2.388463e-04	0.000000e+00	1.926325e-02	0.000000e+00	1.092277e-02	5.604298e-04	3.905382e-04	0.000000e+00	0.000000e+00	0.000000e+00	0.000000e+00	0.000000e+00	0.000000e+00	0.000000e+00	6.353347e-01	-3.602387e-01
6.330923e-01	0.000000e+00	1.159689e-04	0.000000e+00	0.000000e+00	0.000000e+00	0.000000e+00	0.000000e+00	0.000000e+00	0.000000e+00	0.000000e+00	0.000000e+00	0.000000e+00	1.848065e-03	0.000000e+00	0.000000e+00	0.000000e+00	0.000000e+00	6.747274e-04	0.000000e+00	1.333042e-03	0.000000e+00	1.775174e-04	0.000000e+00	0.000000e+00	0.000000e+00	0.000000e+00	1.527917e-03	0.000000e+00	4.150802e-04	6.330923e-01	-3.403936e-01
6.318187e-01	0.000000e+00	1.032848e-04	0.000000e+00	2.877026e-04	0.000000e+00	0.000000e+00	0.000000e+00	0.000000e+00	0.000000e+00	0.000000e+00	0.000000e+00	0.000000e+00	0.000000e+00	8.341915e-05	0.000000e+00	2.388463e-04	0.000000e+00	6.747274e-04	3.379119e-04	0.000000e+00	5.604298e-04	1.775174e-04	0.000000e+00	4.001266e-03	0.000000e+00	0.000000e+00	0.000000e+00	0.000000e+00	0.000000e+00	6.318187e-01	-3.251866e-01
6.309788e-01	0.000000e+00	2.129117e-04	0.000000e+00	0.000000e+00	1.417824e-05	0.000000e+00	0.000000e+00	0.000000e+00	0.000000e+00	0.000000e+00	0.000000e+00	0.000000e+00	0.000000e+00	2.502574e-04	0.000000e+00	9.238285e-03	0.000000e+00	2.906356e-02	0.000000e+00	3.776951e-03	0.000000e+00	2.130208e-04	0.000000e+00	4.001266e-03	3.119958e-03	0.000000e+00	0.000000e+00	0.000000e+00	0.000000e+00	6.309788e-01	-3.066187e-01
6.290368e-01	0.000000e+00	8.697671e-05	0.000000e+00	0.000000e+00	0.000000e+00	0.000000e+00	0.000000e+00	8.754503e-03	0.000000e+00	0.000000e+00	0.000000e+00	0.000000e+00	0.000000e+00	0.000000e+00	0.000000e+00	0.000000e+00	0.000000e+00	0.000000e+00	7.659671e-05	0.000000e+00	0.000000e+00	0.000000e+00	0.000000e+00	4.001266e-03	0.000000e+00	6.142997e-04	0.000000e+00	0.000000e+00	0.000000e+00	6.290368e-01	-2.880639e-01
6.279356e-01	0.000000e+00	1.123449e-04	0.000000e+00	0.000000e+00	3.938400e-06	0.000000e+00	0.000000e+00	0.000000e+00	0.000000e+00	0.000000e+00	0.000000e+00	1.002306e-02	2.772097e-03	0.000000e+00	0.000000e+00	1.194231e-04	0.000000e+00	1.926325e-02	0.000000e+00	1.777389e-03	0.000000e+00	0.000000e+00	0.000000e+00	0.000000e+00	0.000000e+00	0.000000e+00	0.000000e+00	3.243467e-04	0.000000e+00	6.279356e-01	-2.689894e-01
6.261766e-01	0.000000e+00	9.060074e-05	0.000000e+00	0.000000e+00	1.181520e-05	0.000000e+00	0.000000e+00	0.000000e+00	0.000000e+00	0.000000e+00	0.000000e+00	0.000000e+00	0.000000e+00	0.000000e+00	0.000000e+00	0.000000e+00	0.000000e+00	0.000000e+00	1.554395e-04	0.000000e+00	2.241719e-03	1.775174e-04	0.000000e+00	4.001266e-03	0.000000e+00	0.000000e+00	0.000000e+00	0.000000e+00	7.783780e-04	6.261766e-01	-2.487490e-01
6.253884e-01	0.000000e+00	1.141569e-04	0.000000e+00	0.000000e+00	1.614744e-05	0.000000e+00	0.000000e+00	0.000000e+00	0.000000e+00	0.000000e+00	0.000000e+00	0.000000e+00	0.000000e+00	1.668383e-04	0.000000e+00	0.000000e+00	0.000000e+00	1.960062e-02	0.000000e+00	0.000000e+00	1.120860e-03	3.905382e-04	0.000000e+00	0.000000e+00	0.000000e+00	0.000000e+00	2.580856e-03	0.000000e+00	1.427026e-03	6.253884e-01	-2.336198e-01
6.234826e-01	0.000000e+00	1.159689e-04	0.000000e+00	2.877026e-04	1.260288e-05	0.000000e+00	0.000000e+00	0.000000e+00	0.000000e+00	0.000000e+00	0.000000e+00	0.000000e+00	1.848065e-03	1.668383e-04	0.000000e+00	0.000000e+00	0.000000e+00	6.747274e-04	0.000000e+00	1.333042e-03	0.000000e+00	2.662760e-04	0.000000e+00	0.000000e+00	0.000000e+00	0.000000e+00	0.000000e+00	0.000000e+00	4.150802e-04	6.234826e-01	-2.080064e-01
6.227049e-01	0.000000e+00	2.038517e-04	0.000000e+00	2.877026e-04	0.000000e+00	0.000000e+00	0.000000e+00	0.000000e+00	0.000000e+00	0.000000e+00	6.443870e-03	0.000000e+00	0.000000e+00	0.000000e+00	0.000000e+00	2.388463e-04	0.000000e+00	6.747274e-04	3.379119e-04	0.000000e+00	0.000000e+00	0.000000e+00	0.000000e+00	4.001266e-03	0.000000e+00	6.142997e-04	0.000000e+00	0.000000e+00	0.000000e+00	6.227049e-01	-1.941637e-01
6.208807e-01	0.000000e+00	0.000000e+00	0.000000e+00	0.000000e+00	0.000000e+00	0.000000e+00	0.000000e+00	0.000000e+00	0.000000e+00	0.000000e+00	0.000000e+00	0.000000e+00	4.998227e-05	0.000000e+00	0.000000e+00	5.118015e-03	1.576098e-02	0.000000e+00	4.325272e-04	0.000000e+00	0.000000e+00	2.840278e-04	0.000000e+00	0.000000e+00	0.000000e+00	0.000000e+00	0.000000e+00	0.000000e+00	7.376780e-03	6.208807e-01	-1.611950e-01
6.199581e-01	0.000000e+00	1.522092e-04	0.000000e+00	0.000000e+00	0.000000e+00	0.000000e+00	0.000000e+00	0.000000e+00	0.000000e+00	0.000000e+00	6.443870e-03	0.000000e+00	1.386048e-03	0.000000e+00	0.000000e+00	0.000000e+00	0.000000e+00	9.631626e-03	0.000000e+00	0.000000e+00	0.000000e+00	0.000000e+00	0.000000e+00	0.000000e+00	0.000000e+00	2.221161e-03	0.000000e+00	0.000000e+00	0.000000e+00	6.199581e-01	-1.473795e-01
4.529473e-01	0.000000e+00	0.000000e+00	0.000000e+00	0.000000e+00	0.000000e+00	0.000000e+00	0.000000e+00	0.000000e+00	0.000000e+00	0.000000e+00	0.000000e+00	0.000000e+00	0.000000e+00	0.000000e+00	0.000000e+00	0.000000e+00	0.000000e+00	0.000000e+00	0.000000e+00	0.000000e+00	0.000000e+00	0.000000e+00	0.000000e+00	0.000000e+00	0.000000e+00	0.000000e+00	0.000000e+00	0.000000e+00	0.000000e+00	4.529473e-01	-1.240207e-01
4.529473e-01	0.000000e+00	0.000000e+00	0.000000e+00	0.000000e+00	0.000000e+00	0.000000e+00	0.000000e+00	0.000000e+00	0.000000e+00	0.000000e+00	0.000000e+00	0.000000e+00	0.000000e+00	0.000000e+00	0.000000e+00	0.000000e+00	0.000000e+00	0.000000e+00	0.000000e+00	0.000000e+00	0.000000e+00	0.000000e+00	0.000000e+00	0.000000e+00	0.000000e+00	0.000000e+00	0.000000e+00	0.000000e+00	0.000000e+00	4.529473e-01	-1.240207e-01
4.529473e-01	0.000000e+00	0.000000e+00	0.000000e+00	0.000000e+00	0.000000e+00	0.000000e+00	0.000000e+00	0.000000e+00	0.000000e+00	0.000000e+00	0.000000e+00	0.000000e+00	0.000000e+00	0.000000e+00	0.000000e+00	0.000000e+00	0.000000e+00	0.000000e+00	0.000000e+00	0.000000e+00	0.000000e+00	0.000000e+00	0.000000e+00	0.000000e+00	0.000000e+00	0.000000e+00	0.000000e+00	0.000000e+00	0.000000e+00	4.529473e-01	-1.240207e-01
4.529473e-01	0.000000e+00	0.000000e+00	0.000000e+00	0.000000e+00	0.000000e+00	0.000000e+00	0.000000e+00	0.000000e+00	0.000000e+00	0.000000e+00	0.000000e+00	0.000000e+00	0.000000e+00	0.000000e+00	0.000000e+00	0.000000e+00	0.000000e+00	0.000000e+00	0.000000e+00	0.000000e+00	0.000000e+00	0.000000e+00	0.000000e+00	0.000000e+00	0.000000e+00	0.000000e+00	0.000000e+00	0.000000e+00	0.000000e+00	4.529473e-01	-1.240207e-01
4.529473e-01	0.000000e+00	0.000000e+00	0.000000e+00	0.000000e+00	0.000000e+00	0.000000e+00	0.000000e+00	0.000000e+00	0.000000e+00	0.000000e+00	0.000000e+00	0.000000e+00	0.000000e+00	0.000000e+00	0.000000e+00	0.000000e+00	0.000000e+00	0.000000e+00	0.000000e+00	0.000000e+00	0.000000e+00	0.000000e+00	0.000000e+00	0.000000e+00	0.000000e+00	0.000000e+00	0.000000e+00	0.000000e+00	0.000000e+00	4.529473e-01	-1.240207e-01
4.529473e-01	0.000000e+00	0.000000e+00	0.000000e+00	0.000000e+00	0.000000e+00	0.000000e+00	0.000000e+00	0.000000e+00	0.000000e+00	0.000000e+00	0.000000e+00	0.000000e+00	0.000000e+00	0.000000e+00	0.000000e+00	0.000000e+00	0.000000e+00	0.000000e+00	0.000000e+00	0.000000e+00	0.000000e+00	0.000000e+00	0.000000e+00	0.000000e+00	0.000000e+00	0.000000e+00	0.000000e+00	0.000000e+00	0.000000e+00	4.529473e-01	-1.240207e-01
4.529473e-01	0.000000e+00	0.000000e+00	0.000000e+00	0.000000e+00	0.000000e+00	0.000000e+00	0.000000e+00	0.000000e+00	0.000000e+00	0.000000e+00	0.000000e+00	0.000000e+00	0.000000e+00	0.000000e+00	0.000000e+00	0.000000e+00	0.000000e+00	0.000000e+00	0.000000e+00	0.000000e+00	0.000000e+00	0.000000e+00	0.000000e+00	0.000000e+00	0.000000e+00	0.000000e+00	0.000000e+00	0.000000e+00	0.000000e+00	4.529473e-01	-1.240207e-01
4.529473e-01	0.000000e+00	0.000000e+00	0.000000e+00	0.000000e+00	0.000000e+00	0.000000e+00	0.000000e+00	0.000000e+00	0.000000e+00	0.000000e+00	0.000000e+00	0.000000e+00	0.000000e+00	0.000000e+00	0.000000e+00	0.000000e+00	0.000000e+00	0.000000e+00	0.000000e+00	0.000000e+00	0.000000e+00	0.000000e+00	0.000000e+00	0.000000e+00	0.000000e+00	0.000000e+00	0.000000e+00	0.000000e+00	0.000000e+00	4.529473e-01	-1.240207e-01
4.484645e-01	0.000000e+00	0.000000e+00	0.000000e+00	0.000000e+00	0.000000e+00	0.000000e+00	0.000000e+00	0.000000e+00	0.000000e+00	1.711720e-04	0.000000e+00	0.000000e+00	9.996455e-05	0.000000e+00	0.000000e+00	0.000000e+00	0.000000e+00	1.085194e-03	6.487908e-04	0.000000e+00	0.000000e+00	0.000000e+00	0.000000e+00	0.000000e+00	0.000000e+00	0.000000e+00	0.000000e+00	0.000000e+00	0.000000e+00	4.484645e-01	-1.172038e-01
4.420522e-01	0.000000e+00	0.000000e+00	0.000000e+00	0.000000e+00	1.052717e-02	0.000000e+00	0.000000e+00	0.000000e+00	0.000000e+00	0.000000e+00	0.000000e+00	0.000000e+00	0.000000e+00	0.000000e+00	0.000000e+00	0.000000e+00	0.000000e+00	0.000000e+00	0.000000e+00	0.000000e+00	0.000000e+00	0.000000e+00	0.000000e+00	0.000000e+00	0.000000e+00	0.000000e+00	0.000000e+00	0.000000e+00	0.000000e+00	4.420522e-01	-9.103222e-02
4.382614e-01	0.000000e+00	0.000000e+00	0.000000e+00	0.000000e+00	0.000000e+00	0.000000e+00	0.000000e+00	0.000000e+00	1.243967e-02	3.423440e-04	0.000000e+00	0.000000e+00	0.000000e+00	0.000000e+00	0.000000e+00	0.000000e+00	0.000000e+00	2.170388e-03	0.000000e+00	0.000000e+00	0.000000e+00	0.000000e+00	0.000000e+00	0.000000e+00	0.000000e+00	0.000000e+00	0.000000e+00	1.216300e-04	0.000000e+00	4.382614e-01	-6.767818e-02
4.347403e-01	0.000000e+00	0.000000e+00	0.000000e+00	0.000000e+00	5.263586e-03	0.000000e+00	0.000000e+00	0.000000e+00	0.000000e+00	0.000000e+00	0.000000e+00	0.000000e+00	0.000000e+00	0.000000e+00	0.000000e+00	0.000000e+00	0.000000e+00	0.000000e+00	4.325272e-04	0.000000e+00	0.000000e+00	0.000000e+00	0.000000e+00	0.000000e+00	0.000000e+00	0.000000e+00	0.000000e+00	0.000000e+00	0.000000e+00	4.347403e-01	-4.389608e-02
4.324989e-01	0.000000e+00	0.000000e+00	4.672952e-03	0.000000e+00	0.000000e+00	0.000000e+00	0.000000e+00	0.000000e+00	0.000000e+00	2.489774e-04	0.000000e+00	0.000000e+00	0.000000e+00	0.000000e+00	0.000000e+00	0.000000e+00	1.598081e-02	0.000000e+00	0.000000e+00	0.000000e+00	0.000000e+00	0.000000e+00	0.000000e+00	0.000000e+00	0.000000e+00	0.000000e+00	5.264692e-04	8.108666e-05	0.000000e+00	4.324989e-01	-2.192002e-02
4.286282e-01	0.000000e+00	0.000000e+00	3.655170e-03	0.000000e+00	0.000000e+00	0.000000e+00	0.000000e+00	0.000000e+00	0.000000e+00	4.668327e-05	0.000000e+00	0.000000e+00	0.000000e+00	0.000000e+00	0.000000e+00	0.000000e+00	0.000000e+00	0.000000e+00	0.000000e+00	0.000000e+00	0.000000e+00	1.863932e-04	0.000000e+00	8.937550e-03	0.000000e+00	0.000000e+00	0.000000e+00	0.000000e+00	0.000000e+00	4.286282e-01	1.239102e-02
4.261133e-01	0.000000e+00	0.000000e+00	0.000000e+00	0.000000e+00	0.000000e+00	0.000000e+00	0.000000e+00	0.000000e+00	0.000000e+00	0.000000e+00	0.000000e+00	0.000000e+00	0.000000e+00	0.000000e+00	0.000000e+00	0.000000e+00	1.227750e-03	2.170388e-03	0.000000e+00	0.000000e+00	0.000000e+00	1.863932e-04	0.000000e+00	0.000000e+00	0.000000e+00	0.000000e+00	0.000000e+00	0.000000e+00	0.000000e+00	4.261133e-01	3.631655e-02
4.224939e-01	0.000000e+00	0.000000e+00	0.000000e+00	0.000000e+00	0.000000e+00	0.000000e+00	0.000000e+00	0.000000e+00	0.000000e+00	0.000000e+00	0.000000e+00	0.000000e+00	0.000000e+00	0.000000e+00	0.000000e+00	0.000000e+00	0.000000e+00	0.000000e+00	4.325272e-04	0.000000e+00	0.000000e+00	0.000000e+00	0.000000e+00	0.000000e+00	0.000000e+00	0.000000e+00	0.000000e+00	0.000000e+00	0.000000e+00	4.224939e-01	7.576916e-02
4.203720e-01	0.000000e+00	0.000000e+00	0.000000e+00	0.000000e+00	0.000000e+00	0.000000e+00	0.000000e+00	0.000000e+00	0.000000e+00	1.711720e-04	0.000000e+00	0.000000e+00	0.000000e+00	0.000000e+00	0.000000e+00	0.000000e+00	0.000000e+00	0.000000e+00	0.000000e+00	0.000000e+00	0.000000e+00	2.523463e-02	0.000000e+00	0.000000e+00	0.000000e+00	0.000000e+00	2.632346e-04	0.000000e+00	0.000000e+00	4.203720e-01	1.059820e-01
4.173778e-01	0.000000e+00	0.000000e+00	0.000000e+00	0.000000e+00	0.000000e+00	0.000000e+00	0.000000e+00	0.000000e+00	0.000000e+00	0.000000e+00	0.000000e+00	0.000000e+00	0.000000e+00	0.000000e+00	0.000000e+00	0.000000e+00	0.000000e+00	1.736311e-02	7.569226e-04	0.000000e+00	0.000000e+00	0.000000e+00	0.000000e+00	0.000000e+00	0.000000e+00	2.220151e-03	0.000000e+00	0.000000e+00	0.000000e+00	4.173778e-01	1.415169e-01
4.160398e-01	0.000000e+00	0.000000e+00	0.000000e+00	0.000000e+00	5.263586e-03	0.000000e+00	0.000000e+00	0.000000e+00	0.000000e+00	0.000000e+00	0.000000e+00	0.000000e+00	0.000000e+00	0.000000e+00	0.000000e+00	0.000000e+00	1.227750e-03	0.000000e+00	0.000000e+00	0.000000e+00	0.000000e+00	0.000000e+00	0.000000e+00	0.000000e+00	9.028243e-02	0.000000e+00	6.361582e-03	8.108666e-05	0.000000e+00	4.160398e-01	1.758879e-01
4.123481e-01	0.000000e+00	0.000000e+00	0.000000e+00	0.000000e+00	0.000000e+00	0.000000e+00	0.000000e+00	0.000000e+00	0.000000e+00	0.000000e+00	0.000000e+00	5.660342e-02	0.000000e+00	0.000000e+00	0.000000e+00	0.000000e+00	0.000000e+00	0.000000e+00	8.109885e-05	0.000000e+00	0.000000e+00	0.000000e+00	0.000000e+00	4.468775e-03	0.000000e+00	0.000000e+00	0.000000e+00	0.000000e+00	0.000000e+00	4.123481e-01	2.147915e-01
2.574661e-01	0.000000e+00	0.000000e+00	0.000000e+00	0.000000e+00	0.000000e+00	0.000000e+00	0.000000e+00	0.000000e+00	0.000000e+00	0.000000e+00	0.000000e+00	0.000000e+00	0.000000e+00	0.000000e+00	0.000000e+00	0.000000e+00	0.000000e+00	0.000000e+00	0.000000e+00	0.000000e+00	0.000000e+00	0.000000e+00	0.000000e+00	0.000000e+00	0.000000e+00	0.000000e+00	0.000000e+00	0.000000e+00	0.000000e+00	2.574661e-01	2.421727e-01
2.574661e-01	0.000000e+00	0.000000e+00	0.000000e+00	0.000000e+00	0.000000e+00	0.000000e+00	0.000000e+00	0.000000e+00	0.000000e+00	0.000000e+00	0.000000e+00	0.000000e+00	0.000000e+00	0.000000e+00	0.000000e+00	0.000000e+00	0.000000e+00	0.000000e+00	0.000000e+00	0.000000e+00	0.000000e+00	0.000000e+00	0.000000e+00	0.000000e+00	0.000000e+00	0.000000e+00	0.000000e+00	0.000000e+00	0.000000e+00	2.574661e-01	2.421727e-01
2.574661e-01	0.000000e+00	0.000000e+00	0.000000e+00	0.000000e+00	0.000000e+00	0.000000e+00	0.000000e+00	0.000000e+00	0.000000e+00	0.000000e+00	0.000000e+00	0.000000e+00	0.000000e+00	0.000000e+00	0.000000e+00	0.000000e+00	0.000000e+00	0.000000e+00	0.000000e+00	0.000000e+00	0.000000e+00	0.000000e+00	0.000000e+00	0.000000e+00	0.000000e+00	0.000000e+00	0.000000e+00	0.000000e+00	0.000000e+00	2.574661e-01	2.421727e-01
2.574661e-01	0.000000e+00	0.000000e+00	0.000000e+00	0.000000e+00	0.000000e+00	0.000000e+00	0.000000e+00	0.000000e+00	0.000000e+00	0.000000e+00	0.000000e+00	0.000000e+00	0.000000e+00	0.000000e+00	0.000000e+00	0.000000e+00	0.000000e+00	0.000000e+00	0.000000e+00	0.000000e+00	0.000000e+00	0.000000e+00	0.000000e+00	0.000000e+00	0.000000e+00	0.000000e+00	0.000000e+00	0.000000e+00	0.000000e+00	2.574661e-01	2.421727e-01
2.574661e-01	0.000000e+00	0.000000e+00	0.000000e+00	0.000000e+00	0.000000e+00	0.000000e+00	0.000000e+00	0.000000e+00	0.000000e+00	0.000000e+00	0.000000e+00	0.000000e+00	0.000000e+00	0.000000e+00	0.000000e+00	0.000000e+00	0.000000e+00	0.000000e+00	0.000000e+00	0.000000e+00	0.000000e+00	0.000000e+00	0.000000e+00	0.000000e+00	0.000000e+00	0.000000e+00	0.000000e+00	0.000000e+00	0.000000e+00	2.574661e-01	2.421727e-01
2.574661e-01	0.000000e+00	0.000000e+00	0.000000e+00	0.000000e+00	0.000000e+00	0.000000e+00	0.000000e+00	0.000000e+00	0.000000e+00	0.000000e+00	0.000000e+00	0.000000e+00	0.000000e+00	0.000000e+00	0.000000e+00	0.000000e+00	0.000000e+00	0.000000e+00	0.000000e+00	0.000000e+00	0.000000e+00	0.000000e+00	0.000000e+00	0.000000e+00	0.000000e+00	0.000000e+00	0.000000e+00	0.000000e+00	0.000000e+00	2.574661e-01	2.421727e-01
2.574661e-01	0.000000e+00	0.000000e+00	0.000000e+00	0.000000e+00	0.000000e+00	0.000000e+00	0.000000e+00	0.000000e+00	0.000000e+00	0.000000e+00	0.000000e+00	0.000000e+00	0.000000e+00	0.000000e+00	0.000000e+00	0.000000e+00	0.000000e+00	0.000000e+00	0.000000e+00	0.000000e+00	0.000000e+00	0.000000e+00	0.000000e+00	0.000000e+00	0.000000e+00	0.000000e+00	0.000000e+00	0.000000e+00	0.000000e+00	2.574661e-01	2.421727e-01
2.574661e-01	0.000000e+00	0.000000e+00	0.000000e+00	0.000000e+00	0.000000e+00	0.000000e+00	0.000000e+00	0.000000e+00	0.000000e+00	0.000000e+00	0.000000e+00	0.000000e+00	0.000000e+00	0.000000e+00	0.000000e+00	0.000000e+00	0.000000e+00	0.000000e+00	0.000000e+00	0.000000e+00	0.000000e+00	0.000000e+00	0.000000e+00	0.000000e+00	0.000000e+00	0.000000e+00	0.000000e+00	0.000000e+00	0.000000e+00	2.574661e-01	2.421727e-01
2.539431e-01	0.000000e+00	0.000000e+00	0.000000e+00	0.000000e+00	0.000000e+00	0.000000e+00	0.000000e+00	0.000000e+00	0.000000e+00	0.000000e+00	0.000000e+00	5.878442e-04	0.000000e+00	0.000000e+00	0.000000e+00	0.000000e+00	0.000000e+00	0.000000e+00	0.000000e+00	0.000000e+00	0.000000e+00	0.000000e+00	0.000000e+00	0.000000e+00	0.000000e+00	0.000000e+00	0.000000e+00	0.000000e+00	0.000000e+00	2.539431e-01	2.442116e-01
2.461286e-01	0.000000e+00	0.000000e+00	0.000000e+00	0.000000e+00	1.235291e-02	0.000000e+00	0.000000e+00	0.000000e+00	0.000000e+00	4.763678e-05	0.000000e+00	5.892692e-04	0.000000e+00	0.000000e+00	0.000000e+00	0.000000e+00	0.000000e+00	0.000000e+00	0.000000e+00	0.000000e+00	0.000000e+00	0.000000e+00	0.000000e+00	0.000000e+00	0.000000e+00	1.293837e-04	0.000000e+00	0.000000e+00	0.000000e+00	2.461286e-01	2.626385e-01
2.367411e-01	0.000000e+00	0.000000e+00	0.000000e+00	0.000000e+00	0.000000e+00	0.000000e+00	0.000000e+00	0.000000e+00	0.000000e+00	0.000000e+00	0.000000e+00	0.000000e+00	0.000000e+00	0.000000e+00	0.000000e+00	0.000000e+00	0.000000e+00	0.000000e+00	0.000000e+00	0.000000e+00	0.000000e+00	0.000000e+00	0.000000e+00	0.000000e+00	0.000000e+00	0.000000e+00	0.000000e+00	0.000000e+00	0.000000e+00	2.367411e-01	2.969412e-01
2.287958e-01	0.000000e+00	0.000000e+00	0.000000e+00	0.000000e+00	0.000000e+00	0.000000e+00	0.000000e+00	0.000000e+00	0.000000e+00	9.527355e-05	0.000000e+00	0.000000e+00	0.000000e+00	0.000000e+00	0.000000e+00	0.000000e+00	0.000000e+00	0.000000e+00	0.000000e+00	0.000000e+00	0.000000e+00	0.000000e+00	0.000000e+00	0.000000e+00	0.000000e+00	0.000000e+00	0.000000e+00	0.000000e+00	0.000000e+00	2.287958e-01	3.418154e-01
2.231271e-01	0.000000e+00	0.000000e+00	0.000000e+00	0.000000e+00	0.000000e+00	0.000000e+00	0.000000e+00	0.000000e+00	0.000000e+00	0.000000e+00	3.000524e-02	0.000000e+00	0.000000e+00	0.000000e+00	0.000000e+00	0.000000e+00	0.000000e+00	0.000000e+00	6.647817e-04	0.000000e+00	0.000000e+00	0.000000e+00	0.000000e+00	0.000000e+00	0.000000e+00	0.000000e+00	0.000000e+00	0.000000e+00	0.000000e+00	2.231271e-01	3.866887e-01
2.153572e-01	0.000000e+00	0.000000e+00	0.000000e+00	0.000000e+00	0.000000e+00	0.000000e+00	0.000000e+00	0.000000e+00	0.000000e+00	4.763678e-05	0.000000e+00	4.714153e-04	0.000000e+00	0.000000e+00	0.000000e+00	0.000000e+00	0.000000e+00	0.000000e+00	1.661954e-04	0.000000e+00	0.000000e+00	0.000000e+00	0.000000e+00	0.000000e+00	0.000000e+00	0.000000e+00	0.000000e+00	0.000000e+00	0.000000e+00	2.153572e-01	4.361802e-01
2.079958e-01	0.000000e+00	0.000000e+00	0.000000e+00	3.339366e-04	0.000000e+00	0.000000e+00	0.000000e+00	0.000000e+00	0.000000e+00	0.000000e+00	0.000000e+00	0.000000e+00	0.000000e+00	0.000000e+00	0.000000e+00	0.000000e+00	0.000000e+00	0.000000e+00	0.000000e+00	0.000000e+00	0.000000e+00	0.000000e+00	0.000000e+00	0.000000e+00	0.000000e+00	0.000000e+00	0.000000e+00	0.000000e+00	0.000000e+00	2.079958e-01	4.923146e-01
2.001025e-01	0.000000e+00	0.000000e+00	0.000000e+00	0.000000e+00	0.000000e+00	0.000000e+00	0.000000e+00	0.000000e+00	0.000000e+00	0.000000e+00	0.000000e+00	4.714153e-04	0.000000e+00	0.000000e+00	0.000000e+00	0.000000e+00	0.000000e+00	0.000000e+00	0.000000e+00	0.000000e+00	0.000000e+00	0.000000e+00	0.000000e+00	0.000000e+00	0.000000e+00	0.000000e+00	0.000000e+00	0.000000e+00	0.000000e+00	2.001025e-01	5.521408e-01
1.900574e-01	0.000000e+00	0.000000e+00	0.000000e+00	1.335747e-03	0.000000e+00	0.000000e+00	0.000000e+00	0.000000e+00	0.000000e+00	0.000000e+00	0.000000e+00	0.000000e+00	0.000000e+00	0.000000e+00	0.000000e+00	0.000000e+00	1.810653e-03	0.000000e+00	0.000000e+00	0.000000e+00	0.000000e+00	0.000000e+00	0.000000e+00	0.000000e+00	0.000000e+00	1.293837e-04	0.000000e+00	0.000000e+00	0.000000e+00	1.900574e-01	6.232446e-01
8.419781e-02	0.000000e+00	0.000000e+00	0.000000e+00	0.000000e+00	0.000000e+00	0.000000e+00	0.000000e+00	0.000000e+00	0.000000e+00	0.000000e+00	0.000000e+00	4.714153e-04	0.000000e+00	0.000000e+00	0.000000e+00	0.000000e+00	0.000000e+00	0.000000e+00	0.000000e+00	0.000000e+00	0.000000e+00	0.000000e+00	0.000000e+00	0.000000e+00	0.000000e+00	6.469184e-05	0.000000e+00	0.000000e+00	0.000000e+00	8.419781e-02	6.698703e-01
8.419781e-02	0.000000e+00	0.000000e+00	0.000000e+00	0.000000e+00	0.000000e+00	0.000000e+00	0.000000e+00	0.000000e+00	0.000000e+00	0.000000e+00	0.000000e+00	4.714153e-04	0.000000e+00	0.000000e+00	0.000000e+00	0.000000e+00	0.000000e+00	0.000000e+00	0.000000e+00	0.000000e+00	0.000000e+00	0.000000e+00	0.000000e+00	0.000000e+00	0.000000e+00	6.469184e-05	0.000000e+00	0.000000e+00	0.000000e+00	8.419781e-02	6.698703e-01
8.419781e-02	0.000000e+00	0.000000e+00	0.000000e+00	0.000000e+00	0.000000e+00	0.000000e+00	0.000000e+00	0.000000e+00	0.000000e+00	0.000000e+00	0.000000e+00	4.714153e-04	0.000000e+00	0.000000e+00	0.000000e+00	0.000000e+00	0.000000e+00	0.000000e+00	0.000000e+00	0.000000e+00	0.000000e+00	0.000000e+00	0.000000e+00	0.000000e+00	0.000000e+00	6.469184e-05	0.000000e+00	0.000000e+00	0.000000e+00	8.419781e-02	6.698703e-01
8.419781e-02	0.000000e+00	0.000000e+00	0.000000e+00	0.000000e+00	0.000000e+00	0.000000e+00	0.000000e+00	0.000000e+00	0.000000e+00	0.000000e+00	0.000000e+00	4.714153e-04	0.000000e+00	0.000000e+00	0.000000e+00	0.000000e+00	0.000000e+00	0.000000e+00	0.000000e+00	0.000000e+00	0.000000e+00	0.000000e+00	0.000000e+00	0.000000e+00	0.000000e+00	6.469184e-05	0.000000e+00	0.000000e+00	0.000000e+00	8.419781e-02	6.698703e-01
8.419781e-02	0.000000e+00	0.000000e+00	0.000000e+00	0.000000e+00	0.000000e+00	0.000000e+00	0.000000e+00	0.000000e+00	0.000000e+00	0.000000e+00	0.000000e+00	4.714153e-04	0.000000e+00	0.000000e+00	0.000000e+00	0.000000e+00	0.000000e+00	0.000000e+00	0.000000e+00	0.000000e+00	0.000000e+00	0.000000e+00	0.000000e+00	0.000000e+00	0.000000e+00	6.469184e-05	0.000000e+00	0.000000e+00	0.000000e+00	8.419781e-02	6.698703e-01
8.419781e-02	0.000000e+00	0.000000e+00	0.000000e+00	0.000000e+00	0.000000e+00	0.000000e+00	0.000000e+00	0.000000e+00	0.000000e+00	0.000000e+00	0.000000e+00	4.714153e-04	0.000000e+00	0.000000e+00	0.000000e+00	0.000000e+00	0.000000e+00	0.000000e+00	0.000000e+00	0.000000e+00	0.000000e+00	0.000000e+00	0.000000e+00	0.000000e+00	0.000000e+00	6.469184e-05	0.000000e+00	0.000000e+00	0.000000e+00	8.419781e-02	6.698703e-01
7.549738e-02	0.000000e+00	0.000000e+00	0.000000e+00	6.678733e-04	0.000000e+00	0.000000e+00	0.000000e+00	0.000000e+00	0.000000e+00	0.000000e+00	0.000000e+00	0.000000e+00	0.000000e+00	0.000000e+00	0.000000e+00	0.000000e+00	0.000000e+00	0.000000e+00	0.000000e+00	0.000000e+00	8.770984e-04	0.000000e+00	0.000000e+00	0.000000e+00	0.000000e+00	0.000000e+00	0.000000e+00	0.000000e+00	0.000000e+00	7.549738e-02	6.731017e-01
6.085594e-02	0.000000e+00	0.000000e+00	0.000000e+00	3.822903e-03	0.000000e+00	0.000000e+00	0.000000e+00	0.000000e+00	0.000000e+00	2.381839e-05	0.000000e+00	0.000000e+00	0.000000e+00	0.000000e+00	0.000000e+00	0.000000e+00	0.000000e+00	0.000000e+00	0.000000e+00	0.000000e+00	0.000000e+00	0.000000e+00	0.000000e+00	0.000000e+00	0.000000e+00	0.000000e+00	0.000000e+00	0.000000e+00	0.000000e+00	6.085594e-02	6.970058e-01
4.506941e-02	0.000000e+00	0.000000e+00	0.000000e+00	1.335747e-03	0.000000e+00	0.000000e+00	0.000000e+00	0.000000e+00	0.000000e+00	0.000000e+00	0.000000e+00	0.000000e+00	0.000000e+00	0.000000e+00	0.000000e+00	0.000000e+00	0.000000e+00	0.000000e+00	0.000000e+00	0.000000e+00	0.000000e+00	0.000000e+00	0.000000e+00	0.000000e+00	0.000000e+00	0.000000e+00	0.000000e+00	0.000000e+00	0.000000e+00	4.506941e-02	7.435452e-01
3.223417e-02	0.000000e+00	0.000000e+00	0.000000e+00	3.339366e-04	0.000000e+00	0.000000e+00	0.000000e+00	0.000000e+00	0.000000e+00	4.763678e-05	0.000000e+00	0.000000e+00	0.000000e+00	2.863358e-04	0.000000e+00	0.000000e+00	0.000000e+00	0.000000e+00	0.000000e+00	0.000000e+00	0.000000e+00	0.000000e+00	0.000000e+00	0.000000e+00	0.000000e+00	0.000000e+00	0.000000e+00	0.000000e+00	0.000000e+00	3.223417e-02	7.933074e-01
9.446614e-03	0.000000e+00	0.000000e+00	0.000000e+00	0.000000e+00	0.000000e+00	0.000000e+00	0.000000e+00	0.000000e+00	0.000000e+00	0.000000e+00	0.000000e+00	0.000000e+00	0.000000e+00	0.000000e+00	0.000000e+00	0.000000e+00	0.000000e+00	0.000000e+00	2.856831e-03	0.000000e+00	0.000000e+00	0.000000e+00	0.000000e+00	0.000000e+00	0.000000e+00	0.000000e+00	0.000000e+00	0.000000e+00	0.000000e+00	9.446614e-03	9.008873e-01
0.000000e+00	0.000000e+00	0.000000e+00	0.000000e+00	0.000000e+00	0.000000e+00	0.000000e+00	0.000000e+00	0.000000e+00	0.000000e+00	0.000000e+00	0.000000e+00	0.000000e+00	0.000000e+00	0.000000e+00	0.000000e+00	0.000000e+00	0.000000e+00	0.000000e+00	0.000000e+00	0.000000e+00	0.000000e+00	0.000000e+00	0.000000e+00	0.000000e+00	0.000000e+00	0.000000e+00	0.000000e+00	6.342597e-04	0.000000e+00	0.000000e+00	1.000197e+00
