8.496331e-01	0.000000e+00	1.276959e-03	0.000000e+00	0.000000e+00	0.000000e+00	3.633478e-03	3.672138e-03	0.000000e+00	0.000000e+00	0.000000e+00	0.000000e+00	1.610900e-04	3.945269e-04	0.000000e+00	0.000000e+00	2.769744e-04	4.132209e-03	0.000000e+00	0.000000e+00	7.693920e-04	4.244442e-03	2.581771e-03	0.000000e+00	0.000000e+00	1.764009e-03	1.029733e-04	0.000000e+00	1.458584e-03	0.000000e+00	8.496331e-01	-7.672315e-01
8.485900e-01	9.343391e-04	0.000000e+00	0.000000e+00	0.000000e+00	0.000000e+00	0.000000e+00	2.447632e-03	0.000000e+00	8.111247e-04	0.000000e+00	0.000000e+00	8.226686e-04	1.032943e-03	1.755055e-02	2.159840e-03	9.831592e-04	1.541159e-03	0.000000e+00	0.000000e+00	6.594789e-04	1.600957e-04	8.867384e-04	8.898511e-03	0.000000e+00	1.788126e-03	0.000000e+00	0.000000e+00	1.284656e-03	3.406423e-04	8.485900e-01	-7.618459e-01
8.463472e-01	2.299426e-03	0.000000e+00	2.424376e-04	0.000000e+00	5.717256e-03	1.573420e-03	1.836069e-03	0.000000e+00	8.085759e-04	0.000000e+00	5.798731e-04	8.949465e-04	1.972634e-04	0.000000e+00	2.992353e-03	8.121070e-04	7.563665e-03	0.000000e+00	0.000000e+00	1.657692e-03	5.384471e-03	3.062499e-03	0.000000e+00	0.000000e+00	3.460092e-03	0.000000e+00	0.000000e+00	1.176114e-03	6.516183e-04	8.463472e-01	-7.538774e-01
8.448357e-01	4.290223e-03	0.000000e+00	5.799723e-04	0.000000e+00	0.000000e+00	0.000000e+00	2.448092e-03	0.000000e+00	2.368604e-04	0.000000e+00	0.000000e+00	7.506676e-04	7.173216e-04	0.000000e+00	1.496176e-03	1.207917e-03	3.082319e-03	0.000000e+00	0.000000e+00	3.199954e-03	2.238511e-03	0.000000e+00	0.000000e+00	0.000000e+00	1.816843e-03	2.959962e-02	0.000000e+00	6.892839e-04	8.085150e-06	8.448357e-01	-7.440783e-01
8.426038e-01	4.598853e-03	0.000000e+00	1.456140e-03	0.000000e+00	0.000000e+00	0.000000e+00	0.000000e+00	0.000000e+00	0.000000e+00	0.000000e+00	7.731641e-04	1.257716e-03	0.000000e+00	0.000000e+00	2.823504e-03	0.000000e+00	1.173874e-04	0.000000e+00	0.000000e+00	3.864134e-04	3.855615e-03	1.289395e-03	5.000550e-04	0.000000e+00	2.253947e-03	1.806054e-04	0.000000e+00	1.491358e-04	4.960696e-04	8.426038e-01	-7.345081e-01
8.426038e-01	4.598853e-03	3.134136e-02	2.110400e-03	0.000000e+00	0.000000e+00	0.000000e+00	0.000000e+00	0.000000e+00	0.000000e+00	7.028295e-03	0.000000e+00	1.257716e-03	5.236448e-04	1.755055e-02	2.823504e-03	3.792008e-04	0.000000e+00	0.000000e+00	0.000000e+00	3.864134e-04	1.163379e-03	1.289395e-03	5.000550e-04	0.000000e+00	2.253947e-03	1.806054e-04	0.000000e+00	1.491358e-04	7.687467e-04	8.426038e-01	-7.253572e-01
8.408146e-01	9.343391e-04	0.000000e+00	0.000000e+00	0.000000e+00	3.351549e-03	0.000000e+00	8.135198e-03	0.000000e+00	8.111247e-04	0.000000e+00	2.577214e-04	8.226686e-04	1.032943e-03	0.000000e+00	0.000000e+00	4.960068e-04	1.177948e-02	0.000000e+00	0.000000e+00	6.594789e-04	1.600957e-04	7.745312e-03	8.898511e-03	0.000000e+00	2.874435e-03	3.569740e-04	0.000000e+00	1.284656e-03	0.000000e+00	8.408146e-01	-7.146453e-01
8.394979e-01	4.598853e-03	0.000000e+00	1.456140e-03	0.000000e+00	0.000000e+00	0.000000e+00	0.000000e+00	0.000000e+00	0.000000e+00	0.000000e+00	5.798731e-04	1.367923e-03	0.000000e+00	0.000000e+00	1.068353e-03	6.736198e-04	0.000000e+00	8.445946e-04	0.000000e+00	2.244654e-03	1.426601e-03	2.256068e-03	0.000000e+00	0.000000e+00	4.309983e-03	1.213824e-04	0.000000e+00	4.468218e-04	1.747094e-03	8.394979e-01	-7.065622e-01
8.385287e-01	2.695874e-03	0.000000e+00	1.748515e-03	0.000000e+00	0.000000e+00	0.000000e+00	3.013036e-03	0.000000e+00	2.703749e-04	1.405659e-02	0.000000e+00	8.852297e-04	1.047290e-03	0.000000e+00	8.479809e-05	8.184064e-04	0.000000e+00	0.000000e+00	0.000000e+00	4.546783e-05	0.000000e+00	5.640171e-04	1.452665e-03	0.000000e+00	3.198350e-03	0.000000e+00	0.000000e+00	0.000000e+00	1.196973e-03	8.385287e-01	-6.951362e-01
8.375553e-01	0.000000e+00	0.000000e+00	1.605814e-03	0.000000e+00	0.000000e+00	0.000000e+00	3.672138e-03	0.000000e+00	1.110100e-04	0.000000e+00	0.000000e+00	1.610900e-04	3.945269e-04	0.000000e+00	0.000000e+00	2.769744e-04	5.529924e-03	0.000000e+00	0.000000e+00	7.693920e-04	0.000000e+00	2.740523e-03	2.973308e-03	5.663756e-05	1.764009e-03	0.000000e+00	0.000000e+00	0.000000e+00	2.620641e-03	8.375553e-01	-6.857130e-01
8.372162e-01	6.965170e-03	0.000000e+00	5.814053e-04	0.000000e+00	2.267083e-03	0.000000e+00	3.427329e-03	0.000000e+00	2.605544e-04	0.000000e+00	3.221517e-04	1.298095e-04	3.873537e-04	0.000000e+00	0.000000e+00	3.761855e-04	2.557374e-03	0.000000e+00	3.666897e-02	1.989621e-03	0.000000e+00	0.000000e+00	0.000000e+00	0.000000e+00	3.386449e-03	1.100259e-04	0.000000e+00	1.085273e-03	0.000000e+00	8.372162e-01	-6.753670e-01
8.360792e-01	1.020605e-02	0.000000e+00	2.427406e-03	0.000000e+00	0.000000e+00	4.866371e-04	0.000000e+00	0.000000e+00	0.000000e+00	2.385532e-03	0.000000e+00	0.000000e+00	0.000000e+00	0.000000e+00	2.289327e-04	0.000000e+00	0.000000e+00	0.000000e+00	0.000000e+00	0.000000e+00	9.821928e-04	9.689092e-04	5.539222e-03	0.000000e+00	2.078079e-03	8.281437e-05	0.000000e+00	0.000000e+00	1.747094e-03	8.360792e-01	-6.671850e-01
8.351891e-01	4.598853e-03	0.000000e+00	1.456140e-03	0.000000e+00	0.000000e+00	0.000000e+00	0.000000e+00	0.000000e+00	0.000000e+00	1.914884e-02	6.443035e-05	0.000000e+00	0.000000e+00	0.000000e+00	0.000000e+00	0.000000e+00	2.032428e-03	0.000000e+00	0.000000e+00	3.864134e-04	0.000000e+00	0.000000e+00	0.000000e+00	0.000000e+00	3.699782e-03	0.000000e+00	0.000000e+00	1.212310e-04	4.960696e-04	8.351891e-01	-6.548797e-01
8.343942e-01	5.154321e-03	0.000000e+00	1.453274e-03	0.000000e+00	6.130997e-04	6.757996e-04	0.000000e+00	0.000000e+00	2.745626e-04	1.262947e-02	0.000000e+00	0.000000e+00	1.427470e-03	0.000000e+00	3.052436e-04	0.000000e+00	0.000000e+00	0.000000e+00	0.000000e+00	0.000000e+00	3.909873e-04	1.290885e-03	1.635184e-03	0.000000e+00	4.234431e-03	0.000000e+00	0.000000e+00	6.892839e-04	1.305694e-03	8.343942e-01	-6.441387e-01
8.333310e-01	1.425150e-03	0.000000e+00	0.000000e+00	0.000000e+00	2.734429e-03	4.866371e-04	0.000000e+00	0.000000e+00	7.482370e-04	1.240148e-03	0.000000e+00	0.000000e+00	0.000000e+00	0.000000e+00	9.157309e-04	0.000000e+00	6.995137e-04	0.000000e+00	0.000000e+00	0.000000e+00	0.000000e+00	8.057948e-03	3.314127e-03	4.247817e-05	5.475612e-03	0.000000e+00	0.000000e+00	0.000000e+00	1.747094e-03	8.333310e-01	-6.299809e-01
8.328632e-01	0.000000e+00	0.000000e+00	3.869940e-04	0.000000e+00	1.226199e-03	4.533770e-04	3.333171e-03	0.000000e+00	2.931892e-03	1.135060e-02	8.053793e-04	0.000000e+00	0.000000e+00	0.000000e+00	2.823504e-03	0.000000e+00	5.764699e-03	0.000000e+00	0.000000e+00	2.980535e-03	0.000000e+00	1.743035e-03	0.000000e+00	5.663756e-05	2.748484e-03	1.668824e-04	0.000000e+00	0.000000e+00	0.000000e+00	8.328632e-01	-6.214464e-01
8.320782e-01	9.190132e-04	0.000000e+00	0.000000e+00	0.000000e+00	0.000000e+00	7.671554e-03	3.427329e-03	0.000000e+00	2.206197e-03	5.567446e-03	3.733325e-04	1.442013e-03	0.000000e+00	0.000000e+00	1.220974e-03	5.053671e-04	4.064857e-03	0.000000e+00	0.000000e+00	1.023566e-03	2.366684e-03	1.613607e-04	1.039681e-02	0.000000e+00	5.710893e-03	8.240542e-05	0.000000e+00	9.869699e-04	0.000000e+00	8.320782e-01	-6.076748e-01
8.315466e-01	5.058359e-03	0.000000e+00	1.130009e-03	0.000000e+00	3.389729e-03	6.302173e-04	0.000000e+00	0.000000e+00	0.000000e+00	1.124152e-04	5.798731e-04	2.204134e-04	0.000000e+00	0.000000e+00	1.678840e-03	1.790028e-04	1.660014e-03	8.445946e-04	0.000000e+00	2.244654e-03	2.532465e-03	2.034197e-03	0.000000e+00	0.000000e+00	4.818521e-03	1.359770e-04	0.000000e+00	5.804489e-04	1.621005e-03	8.315466e-01	-6.025905e-01
8.306424e-01	7.241660e-03	0.000000e+00	1.038543e-04	0.000000e+00	1.226199e-03	1.018691e-03	1.666586e-03	0.000000e+00	4.634998e-04	7.023025e-04	0.000000e+00	2.204134e-04	0.000000e+00	0.000000e+00	0.000000e+00	8.317313e-04	3.734771e-03	8.445946e-04	0.000000e+00	2.244654e-03	2.041369e-03	2.518652e-03	5.946616e-03	0.000000e+00	5.770341e-03	0.000000e+00	4.477936e-04	1.222777e-03	1.305694e-03	8.306424e-01	-5.864170e-01
8.300584e-01	8.747360e-04	0.000000e+00	5.569193e-03	0.000000e+00	4.759965e-03	5.385902e-04	3.333171e-03	0.000000e+00	2.931892e-03	7.032131e-03	0.000000e+00	0.000000e+00	0.000000e+00	0.000000e+00	0.000000e+00	0.000000e+00	2.267203e-03	0.000000e+00	0.000000e+00	0.000000e+00	1.872384e-04	9.681640e-04	1.000110e-03	0.000000e+00	2.710708e-03	2.744613e-05	0.000000e+00	0.000000e+00	1.336320e-03	8.300584e-01	-5.778209e-01
8.291561e-01	0.000000e+00	0.000000e+00	2.562320e-03	0.000000e+00	4.759965e-03	6.966956e-04	3.333171e-03	0.000000e+00	3.306010e-03	7.032131e-03	7.731641e-04	0.000000e+00	0.000000e+00	0.000000e+00	0.000000e+00	0.000000e+00	5.098242e-03	0.000000e+00	0.000000e+00	0.000000e+00	3.240853e-03	5.772009e-03	1.657063e-03	7.787665e-05	3.636399e-03	2.744613e-05	0.000000e+00	0.000000e+00	8.309488e-04	8.291561e-01	-5.609700e-01
8.281824e-01	9.190132e-04	0.000000e+00	0.000000e+00	0.000000e+00	8.474323e-04	1.263584e-03	3.333171e-03	0.000000e+00	9.269997e-04	3.565306e-03	5.154428e-04	0.000000e+00	0.000000e+00	0.000000e+00	2.441949e-03	0.000000e+00	4.149515e-03	1.266892e-03	0.000000e+00	0.000000e+00	0.000000e+00	1.452246e-03	6.825731e-04	0.000000e+00	2.710708e-03	1.061912e-04	8.955873e-04	1.284656e-03	1.116472e-03	8.281824e-01	-5.465306e-01
8.278930e-01	0.000000e+00	0.000000e+00	5.447418e-03	0.000000e+00	1.657955e-03	2.306955e-03	0.000000e+00	0.000000e+00	1.471217e-03	2.315322e-03	9.933128e-04	1.436514e-03	3.738288e-02	0.000000e+00	0.000000e+00	9.750734e-04	3.826484e-03	0.000000e+00	0.000000e+00	7.693920e-04	1.581871e-04	0.000000e+00	8.739743e-03	2.831878e-05	0.000000e+00	7.206787e-05	0.000000e+00	0.000000e+00	4.448855e-04	8.278930e-01	-5.344537e-01
8.269711e-01	9.816220e-04	0.000000e+00	0.000000e+00	0.000000e+00	4.237162e-04	7.621174e-03	4.260622e-03	0.000000e+00	1.345441e-03	4.795618e-03	0.000000e+00	1.442013e-03	0.000000e+00	0.000000e+00	1.831462e-03	2.526835e-04	4.051494e-03	6.334459e-04	0.000000e+00	0.000000e+00	0.000000e+00	6.252726e-04	1.064683e-02	1.132751e-04	5.202355e-03	5.168775e-06	0.000000e+00	0.000000e+00	4.747451e-04	8.269711e-01	-5.216161e-01
8.258509e-01	1.893246e-04	0.000000e+00	4.479715e-03	7.244948e-04	1.820269e-03	1.114650e-03	3.150787e-04	0.000000e+00	8.344062e-03	1.392522e-03	2.977260e-03	1.377363e-03	0.000000e+00	0.000000e+00	0.000000e+00	2.797123e-04	1.675007e-05	0.000000e+00	0.000000e+00	0.000000e+00	6.456789e-05	0.000000e+00	0.000000e+00	0.000000e+00	1.493315e-03	0.000000e+00	0.000000e+00	0.000000e+00	3.401206e-04	8.258509e-01	-5.039010e-01
8.252098e-01	7.937956e-04	0.000000e+00	4.916931e-03	0.000000e+00	0.000000e+00	1.364344e-03	1.666586e-03	0.000000e+00	2.346519e-03	5.108962e-03	0.000000e+00	0.000000e+00	0.000000e+00	0.000000e+00	1.220974e-03	5.053671e-04	4.176240e-03	0.000000e+00	0.000000e+00	0.000000e+00	2.398968e-03	5.244222e-04	1.825181e-04	0.000000e+00	3.727784e-03	5.663529e-05	0.000000e+00	1.284656e-03	1.669821e-04	8.252098e-01	-4.905898e-01
8.252098e-01	1.141722e-03	0.000000e+00	4.916931e-03	0.000000e+00	0.000000e+00	0.000000e+00	1.666586e-03	0.000000e+00	2.980208e-03	5.570362e-03	0.000000e+00	7.681196e-04	0.000000e+00	0.000000e+00	1.220974e-03	8.530476e-04	5.978098e-03	0.000000e+00	0.000000e+00	3.846960e-04	8.337187e-03	4.235717e-04	4.552389e-03	7.079696e-06	7.201422e-03	5.663529e-05	0.000000e+00	1.284656e-03	1.669821e-04	8.252098e-01	-4.876842e-01
8.238586e-01	1.068621e-04	0.000000e+00	2.219614e-03	7.244948e-04	0.000000e+00	2.368632e-03	2.100525e-04	0.000000e+00	8.648197e-03	2.032549e-03	2.609464e-03	7.210066e-04	0.000000e+00	0.000000e+00	0.000000e+00	1.398561e-04	0.000000e+00	7.183678e-05	0.000000e+00	0.000000e+00	1.039075e-03	0.000000e+00	0.000000e+00	0.000000e+00	1.493315e-03	2.060136e-05	0.000000e+00	0.000000e+00	0.000000e+00	8.238586e-01	-4.651610e-01
6.532113e-01	2.322513e-04	0.000000e+00	4.479715e-03	0.000000e+00	1.820269e-03	1.114650e-03	0.000000e+00	0.000000e+00	7.984961e-04	1.392522e-03	1.471183e-03	1.377363e-03	0.000000e+00	0.000000e+00	0.000000e+00	2.797123e-04	2.227672e-04	0.000000e+00	0.000000e+00	0.000000e+00	6.456789e-05	0.000000e+00	0.000000e+00	0.000000e+00	7.467255e-04	1.132706e-04	0.000000e+00	0.000000e+00	3.339642e-04	6.532113e-01	-4.554310e-01
6.532113e-01	2.322513e-04	0.000000e+00	4.479715e-03	0.000000e+00	1.820269e-03	1.114650e-03	0.000000e+00	0.000000e+00	7.984961e-04	1.392522e-03	1.471183e-03	1.377363e-03	0.000000e+00	0.000000e+00	0.000000e+00	2.797123e-04	2.227672e-04	0.000000e+00	0.000000e+00	0.000000e+00	6.456789e-05	0.000000e+00	0.000000e+00	0.000000e+00	7.467255e-04	1.132706e-04	0.000000e+00	0.000000e+00	3.339642e-04	6.532113e-01	-4.554310e-01
6.532113e-01	2.322513e-04	0.000000e+00	4.479715e-03	0.000000e+00	1.820269e-03	1.114650e-03	0.000000e+00	0.000000e+00	7.984961e-04	1.392522e-03	1.471183e-03	1.377363e-03	0.000000e+00	0.000000e+00	0.000000e+00	2.797123e-04	2.227672e-04	0.000000e+00	0.000000e+00	0.000000e+00	6.456789e-05	0.000000e+00	0.000000e+00	0.000000e+00	7.467255e-04	1.132706e-04	0.000000e+00	0.000000e+00	3.339642e-04	6.532113e-01	-4.554310e-01
6.532113e-01	2.322513e-04	0.000000e+00	4.479715e-03	0.000000e+00	1.820269e-03	1.114650e-03	0.000000e+00	0.000000e+00	7.984961e-04	1.392522e-03	1.471183e-03	1.377363e-03	0.000000e+00	0.000000e+00	0.000000e+00	2.797123e-04	2.227672e-04	0.000000e+00	0.000000e+00	0.000000e+00	6.456789e-05	0.000000e+00	0.000000e+00	0.000000e+00	7.467255e-04	1.132706e-04	0.000000e+00	0.000000e+00	3.339642e-04	6.532113e-01	-4.554310e-01
6.527951e-01	2.322513e-04	0.000000e+00	0.000000e+00	0.000000e+00	1.040375e-02	0.000000e+00	0.000000e+00	0.000000e+00	7.984961e-04	1.392522e-03	0.000000e+00	1.564028e-03	0.000000e+00	0.000000e+00	0.000000e+00	1.223741e-04	2.227672e-04	0.000000e+00	0.000000e+00	0.000000e+00	9.685183e-05	0.000000e+00	0.000000e+00	0.000000e+00	2.174062e-03	5.663529e-05	0.000000e+00	0.000000e+00	8.472233e-04	6.527951e-01	-4.549212e-01
6.469863e-01	4.459756e-04	6.384797e-04	4.661135e-03	0.000000e+00	2.992633e-03	1.393313e-03	0.000000e+00	0.000000e+00	0.000000e+00	7.014160e-05	6.100915e-04	1.377363e-03	0.000000e+00	0.000000e+00	0.000000e+00	3.146763e-04	0.000000e+00	0.000000e+00	0.000000e+00	0.000000e+00	2.181621e-05	0.000000e+00	9.125907e-05	2.265503e-04	5.685898e-04	2.019778e-04	0.000000e+00	0.000000e+00	8.349104e-05	6.469863e-01	-4.459003e-01
6.453206e-01	2.334921e-04	6.384797e-04	8.154118e-03	0.000000e+00	1.998544e-03	1.950638e-03	0.000000e+00	0.000000e+00	0.000000e+00	7.014160e-05	1.345683e-03	1.284030e-03	0.000000e+00	0.000000e+00	0.000000e+00	3.933454e-04	0.000000e+00	0.000000e+00	0.000000e+00	0.000000e+00	5.674238e-06	0.000000e+00	0.000000e+00	8.341188e-03	0.000000e+00	2.302954e-04	5.900532e-04	1.665776e-02	1.669821e-04	6.453206e-01	-4.338511e-01
6.424077e-01	1.649249e-04	8.933628e-04	7.225772e-03	0.000000e+00	4.114623e-03	5.573251e-04	2.100525e-04	0.000000e+00	5.894758e-04	1.124420e-04	7.355914e-04	1.127409e-03	0.000000e+00	0.000000e+00	0.000000e+00	2.797123e-04	2.562674e-04	7.183678e-05	0.000000e+00	0.000000e+00	1.078231e-04	0.000000e+00	0.000000e+00	1.691993e-03	0.000000e+00	0.000000e+00	0.000000e+00	0.000000e+00	6.802412e-04	6.424077e-01	-4.222209e-01
6.405287e-01	1.173664e-04	7.659212e-04	1.200442e-02	0.000000e+00	2.101130e-03	0.000000e+00	2.100525e-04	0.000000e+00	4.180406e-04	2.560160e-03	3.642027e-03	0.000000e+00	0.000000e+00	0.000000e+00	0.000000e+00	0.000000e+00	0.000000e+00	1.031148e-05	4.331717e-03	0.000000e+00	2.374098e-05	0.000000e+00	0.000000e+00	1.251178e-02	2.056070e-03	2.558241e-03	1.638284e-03	7.244997e-03	0.000000e+00	6.405287e-01	-4.029705e-01
6.384232e-01	0.000000e+00	0.000000e+00	2.750544e-03	0.000000e+00	7.802799e-04	2.786626e-04	0.000000e+00	0.000000e+00	1.197744e-03	1.541999e-03	0.000000e+00	0.000000e+00	0.000000e+00	0.000000e+00	0.000000e+00	0.000000e+00	2.227672e-04	1.031148e-05	1.019831e-03	0.000000e+00	6.427552e-05	1.652754e-02	9.817846e-05	0.000000e+00	0.000000e+00	6.382159e-04	0.000000e+00	2.790653e-03	0.000000e+00	6.384232e-01	-3.904656e-01
6.365461e-01	1.748089e-04	0.000000e+00	3.615130e-03	0.000000e+00	1.960700e-03	1.393313e-03	0.000000e+00	0.000000e+00	0.000000e+00	2.043986e-03	1.831430e-03	6.886814e-04	0.000000e+00	0.000000e+00	1.774285e-04	2.622303e-04	1.340005e-04	5.155742e-06	0.000000e+00	0.000000e+00	2.369042e-05	0.000000e+00	4.462657e-05	2.265503e-04	5.685898e-04	3.757433e-04	2.950266e-04	8.328880e-03	1.067024e-03	6.365461e-01	-3.740311e-01
6.349250e-01	1.846928e-04	0.000000e+00	3.521071e-03	0.000000e+00	1.184161e-03	0.000000e+00	1.575393e-04	0.000000e+00	1.197744e-03	9.659204e-04	3.636819e-03	2.183096e-04	0.000000e+00	0.000000e+00	0.000000e+00	1.398561e-04	2.742068e-05	5.155742e-06	0.000000e+00	0.000000e+00	4.926003e-05	0.000000e+00	0.000000e+00	0.000000e+00	3.231063e-03	0.000000e+00	1.376226e-03	0.000000e+00	0.000000e+00	6.349250e-01	-3.588930e-01
6.335647e-01	3.113228e-04	0.000000e+00	4.661135e-03	0.000000e+00	7.729827e-03	3.483282e-04	4.726180e-04	0.000000e+00	0.000000e+00	5.996959e-05	1.109378e-04	1.457237e-03	0.000000e+00	0.000000e+00	0.000000e+00	2.534893e-04	0.000000e+00	6.804412e-05	2.673874e-03	0.000000e+00	1.836976e-05	0.000000e+00	9.125907e-05	0.000000e+00	0.000000e+00	6.956694e-05	3.930864e-04	1.395327e-03	0.000000e+00	6.335647e-01	-3.431774e-01
6.324367e-01	1.263198e-04	2.145224e-05	0.000000e+00	0.000000e+00	6.176750e-03	0.000000e+00	9.655832e-03	0.000000e+00	3.992481e-04	2.927391e-04	2.427937e-04	2.976743e-04	0.000000e+00	0.000000e+00	0.000000e+00	0.000000e+00	1.048789e-04	1.206210e-04	5.097256e-04	0.000000e+00	1.593497e-05	0.000000e+00	2.856101e-04	0.000000e+00	5.799974e-03	9.485422e-04	5.900532e-04	0.000000e+00	0.000000e+00	6.324367e-01	-3.290523e-01
6.312677e-01	9.759855e-05	0.000000e+00	2.598833e-03	0.000000e+00	5.312787e-04	1.393313e-03	1.050262e-04	0.000000e+00	0.000000e+00	2.245725e-03	5.479192e-04	1.127409e-03	0.000000e+00	0.000000e+00	8.871425e-05	3.059353e-05	0.000000e+00	0.000000e+00	0.000000e+00	0.000000e+00	1.082724e-04	0.000000e+00	4.462657e-05	3.817058e-02	0.000000e+00	2.499501e-03	2.622694e-04	1.116261e-02	2.817407e-04	6.312677e-01	-3.080976e-01
6.293693e-01	0.000000e+00	6.384797e-04	0.000000e+00	0.000000e+00	2.115142e-05	1.741641e-03	0.000000e+00	0.000000e+00	0.000000e+00	2.376119e-05	1.109378e-04	7.669917e-04	0.000000e+00	0.000000e+00	0.000000e+00	3.540109e-04	0.000000e+00	1.546431e-04	0.000000e+00	0.000000e+00	3.254135e-05	2.479132e-02	2.142076e-04	0.000000e+00	3.060724e-06	0.000000e+00	4.425399e-04	1.665776e-02	0.000000e+00	6.293693e-01	-2.864449e-01
6.281552e-01	0.000000e+00	0.000000e+00	0.000000e+00	0.000000e+00	2.115142e-05	4.179939e-04	9.918397e-03	0.000000e+00	0.000000e+00	0.000000e+00	0.000000e+00	0.000000e+00	0.000000e+00	0.000000e+00	0.000000e+00	0.000000e+00	1.383791e-04	1.257768e-04	0.000000e+00	0.000000e+00	2.766356e-05	0.000000e+00	4.462657e-05	0.000000e+00	6.121448e-06	0.000000e+00	1.081199e-03	0.000000e+00	0.000000e+00	6.281552e-01	-2.763028e-01
6.269542e-01	1.411457e-04	4.466814e-04	3.612886e-03	0.000000e+00	3.976195e-02	0.000000e+00	7.351836e-04	0.000000e+00	2.947379e-04	8.272208e-04	1.085104e-04	5.637046e-04	0.000000e+00	0.000000e+00	0.000000e+00	0.000000e+00	6.700026e-05	1.860873e-04	1.018691e-03	0.000000e+00	1.102515e-04	1.652754e-02	0.000000e+00	8.459963e-04	0.000000e+00	0.000000e+00	1.031746e-03	1.453398e-02	3.401206e-04	6.269542e-01	-2.462166e-01
6.249268e-01	0.000000e+00	0.000000e+00	5.140568e-04	0.000000e+00	2.115142e-05	0.000000e+00	0.000000e+00	0.000000e+00	0.000000e+00	6.782389e-04	0.000000e+00	0.000000e+00	0.000000e+00	0.000000e+00	0.000000e+00	0.000000e+00	0.000000e+00	1.257768e-04	0.000000e+00	0.000000e+00	8.139779e-05	3.305509e-02	2.856101e-04	0.000000e+00	6.121448e-06	0.000000e+00	7.861728e-04	0.000000e+00	0.000000e+00	6.249268e-01	-2.247117e-01
6.243252e-01	4.083010e-04	0.000000e+00	1.760535e-03	0.000000e+00	1.054418e-02	8.359877e-04	7.351836e-04	0.000000e+00	1.996240e-04	0.000000e+00	8.111515e-03	1.472804e-03	0.000000e+00	0.000000e+00	0.000000e+00	7.866908e-05	6.700026e-05	0.000000e+00	1.667864e-02	0.000000e+00	4.719816e-05	0.000000e+00	0.000000e+00	3.890330e-02	2.344536e-04	1.391339e-04	1.147561e-04	0.000000e+00	3.401206e-04	6.243252e-01	-2.069430e-01
6.219687e-01	0.000000e+00	0.000000e+00	0.000000e+00	0.000000e+00	7.729827e-03	0.000000e+00	8.402098e-04	0.000000e+00	0.000000e+00	0.000000e+00	0.000000e+00	0.000000e+00	0.000000e+00	0.000000e+00	1.381966e-04	0.000000e+00	0.000000e+00	1.257768e-04	2.037382e-03	0.000000e+00	8.139779e-05	0.000000e+00	0.000000e+00	0.000000e+00	0.000000e+00	9.164837e-04	7.861728e-04	0.000000e+00	0.000000e+00	6.219687e-01	-1.822564e-01
6.211854e-01	5.868321e-05	2.233407e-04	5.070263e-04	0.000000e+00	2.115142e-05	0.000000e+00	4.201049e-04	0.000000e+00	0.000000e+00	7.709997e-04	0.000000e+00	0.000000e+00	0.000000e+00	0.000000e+00	0.000000e+00	0.000000e+00	3.350013e-05	6.804412e-05	5.093455e-04	0.000000e+00	8.238731e-05	1.652754e-02	0.000000e+00	0.000000e+00	6.121448e-06	0.000000e+00	1.179259e-03	1.685682e-03	2.918995e-05	6.211854e-01	-1.675706e-01
6.194465e-01	5.343106e-05	1.072612e-05	0.000000e+00	0.000000e+00	3.172713e-05	0.000000e+00	5.248021e-03	0.000000e+00	0.000000e+00	5.974442e-03	1.213969e-04	1.249768e-04	0.000000e+00	0.000000e+00	1.842622e-04	0.000000e+00	5.243947e-05	8.084757e-05	0.000000e+00	0.000000e+00	4.866638e-05	0.000000e+00	2.856101e-04	1.137435e-03	6.121448e-06	4.742711e-04	8.516872e-04	0.000000e+00	0.000000e+00	6.194465e-01	-1.396152e-01
4.548175e-01	0.000000e+00	0.000000e+00	0.000000e+00	0.000000e+00	1.586356e-05	0.000000e+00	5.504823e-04	0.000000e+00	0.000000e+00	0.000000e+00	0.000000e+00	0.000000e+00	0.000000e+00	0.000000e+00	0.000000e+00	0.000000e+00	0.000000e+00	6.288838e-05	0.000000e+00	0.000000e+00	6.357376e-05	0.000000e+00	0.000000e+00	0.000000e+00	1.619346e-04	0.000000e+00	7.861728e-04	0.000000e+00	0.000000e+00	4.548175e-01	-1.236825e-01
4.548175e-01	0.000000e+00	0.000000e+00	0.000000e+00	0.000000e+00	1.586356e-05	0.000000e+00	5.504823e-04	0.000000e+00	0.000000e+00	0.000000e+00	0.000000e+00	0.000000e+00	0.000000e+00	0.000000e+00	0.000000e+00	0.000000e+00	0.000000e+00	6.288838e-05	0.000000e+00	0.000000e+00	6.357376e-05	0.000000e+00	0.000000e+00	0.000000e+00	1.619346e-04	0.000000e+00	7.861728e-04	0.000000e+00	0.000000e+00	4.548175e-01	-1.236825e-01
4.548175e-01	0.000000e+00	0.000000e+00	0.000000e+00	0.000000e+00	1.586356e-05	0.000000e+00	5.504823e-04	0.000000e+00	0.000000e+00	0.000000e+00	0.000000e+00	0.000000e+00	0.000000e+00	0.000000e+00	0.000000e+00	0.000000e+00	0.000000e+00	6.288838e-05	0.000000e+00	0.000000e+00	6.357376e-05	0.000000e+00	0.000000e+00	0.000000e+00	1.619346e-04	0.000000e+00	7.861728e-04	0.000000e+00	0.000000e+00	4.548175e-01	-1.236825e-01
4.548175e-01	0.000000e+00	0.000000e+00	0.000000e+00	0.000000e+00	1.586356e-05	0.000000e+00	5.504823e-04	0.000000e+00	0.000000e+00	0.000000e+00	0.000000e+00	0.000000e+00	0.000000e+00	0.000000e+00	0.000000e+00	0.000000e+00	0.000000e+00	6.288838e-05	0.000000e+00	0.000000e+00	6.357376e-05	0.000000e+00	0.000000e+00	0.000000e+00	1.619346e-04	0.000000e+00	7.861728e-04	0.000000e+00	0.000000e+00	4.548175e-01	-1.236825e-01
4.548175e-01	0.000000e+00	0.000000e+00	0.000000e+00	0.000000e+00	1.586356e-05	0.000000e+00	5.504823e-04	0.000000e+00	0.000000e+00	0.000000e+00	0.000000e+00	0.000000e+00	0.000000e+00	0.000000e+00	0.000000e+00	0.000000e+00	0.000000e+00	6.288838e-05	0.000000e+00	0.000000e+00	6.357376e-05	0.000000e+00	0.000000e+00	0.000000e+00	1.619346e-04	0.000000e+00	7.861728e-04	0.000000e+00	0.000000e+00	4.548175e-01	-1.236825e-01
4.548175e-01	0.000000e+00	0.000000e+00	0.000000e+00	0.000000e+00	1.586356e-05	0.000000e+00	5.504823e-04	0.000000e+00	0.000000e+00	0.000000e+00	0.000000e+00	0.000000e+00	0.000000e+00	0.000000e+00	0.000000e+00	0.000000e+00	0.000000e+00	6.288838e-05	0.000000e+00	0.000000e+00	6.357376e-05	0.000000e+00	0.000000e+00	0.000000e+00	1.619346e-04	0.000000e+00	7.861728e-04	0.000000e+00	0.000000e+00	4.548175e-01	-1.236825e-01
4.548175e-01	0.000000e+00	0.000000e+00	0.000000e+00	0.000000e+00	1.586356e-05	0.000000e+00	5.504823e-04	0.000000e+00	0.000000e+00	0.000000e+00	0.000000e+00	0.000000e+00	0.000000e+00	0.000000e+00	0.000000e+00	0.000000e+00	0.000000e+00	6.288838e-05	0.000000e+00	0.000000e+00	6.357376e-05	0.000000e+00	0.000000e+00	0.000000e+00	1.619346e-04	0.000000e+00	7.861728e-04	0.000000e+00	0.000000e+00	4.548175e-01	-1.236825e-01
4.548175e-01	0.000000e+00	0.000000e+00	0.000000e+00	0.000000e+00	1.586356e-05	0.000000e+00	5.504823e-04	0.000000e+00	0.000000e+00	0.000000e+00	0.000000e+00	0.000000e+00	0.000000e+00	0.000000e+00	0.000000e+00	0.000000e+00	0.000000e+00	6.288838e-05	0.000000e+00	0.000000e+00	6.357376e-05	0.000000e+00	0.000000e+00	0.000000e+00	1.619346e-04	0.000000e+00	7.861728e-04	0.000000e+00	0.000000e+00	4.548175e-01	-1.236825e-01
4.457621e-01	0.000000e+00	0.000000e+00	2.570284e-04	0.000000e+00	3.172713e-05	0.000000e+00	8.402098e-04	8.687362e-05	0.000000e+00	0.000000e+00	4.046562e-05	0.000000e+00	0.000000e+00	0.000000e+00	1.842622e-04	0.000000e+00	0.000000e+00	6.288838e-05	2.086181e-04	0.000000e+00	9.008873e-05	0.000000e+00	0.000000e+00	1.137435e-03	3.162174e-04	0.000000e+00	6.114677e-04	0.000000e+00	0.000000e+00	4.457621e-01	-1.086717e-01
4.416298e-01	0.000000e+00	0.000000e+00	0.000000e+00	0.000000e+00	5.287854e-06	0.000000e+00	4.201049e-04	2.316630e-04	9.892842e-05	0.000000e+00	0.000000e+00	4.445273e-04	0.000000e+00	0.000000e+00	9.213108e-05	0.000000e+00	0.000000e+00	5.584594e-05	0.000000e+00	0.000000e+00	8.139779e-05	0.000000e+00	0.000000e+00	0.000000e+00	3.060724e-06	0.000000e+00	2.620576e-04	0.000000e+00	0.000000e+00	4.416298e-01	-9.064986e-02
4.378048e-01	0.000000e+00	0.000000e+00	0.000000e+00	0.000000e+00	1.057571e-05	0.000000e+00	2.607548e-04	1.173259e-04	0.000000e+00	0.000000e+00	0.000000e+00	0.000000e+00	0.000000e+00	0.000000e+00	0.000000e+00	0.000000e+00	0.000000e+00	0.000000e+00	1.192104e-04	0.000000e+00	4.574974e-05	0.000000e+00	0.000000e+00	0.000000e+00	3.177478e-04	0.000000e+00	4.804389e-04	0.000000e+00	2.193617e-04	4.378048e-01	-6.740646e-02
4.343859e-01	3.320776e-05	0.000000e+00	1.028114e-03	0.000000e+00	1.057571e-05	0.000000e+00	1.260315e-03	0.000000e+00	0.000000e+00	0.000000e+00	0.000000e+00	0.000000e+00	0.000000e+00	0.000000e+00	0.000000e+00	0.000000e+00	0.000000e+00	0.000000e+00	2.384207e-04	0.000000e+00	0.000000e+00	0.000000e+00	0.000000e+00	0.000000e+00	6.121448e-06	0.000000e+00	1.091907e-03	0.000000e+00	2.193617e-04	4.343859e-01	-4.143508e-02
4.314050e-01	1.660388e-05	0.000000e+00	5.140568e-04	0.000000e+00	0.000000e+00	0.000000e+00	6.301574e-04	1.535899e-02	0.000000e+00	0.000000e+00	0.000000e+00	0.000000e+00	0.000000e+00	0.000000e+00	0.000000e+00	0.000000e+00	0.000000e+00	0.000000e+00	0.000000e+00	0.000000e+00	4.784563e-05	0.000000e+00	0.000000e+00	0.000000e+00	9.182173e-06	0.000000e+00	5.459533e-04	0.000000e+00	1.096808e-04	4.314050e-01	-1.308347e-02
4.275890e-01	0.000000e+00	0.000000e+00	7.710852e-04	0.000000e+00	2.115142e-05	0.000000e+00	4.201049e-04	2.316630e-04	0.000000e+00	0.000000e+00	0.000000e+00	0.000000e+00	0.000000e+00	0.000000e+00	9.213108e-05	0.000000e+00	0.000000e+00	0.000000e+00	0.000000e+00	0.000000e+00	8.139779e-05	0.000000e+00	0.000000e+00	0.000000e+00	3.208085e-04	0.000000e+00	7.861728e-04	0.000000e+00	0.000000e+00	4.275890e-01	2.074952e-02
4.263771e-01	0.000000e+00	0.000000e+00	1.521996e-03	0.000000e+00	3.172713e-05	0.000000e+00	0.000000e+00	2.316630e-04	0.000000e+00	0.000000e+00	4.046562e-05	0.000000e+00	0.000000e+00	2.411351e-02	1.842622e-04	0.000000e+00	0.000000e+00	7.251192e-03	0.000000e+00	0.000000e+00	1.394357e-05	0.000000e+00	0.000000e+00	0.000000e+00	0.000000e+00	0.000000e+00	0.000000e+00	0.000000e+00	0.000000e+00	4.263771e-01	3.976081e-02
4.225924e-01	0.000000e+00	0.000000e+00	0.000000e+00	0.000000e+00	0.000000e+00	0.000000e+00	0.000000e+00	1.180731e-04	0.000000e+00	0.000000e+00	0.000000e+00	0.000000e+00	0.000000e+00	0.000000e+00	1.842622e-04	0.000000e+00	0.000000e+00	0.000000e+00	0.000000e+00	0.000000e+00	1.264422e-04	0.000000e+00	0.000000e+00	5.687173e-04	0.000000e+00	0.000000e+00	1.059149e-03	0.000000e+00	3.486107e-05	4.225924e-01	7.498318e-02
4.193867e-01	0.000000e+00	0.000000e+00	0.000000e+00	0.000000e+00	1.057571e-05	0.000000e+00	0.000000e+00	3.474945e-04	1.978568e-04	0.000000e+00	0.000000e+00	0.000000e+00	0.000000e+00	0.000000e+00	0.000000e+00	0.000000e+00	0.000000e+00	6.288838e-05	0.000000e+00	0.000000e+00	4.069889e-05	0.000000e+00	0.000000e+00	0.000000e+00	9.182173e-06	0.000000e+00	3.930864e-04	0.000000e+00	1.198761e-04	4.193867e-01	1.127204e-01
4.176554e-01	1.992466e-04	0.000000e+00	2.570284e-04	0.000000e+00	2.379534e-05	0.000000e+00	3.795430e-04	5.791575e-05	0.000000e+00	0.000000e+00	0.000000e+00	0.000000e+00	0.000000e+00	0.000000e+00	0.000000e+00	0.000000e+00	0.000000e+00	0.000000e+00	0.000000e+00	0.000000e+00	7.613914e-05	0.000000e+00	0.000000e+00	0.000000e+00	1.224290e-05	0.000000e+00	1.135583e-03	0.000000e+00	0.000000e+00	4.176554e-01	1.342273e-01
4.137875e-01	1.992466e-04	0.000000e+00	3.855426e-04	0.000000e+00	1.057571e-05	0.000000e+00	4.201049e-04	2.294214e-04	0.000000e+00	0.000000e+00	0.000000e+00	0.000000e+00	0.000000e+00	0.000000e+00	1.842622e-04	0.000000e+00	0.000000e+00	2.064891e-04	0.000000e+00	0.000000e+00	3.341870e-05	0.000000e+00	0.000000e+00	0.000000e+00	1.604043e-04	0.000000e+00	4.367627e-04	0.000000e+00	4.387234e-04	4.137875e-01	1.836279e-01
4.108900e-01	1.992466e-04	0.000000e+00	2.570284e-04	0.000000e+00	8.470329e-22	0.000000e+00	3.795430e-04	5.791575e-05	3.957137e-04	8.877535e-04	0.000000e+00	7.378300e-04	0.000000e+00	0.000000e+00	0.000000e+00	0.000000e+00	0.000000e+00	0.000000e+00	0.000000e+00	0.000000e+00	2.385609e-05	0.000000e+00	0.000000e+00	0.000000e+00	0.000000e+00	0.000000e+00	1.135583e-03	0.000000e+00	3.995869e-05	4.108900e-01	2.220131e-01
2.579964e-01	0.000000e+00	0.000000e+00	0.000000e+00	0.000000e+00	0.000000e+00	0.000000e+00	0.000000e+00	1.466314e-04	0.000000e+00	0.000000e+00	0.000000e+00	0.000000e+00	0.000000e+00	0.000000e+00	0.000000e+00	0.000000e+00	0.000000e+00	0.000000e+00	0.000000e+00	0.000000e+00	0.000000e+00	0.000000e+00	0.000000e+00	0.000000e+00	0.000000e+00	0.000000e+00	0.000000e+00	0.000000e+00	3.995869e-05	2.579964e-01	2.422115e-01
2.579964e-01	0.000000e+00	0.000000e+00	0.000000e+00	0.000000e+00	0.000000e+00	0.000000e+00	0.000000e+00	1.466314e-04	0.000000e+00	0.000000e+00	0.000000e+00	0.000000e+00	0.000000e+00	0.000000e+00	0.000000e+00	0.000000e+00	0.000000e+00	0.000000e+00	0.000000e+00	0.000000e+00	0.000000e+00	0.000000e+00	0.000000e+00	0.000000e+00	0.000000e+00	0.000000e+00	0.000000e+00	0.000000e+00	3.995869e-05	2.579964e-01	2.422115e-01
2.579964e-01	0.000000e+00	0.000000e+00	0.000000e+00	0.000000e+00	0.000000e+00	0.000000e+00	0.000000e+00	1.466314e-04	0.000000e+00	0.000000e+00	0.000000e+00	0.000000e+00	0.000000e+00	0.000000e+00	0.000000e+00	0.000000e+00	0.000000e+00	0.000000e+00	0.000000e+00	0.000000e+00	0.000000e+00	0.000000e+00	0.000000e+00	0.000000e+00	0.000000e+00	0.000000e+00	0.000000e+00	0.000000e+00	3.995869e-05	2.579964e-01	2.422115e-01
2.579964e-01	0.000000e+00	0.000000e+00	0.000000e+00	0.000000e+00	0.000000e+00	0.000000e+00	0.000000e+00	1.466314e-04	0.000000e+00	0.000000e+00	0.000000e+00	0.000000e+00	0.000000e+00	0.000000e+00	0.000000e+00	0.000000e+00	0.000000e+00	0.000000e+00	0.000000e+00	0.000000e+00	0.000000e+00	0.000000e+00	0.000000e+00	0.000000e+00	0.000000e+00	0.000000e+00	0.000000e+00	0.000000e+00	3.995869e-05	2.579964e-01	2.422115e-01
2.579964e-01	0.000000e+00	0.000000e+00	0.000000e+00	0.000000e+00	0.000000e+00	0.000000e+00	0.000000e+00	1.466314e-04	0.000000e+00	0.000000e+00	0.000000e+00	0.000000e+00	0.000000e+00	0.000000e+00	0.000000e+00	0.000000e+00	0.000000e+00	0.000000e+00	0.000000e+00	0.000000e+00	0.000000e+00	0.000000e+00	0.000000e+00	0.000000e+00	0.000000e+00	0.000000e+00	0.000000e+00	0.000000e+00	3.995869e-05	2.579964e-01	2.422115e-01
2.579964e-01	0.000000e+00	0.000000e+00	0.000000e+00	0.000000e+00	0.000000e+00	0.000000e+00	0.000000e+00	1.466314e-04	0.000000e+00	0.000000e+00	0.000000e+00	0.000000e+00	0.000000e+00	0.000000e+00	0.000000e+00	0.000000e+00	0.000000e+00	0.000000e+00	0.000000e+00	0.000000e+00	0.000000e+00	0.000000e+00	0.000000e+00	0.000000e+00	0.000000e+00	0.000000e+00	0.000000e+00	0.000000e+00	3.995869e-05	2.579964e-01	2.422115e-01
2.579964e-01	0.000000e+00	0.000000e+00	0.000000e+00	0.000000e+00	0.000000e+00	0.000000e+00	0.000000e+00	1.466314e-04	0.000000e+00	0.000000e+00	0.000000e+00	0.000000e+00	0.000000e+00	0.000000e+00	0.000000e+00	0.000000e+00	0.000000e+00	0.000000e+00	0.000000e+00	0.000000e+00	0.000000e+00	0.000000e+00	0.000000e+00	0.000000e+00	0.000000e+00	0.000000e+00	0.000000e+00	0.000000e+00	3.995869e-05	2.579964e-01	2.422115e-01
2.579964e-01	0.000000e+00	0.000000e+00	0.000000e+00	0.000000e+00	0.000000e+00	0.000000e+00	0.000000e+00	1.466314e-04	0.000000e+00	0.000000e+00	0.000000e+00	0.000000e+00	0.000000e+00	0.000000e+00	0.000000e+00	0.000000e+00	0.000000e+00	0.000000e+00	0.000000e+00	0.000000e+00	0.000000e+00	0.000000e+00	0.000000e+00	0.000000e+00	0.000000e+00	0.000000e+00	0.000000e+00	0.000000e+00	3.995869e-05	2.579964e-01	2.422115e-01
2.555401e-01	0.000000e+00	0.000000e+00	0.000000e+00	0.000000e+00	0.000000e+00	0.000000e+00	0.000000e+00	2.316630e-04	0.000000e+00	0.000000e+00	0.000000e+00	4.445273e-04	0.000000e+00	0.000000e+00	0.000000e+00	0.000000e+00	0.000000e+00	0.000000e+00	0.000000e+00	0.000000e+00	9.295710e-06	0.000000e+00	0.000000e+00	0.000000e+00	0.000000e+00	0.000000e+00	0.000000e+00	0.000000e+00	0.000000e+00	2.555401e-01	2.429698e-01
2.457150e-01	0.000000e+00	0.000000e+00	0.000000e+00	0.000000e+00	0.000000e+00	0.000000e+00	0.000000e+00	1.435875e-04	0.000000e+00	0.000000e+00	0.000000e+00	4.445273e-04	0.000000e+00	0.000000e+00	0.000000e+00	0.000000e+00	0.000000e+00	0.000000e+00	0.000000e+00	0.000000e+00	1.549285e-05	0.000000e+00	0.000000e+00	1.028175e-02	0.000000e+00	0.000000e+00	0.000000e+00	0.000000e+00	2.897005e-04	2.457150e-01	2.634208e-01
2.365762e-01	0.000000e+00	0.000000e+00	0.000000e+00	0.000000e+00	0.000000e+00	0.000000e+00	0.000000e+00	3.952875e-05	0.000000e+00	0.000000e+00	0.000000e+00	0.000000e+00	0.000000e+00	0.000000e+00	0.000000e+00	0.000000e+00	0.000000e+00	0.000000e+00	0.000000e+00	0.000000e+00	0.000000e+00	0.000000e+00	0.000000e+00	0.000000e+00	0.000000e+00	0.000000e+00	0.000000e+00	0.000000e+00	3.995869e-05	2.365762e-01	2.977791e-01
2.297252e-01	0.000000e+00	0.000000e+00	0.000000e+00	0.000000e+00	0.000000e+00	0.000000e+00	0.000000e+00	6.309411e-05	8.067513e-05	0.000000e+00	0.000000e+00	0.000000e+00	0.000000e+00	0.000000e+00	0.000000e+00	0.000000e+00	0.000000e+00	0.000000e+00	0.000000e+00	0.000000e+00	2.441172e-05	0.000000e+00	0.000000e+00	0.000000e+00	0.000000e+00	0.000000e+00	0.000000e+00	0.000000e+00	1.997935e-05	2.297252e-01	3.360686e-01
2.210905e-01	0.000000e+00	0.000000e+00	0.000000e+00	0.000000e+00	0.000000e+00	0.000000e+00	0.000000e+00	2.830815e-04	0.000000e+00	0.000000e+00	0.000000e+00	3.583868e-04	0.000000e+00	0.000000e+00	0.000000e+00	0.000000e+00	0.000000e+00	1.025449e-04	0.000000e+00	0.000000e+00	8.170538e-05	0.000000e+00	0.000000e+00	0.000000e+00	0.000000e+00	0.000000e+00	0.000000e+00	0.000000e+00	0.000000e+00	2.210905e-01	3.939893e-01
2.153592e-01	0.000000e+00	0.000000e+00	0.000000e+00	0.000000e+00	0.000000e+00	0.000000e+00	0.000000e+00	2.286742e-04	0.000000e+00	0.000000e+00	0.000000e+00	0.000000e+00	0.000000e+00	0.000000e+00	0.000000e+00	0.000000e+00	0.000000e+00	0.000000e+00	0.000000e+00	0.000000e+00	0.000000e+00	0.000000e+00	0.000000e+00	0.000000e+00	1.224290e-05	0.000000e+00	0.000000e+00	0.000000e+00	7.991739e-05	2.153592e-01	4.360783e-01
2.082921e-01	0.000000e+00	0.000000e+00	0.000000e+00	0.000000e+00	0.000000e+00	0.000000e+00	0.000000e+00	4.730215e-06	0.000000e+00	0.000000e+00	0.000000e+00	4.445273e-04	0.000000e+00	0.000000e+00	0.000000e+00	0.000000e+00	0.000000e+00	0.000000e+00	0.000000e+00	0.000000e+00	5.634554e-05	0.000000e+00	0.000000e+00	0.000000e+00	1.224290e-05	0.000000e+00	0.000000e+00	0.000000e+00	2.897005e-04	2.082921e-01	4.901540e-01
1.986492e-01	0.000000e+00	0.000000e+00	0.000000e+00	0.000000e+00	0.000000e+00	0.000000e+00	0.000000e+00	1.104727e-06	8.067513e-05	0.000000e+00	0.000000e+00	0.000000e+00	0.000000e+00	0.000000e+00	0.000000e+00	0.000000e+00	0.000000e+00	0.000000e+00	0.000000e+00	1.660144e-06	0.000000e+00	0.000000e+00	0.000000e+00	0.000000e+00	6.121448e-06	0.000000e+00	0.000000e+00	0.000000e+00	1.298658e-04	1.986492e-01	5.627796e-01
1.906535e-01	0.000000e+00	0.000000e+00	0.000000e+00	0.000000e+00	0.000000e+00	0.000000e+00	0.000000e+00	1.435875e-04	0.000000e+00	0.000000e+00	0.000000e+00	4.445273e-04	0.000000e+00	0.000000e+00	0.000000e+00	0.000000e+00	0.000000e+00	0.000000e+00	0.000000e+00	0.000000e+00	1.549285e-05	0.000000e+00	0.000000e+00	0.000000e+00	1.224290e-05	0.000000e+00	0.000000e+00	0.000000e+00	2.897005e-04	1.906535e-01	6.187615e-01
8.304805e-02	0.000000e+00	0.000000e+00	0.000000e+00	0.000000e+00	0.000000e+00	0.000000e+00	0.000000e+00	6.309411e-05	1.613503e-04	0.000000e+00	0.000000e+00	0.000000e+00	0.000000e+00	0.000000e+00	0.000000e+00	0.000000e+00	0.000000e+00	0.000000e+00	0.000000e+00	0.000000e+00	4.882343e-05	0.000000e+00	0.000000e+00	0.000000e+00	0.000000e+00	0.000000e+00	0.000000e+00	0.000000e+00	0.000000e+00	8.304805e-02	6.697251e-01
8.304805e-02	0.000000e+00	0.000000e+00	0.000000e+00	0.000000e+00	0.000000e+00	0.000000e+00	0.000000e+00	6.309411e-05	1.613503e-04	0.000000e+00	0.000000e+00	0.000000e+00	0.000000e+00	0.000000e+00	0.000000e+00	0.000000e+00	0.000000e+00	0.000000e+00	0.000000e+00	0.000000e+00	4.882343e-05	0.000000e+00	0.000000e+00	0.000000e+00	0.000000e+00	0.000000e+00	0.000000e+00	0.000000e+00	0.000000e+00	8.304805e-02	6.697251e-01
8.304805e-02	0.000000e+00	0.000000e+00	0.000000e+00	0.000000e+00	0.000000e+00	0.000000e+00	0.000000e+00	6.309411e-05	1.613503e-04	0.000000e+00	0.000000e+00	0.000000e+00	0.000000e+00	0.000000e+00	0.000000e+00	0.000000e+00	0.000000e+00	0.000000e+00	0.000000e+00	0.000000e+00	4.882343e-05	0.000000e+00	0.000000e+00	0.000000e+00	0.000000e+00	0.000000e+00	0.000000e+00	0.000000e+00	0.000000e+00	8.304805e-02	6.697251e-01
8.304805e-02	0.000000e+00	0.000000e+00	0.000000e+00	0.000000e+00	0.000000e+00	0.000000e+00	0.000000e+00	6.309411e-05	1.613503e-04	0.000000e+00	0.000000e+00	0.000000e+00	0.000000e+00	0.000000e+00	0.000000e+00	0.000000e+00	0.000000e+00	0.000000e+00	0.000000e+00	0.000000e+00	4.882343e-05	0.000000e+00	0.000000e+00	0.000000e+00	0.000000e+00	0.000000e+00	0.000000e+00	0.000000e+00	0.000000e+00	8.304805e-02	6.697251e-01
8.304805e-02	0.000000e+00	0.000000e+00	0.000000e+00	0.000000e+00	0.000000e+00	0.000000e+00	0.000000e+00	6.309411e-05	1.613503e-04	0.000000e+00	0.000000e+00	0.000000e+00	0.000000e+00	0.000000e+00	0.000000e+00	0.000000e+00	0.000000e+00	0.000000e+00	0.000000e+00	0.000000e+00	4.882343e-05	0.000000e+00	0.000000e+00	0.000000e+00	0.000000e+00	0.000000e+00	0.000000e+00	0.000000e+00	0.000000e+00	8.304805e-02	6.697251e-01
8.304805e-02	0.000000e+00	0.000000e+00	0.000000e+00	0.000000e+00	0.000000e+00	0.000000e+00	0.000000e+00	6.309411e-05	1.613503e-04	0.000000e+00	0.000000e+00	0.000000e+00	0.000000e+00	0.000000e+00	0.000000e+00	0.000000e+00	0.000000e+00	0.000000e+00	0.000000e+00	0.000000e+00	4.882343e-05	0.000000e+00	0.000000e+00	0.000000e+00	0.000000e+00	0.000000e+00	0.000000e+00	0.000000e+00	0.000000e+00	8.304805e-02	6.697251e-01
7.615649e-02	0.000000e+00	0.000000e+00	0.000000e+00	0.000000e+00	0.000000e+00	0.000000e+00	0.000000e+00	0.000000e+00	1.708577e-04	0.000000e+00	0.000000e+00	7.167736e-05	0.000000e+00	0.000000e+00	0.000000e+00	0.000000e+00	0.000000e+00	0.000000e+00	0.000000e+00	0.000000e+00	0.000000e+00	0.000000e+00	0.000000e+00	0.000000e+00	0.000000e+00	0.000000e+00	0.000000e+00	0.000000e+00	0.000000e+00	7.615649e-02	6.722411e-01
5.995727e-02	0.000000e+00	0.000000e+00	0.000000e+00	0.000000e+00	0.000000e+00	0.000000e+00	0.000000e+00	9.280572e-05	0.000000e+00	0.000000e+00	0.000000e+00	0.000000e+00	0.000000e+00	0.000000e+00	0.000000e+00	0.000000e+00	0.000000e+00	0.000000e+00	0.000000e+00	1.106762e-06	0.000000e+00	0.000000e+00	0.000000e+00	0.000000e+00	0.000000e+00	0.000000e+00	0.000000e+00	0.000000e+00	3.596282e-04	5.995727e-02	6.982142e-01
4.712259e-02	0.000000e+00	0.000000e+00	0.000000e+00	0.000000e+00	0.000000e+00	0.000000e+00	0.000000e+00	4.135141e-05	0.000000e+00	0.000000e+00	0.000000e+00	0.000000e+00	0.000000e+00	0.000000e+00	0.000000e+00	0.000000e+00	0.000000e+00	0.000000e+00	0.000000e+00	0.000000e+00	0.000000e+00	0.000000e+00	0.000000e+00	5.140876e-03	6.121448e-06	0.000000e+00	0.000000e+00	0.000000e+00	2.996902e-04	4.712259e-02	7.375108e-01
3.147430e-02	0.000000e+00	0.000000e+00	0.000000e+00	0.000000e+00	0.000000e+00	0.000000e+00	0.000000e+00	0.000000e+00	0.000000e+00	0.000000e+00	0.000000e+00	4.300642e-04	0.000000e+00	0.000000e+00	0.000000e+00	0.000000e+00	0.000000e+00	1.866762e-04	0.000000e+00	0.000000e+00	0.000000e+00	0.000000e+00	0.000000e+00	0.000000e+00	0.000000e+00	0.000000e+00	0.000000e+00	0.000000e+00	0.000000e+00	3.147430e-02	7.964720e-01
1.595308e-02	0.000000e+00	0.000000e+00	0.000000e+00	0.000000e+00	0.000000e+00	0.000000e+00	0.000000e+00	0.000000e+00	0.000000e+00	0.000000e+00	0.000000e+00	0.000000e+00	0.000000e+00	0.000000e+00	0.000000e+00	0.000000e+00	0.000000e+00	0.000000e+00	0.000000e+00	0.000000e+00	0.000000e+00	0.000000e+00	0.000000e+00	0.000000e+00	0.000000e+00	0.000000e+00	0.000000e+00	0.000000e+00	0.000000e+00	1.595308e-02	8.660297e-01
0.000000e+00	0.000000e+00	0.000000e+00	0.000000e+00	0.000000e+00	0.000000e+00	0.000000e+00	0.000000e+00	9.280572e-05	0.000000e+00	0.000000e+00	0.000000e+00	0.000000e+00	0.000000e+00	0.000000e+00	0.000000e+00	0.000000e+00	0.000000e+00	0.000000e+00	0.000000e+00	0.000000e+00	0.000000e+00	0.000000e+00	0.000000e+00	0.000000e+00	0.000000e+00	0.000000e+00	0.000000e+00	0.000000e+00	0.000000e+00	0.000000e+00	1.000029e+00
