8.506779e-01	3.501178e-03	2.938285e-04	0.000000e+00	1.592485e-03	0.000000e+00	0.000000e+00	0.000000e+00	0.000000e+00	0.000000e+00	4.673437e-04	9.955240e-04	5.321375e-05	3.771348e-04	4.856780e-05	2.572408e-04	0.000000e+00	7.942292e-04	1.760239e-03	0.000000e+00	5.771422e-04	0.000000e+00	0.000000e+00	0.000000e+00	6.646671e-04	0.000000e+00	0.000000e+00	1.604412e-03	0.000000e+00	0.000000e+00	8.506779e-01	-7.706333e-01
8.482861e-01	1.994775e-04	2.184350e-04	1.443394e-03	9.811329e-04	0.000000e+00	1.549428e-03	3.290773e-03	0.000000e+00	8.039366e-04	4.630373e-04	1.491547e-03	5.321375e-05	0.000000e+00	1.226292e-04	4.403308e-04	1.769220e-03	8.409486e-04	5.757955e-04	0.000000e+00	2.995428e-03	3.522980e-04	1.162392e-02	0.000000e+00	0.000000e+00	0.000000e+00	4.424633e-04	2.018252e-03	0.000000e+00	4.205435e-03	8.482861e-01	-7.620594e-01
8.463544e-01	7.073862e-04	7.032580e-05	2.682642e-03	7.747160e-03	0.000000e+00	2.951836e-03	5.072737e-04	0.000000e+00	0.000000e+00	2.983063e-03	0.000000e+00	0.000000e+00	4.268869e-03	0.000000e+00	4.103304e-04	1.377259e-04	2.289249e-04	0.000000e+00	2.982132e-03	1.838429e-03	3.522980e-04	3.037405e-03	0.000000e+00	8.795641e-04	2.851283e-04	1.350992e-03	6.631338e-04	0.000000e+00	3.938636e-03	8.463544e-01	-7.543968e-01
8.453207e-01	0.000000e+00	0.000000e+00	2.682642e-03	1.106998e-02	0.000000e+00	1.945879e-03	5.072737e-04	0.000000e+00	0.000000e+00	4.129602e-03	0.000000e+00	0.000000e+00	4.268869e-03	0.000000e+00	3.359869e-05	1.377259e-04	2.289249e-04	0.000000e+00	2.679375e-03	1.838429e-03	3.522980e-04	3.037405e-03	5.256108e-03	8.795641e-04	5.702567e-04	3.268277e-03	0.000000e+00	0.000000e+00	3.938636e-03	8.453207e-01	-7.477409e-01
8.439036e-01	1.994775e-04	2.184350e-04	1.443394e-03	1.893044e-03	0.000000e+00	1.549428e-03	0.000000e+00	2.955152e-03	9.453789e-04	1.622420e-03	9.862303e-04	7.409805e-03	0.000000e+00	1.650512e-03	4.403308e-04	1.769220e-03	0.000000e+00	5.757955e-04	0.000000e+00	2.995428e-03	8.807450e-05	1.162392e-02	0.000000e+00	0.000000e+00	0.000000e+00	2.196075e-03	3.076223e-04	7.157666e-04	4.205435e-03	8.439036e-01	-7.394089e-01
8.429401e-01	1.750589e-03	0.000000e+00	1.765908e-03	1.222703e-03	0.000000e+00	7.568573e-04	2.536369e-04	3.828365e-03	0.000000e+00	2.712413e-03	1.563543e-03	0.000000e+00	1.009985e-02	8.675766e-04	9.378489e-05	6.886297e-05	1.144624e-04	6.588985e-04	1.339688e-03	1.634544e-03	0.000000e+00	3.037405e-03	8.214327e-04	1.772641e-03	3.630436e-04	2.668444e-03	6.400499e-04	1.369945e-03	4.072036e-03	8.429401e-01	-7.330897e-01
8.405594e-01	3.501178e-03	2.938285e-04	0.000000e+00	1.768599e-03	0.000000e+00	0.000000e+00	0.000000e+00	2.955152e-03	0.000000e+00	4.673437e-04	1.978852e-03	5.321375e-05	0.000000e+00	3.385665e-03	4.275470e-04	0.000000e+00	0.000000e+00	3.905282e-04	0.000000e+00	1.430659e-03	0.000000e+00	0.000000e+00	8.214327e-04	6.646671e-04	0.000000e+00	2.068611e-03	0.000000e+00	0.000000e+00	4.205435e-03	8.405594e-01	-7.165714e-01
8.405594e-01	3.501178e-03	4.936493e-04	0.000000e+00	1.768599e-03	0.000000e+00	0.000000e+00	0.000000e+00	2.955152e-03	0.000000e+00	0.000000e+00	2.552969e-03	0.000000e+00	0.000000e+00	2.560409e-03	2.907590e-04	0.000000e+00	0.000000e+00	1.562434e-03	0.000000e+00	1.430659e-03	0.000000e+00	0.000000e+00	9.239076e-04	1.665193e-03	0.000000e+00	2.068611e-03	0.000000e+00	0.000000e+00	4.205435e-03	8.405594e-01	-7.163073e-01
8.396372e-01	0.000000e+00	0.000000e+00	1.765908e-03	1.253510e-02	0.000000e+00	7.568573e-04	0.000000e+00	0.000000e+00	1.248805e-03	2.712413e-03	1.246759e-03	3.976885e-03	1.009985e-02	3.385665e-03	4.358827e-04	0.000000e+00	0.000000e+00	6.588985e-04	0.000000e+00	3.770715e-03	0.000000e+00	0.000000e+00	5.256040e-03	0.000000e+00	0.000000e+00	3.484500e-03	0.000000e+00	1.369945e-03	3.572389e-03	8.396372e-01	-7.023525e-01
8.380831e-01	3.501178e-03	9.179261e-04	0.000000e+00	1.768599e-03	0.000000e+00	0.000000e+00	3.236928e-03	0.000000e+00	0.000000e+00	4.606520e-03	4.906786e-03	7.047339e-03	0.000000e+00	2.560409e-03	6.066166e-04	5.534934e-04	0.000000e+00	2.903283e-03	1.996018e-03	1.430659e-03	4.403725e-04	0.000000e+00	9.239076e-04	1.665193e-03	0.000000e+00	2.068611e-03	0.000000e+00	0.000000e+00	4.205435e-03	8.380831e-01	-6.878489e-01
8.369636e-01	3.931145e-05	0.000000e+00	7.373433e-05	0.000000e+00	0.000000e+00	3.537046e-03	2.147394e-03	0.000000e+00	1.604579e-04	9.346875e-04	3.595753e-03	3.917757e-03	5.051267e-03	9.713559e-05	6.351309e-04	0.000000e+00	4.578498e-04	7.810564e-04	0.000000e+00	0.000000e+00	7.045960e-04	5.052610e-03	2.335987e-03	0.000000e+00	5.702567e-04	0.000000e+00	1.326268e-03	5.510003e-04	1.067198e-03	8.369636e-01	-6.770291e-01
8.362240e-01	0.000000e+00	0.000000e+00	3.686587e-03	6.380749e-03	0.000000e+00	7.568573e-04	2.536369e-04	3.828365e-03	0.000000e+00	0.000000e+00	1.563543e-03	0.000000e+00	0.000000e+00	8.009719e-04	9.378489e-05	5.401424e-04	1.144624e-04	6.588985e-04	0.000000e+00	0.000000e+00	4.403725e-05	8.849367e-03	8.214327e-04	1.772641e-03	0.000000e+00	2.668444e-03	7.880238e-05	2.330418e-03	5.147158e-03	8.362240e-01	-6.667562e-01
8.356756e-01	0.000000e+00	0.000000e+00	1.480261e-03	2.488907e-04	0.000000e+00	3.708906e-03	1.572665e-03	0.000000e+00	0.000000e+00	1.156590e-03	6.250897e-04	4.478508e-03	1.136722e-03	1.699079e-03	6.719739e-05	1.606690e-02	6.423913e-06	0.000000e+00	0.000000e+00	3.129538e-03	2.201862e-05	1.162392e-02	1.167994e-03	0.000000e+00	2.462941e-03	0.000000e+00	9.707561e-04	2.739890e-03	4.211086e-03	8.356756e-01	-6.567219e-01
8.346796e-01	0.000000e+00	1.226964e-03	0.000000e+00	0.000000e+00	0.000000e+00	3.537046e-03	3.308062e-03	0.000000e+00	2.497611e-03	4.139176e-03	3.882812e-03	3.891151e-03	0.000000e+00	0.000000e+00	5.667369e-04	0.000000e+00	0.000000e+00	1.367009e-03	2.218718e-03	0.000000e+00	8.807450e-05	0.000000e+00	2.387225e-03	5.002628e-04	5.702567e-04	4.324447e-04	1.326268e-03	5.510003e-04	7.693388e-05	8.346796e-01	-6.479586e-01
8.337611e-01	2.051811e-03	1.226964e-03	0.000000e+00	3.179143e-03	0.000000e+00	1.600476e-03	3.308062e-03	4.412126e-04	2.497611e-03	1.866347e-03	2.609589e-03	9.780352e-03	4.374262e-03	0.000000e+00	2.740876e-04	0.000000e+00	0.000000e+00	5.757955e-04	2.218718e-03	3.055386e-03	0.000000e+00	0.000000e+00	0.000000e+00	1.694323e-03	5.963408e-04	4.324447e-04	0.000000e+00	0.000000e+00	1.055897e-03	8.337611e-01	-6.334548e-01
8.337611e-01	2.051811e-03	1.500558e-02	2.973686e-03	2.488907e-04	0.000000e+00	3.708906e-03	6.299398e-03	1.477576e-03	0.000000e+00	7.014966e-03	1.160709e-04	1.826583e-03	4.374262e-03	4.856780e-05	0.000000e+00	2.169310e-03	6.175716e-04	3.822446e-03	3.201544e-02	3.055386e-03	0.000000e+00	0.000000e+00	1.361340e-07	4.344752e-03	1.995898e-03	0.000000e+00	1.500175e-04	3.663092e-03	1.788391e-03	8.337611e-01	-6.239363e-01
8.329550e-01	3.077716e-03	2.799630e-03	5.849035e-03	7.947858e-04	0.000000e+00	4.003391e-03	9.274568e-03	0.000000e+00	1.140900e-02	1.319695e-03	3.004105e-03	1.915695e-03	0.000000e+00	0.000000e+00	0.000000e+00	5.521980e-05	1.610723e-04	2.992430e-03	2.889711e-04	1.885358e-03	0.000000e+00	2.278054e-03	2.054943e-04	8.670571e-04	1.815218e-04	3.393700e-03	0.000000e+00	0.000000e+00	0.000000e+00	8.329550e-01	-6.195813e-01
8.329550e-01	3.077716e-03	2.799630e-03	5.849035e-03	7.947858e-04	0.000000e+00	4.003391e-03	9.274568e-03	0.000000e+00	1.140900e-02	1.319695e-03	3.004105e-03	1.915695e-03	0.000000e+00	0.000000e+00	0.000000e+00	5.521980e-05	1.610723e-04	2.992430e-03	2.889711e-04	1.885358e-03	0.000000e+00	2.278054e-03	2.054943e-04	8.670571e-04	1.815218e-04	3.393700e-03	0.000000e+00	0.000000e+00	0.000000e+00	8.329550e-01	-6.195813e-01
8.310801e-01	1.573887e-03	1.399815e-03	2.019465e-05	7.947858e-04	0.000000e+00	0.000000e+00	3.343268e-03	0.000000e+00	5.704501e-03	7.744012e-04	1.104434e-03	0.000000e+00	9.046567e-04	0.000000e+00	2.971108e-05	1.399131e-03	1.074837e-03	3.289894e-03	0.000000e+00	9.426788e-04	0.000000e+00	1.518703e-03	4.104441e-04	2.664655e-03	8.660320e-04	1.763450e-03	0.000000e+00	2.344238e-03	1.856636e-04	8.310801e-01	-5.947455e-01
8.301565e-01	2.226928e-03	6.180766e-04	1.924795e-03	1.589572e-03	0.000000e+00	7.133839e-05	2.289662e-03	0.000000e+00	3.104464e-03	0.000000e+00	2.134464e-03	3.192825e-03	4.019139e-04	0.000000e+00	1.667549e-04	5.894468e-04	6.488152e-04	3.236329e-03	4.454004e-04	0.000000e+00	0.000000e+00	7.593513e-04	2.049498e-04	2.001051e-03	0.000000e+00	4.861081e-04	2.600605e-03	1.127125e-02	0.000000e+00	8.301565e-01	-5.783612e-01
8.292052e-01	0.000000e+00	0.000000e+00	2.019465e-05	0.000000e+00	0.000000e+00	2.009280e-03	3.343268e-03	3.185769e-04	0.000000e+00	7.744012e-04	1.380038e-03	2.979970e-03	1.809313e-03	0.000000e+00	5.864227e-05	1.657901e-03	0.000000e+00	3.587357e-03	0.000000e+00	0.000000e+00	0.000000e+00	7.593513e-04	4.109886e-04	0.000000e+00	8.660320e-04	5.085010e-04	0.000000e+00	0.000000e+00	3.713273e-04	8.292052e-01	-5.655406e-01
8.286301e-01	1.365863e-03	0.000000e+00	1.527216e-03	1.589572e-03	0.000000e+00	4.519341e-04	2.095100e-03	1.592885e-04	1.552232e-03	0.000000e+00	4.348870e-03	0.000000e+00	5.683608e-04	0.000000e+00	3.359869e-05	7.682742e-04	8.523364e-04	1.618164e-03	0.000000e+00	0.000000e+00	0.000000e+00	3.037405e-03	5.153429e-03	1.000526e-03	1.907576e-03	7.515550e-04	1.379590e-03	5.635627e-03	1.856636e-04	8.286301e-01	-5.529930e-01
8.279098e-01	3.582513e-03	4.404448e-04	0.000000e+00	5.285724e-03	0.000000e+00	3.186031e-03	1.572665e-03	3.185769e-04	0.000000e+00	7.022187e-03	3.001006e-03	1.267838e-03	1.136722e-03	0.000000e+00	0.000000e+00	1.289972e-03	6.423913e-06	0.000000e+00	0.000000e+00	0.000000e+00	2.419316e-03	1.162392e-02	1.361340e-07	0.000000e+00	8.660320e-04	0.000000e+00	1.585743e-04	0.000000e+00	3.713273e-04	8.279098e-01	-5.389251e-01
8.270215e-01	0.000000e+00	1.226964e-03	0.000000e+00	3.179143e-03	0.000000e+00	1.600476e-03	4.878771e-03	0.000000e+00	0.000000e+00	0.000000e+00	2.609589e-03	2.979970e-03	0.000000e+00	0.000000e+00	2.932113e-05	1.657901e-03	1.083889e-03	4.877963e-04	0.000000e+00	8.155412e-04	0.000000e+00	0.000000e+00	4.109886e-04	4.202490e-03	1.445254e-03	6.842864e-04	0.000000e+00	0.000000e+00	1.915117e-04	8.270215e-01	-5.254760e-01
8.261132e-01	0.000000e+00	4.031933e-04	0.000000e+00	0.000000e+00	0.000000e+00	1.216913e-03	1.908795e-03	0.000000e+00	1.387924e-04	5.098627e-03	3.312091e-03	3.192825e-03	4.238779e-03	9.713559e-05	5.864227e-05	1.491383e-03	3.457233e-04	3.622766e-03	4.454004e-04	0.000000e+00	0.000000e+00	0.000000e+00	0.000000e+00	1.696444e-04	2.281027e-03	7.684353e-04	8.131513e-04	2.739890e-03	1.739676e-04	8.261132e-01	-5.076090e-01
8.255242e-01	1.573887e-03	2.442006e-05	2.019465e-05	7.947858e-04	0.000000e+00	9.413395e-04	3.343268e-03	0.000000e+00	0.000000e+00	7.744012e-04	1.104434e-03	2.979970e-03	1.067498e-02	0.000000e+00	2.971108e-05	1.399131e-03	1.074837e-03	3.587357e-03	0.000000e+00	0.000000e+00	0.000000e+00	0.000000e+00	4.104441e-04	2.664655e-03	8.660320e-04	1.763450e-03	3.750326e-03	2.344238e-03	1.383868e-03	8.255242e-01	-4.948026e-01
8.252200e-01	3.077716e-03	3.753887e-04	5.849035e-03	0.000000e+00	0.000000e+00	2.760543e-03	7.789580e-03	0.000000e+00	1.147840e-02	3.938554e-04	0.000000e+00	4.257100e-04	2.119390e-03	6.164232e-04	1.466057e-05	0.000000e+00	1.420269e-03	4.559916e-03	5.116713e-04	1.477587e-03	0.000000e+00	2.278054e-03	0.000000e+00	0.000000e+00	5.994080e-04	0.000000e+00	4.065757e-04	0.000000e+00	0.000000e+00	8.252200e-01	-4.881132e-01
8.241647e-01	1.538858e-03	0.000000e+00	7.376251e-03	7.804141e-03	0.000000e+00	3.670088e-03	3.879369e-03	0.000000e+00	0.000000e+00	3.694712e-03	3.026335e-03	0.000000e+00	0.000000e+00	7.978484e-04	4.277560e-06	7.504096e-03	1.114695e-04	0.000000e+00	0.000000e+00	0.000000e+00	0.000000e+00	7.593513e-04	4.109886e-04	8.062385e-03	1.287519e-04	4.580910e-03	0.000000e+00	2.434136e-03	3.713273e-04	8.241647e-01	-4.655643e-01
6.516944e-01	0.000000e+00	6.281392e-04	0.000000e+00	0.000000e+00	0.000000e+00	0.000000e+00	8.609693e-05	0.000000e+00	0.000000e+00	1.181566e-03	1.115308e-03	1.334989e-03	0.000000e+00	7.285169e-05	1.879169e-05	1.118537e-03	1.028556e-03	1.811383e-03	2.227002e-04	0.000000e+00	0.000000e+00	0.000000e+00	1.361340e-07	1.648917e-03	0.000000e+00	1.299671e-04	1.585743e-04	0.000000e+00	0.000000e+00	6.516944e-01	-4.560924e-01
6.516944e-01	0.000000e+00	6.281392e-04	0.000000e+00	0.000000e+00	0.000000e+00	0.000000e+00	8.609693e-05	0.000000e+00	0.000000e+00	1.181566e-03	1.115308e-03	1.334989e-03	0.000000e+00	7.285169e-05	1.879169e-05	1.118537e-03	1.028556e-03	1.811383e-03	2.227002e-04	0.000000e+00	0.000000e+00	0.000000e+00	1.361340e-07	1.648917e-03	0.000000e+00	1.299671e-04	1.585743e-04	0.000000e+00	0.000000e+00	6.516944e-01	-4.560924e-01
6.516944e-01	0.000000e+00	6.281392e-04	0.000000e+00	0.000000e+00	0.000000e+00	0.000000e+00	8.609693e-05	0.000000e+00	0.000000e+00	1.181566e-03	1.115308e-03	1.334989e-03	0.000000e+00	7.285169e-05	1.879169e-05	1.118537e-03	1.028556e-03	1.811383e-03	2.227002e-04	0.000000e+00	0.000000e+00	0.000000e+00	1.361340e-07	1.648917e-03	0.000000e+00	1.299671e-04	1.585743e-04	0.000000e+00	0.000000e+00	6.516944e-01	-4.560924e-01
6.516944e-01	0.000000e+00	6.281392e-04	0.000000e+00	0.000000e+00	0.000000e+00	0.000000e+00	8.609693e-05	0.000000e+00	0.000000e+00	1.181566e-03	1.115308e-03	1.334989e-03	0.000000e+00	7.285169e-05	1.879169e-05	1.118537e-03	1.028556e-03	1.811383e-03	2.227002e-04	0.000000e+00	0.000000e+00	0.000000e+00	1.361340e-07	1.648917e-03	0.000000e+00	1.299671e-04	1.585743e-04	0.000000e+00	0.000000e+00	6.516944e-01	-4.560924e-01
6.516944e-01	0.000000e+00	6.281392e-04	0.000000e+00	0.000000e+00	0.000000e+00	0.000000e+00	8.609693e-05	0.000000e+00	0.000000e+00	1.181566e-03	1.115308e-03	1.334989e-03	0.000000e+00	7.285169e-05	1.879169e-05	1.118537e-03	1.028556e-03	1.811383e-03	2.227002e-04	0.000000e+00	0.000000e+00	0.000000e+00	1.361340e-07	1.648917e-03	0.000000e+00	1.299671e-04	1.585743e-04	0.000000e+00	0.000000e+00	6.516944e-01	-4.560924e-01
6.479486e-01	7.519231e-04	4.536752e-04	9.730166e-04	0.000000e+00	0.000000e+00	0.000000e+00	4.304846e-05	3.631643e-04	6.047361e-04	5.907831e-04	6.322946e-04	3.135020e-03	5.285928e-03	4.856780e-05	1.687351e-05	7.001103e-04	1.074910e-03	2.375643e-03	5.027455e-04	6.685424e-04	0.000000e+00	1.791715e-06	2.722680e-06	3.991992e-04	0.000000e+00	6.498357e-05	4.462192e-04	2.159754e-05	0.000000e+00	6.479486e-01	-4.480000e-01
6.447205e-01	2.006713e-04	1.717001e-04	0.000000e+00	0.000000e+00	0.000000e+00	0.000000e+00	0.000000e+00	7.263286e-04	4.271572e-04	1.009254e-03	2.971156e-05	7.358101e-04	2.444846e-03	3.794359e-06	0.000000e+00	0.000000e+00	0.000000e+00	3.058921e-03	4.494227e-04	0.000000e+00	0.000000e+00	0.000000e+00	1.327306e-06	1.490876e-04	0.000000e+00	0.000000e+00	0.000000e+00	7.127109e-05	9.283182e-05	6.447205e-01	-4.370388e-01
6.442305e-01	0.000000e+00	0.000000e+00	0.000000e+00	0.000000e+00	0.000000e+00	5.367836e-03	5.760925e-04	2.731082e-02	5.143989e-04	0.000000e+00	1.542322e-03	0.000000e+00	3.287642e-04	2.478756e-02	0.000000e+00	1.050210e-03	8.262028e-04	1.509147e-03	1.798010e-04	0.000000e+00	0.000000e+00	1.433372e-05	6.806699e-08	0.000000e+00	1.174317e-03	2.542505e-04	0.000000e+00	2.702078e-05	0.000000e+00	6.442305e-01	-4.241128e-01
6.400714e-01	4.973127e-06	0.000000e+00	4.865083e-04	0.000000e+00	0.000000e+00	2.341825e-03	8.745902e-04	8.760865e-04	1.194270e-03	1.378494e-03	0.000000e+00	0.000000e+00	2.905300e-03	0.000000e+00	1.059454e-04	2.008481e-03	0.000000e+00	3.824179e-03	8.573722e-05	2.902854e-04	0.000000e+00	0.000000e+00	1.293273e-06	0.000000e+00	0.000000e+00	0.000000e+00	1.174183e-03	1.832862e-05	4.735027e-03	6.400714e-01	-4.050730e-01
6.386937e-01	2.625740e-05	3.113057e-04	0.000000e+00	0.000000e+00	0.000000e+00	0.000000e+00	1.285530e-04	7.263286e-04	9.415561e-04	6.892469e-04	2.839976e-04	0.000000e+00	2.710026e-03	3.035487e-06	5.466668e-05	7.088540e-05	5.606324e-04	2.325723e-03	3.937985e-04	0.000000e+00	0.000000e+00	0.000000e+00	0.000000e+00	5.261664e-04	7.576693e-04	2.542505e-04	2.399810e-04	1.014344e-05	0.000000e+00	6.386937e-01	-3.959549e-01
6.368209e-01	0.000000e+00	8.026032e-04	0.000000e+00	0.000000e+00	0.000000e+00	0.000000e+00	9.751732e-04	1.592885e-04	0.000000e+00	8.861746e-04	6.900190e-04	5.329437e-04	0.000000e+00	1.214195e-05	0.000000e+00	2.008481e-03	9.822016e-04	2.717075e-03	3.340503e-04	1.671356e-04	0.000000e+00	0.000000e+00	0.000000e+00	1.691329e-03	2.434619e-03	1.949507e-04	4.789022e-04	2.711625e-06	0.000000e+00	6.368209e-01	-3.782103e-01
6.368209e-01	0.000000e+00	8.026032e-04	0.000000e+00	0.000000e+00	0.000000e+00	0.000000e+00	9.751732e-04	1.592885e-04	0.000000e+00	8.861746e-04	6.900190e-04	5.329437e-04	0.000000e+00	1.214195e-05	0.000000e+00	2.008481e-03	9.822016e-04	2.717075e-03	3.340503e-04	1.671356e-04	0.000000e+00	0.000000e+00	0.000000e+00	1.691329e-03	2.434619e-03	1.949507e-04	4.789022e-04	2.711625e-06	0.000000e+00	6.368209e-01	-3.782103e-01
6.334008e-01	0.000000e+00	2.792112e-04	0.000000e+00	4.306992e-03	0.000000e+00	0.000000e+00	0.000000e+00	0.000000e+00	1.209472e-03	0.000000e+00	1.492814e-04	0.000000e+00	5.303606e-04	2.428390e-05	1.879169e-05	0.000000e+00	1.121265e-03	0.000000e+00	0.000000e+00	0.000000e+00	0.000000e+00	3.583430e-06	0.000000e+00	1.564095e-03	0.000000e+00	0.000000e+00	7.338642e-04	4.319507e-05	0.000000e+00	6.334008e-01	-3.432099e-01
6.326550e-01	0.000000e+00	7.677448e-04	0.000000e+00	0.000000e+00	0.000000e+00	0.000000e+00	9.751732e-04	1.592885e-04	3.475366e-04	2.815105e-02	6.900190e-04	5.329437e-04	5.121546e-03	0.000000e+00	0.000000e+00	6.701523e-04	9.822016e-04	1.445157e-03	5.241951e-04	6.685424e-04	0.000000e+00	2.516933e-06	2.756713e-06	1.691329e-03	0.000000e+00	2.841887e-06	4.789022e-04	7.114467e-06	0.000000e+00	6.326550e-01	-3.283299e-01
6.309247e-01	2.920824e-04	1.770396e-04	0.000000e+00	0.000000e+00	0.000000e+00	1.460582e-03	2.373069e-03	0.000000e+00	2.707573e-04	8.861746e-04	0.000000e+00	5.632369e-04	0.000000e+00	4.553231e-06	4.997356e-05	1.381003e-04	1.814682e-03	1.787078e-02	0.000000e+00	2.924873e-04	0.000000e+00	1.510160e-05	1.973943e-06	1.653584e-03	1.618895e-04	0.000000e+00	0.000000e+00	6.027302e-06	4.714743e-03	6.309247e-01	-3.091555e-01
6.290757e-01	0.000000e+00	1.908770e-04	0.000000e+00	0.000000e+00	0.000000e+00	4.352964e-03	1.192754e-03	0.000000e+00	1.028798e-03	2.461596e-04	8.714658e-04	0.000000e+00	0.000000e+00	1.517744e-06	2.750955e-04	9.818825e-04	2.227784e-03	1.611388e-03	0.000000e+00	0.000000e+00	0.000000e+00	0.000000e+00	0.000000e+00	7.541577e-04	2.310267e-03	0.000000e+00	1.174183e-03	4.953682e-06	0.000000e+00	6.290757e-01	-2.878971e-01
6.276709e-01	0.000000e+00	0.000000e+00	1.276709e-03	5.311323e-04	0.000000e+00	0.000000e+00	1.601290e-03	0.000000e+00	1.317608e-03	0.000000e+00	0.000000e+00	2.816184e-04	0.000000e+00	0.000000e+00	4.813046e-05	2.008481e-03	0.000000e+00	3.761859e-03	4.983296e-04	3.342712e-04	0.000000e+00	1.006773e-05	7.199270e-04	0.000000e+00	0.000000e+00	0.000000e+00	1.086875e-03	1.832862e-05	1.321167e-03	6.276709e-01	-2.689451e-01
6.267141e-01	6.056036e-04	1.180264e-04	0.000000e+00	0.000000e+00	0.000000e+00	0.000000e+00	1.412793e-03	0.000000e+00	1.353787e-04	8.861746e-04	3.450095e-04	6.535575e-05	0.000000e+00	6.829846e-06	9.444803e-05	1.696751e-03	1.959074e-03	3.159257e-03	2.701072e-04	2.715954e-04	0.000000e+00	1.006773e-05	1.667641e-06	1.887235e-05	1.974840e-03	9.747535e-05	4.933532e-04	2.697176e-05	2.461715e-03	6.267141e-01	-2.549930e-01
6.250860e-01	0.000000e+00	1.338858e-04	0.000000e+00	0.000000e+00	0.000000e+00	1.012275e-02	3.519341e-04	9.557308e-04	1.523672e-03	1.378494e-03	1.823019e-04	0.000000e+00	2.098684e-04	0.000000e+00	1.669738e-04	1.326385e-03	1.121265e-03	2.779048e-03	1.318413e-04	3.738532e-04	0.000000e+00	0.000000e+00	0.000000e+00	1.235670e-03	5.146957e-04	0.000000e+00	2.348365e-03	1.009358e-04	0.000000e+00	6.250860e-01	-2.291292e-01
6.237660e-01	6.056036e-04	1.180264e-04	0.000000e+00	0.000000e+00	0.000000e+00	0.000000e+00	2.111741e-03	0.000000e+00	2.707573e-04	8.861746e-04	0.000000e+00	6.535575e-05	0.000000e+00	3.035487e-06	9.444803e-05	7.615607e-04	2.375315e-03	3.159257e-03	1.030820e-04	3.342712e-04	0.000000e+00	1.006773e-05	2.654613e-06	0.000000e+00	8.384748e-04	0.000000e+00	2.539021e-04	2.697176e-05	2.461715e-03	6.237660e-01	-2.107098e-01
6.237660e-01	2.895958e-04	7.264443e-02	3.612174e-03	0.000000e+00	0.000000e+00	1.650303e-03	2.111741e-03	0.000000e+00	1.904720e-04	8.861746e-04	0.000000e+00	5.959147e-04	0.000000e+00	3.035487e-06	9.444803e-05	7.615607e-04	2.375315e-03	1.734822e-02	1.030820e-04	3.342712e-04	0.000000e+00	1.006773e-05	1.327306e-06	1.052693e-03	4.192374e-04	0.000000e+00	1.269511e-04	4.733088e-05	1.230858e-03	6.237660e-01	-1.934415e-01
6.211043e-01	6.782755e-05	1.973767e-04	0.000000e+00	0.000000e+00	0.000000e+00	7.196884e-05	0.000000e+00	0.000000e+00	2.539627e-04	0.000000e+00	9.540129e-05	5.632369e-04	0.000000e+00	3.035487e-06	9.810402e-05	4.177346e-04	1.214703e-03	0.000000e+00	4.644578e-05	0.000000e+00	0.000000e+00	2.013546e-05	0.000000e+00	1.564095e-03	1.131049e-03	0.000000e+00	0.000000e+00	3.740030e-05	0.000000e+00	6.211043e-01	-1.692998e-01
6.199107e-01	4.239225e-04	9.768934e-05	1.714801e-04	0.000000e+00	0.000000e+00	0.000000e+00	1.412793e-03	0.000000e+00	5.395663e-04	8.861746e-04	1.157402e-03	5.502556e-04	0.000000e+00	6.829846e-06	1.857697e-04	1.740096e-03	0.000000e+00	0.000000e+00	0.000000e+00	3.342712e-04	0.000000e+00	0.000000e+00	1.667641e-06	1.887235e-05	4.092598e-03	0.000000e+00	4.933532e-04	1.762169e-05	2.461715e-03	6.199107e-01	-1.475626e-01
4.540699e-01	4.844829e-04	4.067417e-05	0.000000e+00	0.000000e+00	0.000000e+00	0.000000e+00	0.000000e+00	0.000000e+00	2.539627e-04	0.000000e+00	5.536963e-04	0.000000e+00	0.000000e+00	0.000000e+00	1.163839e-04	7.615607e-04	0.000000e+00	0.000000e+00	7.954020e-05	0.000000e+00	0.000000e+00	9.385173e-06	0.000000e+00	0.000000e+00	0.000000e+00	0.000000e+00	0.000000e+00	1.870015e-05	0.000000e+00	4.540699e-01	-1.237333e-01
4.540699e-01	4.844829e-04	4.067417e-05	0.000000e+00	0.000000e+00	0.000000e+00	0.000000e+00	0.000000e+00	0.000000e+00	2.539627e-04	0.000000e+00	5.536963e-04	0.000000e+00	0.000000e+00	0.000000e+00	1.163839e-04	7.615607e-04	0.000000e+00	0.000000e+00	7.954020e-05	0.000000e+00	0.000000e+00	9.385173e-06	0.000000e+00	0.000000e+00	0.000000e+00	0.000000e+00	0.000000e+00	1.870015e-05	0.000000e+00	4.540699e-01	-1.237333e-01
4.540699e-01	4.844829e-04	4.067417e-05	0.000000e+00	0.000000e+00	0.000000e+00	0.000000e+00	0.000000e+00	0.000000e+00	2.539627e-04	0.000000e+00	5.536963e-04	0.000000e+00	0.000000e+00	0.000000e+00	1.163839e-04	7.615607e-04	0.000000e+00	0.000000e+00	7.954020e-05	0.000000e+00	0.000000e+00	9.385173e-06	0.000000e+00	0.000000e+00	0.000000e+00	0.000000e+00	0.000000e+00	1.870015e-05	0.000000e+00	4.540699e-01	-1.237333e-01
4.540699e-01	4.844829e-04	4.067417e-05	0.000000e+00	0.000000e+00	0.000000e+00	0.000000e+00	0.000000e+00	0.000000e+00	2.539627e-04	0.000000e+00	5.536963e-04	0.000000e+00	0.000000e+00	0.000000e+00	1.163839e-04	7.615607e-04	0.000000e+00	0.000000e+00	7.954020e-05	0.000000e+00	0.000000e+00	9.385173e-06	0.000000e+00	0.000000e+00	0.000000e+00	0.000000e+00	0.000000e+00	1.870015e-05	0.000000e+00	4.540699e-01	-1.237333e-01
4.540699e-01	4.844829e-04	4.067417e-05	0.000000e+00	0.000000e+00	0.000000e+00	0.000000e+00	0.000000e+00	0.000000e+00	2.539627e-04	0.000000e+00	5.536963e-04	0.000000e+00	0.000000e+00	0.000000e+00	1.163839e-04	7.615607e-04	0.000000e+00	0.000000e+00	7.954020e-05	0.000000e+00	0.000000e+00	9.385173e-06	0.000000e+00	0.000000e+00	0.000000e+00	0.000000e+00	0.000000e+00	1.870015e-05	0.000000e+00	4.540699e-01	-1.237333e-01
4.540699e-01	4.844829e-04	4.067417e-05	0.000000e+00	0.000000e+00	0.000000e+00	0.000000e+00	0.000000e+00	0.000000e+00	2.539627e-04	0.000000e+00	5.536963e-04	0.000000e+00	0.000000e+00	0.000000e+00	1.163839e-04	7.615607e-04	0.000000e+00	0.000000e+00	7.954020e-05	0.000000e+00	0.000000e+00	9.385173e-06	0.000000e+00	0.000000e+00	0.000000e+00	0.000000e+00	0.000000e+00	1.870015e-05	0.000000e+00	4.540699e-01	-1.237333e-01
4.540699e-01	4.844829e-04	4.067417e-05	0.000000e+00	0.000000e+00	0.000000e+00	0.000000e+00	0.000000e+00	0.000000e+00	2.539627e-04	0.000000e+00	5.536963e-04	0.000000e+00	0.000000e+00	0.000000e+00	1.163839e-04	7.615607e-04	0.000000e+00	0.000000e+00	7.954020e-05	0.000000e+00	0.000000e+00	9.385173e-06	0.000000e+00	0.000000e+00	0.000000e+00	0.000000e+00	0.000000e+00	1.870015e-05	0.000000e+00	4.540699e-01	-1.237333e-01
4.540699e-01	4.844829e-04	4.067417e-05	0.000000e+00	0.000000e+00	0.000000e+00	0.000000e+00	0.000000e+00	0.000000e+00	2.539627e-04	0.000000e+00	5.536963e-04	0.000000e+00	0.000000e+00	0.000000e+00	1.163839e-04	7.615607e-04	0.000000e+00	0.000000e+00	7.954020e-05	0.000000e+00	0.000000e+00	9.385173e-06	0.000000e+00	0.000000e+00	0.000000e+00	0.000000e+00	0.000000e+00	1.870015e-05	0.000000e+00	4.540699e-01	-1.237333e-01
4.470061e-01	1.211207e-04	0.000000e+00	0.000000e+00	0.000000e+00	0.000000e+00	0.000000e+00	0.000000e+00	6.747800e-05	1.062338e-03	0.000000e+00	5.733149e-04	9.697997e-04	0.000000e+00	0.000000e+00	9.061913e-05	8.482495e-04	0.000000e+00	0.000000e+00	1.126346e-04	0.000000e+00	0.000000e+00	1.023837e-05	0.000000e+00	0.000000e+00	4.235516e-03	0.000000e+00	0.000000e+00	0.000000e+00	0.000000e+00	4.470061e-01	-1.119434e-01
4.420315e-01	9.084054e-04	0.000000e+00	0.000000e+00	9.013186e-05	0.000000e+00	7.196884e-05	0.000000e+00	0.000000e+00	7.505525e-04	1.944224e-03	3.010678e-04	3.186987e-04	0.000000e+00	0.000000e+00	3.802066e-04	8.316536e-04	0.000000e+00	0.000000e+00	2.322289e-05	0.000000e+00	0.000000e+00	2.730232e-06	0.000000e+00	0.000000e+00	2.117758e-03	0.000000e+00	0.000000e+00	1.112803e-03	0.000000e+00	4.420315e-01	-9.127239e-02
4.388447e-01	1.077229e-03	0.000000e+00	0.000000e+00	0.000000e+00	0.000000e+00	2.518909e-04	0.000000e+00	0.000000e+00	7.505525e-04	0.000000e+00	9.835154e-04	3.186987e-04	0.000000e+00	0.000000e+00	0.000000e+00	9.396979e-04	0.000000e+00	0.000000e+00	8.447596e-05	0.000000e+00	0.000000e+00	2.022078e-05	0.000000e+00	0.000000e+00	0.000000e+00	0.000000e+00	0.000000e+00	1.201817e-03	0.000000e+00	4.388447e-01	-7.345538e-02
4.344266e-01	0.000000e+00	0.000000e+00	0.000000e+00	0.000000e+00	0.000000e+00	0.000000e+00	0.000000e+00	0.000000e+00	1.374124e-03	0.000000e+00	6.021355e-04	8.995243e-05	0.000000e+00	0.000000e+00	0.000000e+00	3.807804e-04	0.000000e+00	0.000000e+00	1.068289e-04	0.000000e+00	0.000000e+00	1.160349e-05	0.000000e+00	0.000000e+00	5.066536e-04	0.000000e+00	0.000000e+00	0.000000e+00	0.000000e+00	4.344266e-01	-4.193252e-02
4.328527e-01	4.844829e-04	4.067417e-05	0.000000e+00	0.000000e+00	0.000000e+00	0.000000e+00	0.000000e+00	3.373900e-05	2.539627e-04	0.000000e+00	0.000000e+00	0.000000e+00	0.000000e+00	0.000000e+00	1.616935e-04	8.482495e-04	0.000000e+00	0.000000e+00	2.322289e-05	0.000000e+00	0.000000e+00	4.393967e-06	0.000000e+00	0.000000e+00	0.000000e+00	0.000000e+00	0.000000e+00	0.000000e+00	0.000000e+00	4.328527e-01	-2.908120e-02
4.282539e-01	0.000000e+00	2.033708e-05	6.951010e-04	4.506593e-05	0.000000e+00	0.000000e+00	0.000000e+00	1.349560e-04	1.269813e-04	0.000000e+00	1.422668e-04	0.000000e+00	0.000000e+00	0.000000e+00	5.819197e-05	8.645287e-04	0.000000e+00	0.000000e+00	2.322289e-05	0.000000e+00	0.000000e+00	2.369129e-05	1.847255e-04	0.000000e+00	0.000000e+00	0.000000e+00	0.000000e+00	7.670157e-04	0.000000e+00	4.282539e-01	1.409064e-02
4.254904e-01	9.689657e-04	4.067417e-04	0.000000e+00	0.000000e+00	0.000000e+00	2.159065e-04	0.000000e+00	0.000000e+00	1.353787e-04	0.000000e+00	9.737061e-04	0.000000e+00	0.000000e+00	0.000000e+00	1.485596e-04	9.349383e-04	0.000000e+00	0.000000e+00	0.000000e+00	0.000000e+00	0.000000e+00	1.602171e-05	0.000000e+00	0.000000e+00	1.013307e-03	0.000000e+00	0.000000e+00	1.870015e-05	0.000000e+00	4.254904e-01	4.324849e-02
4.229294e-01	2.144386e-04	4.270788e-04	1.457142e-04	0.000000e+00	0.000000e+00	0.000000e+00	0.000000e+00	0.000000e+00	0.000000e+00	0.000000e+00	9.737061e-04	0.000000e+00	0.000000e+00	0.000000e+00	0.000000e+00	9.132661e-04	9.568126e-04	0.000000e+00	6.792875e-05	0.000000e+00	0.000000e+00	1.979418e-05	1.154534e-04	0.000000e+00	6.755382e-04	0.000000e+00	0.000000e+00	1.211167e-03	0.000000e+00	4.229294e-01	7.188443e-02
4.194023e-01	0.000000e+00	0.000000e+00	0.000000e+00	9.013186e-05	0.000000e+00	7.196884e-05	0.000000e+00	0.000000e+00	0.000000e+00	0.000000e+00	0.000000e+00	8.455002e-04	0.000000e+00	0.000000e+00	7.459555e-04	1.086744e-03	0.000000e+00	0.000000e+00	0.000000e+00	0.000000e+00	0.000000e+00	1.640795e-05	3.694509e-04	0.000000e+00	0.000000e+00	0.000000e+00	0.000000e+00	0.000000e+00	0.000000e+00	4.194023e-01	1.129597e-01
4.169268e-01	0.000000e+00	0.000000e+00	0.000000e+00	9.013186e-05	0.000000e+00	3.598442e-05	0.000000e+00	0.000000e+00	0.000000e+00	0.000000e+00	3.010678e-04	4.227501e-04	0.000000e+00	0.000000e+00	3.438818e-04	8.316536e-04	0.000000e+00	0.000000e+00	0.000000e+00	0.000000e+00	0.000000e+00	2.730232e-06	0.000000e+00	0.000000e+00	2.117758e-03	0.000000e+00	0.000000e+00	0.000000e+00	0.000000e+00	4.169268e-01	1.437651e-01
4.140178e-01	1.848954e-04	0.000000e+00	0.000000e+00	9.013186e-05	0.000000e+00	7.196884e-05	0.000000e+00	0.000000e+00	0.000000e+00	0.000000e+00	0.000000e+00	2.029640e-04	0.000000e+00	0.000000e+00	2.909599e-05	4.075289e-04	0.000000e+00	0.000000e+00	0.000000e+00	0.000000e+00	0.000000e+00	1.979418e-05	1.847255e-04	0.000000e+00	0.000000e+00	0.000000e+00	0.000000e+00	0.000000e+00	0.000000e+00	4.140178e-01	1.803196e-01
4.116356e-01	1.077229e-03	0.000000e+00	1.823386e-05	9.013186e-05	0.000000e+00	3.598442e-05	0.000000e+00	0.000000e+00	3.752762e-04	9.721119e-04	3.216212e-04	1.593493e-04	0.000000e+00	0.000000e+00	0.000000e+00	4.199758e-04	0.000000e+00	0.000000e+00	1.161144e-05	1.120005e-02	0.000000e+00	9.897092e-06	0.000000e+00	0.000000e+00	0.000000e+00	0.000000e+00	0.000000e+00	0.000000e+00	0.000000e+00	4.116356e-01	2.143682e-01
2.561460e-01	0.000000e+00	0.000000e+00	3.646772e-05	4.506593e-05	0.000000e+00	7.196884e-05	0.000000e+00	0.000000e+00	0.000000e+00	0.000000e+00	0.000000e+00	0.000000e+00	0.000000e+00	0.000000e+00	0.000000e+00	1.244690e-05	0.000000e+00	0.000000e+00	0.000000e+00	0.000000e+00	0.000000e+00	1.318682e-05	9.236273e-05	0.000000e+00	0.000000e+00	0.000000e+00	0.000000e+00	0.000000e+00	0.000000e+00	2.561460e-01	2.425681e-01
2.561460e-01	0.000000e+00	0.000000e+00	3.646772e-05	4.506593e-05	0.000000e+00	7.196884e-05	0.000000e+00	0.000000e+00	0.000000e+00	0.000000e+00	0.000000e+00	0.000000e+00	0.000000e+00	0.000000e+00	0.000000e+00	1.244690e-05	0.000000e+00	0.000000e+00	0.000000e+00	0.000000e+00	0.000000e+00	1.318682e-05	9.236273e-05	0.000000e+00	0.000000e+00	0.000000e+00	0.000000e+00	0.000000e+00	0.000000e+00	2.561460e-01	2.425681e-01
2.561460e-01	0.000000e+00	0.000000e+00	3.646772e-05	4.506593e-05	0.000000e+00	0.000000e+00	0.000000e+00	0.000000e+00	0.000000e+00	0.000000e+00	0.000000e+00	0.000000e+00	0.000000e+00	0.000000e+00	0.000000e+00	8.297934e-06	0.000000e+00	0.000000e+00	0.000000e+00	0.000000e+00	0.000000e+00	6.710253e-06	0.000000e+00	0.000000e+00	0.000000e+00	0.000000e+00	0.000000e+00	0.000000e+00	0.000000e+00	2.561460e-01	2.425275e-01
2.561460e-01	0.000000e+00	0.000000e+00	3.646772e-05	4.506593e-05	0.000000e+00	0.000000e+00	0.000000e+00	0.000000e+00	0.000000e+00	0.000000e+00	0.000000e+00	0.000000e+00	0.000000e+00	0.000000e+00	0.000000e+00	8.297934e-06	0.000000e+00	0.000000e+00	0.000000e+00	0.000000e+00	0.000000e+00	6.710253e-06	0.000000e+00	0.000000e+00	0.000000e+00	0.000000e+00	0.000000e+00	0.000000e+00	0.000000e+00	2.561460e-01	2.425275e-01
2.561460e-01	0.000000e+00	0.000000e+00	3.646772e-05	4.506593e-05	0.000000e+00	0.000000e+00	0.000000e+00	0.000000e+00	0.000000e+00	0.000000e+00	0.000000e+00	0.000000e+00	0.000000e+00	0.000000e+00	0.000000e+00	8.297934e-06	0.000000e+00	0.000000e+00	0.000000e+00	0.000000e+00	0.000000e+00	6.710253e-06	0.000000e+00	0.000000e+00	0.000000e+00	0.000000e+00	0.000000e+00	0.000000e+00	0.000000e+00	2.561460e-01	2.425275e-01
2.561460e-01	0.000000e+00	0.000000e+00	3.646772e-05	4.506593e-05	0.000000e+00	0.000000e+00	0.000000e+00	0.000000e+00	0.000000e+00	0.000000e+00	0.000000e+00	0.000000e+00	0.000000e+00	0.000000e+00	0.000000e+00	8.297934e-06	0.000000e+00	0.000000e+00	0.000000e+00	0.000000e+00	0.000000e+00	6.710253e-06	0.000000e+00	0.000000e+00	0.000000e+00	0.000000e+00	0.000000e+00	0.000000e+00	0.000000e+00	2.561460e-01	2.425275e-01
2.561460e-01	0.000000e+00	0.000000e+00	3.646772e-05	4.506593e-05	0.000000e+00	0.000000e+00	0.000000e+00	0.000000e+00	0.000000e+00	0.000000e+00	0.000000e+00	0.000000e+00	0.000000e+00	0.000000e+00	0.000000e+00	8.297934e-06	0.000000e+00	0.000000e+00	0.000000e+00	0.000000e+00	0.000000e+00	6.710253e-06	0.000000e+00	0.000000e+00	0.000000e+00	0.000000e+00	0.000000e+00	0.000000e+00	0.000000e+00	2.561460e-01	2.425275e-01
2.561460e-01	0.000000e+00	0.000000e+00	3.646772e-05	4.506593e-05	0.000000e+00	0.000000e+00	0.000000e+00	0.000000e+00	0.000000e+00	0.000000e+00	0.000000e+00	0.000000e+00	0.000000e+00	0.000000e+00	0.000000e+00	8.297934e-06	0.000000e+00	0.000000e+00	0.000000e+00	0.000000e+00	0.000000e+00	6.710253e-06	0.000000e+00	0.000000e+00	0.000000e+00	0.000000e+00	0.000000e+00	0.000000e+00	0.000000e+00	2.561460e-01	2.425275e-01
2.561460e-01	0.000000e+00	0.000000e+00	3.646772e-05	4.506593e-05	0.000000e+00	0.000000e+00	0.000000e+00	0.000000e+00	0.000000e+00	0.000000e+00	0.000000e+00	0.000000e+00	0.000000e+00	0.000000e+00	0.000000e+00	8.297934e-06	0.000000e+00	0.000000e+00	0.000000e+00	0.000000e+00	0.000000e+00	6.710253e-06	0.000000e+00	0.000000e+00	0.000000e+00	0.000000e+00	0.000000e+00	0.000000e+00	0.000000e+00	2.561460e-01	2.425275e-01
2.453768e-01	1.858612e-04	0.000000e+00	7.293545e-05	5.633242e-05	0.000000e+00	0.000000e+00	0.000000e+00	0.000000e+00	0.000000e+00	0.000000e+00	0.000000e+00	1.541665e-04	0.000000e+00	0.000000e+00	0.000000e+00	1.358430e-03	0.000000e+00	0.000000e+00	0.000000e+00	0.000000e+00	0.000000e+00	6.710253e-06	5.541764e-04	0.000000e+00	0.000000e+00	0.000000e+00	0.000000e+00	0.000000e+00	0.000000e+00	2.453768e-01	2.624092e-01
2.378493e-01	8.477501e-05	0.000000e+00	3.394125e-04	4.506593e-05	0.000000e+00	0.000000e+00	0.000000e+00	0.000000e+00	0.000000e+00	0.000000e+00	8.871199e-06	0.000000e+00	0.000000e+00	3.360838e-05	0.000000e+00	0.000000e+00	9.353813e-06	0.000000e+00	0.000000e+00	0.000000e+00	0.000000e+00	1.135678e-05	0.000000e+00	0.000000e+00	0.000000e+00	0.000000e+00	0.000000e+00	0.000000e+00	0.000000e+00	2.378493e-01	2.916974e-01
2.294428e-01	0.000000e+00	0.000000e+00	2.170370e-04	1.802637e-04	0.000000e+00	0.000000e+00	0.000000e+00	0.000000e+00	0.000000e+00	0.000000e+00	0.000000e+00	0.000000e+00	0.000000e+00	0.000000e+00	0.000000e+00	0.000000e+00	4.676907e-06	0.000000e+00	0.000000e+00	0.000000e+00	0.000000e+00	1.063010e-05	0.000000e+00	0.000000e+00	0.000000e+00	0.000000e+00	0.000000e+00	0.000000e+00	0.000000e+00	2.294428e-01	3.378614e-01
2.234217e-01	1.099588e-04	0.000000e+00	1.402578e-04	3.661607e-05	0.000000e+00	0.000000e+00	0.000000e+00	0.000000e+00	0.000000e+00	0.000000e+00	8.871199e-06	0.000000e+00	0.000000e+00	0.000000e+00	0.000000e+00	0.000000e+00	9.353813e-06	0.000000e+00	0.000000e+00	0.000000e+00	0.000000e+00	1.264818e-05	0.000000e+00	0.000000e+00	0.000000e+00	0.000000e+00	0.000000e+00	0.000000e+00	0.000000e+00	2.234217e-01	3.774416e-01
2.153241e-01	0.000000e+00	0.000000e+00	3.429047e-04	0.000000e+00	0.000000e+00	0.000000e+00	0.000000e+00	0.000000e+00	0.000000e+00	0.000000e+00	0.000000e+00	0.000000e+00	0.000000e+00	0.000000e+00	0.000000e+00	8.297934e-06	0.000000e+00	0.000000e+00	0.000000e+00	0.000000e+00	0.000000e+00	6.710253e-06	0.000000e+00	0.000000e+00	0.000000e+00	0.000000e+00	0.000000e+00	0.000000e+00	0.000000e+00	2.153241e-01	4.363515e-01
2.082017e-01	4.886307e-04	0.000000e+00	7.293545e-05	0.000000e+00	0.000000e+00	0.000000e+00	0.000000e+00	0.000000e+00	0.000000e+00	1.772261e-03	1.478533e-06	1.929058e-04	0.000000e+00	2.688670e-04	8.684333e-04	2.716859e-04	0.000000e+00	0.000000e+00	0.000000e+00	0.000000e+00	0.000000e+00	8.163616e-06	1.477804e-03	0.000000e+00	0.000000e+00	0.000000e+00	0.000000e+00	0.000000e+00	0.000000e+00	2.082017e-01	4.919538e-01
1.996858e-01	4.057788e-04	0.000000e+00	2.805155e-04	3.943269e-05	0.000000e+00	0.000000e+00	0.000000e+00	0.000000e+00	0.000000e+00	0.000000e+00	8.871199e-06	0.000000e+00	0.000000e+00	6.721675e-05	0.000000e+00	0.000000e+00	1.870763e-05	0.000000e+00	0.000000e+00	0.000000e+00	0.000000e+00	1.858611e-05	3.694509e-04	0.000000e+00	0.000000e+00	0.000000e+00	0.000000e+00	0.000000e+00	0.000000e+00	1.996858e-01	5.554003e-01
1.906974e-01	3.683168e-04	0.000000e+00	1.458709e-04	9.013186e-05	0.000000e+00	0.000000e+00	0.000000e+00	0.000000e+00	0.000000e+00	0.000000e+00	7.392666e-07	0.000000e+00	0.000000e+00	2.688670e-04	0.000000e+00	4.075289e-04	9.353813e-06	0.000000e+00	0.000000e+00	0.000000e+00	0.000000e+00	1.640795e-05	3.694509e-04	0.000000e+00	0.000000e+00	0.000000e+00	0.000000e+00	0.000000e+00	0.000000e+00	1.906974e-01	6.186589e-01
8.164375e-02	0.000000e+00	0.000000e+00	3.905987e-04	3.661607e-05	0.000000e+00	0.000000e+00	0.000000e+00	0.000000e+00	0.000000e+00	0.000000e+00	0.000000e+00	0.000000e+00	0.000000e+00	3.360838e-05	0.000000e+00	0.000000e+00	9.353813e-06	0.000000e+00	0.000000e+00	0.000000e+00	0.000000e+00	1.600331e-05	3.694509e-04	0.000000e+00	0.000000e+00	0.000000e+00	0.000000e+00	0.000000e+00	0.000000e+00	8.164375e-02	6.699782e-01
8.164375e-02	0.000000e+00	0.000000e+00	3.905987e-04	3.661607e-05	0.000000e+00	0.000000e+00	0.000000e+00	0.000000e+00	0.000000e+00	0.000000e+00	0.000000e+00	0.000000e+00	0.000000e+00	3.360838e-05	0.000000e+00	0.000000e+00	9.353813e-06	0.000000e+00	0.000000e+00	0.000000e+00	0.000000e+00	1.600331e-05	3.694509e-04	0.000000e+00	0.000000e+00	0.000000e+00	0.000000e+00	0.000000e+00	0.000000e+00	8.164375e-02	6.699782e-01
8.164375e-02	0.000000e+00	0.000000e+00	3.905987e-04	3.661607e-05	0.000000e+00	0.000000e+00	0.000000e+00	0.000000e+00	0.000000e+00	0.000000e+00	0.000000e+00	0.000000e+00	0.000000e+00	3.360838e-05	0.000000e+00	0.000000e+00	9.353813e-06	0.000000e+00	0.000000e+00	0.000000e+00	0.000000e+00	1.600331e-05	3.694509e-04	0.000000e+00	0.000000e+00	0.000000e+00	0.000000e+00	0.000000e+00	0.000000e+00	8.164375e-02	6.699782e-01
8.164375e-02	0.000000e+00	0.000000e+00	3.905987e-04	3.661607e-05	0.000000e+00	0.000000e+00	0.000000e+00	0.000000e+00	0.000000e+00	0.000000e+00	0.000000e+00	0.000000e+00	0.000000e+00	3.360838e-05	0.000000e+00	0.000000e+00	9.353813e-06	0.000000e+00	0.000000e+00	0.000000e+00	0.000000e+00	1.600331e-05	3.694509e-04	0.000000e+00	0.000000e+00	0.000000e+00	0.000000e+00	0.000000e+00	0.000000e+00	8.164375e-02	6.699782e-01
8.164375e-02	0.000000e+00	0.000000e+00	3.905987e-04	3.661607e-05	0.000000e+00	0.000000e+00	0.000000e+00	0.000000e+00	0.000000e+00	0.000000e+00	0.000000e+00	0.000000e+00	0.000000e+00	3.360838e-05	0.000000e+00	0.000000e+00	9.353813e-06	0.000000e+00	0.000000e+00	0.000000e+00	0.000000e+00	1.600331e-05	3.694509e-04	0.000000e+00	0.000000e+00	0.000000e+00	0.000000e+00	0.000000e+00	0.000000e+00	8.164375e-02	6.699782e-01
8.164375e-02	0.000000e+00	0.000000e+00	3.905987e-04	3.661607e-05	0.000000e+00	0.000000e+00	0.000000e+00	0.000000e+00	0.000000e+00	0.000000e+00	0.000000e+00	0.000000e+00	0.000000e+00	3.360838e-05	0.000000e+00	0.000000e+00	9.353813e-06	0.000000e+00	0.000000e+00	0.000000e+00	0.000000e+00	1.600331e-05	3.694509e-04	0.000000e+00	0.000000e+00	0.000000e+00	0.000000e+00	0.000000e+00	0.000000e+00	8.164375e-02	6.699782e-01
7.625917e-02	1.892519e-04	0.000000e+00	0.000000e+00	0.000000e+00	0.000000e+00	0.000000e+00	0.000000e+00	0.000000e+00	0.000000e+00	1.417809e-03	1.774240e-05	0.000000e+00	0.000000e+00	2.688670e-04	7.402988e-04	0.000000e+00	1.870763e-05	0.000000e+00	0.000000e+00	0.000000e+00	0.000000e+00	1.858611e-05	1.477804e-03	0.000000e+00	0.000000e+00	0.000000e+00	0.000000e+00	0.000000e+00	0.000000e+00	7.625917e-02	6.732106e-01
6.152544e-02	2.038510e-04	0.000000e+00	0.000000e+00	6.759890e-05	0.000000e+00	0.000000e+00	0.000000e+00	0.000000e+00	0.000000e+00	0.000000e+00	0.000000e+00	0.000000e+00	0.000000e+00	0.000000e+00	0.000000e+00	0.000000e+00	5.612288e-05	0.000000e+00	0.000000e+00	0.000000e+00	0.000000e+00	2.426451e-05	0.000000e+00	0.000000e+00	0.000000e+00	0.000000e+00	0.000000e+00	0.000000e+00	0.000000e+00	6.152544e-02	6.945162e-01
4.624960e-02	4.330538e-04	0.000000e+00	3.976063e-04	6.759890e-05	0.000000e+00	1.647343e-04	0.000000e+00	0.000000e+00	0.000000e+00	0.000000e+00	0.000000e+00	1.331718e-04	0.000000e+00	0.000000e+00	1.736867e-03	7.059633e-04	9.353813e-06	0.000000e+00	0.000000e+00	0.000000e+00	0.000000e+00	1.600331e-05	0.000000e+00	0.000000e+00	0.000000e+00	0.000000e+00	0.000000e+00	0.000000e+00	0.000000e+00	4.624960e-02	7.400288e-01
3.227945e-02	0.000000e+00	0.000000e+00	2.847109e-04	2.253297e-05	0.000000e+00	2.277904e-04	0.000000e+00	0.000000e+00	0.000000e+00	0.000000e+00	8.501566e-06	1.362639e-03	1.665660e-03	0.000000e+00	1.230229e-03	0.000000e+00	0.000000e+00	0.000000e+00	0.000000e+00	0.000000e+00	0.000000e+00	1.992175e-05	0.000000e+00	0.000000e+00	0.000000e+00	0.000000e+00	0.000000e+00	0.000000e+00	0.000000e+00	3.227945e-02	7.942920e-01
1.619518e-02	2.484324e-04	0.000000e+00	0.000000e+00	2.253297e-05	0.000000e+00	3.294686e-04	0.000000e+00	0.000000e+00	0.000000e+00	1.417809e-03	5.914133e-06	1.756883e-05	0.000000e+00	2.688670e-04	1.821392e-03	3.529817e-04	0.000000e+00	0.000000e+00	0.000000e+00	0.000000e+00	0.000000e+00	3.046198e-05	0.000000e+00	0.000000e+00	0.000000e+00	0.000000e+00	0.000000e+00	0.000000e+00	0.000000e+00	1.619518e-02	8.661630e-01
0.000000e+00	5.022122e-04	0.000000e+00	2.952339e-04	6.196566e-05	0.000000e+00	0.000000e+00	0.000000e+00	0.000000e+00	0.000000e+00	0.000000e+00	1.182827e-05	0.000000e+00	0.000000e+00	0.000000e+00	4.253193e-04	0.000000e+00	7.483050e-05	0.000000e+00	0.000000e+00	0.000000e+00	0.000000e+00	0.000000e+00	1.847255e-04	0.000000e+00	0.000000e+00	0.000000e+00	0.000000e+00	0.000000e+00	0.000000e+00	0.000000e+00	1.000483e+00
