8.513010e-01	0.000000e+00	0.000000e+00	0.000000e+00	0.000000e+00	0.000000e+00	4.349273e-04	0.000000e+00	0.000000e+00	1.915371e-03	0.000000e+00	3.206807e-04	0.000000e+00	0.000000e+00	0.000000e+00	1.926579e-03	0.000000e+00	0.000000e+00	9.733171e-04	1.516462e-03	7.589343e-04	3.508374e-03	2.670613e-03	0.000000e+00	0.000000e+00	1.197734e-04	1.352354e-03	4.572035e-03	5.377507e-04	0.000000e+00	8.513010e-01	-7.698001e-01
8.498636e-01	0.000000e+00	0.000000e+00	0.000000e+00	5.120648e-03	0.000000e+00	4.349273e-04	0.000000e+00	0.000000e+00	1.915371e-03	0.000000e+00	2.184100e-03	0.000000e+00	0.000000e+00	0.000000e+00	3.854196e-03	0.000000e+00	0.000000e+00	9.733171e-04	1.437231e-03	9.978083e-03	8.770936e-04	1.589797e-03	0.000000e+00	0.000000e+00	2.592221e-04	1.287593e-03	2.779342e-03	5.377507e-04	0.000000e+00	8.498636e-01	-7.661651e-01
8.468265e-01	0.000000e+00	0.000000e+00	0.000000e+00	2.194564e-03	2.639654e-03	1.304782e-03	0.000000e+00	6.282434e-03	1.158256e-03	4.508860e-03	0.000000e+00	0.000000e+00	1.747601e-03	0.000000e+00	2.334982e-03	0.000000e+00	0.000000e+00	1.612203e-03	2.932331e-03	0.000000e+00	0.000000e+00	1.489866e-03	0.000000e+00	7.921432e-05	6.084680e-05	1.352354e-03	5.227878e-03	5.377507e-04	0.000000e+00	8.468265e-01	-7.568975e-01
8.468265e-01	0.000000e+00	0.000000e+00	0.000000e+00	2.194564e-03	2.639654e-03	1.304782e-03	0.000000e+00	6.282434e-03	1.158256e-03	4.508860e-03	0.000000e+00	0.000000e+00	1.747601e-03	0.000000e+00	2.334982e-03	0.000000e+00	0.000000e+00	1.612203e-03	2.932331e-03	0.000000e+00	0.000000e+00	1.489866e-03	0.000000e+00	7.921432e-05	6.084680e-05	1.352354e-03	5.227878e-03	5.377507e-04	0.000000e+00	8.468265e-01	-7.568975e-01
8.468265e-01	0.000000e+00	0.000000e+00	0.000000e+00	2.194564e-03	2.639654e-03	1.304782e-03	0.000000e+00	6.282434e-03	1.158256e-03	4.508860e-03	0.000000e+00	0.000000e+00	1.747601e-03	0.000000e+00	2.334982e-03	0.000000e+00	0.000000e+00	1.612203e-03	2.932331e-03	0.000000e+00	0.000000e+00	1.489866e-03	0.000000e+00	7.921432e-05	6.084680e-05	1.352354e-03	5.227878e-03	5.377507e-04	0.000000e+00	8.468265e-01	-7.568975e-01
8.468265e-01	0.000000e+00	0.000000e+00	0.000000e+00	2.194564e-03	2.639654e-03	1.304782e-03	0.000000e+00	6.282434e-03	1.158256e-03	4.508860e-03	0.000000e+00	0.000000e+00	1.747601e-03	0.000000e+00	2.334982e-03	0.000000e+00	0.000000e+00	1.612203e-03	2.932331e-03	0.000000e+00	0.000000e+00	1.489866e-03	0.000000e+00	7.921432e-05	6.084680e-05	1.352354e-03	5.227878e-03	5.377507e-04	0.000000e+00	8.468265e-01	-7.568975e-01
8.468265e-01	0.000000e+00	0.000000e+00	0.000000e+00	2.194564e-03	2.639654e-03	1.304782e-03	0.000000e+00	6.282434e-03	1.158256e-03	4.508860e-03	0.000000e+00	0.000000e+00	1.747601e-03	0.000000e+00	2.334982e-03	0.000000e+00	0.000000e+00	1.612203e-03	2.932331e-03	0.000000e+00	0.000000e+00	1.489866e-03	0.000000e+00	7.921432e-05	6.084680e-05	1.352354e-03	5.227878e-03	5.377507e-04	0.000000e+00	8.468265e-01	-7.568975e-01
8.398119e-01	7.238198e-04	5.406978e-04	1.399659e-03	0.000000e+00	0.000000e+00	2.174637e-03	0.000000e+00	2.653317e-04	2.245842e-03	3.123336e-03	2.866511e-04	0.000000e+00	4.287537e-03	0.000000e+00	1.311749e-03	0.000000e+00	0.000000e+00	4.866585e-04	1.236695e-03	4.250112e-03	2.938264e-03	1.383013e-03	0.000000e+00	0.000000e+00	2.336320e-04	6.840125e-04	1.237308e-03	0.000000e+00	1.647711e-03	8.398119e-01	-7.084423e-01
8.387618e-01	7.238198e-04	1.062155e-03	0.000000e+00	0.000000e+00	5.557550e-04	1.848441e-03	0.000000e+00	1.167637e-03	1.972762e-03	0.000000e+00	4.634156e-04	0.000000e+00	1.448531e-03	2.646222e-04	2.593178e-03	0.000000e+00	0.000000e+00	0.000000e+00	4.462443e-03	1.114074e-03	0.000000e+00	0.000000e+00	0.000000e+00	0.000000e+00	2.427783e-04	1.677427e-03	1.609669e-03	0.000000e+00	0.000000e+00	8.387618e-01	-6.992931e-01
8.378745e-01	0.000000e+00	1.069061e-03	0.000000e+00	4.389127e-03	0.000000e+00	1.848441e-03	1.428494e-03	6.353537e-03	1.426704e-03	0.000000e+00	1.580252e-04	0.000000e+00	0.000000e+00	0.000000e+00	1.264367e-03	0.000000e+00	0.000000e+00	0.000000e+00	4.157564e-03	3.756297e-04	0.000000e+00	3.043163e-03	0.000000e+00	1.584286e-04	1.477186e-04	4.897336e-05	5.138998e-03	0.000000e+00	1.180259e-03	8.378745e-01	-6.877399e-01
8.368861e-01	0.000000e+00	7.173111e-04	7.525862e-04	2.238768e-03	3.056288e-03	0.000000e+00	1.428494e-03	6.302330e-03	1.749154e-03	9.017721e-03	0.000000e+00	0.000000e+00	0.000000e+00	0.000000e+00	1.742298e-04	0.000000e+00	0.000000e+00	0.000000e+00	4.026565e-04	0.000000e+00	0.000000e+00	2.414283e-03	0.000000e+00	1.584286e-04	4.106600e-05	1.295231e-04	3.585385e-03	1.076305e-04	1.180259e-03	8.368861e-01	-6.760313e-01
8.364416e-01	7.238198e-04	7.034991e-04	0.000000e+00	1.097282e-03	1.111510e-03	1.577464e-03	0.000000e+00	2.335273e-03	1.568063e-03	2.254430e-03	0.000000e+00	0.000000e+00	1.839488e-03	2.646222e-04	3.760668e-03	0.000000e+00	0.000000e+00	8.061016e-04	4.914127e-03	1.476891e-03	0.000000e+00	8.597134e-05	0.000000e+00	3.960716e-05	1.653722e-04	1.191255e-03	2.394293e-03	0.000000e+00	0.000000e+00	8.364416e-01	-6.714974e-01
8.350506e-01	0.000000e+00	1.062155e-03	0.000000e+00	0.000000e+00	0.000000e+00	3.479418e-03	0.000000e+00	2.335273e-03	1.484955e-03	0.000000e+00	3.535290e-04	0.000000e+00	1.839488e-03	2.646222e-04	2.593178e-03	0.000000e+00	0.000000e+00	0.000000e+00	4.462443e-03	1.097424e-03	0.000000e+00	1.129594e-03	0.000000e+00	0.000000e+00	5.629415e-05	1.011214e-03	1.609669e-03	0.000000e+00	0.000000e+00	8.350506e-01	-6.546037e-01
8.364416e-01	7.238198e-04	7.034991e-04	0.000000e+00	1.097282e-03	1.111510e-03	1.577464e-03	0.000000e+00	2.335273e-03	1.568063e-03	2.254430e-03	0.000000e+00	0.000000e+00	1.839488e-03	2.646222e-04	3.760668e-03	0.000000e+00	0.000000e+00	8.061016e-04	4.914127e-03	1.476891e-03	0.000000e+00	8.597134e-05	0.000000e+00	3.960716e-05	1.653722e-04	1.191255e-03	2.394293e-03	0.000000e+00	0.000000e+00	8.364416e-01	-6.714974e-01
8.340114e-01	1.809550e-04	1.016029e-03	6.107679e-04	2.984298e-03	5.024929e-03	1.953764e-03	0.000000e+00	2.010276e-03	1.625770e-03	5.731288e-03	2.540791e-03	0.000000e+00	1.658150e-03	0.000000e+00	2.744003e-03	0.000000e+00	6.325771e-04	4.031212e-03	4.187638e-03	0.000000e+00	1.403350e-03	4.173426e-04	2.251386e-03	2.071651e-05	1.585686e-04	1.488157e-03	5.317242e-04	0.000000e+00	0.000000e+00	8.340114e-01	-6.369305e-01
8.327973e-01	1.447640e-03	1.081396e-03	1.442820e-03	0.000000e+00	0.000000e+00	0.000000e+00	6.287803e-04	0.000000e+00	2.576313e-03	6.719317e-06	5.733023e-04	0.000000e+00	1.837731e-04	0.000000e+00	3.608732e-04	0.000000e+00	4.631855e-04	0.000000e+00	1.079894e-03	1.595191e-03	4.122340e-03	3.857064e-04	1.035638e-03	0.000000e+00	3.201844e-04	2.163599e-03	0.000000e+00	0.000000e+00	1.261433e-04	8.327973e-01	-6.233760e-01
8.327973e-01	1.447640e-03	1.081396e-03	1.442820e-03	0.000000e+00	0.000000e+00	0.000000e+00	6.287803e-04	0.000000e+00	2.576313e-03	6.719317e-06	5.733023e-04	0.000000e+00	1.837731e-04	0.000000e+00	3.608732e-04	0.000000e+00	4.631855e-04	0.000000e+00	1.079894e-03	1.595191e-03	4.122340e-03	3.857064e-04	1.035638e-03	0.000000e+00	3.201844e-04	2.163599e-03	0.000000e+00	0.000000e+00	1.261433e-04	8.327973e-01	-6.233760e-01
8.315962e-01	1.447640e-03	5.406978e-04	2.361081e-03	1.202666e-03	2.945577e-03	0.000000e+00	0.000000e+00	1.919738e-03	0.000000e+00	6.719317e-06	4.791447e-04	0.000000e+00	9.188656e-05	0.000000e+00	1.804366e-04	2.518309e-03	4.631855e-04	8.140051e-03	1.443296e-03	1.443365e-03	2.061170e-03	0.000000e+00	1.035638e-03	0.000000e+00	1.600922e-04	2.188298e-03	1.693728e-03	1.075457e-03	6.307167e-05	8.315962e-01	-6.026888e-01
8.309466e-01	0.000000e+00	0.000000e+00	5.352345e-02	0.000000e+00	0.000000e+00	0.000000e+00	0.000000e+00	2.232859e-03	2.212964e-03	0.000000e+00	3.747858e-05	0.000000e+00	0.000000e+00	0.000000e+00	4.129027e-04	0.000000e+00	1.100875e-03	1.292760e-03	1.501425e-03	7.256313e-04	2.806699e-03	0.000000e+00	0.000000e+00	0.000000e+00	2.826133e-04	1.352354e-03	5.684847e-04	0.000000e+00	0.000000e+00	8.309466e-01	-5.864950e-01
8.302572e-01	7.238198e-04	2.266277e-03	0.000000e+00	0.000000e+00	0.000000e+00	8.562178e-04	0.000000e+00	6.212642e-03	1.555960e-03	0.000000e+00	0.000000e+00	0.000000e+00	0.000000e+00	3.718666e-04	1.381243e-03	7.974645e-03	0.000000e+00	0.000000e+00	2.771010e-03	1.687867e-03	4.560887e-03	1.423119e-03	1.173292e-02	0.000000e+00	0.000000e+00	0.000000e+00	3.929804e-03	0.000000e+00	5.929277e-05	8.302572e-01	-5.787460e-01
8.302572e-01	7.238198e-04	2.266277e-03	0.000000e+00	0.000000e+00	0.000000e+00	8.562178e-04	0.000000e+00	6.212642e-03	1.555960e-03	0.000000e+00	0.000000e+00	0.000000e+00	0.000000e+00	3.718666e-04	1.381243e-03	7.974645e-03	0.000000e+00	0.000000e+00	2.771010e-03	1.687867e-03	4.560887e-03	1.423119e-03	1.173292e-02	0.000000e+00	0.000000e+00	0.000000e+00	3.929804e-03	0.000000e+00	5.929277e-05	8.302572e-01	-5.787460e-01
8.281569e-01	0.000000e+00	7.034991e-04	0.000000e+00	0.000000e+00	0.000000e+00	3.696882e-03	8.623718e-04	2.335273e-03	1.766915e-03	0.000000e+00	3.535290e-04	0.000000e+00	9.656871e-04	0.000000e+00	2.116308e-03	0.000000e+00	3.206341e-04	0.000000e+00	4.833467e-03	9.445194e-04	0.000000e+00	1.257759e-03	0.000000e+00	0.000000e+00	4.545252e-04	1.191255e-03	0.000000e+00	0.000000e+00	1.596469e-04	8.281569e-01	-5.470114e-01
8.278551e-01	3.619099e-04	2.266277e-03	0.000000e+00	0.000000e+00	2.945577e-03	4.281089e-04	1.257561e-03	5.026059e-03	1.555960e-03	0.000000e+00	0.000000e+00	0.000000e+00	0.000000e+00	3.718666e-04	1.381243e-03	6.505631e-03	2.851028e-04	0.000000e+00	2.288855e-03	1.687867e-03	2.280443e-03	7.533166e-04	5.866461e-03	0.000000e+00	0.000000e+00	0.000000e+00	3.658630e-03	0.000000e+00	2.964639e-05	8.278551e-01	-5.387248e-01
8.267231e-01	0.000000e+00	0.000000e+00	0.000000e+00	0.000000e+00	0.000000e+00	0.000000e+00	0.000000e+00	2.232859e-03	0.000000e+00	0.000000e+00	3.747858e-05	0.000000e+00	1.021698e-03	1.323111e-04	1.673883e-03	0.000000e+00	0.000000e+00	1.292760e-03	1.501425e-03	7.256313e-04	2.806699e-03	0.000000e+00	4.399846e-03	0.000000e+00	2.826133e-04	4.897666e-04	5.684847e-04	0.000000e+00	0.000000e+00	8.267231e-01	-5.216892e-01
8.265384e-01	1.447640e-03	1.081396e-03	1.442820e-03	0.000000e+00	0.000000e+00	6.958837e-03	1.724744e-03	0.000000e+00	1.197436e-04	6.719317e-06	5.733023e-04	0.000000e+00	2.195537e-03	0.000000e+00	3.608732e-04	0.000000e+00	4.631855e-04	0.000000e+00	1.497409e-03	4.945046e-04	0.000000e+00	0.000000e+00	2.071275e-03	0.000000e+00	3.201844e-04	2.337466e-03	0.000000e+00	0.000000e+00	1.261433e-04	8.265384e-01	-5.172082e-01
8.254531e-01	0.000000e+00	0.000000e+00	3.279341e-03	2.405333e-03	5.891155e-03	0.000000e+00	2.515121e-03	3.839476e-03	2.399957e-03	1.007898e-05	3.849872e-04	0.000000e+00	0.000000e+00	5.013350e-05	0.000000e+00	5.036618e-03	5.702055e-04	1.628010e-02	1.806699e-03	1.291539e-03	0.000000e+00	8.351383e-05	0.000000e+00	0.000000e+00	0.000000e+00	2.212997e-03	3.387457e-03	2.150913e-03	0.000000e+00	8.254531e-01	-4.913681e-01
8.267231e-01	0.000000e+00	0.000000e+00	0.000000e+00	0.000000e+00	4.300025e-03	5.349364e-03	3.992490e-04	3.480138e-03	1.856368e-03	0.000000e+00	1.080646e-03	0.000000e+00	1.016664e-03	1.323111e-04	1.673883e-03	0.000000e+00	3.206341e-04	0.000000e+00	3.874411e-03	1.155181e-03	9.729860e-05	1.093123e-03	4.399846e-03	0.000000e+00	0.000000e+00	1.070223e-05	1.065909e-04	0.000000e+00	4.328164e-04	8.267231e-01	-5.193779e-01
8.239756e-01	0.000000e+00	4.118504e-05	0.000000e+00	0.000000e+00	8.600051e-03	1.385254e-03	7.984980e-04	7.380279e-03	2.439418e-03	0.000000e+00	0.000000e+00	0.000000e+00	4.828436e-04	0.000000e+00	0.000000e+00	0.000000e+00	0.000000e+00	0.000000e+00	0.000000e+00	6.351325e-04	2.326446e-04	0.000000e+00	1.173292e-02	2.248026e-02	0.000000e+00	0.000000e+00	3.929804e-03	0.000000e+00	6.282475e-04	8.239756e-01	-4.609817e-01
6.530055e-01	1.447640e-03	8.105314e-04	0.000000e+00	0.000000e+00	0.000000e+00	2.770964e-03	1.724744e-03	0.000000e+00	0.000000e+00	3.871957e-04	0.000000e+00	0.000000e+00	0.000000e+00	0.000000e+00	4.216517e-04	1.573943e-03	0.000000e+00	0.000000e+00	1.278741e-03	4.212104e-04	3.804745e-05	3.583728e-04	0.000000e+00	0.000000e+00	0.000000e+00	2.022428e-03	0.000000e+00	0.000000e+00	1.449802e-04	6.530055e-01	-4.557042e-01
6.530055e-01	1.447640e-03	8.105314e-04	0.000000e+00	0.000000e+00	0.000000e+00	2.770964e-03	1.724744e-03	0.000000e+00	0.000000e+00	3.871957e-04	0.000000e+00	0.000000e+00	0.000000e+00	0.000000e+00	4.216517e-04	1.573943e-03	0.000000e+00	0.000000e+00	1.278741e-03	4.212104e-04	3.804745e-05	3.583728e-04	0.000000e+00	0.000000e+00	0.000000e+00	2.022428e-03	0.000000e+00	0.000000e+00	1.449802e-04	6.530055e-01	-4.557042e-01
6.530055e-01	1.447640e-03	8.105314e-04	0.000000e+00	0.000000e+00	0.000000e+00	2.770964e-03	1.724744e-03	0.000000e+00	0.000000e+00	3.871957e-04	0.000000e+00	0.000000e+00	0.000000e+00	0.000000e+00	4.216517e-04	1.573943e-03	0.000000e+00	0.000000e+00	1.278741e-03	4.212104e-04	3.804745e-05	3.583728e-04	0.000000e+00	0.000000e+00	0.000000e+00	2.022428e-03	0.000000e+00	0.000000e+00	1.449802e-04	6.530055e-01	-4.557042e-01
6.530055e-01	1.447640e-03	8.105314e-04	0.000000e+00	0.000000e+00	0.000000e+00	2.770964e-03	1.724744e-03	0.000000e+00	0.000000e+00	3.871957e-04	0.000000e+00	0.000000e+00	0.000000e+00	0.000000e+00	4.216517e-04	1.573943e-03	0.000000e+00	0.000000e+00	1.278741e-03	4.212104e-04	3.804745e-05	3.583728e-04	0.000000e+00	0.000000e+00	0.000000e+00	2.022428e-03	0.000000e+00	0.000000e+00	1.449802e-04	6.530055e-01	-4.557042e-01
6.530055e-01	1.447640e-03	8.105314e-04	0.000000e+00	0.000000e+00	0.000000e+00	2.770964e-03	1.724744e-03	0.000000e+00	0.000000e+00	3.871957e-04	0.000000e+00	0.000000e+00	0.000000e+00	0.000000e+00	4.216517e-04	1.573943e-03	0.000000e+00	0.000000e+00	1.278741e-03	4.212104e-04	3.804745e-05	3.583728e-04	0.000000e+00	0.000000e+00	0.000000e+00	2.022428e-03	0.000000e+00	0.000000e+00	1.449802e-04	6.530055e-01	-4.557042e-01
6.474207e-01	0.000000e+00	1.234208e-03	0.000000e+00	3.006666e-04	1.708661e-03	0.000000e+00	1.320395e-03	0.000000e+00	2.872965e-03	0.000000e+00	9.031527e-05	0.000000e+00	0.000000e+00	0.000000e+00	0.000000e+00	4.481445e-05	0.000000e+00	0.000000e+00	1.356068e-03	1.180370e-03	0.000000e+00	3.621685e-05	8.989301e-04	0.000000e+00	0.000000e+00	2.301186e-03	1.421212e-04	1.154858e-04	2.416336e-04	6.474207e-01	-4.473511e-01
6.451903e-01	2.829611e-04	1.154646e-03	0.000000e+00	0.000000e+00	3.417323e-03	2.462606e-03	2.020906e-03	0.000000e+00	5.469723e-03	7.168200e-04	0.000000e+00	4.695309e-04	0.000000e+00	0.000000e+00	1.326439e-04	0.000000e+00	0.000000e+00	0.000000e+00	9.788771e-04	2.981009e-04	0.000000e+00	7.744851e-05	0.000000e+00	0.000000e+00	6.471586e-03	3.102314e-03	1.119204e-03	4.943554e-04	0.000000e+00	6.451903e-01	-4.357447e-01
6.420377e-01	0.000000e+00	0.000000e+00	0.000000e+00	3.006666e-04	1.708661e-03	0.000000e+00	9.690631e-04	0.000000e+00	2.872965e-03	1.141201e-03	9.031527e-05	0.000000e+00	2.790609e-03	0.000000e+00	1.110281e-02	4.481445e-05	0.000000e+00	0.000000e+00	0.000000e+00	4.747000e-04	0.000000e+00	3.621685e-05	8.989301e-04	2.486918e-04	3.408454e-03	1.631636e-03	1.421212e-04	1.490045e-03	9.665345e-05	6.420377e-01	-4.178422e-01
6.420377e-01	0.000000e+00	4.118504e-05	1.388522e-02	0.000000e+00	1.118627e-02	5.529110e-04	7.425103e-04	6.748531e-03	3.102250e-03	1.141201e-03	9.031527e-05	0.000000e+00	2.790609e-03	0.000000e+00	0.000000e+00	4.481445e-05	0.000000e+00	0.000000e+00	0.000000e+00	4.747000e-04	0.000000e+00	1.873528e-05	8.989301e-04	2.248026e-02	7.593510e-04	1.631636e-03	1.421212e-04	5.211857e-04	9.665345e-05	6.420377e-01	-4.107573e-01
6.382807e-01	1.006781e-03	6.424449e-04	0.000000e+00	0.000000e+00	1.708661e-03	0.000000e+00	9.690631e-04	0.000000e+00	5.795535e-03	1.141201e-03	9.031527e-05	3.060863e-03	2.790609e-03	0.000000e+00	1.110281e-02	4.481445e-05	0.000000e+00	0.000000e+00	1.201414e-03	1.179900e-03	0.000000e+00	0.000000e+00	0.000000e+00	8.015066e-05	4.529833e-03	1.631636e-03	1.421212e-04	1.647066e-03	1.933069e-04	6.382807e-01	-3.871569e-01
6.369422e-01	1.006781e-03	6.424449e-04	0.000000e+00	0.000000e+00	0.000000e+00	5.531394e-04	1.460981e-03	0.000000e+00	5.795535e-03	7.650380e-04	3.736685e-03	3.060863e-03	0.000000e+00	0.000000e+00	1.110281e-02	7.869715e-04	0.000000e+00	0.000000e+00	1.201414e-03	2.272998e-03	0.000000e+00	0.000000e+00	0.000000e+00	7.191087e-05	4.529833e-03	1.631636e-03	0.000000e+00	0.000000e+00	7.249009e-05	6.369422e-01	-3.749524e-01
6.349269e-01	7.238198e-04	9.683168e-04	9.812238e-04	0.000000e+00	3.417323e-03	2.462606e-03	1.777761e-03	0.000000e+00	0.000000e+00	5.714402e-04	1.325383e-03	2.086804e-04	0.000000e+00	0.000000e+00	4.221504e-04	0.000000e+00	0.000000e+00	0.000000e+00	1.278741e-03	3.617092e-04	0.000000e+00	7.744851e-05	0.000000e+00	0.000000e+00	3.408454e-03	2.631226e-03	2.842424e-04	5.116268e-04	9.665345e-05	6.349269e-01	-3.578638e-01
6.335297e-01	0.000000e+00	2.081560e-03	4.906119e-04	0.000000e+00	5.125984e-03	2.374504e-03	1.804270e-03	0.000000e+00	5.143910e-03	9.298502e-04	2.215270e-03	5.738711e-04	1.990646e-03	0.000000e+00	1.614603e-05	6.295772e-04	0.000000e+00	0.000000e+00	1.918112e-03	3.171508e-04	0.000000e+00	1.548970e-04	0.000000e+00	0.000000e+00	4.978340e-03	2.356507e-03	3.553029e-05	5.483830e-04	0.000000e+00	6.335297e-01	-3.402377e-01
6.335297e-01	0.000000e+00	1.676294e-03	1.462114e-02	1.503333e-04	5.980315e-03	1.968095e-03	8.756262e-04	0.000000e+00	6.580392e-03	9.298502e-04	2.260427e-03	5.738711e-04	0.000000e+00	0.000000e+00	4.140774e-04	0.000000e+00	0.000000e+00	0.000000e+00	1.918112e-03	2.463126e-04	0.000000e+00	1.548970e-04	0.000000e+00	0.000000e+00	4.978340e-03	2.161111e-03	1.065909e-04	7.586211e-04	2.133186e-04	6.335297e-01	-3.378209e-01
6.308680e-01	0.000000e+00	1.264005e-03	0.000000e+00	0.000000e+00	1.535916e-03	0.000000e+00	1.737712e-03	2.766519e-03	5.795535e-03	0.000000e+00	1.130214e-03	5.391345e-03	3.385951e-03	0.000000e+00	0.000000e+00	0.000000e+00	0.000000e+00	0.000000e+00	9.590560e-04	4.313445e-04	0.000000e+00	1.306357e-04	4.494650e-04	1.124013e-02	2.868845e-03	2.091769e-03	4.263635e-04	4.296653e-04	0.000000e+00	6.308680e-01	-3.066945e-01
6.293360e-01	2.829611e-04	0.000000e+00	2.777044e-02	0.000000e+00	5.172438e-03	0.000000e+00	0.000000e+00	0.000000e+00	1.325665e-03	0.000000e+00	0.000000e+00	0.000000e+00	1.990646e-03	0.000000e+00	0.000000e+00	4.481445e-05	0.000000e+00	0.000000e+00	1.278741e-03	8.635772e-05	0.000000e+00	7.744851e-05	0.000000e+00	0.000000e+00	1.518702e-03	1.116159e-05	7.106059e-05	1.042371e-03	2.333302e-04	6.293360e-01	-2.869485e-01
6.293360e-01	0.000000e+00	3.782105e-03	1.455522e-02	1.503333e-04	1.723389e-02	0.000000e+00	7.820130e-04	0.000000e+00	3.966023e-03	1.215570e-03	4.128770e-03	2.130544e-03	1.553966e-04	0.000000e+00	0.000000e+00	6.071700e-04	0.000000e+00	0.000000e+00	1.598427e-03	1.277509e-03	0.000000e+00	1.905886e-04	1.666866e-02	0.000000e+00	4.176445e-03	1.745821e-03	7.106059e-05	7.586211e-04	2.133186e-04	6.293360e-01	-2.804505e-01
6.261973e-01	0.000000e+00	0.000000e+00	0.000000e+00	0.000000e+00	0.000000e+00	0.000000e+00	6.545964e-04	0.000000e+00	0.000000e+00	5.714402e-04	3.736685e-03	0.000000e+00	3.107933e-04	0.000000e+00	0.000000e+00	0.000000e+00	0.000000e+00	0.000000e+00	6.393707e-04	2.062393e-03	0.000000e+00	7.138319e-05	0.000000e+00	7.191087e-05	1.669566e-03	5.101980e-04	0.000000e+00	0.000000e+00	0.000000e+00	6.261973e-01	-2.485209e-01
6.250100e-01	0.000000e+00	3.401090e-03	9.812238e-04	0.000000e+00	1.708661e-03	1.506632e-03	0.000000e+00	0.000000e+00	5.171922e-04	5.714402e-04	2.411302e-03	3.113346e-03	3.107933e-04	0.000000e+00	7.016981e-04	0.000000e+00	0.000000e+00	0.000000e+00	0.000000e+00	2.667420e-04	0.000000e+00	0.000000e+00	0.000000e+00	0.000000e+00	1.804665e-03	1.258517e-03	0.000000e+00	8.922112e-04	9.665345e-05	6.250100e-01	-2.289924e-01
6.236178e-01	0.000000e+00	3.376839e-03	0.000000e+00	1.503333e-04	0.000000e+00	0.000000e+00	1.544345e-03	2.526991e-03	6.580392e-03	6.441301e-04	1.597736e-03	0.000000e+00	0.000000e+00	0.000000e+00	0.000000e+00	4.427071e-05	0.000000e+00	0.000000e+00	2.557483e-03	0.000000e+00	0.000000e+00	1.161728e-04	0.000000e+00	0.000000e+00	5.045889e-03	2.342816e-03	9.237877e-04	0.000000e+00	2.133186e-04	6.236178e-01	-2.058992e-01
6.221697e-01	0.000000e+00	3.401090e-03	2.636695e-04	0.000000e+00	5.125984e-03	1.506632e-03	0.000000e+00	0.000000e+00	0.000000e+00	0.000000e+00	2.411302e-03	3.113346e-03	0.000000e+00	0.000000e+00	1.614603e-05	0.000000e+00	0.000000e+00	0.000000e+00	1.918112e-03	1.031196e-03	0.000000e+00	1.548970e-04	0.000000e+00	0.000000e+00	1.804665e-03	8.736078e-04	3.553029e-05	5.483830e-04	0.000000e+00	6.221697e-01	-1.837352e-01
6.214056e-01	0.000000e+00	1.742090e-03	1.318347e-04	0.000000e+00	1.265590e-02	3.808060e-02	8.418228e-04	0.000000e+00	2.010566e-04	0.000000e+00	0.000000e+00	0.000000e+00	0.000000e+00	0.000000e+00	1.402363e-03	6.722167e-05	0.000000e+00	0.000000e+00	1.278741e-03	0.000000e+00	0.000000e+00	0.000000e+00	0.000000e+00	0.000000e+00	5.401305e-03	1.340778e-03	0.000000e+00	0.000000e+00	0.000000e+00	6.214056e-01	-1.634717e-01
6.203269e-01	0.000000e+00	0.000000e+00	0.000000e+00	4.663726e-05	0.000000e+00	0.000000e+00	1.277252e-02	0.000000e+00	0.000000e+00	0.000000e+00	0.000000e+00	1.443664e-02	0.000000e+00	0.000000e+00	0.000000e+00	1.568506e-04	0.000000e+00	0.000000e+00	2.880605e-04	0.000000e+00	0.000000e+00	0.000000e+00	0.000000e+00	0.000000e+00	0.000000e+00	0.000000e+00	0.000000e+00	0.000000e+00	0.000000e+00	6.203269e-01	-1.521429e-01
4.539173e-01	0.000000e+00	0.000000e+00	0.000000e+00	3.109151e-05	0.000000e+00	0.000000e+00	0.000000e+00	0.000000e+00	0.000000e+00	0.000000e+00	0.000000e+00	0.000000e+00	0.000000e+00	0.000000e+00	7.712994e-04	1.344433e-04	0.000000e+00	0.000000e+00	1.920404e-04	0.000000e+00	0.000000e+00	0.000000e+00	0.000000e+00	0.000000e+00	0.000000e+00	3.462057e-04	0.000000e+00	0.000000e+00	0.000000e+00	4.539173e-01	-1.239146e-01
4.539173e-01	0.000000e+00	0.000000e+00	0.000000e+00	3.109151e-05	0.000000e+00	0.000000e+00	0.000000e+00	0.000000e+00	0.000000e+00	0.000000e+00	0.000000e+00	0.000000e+00	0.000000e+00	0.000000e+00	7.712994e-04	1.344433e-04	0.000000e+00	0.000000e+00	1.920404e-04	0.000000e+00	0.000000e+00	0.000000e+00	0.000000e+00	0.000000e+00	0.000000e+00	3.462057e-04	0.000000e+00	0.000000e+00	0.000000e+00	4.539173e-01	-1.239146e-01
4.539173e-01	0.000000e+00	0.000000e+00	0.000000e+00	3.109151e-05	0.000000e+00	0.000000e+00	0.000000e+00	0.000000e+00	0.000000e+00	0.000000e+00	0.000000e+00	0.000000e+00	0.000000e+00	0.000000e+00	7.712994e-04	1.344433e-04	0.000000e+00	0.000000e+00	1.920404e-04	0.000000e+00	0.000000e+00	0.000000e+00	0.000000e+00	0.000000e+00	0.000000e+00	3.462057e-04	0.000000e+00	0.000000e+00	0.000000e+00	4.539173e-01	-1.239146e-01
4.539173e-01	0.000000e+00	0.000000e+00	0.000000e+00	3.109151e-05	0.000000e+00	0.000000e+00	0.000000e+00	0.000000e+00	0.000000e+00	0.000000e+00	0.000000e+00	0.000000e+00	0.000000e+00	0.000000e+00	7.712994e-04	1.344433e-04	0.000000e+00	0.000000e+00	1.920404e-04	0.000000e+00	0.000000e+00	0.000000e+00	0.000000e+00	0.000000e+00	0.000000e+00	3.462057e-04	0.000000e+00	0.000000e+00	0.000000e+00	4.539173e-01	-1.239146e-01
4.539173e-01	0.000000e+00	0.000000e+00	0.000000e+00	3.109151e-05	0.000000e+00	0.000000e+00	0.000000e+00	0.000000e+00	0.000000e+00	0.000000e+00	0.000000e+00	0.000000e+00	0.000000e+00	0.000000e+00	7.712994e-04	1.344433e-04	0.000000e+00	0.000000e+00	1.920404e-04	0.000000e+00	0.000000e+00	0.000000e+00	0.000000e+00	0.000000e+00	0.000000e+00	3.462057e-04	0.000000e+00	0.000000e+00	0.000000e+00	4.539173e-01	-1.239146e-01
4.539173e-01	0.000000e+00	0.000000e+00	0.000000e+00	3.109151e-05	0.000000e+00	0.000000e+00	0.000000e+00	0.000000e+00	0.000000e+00	0.000000e+00	0.000000e+00	0.000000e+00	0.000000e+00	0.000000e+00	7.712994e-04	1.344433e-04	0.000000e+00	0.000000e+00	1.920404e-04	0.000000e+00	0.000000e+00	0.000000e+00	0.000000e+00	0.000000e+00	0.000000e+00	3.462057e-04	0.000000e+00	0.000000e+00	0.000000e+00	4.539173e-01	-1.239146e-01
4.539173e-01	0.000000e+00	0.000000e+00	0.000000e+00	3.109151e-05	0.000000e+00	0.000000e+00	0.000000e+00	0.000000e+00	0.000000e+00	0.000000e+00	0.000000e+00	0.000000e+00	0.000000e+00	0.000000e+00	7.712994e-04	1.344433e-04	0.000000e+00	0.000000e+00	1.920404e-04	0.000000e+00	0.000000e+00	0.000000e+00	0.000000e+00	0.000000e+00	0.000000e+00	3.462057e-04	0.000000e+00	0.000000e+00	0.000000e+00	4.539173e-01	-1.239146e-01
4.539173e-01	0.000000e+00	0.000000e+00	0.000000e+00	3.109151e-05	0.000000e+00	0.000000e+00	0.000000e+00	0.000000e+00	0.000000e+00	0.000000e+00	0.000000e+00	0.000000e+00	0.000000e+00	0.000000e+00	7.712994e-04	1.344433e-04	0.000000e+00	0.000000e+00	1.920404e-04	0.000000e+00	0.000000e+00	0.000000e+00	0.000000e+00	0.000000e+00	0.000000e+00	3.462057e-04	0.000000e+00	0.000000e+00	0.000000e+00	4.539173e-01	-1.239146e-01
4.469145e-01	0.000000e+00	7.737737e-04	0.000000e+00	0.000000e+00	0.000000e+00	0.000000e+00	3.475914e-04	0.000000e+00	3.016709e-04	0.000000e+00	0.000000e+00	5.805699e-03	0.000000e+00	0.000000e+00	1.121890e-03	1.792578e-04	0.000000e+00	5.409974e-04	0.000000e+00	0.000000e+00	3.648593e-04	3.376847e-04	0.000000e+00	5.987914e-04	3.024242e-03	1.522483e-03	0.000000e+00	0.000000e+00	4.266371e-04	4.469145e-01	-1.101608e-01
4.428783e-01	0.000000e+00	0.000000e+00	7.583886e-03	2.331863e-05	9.546103e-05	0.000000e+00	0.000000e+00	0.000000e+00	0.000000e+00	0.000000e+00	0.000000e+00	0.000000e+00	0.000000e+00	0.000000e+00	7.712994e-04	1.347027e-03	0.000000e+00	0.000000e+00	1.920404e-04	0.000000e+00	0.000000e+00	0.000000e+00	0.000000e+00	0.000000e+00	8.049706e-04	3.462057e-04	0.000000e+00	0.000000e+00	0.000000e+00	4.428783e-01	-9.501793e-02
4.385432e-01	0.000000e+00	7.737737e-04	1.477934e-05	0.000000e+00	4.773051e-05	0.000000e+00	0.000000e+00	0.000000e+00	6.033418e-04	0.000000e+00	2.125793e-04	5.805699e-03	0.000000e+00	0.000000e+00	5.609450e-04	2.693611e-03	0.000000e+00	0.000000e+00	0.000000e+00	0.000000e+00	0.000000e+00	3.376847e-04	0.000000e+00	1.197583e-03	1.880869e-04	1.522483e-03	0.000000e+00	0.000000e+00	5.540896e-04	4.385432e-01	-6.965452e-02
4.349485e-01	4.342919e-03	0.000000e+00	1.477934e-05	0.000000e+00	3.818441e-04	4.776014e-03	1.440530e-03	0.000000e+00	3.016709e-04	8.323840e-04	1.275476e-03	0.000000e+00	0.000000e+00	0.000000e+00	5.609450e-04	8.962890e-05	0.000000e+00	0.000000e+00	0.000000e+00	0.000000e+00	0.000000e+00	2.623023e-03	0.000000e+00	0.000000e+00	2.601498e-03	7.612416e-04	0.000000e+00	0.000000e+00	4.266371e-04	4.349485e-01	-4.247547e-02
4.318393e-01	0.000000e+00	0.000000e+00	0.000000e+00	1.554575e-05	0.000000e+00	0.000000e+00	0.000000e+00	0.000000e+00	3.016709e-04	0.000000e+00	2.125793e-04	5.496267e-04	0.000000e+00	0.000000e+00	7.712994e-04	2.559611e-03	0.000000e+00	0.000000e+00	0.000000e+00	0.000000e+00	0.000000e+00	1.542546e-04	0.000000e+00	0.000000e+00	1.609941e-03	0.000000e+00	0.000000e+00	0.000000e+00	0.000000e+00	4.318393e-01	-1.929878e-02
4.282028e-01	0.000000e+00	1.303047e-04	0.000000e+00	6.218301e-05	1.431915e-04	0.000000e+00	0.000000e+00	0.000000e+00	6.033418e-04	0.000000e+00	8.503172e-04	2.198507e-03	0.000000e+00	0.000000e+00	5.609450e-04	0.000000e+00	0.000000e+00	0.000000e+00	3.840807e-04	0.000000e+00	0.000000e+00	2.135090e-03	0.000000e+00	3.113809e-04	1.880869e-04	7.612416e-04	0.000000e+00	0.000000e+00	0.000000e+00	4.282028e-01	1.569941e-02
4.257026e-01	0.000000e+00	4.027142e-06	0.000000e+00	0.000000e+00	6.443619e-04	0.000000e+00	6.517338e-04	0.000000e+00	0.000000e+00	0.000000e+00	8.503172e-04	0.000000e+00	0.000000e+00	0.000000e+00	0.000000e+00	2.321138e-03	0.000000e+00	4.837564e-05	0.000000e+00	0.000000e+00	0.000000e+00	1.646533e-03	9.409326e-04	0.000000e+00	2.683566e-03	4.757760e-04	0.000000e+00	0.000000e+00	4.266371e-04	4.257026e-01	4.219046e-02
4.232430e-01	4.342919e-03	0.000000e+00	1.477934e-05	3.109151e-04	3.818441e-04	4.776014e-03	1.440530e-03	0.000000e+00	1.523540e-03	8.323840e-04	1.275476e-03	1.099253e-03	0.000000e+00	0.000000e+00	5.609450e-04	2.240722e-05	0.000000e+00	0.000000e+00	0.000000e+00	2.801100e-03	0.000000e+00	3.690568e-03	0.000000e+00	4.730639e-04	4.025061e-04	6.158228e-04	0.000000e+00	0.000000e+00	0.000000e+00	4.232430e-01	7.226643e-02
4.207098e-01	0.000000e+00	7.737737e-04	0.000000e+00	0.000000e+00	0.000000e+00	0.000000e+00	1.371999e-03	0.000000e+00	0.000000e+00	0.000000e+00	2.125793e-04	5.805699e-03	0.000000e+00	0.000000e+00	0.000000e+00	0.000000e+00	0.000000e+00	5.409974e-04	0.000000e+00	0.000000e+00	0.000000e+00	3.322975e-03	9.409326e-04	1.197583e-03	0.000000e+00	1.522483e-03	0.000000e+00	0.000000e+00	1.495923e-04	4.207098e-01	9.988687e-02
4.176489e-01	0.000000e+00	9.692307e-04	7.583886e-03	5.285556e-04	5.966314e-04	0.000000e+00	0.000000e+00	0.000000e+00	0.000000e+00	0.000000e+00	0.000000e+00	0.000000e+00	0.000000e+00	0.000000e+00	2.042640e-02	3.518657e-03	0.000000e+00	0.000000e+00	0.000000e+00	0.000000e+00	3.648593e-04	2.860352e-04	1.881865e-03	5.987914e-04	0.000000e+00	0.000000e+00	0.000000e+00	0.000000e+00	2.133186e-04	4.176489e-01	1.416344e-01
4.145355e-01	0.000000e+00	0.000000e+00	0.000000e+00	0.000000e+00	5.727662e-04	0.000000e+00	0.000000e+00	0.000000e+00	3.016709e-04	0.000000e+00	0.000000e+00	0.000000e+00	0.000000e+00	0.000000e+00	0.000000e+00	2.261480e-03	0.000000e+00	1.594372e-04	0.000000e+00	5.729523e-04	0.000000e+00	8.725658e-04	1.881865e-03	2.993957e-04	2.481353e-07	0.000000e+00	0.000000e+00	0.000000e+00	1.058777e-04	4.145355e-01	1.748492e-01
4.113869e-01	0.000000e+00	1.331685e-03	0.000000e+00	3.342337e-04	3.818441e-04	4.776014e-03	1.765112e-04	0.000000e+00	0.000000e+00	0.000000e+00	4.251586e-04	0.000000e+00	0.000000e+00	0.000000e+00	0.000000e+00	3.483203e-04	0.000000e+00	2.946865e-04	2.188109e-03	1.145905e-03	0.000000e+00	1.826581e-03	0.000000e+00	5.987914e-04	8.054668e-04	1.445346e-02	0.000000e+00	0.000000e+00	2.117554e-04	4.113869e-01	2.207422e-01
2.564675e-01	0.000000e+00	0.000000e+00	0.000000e+00	0.000000e+00	5.727662e-04	0.000000e+00	0.000000e+00	0.000000e+00	0.000000e+00	0.000000e+00	0.000000e+00	0.000000e+00	0.000000e+00	0.000000e+00	0.000000e+00	2.261480e-03	0.000000e+00	0.000000e+00	0.000000e+00	0.000000e+00	0.000000e+00	8.725658e-04	1.881865e-03	0.000000e+00	0.000000e+00	0.000000e+00	0.000000e+00	0.000000e+00	0.000000e+00	2.564675e-01	2.436774e-01
2.564675e-01	0.000000e+00	0.000000e+00	0.000000e+00	0.000000e+00	5.727662e-04	0.000000e+00	0.000000e+00	0.000000e+00	0.000000e+00	0.000000e+00	0.000000e+00	0.000000e+00	0.000000e+00	0.000000e+00	0.000000e+00	2.261480e-03	0.000000e+00	0.000000e+00	0.000000e+00	0.000000e+00	0.000000e+00	8.725658e-04	1.881865e-03	0.000000e+00	0.000000e+00	0.000000e+00	0.000000e+00	0.000000e+00	0.000000e+00	2.564675e-01	2.436774e-01
2.564675e-01	0.000000e+00	0.000000e+00	0.000000e+00	0.000000e+00	5.727662e-04	0.000000e+00	0.000000e+00	0.000000e+00	0.000000e+00	0.000000e+00	0.000000e+00	0.000000e+00	0.000000e+00	0.000000e+00	0.000000e+00	2.261480e-03	0.000000e+00	0.000000e+00	0.000000e+00	0.000000e+00	0.000000e+00	8.725658e-04	1.881865e-03	0.000000e+00	0.000000e+00	0.000000e+00	0.000000e+00	0.000000e+00	0.000000e+00	2.564675e-01	2.436774e-01
2.564675e-01	0.000000e+00	0.000000e+00	0.000000e+00	0.000000e+00	5.727662e-04	0.000000e+00	0.000000e+00	0.000000e+00	0.000000e+00	0.000000e+00	0.000000e+00	0.000000e+00	0.000000e+00	0.000000e+00	0.000000e+00	2.261480e-03	0.000000e+00	0.000000e+00	0.000000e+00	0.000000e+00	0.000000e+00	8.725658e-04	1.881865e-03	0.000000e+00	0.000000e+00	0.000000e+00	0.000000e+00	0.000000e+00	0.000000e+00	2.564675e-01	2.436774e-01
2.564675e-01	0.000000e+00	0.000000e+00	0.000000e+00	0.000000e+00	5.727662e-04	0.000000e+00	0.000000e+00	0.000000e+00	0.000000e+00	0.000000e+00	0.000000e+00	0.000000e+00	0.000000e+00	0.000000e+00	0.000000e+00	2.261480e-03	0.000000e+00	0.000000e+00	0.000000e+00	0.000000e+00	0.000000e+00	8.725658e-04	1.881865e-03	0.000000e+00	0.000000e+00	0.000000e+00	0.000000e+00	0.000000e+00	0.000000e+00	2.564675e-01	2.436774e-01
2.564675e-01	0.000000e+00	0.000000e+00	0.000000e+00	0.000000e+00	5.727662e-04	0.000000e+00	0.000000e+00	0.000000e+00	0.000000e+00	0.000000e+00	0.000000e+00	0.000000e+00	0.000000e+00	0.000000e+00	0.000000e+00	2.261480e-03	0.000000e+00	0.000000e+00	0.000000e+00	0.000000e+00	0.000000e+00	8.725658e-04	1.881865e-03	0.000000e+00	0.000000e+00	0.000000e+00	0.000000e+00	0.000000e+00	0.000000e+00	2.564675e-01	2.436774e-01
2.564675e-01	0.000000e+00	0.000000e+00	0.000000e+00	0.000000e+00	5.727662e-04	0.000000e+00	0.000000e+00	0.000000e+00	0.000000e+00	0.000000e+00	0.000000e+00	0.000000e+00	0.000000e+00	0.000000e+00	0.000000e+00	2.261480e-03	0.000000e+00	0.000000e+00	0.000000e+00	0.000000e+00	0.000000e+00	8.725658e-04	1.881865e-03	0.000000e+00	0.000000e+00	0.000000e+00	0.000000e+00	0.000000e+00	0.000000e+00	2.564675e-01	2.436774e-01
2.564675e-01	0.000000e+00	0.000000e+00	0.000000e+00	0.000000e+00	5.727662e-04	0.000000e+00	0.000000e+00	0.000000e+00	0.000000e+00	0.000000e+00	0.000000e+00	0.000000e+00	0.000000e+00	0.000000e+00	0.000000e+00	2.261480e-03	0.000000e+00	0.000000e+00	0.000000e+00	0.000000e+00	0.000000e+00	8.725658e-04	1.881865e-03	0.000000e+00	0.000000e+00	0.000000e+00	0.000000e+00	0.000000e+00	0.000000e+00	2.564675e-01	2.436774e-01
2.564675e-01	0.000000e+00	0.000000e+00	0.000000e+00	0.000000e+00	5.727662e-04	0.000000e+00	0.000000e+00	0.000000e+00	0.000000e+00	0.000000e+00	0.000000e+00	0.000000e+00	0.000000e+00	0.000000e+00	0.000000e+00	2.261480e-03	0.000000e+00	0.000000e+00	0.000000e+00	0.000000e+00	0.000000e+00	8.725658e-04	1.881865e-03	0.000000e+00	0.000000e+00	0.000000e+00	0.000000e+00	0.000000e+00	0.000000e+00	2.564675e-01	2.436774e-01
2.453542e-01	0.000000e+00	0.000000e+00	0.000000e+00	0.000000e+00	0.000000e+00	0.000000e+00	0.000000e+00	0.000000e+00	0.000000e+00	0.000000e+00	0.000000e+00	0.000000e+00	0.000000e+00	0.000000e+00	0.000000e+00	1.810981e-03	0.000000e+00	0.000000e+00	0.000000e+00	0.000000e+00	0.000000e+00	8.725658e-04	1.881865e-03	0.000000e+00	0.000000e+00	0.000000e+00	0.000000e+00	0.000000e+00	6.544286e-04	2.453542e-01	2.631409e-01
2.378216e-01	0.000000e+00	3.909140e-04	0.000000e+00	0.000000e+00	3.818441e-04	0.000000e+00	0.000000e+00	0.000000e+00	0.000000e+00	1.077732e-02	0.000000e+00	1.119839e-04	0.000000e+00	0.000000e+00	0.000000e+00	2.261480e-03	0.000000e+00	7.367162e-05	0.000000e+00	0.000000e+00	0.000000e+00	1.524687e-02	1.881865e-03	0.000000e+00	0.000000e+00	0.000000e+00	0.000000e+00	0.000000e+00	6.575548e-04	2.378216e-01	2.991681e-01
2.295729e-01	0.000000e+00	3.909140e-04	0.000000e+00	0.000000e+00	0.000000e+00	4.776014e-03	0.000000e+00	0.000000e+00	0.000000e+00	0.000000e+00	0.000000e+00	6.104745e-05	5.566776e-04	0.000000e+00	0.000000e+00	1.866525e-03	0.000000e+00	0.000000e+00	0.000000e+00	0.000000e+00	0.000000e+00	1.842543e-03	0.000000e+00	0.000000e+00	8.054668e-04	0.000000e+00	0.000000e+00	0.000000e+00	0.000000e+00	2.295729e-01	3.393923e-01
2.229792e-01	0.000000e+00	0.000000e+00	0.000000e+00	0.000000e+00	0.000000e+00	0.000000e+00	0.000000e+00	0.000000e+00	0.000000e+00	0.000000e+00	0.000000e+00	2.850153e-04	0.000000e+00	0.000000e+00	0.000000e+00	1.767786e-03	0.000000e+00	0.000000e+00	0.000000e+00	0.000000e+00	0.000000e+00	3.059115e-02	1.881865e-03	1.560206e-03	0.000000e+00	0.000000e+00	0.000000e+00	0.000000e+00	6.252497e-06	2.229792e-01	3.890074e-01
2.167403e-01	0.000000e+00	3.909140e-04	0.000000e+00	0.000000e+00	3.818441e-04	0.000000e+00	3.459160e-02	0.000000e+00	0.000000e+00	0.000000e+00	0.000000e+00	0.000000e+00	0.000000e+00	0.000000e+00	0.000000e+00	2.261480e-03	0.000000e+00	0.000000e+00	0.000000e+00	0.000000e+00	0.000000e+00	0.000000e+00	0.000000e+00	7.801029e-04	0.000000e+00	0.000000e+00	0.000000e+00	0.000000e+00	6.575548e-04	2.167403e-01	4.349517e-01
2.073464e-01	0.000000e+00	3.909140e-04	0.000000e+00	0.000000e+00	0.000000e+00	0.000000e+00	0.000000e+00	0.000000e+00	0.000000e+00	0.000000e+00	0.000000e+00	0.000000e+00	5.566776e-04	0.000000e+00	0.000000e+00	1.866525e-03	0.000000e+00	0.000000e+00	0.000000e+00	0.000000e+00	0.000000e+00	5.566586e-04	9.409326e-04	0.000000e+00	0.000000e+00	0.000000e+00	0.000000e+00	0.000000e+00	6.252497e-06	2.073464e-01	4.982515e-01
1.999962e-01	0.000000e+00	3.379777e-04	0.000000e+00	0.000000e+00	4.773051e-04	0.000000e+00	0.000000e+00	0.000000e+00	0.000000e+00	0.000000e+00	0.000000e+00	1.144640e-06	0.000000e+00	0.000000e+00	0.000000e+00	1.892458e-03	0.000000e+00	0.000000e+00	0.000000e+00	0.000000e+00	0.000000e+00	8.406418e-04	0.000000e+00	1.560206e-03	0.000000e+00	0.000000e+00	0.000000e+00	0.000000e+00	1.094187e-05	1.999962e-01	5.540486e-01
1.908916e-01	0.000000e+00	3.909140e-04	0.000000e+00	0.000000e+00	0.000000e+00	0.000000e+00	0.000000e+00	0.000000e+00	0.000000e+00	0.000000e+00	0.000000e+00	1.900102e-04	5.566776e-04	0.000000e+00	0.000000e+00	1.866525e-03	0.000000e+00	0.000000e+00	0.000000e+00	0.000000e+00	0.000000e+00	5.566586e-04	0.000000e+00	3.120412e-03	0.000000e+00	0.000000e+00	0.000000e+00	0.000000e+00	6.252497e-06	1.908916e-01	6.185921e-01
8.411130e-02	0.000000e+00	1.791689e-04	0.000000e+00	0.000000e+00	0.000000e+00	0.000000e+00	0.000000e+00	0.000000e+00	0.000000e+00	0.000000e+00	0.000000e+00	3.800204e-04	0.000000e+00	0.000000e+00	0.000000e+00	9.655270e-04	0.000000e+00	1.656381e-04	0.000000e+00	1.283597e-04	0.000000e+00	5.566586e-04	0.000000e+00	0.000000e+00	0.000000e+00	0.000000e+00	0.000000e+00	0.000000e+00	1.315110e-03	8.411130e-02	6.706968e-01
8.411130e-02	0.000000e+00	1.791689e-04	0.000000e+00	0.000000e+00	0.000000e+00	0.000000e+00	0.000000e+00	0.000000e+00	0.000000e+00	0.000000e+00	0.000000e+00	3.800204e-04	0.000000e+00	0.000000e+00	0.000000e+00	9.655270e-04	0.000000e+00	1.656381e-04	0.000000e+00	1.283597e-04	0.000000e+00	5.566586e-04	0.000000e+00	0.000000e+00	0.000000e+00	0.000000e+00	0.000000e+00	0.000000e+00	1.315110e-03	8.411130e-02	6.706968e-01
8.411130e-02	0.000000e+00	1.791689e-04	0.000000e+00	0.000000e+00	0.000000e+00	0.000000e+00	0.000000e+00	0.000000e+00	0.000000e+00	0.000000e+00	0.000000e+00	3.800204e-04	0.000000e+00	0.000000e+00	0.000000e+00	9.655270e-04	0.000000e+00	1.656381e-04	0.000000e+00	1.283597e-04	0.000000e+00	5.566586e-04	0.000000e+00	0.000000e+00	0.000000e+00	0.000000e+00	0.000000e+00	0.000000e+00	1.315110e-03	8.411130e-02	6.706968e-01
8.411130e-02	0.000000e+00	1.791689e-04	0.000000e+00	0.000000e+00	0.000000e+00	0.000000e+00	0.000000e+00	0.000000e+00	0.000000e+00	0.000000e+00	0.000000e+00	3.800204e-04	0.000000e+00	0.000000e+00	0.000000e+00	9.655270e-04	0.000000e+00	1.656381e-04	0.000000e+00	1.283597e-04	0.000000e+00	5.566586e-04	0.000000e+00	0.000000e+00	0.000000e+00	0.000000e+00	0.000000e+00	0.000000e+00	1.315110e-03	8.411130e-02	6.706968e-01
8.411130e-02	0.000000e+00	1.791689e-04	0.000000e+00	0.000000e+00	0.000000e+00	0.000000e+00	0.000000e+00	0.000000e+00	0.000000e+00	0.000000e+00	0.000000e+00	3.800204e-04	0.000000e+00	0.000000e+00	0.000000e+00	9.655270e-04	0.000000e+00	1.656381e-04	0.000000e+00	1.283597e-04	0.000000e+00	5.566586e-04	0.000000e+00	0.000000e+00	0.000000e+00	0.000000e+00	0.000000e+00	0.000000e+00	1.315110e-03	8.411130e-02	6.706968e-01
8.411130e-02	0.000000e+00	1.791689e-04	0.000000e+00	0.000000e+00	0.000000e+00	0.000000e+00	0.000000e+00	0.000000e+00	0.000000e+00	0.000000e+00	0.000000e+00	3.800204e-04	0.000000e+00	0.000000e+00	0.000000e+00	9.655270e-04	0.000000e+00	1.656381e-04	0.000000e+00	1.283597e-04	0.000000e+00	5.566586e-04	0.000000e+00	0.000000e+00	0.000000e+00	0.000000e+00	0.000000e+00	0.000000e+00	1.315110e-03	8.411130e-02	6.706968e-01
7.588388e-02	0.000000e+00	1.791689e-04	0.000000e+00	0.000000e+00	0.000000e+00	0.000000e+00	0.000000e+00	0.000000e+00	0.000000e+00	0.000000e+00	0.000000e+00	0.000000e+00	0.000000e+00	0.000000e+00	0.000000e+00	1.528327e-03	0.000000e+00	2.024739e-04	0.000000e+00	2.715977e-04	0.000000e+00	3.573616e-04	0.000000e+00	0.000000e+00	0.000000e+00	0.000000e+00	0.000000e+00	0.000000e+00	1.311983e-03	7.588388e-02	6.734127e-01
6.143262e-02	0.000000e+00	2.117451e-04	0.000000e+00	0.000000e+00	3.339111e-03	0.000000e+00	0.000000e+00	0.000000e+00	0.000000e+00	0.000000e+00	0.000000e+00	4.275229e-04	0.000000e+00	0.000000e+00	0.000000e+00	2.020832e-03	0.000000e+00	0.000000e+00	0.000000e+00	0.000000e+00	0.000000e+00	6.356354e-04	0.000000e+00	0.000000e+00	0.000000e+00	0.000000e+00	0.000000e+00	0.000000e+00	0.000000e+00	6.143262e-02	6.964354e-01
4.673222e-02	0.000000e+00	3.379777e-04	0.000000e+00	0.000000e+00	0.000000e+00	4.776014e-03	0.000000e+00	0.000000e+00	0.000000e+00	0.000000e+00	0.000000e+00	0.000000e+00	5.566776e-04	0.000000e+00	0.000000e+00	0.000000e+00	0.000000e+00	8.281906e-05	0.000000e+00	0.000000e+00	0.000000e+00	0.000000e+00	0.000000e+00	0.000000e+00	0.000000e+00	0.000000e+00	0.000000e+00	0.000000e+00	3.029859e-04	4.673222e-02	7.390140e-01
3.072117e-02	0.000000e+00	2.606093e-04	0.000000e+00	0.000000e+00	3.818441e-04	0.000000e+00	0.000000e+00	0.000000e+00	0.000000e+00	0.000000e+00	0.000000e+00	0.000000e+00	0.000000e+00	0.000000e+00	0.000000e+00	0.000000e+00	0.000000e+00	0.000000e+00	0.000000e+00	7.263527e-05	0.000000e+00	8.836935e-04	1.881865e-03	0.000000e+00	2.335613e-03	0.000000e+00	0.000000e+00	0.000000e+00	1.313547e-03	3.072117e-02	8.014877e-01
1.612895e-02	0.000000e+00	1.954570e-04	0.000000e+00	0.000000e+00	1.669556e-03	0.000000e+00	0.000000e+00	0.000000e+00	0.000000e+00	0.000000e+00	5.027402e-04	4.037717e-04	0.000000e+00	0.000000e+00	1.041785e-03	1.493180e-03	0.000000e+00	3.446545e-04	0.000000e+00	5.431955e-04	0.000000e+00	2.256781e-04	5.476269e-04	0.000000e+00	0.000000e+00	0.000000e+00	0.000000e+00	0.000000e+00	6.252497e-06	1.612895e-02	8.671998e-01
0.000000e+00	0.000000e+00	0.000000e+00	0.000000e+00	0.000000e+00	0.000000e+00	0.000000e+00	0.000000e+00	0.000000e+00	0.000000e+00	0.000000e+00	0.000000e+00	8.912052e-04	0.000000e+00	0.000000e+00	0.000000e+00	0.000000e+00	0.000000e+00	0.000000e+00	0.000000e+00	6.436929e-04	0.000000e+00	0.000000e+00	0.000000e+00	1.560206e-03	0.000000e+00	0.000000e+00	0.000000e+00	0.000000e+00	7.091380e-04	0.000000e+00	1.001181e+00
