6.515867e-01	1.893685e-03	0.000000e+00	4.029224e-03	4.732232e-05	2.817386e-03	2.420739e-04	0.000000e+00	0.000000e+00	0.000000e+00	4.613043e-03	0.000000e+00	2.200626e-03	2.225631e-03	2.065597e-04	2.606399e-04	3.998454e-06	1.104272e-04	0.000000e+00	0.000000e+00	0.000000e+00	3.279553e-03	0.000000e+00	2.129709e-04	3.529094e-03	1.040163e-04	2.012823e-03	3.177053e-03	6.128966e-04	5.205062e-05	6.515867e-01	-4.521223e-01
6.499911e-01	0.000000e+00	0.000000e+00	0.000000e+00	1.234548e-04	2.817386e-03	4.326505e-03	4.516955e-04	0.000000e+00	0.000000e+00	0.000000e+00	0.000000e+00	1.718591e-04	1.049270e-03	2.065597e-04	1.280479e-04	0.000000e+00	0.000000e+00	1.458634e-03	0.000000e+00	0.000000e+00	0.000000e+00	0.000000e+00	2.129709e-04	3.945898e-03	1.605624e-02	2.712151e-03	1.459739e-03	3.530690e-03	5.205062e-05	6.499911e-01	-4.490274e-01
6.464361e-01	0.000000e+00	5.711338e-04	4.029224e-03	5.564664e-04	2.721398e-03	7.587789e-04	2.699668e-04	0.000000e+00	0.000000e+00	4.606641e-03	5.591750e-03	1.304075e-03	2.085146e-03	0.000000e+00	1.971726e-04	3.998454e-06	3.564755e-04	7.891380e-06	0.000000e+00	0.000000e+00	2.423187e-03	0.000000e+00	2.129709e-04	3.529094e-03	0.000000e+00	2.698518e-03	2.145915e-03	2.810249e-03	0.000000e+00	6.464361e-01	-4.395436e-01
6.451350e-01	4.037255e-03	0.000000e+00	0.000000e+00	3.709776e-04	3.323439e-03	5.579748e-04	8.298592e-05	0.000000e+00	0.000000e+00	1.456250e-03	1.192943e-03	1.950431e-03	4.842652e-04	1.672997e-04	1.099051e-04	1.684264e-03	1.359539e-03	3.088006e-05	0.000000e+00	4.575129e-04	0.000000e+00	0.000000e+00	6.551369e-04	3.551734e-03	8.838237e-03	1.507517e-05	2.320691e-03	7.854853e-03	4.961844e-05	6.451350e-01	-4.332712e-01
6.439505e-01	1.050378e-03	0.000000e+00	0.000000e+00	0.000000e+00	2.293942e-03	0.000000e+00	1.176509e-04	1.521566e-04	0.000000e+00	0.000000e+00	1.859415e-03	1.455722e-03	1.504246e-03	1.226786e-05	1.728116e-04	1.471628e-03	7.055789e-04	5.971395e-04	0.000000e+00	0.000000e+00	3.634780e-03	0.000000e+00	3.788841e-03	1.449833e-02	1.883686e-03	1.656057e-03	1.916484e-03	8.358614e-03	2.091139e-05	6.439505e-01	-4.260382e-01
6.435158e-01	5.309731e-04	5.711338e-04	1.377772e-03	5.818748e-04	2.721398e-03	5.893335e-04	3.424482e-04	0.000000e+00	0.000000e+00	1.557330e-03	5.426778e-03	1.336305e-03	2.093913e-03	2.242141e-05	2.541006e-04	8.783239e-04	0.000000e+00	1.159453e-03	0.000000e+00	0.000000e+00	3.634780e-03	0.000000e+00	7.327623e-03	4.690802e-03	1.040163e-04	2.146519e-03	8.358727e-04	5.411689e-03	4.051153e-06	6.435158e-01	-4.242824e-01
6.414198e-01	8.277873e-04	0.000000e+00	0.000000e+00	0.000000e+00	4.143667e-03	2.999219e-04	5.630437e-04	0.000000e+00	0.000000e+00	0.000000e+00	1.037300e-03	2.148511e-03	1.199665e-03	0.000000e+00	3.470456e-04	1.006751e-03	4.386354e-04	0.000000e+00	0.000000e+00	6.569971e-04	7.269560e-03	0.000000e+00	1.596735e-04	3.514150e-03	7.058574e-03	1.957228e-03	2.753715e-03	5.426128e-03	0.000000e+00	6.414198e-01	-4.115359e-01
6.401812e-01	8.199657e-04	6.472912e-03	1.506463e-03	2.469095e-04	3.689172e-03	5.579748e-04	4.622000e-04	6.086263e-04	0.000000e+00	0.000000e+00	1.192943e-03	1.048198e-03	9.590804e-04	1.672997e-04	6.912463e-05	4.832271e-04	0.000000e+00	1.159453e-03	0.000000e+00	4.575129e-04	0.000000e+00	0.000000e+00	7.376394e-03	3.551734e-03	5.457401e-05	2.345257e-03	1.232426e-03	0.000000e+00	7.145409e-06	6.401812e-01	-4.036493e-01
6.392717e-01	8.277873e-04	0.000000e+00	0.000000e+00	5.145387e-04	3.855246e-03	0.000000e+00	3.424482e-04	1.174553e-03	0.000000e+00	1.557330e-03	1.037300e-03	1.573281e-04	1.018749e-03	2.242141e-05	1.728116e-04	1.291771e-03	0.000000e+00	0.000000e+00	0.000000e+00	2.691954e-03	2.031481e-03	0.000000e+00	1.596735e-04	3.483814e-03	3.551274e-03	1.957228e-03	2.753715e-03	7.437220e-03	0.000000e+00	6.392717e-01	-3.961237e-01
6.387431e-01	1.639931e-03	6.356397e-04	2.833620e-03	2.554839e-04	3.783090e-03	2.313446e-03	9.115356e-04	1.351384e-03	0.000000e+00	8.752856e-03	0.000000e+00	8.763392e-04	4.233849e-04	0.000000e+00	1.824935e-04	0.000000e+00	1.616272e-04	2.690672e-04	0.000000e+00	1.569312e-04	7.269560e-03	0.000000e+00	1.596735e-04	4.281143e-03	2.014996e-03	2.422941e-03	0.000000e+00	6.052026e-04	1.429082e-05	6.387431e-01	-3.907150e-01
6.378784e-01	1.639931e-03	6.356397e-04	2.833620e-03	5.818748e-04	2.422798e-03	5.893335e-04	4.293733e-04	0.000000e+00	0.000000e+00	6.190877e-03	0.000000e+00	8.763392e-04	1.785064e-04	6.683377e-05	2.682727e-04	8.421322e-04	6.281367e-04	1.159453e-03	0.000000e+00	1.569312e-04	3.634780e-03	0.000000e+00	4.082729e-03	4.292463e-03	0.000000e+00	3.504791e-03	0.000000e+00	5.411689e-03	3.910004e-05	6.378784e-01	-3.832966e-01
6.368119e-01	3.217289e-03	0.000000e+00	7.142358e-03	7.419552e-04	2.726238e-03	9.484736e-04	1.344582e-04	3.043132e-04	0.000000e+00	0.000000e+00	1.037991e-03	3.679729e-03	1.702679e-03	1.672997e-04	1.382493e-04	3.998454e-06	4.929626e-04	1.147837e-05	0.000000e+00	9.150257e-04	4.846373e-03	0.000000e+00	1.064854e-04	3.529094e-03	6.078363e-03	1.364334e-03	2.587952e-03	0.000000e+00	1.316728e-05	6.368119e-01	-3.731075e-01
6.362112e-01	1.639931e-03	0.000000e+00	2.833620e-03	1.346720e-04	3.783090e-03	1.214859e-03	5.630437e-04	0.000000e+00	0.000000e+00	0.000000e+00	9.811978e-04	1.292712e-03	1.167167e-03	0.000000e+00	0.000000e+00	0.000000e+00	0.000000e+00	1.147837e-05	0.000000e+00	1.569312e-04	7.269560e-03	0.000000e+00	1.596735e-04	3.510078e-03	2.014996e-03	2.422941e-03	1.924897e-03	6.052026e-04	1.429082e-05	6.362112e-01	-3.691502e-01
6.350901e-01	3.217289e-03	0.000000e+00	5.730718e-04	9.099718e-05	2.834260e-03	1.714838e-03	1.260546e-05	1.217253e-03	0.000000e+00	0.000000e+00	3.253803e-03	0.000000e+00	7.062666e-04	1.469925e-04	8.877647e-05	1.669836e-03	1.411158e-03	3.482575e-05	0.000000e+00	0.000000e+00	0.000000e+00	0.000000e+00	2.988299e-04	1.141381e-03	7.830739e-03	1.364334e-03	3.393649e-03	5.893850e-03	4.086588e-05	6.350901e-01	-3.567005e-01
6.346073e-01	0.000000e+00	6.174061e-04	2.755543e-03	7.419552e-04	2.726238e-03	3.297728e-04	1.344582e-04	0.000000e+00	0.000000e+00	2.823326e-03	9.811978e-04	7.803035e-04	2.193302e-03	4.484283e-05	2.662811e-04	8.783239e-04	1.032659e-04	1.148138e-03	0.000000e+00	4.113965e-03	6.449671e-03	0.000000e+00	5.372736e-03	1.405239e-02	9.117544e-03	1.467133e-03	0.000000e+00	0.000000e+00	1.063479e-05	6.346073e-01	-3.477695e-01
6.338602e-01	4.060720e-04	1.557837e-04	0.000000e+00	7.419552e-04	2.726238e-03	2.189075e-03	2.568362e-04	2.574892e-04	0.000000e+00	6.580209e-03	3.511491e-03	1.112004e-03	9.740223e-04	3.363212e-05	1.382493e-04	0.000000e+00	1.032659e-04	3.410835e-05	0.000000e+00	5.080895e-03	0.000000e+00	0.000000e+00	4.016260e-03	3.529094e-03	7.341907e-03	2.731619e-03	0.000000e+00	0.000000e+00	0.000000e+00	6.338602e-01	-3.424156e-01
6.332913e-01	0.000000e+00	1.957937e-02	1.270541e-03	0.000000e+00	3.541244e-03	1.007398e-03	7.332173e-04	6.579744e-04	0.000000e+00	1.066953e-02	5.353460e-03	1.048198e-03	1.249200e-03	0.000000e+00	1.869712e-04	2.279619e-03	0.000000e+00	1.722990e-03	0.000000e+00	0.000000e+00	0.000000e+00	0.000000e+00	2.720381e-04	2.680094e-03	0.000000e+00	1.763029e-03	0.000000e+00	4.157132e-03	1.398979e-05	6.332913e-01	-3.329195e-01
6.323609e-01	3.217289e-03	5.166307e-05	3.936868e-04	2.366116e-05	2.192069e-03	7.944578e-03	0.000000e+00	1.984050e-03	0.000000e+00	5.334766e-03	2.763204e-03	0.000000e+00	1.875670e-03	1.549499e-04	8.877647e-05	6.593046e-04	1.509290e-03	2.908656e-05	0.000000e+00	0.000000e+00	0.000000e+00	0.000000e+00	4.571857e-04	1.141381e-03	7.341907e-03	1.368209e-03	2.911702e-03	7.669814e-03	4.252762e-05	6.323609e-01	-3.237259e-01
6.314336e-01	0.000000e+00	2.677190e-05	4.135621e-03	8.917344e-05	3.541244e-03	4.218236e-03	2.233799e-03	6.579744e-04	0.000000e+00	2.490887e-03	1.725938e-04	1.752678e-03	1.297477e-03	0.000000e+00	6.165328e-05	0.000000e+00	0.000000e+00	1.722990e-03	0.000000e+00	0.000000e+00	0.000000e+00	0.000000e+00	1.036118e-04	2.680094e-03	0.000000e+00	2.619775e-03	0.000000e+00	4.157132e-03	0.000000e+00	6.314336e-01	-3.156731e-01
6.303953e-01	1.639931e-03	0.000000e+00	0.000000e+00	0.000000e+00	3.699754e-03	0.000000e+00	4.107278e-04	0.000000e+00	0.000000e+00	0.000000e+00	0.000000e+00	0.000000e+00	2.673296e-03	0.000000e+00	2.394298e-04	3.285493e-05	2.532382e-04	0.000000e+00	0.000000e+00	0.000000e+00	1.639776e-03	0.000000e+00	9.255847e-04	4.102968e-03	2.014996e-03	0.000000e+00	0.000000e+00	6.732256e-03	1.750512e-05	6.303953e-01	-3.039681e-01
6.298733e-01	1.639931e-03	0.000000e+00	0.000000e+00	0.000000e+00	3.699754e-03	1.375287e-03	4.107278e-04	0.000000e+00	0.000000e+00	0.000000e+00	1.104376e-02	0.000000e+00	1.952695e-03	5.201804e-03	2.394298e-04	3.285493e-05	0.000000e+00	1.184855e-03	0.000000e+00	0.000000e+00	5.042226e-03	0.000000e+00	2.720381e-04	1.175996e-03	2.014996e-03	0.000000e+00	2.951612e-03	7.252080e-03	1.750512e-05	6.298733e-01	-2.932078e-01
6.297894e-01	3.217289e-03	2.483284e-04	6.888858e-04	3.709776e-04	2.726238e-03	1.669954e-03	3.004300e-04	0.000000e+00	0.000000e+00	9.112202e-03	5.189957e-04	0.000000e+00	1.172799e-03	1.672997e-04	1.626102e-04	0.000000e+00	4.929626e-04	1.147837e-05	0.000000e+00	9.150257e-04	4.846373e-03	4.223819e-02	1.064854e-04	3.519586e-03	6.078363e-03	1.372847e-03	2.716317e-03	1.352504e-03	1.316728e-05	6.297894e-01	-2.848472e-01
6.281580e-01	1.639931e-03	1.947846e-04	0.000000e+00	0.000000e+00	4.213994e-03	4.381312e-04	3.340446e-04	0.000000e+00	0.000000e+00	0.000000e+00	2.587465e-03	0.000000e+00	0.000000e+00	5.448633e-05	3.878069e-04	1.032164e-03	2.426992e-04	1.044772e-04	0.000000e+00	3.926329e-04	0.000000e+00	0.000000e+00	1.200730e-03	0.000000e+00	1.084843e-02	0.000000e+00	1.040824e-03	2.755911e-04	4.961844e-05	6.281580e-01	-2.738527e-01
6.276197e-01	1.639931e-03	1.033261e-04	2.474850e-03	0.000000e+00	2.498708e-03	6.417127e-04	0.000000e+00	1.533595e-03	0.000000e+00	1.066953e-02	0.000000e+00	4.599661e-04	1.952695e-03	1.591475e-05	0.000000e+00	3.088897e-04	1.962637e-04	0.000000e+00	0.000000e+00	0.000000e+00	2.049721e-03	0.000000e+00	4.763851e-04	3.510078e-03	0.000000e+00	2.266995e-03	2.578180e-03	4.157132e-03	1.761430e-05	6.276197e-01	-2.639492e-01
6.270857e-01	6.773789e-04	7.062041e-05	2.207249e-03	0.000000e+00	1.780531e-03	7.457470e-03	3.286887e-03	2.511122e-03	0.000000e+00	0.000000e+00	2.309528e-03	2.299830e-04	9.668867e-04	0.000000e+00	4.225574e-04	1.819171e-04	9.844545e-05	4.089406e-03	0.000000e+00	7.981856e-03	8.198882e-04	0.000000e+00	1.147487e-03	0.000000e+00	6.225087e-03	1.213870e-03	2.575711e-03	0.000000e+00	4.582310e-05	6.270857e-01	-2.546864e-01
6.258876e-01	2.328411e-03	0.000000e+00	0.000000e+00	9.274440e-05	0.000000e+00	0.000000e+00	0.000000e+00	8.105358e-04	0.000000e+00	0.000000e+00	0.000000e+00	0.000000e+00	0.000000e+00	1.130481e-02	0.000000e+00	0.000000e+00	3.771611e-04	0.000000e+00	0.000000e+00	3.319679e-03	0.000000e+00	0.000000e+00	9.852659e-04	0.000000e+00	0.000000e+00	1.796872e-03	0.000000e+00	0.000000e+00	1.641509e-05	6.258876e-01	-2.419174e-01
6.251794e-01	1.639931e-03	0.000000e+00	7.022226e-04	1.854888e-04	3.205968e-03	1.375287e-03	1.134491e-04	1.895961e-03	0.000000e+00	0.000000e+00	6.023602e-04	0.000000e+00	1.952695e-03	5.201804e-03	2.120830e-04	3.285493e-05	0.000000e+00	1.184855e-03	0.000000e+00	0.000000e+00	0.000000e+00	0.000000e+00	2.720381e-04	4.466301e-03	6.101984e-04	1.758004e-03	2.951612e-03	7.603093e-04	0.000000e+00	6.251794e-01	-2.297625e-01
6.251794e-01	1.639931e-03	0.000000e+00	7.022226e-04	1.854888e-04	3.205968e-03	1.375287e-03	1.134491e-04	1.895961e-03	0.000000e+00	0.000000e+00	6.023602e-04	0.000000e+00	1.952695e-03	5.201804e-03	2.120830e-04	3.285493e-05	0.000000e+00	1.184855e-03	0.000000e+00	0.000000e+00	0.000000e+00	0.000000e+00	2.720381e-04	4.466301e-03	6.101984e-04	1.758004e-03	2.951612e-03	7.603093e-04	0.000000e+00	6.251794e-01	-2.297625e-01
6.239531e-01	1.619577e-03	0.000000e+00	0.000000e+00	0.000000e+00	2.666638e-03	0.000000e+00	0.000000e+00	0.000000e+00	0.000000e+00	0.000000e+00	6.161065e-04	2.299830e-04	9.052506e-04	0.000000e+00	1.642634e-04	0.000000e+00	3.043853e-04	0.000000e+00	0.000000e+00	1.143119e-02	2.940433e-02	0.000000e+00	0.000000e+00	0.000000e+00	0.000000e+00	9.686244e-04	0.000000e+00	7.603093e-04	4.881620e-06	6.239531e-01	-2.071242e-01
6.227861e-01	1.943719e-03	0.000000e+00	0.000000e+00	0.000000e+00	1.872649e-03	5.282465e-04	0.000000e+00	0.000000e+00	0.000000e+00	0.000000e+00	5.391438e-04	9.199322e-04	0.000000e+00	0.000000e+00	4.225574e-04	0.000000e+00	2.524527e-04	0.000000e+00	0.000000e+00	1.170560e-03	0.000000e+00	0.000000e+00	1.147487e-03	5.278565e-03	0.000000e+00	7.043440e-04	4.938365e-06	0.000000e+00	4.582310e-05	6.227861e-01	-1.950870e-01
6.227861e-01	1.943719e-03	0.000000e+00	0.000000e+00	0.000000e+00	1.872649e-03	5.282465e-04	0.000000e+00	0.000000e+00	0.000000e+00	0.000000e+00	5.391438e-04	9.199322e-04	0.000000e+00	0.000000e+00	4.225574e-04	0.000000e+00	2.524527e-04	0.000000e+00	0.000000e+00	1.170560e-03	0.000000e+00	0.000000e+00	1.147487e-03	5.278565e-03	0.000000e+00	7.043440e-04	4.938365e-06	0.000000e+00	4.582310e-05	6.227861e-01	-1.950870e-01
6.215873e-01	0.000000e+00	0.000000e+00	0.000000e+00	0.000000e+00	1.872649e-03	0.000000e+00	0.000000e+00	0.000000e+00	0.000000e+00	0.000000e+00	6.229796e-04	9.199322e-04	0.000000e+00	0.000000e+00	6.338361e-04	0.000000e+00	9.844545e-05	0.000000e+00	0.000000e+00	2.179454e-03	8.198882e-04	0.000000e+00	2.036068e-03	0.000000e+00	0.000000e+00	7.043440e-04	1.289090e-03	0.000000e+00	6.873465e-05	6.215873e-01	-1.762644e-01
6.215873e-01	0.000000e+00	0.000000e+00	0.000000e+00	0.000000e+00	1.872649e-03	0.000000e+00	0.000000e+00	0.000000e+00	0.000000e+00	0.000000e+00	6.229796e-04	9.199322e-04	0.000000e+00	0.000000e+00	6.338361e-04	0.000000e+00	9.844545e-05	0.000000e+00	0.000000e+00	2.179454e-03	8.198882e-04	0.000000e+00	2.036068e-03	0.000000e+00	0.000000e+00	7.043440e-04	1.289090e-03	0.000000e+00	6.873465e-05	6.215873e-01	-1.762644e-01
6.197243e-01	7.994055e-05	0.000000e+00	0.000000e+00	0.000000e+00	8.530954e-05	1.604282e-04	2.689164e-04	0.000000e+00	0.000000e+00	0.000000e+00	4.682604e-05	9.199322e-04	0.000000e+00	1.948771e-05	0.000000e+00	2.019846e-04	2.066443e-04	0.000000e+00	0.000000e+00	2.013544e-03	0.000000e+00	0.000000e+00	8.040209e-04	1.755039e-03	4.146869e-03	1.101550e-03	0.000000e+00	0.000000e+00	0.000000e+00	6.197243e-01	-1.449112e-01
6.195129e-01	1.629254e-03	0.000000e+00	7.022226e-04	0.000000e+00	3.048260e-03	2.641232e-04	0.000000e+00	0.000000e+00	0.000000e+00	0.000000e+00	1.267313e-02	2.299830e-04	9.668867e-04	5.192061e-03	2.112787e-04	0.000000e+00	4.306116e-04	0.000000e+00	0.000000e+00	1.015637e-02	0.000000e+00	0.000000e+00	0.000000e+00	2.706508e-03	0.000000e+00	1.028292e-03	2.469183e-06	0.000000e+00	4.881620e-06	6.195129e-01	-1.361184e-01
4.538262e-01	7.994055e-05	0.000000e+00	0.000000e+00	0.000000e+00	2.666638e-03	0.000000e+00	0.000000e+00	0.000000e+00	0.000000e+00	0.000000e+00	6.161065e-04	0.000000e+00	0.000000e+00	0.000000e+00	0.000000e+00	0.000000e+00	3.043853e-04	0.000000e+00	0.000000e+00	1.452969e-03	0.000000e+00	0.000000e+00	1.448058e-03	0.000000e+00	0.000000e+00	1.055564e-03	0.000000e+00	0.000000e+00	0.000000e+00	4.538262e-01	-1.226482e-01
4.538262e-01	7.994055e-05	0.000000e+00	0.000000e+00	0.000000e+00	2.666638e-03	0.000000e+00	0.000000e+00	0.000000e+00	0.000000e+00	0.000000e+00	6.161065e-04	0.000000e+00	0.000000e+00	0.000000e+00	0.000000e+00	0.000000e+00	3.043853e-04	0.000000e+00	0.000000e+00	1.452969e-03	0.000000e+00	0.000000e+00	1.448058e-03	0.000000e+00	0.000000e+00	1.055564e-03	0.000000e+00	0.000000e+00	0.000000e+00	4.538262e-01	-1.226482e-01
4.538262e-01	7.994055e-05	0.000000e+00	0.000000e+00	0.000000e+00	2.666638e-03	0.000000e+00	0.000000e+00	0.000000e+00	0.000000e+00	0.000000e+00	6.161065e-04	0.000000e+00	0.000000e+00	0.000000e+00	0.000000e+00	0.000000e+00	3.043853e-04	0.000000e+00	0.000000e+00	1.452969e-03	0.000000e+00	0.000000e+00	1.448058e-03	0.000000e+00	0.000000e+00	1.055564e-03	0.000000e+00	0.000000e+00	0.000000e+00	4.538262e-01	-1.226482e-01
4.538262e-01	7.994055e-05	0.000000e+00	0.000000e+00	0.000000e+00	2.666638e-03	0.000000e+00	0.000000e+00	0.000000e+00	0.000000e+00	0.000000e+00	6.161065e-04	0.000000e+00	0.000000e+00	0.000000e+00	0.000000e+00	0.000000e+00	3.043853e-04	0.000000e+00	0.000000e+00	1.452969e-03	0.000000e+00	0.000000e+00	1.448058e-03	0.000000e+00	0.000000e+00	1.055564e-03	0.000000e+00	0.000000e+00	0.000000e+00	4.538262e-01	-1.226482e-01
4.538262e-01	7.994055e-05	0.000000e+00	0.000000e+00	0.000000e+00	2.666638e-03	0.000000e+00	0.000000e+00	0.000000e+00	0.000000e+00	0.000000e+00	6.161065e-04	0.000000e+00	0.000000e+00	0.000000e+00	0.000000e+00	0.000000e+00	3.043853e-04	0.000000e+00	0.000000e+00	1.452969e-03	0.000000e+00	0.000000e+00	1.448058e-03	0.000000e+00	0.000000e+00	1.055564e-03	0.000000e+00	0.000000e+00	0.000000e+00	4.538262e-01	-1.226482e-01
4.538262e-01	7.994055e-05	0.000000e+00	0.000000e+00	0.000000e+00	2.666638e-03	0.000000e+00	0.000000e+00	0.000000e+00	0.000000e+00	0.000000e+00	6.161065e-04	0.000000e+00	0.000000e+00	0.000000e+00	0.000000e+00	0.000000e+00	3.043853e-04	0.000000e+00	0.000000e+00	1.452969e-03	0.000000e+00	0.000000e+00	1.448058e-03	0.000000e+00	0.000000e+00	1.055564e-03	0.000000e+00	0.000000e+00	0.000000e+00	4.538262e-01	-1.226482e-01
4.538262e-01	7.994055e-05	0.000000e+00	0.000000e+00	0.000000e+00	2.666638e-03	0.000000e+00	0.000000e+00	0.000000e+00	0.000000e+00	0.000000e+00	6.161065e-04	0.000000e+00	0.000000e+00	0.000000e+00	0.000000e+00	0.000000e+00	3.043853e-04	0.000000e+00	0.000000e+00	1.452969e-03	0.000000e+00	0.000000e+00	1.448058e-03	0.000000e+00	0.000000e+00	1.055564e-03	0.000000e+00	0.000000e+00	0.000000e+00	4.538262e-01	-1.226482e-01
4.522953e-01	0.000000e+00	3.582942e-05	0.000000e+00	0.000000e+00	2.666638e-03	0.000000e+00	0.000000e+00	0.000000e+00	0.000000e+00	0.000000e+00	6.161065e-04	0.000000e+00	0.000000e+00	4.617362e-05	0.000000e+00	0.000000e+00	2.024335e-03	0.000000e+00	0.000000e+00	0.000000e+00	0.000000e+00	0.000000e+00	0.000000e+00	0.000000e+00	2.073434e-03	1.254167e-03	1.420087e-03	0.000000e+00	0.000000e+00	4.522953e-01	-1.215601e-01
4.462052e-01	7.348936e-05	0.000000e+00	0.000000e+00	0.000000e+00	2.259004e-03	0.000000e+00	0.000000e+00	0.000000e+00	0.000000e+00	3.728469e-03	8.966360e-04	0.000000e+00	9.672251e-05	6.999724e-05	0.000000e+00	0.000000e+00	0.000000e+00	0.000000e+00	0.000000e+00	2.549651e-03	0.000000e+00	0.000000e+00	1.030609e-03	0.000000e+00	0.000000e+00	7.588886e-04	0.000000e+00	0.000000e+00	0.000000e+00	4.462052e-01	-1.086534e-01
4.433012e-01	1.199108e-04	0.000000e+00	0.000000e+00	0.000000e+00	2.982056e-03	0.000000e+00	2.689164e-04	0.000000e+00	0.000000e+00	0.000000e+00	8.087157e-04	0.000000e+00	0.000000e+00	0.000000e+00	0.000000e+00	1.312122e-03	0.000000e+00	2.329353e-04	0.000000e+00	0.000000e+00	0.000000e+00	0.000000e+00	1.936899e-03	0.000000e+00	0.000000e+00	1.652325e-03	2.840173e-03	0.000000e+00	0.000000e+00	4.433012e-01	-9.681205e-02
4.421751e-01	0.000000e+00	3.582942e-05	0.000000e+00	0.000000e+00	0.000000e+00	1.031181e-02	6.105255e-03	0.000000e+00	0.000000e+00	0.000000e+00	3.376489e-04	0.000000e+00	2.084771e-04	5.104555e-05	1.470507e-05	0.000000e+00	1.986917e-03	0.000000e+00	0.000000e+00	0.000000e+00	0.000000e+00	0.000000e+00	2.495824e-03	0.000000e+00	0.000000e+00	3.218228e-03	1.420087e-03	0.000000e+00	0.000000e+00	4.421751e-01	-8.841405e-02
4.389208e-01	2.764516e-04	3.582942e-05	0.000000e+00	0.000000e+00	3.612890e-03	0.000000e+00	0.000000e+00	1.751333e-04	0.000000e+00	0.000000e+00	4.163558e-04	0.000000e+00	6.163606e-05	1.254235e-04	4.781959e-05	5.380418e-03	2.336421e-04	2.870069e-04	0.000000e+00	2.535314e-03	0.000000e+00	0.000000e+00	1.454078e-03	0.000000e+00	8.584272e-04	1.615541e-03	0.000000e+00	1.458678e-04	0.000000e+00	4.389208e-01	-7.152676e-02
4.373247e-01	9.284291e-05	7.165885e-05	0.000000e+00	0.000000e+00	0.000000e+00	1.718834e-02	2.607301e-03	0.000000e+00	1.625081e-04	0.000000e+00	3.202997e-04	0.000000e+00	2.199946e-04	3.208443e-04	9.563917e-05	0.000000e+00	1.860690e-03	1.427888e-04	8.624185e-05	0.000000e+00	0.000000e+00	0.000000e+00	1.042650e-03	0.000000e+00	1.716854e-03	1.786872e-03	0.000000e+00	0.000000e+00	0.000000e+00	4.373247e-01	-5.864918e-02
4.348295e-01	9.284291e-05	0.000000e+00	0.000000e+00	0.000000e+00	0.000000e+00	0.000000e+00	2.233967e-03	0.000000e+00	0.000000e+00	0.000000e+00	3.202997e-04	0.000000e+00	2.199946e-04	3.441767e-04	0.000000e+00	0.000000e+00	1.860690e-03	1.427888e-04	0.000000e+00	9.413305e-04	0.000000e+00	0.000000e+00	2.282956e-03	0.000000e+00	1.716854e-03	1.786872e-03	0.000000e+00	0.000000e+00	0.000000e+00	4.348295e-01	-4.330344e-02
4.332955e-01	1.000902e-03	3.057380e-04	8.822401e-05	0.000000e+00	1.340363e-03	0.000000e+00	2.091782e-03	1.724810e-04	1.821796e-03	1.395670e-03	0.000000e+00	8.382053e-04	5.499866e-05	1.604221e-04	0.000000e+00	0.000000e+00	0.000000e+00	1.348223e-04	0.000000e+00	1.013890e-03	0.000000e+00	0.000000e+00	8.891330e-04	0.000000e+00	0.000000e+00	0.000000e+00	1.420087e-03	2.763724e-03	0.000000e+00	4.332955e-01	-3.001179e-02
4.317347e-01	1.360914e-04	0.000000e+00	3.881285e-04	0.000000e+00	0.000000e+00	1.453128e-02	8.052474e-03	9.363076e-04	0.000000e+00	0.000000e+00	7.264302e-05	0.000000e+00	3.034423e-04	0.000000e+00	0.000000e+00	3.547975e-03	2.846067e-03	0.000000e+00	0.000000e+00	0.000000e+00	0.000000e+00	0.000000e+00	1.527352e-03	0.000000e+00	0.000000e+00	0.000000e+00	0.000000e+00	6.775615e-04	0.000000e+00	4.317347e-01	-1.276047e-02
4.293783e-01	0.000000e+00	1.433177e-04	3.881285e-04	0.000000e+00	0.000000e+00	0.000000e+00	0.000000e+00	2.911676e-04	3.891668e-04	8.302851e-04	1.452860e-04	0.000000e+00	1.318090e-04	5.045988e-04	0.000000e+00	0.000000e+00	7.401561e-04	0.000000e+00	1.766233e-03	9.886429e-05	0.000000e+00	0.000000e+00	0.000000e+00	0.000000e+00	4.405562e-03	2.253441e-04	0.000000e+00	2.690790e-03	0.000000e+00	4.293783e-01	5.013506e-03
4.277948e-01	0.000000e+00	0.000000e+00	0.000000e+00	1.006302e-05	2.533512e-03	0.000000e+00	0.000000e+00	8.061848e-04	0.000000e+00	3.728469e-03	0.000000e+00	0.000000e+00	4.836126e-05	6.999724e-05	3.825567e-04	0.000000e+00	9.929770e-04	1.468369e-04	0.000000e+00	2.495201e-03	0.000000e+00	0.000000e+00	2.889078e-04	0.000000e+00	1.226466e-03	0.000000e+00	0.000000e+00	0.000000e+00	0.000000e+00	4.277948e-01	2.074253e-02
4.263640e-01	0.000000e+00	0.000000e+00	0.000000e+00	0.000000e+00	2.403019e-03	6.519581e-04	7.743154e-04	5.895205e-04	0.000000e+00	0.000000e+00	2.081779e-04	2.841374e-05	0.000000e+00	0.000000e+00	2.941015e-05	4.903701e-03	2.862551e-04	2.356092e-04	1.228084e-03	2.013798e-03	0.000000e+00	0.000000e+00	2.095532e-03	0.000000e+00	4.292136e-04	4.846760e-03	2.840173e-03	0.000000e+00	0.000000e+00	4.263640e-01	3.784073e-02
4.254715e-01	1.962423e-04	0.000000e+00	0.000000e+00	3.433646e-04	0.000000e+00	2.043625e-03	6.209970e-03	2.183757e-04	5.217311e-04	1.484591e-03	1.846466e-02	0.000000e+00	0.000000e+00	0.000000e+00	1.470507e-05	0.000000e+00	1.908080e-03	1.571355e-04	0.000000e+00	5.000115e-05	0.000000e+00	7.331773e-06	5.277964e-06	0.000000e+00	5.263990e-03	0.000000e+00	0.000000e+00	0.000000e+00	0.000000e+00	4.254715e-01	5.016618e-02
4.238613e-01	1.565427e-04	0.000000e+00	3.881285e-04	0.000000e+00	0.000000e+00	1.031181e-02	5.277847e-03	1.045495e-03	0.000000e+00	0.000000e+00	7.264302e-05	0.000000e+00	3.034423e-04	8.021107e-04	0.000000e+00	7.077043e-04	1.992797e-03	0.000000e+00	0.000000e+00	0.000000e+00	0.000000e+00	0.000000e+00	8.328771e-04	0.000000e+00	0.000000e+00	0.000000e+00	0.000000e+00	6.775615e-04	0.000000e+00	4.238613e-01	6.487822e-02
4.211159e-01	0.000000e+00	1.433177e-04	3.881285e-04	0.000000e+00	1.261669e-03	2.043625e-03	4.302662e-03	1.045495e-03	3.891668e-04	2.877393e-04	0.000000e+00	0.000000e+00	1.934450e-04	6.416885e-04	0.000000e+00	1.162712e-02	1.233635e-03	0.000000e+00	3.449674e-04	1.308832e-04	0.000000e+00	0.000000e+00	8.333145e-04	0.000000e+00	5.263990e-03	4.798553e-04	0.000000e+00	1.335667e-03	0.000000e+00	4.211159e-01	9.845570e-02
4.192496e-01	1.203018e-04	1.879772e-04	1.907768e-04	6.867292e-04	0.000000e+00	0.000000e+00	4.302662e-03	3.449620e-04	3.912983e-04	3.346122e-03	0.000000e+00	0.000000e+00	7.678850e-05	3.208443e-04	2.941015e-05	2.316489e-05	0.000000e+00	0.000000e+00	1.931817e-04	9.701703e-05	0.000000e+00	3.490163e-03	0.000000e+00	0.000000e+00	0.000000e+00	0.000000e+00	0.000000e+00	0.000000e+00	0.000000e+00	4.192496e-01	1.170377e-01
4.178528e-01	1.203018e-04	0.000000e+00	0.000000e+00	3.433646e-04	0.000000e+00	0.000000e+00	0.000000e+00	7.602901e-04	3.902326e-04	4.616234e-03	1.452860e-04	0.000000e+00	7.348070e-05	1.837545e-04	1.470507e-05	1.184290e-02	0.000000e+00	0.000000e+00	2.686873e-04	8.193119e-05	0.000000e+00	0.000000e+00	0.000000e+00	0.000000e+00	0.000000e+00	0.000000e+00	2.729641e-05	2.022957e-03	0.000000e+00	4.178528e-01	1.357136e-01
4.160291e-01	4.090261e-05	0.000000e+00	0.000000e+00	0.000000e+00	1.333319e-03	1.872885e-03	2.438417e-03	2.183757e-04	5.217311e-04	3.769399e-04	0.000000e+00	0.000000e+00	0.000000e+00	2.369532e-03	0.000000e+00	2.213492e-03	1.694340e-04	1.571355e-04	1.976857e-03	5.124309e-04	0.000000e+00	7.331773e-06	5.277964e-06	0.000000e+00	3.433709e-03	5.153462e-03	0.000000e+00	1.381862e-03	0.000000e+00	4.160291e-01	1.593288e-01
4.141545e-01	1.010535e-04	0.000000e+00	3.848410e-04	6.842135e-04	1.266756e-03	1.639854e-04	1.820206e-03	5.881944e-04	9.924184e-04	0.000000e+00	0.000000e+00	0.000000e+00	6.469819e-05	0.000000e+00	1.765733e-04	3.781682e-04	4.981961e-04	1.595169e-04	1.228084e-03	1.253086e-03	0.000000e+00	7.331773e-06	5.277964e-06	0.000000e+00	0.000000e+00	4.846760e-03	5.459282e-05	6.678335e-04	0.000000e+00	4.141545e-01	1.815278e-01
4.124779e-01	1.650390e-04	0.000000e+00	9.867584e-05	1.410178e-03	4.112681e-03	2.043625e-03	4.875925e-04	1.025558e-03	3.891668e-04	0.000000e+00	3.632151e-05	0.000000e+00	0.000000e+00	6.416885e-04	1.470507e-05	3.654346e-04	1.233635e-03	0.000000e+00	3.449674e-04	5.000115e-05	0.000000e+00	0.000000e+00	8.333145e-04	0.000000e+00	5.263990e-03	6.148943e-03	6.312295e-05	1.335667e-03	0.000000e+00	4.124779e-01	2.056686e-01
4.101721e-01	1.469186e-04	1.433177e-04	0.000000e+00	1.753543e-03	4.112681e-03	0.000000e+00	0.000000e+00	6.752915e-04	3.912983e-04	0.000000e+00	0.000000e+00	0.000000e+00	1.776520e-04	1.015171e-04	2.941015e-05	2.316489e-05	4.508703e-03	0.000000e+00	1.931817e-04	9.850966e-05	0.000000e+00	0.000000e+00	0.000000e+00	0.000000e+00	0.000000e+00	6.148943e-03	6.312295e-05	4.025501e-03	0.000000e+00	4.101721e-01	2.354665e-01
2.572585e-01	1.469186e-04	0.000000e+00	0.000000e+00	6.867292e-04	0.000000e+00	0.000000e+00	0.000000e+00	6.752915e-04	3.912983e-04	0.000000e+00	0.000000e+00	0.000000e+00	1.776520e-04	0.000000e+00	2.941015e-05	2.316489e-05	6.608487e-04	0.000000e+00	1.931817e-04	7.368552e-05	0.000000e+00	0.000000e+00	0.000000e+00	0.000000e+00	0.000000e+00	0.000000e+00	6.312295e-05	0.000000e+00	0.000000e+00	2.572585e-01	2.429176e-01
2.572585e-01	1.469186e-04	0.000000e+00	0.000000e+00	6.867292e-04	0.000000e+00	0.000000e+00	0.000000e+00	6.752915e-04	3.912983e-04	0.000000e+00	0.000000e+00	0.000000e+00	1.776520e-04	0.000000e+00	2.941015e-05	2.316489e-05	6.608487e-04	0.000000e+00	1.931817e-04	7.368552e-05	0.000000e+00	0.000000e+00	0.000000e+00	0.000000e+00	0.000000e+00	0.000000e+00	6.312295e-05	0.000000e+00	0.000000e+00	2.572585e-01	2.429176e-01
2.572585e-01	1.469186e-04	0.000000e+00	0.000000e+00	6.867292e-04	0.000000e+00	0.000000e+00	0.000000e+00	6.752915e-04	3.912983e-04	0.000000e+00	0.000000e+00	0.000000e+00	1.776520e-04	0.000000e+00	2.941015e-05	2.316489e-05	6.608487e-04	0.000000e+00	1.931817e-04	7.368552e-05	0.000000e+00	0.000000e+00	0.000000e+00	0.000000e+00	0.000000e+00	0.000000e+00	6.312295e-05	0.000000e+00	0.000000e+00	2.572585e-01	2.429176e-01
2.572585e-01	1.469186e-04	0.000000e+00	0.000000e+00	6.867292e-04	0.000000e+00	0.000000e+00	0.000000e+00	6.752915e-04	3.912983e-04	0.000000e+00	0.000000e+00	0.000000e+00	1.776520e-04	0.000000e+00	2.941015e-05	2.316489e-05	6.608487e-04	0.000000e+00	1.931817e-04	7.368552e-05	0.000000e+00	0.000000e+00	0.000000e+00	0.000000e+00	0.000000e+00	0.000000e+00	6.312295e-05	0.000000e+00	0.000000e+00	2.572585e-01	2.429176e-01
2.572585e-01	1.469186e-04	0.000000e+00	0.000000e+00	6.867292e-04	0.000000e+00	0.000000e+00	0.000000e+00	6.752915e-04	3.912983e-04	0.000000e+00	0.000000e+00	0.000000e+00	1.776520e-04	0.000000e+00	2.941015e-05	2.316489e-05	6.608487e-04	0.000000e+00	1.931817e-04	7.368552e-05	0.000000e+00	0.000000e+00	0.000000e+00	0.000000e+00	0.000000e+00	0.000000e+00	6.312295e-05	0.000000e+00	0.000000e+00	2.572585e-01	2.429176e-01
2.572585e-01	1.469186e-04	0.000000e+00	0.000000e+00	6.867292e-04	0.000000e+00	0.000000e+00	0.000000e+00	6.752915e-04	3.912983e-04	0.000000e+00	0.000000e+00	0.000000e+00	1.776520e-04	0.000000e+00	2.941015e-05	2.316489e-05	6.608487e-04	0.000000e+00	1.931817e-04	7.368552e-05	0.000000e+00	0.000000e+00	0.000000e+00	0.000000e+00	0.000000e+00	0.000000e+00	6.312295e-05	0.000000e+00	0.000000e+00	2.572585e-01	2.429176e-01
2.572585e-01	1.469186e-04	0.000000e+00	0.000000e+00	6.867292e-04	0.000000e+00	0.000000e+00	0.000000e+00	6.752915e-04	3.912983e-04	0.000000e+00	0.000000e+00	0.000000e+00	1.776520e-04	0.000000e+00	2.941015e-05	2.316489e-05	6.608487e-04	0.000000e+00	1.931817e-04	7.368552e-05	0.000000e+00	0.000000e+00	0.000000e+00	0.000000e+00	0.000000e+00	0.000000e+00	6.312295e-05	0.000000e+00	0.000000e+00	2.572585e-01	2.429176e-01
2.572585e-01	1.469186e-04	0.000000e+00	0.000000e+00	6.867292e-04	0.000000e+00	0.000000e+00	0.000000e+00	6.752915e-04	3.912983e-04	0.000000e+00	0.000000e+00	0.000000e+00	1.776520e-04	0.000000e+00	2.941015e-05	2.316489e-05	6.608487e-04	0.000000e+00	1.931817e-04	7.368552e-05	0.000000e+00	0.000000e+00	0.000000e+00	0.000000e+00	0.000000e+00	0.000000e+00	6.312295e-05	0.000000e+00	0.000000e+00	2.572585e-01	2.429176e-01
2.572585e-01	1.469186e-04	0.000000e+00	0.000000e+00	6.867292e-04	0.000000e+00	0.000000e+00	0.000000e+00	6.752915e-04	3.912983e-04	0.000000e+00	0.000000e+00	0.000000e+00	1.776520e-04	0.000000e+00	2.941015e-05	2.316489e-05	6.608487e-04	0.000000e+00	1.931817e-04	7.368552e-05	0.000000e+00	0.000000e+00	0.000000e+00	0.000000e+00	0.000000e+00	0.000000e+00	6.312295e-05	0.000000e+00	0.000000e+00	2.572585e-01	2.429176e-01
2.572585e-01	1.469186e-04	0.000000e+00	0.000000e+00	6.867292e-04	0.000000e+00	0.000000e+00	0.000000e+00	6.752915e-04	3.912983e-04	0.000000e+00	0.000000e+00	0.000000e+00	1.776520e-04	0.000000e+00	2.941015e-05	2.316489e-05	6.608487e-04	0.000000e+00	1.931817e-04	7.368552e-05	0.000000e+00	0.000000e+00	0.000000e+00	0.000000e+00	0.000000e+00	0.000000e+00	6.312295e-05	0.000000e+00	0.000000e+00	2.572585e-01	2.429176e-01
2.499726e-01	1.203018e-04	0.000000e+00	0.000000e+00	0.000000e+00	0.000000e+00	0.000000e+00	6.569307e-04	0.000000e+00	3.912983e-04	0.000000e+00	0.000000e+00	0.000000e+00	7.678850e-05	2.207809e-03	2.941015e-05	2.316489e-05	6.608487e-04	0.000000e+00	1.931817e-04	9.701703e-05	0.000000e+00	2.932709e-05	0.000000e+00	0.000000e+00	0.000000e+00	0.000000e+00	2.729641e-05	0.000000e+00	0.000000e+00	2.499726e-01	2.511056e-01
2.443396e-01	5.887269e-05	0.000000e+00	0.000000e+00	4.195356e-04	0.000000e+00	0.000000e+00	0.000000e+00	8.019086e-04	3.586901e-04	0.000000e+00	0.000000e+00	0.000000e+00	8.618252e-05	0.000000e+00	2.941015e-05	2.316489e-05	0.000000e+00	0.000000e+00	0.000000e+00	6.639304e-05	0.000000e+00	7.331773e-05	0.000000e+00	0.000000e+00	0.000000e+00	0.000000e+00	6.312295e-05	0.000000e+00	0.000000e+00	2.443396e-01	2.656692e-01
2.374601e-01	9.624144e-05	0.000000e+00	4.092037e-04	1.068774e-03	0.000000e+00	1.396322e-06	1.939938e-03	5.064686e-04	3.912983e-04	7.361715e-04	0.000000e+00	0.000000e+00	3.658780e-04	0.000000e+00	0.000000e+00	3.289414e-05	1.506234e-04	0.000000e+00	2.087207e-03	7.140037e-05	0.000000e+00	1.319719e-04	0.000000e+00	0.000000e+00	0.000000e+00	0.000000e+00	5.459282e-05	0.000000e+00	0.000000e+00	2.374601e-01	2.953192e-01
2.334721e-01	1.589488e-04	0.000000e+00	0.000000e+00	1.221116e-03	0.000000e+00	1.382514e-06	9.699690e-04	4.220572e-04	4.565147e-04	0.000000e+00	0.000000e+00	0.000000e+00	3.605910e-04	0.000000e+00	2.941015e-05	1.644707e-05	7.361604e-04	0.000000e+00	1.236785e-03	8.827049e-05	0.000000e+00	5.132241e-05	0.000000e+00	0.000000e+00	0.000000e+00	0.000000e+00	6.312295e-05	0.000000e+00	0.000000e+00	2.334721e-01	3.154790e-01
2.281148e-01	1.497381e-04	0.000000e+00	0.000000e+00	0.000000e+00	0.000000e+00	0.000000e+00	2.694896e-04	0.000000e+00	2.608655e-04	3.020191e-04	0.000000e+00	0.000000e+00	0.000000e+00	1.115379e-03	0.000000e+00	4.632978e-05	0.000000e+00	0.000000e+00	0.000000e+00	1.195407e-04	0.000000e+00	2.932709e-05	0.000000e+00	0.000000e+00	0.000000e+00	0.000000e+00	5.459282e-05	0.000000e+00	0.000000e+00	2.281148e-01	3.466523e-01
2.234616e-01	1.308282e-04	0.000000e+00	0.000000e+00	0.000000e+00	0.000000e+00	9.638158e-07	3.284653e-04	0.000000e+00	3.912983e-04	4.719048e-04	0.000000e+00	8.186050e-04	0.000000e+00	1.183465e-03	7.352537e-06	2.316489e-05	5.102253e-04	1.376151e-04	2.174751e-03	5.672350e-05	0.000000e+00	5.865418e-05	0.000000e+00	0.000000e+00	0.000000e+00	0.000000e+00	6.824103e-05	0.000000e+00	0.000000e+00	2.234616e-01	3.785980e-01
2.189752e-01	2.039116e-04	0.000000e+00	0.000000e+00	3.433646e-04	0.000000e+00	1.686678e-06	0.000000e+00	0.000000e+00	4.891229e-04	2.453905e-04	6.064671e-04	0.000000e+00	3.181789e-04	1.274501e-03	1.117106e-04	0.000000e+00	1.957111e-03	0.000000e+00	1.578542e-03	6.360012e-05	0.000000e+00	0.000000e+00	0.000000e+00	0.000000e+00	0.000000e+00	0.000000e+00	5.459282e-05	0.000000e+00	0.000000e+00	2.189752e-01	4.108342e-01
2.130470e-01	1.557908e-04	0.000000e+00	0.000000e+00	1.030094e-03	0.000000e+00	1.382514e-06	0.000000e+00	0.000000e+00	5.217311e-04	1.698857e-04	0.000000e+00	2.969449e-04	3.951721e-04	0.000000e+00	1.411208e-04	2.316489e-06	1.739654e-03	0.000000e+00	3.275254e-04	7.404253e-05	0.000000e+00	7.331773e-05	0.000000e+00	0.000000e+00	0.000000e+00	0.000000e+00	5.288680e-05	0.000000e+00	1.404299e-04	2.130470e-01	4.547530e-01
2.093491e-01	1.341365e-04	0.000000e+00	0.000000e+00	3.942445e-04	0.000000e+00	2.097664e-06	0.000000e+00	0.000000e+00	3.423860e-04	0.000000e+00	0.000000e+00	0.000000e+00	8.686167e-05	6.372506e-04	2.903953e-05	4.181263e-05	1.045389e-03	0.000000e+00	0.000000e+00	2.634200e-05	0.000000e+00	5.498830e-05	0.000000e+00	0.000000e+00	0.000000e+00	0.000000e+00	1.364821e-05	0.000000e+00	0.000000e+00	2.093491e-01	4.825173e-01
2.031285e-01	8.541428e-05	0.000000e+00	1.907768e-04	3.689533e-04	0.000000e+00	1.847254e-06	0.000000e+00	1.084202e-19	0.000000e+00	6.417905e-04	0.000000e+00	5.938899e-04	1.871661e-04	0.000000e+00	8.378299e-05	3.335744e-05	0.000000e+00	4.271548e-05	2.686873e-04	6.966982e-05	0.000000e+00	1.173084e-04	0.000000e+00	0.000000e+00	0.000000e+00	0.000000e+00	2.729641e-05	0.000000e+00	0.000000e+00	2.031285e-01	5.300220e-01
1.969599e-01	1.197003e-04	0.000000e+00	6.772980e-04	0.000000e+00	0.000000e+00	2.177423e-06	2.232084e-04	1.012937e-03	0.000000e+00	0.000000e+00	0.000000e+00	0.000000e+00	0.000000e+00	0.000000e+00	1.117106e-04	3.219920e-05	3.158356e-04	0.000000e+00	0.000000e+00	6.960070e-05	0.000000e+00	7.331773e-05	0.000000e+00	0.000000e+00	0.000000e+00	0.000000e+00	1.364821e-05	0.000000e+00	0.000000e+00	1.969599e-01	5.756215e-01
1.907942e-01	0.000000e+00	0.000000e+00	4.248049e-03	2.137549e-03	0.000000e+00	1.927632e-06	7.748822e-04	1.012937e-03	2.608655e-04	1.472343e-03	1.212934e-03	0.000000e+00	3.181789e-04	2.184859e-03	0.000000e+00	0.000000e+00	0.000000e+00	6.524865e-04	2.649912e-03	2.134563e-05	0.000000e+00	0.000000e+00	0.000000e+00	0.000000e+00	0.000000e+00	0.000000e+00	0.000000e+00	0.000000e+00	2.808598e-04	1.907942e-01	6.217942e-01
1.835113e-01	2.646640e-05	0.000000e+00	1.354596e-03	0.000000e+00	0.000000e+00	1.847254e-06	7.748822e-04	1.084202e-19	0.000000e+00	6.040382e-04	0.000000e+00	0.000000e+00	1.820037e-05	2.184859e-03	8.378299e-05	5.003616e-05	4.349136e-04	4.271548e-05	0.000000e+00	4.223045e-05	0.000000e+00	3.665886e-05	0.000000e+00	0.000000e+00	0.000000e+00	0.000000e+00	4.776872e-05	0.000000e+00	0.000000e+00	1.835113e-01	6.638746e-01
8.115562e-02	6.466222e-05	0.000000e+00	0.000000e+00	0.000000e+00	0.000000e+00	1.880229e-06	0.000000e+00	1.084202e-19	0.000000e+00	6.040382e-04	0.000000e+00	0.000000e+00	1.820037e-05	0.000000e+00	2.866891e-05	5.003616e-05	0.000000e+00	4.152479e-05	0.000000e+00	4.223045e-05	0.000000e+00	3.665886e-05	0.000000e+00	0.000000e+00	0.000000e+00	0.000000e+00	1.364821e-05	0.000000e+00	0.000000e+00	8.115562e-02	6.700742e-01
8.115562e-02	6.466222e-05	0.000000e+00	0.000000e+00	0.000000e+00	0.000000e+00	1.880229e-06	0.000000e+00	1.084202e-19	0.000000e+00	6.040382e-04	0.000000e+00	0.000000e+00	1.820037e-05	0.000000e+00	2.866891e-05	5.003616e-05	0.000000e+00	4.152479e-05	0.000000e+00	4.223045e-05	0.000000e+00	3.665886e-05	0.000000e+00	0.000000e+00	0.000000e+00	0.000000e+00	1.364821e-05	0.000000e+00	0.000000e+00	8.115562e-02	6.700742e-01
8.115562e-02	6.466222e-05	0.000000e+00	0.000000e+00	0.000000e+00	0.000000e+00	1.880229e-06	0.000000e+00	1.084202e-19	0.000000e+00	6.040382e-04	0.000000e+00	0.000000e+00	1.820037e-05	0.000000e+00	2.866891e-05	5.003616e-05	0.000000e+00	4.152479e-05	0.000000e+00	4.223045e-05	0.000000e+00	3.665886e-05	0.000000e+00	0.000000e+00	0.000000e+00	0.000000e+00	1.364821e-05	0.000000e+00	0.000000e+00	8.115562e-02	6.700742e-01
8.115562e-02	6.466222e-05	0.000000e+00	0.000000e+00	0.000000e+00	0.000000e+00	1.880229e-06	0.000000e+00	1.084202e-19	0.000000e+00	6.040382e-04	0.000000e+00	0.000000e+00	1.820037e-05	0.000000e+00	2.866891e-05	5.003616e-05	0.000000e+00	4.152479e-05	0.000000e+00	4.223045e-05	0.000000e+00	3.665886e-05	0.000000e+00	0.000000e+00	0.000000e+00	0.000000e+00	1.364821e-05	0.000000e+00	0.000000e+00	8.115562e-02	6.700742e-01
8.115562e-02	6.466222e-05	0.000000e+00	0.000000e+00	0.000000e+00	0.000000e+00	1.880229e-06	0.000000e+00	1.084202e-19	0.000000e+00	6.040382e-04	0.000000e+00	0.000000e+00	1.820037e-05	0.000000e+00	2.866891e-05	5.003616e-05	0.000000e+00	4.152479e-05	0.000000e+00	4.223045e-05	0.000000e+00	3.665886e-05	0.000000e+00	0.000000e+00	0.000000e+00	0.000000e+00	1.364821e-05	0.000000e+00	0.000000e+00	8.115562e-02	6.700742e-01
8.115562e-02	6.466222e-05	0.000000e+00	0.000000e+00	0.000000e+00	0.000000e+00	1.880229e-06	0.000000e+00	1.084202e-19	0.000000e+00	6.040382e-04	0.000000e+00	0.000000e+00	1.820037e-05	0.000000e+00	2.866891e-05	5.003616e-05	0.000000e+00	4.152479e-05	0.000000e+00	4.223045e-05	0.000000e+00	3.665886e-05	0.000000e+00	0.000000e+00	0.000000e+00	0.000000e+00	1.364821e-05	0.000000e+00	0.000000e+00	8.115562e-02	6.700742e-01
8.115562e-02	6.466222e-05	0.000000e+00	0.000000e+00	0.000000e+00	0.000000e+00	1.880229e-06	0.000000e+00	1.084202e-19	0.000000e+00	6.040382e-04	0.000000e+00	0.000000e+00	1.820037e-05	0.000000e+00	2.866891e-05	5.003616e-05	0.000000e+00	4.152479e-05	0.000000e+00	4.223045e-05	0.000000e+00	3.665886e-05	0.000000e+00	0.000000e+00	0.000000e+00	0.000000e+00	1.364821e-05	0.000000e+00	0.000000e+00	8.115562e-02	6.700742e-01
7.240782e-02	1.209033e-04	0.000000e+00	0.000000e+00	3.689533e-04	0.000000e+00	1.991701e-06	3.874411e-04	1.626303e-19	1.304328e-04	0.000000e+00	0.000000e+00	5.938899e-04	0.000000e+00	0.000000e+00	8.378299e-05	6.486169e-05	0.000000e+00	1.587546e-04	0.000000e+00	6.406294e-05	0.000000e+00	0.000000e+00	0.000000e+00	0.000000e+00	0.000000e+00	0.000000e+00	0.000000e+00	0.000000e+00	8.223967e-04	7.240782e-02	6.764691e-01
6.044114e-02	0.000000e+00	0.000000e+00	0.000000e+00	0.000000e+00	0.000000e+00	1.794272e-06	0.000000e+00	6.752915e-04	0.000000e+00	1.510095e-03	0.000000e+00	0.000000e+00	1.750816e-04	0.000000e+00	9.774682e-05	7.007379e-05	7.119093e-04	4.985964e-05	0.000000e+00	5.470394e-05	0.000000e+00	0.000000e+00	0.000000e+00	0.000000e+00	0.000000e+00	0.000000e+00	0.000000e+00	0.000000e+00	0.000000e+00	6.044114e-02	6.978446e-01
4.841290e-02	0.000000e+00	0.000000e+00	0.000000e+00	4.775565e-05	0.000000e+00	2.184823e-06	0.000000e+00	0.000000e+00	6.521639e-05	5.851620e-04	0.000000e+00	2.070589e-03	0.000000e+00	1.092430e-03	6.981915e-05	5.351089e-05	0.000000e+00	4.866895e-05	3.139907e-04	0.000000e+00	0.000000e+00	4.032475e-05	0.000000e+00	0.000000e+00	0.000000e+00	0.000000e+00	0.000000e+00	0.000000e+00	0.000000e+00	4.841290e-02	7.328304e-01
3.645482e-02	2.646640e-05	0.000000e+00	0.000000e+00	0.000000e+00	0.000000e+00	1.991701e-06	0.000000e+00	1.084202e-19	0.000000e+00	1.812114e-03	0.000000e+00	1.284086e-03	1.750816e-04	1.820716e-04	2.234213e-04	7.227446e-05	8.698271e-04	1.428831e-05	0.000000e+00	3.867718e-05	0.000000e+00	0.000000e+00	0.000000e+00	0.000000e+00	0.000000e+00	0.000000e+00	1.364821e-05	0.000000e+00	0.000000e+00	3.645482e-02	7.771882e-01
2.601471e-02	0.000000e+00	0.000000e+00	0.000000e+00	0.000000e+00	0.000000e+00	2.765028e-06	0.000000e+00	4.486795e-04	0.000000e+00	1.812114e-03	0.000000e+00	0.000000e+00	0.000000e+00	0.000000e+00	2.234213e-04	0.000000e+00	0.000000e+00	3.602246e-04	0.000000e+00	3.115492e-05	0.000000e+00	0.000000e+00	0.000000e+00	0.000000e+00	0.000000e+00	0.000000e+00	0.000000e+00	0.000000e+00	0.000000e+00	2.601471e-02	8.205584e-01
1.245132e-02	0.000000e+00	0.000000e+00	0.000000e+00	0.000000e+00	0.000000e+00	2.141844e-06	0.000000e+00	1.128515e-03	0.000000e+00	1.038191e-03	0.000000e+00	4.454174e-04	0.000000e+00	0.000000e+00	1.043581e-04	6.352971e-05	0.000000e+00	9.525540e-06	0.000000e+00	1.933859e-05	0.000000e+00	2.199532e-05	0.000000e+00	0.000000e+00	0.000000e+00	0.000000e+00	0.000000e+00	4.431985e-04	0.000000e+00	1.245132e-02	8.846273e-01
0.000000e+00	2.992507e-05	0.000000e+00	0.000000e+00	4.433391e-05	0.000000e+00	1.670988e-06	0.000000e+00	1.376561e-04	0.000000e+00	0.000000e+00	0.000000e+00	0.000000e+00	1.313112e-04	0.000000e+00	0.000000e+00	5.414793e-05	1.304741e-03	6.228719e-05	0.000000e+00	0.000000e+00	0.000000e+00	2.382826e-05	0.000000e+00	0.000000e+00	0.000000e+00	0.000000e+00	1.364821e-05	0.000000e+00	1.053224e-04	0.000000e+00	1.000592e+00
