8.507180e-01	6.384355e-03	0.000000e+00	3.672019e-04	4.257694e-03	5.598685e-03	2.172819e-03	2.782449e-03	1.794239e-04	1.494289e-03	6.156395e-04	1.969729e-04	3.829291e-03	2.792830e-03	4.843736e-03	2.273770e-03	3.823162e-04	9.849279e-04	2.474625e-04	2.176612e-03	6.990637e-04	0.000000e+00	1.360859e-02	5.456286e-03	8.963674e-04	5.945649e-04	0.000000e+00	1.586057e-03	2.522401e-03	0.000000e+00	8.507180e-01	-7.616016e-01
8.471184e-01	6.384355e-03	0.000000e+00	3.185919e-04	3.295135e-03	1.181462e-02	0.000000e+00	2.098167e-04	4.778006e-04	3.333197e-03	8.698156e-04	9.639349e-04	0.000000e+00	2.792830e-03	0.000000e+00	4.760937e-03	2.147917e-03	2.170535e-03	4.619148e-04	2.176612e-03	0.000000e+00	6.343018e-03	0.000000e+00	8.895656e-03	4.481837e-04	1.862772e-03	0.000000e+00	0.000000e+00	1.307298e-03	0.000000e+00	8.471184e-01	-7.537741e-01
8.449016e-01	5.822157e-03	0.000000e+00	0.000000e+00	0.000000e+00	2.020230e-03	0.000000e+00	1.854966e-03	5.722599e-04	1.387309e-03	2.491452e-03	1.398466e-03	6.682244e-03	2.838356e-03	7.884448e-04	0.000000e+00	0.000000e+00	2.680156e-03	2.940898e-04	1.088306e-03	0.000000e+00	3.087012e-03	3.223284e-03	1.073889e-03	6.878233e-04	4.414870e-03	0.000000e+00	2.164011e-03	2.202354e-03	0.000000e+00	8.449016e-01	-7.454041e-01
8.438084e-01	5.822157e-03	0.000000e+00	4.445196e-06	0.000000e+00	1.080451e-02	1.297656e-03	3.735380e-04	0.000000e+00	4.983005e-03	8.700663e-04	7.679842e-04	3.683279e-03	2.506324e-03	2.604818e-03	3.426599e-03	2.411774e-03	2.523005e-03	7.783209e-05	0.000000e+00	2.031651e-03	3.112076e-03	1.903324e-03	6.350305e-03	1.057338e-03	1.724351e-03	0.000000e+00	3.233823e-03	7.894468e-04	0.000000e+00	8.438084e-01	-7.359789e-01
8.426845e-01	6.787599e-03	1.824653e-03	1.479282e-03	6.913047e-03	1.130848e-02	0.000000e+00	1.049084e-04	8.965315e-04	3.258104e-03	0.000000e+00	8.016807e-03	0.000000e+00	6.640633e-04	0.000000e+00	0.000000e+00	5.486411e-03	8.734208e-04	0.000000e+00	2.176612e-03	0.000000e+00	1.367974e-02	2.892030e-03	0.000000e+00	0.000000e+00	7.432061e-04	0.000000e+00	6.388004e-04	0.000000e+00	0.000000e+00	8.426845e-01	-7.270819e-01
8.424628e-01	7.301128e-03	5.900183e-03	3.185919e-04	6.581106e-04	1.753003e-03	2.575428e-03	2.098167e-04	5.986093e-04	3.333197e-03	0.000000e+00	2.442681e-03	1.059844e-02	4.564355e-04	6.630109e-04	4.760937e-03	6.098591e-03	6.280465e-04	3.148699e-04	2.176612e-03	4.475524e-03	1.207451e-02	0.000000e+00	8.895656e-03	4.481837e-04	3.653294e-04	0.000000e+00	7.241568e-04	1.330171e-03	0.000000e+00	8.424628e-01	-7.234619e-01
8.409002e-01	5.541058e-03	0.000000e+00	0.000000e+00	0.000000e+00	9.015282e-03	7.901003e-03	7.836721e-04	1.964180e-04	4.929515e-03	1.807972e-03	9.799838e-03	7.922375e-03	6.514367e-03	2.906894e-03	3.426599e-03	2.220616e-03	0.000000e+00	4.740756e-04	2.091833e-04	2.031651e-03	4.655583e-03	0.000000e+00	6.350305e-03	7.134259e-04	3.634504e-03	0.000000e+00	1.093143e-03	2.065860e-04	0.000000e+00	8.409002e-01	-7.098674e-01
8.394514e-01	2.830857e-03	0.000000e+00	0.000000e+00	6.088966e-04	0.000000e+00	4.546988e-03	2.017932e-04	1.794239e-04	3.500604e-03	0.000000e+00	7.150849e-03	3.952164e-03	4.166483e-03	4.296660e-03	4.670183e-03	9.549615e-04	3.138207e-04	3.822089e-04	0.000000e+00	6.992120e-04	6.193730e-03	0.000000e+00	4.484064e-04	0.000000e+00	5.945649e-04	0.000000e+00	1.429279e-03	0.000000e+00	0.000000e+00	8.394514e-01	-7.020432e-01
8.383841e-01	6.787599e-03	1.652903e-03	1.609828e-03	9.324026e-03	0.000000e+00	1.840127e-03	3.013623e-04	4.243210e-04	4.907303e-03	1.711061e-04	2.354084e-03	6.753445e-03	0.000000e+00	5.224383e-03	1.334338e-03	4.254989e-04	8.844671e-04	4.936412e-06	2.847135e-03	2.443873e-03	1.047875e-04	0.000000e+00	1.440160e-03	0.000000e+00	0.000000e+00	0.000000e+00	2.932066e-04	2.651837e-03	0.000000e+00	8.383841e-01	-6.897290e-01
8.383841e-01	6.787599e-03	1.652903e-03	1.609828e-03	9.324026e-03	0.000000e+00	1.840127e-03	3.013623e-04	4.243210e-04	4.907303e-03	1.711061e-04	2.354084e-03	6.753445e-03	0.000000e+00	5.224383e-03	1.334338e-03	4.254989e-04	8.844671e-04	4.936412e-06	2.847135e-03	2.443873e-03	1.047875e-04	0.000000e+00	1.440160e-03	0.000000e+00	0.000000e+00	0.000000e+00	2.932066e-04	2.651837e-03	0.000000e+00	8.383841e-01	-6.897290e-01
8.370721e-01	8.715125e-03	4.300996e-03	6.379819e-05	0.000000e+00	3.271814e-04	4.985872e-03	0.000000e+00	5.972269e-04	7.692474e-05	3.786460e-04	8.372189e-03	9.167446e-03	3.768119e-03	2.803403e-03	2.285728e-03	8.982406e-03	9.176354e-06	1.081084e-04	1.088306e-03	9.775491e-03	1.770399e-02	2.684050e-03	0.000000e+00	0.000000e+00	7.432061e-04	0.000000e+00	7.268502e-03	1.648804e-03	0.000000e+00	8.370721e-01	-6.676549e-01
8.359483e-01	5.953970e-03	3.305806e-03	1.609828e-03	0.000000e+00	2.020230e-03	0.000000e+00	6.708740e-04	8.659994e-04	4.537543e-03	0.000000e+00	6.300072e-03	7.922375e-03	1.875613e-03	2.906894e-03	2.668676e-03	8.509977e-04	1.091210e-03	0.000000e+00	1.088306e-03	4.887746e-03	7.967280e-03	6.828402e-03	5.090702e-03	8.220446e-05	1.337771e-03	0.000000e+00	4.117567e-03	1.550074e-03	0.000000e+00	8.359483e-01	-6.573248e-01
8.353943e-01	6.405934e-03	1.733124e-03	0.000000e+00	3.044483e-04	0.000000e+00	2.923641e-03	0.000000e+00	0.000000e+00	0.000000e+00	9.629031e-04	7.511162e-03	5.124858e-03	2.102274e-03	9.823331e-03	3.799582e-04	7.280411e-03	2.273605e-03	2.257347e-04	2.720765e-04	0.000000e+00	1.737666e-02	0.000000e+00	0.000000e+00	8.118945e-05	0.000000e+00	0.000000e+00	2.865892e-03	2.484204e-03	0.000000e+00	8.353943e-01	-6.511095e-01
8.341290e-01	6.582188e-03	4.478378e-04	0.000000e+00	9.348633e-03	2.672266e-04	6.004315e-03	9.983166e-04	4.354526e-04	5.944909e-03	1.740133e-03	0.000000e+00	1.528893e-02	1.733862e-03	2.521166e-03	3.789617e-04	0.000000e+00	0.000000e+00	1.956373e-04	2.108593e-03	0.000000e+00	0.000000e+00	0.000000e+00	0.000000e+00	6.878233e-04	0.000000e+00	0.000000e+00	3.253009e-03	2.302014e-03	0.000000e+00	8.341290e-01	-6.356842e-01
8.336852e-01	3.966498e-03	1.714199e-03	0.000000e+00	4.674317e-03	0.000000e+00	2.314025e-03	0.000000e+00	1.195173e-04	8.425120e-04	0.000000e+00	6.882872e-03	2.140895e-02	2.985020e-03	8.196448e-03	0.000000e+00	6.191156e-03	0.000000e+00	0.000000e+00	2.837466e-03	0.000000e+00	0.000000e+00	6.088056e-03	0.000000e+00	6.878233e-04	0.000000e+00	0.000000e+00	2.147001e-03	2.931565e-03	0.000000e+00	8.336852e-01	-6.270809e-01
8.330675e-01	7.036471e-03	3.842100e-04	1.415484e-03	0.000000e+00	7.237242e-03	7.733789e-03	3.929078e-04	2.736145e-04	2.135547e-03	0.000000e+00	0.000000e+00	1.523036e-03	7.938539e-04	0.000000e+00	2.668676e-03	8.465797e-03	1.078545e-03	3.519778e-05	1.088306e-03	9.775491e-03	1.712511e-03	1.786043e-02	1.352747e-02	0.000000e+00	2.469987e-03	0.000000e+00	0.000000e+00	1.569011e-03	0.000000e+00	8.330675e-01	-6.155477e-01
8.322396e-01	5.862406e-03	3.966622e-03	0.000000e+00	6.088966e-04	0.000000e+00	4.541407e-03	0.000000e+00	3.027314e-04	0.000000e+00	5.624487e-03	7.150849e-03	3.952164e-03	4.166483e-03	6.069444e-03	0.000000e+00	8.318581e-03	3.138207e-04	3.822089e-04	0.000000e+00	6.992120e-04	1.228409e-02	0.000000e+00	0.000000e+00	6.878233e-04	0.000000e+00	0.000000e+00	6.958745e-03	2.029815e-03	0.000000e+00	8.322396e-01	-6.057561e-01
8.312379e-01	5.822157e-03	4.952685e-03	0.000000e+00	0.000000e+00	3.974373e-03	7.158541e-03	0.000000e+00	0.000000e+00	2.474649e-03	6.989602e-04	2.679770e-04	1.733618e-02	1.650089e-03	0.000000e+00	0.000000e+00	2.842587e-05	0.000000e+00	2.573353e-04	1.870526e-03	4.541064e-03	0.000000e+00	6.064679e-03	1.098769e-02	2.503868e-04	0.000000e+00	0.000000e+00	0.000000e+00	1.295354e-03	0.000000e+00	8.312379e-01	-5.908850e-01
8.304785e-01	4.780189e-03	4.097995e-03	6.945338e-04	8.267516e-04	1.821212e-03	1.275487e-02	2.541395e-04	2.218124e-04	0.000000e+00	7.436257e-03	7.150849e-03	0.000000e+00	8.695861e-04	2.558771e-03	0.000000e+00	8.318581e-03	0.000000e+00	0.000000e+00	1.513134e-03	4.886321e-03	2.544030e-03	3.371509e-04	1.422082e-03	5.942985e-04	0.000000e+00	0.000000e+00	5.857397e-03	1.760081e-03	0.000000e+00	8.304785e-01	-5.784418e-01
8.301837e-01	7.461261e-03	5.410509e-03	2.663979e-04	0.000000e+00	9.106058e-04	6.004315e-03	1.443453e-04	4.069387e-04	4.576005e-03	1.740133e-03	4.140421e-03	1.058379e-02	3.759673e-03	2.521166e-03	3.811540e-03	0.000000e+00	1.149015e-04	1.956373e-04	1.632459e-03	8.551870e-03	6.546621e-04	8.170427e-03	5.090702e-03	6.823064e-04	0.000000e+00	0.000000e+00	3.253009e-03	1.238518e-03	0.000000e+00	8.301837e-01	-5.717709e-01
8.288792e-01	6.405934e-03	1.714199e-03	0.000000e+00	3.044483e-04	0.000000e+00	2.923641e-03	0.000000e+00	0.000000e+00	3.128639e-04	6.015838e-03	3.849453e-03	5.124858e-03	2.102274e-03	9.823331e-03	0.000000e+00	7.280411e-03	1.553476e-03	1.692321e-04	1.359216e-03	0.000000e+00	1.234706e-03	0.000000e+00	0.000000e+00	1.211238e-03	0.000000e+00	0.000000e+00	2.865892e-03	1.586647e-03	0.000000e+00	8.288792e-01	-5.539639e-01
8.281010e-01	7.501334e-03	4.335969e-04	1.736335e-04	9.348633e-03	0.000000e+00	2.258323e-03	1.120785e-03	3.938222e-04	1.279815e-03	4.346668e-03	5.931741e-04	7.427292e-03	3.351700e-03	1.804157e-03	0.000000e+00	8.255980e-04	2.813910e-03	0.000000e+00	2.122221e-03	0.000000e+00	0.000000e+00	0.000000e+00	6.349455e-04	4.065084e-04	1.144470e-03	0.000000e+00	2.179509e-03	1.765844e-03	0.000000e+00	8.281010e-01	-5.409226e-01
8.277854e-01	5.804790e-03	1.685717e-03	3.472669e-04	0.000000e+00	7.428882e-04	6.631731e-03	2.449368e-04	3.625639e-05	0.000000e+00	3.242410e-03	4.591856e-04	5.685670e-03	2.798030e-05	1.201388e-02	0.000000e+00	1.554779e-03	5.627820e-03	0.000000e+00	2.864723e-03	0.000000e+00	1.234706e-03	0.000000e+00	1.269891e-03	1.251934e-04	2.288941e-03	0.000000e+00	0.000000e+00	2.092193e-03	0.000000e+00	8.277854e-01	-5.349119e-01
8.268281e-01	0.000000e+00	2.747648e-04	0.000000e+00	2.625235e-04	0.000000e+00	8.762115e-03	1.569109e-03	1.368073e-04	1.067774e-03	2.034011e-03	0.000000e+00	4.408056e-03	0.000000e+00	9.823331e-03	0.000000e+00	2.076340e-03	4.643758e-03	0.000000e+00	5.441530e-04	7.160185e-03	5.475792e-04	0.000000e+00	6.763734e-03	0.000000e+00	0.000000e+00	0.000000e+00	2.213557e-04	2.909318e-03	0.000000e+00	8.268281e-01	-5.175169e-01
8.260997e-01	3.445932e-03	0.000000e+00	0.000000e+00	0.000000e+00	0.000000e+00	3.262369e-03	1.439625e-03	0.000000e+00	0.000000e+00	6.161606e-03	3.686854e-03	1.315642e-02	6.006888e-03	6.384046e-03	0.000000e+00	4.791127e-03	5.064439e-03	7.402546e-05	0.000000e+00	0.000000e+00	6.142044e-03	0.000000e+00	1.269891e-03	9.299228e-04	0.000000e+00	0.000000e+00	6.345265e-03	1.199574e-03	0.000000e+00	8.260997e-01	-5.010735e-01
8.251163e-01	6.791991e-03	1.731511e-03	0.000000e+00	1.731865e-04	7.428882e-04	7.385547e-03	0.000000e+00	3.625639e-05	0.000000e+00	2.662722e-03	2.846347e-03	7.247644e-03	2.798030e-05	6.070440e-03	0.000000e+00	3.204658e-03	5.627820e-03	4.367426e-04	2.864723e-03	0.000000e+00	6.173530e-04	0.000000e+00	1.269891e-03	3.111646e-04	0.000000e+00	0.000000e+00	0.000000e+00	2.271916e-03	0.000000e+00	8.251163e-01	-4.850390e-01
8.247651e-01	4.639444e-03	0.000000e+00	0.000000e+00	5.327882e-03	0.000000e+00	4.339936e-03	1.439625e-03	1.368073e-04	0.000000e+00	2.866427e-03	1.292842e-04	2.562076e-03	4.748692e-03	2.833437e-03	0.000000e+00	9.690752e-04	2.748149e-03	0.000000e+00	4.310590e-04	6.635776e-03	0.000000e+00	1.011453e-03	3.381867e-03	5.415735e-04	0.000000e+00	0.000000e+00	2.058165e-03	1.293376e-03	0.000000e+00	8.247651e-01	-4.788697e-01
6.517053e-01	4.713341e-03	0.000000e+00	0.000000e+00	8.714201e-04	0.000000e+00	5.649037e-03	1.372655e-03	0.000000e+00	0.000000e+00	2.034011e-03	2.585684e-04	2.564358e-03	0.000000e+00	2.317550e-03	0.000000e+00	1.292100e-03	5.887688e-04	0.000000e+00	0.000000e+00	3.496060e-03	0.000000e+00	1.348604e-03	0.000000e+00	3.719424e-04	3.620929e-04	0.000000e+00	1.250438e-03	1.297316e-03	0.000000e+00	6.517053e-01	-4.525312e-01
6.517053e-01	4.713341e-03	0.000000e+00	0.000000e+00	8.714201e-04	0.000000e+00	5.649037e-03	1.372655e-03	0.000000e+00	0.000000e+00	2.034011e-03	2.585684e-04	2.564358e-03	0.000000e+00	2.317550e-03	0.000000e+00	1.292100e-03	5.887688e-04	0.000000e+00	0.000000e+00	3.496060e-03	0.000000e+00	1.348604e-03	0.000000e+00	3.719424e-04	3.620929e-04	0.000000e+00	1.250438e-03	1.297316e-03	0.000000e+00	6.517053e-01	-4.525312e-01
6.517053e-01	4.713341e-03	0.000000e+00	0.000000e+00	8.714201e-04	0.000000e+00	5.649037e-03	1.372655e-03	0.000000e+00	0.000000e+00	2.034011e-03	2.585684e-04	2.564358e-03	0.000000e+00	2.317550e-03	0.000000e+00	1.292100e-03	5.887688e-04	0.000000e+00	0.000000e+00	3.496060e-03	0.000000e+00	1.348604e-03	0.000000e+00	3.719424e-04	3.620929e-04	0.000000e+00	1.250438e-03	1.297316e-03	0.000000e+00	6.517053e-01	-4.525312e-01
6.517053e-01	4.713341e-03	0.000000e+00	0.000000e+00	8.714201e-04	0.000000e+00	5.649037e-03	1.372655e-03	0.000000e+00	0.000000e+00	2.034011e-03	2.585684e-04	2.564358e-03	0.000000e+00	2.317550e-03	0.000000e+00	1.292100e-03	5.887688e-04	0.000000e+00	0.000000e+00	3.496060e-03	0.000000e+00	1.348604e-03	0.000000e+00	3.719424e-04	3.620929e-04	0.000000e+00	1.250438e-03	1.297316e-03	0.000000e+00	6.517053e-01	-4.525312e-01
6.517053e-01	4.713341e-03	0.000000e+00	0.000000e+00	8.714201e-04	0.000000e+00	5.649037e-03	1.372655e-03	0.000000e+00	0.000000e+00	2.034011e-03	2.585684e-04	2.564358e-03	0.000000e+00	2.317550e-03	0.000000e+00	1.292100e-03	5.887688e-04	0.000000e+00	0.000000e+00	3.496060e-03	0.000000e+00	1.348604e-03	0.000000e+00	3.719424e-04	3.620929e-04	0.000000e+00	1.250438e-03	1.297316e-03	0.000000e+00	6.517053e-01	-4.525312e-01
6.517053e-01	4.713341e-03	0.000000e+00	0.000000e+00	8.714201e-04	8.417540e-04	5.649037e-03	1.693781e-03	0.000000e+00	0.000000e+00	2.034011e-03	0.000000e+00	2.564358e-03	0.000000e+00	2.317550e-03	0.000000e+00	1.292100e-03	6.494963e-03	0.000000e+00	0.000000e+00	3.496060e-03	2.349106e-05	6.743018e-04	0.000000e+00	5.397733e-03	3.620929e-04	0.000000e+00	2.822996e-04	0.000000e+00	0.000000e+00	6.517053e-01	-4.508745e-01
6.459319e-01	3.726139e-03	0.000000e+00	0.000000e+00	8.714201e-04	0.000000e+00	0.000000e+00	4.137310e-04	0.000000e+00	0.000000e+00	1.159376e-03	0.000000e+00	7.206601e-04	0.000000e+00	5.382363e-03	2.035419e-03	3.293848e-03	1.961794e-03	0.000000e+00	0.000000e+00	5.943302e-03	0.000000e+00	0.000000e+00	0.000000e+00	4.626366e-04	0.000000e+00	0.000000e+00	2.456501e-03	2.111121e-03	0.000000e+00	6.459319e-01	-4.386849e-01
6.435761e-01	1.249947e-03	4.235524e-05	0.000000e+00	0.000000e+00	0.000000e+00	1.507633e-03	1.317652e-03	0.000000e+00	3.243475e-04	1.732516e-03	5.458514e-04	3.691335e-04	0.000000e+00	4.101021e-03	3.736080e-03	6.862418e-04	0.000000e+00	1.422365e-04	0.000000e+00	6.992120e-03	0.000000e+00	3.690915e-03	0.000000e+00	0.000000e+00	3.397784e-03	0.000000e+00	1.046880e-03	2.468272e-03	3.072972e-03	6.435761e-01	-4.259640e-01
6.417612e-01	6.272378e-03	1.561767e-04	0.000000e+00	0.000000e+00	0.000000e+00	5.875757e-03	1.542645e-03	7.013226e-03	0.000000e+00	9.842908e-04	1.901230e-03	2.065422e-03	0.000000e+00	1.062392e-02	3.347567e-03	0.000000e+00	0.000000e+00	0.000000e+00	0.000000e+00	3.496060e-03	5.060124e-04	0.000000e+00	0.000000e+00	5.428613e-04	0.000000e+00	0.000000e+00	1.577325e-03	3.051766e-04	4.609458e-03	6.417612e-01	-4.120055e-01
6.400612e-01	7.041831e-03	3.547086e-04	0.000000e+00	0.000000e+00	8.417540e-04	1.871577e-03	1.567846e-03	0.000000e+00	8.016236e-05	1.050305e-04	0.000000e+00	1.869822e-03	0.000000e+00	6.559479e-03	1.084661e-02	2.011941e-03	7.607534e-03	0.000000e+00	0.000000e+00	0.000000e+00	2.349106e-05	0.000000e+00	0.000000e+00	5.415016e-03	0.000000e+00	0.000000e+00	7.468347e-04	0.000000e+00	0.000000e+00	6.400612e-01	-4.003894e-01
6.383736e-01	7.351123e-03	4.319971e-04	0.000000e+00	0.000000e+00	0.000000e+00	4.877423e-03	5.372479e-04	2.761752e-03	2.599112e-04	5.104054e-03	1.943724e-03	1.486290e-03	0.000000e+00	4.629403e-03	1.081973e-02	2.459065e-03	0.000000e+00	5.141709e-04	6.918985e-04	0.000000e+00	0.000000e+00	0.000000e+00	1.972560e-04	0.000000e+00	0.000000e+00	0.000000e+00	0.000000e+00	1.629860e-03	9.987159e-03	6.383736e-01	-3.848384e-01
6.362587e-01	4.747209e-03	0.000000e+00	0.000000e+00	4.784595e-04	0.000000e+00	2.153859e-03	2.329958e-03	2.761752e-03	0.000000e+00	8.402441e-04	0.000000e+00	1.000551e-03	3.806552e-05	0.000000e+00	1.071221e-02	0.000000e+00	2.835746e-04	0.000000e+00	0.000000e+00	5.593696e-03	0.000000e+00	0.000000e+00	1.639450e-04	0.000000e+00	0.000000e+00	0.000000e+00	0.000000e+00	0.000000e+00	0.000000e+00	6.362587e-01	-3.697331e-01
6.348587e-01	6.199831e-03	4.783190e-04	8.813905e-04	0.000000e+00	1.071484e-03	1.507633e-03	5.198087e-04	0.000000e+00	0.000000e+00	0.000000e+00	5.458514e-04	1.369388e-03	0.000000e+00	4.101021e-03	5.409864e-03	3.688598e-03	2.370442e-03	7.712564e-04	1.037848e-03	0.000000e+00	0.000000e+00	0.000000e+00	3.172213e-04	0.000000e+00	1.073325e-03	0.000000e+00	0.000000e+00	2.337594e-03	8.834794e-03	6.348587e-01	-3.532033e-01
6.341210e-01	2.499895e-03	0.000000e+00	0.000000e+00	1.200998e-02	3.689679e-04	0.000000e+00	1.017046e-03	9.643551e-03	2.599112e-04	0.000000e+00	1.091594e-02	7.382669e-04	0.000000e+00	6.107387e-03	7.472161e-03	2.602933e-03	0.000000e+00	1.806253e-03	6.918985e-04	0.000000e+00	0.000000e+00	5.678331e-04	2.519043e-04	0.000000e+00	2.683313e-03	0.000000e+00	3.033329e-03	2.318515e-03	6.145944e-03	6.341210e-01	-3.398246e-01
6.320695e-01	7.797547e-03	0.000000e+00	1.322086e-03	0.000000e+00	8.759359e-04	1.768553e-03	8.648750e-04	0.000000e+00	0.000000e+00	8.712823e-04	0.000000e+00	0.000000e+00	0.000000e+00	5.848120e-03	2.678053e-03	5.078608e-04	0.000000e+00	9.721301e-04	9.044078e-05	8.565347e-03	4.081987e-04	0.000000e+00	2.185933e-04	0.000000e+00	0.000000e+00	0.000000e+00	3.174398e-03	3.215903e-04	5.965679e-03	6.320695e-01	-3.215227e-01
6.306306e-01	7.797547e-03	3.393532e-04	4.406953e-04	0.000000e+00	9.046057e-04	9.597655e-03	1.907825e-03	1.402645e-02	0.000000e+00	9.998099e-04	1.789954e-02	1.720095e-03	0.000000e+00	5.536015e-04	6.748890e-03	0.000000e+00	1.200717e-03	0.000000e+00	0.000000e+00	0.000000e+00	5.060124e-04	0.000000e+00	0.000000e+00	9.148038e-04	0.000000e+00	0.000000e+00	6.537739e-04	2.143935e-04	1.229189e-02	6.306306e-01	-2.967676e-01
6.292752e-01	3.898774e-03	4.319971e-04	2.423824e-03	0.000000e+00	1.523787e-03	4.877423e-03	1.205097e-03	2.761752e-03	1.622032e-03	0.000000e+00	1.943724e-03	1.486290e-03	0.000000e+00	4.629403e-03	3.374445e-03	2.459065e-03	2.970800e-03	5.141709e-04	6.918985e-04	0.000000e+00	0.000000e+00	0.000000e+00	2.185933e-04	0.000000e+00	1.073325e-03	0.000000e+00	9.306083e-05	1.629860e-03	9.987159e-03	6.292752e-01	-2.844573e-01
6.280835e-01	8.077719e-03	0.000000e+00	2.644172e-03	0.000000e+00	3.511695e-04	5.408684e-03	9.113898e-04	0.000000e+00	8.393888e-04	0.000000e+00	0.000000e+00	3.013508e-03	0.000000e+00	7.477387e-03	1.213188e-02	4.748461e-03	0.000000e+00	0.000000e+00	5.652549e-05	0.000000e+00	2.349106e-05	1.774478e-03	4.397966e-05	1.004449e-03	0.000000e+00	0.000000e+00	1.178280e-03	4.428913e-04	1.193136e-02	6.280835e-01	-2.658479e-01
6.270912e-01	6.242973e-03	5.938681e-04	0.000000e+00	0.000000e+00	3.651181e-03	0.000000e+00	1.517433e-03	0.000000e+00	7.094332e-04	0.000000e+00	2.729257e-04	2.554516e-03	0.000000e+00	5.685930e-03	0.000000e+00	3.602310e-03	8.792754e-03	0.000000e+00	7.309132e-03	0.000000e+00	1.617397e-04	0.000000e+00	1.092967e-04	0.000000e+00	1.810465e-04	0.000000e+00	2.433239e-03	1.008002e-03	1.434558e-03	6.270912e-01	-2.547722e-01
6.251495e-01	7.070206e-03	4.910519e-05	2.644172e-03	3.314682e-03	2.593626e-03	5.408684e-03	2.470134e-03	0.000000e+00	0.000000e+00	0.000000e+00	0.000000e+00	4.052221e-04	0.000000e+00	7.490994e-03	1.213188e-02	4.748461e-03	0.000000e+00	1.944260e-03	3.745007e-03	5.244090e-03	8.398885e-04	1.774478e-03	5.464834e-05	1.005118e-04	0.000000e+00	0.000000e+00	2.182628e-03	2.004293e-03	1.193136e-02	6.251495e-01	-2.200602e-01
6.237374e-01	0.000000e+00	7.677712e-06	1.322086e-03	6.827424e-03	4.207701e-03	5.552644e-03	1.672388e-03	1.061464e-02	7.604760e-04	2.405261e-03	2.729257e-04	1.115467e-03	0.000000e+00	4.789098e-03	8.784309e-03	5.970513e-04	1.049419e-02	1.756951e-06	4.522039e-05	0.000000e+00	7.590186e-04	0.000000e+00	0.000000e+00	4.006921e-04	0.000000e+00	0.000000e+00	1.378997e-03	1.607952e-04	6.145944e-03	6.237374e-01	-2.001100e-01
6.223428e-01	7.070206e-03	1.696766e-04	2.203476e-04	0.000000e+00	5.187252e-03	9.597655e-03	2.077815e-03	0.000000e+00	1.347478e-03	2.840902e-03	0.000000e+00	1.720095e-03	1.522621e-04	5.477176e-03	6.748890e-03	5.078608e-04	0.000000e+00	4.539213e-04	9.044078e-05	0.000000e+00	7.590186e-04	0.000000e+00	0.000000e+00	7.438849e-04	0.000000e+00	0.000000e+00	9.806608e-04	3.215903e-04	6.145944e-03	6.223428e-01	-1.808110e-01
6.223428e-01	7.070206e-03	1.696766e-04	2.203476e-04	0.000000e+00	5.187252e-03	9.597655e-03	2.077815e-03	0.000000e+00	1.347478e-03	2.840902e-03	0.000000e+00	1.720095e-03	1.522621e-04	5.477176e-03	6.748890e-03	5.078608e-04	0.000000e+00	4.539213e-04	9.044078e-05	0.000000e+00	7.590186e-04	0.000000e+00	0.000000e+00	7.438849e-04	0.000000e+00	0.000000e+00	9.806608e-04	3.215903e-04	6.145944e-03	6.223428e-01	-1.808110e-01
6.195485e-01	3.171432e-03	3.239978e-04	0.000000e+00	1.792180e-02	4.751938e-03	0.000000e+00	1.907825e-03	1.402645e-02	3.583729e-04	2.340997e-03	1.789954e-02	0.000000e+00	1.522621e-04	5.536015e-04	0.000000e+00	1.086700e-03	1.200717e-03	0.000000e+00	0.000000e+00	0.000000e+00	5.060124e-04	0.000000e+00	0.000000e+00	9.148038e-04	0.000000e+00	0.000000e+00	6.537739e-04	2.143935e-04	1.229189e-02	6.195485e-01	-1.289611e-01
4.542605e-01	0.000000e+00	7.513842e-05	0.000000e+00	8.224353e-04	1.462973e-03	0.000000e+00	0.000000e+00	8.195809e-04	2.026951e-03	0.000000e+00	1.166274e-03	3.944619e-03	0.000000e+00	1.419387e-04	0.000000e+00	0.000000e+00	1.200717e-03	0.000000e+00	0.000000e+00	0.000000e+00	0.000000e+00	0.000000e+00	0.000000e+00	9.029164e-04	2.255980e-03	0.000000e+00	2.930371e-05	0.000000e+00	0.000000e+00	4.542605e-01	-1.211289e-01
4.542605e-01	0.000000e+00	7.513842e-05	0.000000e+00	8.224353e-04	1.462973e-03	0.000000e+00	0.000000e+00	8.195809e-04	2.026951e-03	0.000000e+00	1.166274e-03	3.944619e-03	0.000000e+00	1.419387e-04	0.000000e+00	0.000000e+00	1.200717e-03	0.000000e+00	0.000000e+00	0.000000e+00	0.000000e+00	0.000000e+00	0.000000e+00	9.029164e-04	2.255980e-03	0.000000e+00	2.930371e-05	0.000000e+00	0.000000e+00	4.542605e-01	-1.211289e-01
4.542605e-01	0.000000e+00	7.513842e-05	0.000000e+00	8.224353e-04	1.462973e-03	0.000000e+00	0.000000e+00	8.195809e-04	2.026951e-03	0.000000e+00	1.166274e-03	3.944619e-03	0.000000e+00	1.419387e-04	0.000000e+00	0.000000e+00	1.200717e-03	0.000000e+00	0.000000e+00	0.000000e+00	0.000000e+00	0.000000e+00	0.000000e+00	9.029164e-04	2.255980e-03	0.000000e+00	2.930371e-05	0.000000e+00	0.000000e+00	4.542605e-01	-1.211289e-01
4.542605e-01	0.000000e+00	7.513842e-05	0.000000e+00	8.224353e-04	1.462973e-03	0.000000e+00	0.000000e+00	8.195809e-04	2.026951e-03	0.000000e+00	1.166274e-03	3.944619e-03	0.000000e+00	1.419387e-04	0.000000e+00	0.000000e+00	1.200717e-03	0.000000e+00	0.000000e+00	0.000000e+00	0.000000e+00	0.000000e+00	0.000000e+00	9.029164e-04	2.255980e-03	0.000000e+00	2.930371e-05	0.000000e+00	0.000000e+00	4.542605e-01	-1.211289e-01
4.542605e-01	0.000000e+00	7.513842e-05	0.000000e+00	8.224353e-04	1.462973e-03	0.000000e+00	0.000000e+00	8.195809e-04	2.026951e-03	0.000000e+00	1.166274e-03	3.944619e-03	0.000000e+00	1.419387e-04	0.000000e+00	0.000000e+00	1.200717e-03	0.000000e+00	0.000000e+00	0.000000e+00	0.000000e+00	0.000000e+00	0.000000e+00	9.029164e-04	2.255980e-03	0.000000e+00	2.930371e-05	0.000000e+00	0.000000e+00	4.542605e-01	-1.211289e-01
4.542605e-01	0.000000e+00	7.513842e-05	0.000000e+00	8.224353e-04	1.462973e-03	0.000000e+00	0.000000e+00	8.195809e-04	2.026951e-03	0.000000e+00	1.166274e-03	3.944619e-03	0.000000e+00	1.419387e-04	0.000000e+00	0.000000e+00	1.200717e-03	0.000000e+00	0.000000e+00	0.000000e+00	0.000000e+00	0.000000e+00	0.000000e+00	9.029164e-04	2.255980e-03	0.000000e+00	2.930371e-05	0.000000e+00	0.000000e+00	4.542605e-01	-1.211289e-01
4.542605e-01	0.000000e+00	7.513842e-05	0.000000e+00	8.224353e-04	1.462973e-03	0.000000e+00	0.000000e+00	8.195809e-04	2.026951e-03	0.000000e+00	1.166274e-03	3.944619e-03	0.000000e+00	1.419387e-04	0.000000e+00	0.000000e+00	1.200717e-03	0.000000e+00	0.000000e+00	0.000000e+00	0.000000e+00	0.000000e+00	0.000000e+00	9.029164e-04	2.255980e-03	0.000000e+00	2.930371e-05	0.000000e+00	0.000000e+00	4.542605e-01	-1.211289e-01
4.521219e-01	0.000000e+00	1.352826e-04	0.000000e+00	4.103764e-04	0.000000e+00	0.000000e+00	0.000000e+00	6.794955e-04	1.086265e-03	0.000000e+00	1.166274e-03	1.972310e-03	0.000000e+00	7.944188e-04	0.000000e+00	1.606462e-05	1.200717e-03	0.000000e+00	8.962083e-04	0.000000e+00	0.000000e+00	0.000000e+00	0.000000e+00	9.029164e-04	2.359856e-03	0.000000e+00	6.536981e-05	3.120799e-03	0.000000e+00	4.521219e-01	-1.204659e-01
4.463988e-01	0.000000e+00	2.582761e-04	0.000000e+00	1.233653e-03	2.063981e-03	0.000000e+00	1.457604e-03	8.195809e-04	4.412276e-03	4.479039e-04	1.166274e-03	3.944619e-03	0.000000e+00	8.374789e-04	0.000000e+00	4.932065e-04	1.200717e-03	0.000000e+00	0.000000e+00	0.000000e+00	0.000000e+00	0.000000e+00	0.000000e+00	9.790701e-04	3.106114e-03	0.000000e+00	0.000000e+00	0.000000e+00	0.000000e+00	4.463988e-01	-1.070380e-01
4.420333e-01	3.192683e-03	1.079993e-04	0.000000e+00	2.265062e-03	2.245472e-03	0.000000e+00	4.858681e-04	8.195809e-04	5.112561e-03	1.679640e-04	6.335612e-04	0.000000e+00	0.000000e+00	5.839726e-03	0.000000e+00	3.212924e-05	6.003584e-04	2.679710e-03	6.131888e-05	0.000000e+00	0.000000e+00	0.000000e+00	0.000000e+00	9.029164e-04	7.207350e-04	0.000000e+00	0.000000e+00	3.120799e-03	0.000000e+00	4.420333e-01	-8.710416e-02
4.374556e-01	0.000000e+00	1.079993e-04	0.000000e+00	0.000000e+00	5.349925e-03	0.000000e+00	0.000000e+00	7.401512e-04	2.866983e-04	0.000000e+00	1.166274e-03	1.972310e-03	0.000000e+00	7.944188e-04	0.000000e+00	3.212924e-05	0.000000e+00	0.000000e+00	8.962083e-04	0.000000e+00	0.000000e+00	0.000000e+00	0.000000e+00	9.029164e-04	3.851864e-03	0.000000e+00	9.016526e-06	3.120799e-03	0.000000e+00	4.374556e-01	-6.132901e-02
4.342804e-01	2.983201e-04	0.000000e+00	0.000000e+00	1.361312e-02	2.333391e-03	0.000000e+00	1.295648e-03	5.461278e-04	1.349815e-03	2.986026e-04	2.890187e-03	0.000000e+00	2.181232e-03	0.000000e+00	0.000000e+00	6.815796e-04	3.090287e-04	1.403828e-03	0.000000e+00	0.000000e+00	0.000000e+00	0.000000e+00	0.000000e+00	2.233146e-04	1.524000e-03	0.000000e+00	0.000000e+00	4.844953e-03	2.080558e-03	4.342804e-01	-3.391554e-02
4.311179e-01	0.000000e+00	1.079993e-04	0.000000e+00	0.000000e+00	2.806951e-03	0.000000e+00	0.000000e+00	2.422457e-04	0.000000e+00	1.119760e-04	5.606790e-04	1.972310e-03	0.000000e+00	0.000000e+00	0.000000e+00	0.000000e+00	0.000000e+00	9.939521e-04	1.008758e-03	0.000000e+00	0.000000e+00	0.000000e+00	0.000000e+00	1.987032e-05	3.851864e-03	0.000000e+00	1.427617e-05	2.422477e-03	0.000000e+00	4.311179e-01	-1.111655e-02
4.279362e-01	3.429759e-04	0.000000e+00	0.000000e+00	0.000000e+00	1.012838e-03	0.000000e+00	0.000000e+00	6.171011e-04	2.842979e-03	0.000000e+00	0.000000e+00	0.000000e+00	0.000000e+00	7.082987e-04	0.000000e+00	4.543864e-04	1.052840e-03	0.000000e+00	0.000000e+00	0.000000e+00	0.000000e+00	0.000000e+00	0.000000e+00	1.066763e-03	2.343358e-04	0.000000e+00	6.011017e-05	4.161065e-03	0.000000e+00	4.279362e-01	1.927146e-02
4.253848e-01	0.000000e+00	4.319971e-04	0.000000e+00	0.000000e+00	4.227189e-03	0.000000e+00	1.943472e-03	1.354714e-03	7.064494e-03	0.000000e+00	0.000000e+00	1.753164e-03	0.000000e+00	1.234688e-03	0.000000e+00	7.398097e-04	2.060413e-03	4.043387e-04	1.008758e-03	0.000000e+00	0.000000e+00	0.000000e+00	0.000000e+00	0.000000e+00	4.629670e-03	0.000000e+00	1.427617e-05	0.000000e+00	2.443358e-03	4.253848e-01	4.951495e-02
4.228141e-01	3.277255e-03	1.228901e-05	0.000000e+00	2.881889e-03	1.318777e-04	0.000000e+00	0.000000e+00	2.093267e-04	1.155710e-03	1.679640e-04	1.768829e-03	0.000000e+00	1.537095e-02	5.222382e-03	0.000000e+00	0.000000e+00	0.000000e+00	2.679710e-03	0.000000e+00	0.000000e+00	0.000000e+00	0.000000e+00	0.000000e+00	9.729210e-04	0.000000e+00	0.000000e+00	4.095005e-05	3.217110e-03	0.000000e+00	4.228141e-01	7.978632e-02
4.214871e-01	4.792902e-05	2.945762e-04	9.701708e-04	0.000000e+00	9.908584e-04	0.000000e+00	0.000000e+00	1.957304e-04	0.000000e+00	0.000000e+00	6.126232e-04	9.861548e-04	0.000000e+00	0.000000e+00	0.000000e+00	0.000000e+00	0.000000e+00	9.939521e-04	8.474699e-04	0.000000e+00	0.000000e+00	0.000000e+00	0.000000e+00	2.000787e-04	3.851864e-03	0.000000e+00	1.081983e-04	0.000000e+00	7.282223e-04	4.214871e-01	8.965205e-02
4.167274e-01	2.634412e-03	2.405765e-04	0.000000e+00	8.241178e-04	6.717708e-03	0.000000e+00	1.376626e-03	1.099752e-03	0.000000e+00	0.000000e+00	0.000000e+00	0.000000e+00	7.685477e-03	0.000000e+00	0.000000e+00	1.606462e-05	0.000000e+00	0.000000e+00	8.380071e-04	0.000000e+00	0.000000e+00	0.000000e+00	0.000000e+00	7.473574e-04	6.809516e-04	0.000000e+00	0.000000e+00	3.380865e-03	0.000000e+00	4.167274e-01	1.509247e-01
4.143003e-01	2.560595e-04	1.202883e-04	0.000000e+00	5.596768e-03	1.012838e-03	0.000000e+00	0.000000e+00	3.756532e-04	1.881373e-03	0.000000e+00	1.693245e-03	1.753164e-03	0.000000e+00	3.541493e-04	0.000000e+00	0.000000e+00	0.000000e+00	0.000000e+00	0.000000e+00	0.000000e+00	0.000000e+00	0.000000e+00	0.000000e+00	7.506092e-04	2.343358e-04	0.000000e+00	3.394199e-02	2.176844e-03	6.589064e-04	4.143003e-01	1.871224e-01
4.124502e-01	2.377382e-04	3.007207e-04	1.154965e-04	0.000000e+00	1.122736e-03	0.000000e+00	8.097801e-04	8.195809e-04	0.000000e+00	0.000000e+00	3.685746e-05	0.000000e+00	0.000000e+00	0.000000e+00	0.000000e+00	3.212924e-05	0.000000e+00	4.043387e-04	8.190814e-04	0.000000e+00	0.000000e+00	0.000000e+00	0.000000e+00	1.086158e-04	7.634636e-04	0.000000e+00	7.213220e-05	1.786744e-03	1.456445e-03	4.124502e-01	2.024078e-01
2.582353e-01	1.691431e-04	2.405765e-04	6.467805e-04	0.000000e+00	0.000000e+00	0.000000e+00	0.000000e+00	1.342054e-04	0.000000e+00	0.000000e+00	2.948597e-05	0.000000e+00	0.000000e+00	0.000000e+00	0.000000e+00	0.000000e+00	0.000000e+00	4.043387e-04	8.380071e-04	0.000000e+00	0.000000e+00	0.000000e+00	0.000000e+00	1.400092e-04	3.368577e-04	0.000000e+00	9.617627e-05	1.926225e-04	9.709631e-04	2.582353e-01	2.431628e-01
2.582353e-01	1.691431e-04	2.405765e-04	6.467805e-04	0.000000e+00	0.000000e+00	0.000000e+00	0.000000e+00	1.342054e-04	0.000000e+00	0.000000e+00	2.948597e-05	0.000000e+00	0.000000e+00	0.000000e+00	0.000000e+00	0.000000e+00	0.000000e+00	4.043387e-04	8.380071e-04	0.000000e+00	0.000000e+00	0.000000e+00	0.000000e+00	1.400092e-04	3.368577e-04	0.000000e+00	9.617627e-05	1.926225e-04	9.709631e-04	2.582353e-01	2.431628e-01
2.582353e-01	1.691431e-04	2.405765e-04	6.467805e-04	0.000000e+00	0.000000e+00	0.000000e+00	0.000000e+00	1.342054e-04	0.000000e+00	0.000000e+00	2.948597e-05	0.000000e+00	0.000000e+00	0.000000e+00	0.000000e+00	0.000000e+00	0.000000e+00	4.043387e-04	8.380071e-04	0.000000e+00	0.000000e+00	0.000000e+00	0.000000e+00	1.400092e-04	3.368577e-04	0.000000e+00	9.617627e-05	1.926225e-04	9.709631e-04	2.582353e-01	2.431628e-01
2.582353e-01	1.691431e-04	2.405765e-04	6.467805e-04	0.000000e+00	0.000000e+00	0.000000e+00	0.000000e+00	1.342054e-04	0.000000e+00	0.000000e+00	2.948597e-05	0.000000e+00	0.000000e+00	0.000000e+00	0.000000e+00	0.000000e+00	0.000000e+00	4.043387e-04	8.380071e-04	0.000000e+00	0.000000e+00	0.000000e+00	0.000000e+00	1.400092e-04	3.368577e-04	0.000000e+00	9.617627e-05	1.926225e-04	9.709631e-04	2.582353e-01	2.431628e-01
2.582353e-01	1.691431e-04	2.405765e-04	6.467805e-04	0.000000e+00	0.000000e+00	0.000000e+00	0.000000e+00	1.342054e-04	0.000000e+00	0.000000e+00	2.948597e-05	0.000000e+00	0.000000e+00	0.000000e+00	0.000000e+00	0.000000e+00	0.000000e+00	4.043387e-04	8.380071e-04	0.000000e+00	0.000000e+00	0.000000e+00	0.000000e+00	1.400092e-04	3.368577e-04	0.000000e+00	9.617627e-05	1.926225e-04	9.709631e-04	2.582353e-01	2.431628e-01
2.582353e-01	1.691431e-04	2.405765e-04	6.467805e-04	0.000000e+00	0.000000e+00	0.000000e+00	0.000000e+00	1.342054e-04	0.000000e+00	0.000000e+00	2.948597e-05	0.000000e+00	0.000000e+00	0.000000e+00	0.000000e+00	0.000000e+00	0.000000e+00	4.043387e-04	8.380071e-04	0.000000e+00	0.000000e+00	0.000000e+00	0.000000e+00	1.400092e-04	3.368577e-04	0.000000e+00	9.617627e-05	1.926225e-04	9.709631e-04	2.582353e-01	2.431628e-01
2.582353e-01	1.691431e-04	2.405765e-04	6.467805e-04	0.000000e+00	0.000000e+00	0.000000e+00	0.000000e+00	1.342054e-04	0.000000e+00	0.000000e+00	2.948597e-05	0.000000e+00	0.000000e+00	0.000000e+00	0.000000e+00	0.000000e+00	0.000000e+00	4.043387e-04	8.380071e-04	0.000000e+00	0.000000e+00	0.000000e+00	0.000000e+00	1.400092e-04	3.368577e-04	0.000000e+00	9.617627e-05	1.926225e-04	9.709631e-04	2.582353e-01	2.431628e-01
2.582353e-01	1.691431e-04	2.405765e-04	6.467805e-04	0.000000e+00	0.000000e+00	0.000000e+00	0.000000e+00	1.342054e-04	0.000000e+00	0.000000e+00	2.948597e-05	0.000000e+00	0.000000e+00	0.000000e+00	0.000000e+00	0.000000e+00	0.000000e+00	4.043387e-04	8.380071e-04	0.000000e+00	0.000000e+00	0.000000e+00	0.000000e+00	1.400092e-04	3.368577e-04	0.000000e+00	9.617627e-05	1.926225e-04	9.709631e-04	2.582353e-01	2.431628e-01
2.544969e-01	2.743807e-04	2.405765e-04	1.062568e-03	0.000000e+00	0.000000e+00	0.000000e+00	0.000000e+00	1.342054e-04	0.000000e+00	0.000000e+00	2.948597e-05	0.000000e+00	0.000000e+00	0.000000e+00	0.000000e+00	0.000000e+00	0.000000e+00	4.043387e-04	8.380071e-04	0.000000e+00	0.000000e+00	0.000000e+00	0.000000e+00	8.265719e-05	3.368577e-04	0.000000e+00	9.617627e-05	1.926225e-04	9.709631e-04	2.544969e-01	2.446439e-01
2.437035e-01	0.000000e+00	3.608648e-04	9.701708e-04	0.000000e+00	0.000000e+00	0.000000e+00	0.000000e+00	2.400367e-04	0.000000e+00	0.000000e+00	2.948597e-05	0.000000e+00	0.000000e+00	0.000000e+00	0.000000e+00	0.000000e+00	0.000000e+00	6.065080e-04	2.331377e-04	0.000000e+00	0.000000e+00	0.000000e+00	0.000000e+00	3.198676e-06	3.807956e-04	0.000000e+00	1.142093e-04	7.704901e-04	1.109757e-03	2.437035e-01	2.685121e-01
2.366485e-01	2.695760e-05	2.405765e-04	1.154965e-03	5.228691e-03	0.000000e+00	2.475789e-04	3.623473e-04	2.256977e-04	0.000000e+00	0.000000e+00	9.950132e-05	0.000000e+00	0.000000e+00	4.306007e-05	0.000000e+00	0.000000e+00	0.000000e+00	6.823215e-04	8.380071e-04	0.000000e+00	0.000000e+00	0.000000e+00	0.000000e+00	2.266355e-04	2.343358e-04	0.000000e+00	6.011017e-05	0.000000e+00	1.204647e-03	2.366485e-01	2.999553e-01
2.289521e-01	5.870056e-04	1.202883e-04	3.233903e-04	0.000000e+00	0.000000e+00	3.458245e-04	0.000000e+00	2.604723e-04	0.000000e+00	0.000000e+00	1.330663e-04	2.921940e-04	0.000000e+00	0.000000e+00	0.000000e+00	0.000000e+00	0.000000e+00	0.000000e+00	2.331377e-04	0.000000e+00	0.000000e+00	0.000000e+00	0.000000e+00	1.400092e-04	3.515037e-04	0.000000e+00	1.202203e-04	1.926225e-04	2.077963e-03	2.289521e-01	3.420370e-01
2.235193e-01	3.780743e-04	1.804324e-04	8.777736e-04	0.000000e+00	0.000000e+00	3.929824e-05	0.000000e+00	1.971918e-04	0.000000e+00	0.000000e+00	8.537455e-07	1.460970e-04	0.000000e+00	0.000000e+00	0.000000e+00	0.000000e+00	0.000000e+00	2.021693e-04	5.355724e-04	0.000000e+00	0.000000e+00	0.000000e+00	0.000000e+00	1.624199e-04	4.027646e-04	0.000000e+00	9.617627e-05	0.000000e+00	9.281949e-04	2.235193e-01	3.776731e-01
2.150617e-01	6.126669e-04	2.405765e-04	9.239722e-05	0.000000e+00	0.000000e+00	4.715789e-05	5.435210e-04	1.473293e-04	0.000000e+00	0.000000e+00	0.000000e+00	1.460970e-04	0.000000e+00	1.076502e-04	0.000000e+00	0.000000e+00	0.000000e+00	6.317792e-05	0.000000e+00	0.000000e+00	0.000000e+00	0.000000e+00	0.000000e+00	1.004748e-05	2.489818e-04	0.000000e+00	0.000000e+00	0.000000e+00	1.192320e-03	2.150617e-01	4.390684e-01
2.069070e-01	0.000000e+00	6.014414e-05	0.000000e+00	0.000000e+00	0.000000e+00	2.200702e-04	0.000000e+00	3.012180e-04	0.000000e+00	0.000000e+00	4.422895e-05	0.000000e+00	0.000000e+00	4.306007e-05	0.000000e+00	0.000000e+00	0.000000e+00	1.149838e-03	4.005207e-04	0.000000e+00	0.000000e+00	0.000000e+00	0.000000e+00	1.303247e-04	1.611058e-04	0.000000e+00	1.442644e-04	7.223345e-05	1.364690e-04	2.069070e-01	5.012712e-01
1.999939e-01	5.870056e-04	1.202883e-04	1.108767e-03	0.000000e+00	0.000000e+00	7.859649e-05	0.000000e+00	2.601782e-04	0.000000e+00	0.000000e+00	1.330663e-04	2.921940e-04	0.000000e+00	0.000000e+00	0.000000e+00	0.000000e+00	0.000000e+00	4.043387e-04	2.331377e-04	0.000000e+00	0.000000e+00	0.000000e+00	0.000000e+00	1.400092e-04	4.686715e-04	0.000000e+00	9.617627e-05	1.926225e-04	2.077963e-03	1.999939e-01	5.543236e-01
1.906687e-01	6.341338e-04	4.811531e-04	7.391777e-04	2.614345e-03	0.000000e+00	7.859649e-05	0.000000e+00	3.355134e-05	0.000000e+00	0.000000e+00	6.520510e-05	0.000000e+00	0.000000e+00	0.000000e+00	0.000000e+00	0.000000e+00	2.913297e-04	0.000000e+00	5.032409e-04	0.000000e+00	0.000000e+00	0.000000e+00	0.000000e+00	1.815243e-05	2.636277e-04	0.000000e+00	7.213220e-05	4.815563e-05	1.802862e-03	1.906687e-01	6.202967e-01
8.342094e-02	0.000000e+00	0.000000e+00	1.501455e-04	0.000000e+00	0.000000e+00	2.357895e-04	0.000000e+00	3.114198e-04	0.000000e+00	0.000000e+00	4.309062e-05	0.000000e+00	0.000000e+00	0.000000e+00	0.000000e+00	0.000000e+00	0.000000e+00	0.000000e+00	5.828441e-05	0.000000e+00	0.000000e+00	0.000000e+00	0.000000e+00	7.391544e-06	2.489818e-04	0.000000e+00	6.011017e-05	0.000000e+00	0.000000e+00	8.342094e-02	6.699578e-01
8.342094e-02	0.000000e+00	0.000000e+00	1.501455e-04	0.000000e+00	0.000000e+00	2.357895e-04	0.000000e+00	3.114198e-04	0.000000e+00	0.000000e+00	4.309062e-05	0.000000e+00	0.000000e+00	0.000000e+00	0.000000e+00	0.000000e+00	0.000000e+00	0.000000e+00	5.828441e-05	0.000000e+00	0.000000e+00	0.000000e+00	0.000000e+00	7.391544e-06	2.489818e-04	0.000000e+00	6.011017e-05	0.000000e+00	0.000000e+00	8.342094e-02	6.699578e-01
8.342094e-02	0.000000e+00	0.000000e+00	1.501455e-04	0.000000e+00	0.000000e+00	2.357895e-04	0.000000e+00	3.114198e-04	0.000000e+00	0.000000e+00	4.309062e-05	0.000000e+00	0.000000e+00	0.000000e+00	0.000000e+00	0.000000e+00	0.000000e+00	0.000000e+00	5.828441e-05	0.000000e+00	0.000000e+00	0.000000e+00	0.000000e+00	7.391544e-06	2.489818e-04	0.000000e+00	6.011017e-05	0.000000e+00	0.000000e+00	8.342094e-02	6.699578e-01
8.342094e-02	0.000000e+00	0.000000e+00	1.501455e-04	0.000000e+00	0.000000e+00	2.357895e-04	0.000000e+00	3.114198e-04	0.000000e+00	0.000000e+00	4.309062e-05	0.000000e+00	0.000000e+00	0.000000e+00	0.000000e+00	0.000000e+00	0.000000e+00	0.000000e+00	5.828441e-05	0.000000e+00	0.000000e+00	0.000000e+00	0.000000e+00	7.391544e-06	2.489818e-04	0.000000e+00	6.011017e-05	0.000000e+00	0.000000e+00	8.342094e-02	6.699578e-01
8.342094e-02	0.000000e+00	0.000000e+00	1.501455e-04	0.000000e+00	0.000000e+00	2.357895e-04	0.000000e+00	3.114198e-04	0.000000e+00	0.000000e+00	4.309062e-05	0.000000e+00	0.000000e+00	0.000000e+00	0.000000e+00	0.000000e+00	0.000000e+00	0.000000e+00	5.828441e-05	0.000000e+00	0.000000e+00	0.000000e+00	0.000000e+00	7.391544e-06	2.489818e-04	0.000000e+00	6.011017e-05	0.000000e+00	0.000000e+00	8.342094e-02	6.699578e-01
8.342094e-02	0.000000e+00	0.000000e+00	1.501455e-04	0.000000e+00	0.000000e+00	2.357895e-04	0.000000e+00	3.114198e-04	0.000000e+00	0.000000e+00	4.309062e-05	0.000000e+00	0.000000e+00	0.000000e+00	0.000000e+00	0.000000e+00	0.000000e+00	0.000000e+00	5.828441e-05	0.000000e+00	0.000000e+00	0.000000e+00	0.000000e+00	7.391544e-06	2.489818e-04	0.000000e+00	6.011017e-05	0.000000e+00	0.000000e+00	8.342094e-02	6.699578e-01
7.332885e-02	5.870056e-04	0.000000e+00	0.000000e+00	0.000000e+00	0.000000e+00	2.357895e-04	0.000000e+00	2.456013e-04	0.000000e+00	0.000000e+00	2.877451e-05	7.304850e-05	0.000000e+00	0.000000e+00	0.000000e+00	0.000000e+00	0.000000e+00	0.000000e+00	3.260706e-04	0.000000e+00	0.000000e+00	0.000000e+00	0.000000e+00	9.875401e-05	2.489818e-04	0.000000e+00	6.011017e-05	0.000000e+00	6.025940e-04	7.332885e-02	6.753788e-01
5.947844e-02	1.767308e-04	0.000000e+00	2.309930e-05	0.000000e+00	0.000000e+00	1.630877e-04	0.000000e+00	2.751370e-04	0.000000e+00	0.000000e+00	1.417382e-04	0.000000e+00	0.000000e+00	1.291802e-04	0.000000e+00	0.000000e+00	0.000000e+00	6.317792e-05	1.165688e-04	0.000000e+00	0.000000e+00	0.000000e+00	0.000000e+00	1.446928e-05	1.867363e-04	0.000000e+00	0.000000e+00	0.000000e+00	2.696399e-04	5.947844e-02	6.996821e-01
4.699861e-02	8.352296e-05	0.000000e+00	6.005819e-04	0.000000e+00	0.000000e+00	1.178947e-04	0.000000e+00	2.118562e-05	0.000000e+00	0.000000e+00	7.940656e-06	2.921940e-04	0.000000e+00	4.306007e-05	0.000000e+00	0.000000e+00	1.456648e-04	4.043387e-04	1.457110e-04	0.000000e+00	0.000000e+00	0.000000e+00	0.000000e+00	0.000000e+00	2.123668e-04	0.000000e+00	0.000000e+00	0.000000e+00	5.892391e-04	4.699861e-02	7.371556e-01
3.169763e-02	1.885129e-04	0.000000e+00	0.000000e+00	0.000000e+00	5.048877e-04	1.493333e-04	1.380371e-03	1.161944e-06	0.000000e+00	0.000000e+00	2.834764e-04	5.843880e-04	0.000000e+00	0.000000e+00	0.000000e+00	0.000000e+00	0.000000e+00	0.000000e+00	0.000000e+00	0.000000e+00	0.000000e+00	0.000000e+00	0.000000e+00	0.000000e+00	0.000000e+00	0.000000e+00	9.617627e-05	1.540980e-03	2.270879e-06	3.169763e-02	7.966988e-01
1.585426e-02	3.063334e-04	0.000000e+00	4.619861e-05	0.000000e+00	0.000000e+00	2.043509e-04	0.000000e+00	2.051448e-04	0.000000e+00	0.000000e+00	4.104716e-04	0.000000e+00	0.000000e+00	5.382509e-05	0.000000e+00	0.000000e+00	1.898940e-03	0.000000e+00	6.631538e-04	0.000000e+00	0.000000e+00	0.000000e+00	0.000000e+00	5.180642e-06	6.590693e-05	0.000000e+00	0.000000e+00	0.000000e+00	0.000000e+00	1.585426e-02	8.676345e-01
0.000000e+00	1.885129e-04	0.000000e+00	1.847944e-04	0.000000e+00	0.000000e+00	2.672281e-04	0.000000e+00	2.475160e-04	0.000000e+00	0.000000e+00	0.000000e+00	5.843880e-04	0.000000e+00	0.000000e+00	0.000000e+00	0.000000e+00	0.000000e+00	0.000000e+00	0.000000e+00	0.000000e+00	0.000000e+00	0.000000e+00	0.000000e+00	5.180642e-06	2.050438e-04	0.000000e+00	0.000000e+00	0.000000e+00	4.206534e-04	0.000000e+00	1.000653e+00
