6.520509e-01	0.000000e+00	0.000000e+00	5.372271e-03	0.000000e+00	1.861627e-04	0.000000e+00	0.000000e+00	0.000000e+00	0.000000e+00	0.000000e+00	0.000000e+00	1.100629e-04	2.436127e-04	6.566744e-04	0.000000e+00	2.726512e-03	0.000000e+00	2.770633e-04	1.097785e-03	2.829061e-04	1.576474e-03	2.816162e-04	0.000000e+00	1.521077e-04	2.649791e-03	2.855901e-03	7.433213e-04	0.000000e+00	8.683363e-04	6.520509e-01	-4.544749e-01
6.496422e-01	3.293290e-04	0.000000e+00	6.528735e-03	4.185307e-04	1.266660e-03	0.000000e+00	0.000000e+00	0.000000e+00	1.423051e-03	0.000000e+00	0.000000e+00	5.207765e-04	2.436127e-04	7.305368e-04	0.000000e+00	3.783190e-03	2.835531e-03	0.000000e+00	2.467456e-03	2.829061e-04	0.000000e+00	2.167833e-04	0.000000e+00	0.000000e+00	2.608263e-03	0.000000e+00	2.549303e-03	0.000000e+00	8.683363e-04	6.496422e-01	-4.505820e-01
6.467711e-01	0.000000e+00	0.000000e+00	8.422162e-03	2.092654e-04	1.382595e-03	7.409423e-04	0.000000e+00	0.000000e+00	1.301893e-03	3.966164e-04	0.000000e+00	0.000000e+00	0.000000e+00	6.566744e-04	3.620011e-03	3.853447e-03	0.000000e+00	2.770633e-04	4.610092e-03	0.000000e+00	1.544646e-04	2.816162e-04	0.000000e+00	2.190977e-03	3.365979e-03	0.000000e+00	2.821717e-03	0.000000e+00	0.000000e+00	6.467711e-01	-4.412942e-01
6.451611e-01	1.552955e-04	0.000000e+00	1.264962e-03	5.231634e-04	1.173579e-03	0.000000e+00	3.412166e-06	1.749580e-04	4.031196e-03	0.000000e+00	4.943913e-04	0.000000e+00	1.386704e-03	2.417705e-03	1.873103e-03	4.643969e-03	0.000000e+00	1.738596e-03	1.648811e-03	1.273116e-04	3.773587e-04	1.570465e-04	1.235538e-04	1.721518e-03	1.011350e-03	0.000000e+00	5.438114e-03	0.000000e+00	2.283162e-03	6.451611e-01	-4.348442e-01
6.442170e-01	6.013685e-04	0.000000e+00	3.089226e-03	1.360225e-03	1.173579e-03	0.000000e+00	4.380686e-04	0.000000e+00	4.361860e-05	4.180358e-03	1.969311e-04	0.000000e+00	1.264897e-03	2.230393e-03	0.000000e+00	2.077395e-03	1.417765e-03	6.330779e-04	3.564802e-03	0.000000e+00	9.983123e-04	2.300435e-04	1.235538e-04	0.000000e+00	2.296052e-03	0.000000e+00	9.175252e-03	0.000000e+00	1.444665e-03	6.442170e-01	-4.294436e-01
6.430152e-01	2.492725e-04	0.000000e+00	6.768601e-03	2.092654e-04	1.861627e-04	0.000000e+00	3.289497e-04	0.000000e+00	8.723720e-05	3.966164e-04	0.000000e+00	1.100629e-04	0.000000e+00	1.342957e-03	3.493816e-03	4.000763e-03	2.835531e-03	9.993763e-04	1.001391e-03	2.828287e-05	0.000000e+00	0.000000e+00	0.000000e+00	1.521077e-04	2.861151e-03	0.000000e+00	2.582483e-03	0.000000e+00	2.049368e-03	6.430152e-01	-4.239514e-01
6.417311e-01	0.000000e+00	0.000000e+00	3.200450e-03	6.245263e-04	1.162152e-03	0.000000e+00	0.000000e+00	0.000000e+00	4.361860e-05	6.983748e-04	7.299457e-05	7.261332e-04	0.000000e+00	0.000000e+00	0.000000e+00	6.290499e-03	1.417765e-03	4.552584e-04	1.036341e-05	0.000000e+00	0.000000e+00	2.246770e-04	6.177692e-05	0.000000e+00	5.057747e-04	0.000000e+00	5.726071e-03	0.000000e+00	2.664529e-03	6.417311e-01	-4.168320e-01
6.407216e-01	2.260976e-04	0.000000e+00	4.185215e-03	4.446889e-04	9.522497e-04	0.000000e+00	1.382172e-03	4.608353e-03	2.525429e-03	0.000000e+00	0.000000e+00	6.321310e-03	6.266553e-04	2.617788e-03	0.000000e+00	1.591035e-03	4.253296e-03	1.215926e-04	2.749596e-03	3.536326e-04	0.000000e+00	1.332003e-04	0.000000e+00	2.628771e-04	2.461007e-03	0.000000e+00	5.025750e-03	0.000000e+00	8.767038e-04	6.407216e-01	-4.063626e-01
6.393316e-01	6.308093e-04	0.000000e+00	3.200450e-03	9.155359e-04	1.162152e-03	0.000000e+00	0.000000e+00	0.000000e+00	2.922402e-04	6.983748e-04	9.846555e-05	7.261332e-04	0.000000e+00	8.081299e-04	0.000000e+00	7.210484e-03	0.000000e+00	0.000000e+00	0.000000e+00	0.000000e+00	4.219238e-04	2.246770e-04	6.177692e-05	0.000000e+00	5.057747e-04	0.000000e+00	5.726071e-03	0.000000e+00	2.664529e-03	6.393316e-01	-3.986124e-01
6.382698e-01	0.000000e+00	0.000000e+00	4.688122e-03	6.277961e-04	6.288212e-04	0.000000e+00	3.357741e-04	0.000000e+00	0.000000e+00	0.000000e+00	9.846555e-05	0.000000e+00	6.569853e-04	0.000000e+00	0.000000e+00	9.277039e-03	0.000000e+00	8.531108e-05	0.000000e+00	0.000000e+00	0.000000e+00	1.671661e-04	1.544423e-05	7.605386e-05	1.556502e-03	0.000000e+00	0.000000e+00	0.000000e+00	0.000000e+00	6.382698e-01	-3.909384e-01
6.379773e-01	2.799317e-04	0.000000e+00	4.235164e-03	0.000000e+00	1.071480e-03	0.000000e+00	0.000000e+00	0.000000e+00	4.074815e-03	0.000000e+00	2.228172e-05	2.603882e-04	0.000000e+00	2.537176e-05	0.000000e+00	4.139225e-03	0.000000e+00	2.532482e-05	3.919539e-03	0.000000e+00	4.397658e-04	0.000000e+00	5.405481e-05	1.759545e-03	1.391199e-03	3.479046e-04	6.729355e-03	0.000000e+00	0.000000e+00	6.379773e-01	-3.863713e-01
6.368349e-01	4.985451e-04	0.000000e+00	3.161049e-03	8.370614e-04	0.000000e+00	0.000000e+00	0.000000e+00	0.000000e+00	1.744744e-04	0.000000e+00	1.969311e-04	1.650929e-03	0.000000e+00	8.376569e-04	3.620011e-03	0.000000e+00	2.835531e-03	1.185821e-03	3.831982e-03	0.000000e+00	1.090494e-03	0.000000e+00	1.235538e-04	0.000000e+00	4.227201e-04	0.000000e+00	5.569950e-03	0.000000e+00	2.829280e-04	6.368349e-01	-3.762425e-01
6.359149e-01	0.000000e+00	0.000000e+00	2.976427e-03	6.277961e-04	6.288212e-04	0.000000e+00	3.357741e-04	0.000000e+00	0.000000e+00	0.000000e+00	9.846555e-05	0.000000e+00	6.569853e-04	0.000000e+00	0.000000e+00	5.010252e-03	0.000000e+00	8.531108e-05	0.000000e+00	2.829061e-04	0.000000e+00	0.000000e+00	1.544423e-05	7.605386e-05	2.101454e-03	0.000000e+00	0.000000e+00	0.000000e+00	0.000000e+00	6.359149e-01	-3.697015e-01
6.355752e-01	6.308093e-04	0.000000e+00	4.166388e-03	9.155359e-04	1.162152e-03	7.409423e-04	0.000000e+00	2.050401e-03	2.690067e-03	0.000000e+00	1.127957e-04	7.261332e-04	0.000000e+00	5.295106e-05	6.409077e-03	7.210484e-03	0.000000e+00	0.000000e+00	4.960069e-04	0.000000e+00	0.000000e+00	3.597484e-04	0.000000e+00	0.000000e+00	1.067755e-03	0.000000e+00	3.607847e-03	0.000000e+00	2.664529e-03	6.355752e-01	-3.620968e-01
6.343977e-01	0.000000e+00	0.000000e+00	9.069118e-04	6.277961e-04	6.288212e-04	2.963769e-03	1.989772e-04	0.000000e+00	2.690067e-03	0.000000e+00	1.969311e-04	4.250894e-03	0.000000e+00	2.164854e-03	6.409077e-03	1.224968e-03	0.000000e+00	0.000000e+00	0.000000e+00	2.829061e-04	0.000000e+00	2.353375e-04	7.722115e-05	0.000000e+00	1.754379e-03	0.000000e+00	3.607847e-03	0.000000e+00	2.829280e-04	6.343977e-01	-3.508625e-01
6.337784e-01	4.767322e-04	0.000000e+00	2.391061e-03	1.255592e-03	5.104960e-05	0.000000e+00	2.735937e-04	0.000000e+00	0.000000e+00	3.982050e-03	1.743614e-04	0.000000e+00	1.386704e-03	1.887251e-03	0.000000e+00	1.440269e-03	0.000000e+00	2.719215e-04	0.000000e+00	4.243592e-04	0.000000e+00	3.669640e-04	0.000000e+00	0.000000e+00	2.190372e-03	0.000000e+00	8.764372e-04	0.000000e+00	8.541488e-04	6.337784e-01	-3.459252e-01
6.331934e-01	6.468822e-04	0.000000e+00	1.485144e-03	8.370614e-04	3.273256e-04	0.000000e+00	0.000000e+00	0.000000e+00	2.546230e-04	0.000000e+00	1.430323e-04	5.207765e-04	0.000000e+00	8.376569e-04	0.000000e+00	1.753307e-03	2.835531e-03	1.185821e-03	6.848355e-04	4.966327e-03	8.795316e-04	0.000000e+00	7.722115e-05	0.000000e+00	1.733616e-03	0.000000e+00	4.510838e-03	0.000000e+00	2.829280e-04	6.331934e-01	-3.382157e-01
6.322558e-01	2.799317e-04	0.000000e+00	3.161049e-03	2.059956e-04	1.071480e-03	0.000000e+00	0.000000e+00	0.000000e+00	3.340176e-03	0.000000e+00	2.228172e-05	0.000000e+00	5.774788e-03	0.000000e+00	3.620011e-03	4.139225e-03	0.000000e+00	2.532482e-05	1.463763e-03	0.000000e+00	3.298244e-04	1.570465e-04	4.826322e-05	1.395713e-03	2.235072e-03	3.479046e-04	6.291137e-03	0.000000e+00	0.000000e+00	6.322558e-01	-3.253306e-01
6.313827e-01	4.767322e-04	0.000000e+00	2.117582e-03	2.158049e-04	9.262870e-04	1.481885e-03	0.000000e+00	4.100802e-03	1.469278e-03	0.000000e+00	5.094196e-05	0.000000e+00	2.085853e-03	1.312739e-04	5.926297e-03	1.440269e-03	0.000000e+00	1.545484e-04	4.911553e-03	0.000000e+00	2.198829e-04	5.422111e-04	2.702740e-05	8.037188e-04	4.137068e-04	0.000000e+00	8.764372e-04	0.000000e+00	5.082275e-04	6.313827e-01	-3.156189e-01
6.307694e-01	6.168596e-04	0.000000e+00	4.060706e-03	9.416941e-04	0.000000e+00	0.000000e+00	2.092796e-03	1.843341e-02	0.000000e+00	4.937953e-04	0.000000e+00	3.384986e-04	1.532170e-03	0.000000e+00	0.000000e+00	1.518261e-03	0.000000e+00	4.863705e-04	6.890984e-04	0.000000e+00	1.069680e-03	8.964467e-05	0.000000e+00	3.736465e-04	5.468707e-05	0.000000e+00	3.390553e-03	0.000000e+00	3.163980e-04	6.307694e-01	-3.064830e-01
6.298822e-01	4.940223e-04	0.000000e+00	3.095145e-03	4.185307e-04	2.055828e-04	5.927539e-03	2.711283e-04	1.412599e-03	0.000000e+00	6.278134e-03	6.279508e-05	1.714265e-03	2.909333e-04	1.063187e-03	4.744542e-03	2.211130e-04	0.000000e+00	1.006297e-05	5.080253e-03	0.000000e+00	0.000000e+00	3.292460e-04	0.000000e+00	0.000000e+00	9.665983e-04	0.000000e+00	1.865037e-03	0.000000e+00	0.000000e+00	6.298822e-01	-2.954025e-01
6.289000e-01	4.985451e-04	0.000000e+00	2.352618e-03	0.000000e+00	0.000000e+00	0.000000e+00	1.443022e-04	0.000000e+00	0.000000e+00	2.704949e-03	0.000000e+00	0.000000e+00	0.000000e+00	2.465572e-04	2.278452e-04	0.000000e+00	0.000000e+00	1.012993e-04	1.167708e-03	3.644036e-03	4.679876e-04	1.639446e-04	0.000000e+00	2.296796e-03	0.000000e+00	0.000000e+00	2.047774e-03	0.000000e+00	1.075027e-04	6.289000e-01	-2.857164e-01
6.282883e-01	1.532911e-04	0.000000e+00	1.648489e-03	8.370614e-04	3.144106e-04	7.036514e-04	2.733751e-05	0.000000e+00	1.261340e-03	7.146370e-03	1.841604e-04	4.772116e-03	2.117416e-03	1.582201e-03	3.090616e-03	6.897149e-04	0.000000e+00	0.000000e+00	0.000000e+00	0.000000e+00	0.000000e+00	6.859093e-04	7.722115e-05	0.000000e+00	1.323564e-03	0.000000e+00	0.000000e+00	0.000000e+00	1.340421e-03	6.282883e-01	-2.751134e-01
6.277371e-01	0.000000e+00	0.000000e+00	0.000000e+00	0.000000e+00	3.144106e-04	7.036514e-04	2.733751e-05	2.050401e-03	3.048545e-03	6.215752e-03	6.774741e-05	2.472108e-03	0.000000e+00	1.565778e-04	6.151667e-03	8.646825e-04	0.000000e+00	0.000000e+00	1.150961e-03	0.000000e+00	9.987486e-05	5.629960e-04	1.351370e-05	0.000000e+00	1.323530e-03	0.000000e+00	2.661029e-03	0.000000e+00	2.811812e-04	6.277371e-01	-2.673719e-01
6.270430e-01	3.458017e-05	0.000000e+00	3.161049e-03	0.000000e+00	0.000000e+00	2.963769e-03	3.698914e-03	0.000000e+00	2.397598e-03	5.266204e-03	7.817767e-05	2.122411e-03	1.606891e-03	5.315936e-04	2.372271e-03	1.445478e-04	0.000000e+00	5.031486e-06	3.414058e-04	1.415429e-03	0.000000e+00	6.282767e-04	3.861058e-05	0.000000e+00	4.832991e-04	6.958091e-04	2.657402e-03	3.918547e-03	9.175511e-05	6.270430e-01	-2.562648e-01
6.262538e-01	4.767322e-04	6.882145e-03	0.000000e+00	8.893778e-04	3.805660e-04	0.000000e+00	2.733751e-05	0.000000e+00	2.272516e-03	2.572947e-04	6.722849e-05	4.095101e-03	1.386704e-03	2.001029e-03	3.061027e-03	1.224099e-03	1.417765e-03	3.444846e-04	3.424178e-04	1.775449e-03	0.000000e+00	2.222556e-04	9.652644e-05	1.521077e-04	2.190372e-03	1.391618e-03	5.305361e-04	0.000000e+00	1.494491e-03	6.262538e-01	-2.450902e-01
6.253290e-01	3.976097e-04	0.000000e+00	6.138884e-03	0.000000e+00	4.301169e-04	1.556467e-03	1.443022e-04	0.000000e+00	1.673858e-04	1.247641e-04	7.180249e-05	1.912846e-03	0.000000e+00	3.136572e-04	1.693407e-03	0.000000e+00	0.000000e+00	2.583634e-04	3.292443e-03	6.621769e-03	4.022981e-04	1.993408e-05	0.000000e+00	0.000000e+00	1.330236e-04	0.000000e+00	3.873050e-03	0.000000e+00	1.075027e-04	6.253290e-01	-2.323018e-01
6.244427e-01	4.985451e-04	0.000000e+00	2.190988e-03	0.000000e+00	0.000000e+00	1.556467e-03	1.443022e-04	0.000000e+00	1.673858e-04	1.247641e-04	1.089429e-04	0.000000e+00	0.000000e+00	0.000000e+00	2.278452e-04	0.000000e+00	0.000000e+00	1.012993e-04	0.000000e+00	6.621769e-03	4.679876e-04	1.993408e-05	0.000000e+00	2.296796e-03	0.000000e+00	0.000000e+00	3.873050e-03	0.000000e+00	1.075027e-04	6.244427e-01	-2.204888e-01
6.238758e-01	0.000000e+00	0.000000e+00	2.567410e-03	0.000000e+00	7.648567e-04	1.130059e-03	1.186948e-03	1.331751e-02	0.000000e+00	0.000000e+00	1.185312e-05	0.000000e+00	1.354147e-03	7.389194e-06	3.908686e-03	0.000000e+00	0.000000e+00	3.795929e-04	1.167708e-03	0.000000e+00	0.000000e+00	4.361047e-04	2.702740e-05	2.296796e-03	0.000000e+00	0.000000e+00	4.920460e-04	0.000000e+00	1.075027e-04	6.238758e-01	-2.096704e-01
6.231173e-01	0.000000e+00	0.000000e+00	5.365990e-03	1.522079e-04	7.648567e-04	1.556467e-03	1.118549e-03	0.000000e+00	0.000000e+00	3.092797e-04	5.447143e-05	1.219057e-03	0.000000e+00	0.000000e+00	2.050607e-04	1.102238e-03	3.924798e-04	1.519489e-04	1.645848e-03	0.000000e+00	0.000000e+00	6.378907e-04	0.000000e+00	0.000000e+00	1.330236e-04	0.000000e+00	3.037427e-03	0.000000e+00	1.417110e-03	6.231173e-01	-1.995496e-01
6.222131e-01	0.000000e+00	0.000000e+00	0.000000e+00	0.000000e+00	5.808301e-04	0.000000e+00	0.000000e+00	0.000000e+00	5.681290e-04	0.000000e+00	1.626303e-04	1.874807e-03	1.461425e-03	2.275562e-04	0.000000e+00	2.521983e-04	0.000000e+00	1.014667e-05	0.000000e+00	1.415429e-03	0.000000e+00	6.378907e-04	0.000000e+00	0.000000e+00	0.000000e+00	0.000000e+00	1.430621e-03	0.000000e+00	1.255473e-03	6.222131e-01	-1.867625e-01
6.216317e-01	2.720429e-04	0.000000e+00	0.000000e+00	7.169382e-04	0.000000e+00	2.398740e-03	3.105440e-03	0.000000e+00	0.000000e+00	5.359777e-03	1.384130e-04	2.731940e-03	1.461425e-03	0.000000e+00	0.000000e+00	6.032979e-04	0.000000e+00	0.000000e+00	0.000000e+00	1.415429e-03	0.000000e+00	9.273074e-04	2.509687e-05	0.000000e+00	4.832991e-04	0.000000e+00	3.449766e-03	0.000000e+00	1.297589e-04	6.216317e-01	-1.747406e-01
6.205235e-01	4.749255e-04	0.000000e+00	0.000000e+00	1.433876e-03	6.701775e-04	0.000000e+00	0.000000e+00	0.000000e+00	0.000000e+00	1.871462e-04	1.323238e-04	1.219057e-03	0.000000e+00	0.000000e+00	0.000000e+00	9.175003e-04	0.000000e+00	0.000000e+00	0.000000e+00	0.000000e+00	0.000000e+00	9.273074e-04	0.000000e+00	0.000000e+00	0.000000e+00	0.000000e+00	3.449766e-03	0.000000e+00	1.835102e-04	6.205235e-01	-1.588688e-01
6.198608e-01	2.729463e-04	0.000000e+00	1.389560e-02	1.433876e-03	5.742230e-04	0.000000e+00	0.000000e+00	0.000000e+00	0.000000e+00	0.000000e+00	1.515323e-05	1.944577e-03	0.000000e+00	4.551124e-04	4.784749e-04	1.856665e-04	0.000000e+00	3.039816e-05	8.229241e-04	2.417113e-03	1.195769e-04	1.939848e-04	0.000000e+00	0.000000e+00	0.000000e+00	0.000000e+00	8.842659e-05	0.000000e+00	6.829246e-04	6.198608e-01	-1.450130e-01
6.191160e-01	1.127994e-04	0.000000e+00	1.095494e-03	6.372784e-04	3.782574e-04	0.000000e+00	7.215111e-05	8.892386e-04	8.369292e-05	0.000000e+00	1.114028e-04	1.021642e-03	0.000000e+00	0.000000e+00	4.101214e-04	3.364898e-04	3.924798e-04	5.064965e-05	0.000000e+00	4.490409e-03	2.391537e-04	3.289124e-04	0.000000e+00	0.000000e+00	0.000000e+00	0.000000e+00	2.949001e-03	0.000000e+00	1.601031e-04	6.191160e-01	-1.341064e-01
4.532644e-01	1.217172e-03	0.000000e+00	0.000000e+00	1.752516e-03	6.188967e-04	0.000000e+00	3.607555e-05	0.000000e+00	4.184646e-05	0.000000e+00	0.000000e+00	1.616702e-03	0.000000e+00	0.000000e+00	4.784749e-04	5.183175e-04	0.000000e+00	2.532482e-05	0.000000e+00	1.709399e-03	1.195769e-04	3.386931e-04	0.000000e+00	0.000000e+00	0.000000e+00	0.000000e+00	0.000000e+00	0.000000e+00	1.469433e-04	4.532644e-01	-1.223568e-01
4.532644e-01	1.217172e-03	0.000000e+00	0.000000e+00	1.752516e-03	6.188967e-04	0.000000e+00	3.607555e-05	0.000000e+00	4.184646e-05	0.000000e+00	0.000000e+00	1.616702e-03	0.000000e+00	0.000000e+00	4.784749e-04	5.183175e-04	0.000000e+00	2.532482e-05	0.000000e+00	1.709399e-03	1.195769e-04	3.386931e-04	0.000000e+00	0.000000e+00	0.000000e+00	0.000000e+00	0.000000e+00	0.000000e+00	1.469433e-04	4.532644e-01	-1.223568e-01
4.532644e-01	1.217172e-03	0.000000e+00	0.000000e+00	1.752516e-03	6.188967e-04	0.000000e+00	3.607555e-05	0.000000e+00	4.184646e-05	0.000000e+00	0.000000e+00	1.616702e-03	0.000000e+00	0.000000e+00	4.784749e-04	5.183175e-04	0.000000e+00	2.532482e-05	0.000000e+00	1.709399e-03	1.195769e-04	3.386931e-04	0.000000e+00	0.000000e+00	0.000000e+00	0.000000e+00	0.000000e+00	0.000000e+00	1.469433e-04	4.532644e-01	-1.223568e-01
4.532644e-01	1.217172e-03	0.000000e+00	0.000000e+00	1.752516e-03	6.188967e-04	0.000000e+00	3.607555e-05	0.000000e+00	4.184646e-05	0.000000e+00	0.000000e+00	1.616702e-03	0.000000e+00	0.000000e+00	4.784749e-04	5.183175e-04	0.000000e+00	2.532482e-05	0.000000e+00	1.709399e-03	1.195769e-04	3.386931e-04	0.000000e+00	0.000000e+00	0.000000e+00	0.000000e+00	0.000000e+00	0.000000e+00	1.469433e-04	4.532644e-01	-1.223568e-01
4.532644e-01	1.217172e-03	0.000000e+00	0.000000e+00	1.752516e-03	6.188967e-04	0.000000e+00	3.607555e-05	0.000000e+00	4.184646e-05	0.000000e+00	0.000000e+00	1.616702e-03	0.000000e+00	0.000000e+00	4.784749e-04	5.183175e-04	0.000000e+00	2.532482e-05	0.000000e+00	1.709399e-03	1.195769e-04	3.386931e-04	0.000000e+00	0.000000e+00	0.000000e+00	0.000000e+00	0.000000e+00	0.000000e+00	1.469433e-04	4.532644e-01	-1.223568e-01
4.532644e-01	1.217172e-03	0.000000e+00	0.000000e+00	1.752516e-03	6.188967e-04	0.000000e+00	3.607555e-05	0.000000e+00	4.184646e-05	0.000000e+00	0.000000e+00	1.616702e-03	0.000000e+00	0.000000e+00	4.784749e-04	5.183175e-04	0.000000e+00	2.532482e-05	0.000000e+00	1.709399e-03	1.195769e-04	3.386931e-04	0.000000e+00	0.000000e+00	0.000000e+00	0.000000e+00	0.000000e+00	0.000000e+00	1.469433e-04	4.532644e-01	-1.223568e-01
4.532644e-01	1.217172e-03	0.000000e+00	0.000000e+00	1.752516e-03	6.188967e-04	0.000000e+00	3.607555e-05	0.000000e+00	4.184646e-05	0.000000e+00	0.000000e+00	1.616702e-03	0.000000e+00	0.000000e+00	4.784749e-04	5.183175e-04	0.000000e+00	2.532482e-05	0.000000e+00	1.709399e-03	1.195769e-04	3.386931e-04	0.000000e+00	0.000000e+00	0.000000e+00	0.000000e+00	0.000000e+00	0.000000e+00	1.469433e-04	4.532644e-01	-1.223568e-01
4.524074e-01	2.478019e-05	0.000000e+00	1.488917e-03	1.433876e-03	9.799152e-04	7.409423e-04	0.000000e+00	0.000000e+00	0.000000e+00	0.000000e+00	0.000000e+00	1.219057e-03	0.000000e+00	0.000000e+00	0.000000e+00	9.175003e-04	0.000000e+00	0.000000e+00	1.646221e-03	0.000000e+00	1.239314e-04	5.340290e-04	0.000000e+00	0.000000e+00	0.000000e+00	0.000000e+00	3.449766e-03	0.000000e+00	1.968522e-04	4.524074e-01	-1.210978e-01
4.480936e-01	5.803859e-04	0.000000e+00	0.000000e+00	1.911835e-03	8.483873e-04	5.811556e-04	2.096136e-03	0.000000e+00	0.000000e+00	0.000000e+00	6.616191e-05	2.043284e-03	2.019667e-05	0.000000e+00	3.759446e-04	7.852667e-04	7.849597e-04	0.000000e+00	0.000000e+00	0.000000e+00	0.000000e+00	7.973633e-04	1.622610e-04	0.000000e+00	0.000000e+00	0.000000e+00	0.000000e+00	0.000000e+00	1.855908e-04	4.480936e-01	-1.143665e-01
4.453790e-01	1.119594e-04	0.000000e+00	3.554864e-04	0.000000e+00	3.976012e-04	3.753975e-03	2.677752e-02	5.275109e-04	0.000000e+00	1.758214e-04	0.000000e+00	0.000000e+00	0.000000e+00	0.000000e+00	1.551643e-03	3.431071e-04	6.551390e-05	0.000000e+00	7.605391e-05	4.457761e-04	2.208489e-04	2.276362e-03	0.000000e+00	8.351512e-03	6.712568e-04	2.727733e-04	0.000000e+00	0.000000e+00	1.768901e-04	4.453790e-01	-9.841755e-02
4.423763e-01	1.217172e-03	0.000000e+00	0.000000e+00	1.752516e-03	1.805093e-04	6.610490e-04	3.607555e-05	1.381224e-03	0.000000e+00	0.000000e+00	4.901060e-04	1.616702e-03	5.799552e-05	0.000000e+00	4.682306e-04	5.183175e-04	0.000000e+00	2.532482e-05	0.000000e+00	0.000000e+00	1.195769e-04	5.640311e-03	0.000000e+00	0.000000e+00	6.353224e-04	0.000000e+00	0.000000e+00	0.000000e+00	2.600946e-04	4.423763e-01	-9.174128e-02
4.391800e-01	6.033900e-04	0.000000e+00	0.000000e+00	1.274557e-03	0.000000e+00	1.731698e-03	0.000000e+00	1.764582e-03	0.000000e+00	0.000000e+00	3.452079e-04	2.009454e-03	0.000000e+00	0.000000e+00	4.101214e-04	6.862143e-04	7.849597e-04	0.000000e+00	0.000000e+00	0.000000e+00	1.031993e-05	0.000000e+00	0.000000e+00	1.332644e-03	6.144810e-05	0.000000e+00	6.625778e-04	0.000000e+00	1.776064e-04	4.391800e-01	-7.429606e-02
4.381936e-01	0.000000e+00	0.000000e+00	1.051562e-03	0.000000e+00	7.187126e-04	3.629443e-03	0.000000e+00	7.989260e-04	4.184646e-05	1.777175e-03	3.577282e-04	2.191347e-03	2.899776e-05	0.000000e+00	8.997180e-04	4.763433e-04	5.062785e-04	5.513035e-04	0.000000e+00	2.394883e-03	1.266760e-04	0.000000e+00	2.839568e-04	0.000000e+00	8.787787e-04	0.000000e+00	0.000000e+00	0.000000e+00	1.530160e-04	4.381936e-01	-6.685310e-02
4.359806e-01	1.086180e-03	0.000000e+00	1.051562e-03	2.469454e-03	8.309103e-04	6.078597e-03	2.114174e-03	0.000000e+00	2.092323e-05	9.392614e-04	4.901060e-04	2.800876e-03	5.799552e-05	0.000000e+00	7.074681e-04	1.044425e-03	7.849597e-04	1.266241e-05	0.000000e+00	8.546993e-04	0.000000e+00	9.667099e-04	4.821508e-05	1.319501e-03	6.353224e-04	1.097493e-03	0.000000e+00	0.000000e+00	4.543939e-05	4.359806e-01	-4.936450e-02
4.337718e-01	5.874141e-04	0.000000e+00	0.000000e+00	1.792345e-03	1.996319e-04	8.717334e-04	3.144204e-03	0.000000e+00	0.000000e+00	3.554350e-03	1.060664e-03	1.582844e-03	5.799552e-05	0.000000e+00	6.493588e-04	6.022659e-04	3.924798e-04	0.000000e+00	0.000000e+00	1.370969e-03	2.451826e-05	0.000000e+00	5.679136e-04	0.000000e+00	1.819005e-03	0.000000e+00	6.625778e-04	0.000000e+00	1.897518e-04	4.337718e-01	-3.323816e-02
4.313627e-01	2.542905e-04	0.000000e+00	0.000000e+00	1.274557e-03	8.585697e-04	0.000000e+00	0.000000e+00	0.000000e+00	0.000000e+00	0.000000e+00	1.060664e-03	1.548987e-03	0.000000e+00	0.000000e+00	4.101214e-04	6.862143e-04	7.849597e-04	1.102607e-03	0.000000e+00	9.436191e-04	1.031993e-05	0.000000e+00	0.000000e+00	0.000000e+00	0.000000e+00	0.000000e+00	6.625778e-04	0.000000e+00	1.776064e-04	4.313627e-01	-1.425471e-02
4.301290e-01	0.000000e+00	0.000000e+00	1.777432e-04	0.000000e+00	0.000000e+00	1.586410e-03	2.137427e-02	9.978665e-04	0.000000e+00	1.930709e-04	7.708681e-04	0.000000e+00	3.469555e-05	3.737290e-04	1.367071e-04	0.000000e+00	9.480998e-04	0.000000e+00	3.802696e-05	2.228881e-04	1.104244e-04	2.941730e-03	0.000000e+00	6.958938e-04	0.000000e+00	1.363867e-04	9.343057e-04	0.000000e+00	1.018129e-04	4.301290e-01	1.790050e-03
4.277681e-01	5.509244e-04	0.000000e+00	0.000000e+00	7.169382e-04	1.936772e-03	0.000000e+00	2.096136e-03	1.102074e-03	0.000000e+00	0.000000e+00	0.000000e+00	1.548987e-03	2.019667e-05	0.000000e+00	0.000000e+00	6.862143e-04	7.849597e-04	4.823906e-04	0.000000e+00	8.546993e-04	1.031993e-05	0.000000e+00	2.061483e-04	0.000000e+00	0.000000e+00	0.000000e+00	0.000000e+00	0.000000e+00	1.559409e-04	4.277681e-01	2.068465e-02
4.265222e-01	1.119594e-04	0.000000e+00	0.000000e+00	0.000000e+00	3.976012e-04	3.753975e-03	2.207837e-03	1.365119e-03	0.000000e+00	1.758214e-04	6.966760e-04	1.688274e-03	0.000000e+00	0.000000e+00	1.551643e-03	0.000000e+00	5.573625e-04	2.756518e-04	0.000000e+00	0.000000e+00	0.000000e+00	2.276362e-03	0.000000e+00	1.332644e-03	6.712568e-04	0.000000e+00	9.938667e-04	0.000000e+00	6.485927e-05	4.265222e-01	3.503450e-02
4.247572e-01	8.185522e-04	0.000000e+00	5.257809e-04	3.186392e-04	1.294550e-03	0.000000e+00	1.631979e-05	1.338597e-03	1.046161e-05	0.000000e+00	2.450530e-04	2.174931e-03	1.889942e-05	1.868645e-04	3.537341e-04	8.653199e-04	7.849597e-04	1.102607e-03	6.844852e-04	3.290641e-03	4.903652e-05	0.000000e+00	6.490442e-04	0.000000e+00	3.176612e-04	2.296693e-03	0.000000e+00	0.000000e+00	9.086916e-05	4.247572e-01	5.386648e-02
4.234268e-01	5.193700e-04	0.000000e+00	4.369093e-04	1.593196e-04	1.274025e-03	1.817101e-03	0.000000e+00	1.405142e-03	0.000000e+00	2.434401e-04	3.137648e-04	2.191347e-03	1.164998e-05	0.000000e+00	6.955019e-04	1.208427e-03	8.531935e-04	1.108938e-03	3.422426e-04	1.259525e-03	2.073634e-05	0.000000e+00	7.674179e-04	3.118038e-04	0.000000e+00	0.000000e+00	1.480002e-03	0.000000e+00	2.538250e-04	4.234268e-01	6.852997e-02
4.212619e-01	2.055833e-04	0.000000e+00	0.000000e+00	0.000000e+00	6.538507e-04	0.000000e+00	0.000000e+00	1.261654e-04	0.000000e+00	2.103204e-04	2.549332e-04	0.000000e+00	0.000000e+00	0.000000e+00	5.515338e-04	4.324713e-04	5.962638e-05	0.000000e+00	0.000000e+00	0.000000e+00	9.709096e-05	0.000000e+00	0.000000e+00	6.523578e-04	0.000000e+00	8.739731e-04	0.000000e+00	0.000000e+00	0.000000e+00	4.212619e-01	9.089195e-02
4.205185e-01	1.082429e-06	0.000000e+00	1.777432e-04	0.000000e+00	0.000000e+00	0.000000e+00	0.000000e+00	9.978665e-04	0.000000e+00	1.051602e-04	6.304908e-04	0.000000e+00	3.557147e-07	2.117517e-04	5.513199e-04	0.000000e+00	5.038631e-04	0.000000e+00	0.000000e+00	8.226602e-04	0.000000e+00	2.551995e-03	1.622610e-04	0.000000e+00	3.627505e-05	0.000000e+00	4.652519e-02	0.000000e+00	1.359614e-05	4.205185e-01	1.100408e-01
4.180201e-01	0.000000e+00	0.000000e+00	0.000000e+00	0.000000e+00	1.518195e-04	0.000000e+00	0.000000e+00	7.323811e-04	0.000000e+00	0.000000e+00	6.064043e-04	0.000000e+00	7.114294e-07	0.000000e+00	5.511061e-04	8.659241e-04	4.065415e-04	1.869836e-03	0.000000e+00	1.645320e-03	2.451826e-05	5.103989e-03	3.245221e-04	2.957158e-05	7.255010e-05	1.524426e-03	5.062378e-04	0.000000e+00	2.719228e-05	4.180201e-01	1.322806e-01
4.164362e-01	5.509244e-04	0.000000e+00	0.000000e+00	0.000000e+00	3.677033e-04	0.000000e+00	7.300902e-06	4.622293e-04	0.000000e+00	6.592658e-05	5.189690e-04	1.548987e-03	0.000000e+00	0.000000e+00	0.000000e+00	7.206901e-04	7.849597e-04	0.000000e+00	3.042157e-04	2.222996e-05	1.036817e-05	2.569164e-03	2.806348e-04	0.000000e+00	0.000000e+00	0.000000e+00	0.000000e+00	0.000000e+00	1.461199e-04	4.164362e-01	1.508380e-01
4.144472e-01	2.055833e-04	0.000000e+00	1.777432e-04	0.000000e+00	0.000000e+00	1.586410e-03	0.000000e+00	1.261654e-04	0.000000e+00	2.103204e-04	1.438446e-04	0.000000e+00	3.469555e-05	0.000000e+00	1.367071e-04	4.324713e-04	6.539319e-04	0.000000e+00	0.000000e+00	0.000000e+00	0.000000e+00	0.000000e+00	0.000000e+00	6.958938e-04	0.000000e+00	1.747946e-03	0.000000e+00	0.000000e+00	1.018129e-04	4.144472e-01	1.758265e-01
4.130553e-01	1.493994e-04	0.000000e+00	1.051562e-03	7.169382e-04	4.944559e-04	6.425129e-03	2.096136e-03	1.113053e-03	0.000000e+00	1.381235e-04	1.001586e-04	0.000000e+00	1.734778e-05	0.000000e+00	0.000000e+00	3.354552e-04	5.038631e-04	0.000000e+00	1.521078e-04	0.000000e+00	1.494489e-04	2.508161e-02	2.061483e-04	0.000000e+00	0.000000e+00	8.739731e-04	0.000000e+00	0.000000e+00	1.559409e-04	4.130553e-01	2.009904e-01
4.104176e-01	5.190602e-04	0.000000e+00	0.000000e+00	0.000000e+00	7.354067e-04	0.000000e+00	0.000000e+00	7.982932e-04	0.000000e+00	1.883363e-04	8.940935e-04	0.000000e+00	0.000000e+00	0.000000e+00	1.654174e-03	1.008909e-03	2.232121e-03	0.000000e+00	0.000000e+00	0.000000e+00	2.073634e-05	5.138329e-03	5.612696e-04	3.614304e-05	6.045842e-05	0.000000e+00	3.126799e-04	0.000000e+00	0.000000e+00	4.104176e-01	2.304142e-01
2.563150e-01	2.055833e-04	0.000000e+00	0.000000e+00	0.000000e+00	0.000000e+00	0.000000e+00	0.000000e+00	1.261654e-04	0.000000e+00	2.103204e-04	1.438446e-04	0.000000e+00	0.000000e+00	0.000000e+00	5.515338e-04	4.324713e-04	5.962638e-05	0.000000e+00	0.000000e+00	0.000000e+00	0.000000e+00	0.000000e+00	0.000000e+00	5.914316e-05	0.000000e+00	1.412665e-03	0.000000e+00	0.000000e+00	0.000000e+00	2.563150e-01	2.431791e-01
2.563150e-01	2.055833e-04	0.000000e+00	0.000000e+00	0.000000e+00	0.000000e+00	0.000000e+00	0.000000e+00	1.261654e-04	0.000000e+00	2.103204e-04	1.438446e-04	0.000000e+00	0.000000e+00	0.000000e+00	5.515338e-04	4.324713e-04	5.962638e-05	0.000000e+00	0.000000e+00	0.000000e+00	0.000000e+00	0.000000e+00	0.000000e+00	5.914316e-05	0.000000e+00	1.412665e-03	0.000000e+00	0.000000e+00	0.000000e+00	2.563150e-01	2.431791e-01
2.563150e-01	2.055833e-04	0.000000e+00	0.000000e+00	0.000000e+00	0.000000e+00	0.000000e+00	0.000000e+00	1.261654e-04	0.000000e+00	2.103204e-04	1.438446e-04	0.000000e+00	0.000000e+00	0.000000e+00	5.515338e-04	4.324713e-04	5.962638e-05	0.000000e+00	0.000000e+00	0.000000e+00	0.000000e+00	0.000000e+00	0.000000e+00	5.914316e-05	0.000000e+00	1.412665e-03	0.000000e+00	0.000000e+00	0.000000e+00	2.563150e-01	2.431791e-01
2.563150e-01	2.055833e-04	0.000000e+00	0.000000e+00	0.000000e+00	0.000000e+00	0.000000e+00	0.000000e+00	1.261654e-04	0.000000e+00	2.103204e-04	1.438446e-04	0.000000e+00	0.000000e+00	0.000000e+00	5.515338e-04	4.324713e-04	5.962638e-05	0.000000e+00	0.000000e+00	0.000000e+00	0.000000e+00	0.000000e+00	0.000000e+00	5.914316e-05	0.000000e+00	1.412665e-03	0.000000e+00	0.000000e+00	0.000000e+00	2.563150e-01	2.431791e-01
2.563150e-01	2.055833e-04	0.000000e+00	0.000000e+00	0.000000e+00	0.000000e+00	0.000000e+00	0.000000e+00	1.261654e-04	0.000000e+00	2.103204e-04	1.438446e-04	0.000000e+00	0.000000e+00	0.000000e+00	5.515338e-04	4.324713e-04	5.962638e-05	0.000000e+00	0.000000e+00	0.000000e+00	0.000000e+00	0.000000e+00	0.000000e+00	5.914316e-05	0.000000e+00	1.412665e-03	0.000000e+00	0.000000e+00	0.000000e+00	2.563150e-01	2.431791e-01
2.563150e-01	2.055833e-04	0.000000e+00	0.000000e+00	0.000000e+00	0.000000e+00	0.000000e+00	0.000000e+00	1.261654e-04	0.000000e+00	2.103204e-04	1.438446e-04	0.000000e+00	0.000000e+00	0.000000e+00	5.515338e-04	4.324713e-04	5.962638e-05	0.000000e+00	0.000000e+00	0.000000e+00	0.000000e+00	0.000000e+00	0.000000e+00	5.914316e-05	0.000000e+00	1.412665e-03	0.000000e+00	0.000000e+00	0.000000e+00	2.563150e-01	2.431791e-01
2.563150e-01	2.055833e-04	0.000000e+00	0.000000e+00	0.000000e+00	0.000000e+00	0.000000e+00	0.000000e+00	1.261654e-04	0.000000e+00	2.103204e-04	1.438446e-04	0.000000e+00	0.000000e+00	0.000000e+00	5.515338e-04	4.324713e-04	5.962638e-05	0.000000e+00	0.000000e+00	0.000000e+00	0.000000e+00	0.000000e+00	0.000000e+00	5.914316e-05	0.000000e+00	1.412665e-03	0.000000e+00	0.000000e+00	0.000000e+00	2.563150e-01	2.431791e-01
2.563150e-01	2.055833e-04	0.000000e+00	0.000000e+00	0.000000e+00	0.000000e+00	0.000000e+00	0.000000e+00	1.261654e-04	0.000000e+00	2.103204e-04	1.438446e-04	0.000000e+00	0.000000e+00	0.000000e+00	5.515338e-04	4.324713e-04	5.962638e-05	0.000000e+00	0.000000e+00	0.000000e+00	0.000000e+00	0.000000e+00	0.000000e+00	5.914316e-05	0.000000e+00	1.412665e-03	0.000000e+00	0.000000e+00	0.000000e+00	2.563150e-01	2.431791e-01
2.563150e-01	2.055833e-04	0.000000e+00	0.000000e+00	0.000000e+00	0.000000e+00	0.000000e+00	0.000000e+00	1.261654e-04	0.000000e+00	2.103204e-04	1.438446e-04	0.000000e+00	0.000000e+00	0.000000e+00	5.515338e-04	4.324713e-04	5.962638e-05	0.000000e+00	0.000000e+00	0.000000e+00	0.000000e+00	0.000000e+00	0.000000e+00	5.914316e-05	0.000000e+00	1.412665e-03	0.000000e+00	0.000000e+00	0.000000e+00	2.563150e-01	2.431791e-01
2.563150e-01	2.055833e-04	0.000000e+00	0.000000e+00	0.000000e+00	0.000000e+00	0.000000e+00	0.000000e+00	1.261654e-04	0.000000e+00	2.103204e-04	1.438446e-04	0.000000e+00	0.000000e+00	0.000000e+00	5.515338e-04	4.324713e-04	5.962638e-05	0.000000e+00	0.000000e+00	0.000000e+00	0.000000e+00	0.000000e+00	0.000000e+00	5.914316e-05	0.000000e+00	1.412665e-03	0.000000e+00	0.000000e+00	0.000000e+00	2.563150e-01	2.431791e-01
2.506686e-01	1.778663e-04	0.000000e+00	0.000000e+00	0.000000e+00	0.000000e+00	0.000000e+00	0.000000e+00	0.000000e+00	0.000000e+00	2.934965e-04	1.438446e-04	0.000000e+00	0.000000e+00	0.000000e+00	0.000000e+00	2.358091e-04	5.962638e-05	0.000000e+00	0.000000e+00	0.000000e+00	0.000000e+00	0.000000e+00	7.287732e-04	8.542901e-05	4.836673e-05	2.568126e-03	1.377310e-04	0.000000e+00	7.422233e-05	2.506686e-01	2.497781e-01
2.438950e-01	1.611168e-04	0.000000e+00	0.000000e+00	0.000000e+00	0.000000e+00	0.000000e+00	0.000000e+00	0.000000e+00	0.000000e+00	2.781911e-04	0.000000e+00	0.000000e+00	1.185716e-07	0.000000e+00	5.515338e-04	0.000000e+00	0.000000e+00	0.000000e+00	0.000000e+00	1.538760e-05	0.000000e+00	8.965495e-06	2.038253e-05	0.000000e+00	4.050499e-05	1.206630e-03	5.440519e-04	0.000000e+00	0.000000e+00	2.438950e-01	2.673807e-01
2.383163e-01	0.000000e+00	0.000000e+00	0.000000e+00	0.000000e+00	2.704013e-04	0.000000e+00	0.000000e+00	6.455259e-04	0.000000e+00	2.103204e-04	4.475015e-04	0.000000e+00	0.000000e+00	0.000000e+00	0.000000e+00	5.659465e-04	5.962638e-05	0.000000e+00	0.000000e+00	0.000000e+00	0.000000e+00	3.684074e-05	3.592910e-04	1.314292e-05	2.811424e-05	1.849020e-03	0.000000e+00	8.529955e-04	0.000000e+00	2.383163e-01	2.906346e-01
2.325911e-01	2.055833e-04	0.000000e+00	0.000000e+00	0.000000e+00	0.000000e+00	0.000000e+00	0.000000e+00	1.261654e-04	0.000000e+00	2.103204e-04	1.438446e-04	0.000000e+00	0.000000e+00	0.000000e+00	0.000000e+00	4.324713e-04	5.962638e-05	0.000000e+00	0.000000e+00	0.000000e+00	0.000000e+00	0.000000e+00	7.287732e-04	5.914316e-05	0.000000e+00	1.524426e-03	1.563400e-04	0.000000e+00	0.000000e+00	2.325911e-01	3.199183e-01
2.290038e-01	0.000000e+00	0.000000e+00	0.000000e+00	0.000000e+00	1.167642e-04	0.000000e+00	4.236918e-03	0.000000e+00	0.000000e+00	1.577551e-04	0.000000e+00	0.000000e+00	0.000000e+00	0.000000e+00	0.000000e+00	0.000000e+00	0.000000e+00	0.000000e+00	0.000000e+00	0.000000e+00	0.000000e+00	0.000000e+00	1.428938e-04	8.871474e-05	4.836673e-05	1.820255e-04	5.033979e-04	0.000000e+00	0.000000e+00	2.290038e-01	3.417845e-01
2.239142e-01	0.000000e+00	0.000000e+00	0.000000e+00	0.000000e+00	3.257106e-04	0.000000e+00	0.000000e+00	6.404382e-05	0.000000e+00	2.934669e-04	0.000000e+00	0.000000e+00	1.185716e-07	0.000000e+00	5.515338e-04	9.109795e-05	1.139306e-03	0.000000e+00	0.000000e+00	1.538760e-05	0.000000e+00	1.270751e-04	0.000000e+00	0.000000e+00	1.635473e-05	0.000000e+00	5.530716e-04	0.000000e+00	0.000000e+00	2.239142e-01	3.747175e-01
2.191904e-01	2.667994e-04	0.000000e+00	0.000000e+00	0.000000e+00	6.514212e-04	0.000000e+00	0.000000e+00	2.596802e-04	0.000000e+00	1.687324e-04	0.000000e+00	0.000000e+00	0.000000e+00	0.000000e+00	0.000000e+00	6.642776e-04	1.110808e-03	0.000000e+00	0.000000e+00	1.538760e-05	8.656875e-04	3.771067e-04	1.718430e-03	7.885754e-05	3.930873e-06	1.271290e-03	0.000000e+00	8.529955e-04	0.000000e+00	2.191904e-01	4.095116e-01
2.142304e-01	8.893314e-05	0.000000e+00	0.000000e+00	0.000000e+00	5.899664e-04	0.000000e+00	0.000000e+00	5.547041e-04	0.000000e+00	2.933189e-05	8.945725e-04	0.000000e+00	1.185716e-07	0.000000e+00	0.000000e+00	0.000000e+00	1.596729e-03	0.000000e+00	0.000000e+00	3.077521e-05	1.319143e-03	2.296106e-04	1.892871e-03	3.318500e-04	1.572349e-05	6.935987e-04	0.000000e+00	0.000000e+00	0.000000e+00	2.142304e-01	4.465066e-01
2.091712e-01	0.000000e+00	0.000000e+00	0.000000e+00	0.000000e+00	3.287834e-04	0.000000e+00	0.000000e+00	1.261654e-04	0.000000e+00	0.000000e+00	1.277703e-03	0.000000e+00	0.000000e+00	0.000000e+00	0.000000e+00	6.707187e-04	1.074827e-03	0.000000e+00	0.000000e+00	6.155042e-05	0.000000e+00	6.471598e-05	1.118827e-03	0.000000e+00	6.468835e-05	0.000000e+00	0.000000e+00	4.264977e-04	0.000000e+00	2.091712e-01	4.844598e-01
2.033947e-01	0.000000e+00	0.000000e+00	0.000000e+00	0.000000e+00	1.474916e-03	0.000000e+00	0.000000e+00	0.000000e+00	0.000000e+00	5.503429e-05	4.913296e-04	0.000000e+00	0.000000e+00	0.000000e+00	0.000000e+00	3.491410e-04	7.794125e-04	0.000000e+00	0.000000e+00	0.000000e+00	0.000000e+00	1.376327e-04	1.171759e-03	0.000000e+00	7.634853e-05	0.000000e+00	5.530716e-04	8.529955e-04	7.422233e-05	2.033947e-01	5.288027e-01
1.978913e-01	8.893314e-05	0.000000e+00	0.000000e+00	0.000000e+00	2.704013e-04	0.000000e+00	4.236918e-03	4.266165e-04	0.000000e+00	2.201372e-05	8.945725e-04	0.000000e+00	1.185716e-07	0.000000e+00	0.000000e+00	0.000000e+00	1.376920e-03	0.000000e+00	0.000000e+00	3.077521e-05	1.319143e-03	1.115010e-04	9.923504e-04	3.762073e-04	4.050499e-05	7.846114e-04	5.815679e-04	0.000000e+00	0.000000e+00	1.978913e-01	5.710389e-01
1.911245e-01	0.000000e+00	0.000000e+00	0.000000e+00	0.000000e+00	6.760032e-04	0.000000e+00	0.000000e+00	2.561753e-04	0.000000e+00	5.283292e-04	0.000000e+00	0.000000e+00	3.557147e-07	0.000000e+00	0.000000e+00	7.397724e-04	7.805243e-04	0.000000e+00	0.000000e+00	0.000000e+00	7.176519e-05	1.965675e-04	1.913565e-03	0.000000e+00	1.207513e-05	0.000000e+00	1.938560e-04	0.000000e+00	0.000000e+00	1.911245e-01	6.167279e-01
1.846530e-01	0.000000e+00	0.000000e+00	0.000000e+00	0.000000e+00	6.145483e-05	0.000000e+00	0.000000e+00	1.280876e-04	0.000000e+00	3.008443e-04	7.110896e-04	0.000000e+00	0.000000e+00	0.000000e+00	0.000000e+00	2.162636e-02	1.155831e-03	0.000000e+00	0.000000e+00	0.000000e+00	0.000000e+00	0.000000e+00	1.171759e-03	0.000000e+00	4.830051e-05	1.206630e-03	0.000000e+00	0.000000e+00	7.422233e-05	1.846530e-01	6.623635e-01
8.219930e-02	0.000000e+00	0.000000e+00	0.000000e+00	0.000000e+00	7.128761e-04	0.000000e+00	0.000000e+00	2.561753e-04	0.000000e+00	0.000000e+00	0.000000e+00	0.000000e+00	0.000000e+00	0.000000e+00	0.000000e+00	5.677189e-04	7.149337e-04	0.000000e+00	0.000000e+00	0.000000e+00	0.000000e+00	2.362192e-04	1.943936e-03	0.000000e+00	0.000000e+00	0.000000e+00	0.000000e+00	0.000000e+00	0.000000e+00	8.219930e-02	6.708649e-01
8.219930e-02	0.000000e+00	0.000000e+00	0.000000e+00	0.000000e+00	7.128761e-04	0.000000e+00	0.000000e+00	2.561753e-04	0.000000e+00	0.000000e+00	0.000000e+00	0.000000e+00	0.000000e+00	0.000000e+00	0.000000e+00	5.677189e-04	7.149337e-04	0.000000e+00	0.000000e+00	0.000000e+00	0.000000e+00	2.362192e-04	1.943936e-03	0.000000e+00	0.000000e+00	0.000000e+00	0.000000e+00	0.000000e+00	0.000000e+00	8.219930e-02	6.708649e-01
8.219930e-02	0.000000e+00	0.000000e+00	0.000000e+00	0.000000e+00	7.128761e-04	0.000000e+00	0.000000e+00	2.561753e-04	0.000000e+00	0.000000e+00	0.000000e+00	0.000000e+00	0.000000e+00	0.000000e+00	0.000000e+00	5.677189e-04	7.149337e-04	0.000000e+00	0.000000e+00	0.000000e+00	0.000000e+00	2.362192e-04	1.943936e-03	0.000000e+00	0.000000e+00	0.000000e+00	0.000000e+00	0.000000e+00	0.000000e+00	8.219930e-02	6.708649e-01
8.219930e-02	0.000000e+00	0.000000e+00	0.000000e+00	0.000000e+00	7.128761e-04	0.000000e+00	0.000000e+00	2.561753e-04	0.000000e+00	0.000000e+00	0.000000e+00	0.000000e+00	0.000000e+00	0.000000e+00	0.000000e+00	5.677189e-04	7.149337e-04	0.000000e+00	0.000000e+00	0.000000e+00	0.000000e+00	2.362192e-04	1.943936e-03	0.000000e+00	0.000000e+00	0.000000e+00	0.000000e+00	0.000000e+00	0.000000e+00	8.219930e-02	6.708649e-01
8.219930e-02	0.000000e+00	0.000000e+00	0.000000e+00	0.000000e+00	7.128761e-04	0.000000e+00	0.000000e+00	2.561753e-04	0.000000e+00	0.000000e+00	0.000000e+00	0.000000e+00	0.000000e+00	0.000000e+00	0.000000e+00	5.677189e-04	7.149337e-04	0.000000e+00	0.000000e+00	0.000000e+00	0.000000e+00	2.362192e-04	1.943936e-03	0.000000e+00	0.000000e+00	0.000000e+00	0.000000e+00	0.000000e+00	0.000000e+00	8.219930e-02	6.708649e-01
8.219930e-02	0.000000e+00	0.000000e+00	0.000000e+00	0.000000e+00	7.128761e-04	0.000000e+00	0.000000e+00	2.561753e-04	0.000000e+00	0.000000e+00	0.000000e+00	0.000000e+00	0.000000e+00	0.000000e+00	0.000000e+00	5.677189e-04	7.149337e-04	0.000000e+00	0.000000e+00	0.000000e+00	0.000000e+00	2.362192e-04	1.943936e-03	0.000000e+00	0.000000e+00	0.000000e+00	0.000000e+00	0.000000e+00	0.000000e+00	8.219930e-02	6.708649e-01
8.219930e-02	0.000000e+00	0.000000e+00	0.000000e+00	0.000000e+00	7.128761e-04	0.000000e+00	0.000000e+00	2.561753e-04	0.000000e+00	0.000000e+00	0.000000e+00	0.000000e+00	0.000000e+00	0.000000e+00	0.000000e+00	5.677189e-04	7.149337e-04	0.000000e+00	0.000000e+00	0.000000e+00	0.000000e+00	2.362192e-04	1.943936e-03	0.000000e+00	0.000000e+00	0.000000e+00	0.000000e+00	0.000000e+00	0.000000e+00	8.219930e-02	6.708649e-01
7.124538e-02	0.000000e+00	0.000000e+00	0.000000e+00	0.000000e+00	1.622408e-03	0.000000e+00	0.000000e+00	2.561753e-04	0.000000e+00	0.000000e+00	4.322317e-04	0.000000e+00	0.000000e+00	0.000000e+00	0.000000e+00	5.677189e-04	6.821385e-04	0.000000e+00	0.000000e+00	0.000000e+00	0.000000e+00	2.362192e-04	1.944138e-03	0.000000e+00	0.000000e+00	0.000000e+00	0.000000e+00	0.000000e+00	0.000000e+00	7.124538e-02	6.786691e-01
6.029145e-02	0.000000e+00	0.000000e+00	0.000000e+00	0.000000e+00	4.916387e-04	0.000000e+00	7.475743e-05	5.345542e-05	0.000000e+00	2.201372e-05	8.644633e-04	0.000000e+00	0.000000e+00	0.000000e+00	0.000000e+00	4.230539e-04	9.066574e-04	0.000000e+00	0.000000e+00	0.000000e+00	1.319143e-03	0.000000e+00	1.172772e-03	0.000000e+00	4.830051e-05	0.000000e+00	0.000000e+00	0.000000e+00	0.000000e+00	6.029145e-02	6.987530e-01
4.775797e-02	0.000000e+00	0.000000e+00	0.000000e+00	0.000000e+00	1.814454e-03	0.000000e+00	3.737872e-05	3.211802e-04	0.000000e+00	4.402743e-05	0.000000e+00	0.000000e+00	0.000000e+00	0.000000e+00	0.000000e+00	8.375267e-04	6.498991e-04	0.000000e+00	0.000000e+00	0.000000e+00	0.000000e+00	1.803173e-04	0.000000e+00	0.000000e+00	0.000000e+00	0.000000e+00	0.000000e+00	0.000000e+00	0.000000e+00	4.775797e-02	7.348984e-01
3.689544e-02	0.000000e+00	0.000000e+00	0.000000e+00	0.000000e+00	4.916387e-04	0.000000e+00	0.000000e+00	0.000000e+00	0.000000e+00	3.852400e-05	0.000000e+00	0.000000e+00	4.742862e-07	0.000000e+00	0.000000e+00	3.561919e-04	1.393894e-03	0.000000e+00	0.000000e+00	0.000000e+00	0.000000e+00	1.231887e-04	1.903576e-03	0.000000e+00	1.572349e-05	0.000000e+00	0.000000e+00	0.000000e+00	0.000000e+00	3.689544e-02	7.753184e-01
2.519743e-02	0.000000e+00	0.000000e+00	0.000000e+00	0.000000e+00	1.622408e-03	0.000000e+00	7.475743e-05	0.000000e+00	0.000000e+00	0.000000e+00	6.388514e-04	0.000000e+00	0.000000e+00	0.000000e+00	0.000000e+00	0.000000e+00	5.554004e-04	0.000000e+00	0.000000e+00	6.928379e-05	0.000000e+00	2.069828e-04	1.944138e-03	0.000000e+00	2.448243e-05	0.000000e+00	0.000000e+00	2.132489e-04	0.000000e+00	2.519743e-02	8.248640e-01
1.331664e-02	0.000000e+00	0.000000e+00	0.000000e+00	0.000000e+00	1.474916e-03	0.000000e+00	7.475743e-05	0.000000e+00	0.000000e+00	5.503429e-05	5.124110e-04	1.083009e-04	0.000000e+00	0.000000e+00	0.000000e+00	0.000000e+00	7.794125e-04	0.000000e+00	0.000000e+00	0.000000e+00	1.132888e-03	1.376327e-04	1.171759e-03	0.000000e+00	4.830051e-05	0.000000e+00	9.692798e-05	0.000000e+00	0.000000e+00	1.331664e-02	8.808277e-01
0.000000e+00	0.000000e+00	0.000000e+00	0.000000e+00	0.000000e+00	7.128761e-04	0.000000e+00	0.000000e+00	2.561753e-04	0.000000e+00	0.000000e+00	0.000000e+00	5.415045e-05	0.000000e+00	0.000000e+00	0.000000e+00	2.323595e-04	5.672266e-04	0.000000e+00	0.000000e+00	0.000000e+00	0.000000e+00	2.726776e-04	1.970402e-03	0.000000e+00	0.000000e+00	0.000000e+00	0.000000e+00	0.000000e+00	0.000000e+00	0.000000e+00	1.001262e+00
