8.506547e-01	0.000000e+00	3.439618e-05	0.000000e+00	0.000000e+00	0.000000e+00	3.699953e-04	0.000000e+00	0.000000e+00	0.000000e+00	1.046387e-03	0.000000e+00	0.000000e+00	0.000000e+00	1.770279e-03	1.477372e-03	0.000000e+00	1.877691e-02	8.414549e-03	0.000000e+00	0.000000e+00	4.075732e-03	3.436589e-03	0.000000e+00	0.000000e+00	1.062885e-02	4.298628e-03	0.000000e+00	0.000000e+00	0.000000e+00	8.506547e-01	-7.636663e-01
8.476390e-01	1.412716e-04	4.113831e-04	0.000000e+00	0.000000e+00	5.522691e-04	0.000000e+00	2.167130e-03	0.000000e+00	0.000000e+00	0.000000e+00	0.000000e+00	0.000000e+00	8.175154e-04	2.772972e-03	1.710591e-04	1.549737e-02	1.374458e-02	0.000000e+00	5.731565e-03	0.000000e+00	7.038699e-03	0.000000e+00	0.000000e+00	0.000000e+00	0.000000e+00	2.606111e-03	0.000000e+00	0.000000e+00	0.000000e+00	8.476390e-01	-7.573014e-01
8.448822e-01	1.897904e-04	0.000000e+00	0.000000e+00	0.000000e+00	0.000000e+00	1.070945e-02	8.266944e-03	0.000000e+00	0.000000e+00	0.000000e+00	1.808625e-03	0.000000e+00	2.248167e-03	9.700174e-04	3.056142e-03	0.000000e+00	3.611271e-03	3.973737e-04	3.223997e-03	0.000000e+00	2.023482e-03	0.000000e+00	4.351979e-03	0.000000e+00	0.000000e+00	0.000000e+00	0.000000e+00	0.000000e+00	0.000000e+00	8.448822e-01	-7.462894e-01
8.435191e-01	5.206999e-05	1.706810e-03	0.000000e+00	4.149948e-03	0.000000e+00	2.055530e-04	0.000000e+00	0.000000e+00	0.000000e+00	0.000000e+00	0.000000e+00	1.310128e-03	8.175154e-04	2.185392e-03	4.372793e-03	0.000000e+00	2.145384e-03	4.674750e-03	4.403476e-03	0.000000e+00	1.686332e-03	2.962577e-03	4.827992e-04	0.000000e+00	6.488677e-03	0.000000e+00	0.000000e+00	0.000000e+00	0.000000e+00	8.435191e-01	-7.381954e-01
8.435191e-01	0.000000e+00	2.018124e-04	0.000000e+00	8.363285e-03	6.682104e-03	2.055530e-04	7.999757e-03	0.000000e+00	0.000000e+00	0.000000e+00	0.000000e+00	1.310128e-03	5.757163e-03	6.028304e-03	2.561303e-03	1.721930e-03	1.598277e-02	4.674750e-03	4.859821e-03	0.000000e+00	0.000000e+00	0.000000e+00	0.000000e+00	0.000000e+00	0.000000e+00	2.606111e-03	0.000000e+00	0.000000e+00	6.669377e-03	8.435191e-01	-7.317743e-01
8.419016e-01	7.036941e-05	1.415544e-03	3.885868e-03	8.363285e-03	5.116839e-03	2.055530e-04	2.708912e-03	0.000000e+00	0.000000e+00	0.000000e+00	0.000000e+00	1.310128e-03	0.000000e+00	2.185392e-03	6.989184e-03	1.874174e-02	2.715126e-03	0.000000e+00	4.859821e-03	4.067956e-03	2.365786e-03	2.370061e-03	8.825822e-04	0.000000e+00	2.678882e-03	2.606111e-03	0.000000e+00	0.000000e+00	0.000000e+00	8.419016e-01	-7.199415e-01
8.408872e-01	2.842815e-02	1.202063e-03	1.506756e-02	0.000000e+00	9.042986e-03	5.078056e-04	0.000000e+00	0.000000e+00	0.000000e+00	4.328481e-03	5.425875e-04	3.113829e-03	4.087577e-03	0.000000e+00	1.264831e-03	0.000000e+00	0.000000e+00	0.000000e+00	0.000000e+00	0.000000e+00	1.019050e-03	0.000000e+00	0.000000e+00	0.000000e+00	4.801267e-03	0.000000e+00	0.000000e+00	0.000000e+00	5.873982e-04	8.408872e-01	-7.111669e-01
8.398959e-01	8.086967e-03	0.000000e+00	0.000000e+00	3.162496e-03	6.282274e-03	0.000000e+00	0.000000e+00	0.000000e+00	0.000000e+00	3.322916e-03	2.609398e-03	5.473907e-03	0.000000e+00	0.000000e+00	1.336376e-04	8.609648e-03	8.852833e-03	0.000000e+00	0.000000e+00	6.154970e-03	2.974291e-03	0.000000e+00	2.171014e-02	0.000000e+00	4.891777e-03	0.000000e+00	0.000000e+00	0.000000e+00	2.433436e-04	8.398959e-01	-7.004467e-01
8.390319e-01	0.000000e+00	0.000000e+00	3.143650e-03	6.690628e-03	6.796037e-03	2.143905e-03	2.167130e-03	0.000000e+00	0.000000e+00	0.000000e+00	0.000000e+00	1.408915e-03	2.821778e-03	9.700174e-04	0.000000e+00	0.000000e+00	3.611271e-03	0.000000e+00	6.730774e-03	6.300767e-03	0.000000e+00	0.000000e+00	7.060658e-04	0.000000e+00	0.000000e+00	7.545786e-04	0.000000e+00	0.000000e+00	0.000000e+00	8.390319e-01	-6.982363e-01
8.373509e-01	1.998479e-04	0.000000e+00	3.917575e-03	0.000000e+00	0.000000e+00	3.942021e-03	0.000000e+00	3.016707e-03	0.000000e+00	1.821223e-03	1.066543e-02	1.909243e-03	6.270617e-03	1.334145e-03	0.000000e+00	0.000000e+00	0.000000e+00	3.178989e-04	0.000000e+00	0.000000e+00	5.172145e-03	0.000000e+00	0.000000e+00	0.000000e+00	0.000000e+00	0.000000e+00	0.000000e+00	0.000000e+00	5.118690e-04	8.373509e-01	-6.805753e-01
8.373509e-01	0.000000e+00	2.940762e-03	3.109961e-02	0.000000e+00	8.572931e-03	0.000000e+00	0.000000e+00	0.000000e+00	0.000000e+00	1.821223e-03	0.000000e+00	1.572066e-03	0.000000e+00	1.334145e-03	6.860726e-03	6.887718e-03	2.670004e-03	3.178989e-04	0.000000e+00	4.190671e-03	5.172145e-03	0.000000e+00	0.000000e+00	0.000000e+00	1.858409e-03	2.002448e-03	0.000000e+00	0.000000e+00	4.249022e-05	8.373509e-01	-6.740850e-01
8.359975e-01	0.000000e+00	0.000000e+00	5.463819e-04	7.918748e-03	4.116710e-03	0.000000e+00	0.000000e+00	0.000000e+00	0.000000e+00	0.000000e+00	0.000000e+00	1.992851e-03	0.000000e+00	4.353720e-03	3.606353e-03	5.510174e-03	6.549952e-04	8.830526e-04	4.780047e-03	0.000000e+00	5.838993e-03	0.000000e+00	6.246610e-04	0.000000e+00	1.328126e-02	1.345104e-02	0.000000e+00	0.000000e+00	0.000000e+00	8.359975e-01	-6.593029e-01
8.352052e-01	2.822803e-05	2.263186e-04	2.644489e-03	2.354580e-03	0.000000e+00	4.106464e-03	0.000000e+00	1.508353e-03	0.000000e+00	0.000000e+00	0.000000e+00	2.456352e-03	0.000000e+00	3.804770e-03	2.192663e-03	1.940153e-02	0.000000e+00	1.342240e-04	3.078225e-03	1.170382e-03	0.000000e+00	0.000000e+00	3.997830e-04	0.000000e+00	1.183920e-03	2.690207e-03	3.668518e-03	0.000000e+00	0.000000e+00	8.352052e-01	-6.518662e-01
8.345996e-01	0.000000e+00	5.657841e-04	0.000000e+00	0.000000e+00	3.390498e-03	0.000000e+00	0.000000e+00	0.000000e+00	0.000000e+00	3.989379e-03	2.024647e-03	3.041059e-03	4.087577e-03	2.704284e-03	6.269178e-04	8.609648e-03	9.139060e-03	5.066721e-03	4.403476e-03	6.154970e-03	5.052351e-03	0.000000e+00	0.000000e+00	0.000000e+00	1.313454e-03	0.000000e+00	0.000000e+00	0.000000e+00	1.245919e-04	8.345996e-01	-6.421688e-01
8.340386e-01	9.030307e-03	1.009062e-03	2.644489e-03	0.000000e+00	2.855901e-03	3.983363e-04	0.000000e+00	1.885442e-03	0.000000e+00	0.000000e+00	2.260781e-03	6.993415e-04	1.290620e-02	0.000000e+00	2.054388e-03	8.609648e-03	0.000000e+00	8.673617e-20	0.000000e+00	0.000000e+00	6.877321e-03	0.000000e+00	3.343155e-02	0.000000e+00	6.114721e-03	3.257639e-03	0.000000e+00	0.000000e+00	7.121877e-04	8.340386e-01	-6.285420e-01
8.327802e-01	0.000000e+00	1.009062e-03	3.108695e-03	0.000000e+00	2.998722e-03	1.943441e-03	2.708912e-03	0.000000e+00	0.000000e+00	0.000000e+00	0.000000e+00	1.965082e-03	0.000000e+00	8.585994e-05	5.089813e-03	8.609648e-03	0.000000e+00	6.415147e-03	2.239190e-03	1.376791e-03	3.501986e-03	0.000000e+00	7.060658e-04	0.000000e+00	0.000000e+00	2.084889e-03	0.000000e+00	0.000000e+00	0.000000e+00	8.327802e-01	-6.190134e-01
8.321174e-01	4.765628e-05	1.198707e-03	5.463819e-04	8.363285e-03	4.260213e-03	0.000000e+00	0.000000e+00	0.000000e+00	0.000000e+00	4.042527e-03	2.825977e-03	1.992851e-03	5.757163e-03	3.117418e-03	7.212706e-04	0.000000e+00	5.947597e-03	5.843437e-03	1.257266e-03	1.462977e-03	3.106582e-03	0.000000e+00	0.000000e+00	0.000000e+00	1.377708e-02	1.345104e-02	0.000000e+00	0.000000e+00	1.946749e-04	8.321174e-01	-6.032064e-01
8.311270e-01	8.294131e-05	0.000000e+00	3.169015e-03	0.000000e+00	2.702566e-03	3.333751e-03	2.167130e-03	1.885442e-03	0.000000e+00	0.000000e+00	3.919320e-04	1.865993e-03	0.000000e+00	2.431230e-03	0.000000e+00	2.425191e-02	0.000000e+00	0.000000e+00	1.874114e-03	2.977453e-03	1.546379e-03	0.000000e+00	0.000000e+00	0.000000e+00	0.000000e+00	0.000000e+00	0.000000e+00	0.000000e+00	0.000000e+00	8.311270e-01	-5.926827e-01
8.311270e-01	8.294131e-05	0.000000e+00	3.169015e-03	0.000000e+00	2.702566e-03	3.333751e-03	2.167130e-03	1.885442e-03	0.000000e+00	0.000000e+00	3.919320e-04	1.865993e-03	0.000000e+00	2.431230e-03	0.000000e+00	2.425191e-02	0.000000e+00	0.000000e+00	1.874114e-03	2.977453e-03	1.546379e-03	0.000000e+00	0.000000e+00	0.000000e+00	0.000000e+00	0.000000e+00	0.000000e+00	0.000000e+00	0.000000e+00	8.311270e-01	-5.926827e-01
8.296201e-01	6.635305e-05	1.706810e-03	0.000000e+00	0.000000e+00	5.618238e-03	2.055530e-04	2.708912e-03	1.206683e-03	0.000000e+00	0.000000e+00	1.826711e-03	1.310128e-03	0.000000e+00	1.012985e-03	4.372793e-03	0.000000e+00	1.191880e-03	0.000000e+00	2.305036e-03	2.437121e-03	6.725438e-03	0.000000e+00	1.816349e-02	0.000000e+00	0.000000e+00	3.257639e-03	0.000000e+00	0.000000e+00	0.000000e+00	8.296201e-01	-5.669669e-01
8.287512e-01	0.000000e+00	2.263186e-04	0.000000e+00	2.354580e-03	0.000000e+00	1.093834e-06	0.000000e+00	0.000000e+00	0.000000e+00	0.000000e+00	0.000000e+00	2.456352e-03	0.000000e+00	2.179591e-03	2.192663e-03	1.389135e-02	0.000000e+00	1.342240e-04	3.078225e-03	1.170382e-03	0.000000e+00	0.000000e+00	3.997830e-04	0.000000e+00	1.183920e-03	4.072048e-03	3.668518e-03	0.000000e+00	3.167091e-04	8.287512e-01	-5.548823e-01
8.280193e-01	0.000000e+00	1.185285e-03	0.000000e+00	0.000000e+00	6.129671e-03	0.000000e+00	0.000000e+00	0.000000e+00	0.000000e+00	0.000000e+00	0.000000e+00	0.000000e+00	0.000000e+00	3.673671e-03	0.000000e+00	1.389135e-02	0.000000e+00	0.000000e+00	2.438003e-03	0.000000e+00	3.260586e-03	0.000000e+00	1.354367e-05	0.000000e+00	0.000000e+00	2.192245e-04	0.000000e+00	0.000000e+00	6.930969e-03	8.280193e-01	-5.418762e-01
8.275524e-01	0.000000e+00	9.849007e-04	0.000000e+00	0.000000e+00	0.000000e+00	5.133954e-03	0.000000e+00	1.508353e-03	1.845617e-03	0.000000e+00	0.000000e+00	1.420787e-03	0.000000e+00	4.116139e-03	2.885082e-03	1.736419e-02	0.000000e+00	0.000000e+00	1.432190e-03	0.000000e+00	0.000000e+00	2.854765e-02	9.655984e-05	0.000000e+00	0.000000e+00	0.000000e+00	0.000000e+00	0.000000e+00	1.134224e-05	8.275524e-01	-5.287569e-01
8.266998e-01	1.036766e-04	1.185285e-03	0.000000e+00	0.000000e+00	0.000000e+00	0.000000e+00	0.000000e+00	0.000000e+00	1.845617e-03	0.000000e+00	2.825977e-03	0.000000e+00	9.797839e-03	7.345494e-05	0.000000e+00	0.000000e+00	0.000000e+00	0.000000e+00	0.000000e+00	0.000000e+00	0.000000e+00	3.568457e-02	7.724787e-05	0.000000e+00	2.647663e-03	1.753796e-04	0.000000e+00	0.000000e+00	2.088527e-04	8.266998e-01	-5.148851e-01
8.259030e-01	0.000000e+00	1.185285e-03	0.000000e+00	0.000000e+00	0.000000e+00	0.000000e+00	0.000000e+00	0.000000e+00	0.000000e+00	0.000000e+00	0.000000e+00	0.000000e+00	0.000000e+00	0.000000e+00	0.000000e+00	0.000000e+00	0.000000e+00	0.000000e+00	2.438003e-03	0.000000e+00	3.260586e-03	0.000000e+00	0.000000e+00	0.000000e+00	0.000000e+00	2.192245e-04	0.000000e+00	0.000000e+00	0.000000e+00	8.259030e-01	-5.079205e-01
8.250997e-01	0.000000e+00	0.000000e+00	0.000000e+00	0.000000e+00	0.000000e+00	0.000000e+00	0.000000e+00	0.000000e+00	1.939155e-04	1.105709e-03	2.260781e-03	0.000000e+00	7.838271e-03	3.874784e-03	0.000000e+00	1.111308e-02	0.000000e+00	0.000000e+00	0.000000e+00	0.000000e+00	2.608468e-03	0.000000e+00	4.210009e-04	3.721434e-03	1.077422e-03	1.753796e-04	0.000000e+00	0.000000e+00	2.088527e-04	8.250997e-01	-4.877346e-01
8.250997e-01	0.000000e+00	1.024977e-03	0.000000e+00	0.000000e+00	0.000000e+00	0.000000e+00	0.000000e+00	0.000000e+00	1.939155e-04	0.000000e+00	0.000000e+00	1.420787e-03	7.838271e-03	4.126683e-03	0.000000e+00	8.890467e-03	0.000000e+00	5.519079e-03	0.000000e+00	0.000000e+00	0.000000e+00	2.283812e-02	8.195999e-04	2.616634e-03	1.077422e-03	0.000000e+00	0.000000e+00	0.000000e+00	0.000000e+00	8.250997e-01	-4.840261e-01
6.507235e-01	3.867883e-06	1.185285e-03	0.000000e+00	0.000000e+00	1.340221e-03	0.000000e+00	0.000000e+00	0.000000e+00	0.000000e+00	0.000000e+00	0.000000e+00	0.000000e+00	0.000000e+00	8.337715e-04	0.000000e+00	0.000000e+00	1.191880e-03	5.519079e-03	0.000000e+00	0.000000e+00	0.000000e+00	0.000000e+00	4.827992e-04	2.616634e-03	0.000000e+00	0.000000e+00	0.000000e+00	0.000000e+00	0.000000e+00	6.507235e-01	-4.547887e-01
6.507235e-01	3.867883e-06	1.185285e-03	0.000000e+00	0.000000e+00	1.340221e-03	0.000000e+00	0.000000e+00	0.000000e+00	0.000000e+00	0.000000e+00	0.000000e+00	0.000000e+00	0.000000e+00	8.337715e-04	0.000000e+00	0.000000e+00	1.191880e-03	5.519079e-03	0.000000e+00	0.000000e+00	0.000000e+00	0.000000e+00	4.827992e-04	2.616634e-03	0.000000e+00	0.000000e+00	0.000000e+00	0.000000e+00	0.000000e+00	6.507235e-01	-4.547887e-01
6.507235e-01	3.867883e-06	1.185285e-03	0.000000e+00	0.000000e+00	1.340221e-03	0.000000e+00	0.000000e+00	0.000000e+00	0.000000e+00	0.000000e+00	0.000000e+00	0.000000e+00	0.000000e+00	8.337715e-04	0.000000e+00	0.000000e+00	1.191880e-03	5.519079e-03	0.000000e+00	0.000000e+00	0.000000e+00	0.000000e+00	4.827992e-04	2.616634e-03	0.000000e+00	0.000000e+00	0.000000e+00	0.000000e+00	0.000000e+00	6.507235e-01	-4.547887e-01
6.507235e-01	3.867883e-06	1.185285e-03	0.000000e+00	0.000000e+00	1.340221e-03	0.000000e+00	0.000000e+00	0.000000e+00	0.000000e+00	0.000000e+00	0.000000e+00	0.000000e+00	0.000000e+00	8.337715e-04	0.000000e+00	0.000000e+00	1.191880e-03	5.519079e-03	0.000000e+00	0.000000e+00	0.000000e+00	0.000000e+00	4.827992e-04	2.616634e-03	0.000000e+00	0.000000e+00	0.000000e+00	0.000000e+00	0.000000e+00	6.507235e-01	-4.547887e-01
6.507235e-01	3.867883e-06	1.185285e-03	0.000000e+00	0.000000e+00	1.340221e-03	0.000000e+00	0.000000e+00	0.000000e+00	0.000000e+00	0.000000e+00	0.000000e+00	0.000000e+00	0.000000e+00	8.337715e-04	0.000000e+00	0.000000e+00	1.191880e-03	5.519079e-03	0.000000e+00	0.000000e+00	0.000000e+00	0.000000e+00	4.827992e-04	2.616634e-03	0.000000e+00	0.000000e+00	0.000000e+00	0.000000e+00	0.000000e+00	6.507235e-01	-4.547887e-01
6.500931e-01	0.000000e+00	1.185285e-03	0.000000e+00	3.679032e-03	2.449889e-03	0.000000e+00	0.000000e+00	0.000000e+00	0.000000e+00	0.000000e+00	0.000000e+00	5.934624e-04	0.000000e+00	1.042214e-03	0.000000e+00	0.000000e+00	0.000000e+00	0.000000e+00	2.438003e-03	0.000000e+00	0.000000e+00	0.000000e+00	3.778847e-03	0.000000e+00	7.550501e-04	0.000000e+00	0.000000e+00	0.000000e+00	0.000000e+00	6.500931e-01	-4.534222e-01
6.460269e-01	0.000000e+00	1.422341e-03	0.000000e+00	0.000000e+00	1.478075e-03	0.000000e+00	0.000000e+00	0.000000e+00	9.695776e-04	0.000000e+00	0.000000e+00	0.000000e+00	0.000000e+00	0.000000e+00	0.000000e+00	0.000000e+00	1.344440e-03	9.934341e-03	6.052876e-04	0.000000e+00	0.000000e+00	0.000000e+00	8.690386e-04	0.000000e+00	1.936006e-03	0.000000e+00	0.000000e+00	0.000000e+00	0.000000e+00	6.460269e-01	-4.413108e-01
6.436720e-01	3.867883e-06	2.133512e-03	0.000000e+00	2.943225e-03	1.340221e-03	0.000000e+00	0.000000e+00	0.000000e+00	0.000000e+00	0.000000e+00	0.000000e+00	4.747700e-04	0.000000e+00	0.000000e+00	0.000000e+00	0.000000e+00	1.907008e-04	0.000000e+00	1.950402e-03	0.000000e+00	0.000000e+00	0.000000e+00	7.976575e-03	2.616634e-03	0.000000e+00	0.000000e+00	0.000000e+00	0.000000e+00	0.000000e+00	6.436720e-01	-4.296342e-01
6.411440e-01	0.000000e+00	1.481606e-03	0.000000e+00	0.000000e+00	3.571409e-03	0.000000e+00	0.000000e+00	0.000000e+00	1.939155e-04	1.105709e-03	2.260781e-03	0.000000e+00	0.000000e+00	0.000000e+00	0.000000e+00	0.000000e+00	2.383760e-04	1.103816e-03	0.000000e+00	0.000000e+00	0.000000e+00	0.000000e+00	5.329596e-03	5.814741e-03	1.077422e-03	0.000000e+00	0.000000e+00	0.000000e+00	0.000000e+00	6.411440e-01	-4.130724e-01
6.395418e-01	0.000000e+00	9.956390e-04	0.000000e+00	3.679032e-03	2.449889e-03	0.000000e+00	0.000000e+00	0.000000e+00	0.000000e+00	0.000000e+00	0.000000e+00	8.383788e-04	1.452775e-04	5.086006e-04	0.000000e+00	0.000000e+00	3.909366e-04	1.103816e-03	5.218129e-03	0.000000e+00	0.000000e+00	0.000000e+00	3.524565e-03	4.651793e-03	1.830418e-03	0.000000e+00	0.000000e+00	0.000000e+00	0.000000e+00	6.395418e-01	-4.003211e-01
6.373868e-01	0.000000e+00	1.481606e-03	1.919272e-06	0.000000e+00	8.065151e-03	0.000000e+00	0.000000e+00	0.000000e+00	9.695776e-04	2.368060e-04	0.000000e+00	0.000000e+00	1.452775e-04	3.001577e-04	0.000000e+00	0.000000e+00	3.524150e-04	0.000000e+00	0.000000e+00	0.000000e+00	0.000000e+00	0.000000e+00	7.590336e-03	0.000000e+00	0.000000e+00	0.000000e+00	0.000000e+00	0.000000e+00	0.000000e+00	6.373868e-01	-3.827894e-01
6.357220e-01	0.000000e+00	2.685381e-03	1.066262e-06	0.000000e+00	1.167903e-03	0.000000e+00	0.000000e+00	3.249214e-03	0.000000e+00	5.897114e-05	0.000000e+00	0.000000e+00	1.815969e-04	8.337715e-04	9.859377e-05	0.000000e+00	1.001179e-03	0.000000e+00	2.732383e-06	0.000000e+00	0.000000e+00	0.000000e+00	0.000000e+00	0.000000e+00	1.909030e-03	0.000000e+00	0.000000e+00	0.000000e+00	0.000000e+00	6.357220e-01	-3.680644e-01
6.351928e-01	0.000000e+00	2.937973e-03	1.066262e-06	3.679032e-03	1.167903e-03	0.000000e+00	0.000000e+00	3.249214e-03	0.000000e+00	5.897114e-05	0.000000e+00	0.000000e+00	5.170622e-02	3.751972e-04	9.859377e-05	0.000000e+00	0.000000e+00	0.000000e+00	2.442484e-03	0.000000e+00	0.000000e+00	0.000000e+00	3.430600e-03	0.000000e+00	1.909030e-03	0.000000e+00	0.000000e+00	0.000000e+00	0.000000e+00	6.351928e-01	-3.513747e-01
6.329751e-01	9.358743e-06	0.000000e+00	8.530100e-07	0.000000e+00	3.146326e-04	0.000000e+00	0.000000e+00	3.249214e-03	0.000000e+00	0.000000e+00	0.000000e+00	3.061454e-04	2.905550e-05	1.093908e-03	9.859377e-05	0.000000e+00	1.680074e-03	1.280426e-03	0.000000e+00	0.000000e+00	0.000000e+00	0.000000e+00	0.000000e+00	0.000000e+00	6.288906e-05	0.000000e+00	0.000000e+00	0.000000e+00	0.000000e+00	6.329751e-01	-3.386540e-01
6.316450e-01	0.000000e+00	0.000000e+00	0.000000e+00	0.000000e+00	0.000000e+00	0.000000e+00	0.000000e+00	4.061517e-03	0.000000e+00	0.000000e+00	0.000000e+00	3.798160e-04	0.000000e+00	0.000000e+00	4.265561e-04	0.000000e+00	0.000000e+00	0.000000e+00	1.173657e-03	0.000000e+00	0.000000e+00	0.000000e+00	1.199004e-03	0.000000e+00	1.999374e-03	0.000000e+00	0.000000e+00	0.000000e+00	0.000000e+00	6.316450e-01	-3.225399e-01
6.300744e-01	9.358743e-06	0.000000e+00	0.000000e+00	0.000000e+00	1.784951e-03	0.000000e+00	0.000000e+00	8.326110e-03	0.000000e+00	5.012547e-03	1.808625e-03	0.000000e+00	1.452775e-04	0.000000e+00	0.000000e+00	0.000000e+00	1.525606e-04	0.000000e+00	2.538275e-03	0.000000e+00	0.000000e+00	0.000000e+00	0.000000e+00	0.000000e+00	0.000000e+00	0.000000e+00	0.000000e+00	0.000000e+00	0.000000e+00	6.300744e-01	-3.006713e-01
6.285338e-01	0.000000e+00	0.000000e+00	0.000000e+00	0.000000e+00	0.000000e+00	0.000000e+00	0.000000e+00	4.061517e-03	0.000000e+00	0.000000e+00	0.000000e+00	0.000000e+00	0.000000e+00	0.000000e+00	3.370134e-04	0.000000e+00	0.000000e+00	0.000000e+00	2.732383e-06	0.000000e+00	0.000000e+00	0.000000e+00	0.000000e+00	0.000000e+00	0.000000e+00	0.000000e+00	0.000000e+00	0.000000e+00	0.000000e+00	6.285338e-01	-2.829211e-01
6.278183e-01	0.000000e+00	0.000000e+00	8.530100e-07	0.000000e+00	3.571409e-03	0.000000e+00	0.000000e+00	5.076896e-03	3.922167e-02	0.000000e+00	0.000000e+00	1.519264e-05	2.905550e-05	0.000000e+00	4.398386e-04	0.000000e+00	1.680074e-03	1.280426e-03	9.384882e-04	0.000000e+00	0.000000e+00	0.000000e+00	0.000000e+00	0.000000e+00	1.662388e-03	0.000000e+00	0.000000e+00	0.000000e+00	0.000000e+00	6.278183e-01	-2.636695e-01
6.259344e-01	3.327553e-06	1.213731e-04	0.000000e+00	0.000000e+00	0.000000e+00	0.000000e+00	0.000000e+00	5.076896e-03	0.000000e+00	0.000000e+00	0.000000e+00	3.950086e-04	1.452775e-04	0.000000e+00	0.000000e+00	0.000000e+00	2.196873e-04	1.024341e-03	5.561353e-03	0.000000e+00	0.000000e+00	0.000000e+00	0.000000e+00	5.814741e-03	0.000000e+00	0.000000e+00	0.000000e+00	0.000000e+00	0.000000e+00	6.259344e-01	-2.431152e-01
6.245732e-01	3.602394e-06	2.370569e-04	0.000000e+00	0.000000e+00	9.572665e-05	0.000000e+00	0.000000e+00	0.000000e+00	0.000000e+00	4.238550e-04	0.000000e+00	0.000000e+00	0.000000e+00	6.670172e-04	4.265561e-04	0.000000e+00	3.909366e-04	0.000000e+00	3.476533e-03	0.000000e+00	0.000000e+00	0.000000e+00	3.558451e-04	0.000000e+00	1.830418e-03	0.000000e+00	0.000000e+00	0.000000e+00	7.316711e-03	6.245732e-01	-2.231177e-01
6.235605e-01	0.000000e+00	0.000000e+00	0.000000e+00	0.000000e+00	0.000000e+00	0.000000e+00	0.000000e+00	4.061517e-03	9.695776e-04	0.000000e+00	0.000000e+00	0.000000e+00	0.000000e+00	0.000000e+00	4.265561e-04	0.000000e+00	0.000000e+00	0.000000e+00	0.000000e+00	0.000000e+00	0.000000e+00	0.000000e+00	0.000000e+00	0.000000e+00	0.000000e+00	0.000000e+00	0.000000e+00	0.000000e+00	0.000000e+00	6.235605e-01	-2.091726e-01
6.221101e-01	7.552922e-06	0.000000e+00	0.000000e+00	0.000000e+00	0.000000e+00	0.000000e+00	0.000000e+00	8.326110e-03	0.000000e+00	0.000000e+00	0.000000e+00	0.000000e+00	0.000000e+00	0.000000e+00	0.000000e+00	0.000000e+00	1.525606e-04	0.000000e+00	0.000000e+00	0.000000e+00	0.000000e+00	0.000000e+00	0.000000e+00	0.000000e+00	0.000000e+00	0.000000e+00	0.000000e+00	0.000000e+00	0.000000e+00	6.221101e-01	-1.853476e-01
6.206270e-01	0.000000e+00	1.213731e-04	0.000000e+00	0.000000e+00	0.000000e+00	0.000000e+00	0.000000e+00	4.061517e-03	0.000000e+00	0.000000e+00	0.000000e+00	0.000000e+00	0.000000e+00	0.000000e+00	0.000000e+00	0.000000e+00	0.000000e+00	0.000000e+00	5.601384e-06	0.000000e+00	0.000000e+00	0.000000e+00	0.000000e+00	0.000000e+00	0.000000e+00	0.000000e+00	0.000000e+00	0.000000e+00	0.000000e+00	6.206270e-01	-1.616242e-01
6.196404e-01	0.000000e+00	3.468693e-03	0.000000e+00	0.000000e+00	1.760187e-03	0.000000e+00	0.000000e+00	0.000000e+00	0.000000e+00	3.390840e-04	0.000000e+00	0.000000e+00	0.000000e+00	5.336137e-04	0.000000e+00	0.000000e+00	0.000000e+00	0.000000e+00	0.000000e+00	0.000000e+00	0.000000e+00	0.000000e+00	0.000000e+00	0.000000e+00	5.953441e-02	0.000000e+00	0.000000e+00	0.000000e+00	0.000000e+00	6.196404e-01	-1.333085e-01
4.538361e-01	4.691859e-06	1.213731e-04	0.000000e+00	0.000000e+00	0.000000e+00	0.000000e+00	0.000000e+00	0.000000e+00	0.000000e+00	0.000000e+00	0.000000e+00	0.000000e+00	0.000000e+00	0.000000e+00	0.000000e+00	0.000000e+00	0.000000e+00	0.000000e+00	5.464765e-07	0.000000e+00	0.000000e+00	0.000000e+00	0.000000e+00	0.000000e+00	0.000000e+00	0.000000e+00	0.000000e+00	0.000000e+00	0.000000e+00	4.538361e-01	-1.241919e-01
4.538361e-01	4.691859e-06	1.213731e-04	0.000000e+00	0.000000e+00	0.000000e+00	0.000000e+00	0.000000e+00	0.000000e+00	0.000000e+00	0.000000e+00	0.000000e+00	0.000000e+00	0.000000e+00	0.000000e+00	0.000000e+00	0.000000e+00	0.000000e+00	0.000000e+00	5.464765e-07	0.000000e+00	0.000000e+00	0.000000e+00	0.000000e+00	0.000000e+00	0.000000e+00	0.000000e+00	0.000000e+00	0.000000e+00	0.000000e+00	4.538361e-01	-1.241919e-01
4.538361e-01	4.691859e-06	1.213731e-04	0.000000e+00	0.000000e+00	0.000000e+00	0.000000e+00	0.000000e+00	0.000000e+00	0.000000e+00	0.000000e+00	0.000000e+00	0.000000e+00	0.000000e+00	0.000000e+00	0.000000e+00	0.000000e+00	0.000000e+00	0.000000e+00	5.464765e-07	0.000000e+00	0.000000e+00	0.000000e+00	0.000000e+00	0.000000e+00	0.000000e+00	0.000000e+00	0.000000e+00	0.000000e+00	0.000000e+00	4.538361e-01	-1.241919e-01
4.538361e-01	4.691859e-06	1.213731e-04	0.000000e+00	0.000000e+00	0.000000e+00	0.000000e+00	0.000000e+00	0.000000e+00	0.000000e+00	0.000000e+00	0.000000e+00	0.000000e+00	0.000000e+00	0.000000e+00	0.000000e+00	0.000000e+00	0.000000e+00	0.000000e+00	5.464765e-07	0.000000e+00	0.000000e+00	0.000000e+00	0.000000e+00	0.000000e+00	0.000000e+00	0.000000e+00	0.000000e+00	0.000000e+00	0.000000e+00	4.538361e-01	-1.241919e-01
4.538361e-01	4.691859e-06	1.213731e-04	0.000000e+00	0.000000e+00	0.000000e+00	0.000000e+00	0.000000e+00	0.000000e+00	0.000000e+00	0.000000e+00	0.000000e+00	0.000000e+00	0.000000e+00	0.000000e+00	0.000000e+00	0.000000e+00	0.000000e+00	0.000000e+00	5.464765e-07	0.000000e+00	0.000000e+00	0.000000e+00	0.000000e+00	0.000000e+00	0.000000e+00	0.000000e+00	0.000000e+00	0.000000e+00	0.000000e+00	4.538361e-01	-1.241919e-01
4.538361e-01	4.691859e-06	1.213731e-04	0.000000e+00	0.000000e+00	0.000000e+00	0.000000e+00	0.000000e+00	0.000000e+00	0.000000e+00	0.000000e+00	0.000000e+00	0.000000e+00	0.000000e+00	0.000000e+00	0.000000e+00	0.000000e+00	0.000000e+00	0.000000e+00	5.464765e-07	0.000000e+00	0.000000e+00	0.000000e+00	0.000000e+00	0.000000e+00	0.000000e+00	0.000000e+00	0.000000e+00	0.000000e+00	0.000000e+00	4.538361e-01	-1.241919e-01
4.538361e-01	4.691859e-06	1.213731e-04	0.000000e+00	0.000000e+00	0.000000e+00	0.000000e+00	0.000000e+00	0.000000e+00	0.000000e+00	0.000000e+00	0.000000e+00	0.000000e+00	0.000000e+00	0.000000e+00	0.000000e+00	0.000000e+00	0.000000e+00	0.000000e+00	5.464765e-07	0.000000e+00	0.000000e+00	0.000000e+00	0.000000e+00	0.000000e+00	0.000000e+00	0.000000e+00	0.000000e+00	0.000000e+00	0.000000e+00	4.538361e-01	-1.241919e-01
4.526495e-01	5.199302e-06	1.213731e-04	0.000000e+00	0.000000e+00	0.000000e+00	0.000000e+00	0.000000e+00	0.000000e+00	0.000000e+00	0.000000e+00	0.000000e+00	0.000000e+00	0.000000e+00	0.000000e+00	5.673953e-04	0.000000e+00	0.000000e+00	0.000000e+00	3.415478e-06	0.000000e+00	0.000000e+00	0.000000e+00	0.000000e+00	0.000000e+00	0.000000e+00	0.000000e+00	0.000000e+00	0.000000e+00	0.000000e+00	4.526495e-01	-1.237311e-01
4.464328e-01	0.000000e+00	3.495546e-05	0.000000e+00	0.000000e+00	0.000000e+00	0.000000e+00	0.000000e+00	0.000000e+00	0.000000e+00	0.000000e+00	0.000000e+00	0.000000e+00	0.000000e+00	0.000000e+00	3.412449e-04	0.000000e+00	0.000000e+00	0.000000e+00	2.732383e-06	0.000000e+00	0.000000e+00	0.000000e+00	0.000000e+00	0.000000e+00	0.000000e+00	0.000000e+00	0.000000e+00	1.555796e-02	0.000000e+00	4.464328e-01	-1.084930e-01
4.402341e-01	5.199302e-06	0.000000e+00	0.000000e+00	0.000000e+00	0.000000e+00	0.000000e+00	0.000000e+00	0.000000e+00	0.000000e+00	0.000000e+00	0.000000e+00	0.000000e+00	0.000000e+00	0.000000e+00	4.265561e-04	0.000000e+00	0.000000e+00	0.000000e+00	3.415478e-06	0.000000e+00	0.000000e+00	0.000000e+00	0.000000e+00	0.000000e+00	0.000000e+00	0.000000e+00	0.000000e+00	0.000000e+00	0.000000e+00	4.402341e-01	-8.308770e-02
4.376857e-01	7.233102e-06	2.184716e-04	0.000000e+00	0.000000e+00	0.000000e+00	0.000000e+00	0.000000e+00	0.000000e+00	0.000000e+00	0.000000e+00	0.000000e+00	0.000000e+00	0.000000e+00	0.000000e+00	2.013618e-04	0.000000e+00	0.000000e+00	0.000000e+00	0.000000e+00	1.942932e-02	0.000000e+00	0.000000e+00	0.000000e+00	0.000000e+00	0.000000e+00	0.000000e+00	0.000000e+00	0.000000e+00	0.000000e+00	4.376857e-01	-6.278999e-02
4.339447e-01	3.294643e-06	1.407928e-04	0.000000e+00	0.000000e+00	5.883360e-04	0.000000e+00	0.000000e+00	0.000000e+00	0.000000e+00	0.000000e+00	0.000000e+00	0.000000e+00	0.000000e+00	1.386030e-03	2.729959e-04	0.000000e+00	0.000000e+00	0.000000e+00	5.601384e-06	0.000000e+00	0.000000e+00	0.000000e+00	0.000000e+00	0.000000e+00	0.000000e+00	0.000000e+00	0.000000e+00	0.000000e+00	0.000000e+00	4.339447e-01	-3.815064e-02
4.311776e-01	5.199302e-06	0.000000e+00	0.000000e+00	0.000000e+00	0.000000e+00	0.000000e+00	0.000000e+00	0.000000e+00	0.000000e+00	0.000000e+00	0.000000e+00	0.000000e+00	0.000000e+00	0.000000e+00	5.673953e-04	0.000000e+00	0.000000e+00	0.000000e+00	3.415478e-06	0.000000e+00	0.000000e+00	0.000000e+00	0.000000e+00	0.000000e+00	0.000000e+00	0.000000e+00	0.000000e+00	0.000000e+00	0.000000e+00	4.311776e-01	-1.448623e-02
4.288445e-01	0.000000e+00	0.000000e+00	0.000000e+00	0.000000e+00	1.569917e-04	0.000000e+00	0.000000e+00	0.000000e+00	0.000000e+00	0.000000e+00	0.000000e+00	0.000000e+00	0.000000e+00	6.015755e-03	5.246981e-04	0.000000e+00	0.000000e+00	0.000000e+00	0.000000e+00	0.000000e+00	0.000000e+00	0.000000e+00	2.590610e-02	0.000000e+00	0.000000e+00	0.000000e+00	1.445474e-02	0.000000e+00	0.000000e+00	4.288445e-01	1.741228e-02
4.251488e-01	2.359363e-07	0.000000e+00	0.000000e+00	0.000000e+00	1.962396e-04	0.000000e+00	0.000000e+00	0.000000e+00	0.000000e+00	0.000000e+00	0.000000e+00	0.000000e+00	0.000000e+00	0.000000e+00	0.000000e+00	0.000000e+00	0.000000e+00	0.000000e+00	0.000000e+00	0.000000e+00	0.000000e+00	0.000000e+00	0.000000e+00	0.000000e+00	0.000000e+00	0.000000e+00	1.806843e-02	0.000000e+00	0.000000e+00	4.251488e-01	4.976122e-02
4.221518e-01	0.000000e+00	0.000000e+00	0.000000e+00	0.000000e+00	0.000000e+00	0.000000e+00	0.000000e+00	0.000000e+00	0.000000e+00	0.000000e+00	0.000000e+00	0.000000e+00	0.000000e+00	0.000000e+00	0.000000e+00	0.000000e+00	0.000000e+00	0.000000e+00	0.000000e+00	0.000000e+00	0.000000e+00	0.000000e+00	0.000000e+00	0.000000e+00	0.000000e+00	0.000000e+00	0.000000e+00	0.000000e+00	0.000000e+00	4.221518e-01	7.962980e-02
4.213239e-01	0.000000e+00	0.000000e+00	0.000000e+00	0.000000e+00	0.000000e+00	0.000000e+00	0.000000e+00	0.000000e+00	0.000000e+00	0.000000e+00	0.000000e+00	0.000000e+00	0.000000e+00	0.000000e+00	0.000000e+00	0.000000e+00	0.000000e+00	0.000000e+00	0.000000e+00	0.000000e+00	0.000000e+00	0.000000e+00	0.000000e+00	0.000000e+00	0.000000e+00	0.000000e+00	1.757697e-03	0.000000e+00	0.000000e+00	4.213239e-01	8.966699e-02
4.172870e-01	0.000000e+00	1.747773e-04	0.000000e+00	0.000000e+00	0.000000e+00	0.000000e+00	0.000000e+00	0.000000e+00	0.000000e+00	0.000000e+00	0.000000e+00	0.000000e+00	0.000000e+00	0.000000e+00	0.000000e+00	0.000000e+00	0.000000e+00	0.000000e+00	0.000000e+00	0.000000e+00	0.000000e+00	0.000000e+00	0.000000e+00	0.000000e+00	0.000000e+00	0.000000e+00	3.515394e-03	0.000000e+00	0.000000e+00	4.172870e-01	1.391512e-01
4.134739e-01	0.000000e+00	0.000000e+00	0.000000e+00	0.000000e+00	0.000000e+00	0.000000e+00	0.000000e+00	0.000000e+00	0.000000e+00	0.000000e+00	0.000000e+00	0.000000e+00	0.000000e+00	0.000000e+00	0.000000e+00	0.000000e+00	0.000000e+00	0.000000e+00	3.415478e-06	0.000000e+00	0.000000e+00	0.000000e+00	0.000000e+00	0.000000e+00	0.000000e+00	0.000000e+00	0.000000e+00	0.000000e+00	0.000000e+00	4.134739e-01	1.871398e-01
4.107094e-01	0.000000e+00	2.184716e-04	0.000000e+00	0.000000e+00	5.883360e-04	0.000000e+00	0.000000e+00	0.000000e+00	0.000000e+00	0.000000e+00	0.000000e+00	0.000000e+00	2.259371e-03	3.967125e-03	5.459918e-04	0.000000e+00	0.000000e+00	0.000000e+00	5.601384e-06	0.000000e+00	0.000000e+00	0.000000e+00	0.000000e+00	0.000000e+00	0.000000e+00	0.000000e+00	0.000000e+00	1.244636e-02	0.000000e+00	4.107094e-01	2.277725e-01
2.574560e-01	0.000000e+00	0.000000e+00	0.000000e+00	0.000000e+00	0.000000e+00	0.000000e+00	0.000000e+00	0.000000e+00	0.000000e+00	0.000000e+00	0.000000e+00	0.000000e+00	0.000000e+00	0.000000e+00	0.000000e+00	0.000000e+00	0.000000e+00	0.000000e+00	0.000000e+00	0.000000e+00	0.000000e+00	0.000000e+00	0.000000e+00	0.000000e+00	0.000000e+00	0.000000e+00	0.000000e+00	0.000000e+00	0.000000e+00	2.574560e-01	2.421735e-01
2.574560e-01	0.000000e+00	0.000000e+00	0.000000e+00	0.000000e+00	0.000000e+00	0.000000e+00	0.000000e+00	0.000000e+00	0.000000e+00	0.000000e+00	0.000000e+00	0.000000e+00	0.000000e+00	0.000000e+00	0.000000e+00	0.000000e+00	0.000000e+00	0.000000e+00	0.000000e+00	0.000000e+00	0.000000e+00	0.000000e+00	0.000000e+00	0.000000e+00	0.000000e+00	0.000000e+00	0.000000e+00	0.000000e+00	0.000000e+00	2.574560e-01	2.421735e-01
2.574560e-01	0.000000e+00	0.000000e+00	0.000000e+00	0.000000e+00	0.000000e+00	0.000000e+00	0.000000e+00	0.000000e+00	0.000000e+00	0.000000e+00	0.000000e+00	0.000000e+00	0.000000e+00	0.000000e+00	0.000000e+00	0.000000e+00	0.000000e+00	0.000000e+00	0.000000e+00	0.000000e+00	0.000000e+00	0.000000e+00	0.000000e+00	0.000000e+00	0.000000e+00	0.000000e+00	0.000000e+00	0.000000e+00	0.000000e+00	2.574560e-01	2.421735e-01
2.574560e-01	0.000000e+00	0.000000e+00	0.000000e+00	0.000000e+00	0.000000e+00	0.000000e+00	0.000000e+00	0.000000e+00	0.000000e+00	0.000000e+00	0.000000e+00	0.000000e+00	0.000000e+00	0.000000e+00	0.000000e+00	0.000000e+00	0.000000e+00	0.000000e+00	0.000000e+00	0.000000e+00	0.000000e+00	0.000000e+00	0.000000e+00	0.000000e+00	0.000000e+00	0.000000e+00	0.000000e+00	0.000000e+00	0.000000e+00	2.574560e-01	2.421735e-01
2.574560e-01	0.000000e+00	0.000000e+00	0.000000e+00	0.000000e+00	0.000000e+00	0.000000e+00	0.000000e+00	0.000000e+00	0.000000e+00	0.000000e+00	0.000000e+00	0.000000e+00	0.000000e+00	0.000000e+00	0.000000e+00	0.000000e+00	0.000000e+00	0.000000e+00	0.000000e+00	0.000000e+00	0.000000e+00	0.000000e+00	0.000000e+00	0.000000e+00	0.000000e+00	0.000000e+00	0.000000e+00	0.000000e+00	0.000000e+00	2.574560e-01	2.421735e-01
2.574560e-01	0.000000e+00	0.000000e+00	0.000000e+00	0.000000e+00	0.000000e+00	0.000000e+00	0.000000e+00	0.000000e+00	0.000000e+00	0.000000e+00	0.000000e+00	0.000000e+00	0.000000e+00	0.000000e+00	0.000000e+00	0.000000e+00	0.000000e+00	0.000000e+00	0.000000e+00	0.000000e+00	0.000000e+00	0.000000e+00	0.000000e+00	0.000000e+00	0.000000e+00	0.000000e+00	0.000000e+00	0.000000e+00	0.000000e+00	2.574560e-01	2.421735e-01
2.574560e-01	0.000000e+00	0.000000e+00	0.000000e+00	0.000000e+00	0.000000e+00	0.000000e+00	0.000000e+00	0.000000e+00	0.000000e+00	0.000000e+00	0.000000e+00	0.000000e+00	0.000000e+00	0.000000e+00	0.000000e+00	0.000000e+00	0.000000e+00	0.000000e+00	0.000000e+00	0.000000e+00	0.000000e+00	0.000000e+00	0.000000e+00	0.000000e+00	0.000000e+00	0.000000e+00	0.000000e+00	0.000000e+00	0.000000e+00	2.574560e-01	2.421735e-01
2.574560e-01	0.000000e+00	0.000000e+00	0.000000e+00	0.000000e+00	0.000000e+00	0.000000e+00	0.000000e+00	0.000000e+00	0.000000e+00	0.000000e+00	0.000000e+00	0.000000e+00	0.000000e+00	0.000000e+00	0.000000e+00	0.000000e+00	0.000000e+00	0.000000e+00	0.000000e+00	0.000000e+00	0.000000e+00	0.000000e+00	0.000000e+00	0.000000e+00	0.000000e+00	0.000000e+00	0.000000e+00	0.000000e+00	0.000000e+00	2.574560e-01	2.421735e-01
2.531954e-01	0.000000e+00	1.941970e-05	0.000000e+00	0.000000e+00	0.000000e+00	0.000000e+00	0.000000e+00	0.000000e+00	0.000000e+00	0.000000e+00	0.000000e+00	0.000000e+00	0.000000e+00	0.000000e+00	0.000000e+00	0.000000e+00	0.000000e+00	0.000000e+00	0.000000e+00	1.070156e-05	0.000000e+00	0.000000e+00	0.000000e+00	0.000000e+00	0.000000e+00	8.822468e-05	0.000000e+00	0.000000e+00	0.000000e+00	2.531954e-01	2.449215e-01
2.448230e-01	0.000000e+00	0.000000e+00	0.000000e+00	0.000000e+00	0.000000e+00	0.000000e+00	0.000000e+00	0.000000e+00	0.000000e+00	0.000000e+00	0.000000e+00	0.000000e+00	0.000000e+00	0.000000e+00	0.000000e+00	0.000000e+00	0.000000e+00	0.000000e+00	0.000000e+00	2.675391e-04	0.000000e+00	0.000000e+00	0.000000e+00	0.000000e+00	0.000000e+00	1.102808e-04	0.000000e+00	0.000000e+00	0.000000e+00	2.448230e-01	2.637002e-01
2.357709e-01	0.000000e+00	0.000000e+00	0.000000e+00	0.000000e+00	0.000000e+00	0.000000e+00	0.000000e+00	0.000000e+00	0.000000e+00	0.000000e+00	0.000000e+00	0.000000e+00	0.000000e+00	0.000000e+00	0.000000e+00	0.000000e+00	0.000000e+00	0.000000e+00	0.000000e+00	0.000000e+00	0.000000e+00	0.000000e+00	0.000000e+00	0.000000e+00	0.000000e+00	0.000000e+00	0.000000e+00	3.933856e-04	0.000000e+00	2.357709e-01	3.019260e-01
2.296882e-01	0.000000e+00	0.000000e+00	0.000000e+00	0.000000e+00	0.000000e+00	0.000000e+00	0.000000e+00	0.000000e+00	0.000000e+00	0.000000e+00	0.000000e+00	0.000000e+00	0.000000e+00	0.000000e+00	0.000000e+00	0.000000e+00	0.000000e+00	0.000000e+00	0.000000e+00	0.000000e+00	0.000000e+00	0.000000e+00	0.000000e+00	0.000000e+00	0.000000e+00	1.102808e-04	0.000000e+00	0.000000e+00	0.000000e+00	2.296882e-01	3.362777e-01
2.218037e-01	0.000000e+00	0.000000e+00	0.000000e+00	0.000000e+00	0.000000e+00	0.000000e+00	0.000000e+00	0.000000e+00	0.000000e+00	0.000000e+00	0.000000e+00	0.000000e+00	0.000000e+00	0.000000e+00	0.000000e+00	0.000000e+00	0.000000e+00	0.000000e+00	0.000000e+00	0.000000e+00	0.000000e+00	0.000000e+00	0.000000e+00	0.000000e+00	0.000000e+00	4.523456e-05	0.000000e+00	0.000000e+00	0.000000e+00	2.218037e-01	3.887241e-01
2.145437e-01	0.000000e+00	0.000000e+00	0.000000e+00	0.000000e+00	0.000000e+00	0.000000e+00	0.000000e+00	0.000000e+00	0.000000e+00	0.000000e+00	0.000000e+00	0.000000e+00	0.000000e+00	0.000000e+00	0.000000e+00	0.000000e+00	0.000000e+00	0.000000e+00	0.000000e+00	5.350782e-05	0.000000e+00	0.000000e+00	0.000000e+00	0.000000e+00	0.000000e+00	0.000000e+00	0.000000e+00	0.000000e+00	0.000000e+00	2.145437e-01	4.421735e-01
2.076901e-01	0.000000e+00	0.000000e+00	0.000000e+00	0.000000e+00	0.000000e+00	0.000000e+00	0.000000e+00	0.000000e+00	0.000000e+00	0.000000e+00	0.000000e+00	0.000000e+00	0.000000e+00	0.000000e+00	0.000000e+00	0.000000e+00	0.000000e+00	0.000000e+00	0.000000e+00	0.000000e+00	0.000000e+00	0.000000e+00	0.000000e+00	0.000000e+00	0.000000e+00	8.130786e-05	0.000000e+00	0.000000e+00	0.000000e+00	2.076901e-01	4.946000e-01
1.994048e-01	0.000000e+00	0.000000e+00	0.000000e+00	0.000000e+00	0.000000e+00	0.000000e+00	0.000000e+00	0.000000e+00	0.000000e+00	0.000000e+00	0.000000e+00	0.000000e+00	0.000000e+00	0.000000e+00	0.000000e+00	0.000000e+00	0.000000e+00	0.000000e+00	0.000000e+00	5.350782e-05	0.000000e+00	0.000000e+00	0.000000e+00	0.000000e+00	0.000000e+00	0.000000e+00	0.000000e+00	0.000000e+00	0.000000e+00	1.994048e-01	5.571937e-01
1.908886e-01	0.000000e+00	0.000000e+00	0.000000e+00	0.000000e+00	0.000000e+00	0.000000e+00	0.000000e+00	0.000000e+00	0.000000e+00	0.000000e+00	0.000000e+00	0.000000e+00	0.000000e+00	0.000000e+00	0.000000e+00	0.000000e+00	0.000000e+00	0.000000e+00	0.000000e+00	3.451254e-04	0.000000e+00	0.000000e+00	0.000000e+00	0.000000e+00	5.625160e-04	0.000000e+00	0.000000e+00	0.000000e+00	0.000000e+00	1.908886e-01	6.172093e-01
8.255275e-02	0.000000e+00	0.000000e+00	0.000000e+00	0.000000e+00	0.000000e+00	0.000000e+00	0.000000e+00	0.000000e+00	0.000000e+00	0.000000e+00	0.000000e+00	0.000000e+00	0.000000e+00	0.000000e+00	0.000000e+00	0.000000e+00	0.000000e+00	0.000000e+00	0.000000e+00	0.000000e+00	0.000000e+00	0.000000e+00	0.000000e+00	0.000000e+00	0.000000e+00	0.000000e+00	0.000000e+00	0.000000e+00	0.000000e+00	8.255275e-02	6.696631e-01
8.255275e-02	0.000000e+00	0.000000e+00	0.000000e+00	0.000000e+00	0.000000e+00	0.000000e+00	0.000000e+00	0.000000e+00	0.000000e+00	0.000000e+00	0.000000e+00	0.000000e+00	0.000000e+00	0.000000e+00	0.000000e+00	0.000000e+00	0.000000e+00	0.000000e+00	0.000000e+00	0.000000e+00	0.000000e+00	0.000000e+00	0.000000e+00	0.000000e+00	0.000000e+00	0.000000e+00	0.000000e+00	0.000000e+00	0.000000e+00	8.255275e-02	6.696631e-01
8.255275e-02	0.000000e+00	0.000000e+00	0.000000e+00	0.000000e+00	0.000000e+00	0.000000e+00	0.000000e+00	0.000000e+00	0.000000e+00	0.000000e+00	0.000000e+00	0.000000e+00	0.000000e+00	0.000000e+00	0.000000e+00	0.000000e+00	0.000000e+00	0.000000e+00	0.000000e+00	0.000000e+00	0.000000e+00	0.000000e+00	0.000000e+00	0.000000e+00	0.000000e+00	0.000000e+00	0.000000e+00	0.000000e+00	0.000000e+00	8.255275e-02	6.696631e-01
8.255275e-02	0.000000e+00	0.000000e+00	0.000000e+00	0.000000e+00	0.000000e+00	0.000000e+00	0.000000e+00	0.000000e+00	0.000000e+00	0.000000e+00	0.000000e+00	0.000000e+00	0.000000e+00	0.000000e+00	0.000000e+00	0.000000e+00	0.000000e+00	0.000000e+00	0.000000e+00	0.000000e+00	0.000000e+00	0.000000e+00	0.000000e+00	0.000000e+00	0.000000e+00	0.000000e+00	0.000000e+00	0.000000e+00	0.000000e+00	8.255275e-02	6.696631e-01
8.255275e-02	0.000000e+00	0.000000e+00	0.000000e+00	0.000000e+00	0.000000e+00	0.000000e+00	0.000000e+00	0.000000e+00	0.000000e+00	0.000000e+00	0.000000e+00	0.000000e+00	0.000000e+00	0.000000e+00	0.000000e+00	0.000000e+00	0.000000e+00	0.000000e+00	0.000000e+00	0.000000e+00	0.000000e+00	0.000000e+00	0.000000e+00	0.000000e+00	0.000000e+00	0.000000e+00	0.000000e+00	0.000000e+00	0.000000e+00	8.255275e-02	6.696631e-01
8.255275e-02	0.000000e+00	0.000000e+00	0.000000e+00	0.000000e+00	0.000000e+00	0.000000e+00	0.000000e+00	0.000000e+00	0.000000e+00	0.000000e+00	0.000000e+00	0.000000e+00	0.000000e+00	0.000000e+00	0.000000e+00	0.000000e+00	0.000000e+00	0.000000e+00	0.000000e+00	0.000000e+00	0.000000e+00	0.000000e+00	0.000000e+00	0.000000e+00	0.000000e+00	0.000000e+00	0.000000e+00	0.000000e+00	0.000000e+00	8.255275e-02	6.696631e-01
7.624513e-02	0.000000e+00	0.000000e+00	0.000000e+00	0.000000e+00	0.000000e+00	0.000000e+00	0.000000e+00	0.000000e+00	0.000000e+00	0.000000e+00	0.000000e+00	0.000000e+00	0.000000e+00	0.000000e+00	0.000000e+00	0.000000e+00	0.000000e+00	0.000000e+00	0.000000e+00	4.180298e-04	0.000000e+00	0.000000e+00	0.000000e+00	0.000000e+00	0.000000e+00	0.000000e+00	0.000000e+00	0.000000e+00	0.000000e+00	7.624513e-02	6.722228e-01
6.107243e-02	0.000000e+00	0.000000e+00	0.000000e+00	0.000000e+00	0.000000e+00	0.000000e+00	0.000000e+00	0.000000e+00	0.000000e+00	0.000000e+00	0.000000e+00	0.000000e+00	0.000000e+00	0.000000e+00	0.000000e+00	0.000000e+00	0.000000e+00	0.000000e+00	0.000000e+00	8.775282e-05	0.000000e+00	0.000000e+00	0.000000e+00	0.000000e+00	0.000000e+00	2.205617e-05	0.000000e+00	0.000000e+00	0.000000e+00	6.107243e-02	6.954868e-01
4.546070e-02	0.000000e+00	0.000000e+00	0.000000e+00	0.000000e+00	0.000000e+00	0.000000e+00	0.000000e+00	0.000000e+00	0.000000e+00	0.000000e+00	0.000000e+00	0.000000e+00	0.000000e+00	0.000000e+00	0.000000e+00	0.000000e+00	0.000000e+00	0.000000e+00	0.000000e+00	0.000000e+00	0.000000e+00	0.000000e+00	0.000000e+00	0.000000e+00	0.000000e+00	0.000000e+00	0.000000e+00	0.000000e+00	0.000000e+00	4.546070e-02	7.417856e-01
3.069587e-02	0.000000e+00	0.000000e+00	0.000000e+00	0.000000e+00	0.000000e+00	0.000000e+00	0.000000e+00	0.000000e+00	0.000000e+00	0.000000e+00	0.000000e+00	0.000000e+00	0.000000e+00	0.000000e+00	0.000000e+00	0.000000e+00	0.000000e+00	0.000000e+00	0.000000e+00	4.715376e-04	0.000000e+00	0.000000e+00	0.000000e+00	0.000000e+00	0.000000e+00	0.000000e+00	0.000000e+00	2.375236e-03	0.000000e+00	3.069587e-02	8.003818e-01
1.651055e-02	0.000000e+00	0.000000e+00	0.000000e+00	0.000000e+00	0.000000e+00	0.000000e+00	0.000000e+00	0.000000e+00	0.000000e+00	0.000000e+00	0.000000e+00	0.000000e+00	0.000000e+00	0.000000e+00	0.000000e+00	0.000000e+00	0.000000e+00	0.000000e+00	0.000000e+00	2.642216e-04	0.000000e+00	0.000000e+00	0.000000e+00	0.000000e+00	0.000000e+00	7.686769e-04	0.000000e+00	0.000000e+00	0.000000e+00	1.651055e-02	8.636215e-01
0.000000e+00	0.000000e+00	0.000000e+00	0.000000e+00	0.000000e+00	0.000000e+00	0.000000e+00	0.000000e+00	0.000000e+00	0.000000e+00	0.000000e+00	0.000000e+00	0.000000e+00	0.000000e+00	0.000000e+00	0.000000e+00	0.000000e+00	0.000000e+00	0.000000e+00	0.000000e+00	5.350782e-05	0.000000e+00	0.000000e+00	0.000000e+00	0.000000e+00	0.000000e+00	0.000000e+00	0.000000e+00	0.000000e+00	0.000000e+00	0.000000e+00	1.000017e+00
