8.518487e-01	0.000000e+00	0.000000e+00	0.000000e+00	1.464086e-04	0.000000e+00	0.000000e+00	3.180332e-03	0.000000e+00	0.000000e+00	1.351237e-03	1.279832e-03	5.196303e-03	0.000000e+00	0.000000e+00	0.000000e+00	0.000000e+00	0.000000e+00	0.000000e+00	0.000000e+00	0.000000e+00	2.070637e-04	0.000000e+00	7.427633e-03	0.000000e+00	0.000000e+00	0.000000e+00	0.000000e+00	2.089306e-05	6.002859e-04	8.518487e-01	-7.701208e-01
8.506321e-01	0.000000e+00	0.000000e+00	0.000000e+00	0.000000e+00	0.000000e+00	2.862070e-03	1.021568e-02	0.000000e+00	2.387618e-02	8.389891e-04	1.247860e-03	0.000000e+00	1.517981e-02	0.000000e+00	8.004801e-04	1.100974e-05	1.654213e-03	0.000000e+00	0.000000e+00	7.222269e-03	0.000000e+00	5.336214e-04	0.000000e+00	0.000000e+00	9.873961e-04	0.000000e+00	0.000000e+00	2.479675e-05	0.000000e+00	8.506321e-01	-7.617686e-01
8.468962e-01	0.000000e+00	0.000000e+00	0.000000e+00	8.834298e-04	3.869523e-03	4.442128e-03	2.544266e-03	0.000000e+00	7.573954e-03	0.000000e+00	1.449797e-04	0.000000e+00	0.000000e+00	0.000000e+00	2.304371e-03	0.000000e+00	0.000000e+00	0.000000e+00	4.111176e-04	0.000000e+00	0.000000e+00	0.000000e+00	8.173474e-03	0.000000e+00	0.000000e+00	0.000000e+00	0.000000e+00	3.760752e-05	3.334921e-04	8.468962e-01	-7.579858e-01
8.441770e-01	0.000000e+00	0.000000e+00	0.000000e+00	0.000000e+00	0.000000e+00	0.000000e+00	6.584495e-03	0.000000e+00	7.121201e-03	1.801645e-04	1.610886e-05	0.000000e+00	0.000000e+00	0.000000e+00	1.668564e-03	1.476233e-05	2.067766e-03	0.000000e+00	0.000000e+00	0.000000e+00	1.325208e-04	9.982974e-04	0.000000e+00	0.000000e+00	0.000000e+00	3.656597e-04	0.000000e+00	0.000000e+00	0.000000e+00	8.441770e-01	-7.456655e-01
8.435835e-01	0.000000e+00	1.328707e-02	0.000000e+00	2.777161e-05	0.000000e+00	0.000000e+00	6.584495e-03	0.000000e+00	0.000000e+00	1.523353e-03	1.610886e-05	0.000000e+00	0.000000e+00	0.000000e+00	3.114051e-04	1.319957e-05	2.584708e-03	0.000000e+00	0.000000e+00	0.000000e+00	0.000000e+00	6.625413e-05	1.283764e-02	0.000000e+00	0.000000e+00	2.022408e-03	0.000000e+00	0.000000e+00	0.000000e+00	8.435835e-01	-7.383618e-01
8.415199e-01	0.000000e+00	0.000000e+00	0.000000e+00	0.000000e+00	0.000000e+00	0.000000e+00	2.057911e-03	4.485668e-03	1.112650e-03	8.956142e-03	1.299408e-03	0.000000e+00	0.000000e+00	0.000000e+00	1.014362e-04	0.000000e+00	0.000000e+00	0.000000e+00	0.000000e+00	3.036049e-04	0.000000e+00	0.000000e+00	0.000000e+00	0.000000e+00	9.873961e-04	6.913250e-04	0.000000e+00	0.000000e+00	0.000000e+00	8.415199e-01	-7.258133e-01
8.434191e-01	0.000000e+00	0.000000e+00	0.000000e+00	0.000000e+00	0.000000e+00	2.862070e-03	1.152539e-02	0.000000e+00	2.387618e-02	8.389891e-04	5.154835e-05	0.000000e+00	1.517981e-02	2.239772e-02	0.000000e+00	2.737232e-05	1.615442e-02	8.002118e-03	0.000000e+00	7.222269e-03	0.000000e+00	1.607159e-03	0.000000e+00	0.000000e+00	8.837083e-04	0.000000e+00	0.000000e+00	2.479675e-05	3.725122e-02	8.434191e-01	-7.187760e-01
8.410594e-01	0.000000e+00	0.000000e+00	0.000000e+00	9.554444e-04	0.000000e+00	4.442128e-03	0.000000e+00	6.099467e-03	1.295510e-03	1.073356e-02	1.965281e-04	2.803083e-04	0.000000e+00	0.000000e+00	0.000000e+00	0.000000e+00	0.000000e+00	0.000000e+00	1.898967e-02	0.000000e+00	2.912272e-02	0.000000e+00	7.427633e-03	0.000000e+00	0.000000e+00	0.000000e+00	0.000000e+00	2.089306e-05	1.200572e-04	8.410594e-01	-7.117343e-01
8.391348e-01	0.000000e+00	0.000000e+00	0.000000e+00	0.000000e+00	0.000000e+00	0.000000e+00	9.957143e-03	4.485668e-03	1.869292e-03	1.618638e-02	1.610886e-05	2.242466e-04	0.000000e+00	0.000000e+00	8.261462e-04	9.759533e-06	0.000000e+00	0.000000e+00	0.000000e+00	0.000000e+00	3.651042e-05	1.328949e-04	5.196264e-03	0.000000e+00	0.000000e+00	6.913250e-04	0.000000e+00	0.000000e+00	0.000000e+00	8.391348e-01	-7.000824e-01
8.391206e-01	0.000000e+00	0.000000e+00	0.000000e+00	5.293681e-03	0.000000e+00	3.728991e-03	1.547435e-03	1.712770e-02	0.000000e+00	0.000000e+00	1.449797e-04	2.577034e-03	0.000000e+00	0.000000e+00	2.077554e-03	0.000000e+00	1.299881e-02	0.000000e+00	4.111176e-04	0.000000e+00	0.000000e+00	1.859822e-03	1.023278e-02	0.000000e+00	3.968996e-04	1.311424e-02	0.000000e+00	0.000000e+00	1.980677e-04	8.391206e-01	-6.945014e-01
8.373489e-01	0.000000e+00	0.000000e+00	0.000000e+00	0.000000e+00	0.000000e+00	5.482361e-03	1.547435e-03	1.044372e-02	2.951768e-02	7.672294e-04	1.449797e-04	1.571362e-03	0.000000e+00	0.000000e+00	2.223222e-03	0.000000e+00	0.000000e+00	0.000000e+00	0.000000e+00	0.000000e+00	0.000000e+00	1.263314e-03	0.000000e+00	0.000000e+00	7.488079e-04	2.925278e-04	0.000000e+00	0.000000e+00	0.000000e+00	8.373489e-01	-6.780242e-01
8.373489e-01	0.000000e+00	0.000000e+00	0.000000e+00	0.000000e+00	0.000000e+00	4.385889e-03	7.325507e-03	4.485668e-03	1.112650e-03	1.374385e-02	1.449797e-04	6.453393e-03	0.000000e+00	0.000000e+00	4.982119e-05	0.000000e+00	0.000000e+00	0.000000e+00	0.000000e+00	0.000000e+00	3.640340e-02	0.000000e+00	7.427633e-03	0.000000e+00	1.792069e-04	1.928503e-02	0.000000e+00	0.000000e+00	0.000000e+00	8.373489e-01	-6.700338e-01
8.353461e-01	0.000000e+00	0.000000e+00	0.000000e+00	4.720018e-04	9.126804e-05	3.728991e-03	3.736096e-03	2.510932e-03	7.931739e-04	6.309130e-03	0.000000e+00	0.000000e+00	2.577403e-03	0.000000e+00	6.041920e-04	0.000000e+00	0.000000e+00	0.000000e+00	4.111176e-04	0.000000e+00	3.651042e-05	3.312706e-04	8.775425e-03	0.000000e+00	7.859488e-04	0.000000e+00	0.000000e+00	0.000000e+00	3.334921e-04	8.353461e-01	-6.570322e-01
8.345944e-01	0.000000e+00	0.000000e+00	0.000000e+00	0.000000e+00	0.000000e+00	0.000000e+00	7.453775e-03	0.000000e+00	0.000000e+00	1.618638e-02	1.610886e-05	2.242466e-04	0.000000e+00	0.000000e+00	0.000000e+00	0.000000e+00	2.067766e-03	0.000000e+00	0.000000e+00	0.000000e+00	1.325208e-04	9.982974e-04	9.521267e-03	0.000000e+00	0.000000e+00	3.656597e-04	0.000000e+00	0.000000e+00	1.494045e-04	8.345944e-01	-6.460304e-01
8.342933e-01	0.000000e+00	1.596452e-02	0.000000e+00	5.474759e-04	0.000000e+00	0.000000e+00	0.000000e+00	0.000000e+00	2.387618e-02	6.086408e-03	1.851781e-04	5.196303e-03	0.000000e+00	2.239772e-02	0.000000e+00	1.219942e-05	0.000000e+00	2.258003e-03	0.000000e+00	0.000000e+00	4.563802e-05	1.785250e-03	6.495330e-03	0.000000e+00	2.549493e-04	1.053100e-04	0.000000e+00	0.000000e+00	2.667937e-04	8.342933e-01	-6.336734e-01
8.327867e-01	0.000000e+00	0.000000e+00	0.000000e+00	0.000000e+00	0.000000e+00	5.609394e-03	0.000000e+00	0.000000e+00	0.000000e+00	0.000000e+00	8.054429e-05	0.000000e+00	0.000000e+00	0.000000e+00	7.947588e-04	1.000158e-06	0.000000e+00	0.000000e+00	4.111176e-04	0.000000e+00	0.000000e+00	3.312706e-04	8.775425e-03	0.000000e+00	0.000000e+00	1.232428e-02	0.000000e+00	0.000000e+00	3.334921e-04	8.327867e-01	-6.216847e-01
8.324077e-01	0.000000e+00	1.375330e-03	0.000000e+00	2.193690e-03	0.000000e+00	0.000000e+00	0.000000e+00	0.000000e+00	0.000000e+00	8.503512e-03	1.965281e-04	0.000000e+00	0.000000e+00	0.000000e+00	2.471040e-04	6.279391e-06	9.847737e-03	0.000000e+00	0.000000e+00	1.094704e-02	0.000000e+00	0.000000e+00	0.000000e+00	0.000000e+00	2.492991e-03	0.000000e+00	0.000000e+00	5.982498e-05	2.667937e-04	8.324077e-01	-6.147303e-01
8.316260e-01	0.000000e+00	0.000000e+00	0.000000e+00	5.900022e-04	0.000000e+00	0.000000e+00	0.000000e+00	8.354975e-03	0.000000e+00	8.213321e-03	0.000000e+00	1.257090e-03	0.000000e+00	0.000000e+00	0.000000e+00	0.000000e+00	0.000000e+00	0.000000e+00	4.111176e-04	0.000000e+00	0.000000e+00	7.456346e-04	3.579160e-03	0.000000e+00	0.000000e+00	3.040653e-03	0.000000e+00	0.000000e+00	5.335874e-05	8.316260e-01	-6.043782e-01
8.313532e-01	0.000000e+00	1.172945e-02	3.186431e-02	7.145535e-04	0.000000e+00	0.000000e+00	0.000000e+00	0.000000e+00	0.000000e+00	0.000000e+00	2.899595e-05	0.000000e+00	0.000000e+00	0.000000e+00	0.000000e+00	6.279391e-06	0.000000e+00	1.806402e-03	0.000000e+00	8.951935e-03	0.000000e+00	7.456346e-04	1.821695e-03	0.000000e+00	2.492991e-03	9.874581e-04	0.000000e+00	7.610609e-04	5.335874e-05	8.313532e-01	-5.940202e-01
8.301383e-01	0.000000e+00	1.375330e-03	0.000000e+00	2.193690e-03	0.000000e+00	1.876189e-04	0.000000e+00	0.000000e+00	2.467552e-04	0.000000e+00	1.965281e-04	0.000000e+00	3.393580e-03	0.000000e+00	2.471040e-04	0.000000e+00	9.847737e-03	0.000000e+00	0.000000e+00	1.094704e-02	0.000000e+00	2.650165e-04	0.000000e+00	0.000000e+00	2.492991e-03	0.000000e+00	0.000000e+00	0.000000e+00	5.335874e-05	8.301383e-01	-5.795052e-01
8.292841e-01	0.000000e+00	1.375330e-03	3.186431e-02	1.262029e-03	0.000000e+00	0.000000e+00	0.000000e+00	0.000000e+00	2.467552e-04	0.000000e+00	1.626257e-04	0.000000e+00	1.065326e-03	0.000000e+00	2.471040e-04	0.000000e+00	2.559985e-03	0.000000e+00	0.000000e+00	1.094704e-02	0.000000e+00	2.650165e-04	0.000000e+00	0.000000e+00	2.492991e-03	0.000000e+00	0.000000e+00	0.000000e+00	9.604574e-05	8.292841e-01	-5.615050e-01
8.286137e-01	0.000000e+00	1.302711e-03	0.000000e+00	6.843449e-04	0.000000e+00	0.000000e+00	4.076183e-03	4.098953e-04	0.000000e+00	0.000000e+00	0.000000e+00	0.000000e+00	0.000000e+00	0.000000e+00	2.223222e-03	2.056005e-06	0.000000e+00	0.000000e+00	0.000000e+00	0.000000e+00	5.534442e-03	2.782673e-04	8.177222e-03	0.000000e+00	0.000000e+00	0.000000e+00	0.000000e+00	9.513261e-04	0.000000e+00	8.286137e-01	-5.548006e-01
8.275133e-01	3.656181e-04	1.302711e-03	0.000000e+00	0.000000e+00	0.000000e+00	0.000000e+00	0.000000e+00	3.459938e-03	0.000000e+00	0.000000e+00	2.614208e-04	0.000000e+00	2.577403e-03	0.000000e+00	2.223222e-03	0.000000e+00	2.037783e-02	0.000000e+00	0.000000e+00	0.000000e+00	0.000000e+00	0.000000e+00	0.000000e+00	0.000000e+00	0.000000e+00	0.000000e+00	0.000000e+00	1.114376e-03	1.067175e-05	8.275133e-01	-5.337749e-01
8.271570e-01	0.000000e+00	1.328707e-02	0.000000e+00	1.556891e-04	3.095618e-03	2.397080e-02	9.874040e-03	0.000000e+00	1.192558e-03	2.770037e-03	5.074942e-05	0.000000e+00	0.000000e+00	0.000000e+00	1.152991e-03	1.219942e-05	0.000000e+00	0.000000e+00	0.000000e+00	0.000000e+00	4.563802e-05	4.311351e-04	6.495330e-03	0.000000e+00	2.792377e-03	0.000000e+00	0.000000e+00	0.000000e+00	0.000000e+00	8.271570e-01	-5.215307e-01
8.260273e-01	0.000000e+00	1.583764e-03	0.000000e+00	6.843449e-04	0.000000e+00	0.000000e+00	2.663171e-03	0.000000e+00	0.000000e+00	6.559274e-03	1.670372e-04	0.000000e+00	1.331658e-03	0.000000e+00	4.051363e-04	1.255878e-06	3.199981e-03	0.000000e+00	0.000000e+00	0.000000e+00	0.000000e+00	2.226139e-04	1.156882e-03	0.000000e+00	0.000000e+00	5.530600e-04	0.000000e+00	0.000000e+00	5.335874e-05	8.260273e-01	-5.083427e-01
8.260273e-01	0.000000e+00	1.600172e-03	0.000000e+00	2.741166e-03	7.301443e-05	0.000000e+00	2.663171e-03	0.000000e+00	0.000000e+00	6.559274e-03	3.301578e-04	2.481110e-03	1.331658e-03	0.000000e+00	4.051363e-04	1.255878e-06	3.199981e-03	0.000000e+00	0.000000e+00	0.000000e+00	7.671204e-03	1.780911e-04	2.125793e-02	0.000000e+00	1.864232e-03	5.530600e-04	0.000000e+00	0.000000e+00	5.335874e-05	8.260273e-01	-5.024946e-01
8.260273e-01	0.000000e+00	1.600172e-03	0.000000e+00	2.741166e-03	7.301443e-05	0.000000e+00	2.663171e-03	0.000000e+00	0.000000e+00	6.559274e-03	3.301578e-04	2.481110e-03	1.331658e-03	0.000000e+00	4.051363e-04	1.255878e-06	3.199981e-03	0.000000e+00	0.000000e+00	0.000000e+00	7.671204e-03	1.780911e-04	2.125793e-02	0.000000e+00	1.864232e-03	5.530600e-04	0.000000e+00	0.000000e+00	5.335874e-05	8.260273e-01	-5.024946e-01
8.244497e-01	1.606754e-04	0.000000e+00	9.740010e-04	0.000000e+00	3.095618e-03	2.134997e-03	6.129572e-05	0.000000e+00	0.000000e+00	2.770037e-03	0.000000e+00	0.000000e+00	0.000000e+00	0.000000e+00	3.604793e-04	0.000000e+00	2.037783e-02	0.000000e+00	1.362000e-03	0.000000e+00	0.000000e+00	0.000000e+00	0.000000e+00	0.000000e+00	0.000000e+00	0.000000e+00	0.000000e+00	1.028830e-03	1.067175e-05	8.244497e-01	-4.753095e-01
6.539940e-01	0.000000e+00	1.302711e-03	0.000000e+00	0.000000e+00	0.000000e+00	0.000000e+00	3.736096e-03	0.000000e+00	0.000000e+00	0.000000e+00	0.000000e+00	0.000000e+00	2.577403e-03	0.000000e+00	2.223222e-03	0.000000e+00	0.000000e+00	0.000000e+00	0.000000e+00	0.000000e+00	0.000000e+00	0.000000e+00	0.000000e+00	0.000000e+00	7.859488e-04	0.000000e+00	0.000000e+00	1.114376e-03	0.000000e+00	6.539940e-01	-4.553799e-01
6.539940e-01	0.000000e+00	1.302711e-03	0.000000e+00	0.000000e+00	0.000000e+00	0.000000e+00	3.736096e-03	0.000000e+00	0.000000e+00	0.000000e+00	0.000000e+00	0.000000e+00	2.577403e-03	0.000000e+00	2.223222e-03	0.000000e+00	0.000000e+00	0.000000e+00	0.000000e+00	0.000000e+00	0.000000e+00	0.000000e+00	0.000000e+00	0.000000e+00	7.859488e-04	0.000000e+00	0.000000e+00	1.114376e-03	0.000000e+00	6.539940e-01	-4.553799e-01
6.539940e-01	0.000000e+00	1.302711e-03	0.000000e+00	0.000000e+00	0.000000e+00	0.000000e+00	3.736096e-03	0.000000e+00	0.000000e+00	0.000000e+00	0.000000e+00	0.000000e+00	2.577403e-03	0.000000e+00	2.223222e-03	0.000000e+00	0.000000e+00	0.000000e+00	0.000000e+00	0.000000e+00	0.000000e+00	0.000000e+00	0.000000e+00	0.000000e+00	7.859488e-04	0.000000e+00	0.000000e+00	1.114376e-03	0.000000e+00	6.539940e-01	-4.553799e-01
6.539940e-01	0.000000e+00	1.302711e-03	0.000000e+00	0.000000e+00	0.000000e+00	0.000000e+00	3.736096e-03	0.000000e+00	0.000000e+00	0.000000e+00	0.000000e+00	0.000000e+00	2.577403e-03	0.000000e+00	2.223222e-03	0.000000e+00	0.000000e+00	0.000000e+00	0.000000e+00	0.000000e+00	0.000000e+00	0.000000e+00	0.000000e+00	0.000000e+00	7.859488e-04	0.000000e+00	0.000000e+00	1.114376e-03	0.000000e+00	6.539940e-01	-4.553799e-01
6.512867e-01	0.000000e+00	0.000000e+00	0.000000e+00	5.900022e-04	0.000000e+00	0.000000e+00	0.000000e+00	0.000000e+00	0.000000e+00	3.711602e-03	1.151849e-04	0.000000e+00	2.577403e-03	0.000000e+00	1.788798e-03	0.000000e+00	1.369598e-03	0.000000e+00	0.000000e+00	0.000000e+00	0.000000e+00	0.000000e+00	0.000000e+00	0.000000e+00	0.000000e+00	2.132596e-03	0.000000e+00	1.044777e-03	0.000000e+00	6.512867e-01	-4.553087e-01
6.475375e-01	2.625540e-04	0.000000e+00	1.217501e-03	1.460857e-03	0.000000e+00	0.000000e+00	4.300227e-03	0.000000e+00	4.724158e-04	0.000000e+00	4.146655e-05	0.000000e+00	1.020222e-03	0.000000e+00	8.356964e-04	0.000000e+00	8.169608e-03	0.000000e+00	0.000000e+00	0.000000e+00	0.000000e+00	0.000000e+00	0.000000e+00	8.251773e-04	1.163724e-03	0.000000e+00	0.000000e+00	1.286037e-03	0.000000e+00	6.475375e-01	-4.463884e-01
6.446740e-01	0.000000e+00	1.042169e-03	0.000000e+00	3.837609e-04	0.000000e+00	0.000000e+00	7.289104e-03	0.000000e+00	4.724158e-04	0.000000e+00	0.000000e+00	0.000000e+00	1.020222e-03	0.000000e+00	1.183235e-03	0.000000e+00	1.209890e-03	0.000000e+00	0.000000e+00	0.000000e+00	0.000000e+00	0.000000e+00	7.151081e-04	0.000000e+00	1.792483e-03	0.000000e+00	0.000000e+00	0.000000e+00	0.000000e+00	6.446740e-01	-4.357778e-01
6.428588e-01	2.561784e-04	0.000000e+00	0.000000e+00	0.000000e+00	0.000000e+00	0.000000e+00	6.129572e-05	4.324923e-03	1.244915e-04	0.000000e+00	4.525951e-04	0.000000e+00	6.391207e-03	0.000000e+00	3.630172e-04	0.000000e+00	0.000000e+00	0.000000e+00	1.362000e-03	0.000000e+00	1.263325e-04	0.000000e+00	0.000000e+00	0.000000e+00	0.000000e+00	0.000000e+00	0.000000e+00	1.028830e-03	0.000000e+00	6.428588e-01	-4.258366e-01
6.410199e-01	2.561784e-04	2.084338e-03	0.000000e+00	0.000000e+00	0.000000e+00	0.000000e+00	1.027798e-02	0.000000e+00	1.729048e-03	3.711602e-03	0.000000e+00	2.921347e-02	1.868033e-03	0.000000e+00	7.981583e-04	0.000000e+00	1.176529e-03	0.000000e+00	0.000000e+00	0.000000e+00	0.000000e+00	0.000000e+00	7.151081e-04	0.000000e+00	0.000000e+00	0.000000e+00	0.000000e+00	7.704444e-04	0.000000e+00	6.410199e-01	-4.065002e-01
6.390292e-01	0.000000e+00	0.000000e+00	0.000000e+00	1.495230e-03	0.000000e+00	0.000000e+00	2.538602e-04	0.000000e+00	1.872270e-03	0.000000e+00	1.258191e-04	0.000000e+00	1.288775e-03	0.000000e+00	0.000000e+00	0.000000e+00	0.000000e+00	2.728102e-03	6.493692e-03	1.845322e-03	1.743370e-04	0.000000e+00	1.837296e-03	3.144549e-02	3.397651e-04	1.013140e-04	0.000000e+00	0.000000e+00	0.000000e+00	6.390292e-01	-3.915027e-01
6.368817e-01	4.888679e-04	1.418340e-04	0.000000e+00	1.106498e-03	0.000000e+00	0.000000e+00	1.956650e-03	3.459938e-03	3.458096e-04	4.622237e-03	4.295581e-04	1.524292e-04	5.209038e-03	0.000000e+00	0.000000e+00	0.000000e+00	6.797783e-05	1.686576e-02	3.423233e-03	0.000000e+00	4.500420e-04	0.000000e+00	0.000000e+00	0.000000e+00	6.337638e-04	1.604319e-03	0.000000e+00	0.000000e+00	0.000000e+00	6.368817e-01	-3.739504e-01
6.352673e-01	0.000000e+00	1.418340e-04	0.000000e+00	0.000000e+00	0.000000e+00	0.000000e+00	0.000000e+00	0.000000e+00	2.877576e-03	1.069545e-02	0.000000e+00	0.000000e+00	0.000000e+00	0.000000e+00	1.884810e-03	0.000000e+00	1.590346e-03	1.686576e-02	3.423233e-03	1.845322e-03	8.100756e-04	0.000000e+00	2.409382e-03	0.000000e+00	0.000000e+00	1.604319e-03	0.000000e+00	0.000000e+00	0.000000e+00	6.352673e-01	-3.572060e-01
6.338151e-01	0.000000e+00	1.418340e-04	0.000000e+00	1.030068e-03	0.000000e+00	0.000000e+00	0.000000e+00	0.000000e+00	2.877576e-03	4.622237e-03	9.264587e-05	1.524292e-04	1.644886e-03	0.000000e+00	0.000000e+00	0.000000e+00	0.000000e+00	1.686576e-02	3.423233e-03	1.845322e-03	4.500420e-04	0.000000e+00	2.409382e-03	0.000000e+00	0.000000e+00	1.604319e-03	0.000000e+00	0.000000e+00	0.000000e+00	6.338151e-01	-3.428037e-01
6.326329e-01	7.329324e-06	1.418340e-04	1.217501e-03	0.000000e+00	0.000000e+00	0.000000e+00	5.853789e-04	4.295337e-03	0.000000e+00	0.000000e+00	3.337743e-04	0.000000e+00	0.000000e+00	0.000000e+00	2.904138e-04	0.000000e+00	2.233095e-02	0.000000e+00	7.123027e-03	3.616830e-03	7.179679e-04	0.000000e+00	0.000000e+00	4.653556e-04	0.000000e+00	1.706076e-03	0.000000e+00	9.999762e-04	0.000000e+00	6.326329e-01	-3.279538e-01
6.312795e-01	3.202229e-04	1.134672e-04	0.000000e+00	1.829235e-03	0.000000e+00	0.000000e+00	2.017946e-03	0.000000e+00	2.239053e-03	0.000000e+00	0.000000e+00	1.524292e-04	3.394083e-03	0.000000e+00	0.000000e+00	0.000000e+00	0.000000e+00	1.349260e-02	1.702500e-03	1.845322e-03	0.000000e+00	0.000000e+00	0.000000e+00	3.930876e-02	7.785969e-04	2.005399e-03	4.881085e-03	3.376555e-04	0.000000e+00	6.312795e-01	-3.057733e-01
6.296288e-01	0.000000e+00	9.513951e-04	0.000000e+00	1.673545e-03	0.000000e+00	0.000000e+00	7.040203e-03	0.000000e+00	2.344686e-03	0.000000e+00	4.525951e-04	0.000000e+00	2.250004e-03	0.000000e+00	1.183235e-03	0.000000e+00	6.864083e-04	0.000000e+00	4.155963e-03	1.431983e-03	0.000000e+00	0.000000e+00	1.918953e-03	0.000000e+00	1.004814e-02	5.648095e-04	0.000000e+00	1.210568e-04	0.000000e+00	6.296288e-01	-2.919912e-01
6.285258e-01	0.000000e+00	0.000000e+00	1.217501e-03	9.318942e-04	0.000000e+00	0.000000e+00	3.111261e-04	4.324923e-03	0.000000e+00	4.285698e-05	1.273510e-05	0.000000e+00	4.379571e-03	0.000000e+00	0.000000e+00	0.000000e+00	6.960527e-04	0.000000e+00	0.000000e+00	0.000000e+00	7.487113e-04	0.000000e+00	1.275900e-04	0.000000e+00	0.000000e+00	0.000000e+00	6.101357e-03	1.240832e-03	0.000000e+00	6.285258e-01	-2.798596e-01
6.269625e-01	2.049427e-04	0.000000e+00	0.000000e+00	0.000000e+00	3.769406e-02	2.134997e-03	3.111261e-04	4.324923e-03	9.959317e-05	4.761887e-06	0.000000e+00	0.000000e+00	6.232616e-03	0.000000e+00	0.000000e+00	0.000000e+00	6.960527e-04	0.000000e+00	0.000000e+00	1.531601e-03	1.579156e-04	0.000000e+00	1.046238e-03	5.926944e-05	4.403001e-04	2.824048e-03	0.000000e+00	1.560939e-02	0.000000e+00	6.269625e-01	-2.478058e-01
6.258904e-01	0.000000e+00	1.809304e-03	9.740010e-04	1.106498e-03	0.000000e+00	0.000000e+00	0.000000e+00	0.000000e+00	2.340338e-03	7.572470e-03	0.000000e+00	2.352320e-02	1.517639e-03	0.000000e+00	6.385267e-04	0.000000e+00	8.423977e-04	1.686576e-02	3.423233e-03	1.845322e-03	4.431996e-04	0.000000e+00	2.755943e-03	0.000000e+00	1.144759e-02	2.824048e-03	0.000000e+00	1.513210e-04	0.000000e+00	6.258904e-01	-2.308271e-01
6.242349e-01	5.178181e-04	1.134672e-04	1.217501e-03	2.270731e-03	0.000000e+00	0.000000e+00	3.028968e-04	2.053274e-03	0.000000e+00	2.380943e-05	8.412462e-03	0.000000e+00	1.237341e-02	0.000000e+00	2.755094e-04	0.000000e+00	5.626100e-04	5.683546e-03	8.585321e-04	1.059251e-03	8.247407e-04	1.893879e-04	1.964885e-03	3.176384e-04	2.154785e-03	0.000000e+00	6.101357e-03	0.000000e+00	0.000000e+00	6.242349e-01	-2.118528e-01
6.223225e-01	0.000000e+00	4.122611e-03	0.000000e+00	6.566675e-04	0.000000e+00	2.134997e-03	5.726588e-05	0.000000e+00	3.756933e-03	0.000000e+00	0.000000e+00	0.000000e+00	0.000000e+00	0.000000e+00	0.000000e+00	0.000000e+00	0.000000e+00	0.000000e+00	5.194954e-03	0.000000e+00	0.000000e+00	0.000000e+00	5.103599e-04	0.000000e+00	8.135357e-04	1.013140e-04	0.000000e+00	3.985036e-04	0.000000e+00	6.223225e-01	-1.870576e-01
6.217200e-01	0.000000e+00	0.000000e+00	0.000000e+00	1.196184e-03	0.000000e+00	1.707998e-03	3.707127e-04	0.000000e+00	0.000000e+00	2.380943e-05	7.075053e-06	0.000000e+00	1.517639e-03	0.000000e+00	0.000000e+00	0.000000e+00	7.653465e-04	5.683546e-03	0.000000e+00	0.000000e+00	1.348856e-04	0.000000e+00	8.369902e-04	0.000000e+00	1.144759e-02	6.549191e-04	0.000000e+00	1.297399e-02	0.000000e+00	6.217200e-01	-1.735333e-01
6.201612e-01	5.863460e-06	1.134672e-04	0.000000e+00	0.000000e+00	0.000000e+00	0.000000e+00	4.826196e-04	3.436269e-03	0.000000e+00	0.000000e+00	2.684345e-04	0.000000e+00	2.232942e-03	0.000000e+00	2.323310e-04	0.000000e+00	1.790646e-02	0.000000e+00	0.000000e+00	0.000000e+00	5.760849e-04	0.000000e+00	0.000000e+00	5.854939e-04	0.000000e+00	1.388746e-03	0.000000e+00	9.513019e-04	0.000000e+00	6.201612e-01	-1.492511e-01
4.559451e-01	0.000000e+00	0.000000e+00	0.000000e+00	0.000000e+00	0.000000e+00	0.000000e+00	1.288482e-04	0.000000e+00	0.000000e+00	2.380943e-05	7.075053e-06	0.000000e+00	2.433095e-03	0.000000e+00	0.000000e+00	0.000000e+00	2.085043e-04	0.000000e+00	0.000000e+00	0.000000e+00	8.553077e-06	0.000000e+00	0.000000e+00	2.963472e-04	0.000000e+00	0.000000e+00	0.000000e+00	7.566048e-04	0.000000e+00	4.559451e-01	-1.224587e-01
4.559451e-01	0.000000e+00	0.000000e+00	0.000000e+00	0.000000e+00	0.000000e+00	0.000000e+00	1.288482e-04	0.000000e+00	0.000000e+00	2.380943e-05	7.075053e-06	0.000000e+00	2.433095e-03	0.000000e+00	0.000000e+00	0.000000e+00	2.085043e-04	0.000000e+00	0.000000e+00	0.000000e+00	8.553077e-06	0.000000e+00	0.000000e+00	2.963472e-04	0.000000e+00	0.000000e+00	0.000000e+00	7.566048e-04	0.000000e+00	4.559451e-01	-1.224587e-01
4.559451e-01	0.000000e+00	0.000000e+00	0.000000e+00	0.000000e+00	0.000000e+00	0.000000e+00	1.288482e-04	0.000000e+00	0.000000e+00	2.380943e-05	7.075053e-06	0.000000e+00	2.433095e-03	0.000000e+00	0.000000e+00	0.000000e+00	2.085043e-04	0.000000e+00	0.000000e+00	0.000000e+00	8.553077e-06	0.000000e+00	0.000000e+00	2.963472e-04	0.000000e+00	0.000000e+00	0.000000e+00	7.566048e-04	0.000000e+00	4.559451e-01	-1.224587e-01
4.559451e-01	0.000000e+00	0.000000e+00	0.000000e+00	0.000000e+00	0.000000e+00	0.000000e+00	1.288482e-04	0.000000e+00	0.000000e+00	2.380943e-05	7.075053e-06	0.000000e+00	2.433095e-03	0.000000e+00	0.000000e+00	0.000000e+00	2.085043e-04	0.000000e+00	0.000000e+00	0.000000e+00	8.553077e-06	0.000000e+00	0.000000e+00	2.963472e-04	0.000000e+00	0.000000e+00	0.000000e+00	7.566048e-04	0.000000e+00	4.559451e-01	-1.224587e-01
4.559451e-01	0.000000e+00	0.000000e+00	0.000000e+00	0.000000e+00	0.000000e+00	0.000000e+00	1.288482e-04	0.000000e+00	0.000000e+00	2.380943e-05	7.075053e-06	0.000000e+00	2.433095e-03	0.000000e+00	0.000000e+00	0.000000e+00	2.085043e-04	0.000000e+00	0.000000e+00	0.000000e+00	8.553077e-06	0.000000e+00	0.000000e+00	2.963472e-04	0.000000e+00	0.000000e+00	0.000000e+00	7.566048e-04	0.000000e+00	4.559451e-01	-1.224587e-01
4.559451e-01	0.000000e+00	0.000000e+00	0.000000e+00	0.000000e+00	0.000000e+00	0.000000e+00	1.288482e-04	0.000000e+00	0.000000e+00	2.380943e-05	7.075053e-06	0.000000e+00	2.433095e-03	0.000000e+00	0.000000e+00	0.000000e+00	2.085043e-04	0.000000e+00	0.000000e+00	0.000000e+00	8.553077e-06	0.000000e+00	0.000000e+00	2.963472e-04	0.000000e+00	0.000000e+00	0.000000e+00	7.566048e-04	0.000000e+00	4.559451e-01	-1.224587e-01
4.559451e-01	0.000000e+00	0.000000e+00	0.000000e+00	0.000000e+00	0.000000e+00	0.000000e+00	1.288482e-04	0.000000e+00	0.000000e+00	2.380943e-05	7.075053e-06	0.000000e+00	2.433095e-03	0.000000e+00	0.000000e+00	0.000000e+00	2.085043e-04	0.000000e+00	0.000000e+00	0.000000e+00	8.553077e-06	0.000000e+00	0.000000e+00	2.963472e-04	0.000000e+00	0.000000e+00	0.000000e+00	7.566048e-04	0.000000e+00	4.559451e-01	-1.224587e-01
4.559451e-01	0.000000e+00	0.000000e+00	0.000000e+00	0.000000e+00	0.000000e+00	0.000000e+00	1.288482e-04	0.000000e+00	0.000000e+00	2.380943e-05	7.075053e-06	0.000000e+00	2.433095e-03	0.000000e+00	0.000000e+00	0.000000e+00	2.085043e-04	0.000000e+00	0.000000e+00	0.000000e+00	8.553077e-06	0.000000e+00	0.000000e+00	2.963472e-04	0.000000e+00	0.000000e+00	0.000000e+00	7.566048e-04	0.000000e+00	4.559451e-01	-1.224587e-01
4.473098e-01	0.000000e+00	0.000000e+00	0.000000e+00	0.000000e+00	0.000000e+00	6.109806e-04	0.000000e+00	0.000000e+00	0.000000e+00	5.946551e-06	0.000000e+00	1.287506e-05	2.232942e-03	0.000000e+00	2.323310e-04	0.000000e+00	1.172928e-04	9.093674e-04	0.000000e+00	0.000000e+00	1.187077e-03	0.000000e+00	0.000000e+00	5.854939e-04	0.000000e+00	0.000000e+00	0.000000e+00	6.652123e-03	0.000000e+00	4.473098e-01	-1.119326e-01
4.425041e-01	0.000000e+00	0.000000e+00	0.000000e+00	0.000000e+00	0.000000e+00	0.000000e+00	0.000000e+00	0.000000e+00	0.000000e+00	2.195114e-05	1.944329e-04	0.000000e+00	5.309987e-03	0.000000e+00	0.000000e+00	0.000000e+00	2.655679e-04	0.000000e+00	1.285040e-03	6.149261e-06	8.553077e-06	0.000000e+00	0.000000e+00	2.963472e-04	0.000000e+00	0.000000e+00	0.000000e+00	9.537668e-04	0.000000e+00	4.425041e-01	-9.377254e-02
4.396847e-01	0.000000e+00	0.000000e+00	0.000000e+00	0.000000e+00	0.000000e+00	6.109806e-04	0.000000e+00	0.000000e+00	0.000000e+00	1.033678e-05	2.160337e-04	5.029319e-05	0.000000e+00	0.000000e+00	0.000000e+00	0.000000e+00	6.130011e-04	9.093674e-04	1.285040e-03	6.149261e-06	1.844067e-03	5.191465e-02	0.000000e+00	5.334250e-04	2.709754e-04	0.000000e+00	0.000000e+00	0.000000e+00	0.000000e+00	4.396847e-01	-6.777196e-02
4.356704e-01	0.000000e+00	0.000000e+00	0.000000e+00	3.959091e-05	0.000000e+00	1.374706e-03	0.000000e+00	3.378117e-04	0.000000e+00	2.046450e-05	3.508934e-04	5.673071e-05	3.332367e-03	0.000000e+00	3.805645e-03	0.000000e+00	9.383420e-05	9.093674e-04	2.007874e-03	0.000000e+00	0.000000e+00	0.000000e+00	7.687961e-05	0.000000e+00	1.693596e-03	3.344955e-04	0.000000e+00	4.336523e-03	0.000000e+00	4.356704e-01	-4.841195e-02
4.322165e-01	0.000000e+00	0.000000e+00	0.000000e+00	2.522356e-05	0.000000e+00	0.000000e+00	7.216066e-04	9.656323e-04	6.178604e-03	1.451795e-05	0.000000e+00	0.000000e+00	0.000000e+00	0.000000e+00	5.698588e-05	0.000000e+00	0.000000e+00	0.000000e+00	0.000000e+00	0.000000e+00	2.907925e-03	0.000000e+00	3.448693e-03	0.000000e+00	0.000000e+00	3.069513e-02	0.000000e+00	5.517751e-03	0.000000e+00	4.322165e-01	-1.338364e-02
4.286922e-01	0.000000e+00	0.000000e+00	0.000000e+00	0.000000e+00	0.000000e+00	7.637257e-04	0.000000e+00	0.000000e+00	0.000000e+00	0.000000e+00	1.944329e-04	1.609382e-05	5.309987e-03	0.000000e+00	0.000000e+00	0.000000e+00	4.342916e-04	1.136709e-03	0.000000e+00	0.000000e+00	8.553077e-06	0.000000e+00	0.000000e+00	2.963472e-04	3.387192e-04	0.000000e+00	0.000000e+00	7.369398e-03	0.000000e+00	4.286922e-01	1.239144e-02
4.262844e-01	0.000000e+00	0.000000e+00	0.000000e+00	2.199495e-05	0.000000e+00	7.637257e-04	6.764314e-06	1.876732e-04	0.000000e+00	3.124262e-05	1.523582e-04	8.046910e-06	1.946476e-03	0.000000e+00	8.255353e-05	0.000000e+00	4.031485e-04	1.136709e-03	0.000000e+00	0.000000e+00	0.000000e+00	0.000000e+00	7.013378e-04	1.823270e-03	9.408868e-04	1.858308e-04	0.000000e+00	6.177258e-03	0.000000e+00	4.262844e-01	3.680005e-02
4.230403e-01	5.620637e-05	0.000000e+00	0.000000e+00	0.000000e+00	0.000000e+00	0.000000e+00	3.382157e-05	2.598877e-03	0.000000e+00	1.451795e-05	2.877898e-04	1.040600e-04	5.098989e-03	0.000000e+00	0.000000e+00	0.000000e+00	4.031485e-04	0.000000e+00	0.000000e+00	0.000000e+00	4.271946e-03	0.000000e+00	0.000000e+00	0.000000e+00	0.000000e+00	3.228431e-05	0.000000e+00	0.000000e+00	0.000000e+00	4.230403e-01	7.212415e-02
4.199404e-01	0.000000e+00	0.000000e+00	0.000000e+00	7.667031e-04	0.000000e+00	0.000000e+00	0.000000e+00	0.000000e+00	7.380428e-04	2.195114e-05	5.259341e-05	1.005864e-05	4.204388e-03	0.000000e+00	5.777649e-04	0.000000e+00	2.474332e-04	0.000000e+00	0.000000e+00	0.000000e+00	6.842461e-06	0.000000e+00	1.106249e-03	0.000000e+00	1.881774e-04	3.716617e-05	0.000000e+00	1.490174e-03	0.000000e+00	4.199404e-01	1.077565e-01
4.169306e-01	0.000000e+00	0.000000e+00	0.000000e+00	0.000000e+00	0.000000e+00	0.000000e+00	7.158235e-05	1.876732e-04	0.000000e+00	1.451795e-05	0.000000e+00	0.000000e+00	0.000000e+00	0.000000e+00	0.000000e+00	0.000000e+00	2.085043e-04	0.000000e+00	1.285040e-03	2.767167e-04	5.179492e-04	0.000000e+00	7.013378e-04	2.963472e-04	9.408868e-04	0.000000e+00	0.000000e+00	0.000000e+00	0.000000e+00	4.169306e-01	1.437927e-01
4.143353e-01	0.000000e+00	0.000000e+00	0.000000e+00	0.000000e+00	0.000000e+00	0.000000e+00	0.000000e+00	3.753463e-05	0.000000e+00	2.903589e-06	0.000000e+00	3.368706e-05	4.247989e-03	0.000000e+00	0.000000e+00	0.000000e+00	4.280630e-04	5.683546e-03	0.000000e+00	0.000000e+00	5.179492e-04	0.000000e+00	1.402676e-04	5.080527e-04	2.709754e-04	3.121958e-05	0.000000e+00	6.177258e-03	0.000000e+00	4.143353e-01	1.797636e-01
4.115016e-01	0.000000e+00	0.000000e+00	0.000000e+00	0.000000e+00	0.000000e+00	1.312294e-03	0.000000e+00	1.876732e-04	0.000000e+00	1.451795e-05	2.160337e-04	5.029319e-05	0.000000e+00	0.000000e+00	3.739603e-03	0.000000e+00	0.000000e+00	1.420887e-03	0.000000e+00	6.053182e-04	1.844067e-03	0.000000e+00	8.184977e-04	1.354874e-03	9.408868e-04	3.075430e-02	0.000000e+00	0.000000e+00	0.000000e+00	4.115016e-01	2.221755e-01
2.552165e-01	1.124127e-05	0.000000e+00	0.000000e+00	0.000000e+00	0.000000e+00	0.000000e+00	3.382157e-05	4.596600e-04	0.000000e+00	1.451795e-05	0.000000e+00	1.040600e-04	0.000000e+00	0.000000e+00	2.610563e-03	0.000000e+00	4.031485e-04	0.000000e+00	0.000000e+00	0.000000e+00	0.000000e+00	0.000000e+00	1.402676e-04	1.354874e-03	0.000000e+00	3.121958e-05	0.000000e+00	0.000000e+00	0.000000e+00	2.552165e-01	2.442113e-01
2.552165e-01	1.124127e-05	0.000000e+00	0.000000e+00	0.000000e+00	0.000000e+00	0.000000e+00	3.382157e-05	4.596600e-04	0.000000e+00	1.451795e-05	0.000000e+00	1.040600e-04	0.000000e+00	0.000000e+00	2.610563e-03	0.000000e+00	4.031485e-04	0.000000e+00	0.000000e+00	0.000000e+00	0.000000e+00	0.000000e+00	1.402676e-04	1.354874e-03	0.000000e+00	3.121958e-05	0.000000e+00	0.000000e+00	0.000000e+00	2.552165e-01	2.442113e-01
2.552165e-01	1.124127e-05	0.000000e+00	0.000000e+00	0.000000e+00	0.000000e+00	0.000000e+00	3.382157e-05	4.596600e-04	0.000000e+00	1.451795e-05	0.000000e+00	1.040600e-04	0.000000e+00	0.000000e+00	2.610563e-03	0.000000e+00	4.031485e-04	0.000000e+00	0.000000e+00	0.000000e+00	0.000000e+00	0.000000e+00	1.402676e-04	1.354874e-03	0.000000e+00	3.121958e-05	0.000000e+00	0.000000e+00	0.000000e+00	2.552165e-01	2.442113e-01
2.552165e-01	1.124127e-05	0.000000e+00	0.000000e+00	0.000000e+00	0.000000e+00	0.000000e+00	3.382157e-05	4.596600e-04	0.000000e+00	1.451795e-05	0.000000e+00	1.040600e-04	0.000000e+00	0.000000e+00	2.610563e-03	0.000000e+00	4.031485e-04	0.000000e+00	0.000000e+00	0.000000e+00	0.000000e+00	0.000000e+00	1.402676e-04	1.354874e-03	0.000000e+00	3.121958e-05	0.000000e+00	0.000000e+00	0.000000e+00	2.552165e-01	2.442113e-01
2.552165e-01	1.124127e-05	0.000000e+00	0.000000e+00	0.000000e+00	0.000000e+00	0.000000e+00	3.382157e-05	4.596600e-04	0.000000e+00	1.451795e-05	0.000000e+00	1.040600e-04	0.000000e+00	0.000000e+00	2.610563e-03	0.000000e+00	4.031485e-04	0.000000e+00	0.000000e+00	0.000000e+00	0.000000e+00	0.000000e+00	1.402676e-04	1.354874e-03	0.000000e+00	3.121958e-05	0.000000e+00	0.000000e+00	0.000000e+00	2.552165e-01	2.442113e-01
2.552165e-01	1.124127e-05	0.000000e+00	0.000000e+00	0.000000e+00	0.000000e+00	0.000000e+00	3.382157e-05	4.596600e-04	0.000000e+00	1.451795e-05	0.000000e+00	1.040600e-04	0.000000e+00	0.000000e+00	2.610563e-03	0.000000e+00	4.031485e-04	0.000000e+00	0.000000e+00	0.000000e+00	0.000000e+00	0.000000e+00	1.402676e-04	1.354874e-03	0.000000e+00	3.121958e-05	0.000000e+00	0.000000e+00	0.000000e+00	2.552165e-01	2.442113e-01
2.552165e-01	1.124127e-05	0.000000e+00	0.000000e+00	0.000000e+00	0.000000e+00	0.000000e+00	3.382157e-05	4.596600e-04	0.000000e+00	1.451795e-05	0.000000e+00	1.040600e-04	0.000000e+00	0.000000e+00	2.610563e-03	0.000000e+00	4.031485e-04	0.000000e+00	0.000000e+00	0.000000e+00	0.000000e+00	0.000000e+00	1.402676e-04	1.354874e-03	0.000000e+00	3.121958e-05	0.000000e+00	0.000000e+00	0.000000e+00	2.552165e-01	2.442113e-01
2.552165e-01	1.124127e-05	0.000000e+00	0.000000e+00	0.000000e+00	0.000000e+00	0.000000e+00	3.382157e-05	4.596600e-04	0.000000e+00	1.451795e-05	0.000000e+00	1.040600e-04	0.000000e+00	0.000000e+00	2.610563e-03	0.000000e+00	4.031485e-04	0.000000e+00	0.000000e+00	0.000000e+00	0.000000e+00	0.000000e+00	1.402676e-04	1.354874e-03	0.000000e+00	3.121958e-05	0.000000e+00	0.000000e+00	0.000000e+00	2.552165e-01	2.442113e-01
2.552165e-01	1.124127e-05	0.000000e+00	0.000000e+00	0.000000e+00	0.000000e+00	0.000000e+00	3.382157e-05	4.596600e-04	0.000000e+00	1.451795e-05	0.000000e+00	1.040600e-04	0.000000e+00	0.000000e+00	2.610563e-03	0.000000e+00	4.031485e-04	0.000000e+00	0.000000e+00	0.000000e+00	0.000000e+00	0.000000e+00	1.402676e-04	1.354874e-03	0.000000e+00	3.121958e-05	0.000000e+00	0.000000e+00	0.000000e+00	2.552165e-01	2.442113e-01
2.453286e-01	0.000000e+00	0.000000e+00	0.000000e+00	2.118779e-05	0.000000e+00	2.595025e-03	4.227696e-05	4.596600e-04	0.000000e+00	1.451795e-05	2.346669e-04	1.005864e-05	0.000000e+00	0.000000e+00	1.914016e-03	0.000000e+00	6.450376e-04	0.000000e+00	0.000000e+00	0.000000e+00	2.258427e-03	0.000000e+00	1.402676e-04	1.083900e-03	1.881774e-04	1.943288e-04	0.000000e+00	0.000000e+00	0.000000e+00	2.453286e-01	2.642910e-01
2.373200e-01	5.620637e-05	0.000000e+00	0.000000e+00	5.851867e-06	0.000000e+00	0.000000e+00	0.000000e+00	7.172256e-04	0.000000e+00	1.451795e-05	3.621402e-04	0.000000e+00	0.000000e+00	0.000000e+00	1.457619e-03	0.000000e+00	0.000000e+00	0.000000e+00	0.000000e+00	0.000000e+00	0.000000e+00	0.000000e+00	0.000000e+00	0.000000e+00	0.000000e+00	1.964533e-04	0.000000e+00	0.000000e+00	0.000000e+00	2.373200e-01	2.947665e-01
2.296136e-01	0.000000e+00	0.000000e+00	0.000000e+00	2.199495e-05	0.000000e+00	0.000000e+00	0.000000e+00	5.276567e-04	0.000000e+00	0.000000e+00	0.000000e+00	0.000000e+00	0.000000e+00	0.000000e+00	0.000000e+00	0.000000e+00	0.000000e+00	0.000000e+00	0.000000e+00	0.000000e+00	0.000000e+00	0.000000e+00	0.000000e+00	0.000000e+00	0.000000e+00	1.964533e-04	0.000000e+00	0.000000e+00	0.000000e+00	2.296136e-01	3.368865e-01
2.226733e-01	0.000000e+00	0.000000e+00	0.000000e+00	5.044713e-06	0.000000e+00	0.000000e+00	0.000000e+00	5.276567e-04	0.000000e+00	1.178487e-02	8.253223e-04	7.063650e-05	0.000000e+00	0.000000e+00	3.739603e-03	0.000000e+00	0.000000e+00	0.000000e+00	0.000000e+00	0.000000e+00	0.000000e+00	0.000000e+00	0.000000e+00	0.000000e+00	1.943623e-05	0.000000e+00	0.000000e+00	0.000000e+00	0.000000e+00	2.226733e-01	3.866089e-01
2.165721e-01	0.000000e+00	0.000000e+00	0.000000e+00	0.000000e+00	0.000000e+00	0.000000e+00	0.000000e+00	5.927103e-04	0.000000e+00	0.000000e+00	2.346669e-04	0.000000e+00	0.000000e+00	0.000000e+00	0.000000e+00	0.000000e+00	7.256673e-04	0.000000e+00	0.000000e+00	0.000000e+00	1.476960e-02	0.000000e+00	1.262408e-03	7.447441e-03	9.408868e-04	2.183893e-04	0.000000e+00	0.000000e+00	0.000000e+00	2.165721e-01	4.331398e-01
2.089371e-01	0.000000e+00	0.000000e+00	0.000000e+00	2.199495e-05	0.000000e+00	0.000000e+00	0.000000e+00	2.719869e-04	0.000000e+00	1.451795e-05	2.346669e-04	1.412730e-05	0.000000e+00	0.000000e+00	0.000000e+00	0.000000e+00	0.000000e+00	0.000000e+00	0.000000e+00	0.000000e+00	0.000000e+00	0.000000e+00	0.000000e+00	0.000000e+00	1.693596e-03	1.656606e-04	0.000000e+00	0.000000e+00	0.000000e+00	2.089371e-01	4.855874e-01
2.010268e-01	4.496510e-05	1.319644e-03	0.000000e+00	0.000000e+00	0.000000e+00	0.000000e+00	0.000000e+00	1.069804e-03	0.000000e+00	0.000000e+00	2.601615e-04	0.000000e+00	0.000000e+00	0.000000e+00	1.166095e-03	0.000000e+00	3.870226e-04	0.000000e+00	0.000000e+00	0.000000e+00	0.000000e+00	0.000000e+00	4.488562e-04	1.083900e-03	0.000000e+00	2.353191e-04	0.000000e+00	0.000000e+00	0.000000e+00	2.010268e-01	5.466048e-01
1.922974e-01	5.620637e-05	0.000000e+00	0.000000e+00	3.878375e-05	0.000000e+00	2.595025e-03	3.382157e-05	8.508466e-04	0.000000e+00	8.622812e-04	2.346669e-04	0.000000e+00	0.000000e+00	0.000000e+00	0.000000e+00	0.000000e+00	1.052172e-03	0.000000e+00	0.000000e+00	0.000000e+00	0.000000e+00	0.000000e+00	4.488562e-04	1.083900e-03	9.961601e-03	2.555555e-04	0.000000e+00	0.000000e+00	0.000000e+00	1.922974e-01	6.117984e-01
8.419294e-02	5.620637e-05	0.000000e+00	0.000000e+00	2.199495e-05	0.000000e+00	0.000000e+00	0.000000e+00	5.276567e-04	0.000000e+00	1.451795e-05	3.621402e-04	0.000000e+00	0.000000e+00	0.000000e+00	1.457619e-03	0.000000e+00	0.000000e+00	0.000000e+00	0.000000e+00	0.000000e+00	0.000000e+00	0.000000e+00	0.000000e+00	0.000000e+00	0.000000e+00	1.964533e-04	0.000000e+00	0.000000e+00	0.000000e+00	8.419294e-02	6.704271e-01
8.419294e-02	5.620637e-05	0.000000e+00	0.000000e+00	2.199495e-05	0.000000e+00	0.000000e+00	0.000000e+00	5.276567e-04	0.000000e+00	1.451795e-05	3.621402e-04	0.000000e+00	0.000000e+00	0.000000e+00	1.457619e-03	0.000000e+00	0.000000e+00	0.000000e+00	0.000000e+00	0.000000e+00	0.000000e+00	0.000000e+00	0.000000e+00	0.000000e+00	0.000000e+00	1.964533e-04	0.000000e+00	0.000000e+00	0.000000e+00	8.419294e-02	6.704271e-01
8.419294e-02	5.620637e-05	0.000000e+00	0.000000e+00	2.199495e-05	0.000000e+00	0.000000e+00	0.000000e+00	5.276567e-04	0.000000e+00	1.451795e-05	3.621402e-04	0.000000e+00	0.000000e+00	0.000000e+00	1.457619e-03	0.000000e+00	0.000000e+00	0.000000e+00	0.000000e+00	0.000000e+00	0.000000e+00	0.000000e+00	0.000000e+00	0.000000e+00	0.000000e+00	1.964533e-04	0.000000e+00	0.000000e+00	0.000000e+00	8.419294e-02	6.704271e-01
8.419294e-02	5.620637e-05	0.000000e+00	0.000000e+00	2.199495e-05	0.000000e+00	0.000000e+00	0.000000e+00	5.276567e-04	0.000000e+00	1.451795e-05	3.621402e-04	0.000000e+00	0.000000e+00	0.000000e+00	1.457619e-03	0.000000e+00	0.000000e+00	0.000000e+00	0.000000e+00	0.000000e+00	0.000000e+00	0.000000e+00	0.000000e+00	0.000000e+00	0.000000e+00	1.964533e-04	0.000000e+00	0.000000e+00	0.000000e+00	8.419294e-02	6.704271e-01
8.419294e-02	5.620637e-05	0.000000e+00	0.000000e+00	2.199495e-05	0.000000e+00	0.000000e+00	0.000000e+00	5.276567e-04	0.000000e+00	1.451795e-05	3.621402e-04	0.000000e+00	0.000000e+00	0.000000e+00	1.457619e-03	0.000000e+00	0.000000e+00	0.000000e+00	0.000000e+00	0.000000e+00	0.000000e+00	0.000000e+00	0.000000e+00	0.000000e+00	0.000000e+00	1.964533e-04	0.000000e+00	0.000000e+00	0.000000e+00	8.419294e-02	6.704271e-01
8.419294e-02	5.620637e-05	0.000000e+00	0.000000e+00	2.199495e-05	0.000000e+00	0.000000e+00	0.000000e+00	5.276567e-04	0.000000e+00	1.451795e-05	3.621402e-04	0.000000e+00	0.000000e+00	0.000000e+00	1.457619e-03	0.000000e+00	0.000000e+00	0.000000e+00	0.000000e+00	0.000000e+00	0.000000e+00	0.000000e+00	0.000000e+00	0.000000e+00	0.000000e+00	1.964533e-04	0.000000e+00	0.000000e+00	0.000000e+00	8.419294e-02	6.704271e-01
7.673324e-02	5.620637e-05	0.000000e+00	0.000000e+00	2.522356e-05	0.000000e+00	0.000000e+00	0.000000e+00	4.895764e-04	0.000000e+00	1.062608e-03	4.641189e-04	0.000000e+00	0.000000e+00	0.000000e+00	0.000000e+00	0.000000e+00	0.000000e+00	0.000000e+00	0.000000e+00	0.000000e+00	0.000000e+00	0.000000e+00	4.488562e-04	0.000000e+00	0.000000e+00	0.000000e+00	0.000000e+00	0.000000e+00	0.000000e+00	7.673324e-02	6.724480e-01
6.019200e-02	2.720388e-04	0.000000e+00	0.000000e+00	1.166338e-05	0.000000e+00	0.000000e+00	0.000000e+00	0.000000e+00	0.000000e+00	8.622812e-04	4.641189e-04	0.000000e+00	0.000000e+00	0.000000e+00	8.292233e-04	0.000000e+00	0.000000e+00	0.000000e+00	0.000000e+00	0.000000e+00	0.000000e+00	0.000000e+00	0.000000e+00	0.000000e+00	0.000000e+00	1.571626e-04	0.000000e+00	0.000000e+00	0.000000e+00	6.019200e-02	6.982336e-01
4.667313e-02	5.620637e-05	0.000000e+00	0.000000e+00	2.522356e-05	0.000000e+00	0.000000e+00	0.000000e+00	1.055383e-03	0.000000e+00	1.062608e-03	4.641189e-04	0.000000e+00	0.000000e+00	0.000000e+00	2.120998e-03	0.000000e+00	0.000000e+00	0.000000e+00	0.000000e+00	0.000000e+00	0.000000e+00	0.000000e+00	4.488562e-04	0.000000e+00	0.000000e+00	0.000000e+00	0.000000e+00	0.000000e+00	0.000000e+00	4.667313e-02	7.389907e-01
3.126444e-02	0.000000e+00	0.000000e+00	0.000000e+00	2.522356e-05	0.000000e+00	6.299011e-04	0.000000e+00	2.906957e-04	0.000000e+00	0.000000e+00	3.621402e-04	1.357052e-04	0.000000e+00	0.000000e+00	8.292233e-04	0.000000e+00	1.960349e-04	0.000000e+00	0.000000e+00	0.000000e+00	4.763950e-03	0.000000e+00	0.000000e+00	1.083900e-03	7.403859e-04	0.000000e+00	0.000000e+00	0.000000e+00	0.000000e+00	3.126444e-02	7.997417e-01
1.683859e-02	2.877766e-05	0.000000e+00	0.000000e+00	3.461884e-05	0.000000e+00	0.000000e+00	6.933422e-05	0.000000e+00	0.000000e+00	6.927285e-04	5.243790e-04	0.000000e+00	0.000000e+00	0.000000e+00	2.915238e-04	0.000000e+00	8.770228e-03	0.000000e+00	0.000000e+00	0.000000e+00	1.476960e-02	0.000000e+00	4.993525e-04	7.447441e-03	9.408868e-04	2.416105e-04	0.000000e+00	0.000000e+00	0.000000e+00	1.683859e-02	8.716975e-01
0.000000e+00	2.023429e-05	0.000000e+00	0.000000e+00	8.563904e-06	0.000000e+00	0.000000e+00	0.000000e+00	0.000000e+00	0.000000e+00	1.310112e-03	0.000000e+00	0.000000e+00	0.000000e+00	0.000000e+00	0.000000e+00	0.000000e+00	5.089174e-04	0.000000e+00	0.000000e+00	0.000000e+00	0.000000e+00	0.000000e+00	0.000000e+00	0.000000e+00	0.000000e+00	0.000000e+00	0.000000e+00	0.000000e+00	0.000000e+00	0.000000e+00	1.000573e+00
