8.403044e-01	1.143738e-01	3.118768e-02	0.000000e+00	8.567777e-03	0.000000e+00	0.000000e+00	5.613764e-02	0.000000e+00	2.264826e-02	4.514924e-02	0.000000e+00	0.000000e+00	5.782064e-02	0.000000e+00	3.605650e-03	5.554477e-02	0.000000e+00	1.656203e-01	8.684187e-02	0.000000e+00	3.697012e-02	2.978397e-01	4.761231e-02	5.971605e-03	0.000000e+00	2.034799e-03	0.000000e+00	6.776939e-02	0.000000e+00	8.403044e-01	-5.208570e-01
8.403044e-01	1.143738e-01	3.118768e-02	0.000000e+00	8.567777e-03	0.000000e+00	0.000000e+00	5.613764e-02	0.000000e+00	2.264826e-02	4.514924e-02	0.000000e+00	0.000000e+00	5.782064e-02	0.000000e+00	3.605650e-03	5.554477e-02	0.000000e+00	1.656203e-01	8.684187e-02	0.000000e+00	3.697012e-02	2.978397e-01	4.761231e-02	5.971605e-03	0.000000e+00	2.034799e-03	0.000000e+00	6.776939e-02	0.000000e+00	8.403044e-01	-5.208570e-01
8.398633e-01	1.143738e-01	0.000000e+00	4.921543e-02	8.567777e-03	0.000000e+00	0.000000e+00	5.613764e-02	0.000000e+00	2.264826e-02	4.514924e-02	0.000000e+00	0.000000e+00	5.782064e-02	3.511671e-02	5.408474e-03	5.554477e-02	0.000000e+00	1.566718e-01	8.684187e-02	0.000000e+00	3.188044e-02	2.978397e-01	4.761231e-02	5.971605e-03	2.393719e-02	2.034799e-03	0.000000e+00	4.517960e-02	0.000000e+00	8.398633e-01	-5.086487e-01
8.439463e-01	1.225434e-01	7.970184e-02	9.843087e-02	0.000000e+00	0.000000e+00	0.000000e+00	6.360728e-02	0.000000e+00	2.264826e-02	0.000000e+00	0.000000e+00	0.000000e+00	5.782064e-02	3.511671e-02	5.408474e-03	5.554477e-02	0.000000e+00	1.521975e-01	8.684187e-02	0.000000e+00	3.272872e-02	2.978397e-01	3.877082e-02	5.971605e-03	2.393719e-02	2.034799e-03	0.000000e+00	2.258980e-02	0.000000e+00	8.439463e-01	-5.318284e-01
8.394222e-01	1.143738e-01	1.195528e-01	8.087683e-02	8.567777e-03	0.000000e+00	0.000000e+00	6.097342e-02	2.593815e-02	2.264826e-02	0.000000e+00	0.000000e+00	0.000000e+00	5.782064e-02	3.511671e-02	5.923567e-03	2.777239e-02	0.000000e+00	1.566718e-01	8.684187e-02	0.000000e+00	3.188044e-02	2.094318e-01	4.761231e-02	5.971605e-03	2.393719e-02	2.034799e-03	0.000000e+00	2.258980e-02	0.000000e+00	8.394222e-01	-5.044979e-01
8.394222e-01	1.062043e-01	1.195528e-01	8.087683e-02	8.567777e-03	0.000000e+00	0.000000e+00	6.097342e-02	3.890723e-02	2.264826e-02	0.000000e+00	0.000000e+00	0.000000e+00	5.782064e-02	3.511671e-02	5.923567e-03	2.777239e-02	0.000000e+00	1.656203e-01	8.684187e-02	0.000000e+00	3.018387e-02	2.094318e-01	4.913523e-02	5.971605e-03	2.565560e-02	2.034799e-03	0.000000e+00	6.749179e-03	4.805845e-02	8.394222e-01	-4.955384e-01
8.394222e-01	1.062043e-01	1.195528e-01	8.087683e-02	8.567777e-03	0.000000e+00	0.000000e+00	6.097342e-02	3.890723e-02	2.264826e-02	0.000000e+00	0.000000e+00	0.000000e+00	5.782064e-02	3.511671e-02	5.923567e-03	2.777239e-02	0.000000e+00	1.656203e-01	8.684187e-02	0.000000e+00	3.018387e-02	2.094318e-01	4.913523e-02	5.971605e-03	2.565560e-02	2.034799e-03	0.000000e+00	6.749179e-03	4.805845e-02	8.394222e-01	-4.955384e-01
8.394222e-01	1.062043e-01	1.195528e-01	8.087683e-02	8.567777e-03	0.000000e+00	0.000000e+00	6.097342e-02	3.890723e-02	2.264826e-02	0.000000e+00	0.000000e+00	0.000000e+00	5.782064e-02	3.511671e-02	5.923567e-03	2.777239e-02	0.000000e+00	1.656203e-01	8.684187e-02	0.000000e+00	3.018387e-02	2.094318e-01	4.913523e-02	5.971605e-03	2.565560e-02	2.034799e-03	0.000000e+00	6.749179e-03	4.805845e-02	8.394222e-01	-4.955384e-01
8.394222e-01	1.062043e-01	1.195528e-01	8.087683e-02	8.567777e-03	0.000000e+00	0.000000e+00	6.097342e-02	3.890723e-02	2.264826e-02	0.000000e+00	0.000000e+00	0.000000e+00	5.782064e-02	3.511671e-02	5.923567e-03	2.777239e-02	0.000000e+00	1.656203e-01	8.684187e-02	0.000000e+00	3.018387e-02	2.094318e-01	4.913523e-02	5.971605e-03	2.565560e-02	2.034799e-03	0.000000e+00	6.749179e-03	4.805845e-02	8.394222e-01	-4.955384e-01
8.394222e-01	1.062043e-01	1.594037e-01	1.710972e-01	3.026331e-02	0.000000e+00	0.000000e+00	6.097342e-02	5.187630e-02	2.264826e-02	0.000000e+00	0.000000e+00	0.000000e+00	5.782064e-02	3.511671e-02	5.923567e-03	0.000000e+00	0.000000e+00	1.656203e-01	8.684187e-02	0.000000e+00	2.848731e-02	2.094318e-01	4.913523e-02	5.971605e-03	2.565560e-02	2.034799e-03	0.000000e+00	0.000000e+00	4.805845e-02	8.394222e-01	-4.711486e-01
8.394222e-01	1.062043e-01	1.594037e-01	1.710972e-01	3.026331e-02	0.000000e+00	0.000000e+00	6.097342e-02	5.187630e-02	2.264826e-02	0.000000e+00	0.000000e+00	0.000000e+00	5.782064e-02	3.511671e-02	5.923567e-03	0.000000e+00	0.000000e+00	1.656203e-01	8.684187e-02	0.000000e+00	2.848731e-02	2.094318e-01	4.913523e-02	5.971605e-03	2.565560e-02	2.034799e-03	0.000000e+00	0.000000e+00	4.805845e-02	8.394222e-01	-4.711486e-01
8.394222e-01	1.062043e-01	1.594037e-01	1.710972e-01	3.026331e-02	0.000000e+00	0.000000e+00	6.097342e-02	5.187630e-02	2.264826e-02	0.000000e+00	0.000000e+00	0.000000e+00	5.782064e-02	3.511671e-02	5.923567e-03	0.000000e+00	0.000000e+00	1.656203e-01	8.684187e-02	0.000000e+00	2.848731e-02	2.094318e-01	4.913523e-02	5.971605e-03	2.565560e-02	2.034799e-03	0.000000e+00	0.000000e+00	4.805845e-02	8.394222e-01	-4.711486e-01
8.394222e-01	1.062043e-01	1.594037e-01	1.710972e-01	3.026331e-02	0.000000e+00	0.000000e+00	6.097342e-02	5.187630e-02	2.264826e-02	0.000000e+00	0.000000e+00	0.000000e+00	5.782064e-02	3.511671e-02	5.923567e-03	0.000000e+00	0.000000e+00	1.656203e-01	8.684187e-02	0.000000e+00	2.848731e-02	2.094318e-01	4.913523e-02	5.971605e-03	2.565560e-02	2.034799e-03	0.000000e+00	0.000000e+00	4.805845e-02	8.394222e-01	-4.711486e-01
8.394222e-01	1.062043e-01	1.594037e-01	1.710972e-01	3.026331e-02	0.000000e+00	0.000000e+00	6.097342e-02	5.187630e-02	2.264826e-02	0.000000e+00	0.000000e+00	0.000000e+00	5.782064e-02	3.511671e-02	5.923567e-03	0.000000e+00	0.000000e+00	1.656203e-01	8.684187e-02	0.000000e+00	2.848731e-02	2.094318e-01	4.913523e-02	5.971605e-03	2.565560e-02	2.034799e-03	0.000000e+00	0.000000e+00	4.805845e-02	8.394222e-01	-4.711486e-01
8.394222e-01	1.062043e-01	1.594037e-01	1.710972e-01	3.026331e-02	0.000000e+00	0.000000e+00	6.097342e-02	5.187630e-02	2.264826e-02	0.000000e+00	0.000000e+00	0.000000e+00	5.782064e-02	3.511671e-02	5.923567e-03	0.000000e+00	0.000000e+00	1.656203e-01	8.684187e-02	0.000000e+00	2.848731e-02	2.094318e-01	4.913523e-02	5.971605e-03	2.565560e-02	2.034799e-03	0.000000e+00	0.000000e+00	4.805845e-02	8.394222e-01	-4.711486e-01
8.394222e-01	1.062043e-01	1.594037e-01	1.710972e-01	3.026331e-02	0.000000e+00	0.000000e+00	6.097342e-02	5.187630e-02	2.264826e-02	0.000000e+00	0.000000e+00	0.000000e+00	5.782064e-02	3.511671e-02	5.923567e-03	0.000000e+00	0.000000e+00	1.745689e-01	8.684187e-02	0.000000e+00	2.848731e-02	2.094318e-01	4.913523e-02	5.971605e-03	2.565560e-02	2.034799e-03	0.000000e+00	0.000000e+00	9.611690e-02	8.394222e-01	-4.602598e-01
8.394222e-01	1.062043e-01	1.594037e-01	1.710972e-01	3.026331e-02	0.000000e+00	0.000000e+00	6.097342e-02	5.187630e-02	2.264826e-02	0.000000e+00	0.000000e+00	0.000000e+00	5.782064e-02	3.511671e-02	5.923567e-03	0.000000e+00	0.000000e+00	1.745689e-01	8.684187e-02	0.000000e+00	2.848731e-02	2.094318e-01	4.913523e-02	5.971605e-03	2.565560e-02	2.034799e-03	0.000000e+00	0.000000e+00	9.611690e-02	8.394222e-01	-4.602598e-01
8.394222e-01	1.062043e-01	1.594037e-01	1.710972e-01	3.026331e-02	0.000000e+00	0.000000e+00	6.097342e-02	5.187630e-02	2.264826e-02	0.000000e+00	0.000000e+00	0.000000e+00	5.782064e-02	3.511671e-02	5.923567e-03	0.000000e+00	0.000000e+00	1.745689e-01	8.684187e-02	0.000000e+00	2.848731e-02	2.094318e-01	4.913523e-02	5.971605e-03	2.565560e-02	2.034799e-03	0.000000e+00	0.000000e+00	9.611690e-02	8.394222e-01	-4.602598e-01
8.303742e-01	1.021195e-01	0.000000e+00	1.067727e-01	5.509412e-05	0.000000e+00	0.000000e+00	3.485964e-03	2.188204e-02	7.126798e-03	6.574986e-02	0.000000e+00	0.000000e+00	7.399670e-02	3.511671e-02	5.923567e-03	3.819670e-02	2.036208e-02	2.996981e-01	1.849927e-01	7.035197e-03	2.848731e-02	1.646308e-01	2.258323e-02	8.437591e-03	5.281904e-03	1.368731e-02	0.000000e+00	0.000000e+00	9.611690e-02	8.303742e-01	-3.513179e-01
8.303742e-01	5.105975e-02	0.000000e+00	1.067727e-01	0.000000e+00	0.000000e+00	0.000000e+00	2.833491e-03	2.188204e-02	3.532626e-04	6.574986e-02	0.000000e+00	0.000000e+00	4.508638e-02	3.119513e-03	5.923567e-03	3.663874e-02	1.018104e-02	4.169934e-01	2.831435e-01	7.035197e-03	5.915962e-03	1.640338e-01	0.000000e+00	5.134843e-02	0.000000e+00	1.850311e-02	0.000000e+00	2.329341e-20	9.611690e-02	8.303742e-01	-3.358020e-01
8.303742e-01	5.105975e-02	0.000000e+00	1.067727e-01	0.000000e+00	0.000000e+00	0.000000e+00	2.833491e-03	2.188204e-02	3.532626e-04	6.574986e-02	0.000000e+00	0.000000e+00	4.508638e-02	3.119513e-03	5.923567e-03	3.663874e-02	1.018104e-02	4.169934e-01	2.831435e-01	7.035197e-03	5.915962e-03	1.640338e-01	0.000000e+00	5.134843e-02	0.000000e+00	1.850311e-02	0.000000e+00	2.329341e-20	9.611690e-02	8.303742e-01	-3.358020e-01
8.303742e-01	5.105975e-02	0.000000e+00	1.067727e-01	0.000000e+00	0.000000e+00	0.000000e+00	2.833491e-03	2.188204e-02	3.532626e-04	6.574986e-02	0.000000e+00	0.000000e+00	4.508638e-02	3.119513e-03	5.923567e-03	3.663874e-02	1.018104e-02	4.169934e-01	2.831435e-01	7.035197e-03	5.915962e-03	1.640338e-01	0.000000e+00	5.134843e-02	0.000000e+00	1.850311e-02	0.000000e+00	2.329341e-20	9.611690e-02	8.303742e-01	-3.358020e-01
8.303742e-01	5.105975e-02	0.000000e+00	1.067727e-01	0.000000e+00	0.000000e+00	0.000000e+00	2.833491e-03	2.188204e-02	3.532626e-04	6.574986e-02	0.000000e+00	0.000000e+00	4.508638e-02	3.119513e-03	5.923567e-03	3.663874e-02	1.018104e-02	4.169934e-01	2.831435e-01	7.035197e-03	5.915962e-03	1.640338e-01	0.000000e+00	5.134843e-02	0.000000e+00	1.850311e-02	0.000000e+00	2.329341e-20	9.611690e-02	8.303742e-01	-3.358020e-01
8.303742e-01	5.105975e-02	0.000000e+00	1.067727e-01	0.000000e+00	0.000000e+00	0.000000e+00	2.833491e-03	2.188204e-02	3.532626e-04	6.574986e-02	0.000000e+00	0.000000e+00	4.508638e-02	3.119513e-03	5.923567e-03	3.663874e-02	1.018104e-02	4.169934e-01	2.831435e-01	7.035197e-03	5.915962e-03	1.640338e-01	0.000000e+00	5.134843e-02	0.000000e+00	1.850311e-02	0.000000e+00	2.329341e-20	9.611690e-02	8.303742e-01	-3.358020e-01
8.303742e-01	5.105975e-02	0.000000e+00	1.067727e-01	0.000000e+00	0.000000e+00	0.000000e+00	2.833491e-03	2.188204e-02	3.532626e-04	6.574986e-02	0.000000e+00	0.000000e+00	4.508638e-02	3.119513e-03	5.923567e-03	3.663874e-02	1.018104e-02	4.169934e-01	2.831435e-01	7.035197e-03	5.915962e-03	1.640338e-01	0.000000e+00	5.134843e-02	0.000000e+00	1.850311e-02	0.000000e+00	2.329341e-20	9.611690e-02	8.303742e-01	-3.358020e-01
8.303742e-01	5.105975e-02	0.000000e+00	1.067727e-01	0.000000e+00	0.000000e+00	0.000000e+00	2.833491e-03	2.188204e-02	3.532626e-04	6.574986e-02	0.000000e+00	0.000000e+00	4.508638e-02	3.119513e-03	5.923567e-03	3.663874e-02	1.018104e-02	4.169934e-01	2.831435e-01	7.035197e-03	5.915962e-03	1.640338e-01	0.000000e+00	5.134843e-02	0.000000e+00	1.850311e-02	0.000000e+00	2.329341e-20	9.611690e-02	8.303742e-01	-3.358020e-01
6.515163e-01	0.000000e+00	0.000000e+00	1.367960e-01	5.509412e-05	1.490648e-02	0.000000e+00	3.719572e-03	1.329341e-02	6.942272e-03	8.002645e-02	0.000000e+00	0.000000e+00	2.254319e-02	3.448078e-03	1.003207e-02	1.831937e-02	5.090520e-03	4.130763e-01	1.608421e-01	5.678339e-03	2.957981e-03	1.182955e-01	0.000000e+00	4.177207e-02	0.000000e+00	1.550885e-02	0.000000e+00	3.494011e-20	5.528553e-02	6.515163e-01	-2.384546e-01
6.515163e-01	0.000000e+00	0.000000e+00	1.367960e-01	5.509412e-05	1.490648e-02	0.000000e+00	3.719572e-03	1.329341e-02	6.942272e-03	8.002645e-02	0.000000e+00	0.000000e+00	2.254319e-02	3.448078e-03	1.003207e-02	1.831937e-02	5.090520e-03	4.130763e-01	1.608421e-01	5.678339e-03	2.957981e-03	1.182955e-01	0.000000e+00	4.177207e-02	0.000000e+00	1.550885e-02	0.000000e+00	3.494011e-20	5.528553e-02	6.515163e-01	-2.384546e-01
6.555998e-01	5.666085e-04	0.000000e+00	1.217844e-01	2.525147e-04	1.490648e-02	0.000000e+00	5.048693e-03	1.329341e-02	0.000000e+00	9.430303e-02	0.000000e+00	0.000000e+00	0.000000e+00	3.283795e-03	1.356721e-02	1.831937e-02	8.699342e-04	4.091593e-01	2.219928e-01	4.321482e-03	4.436972e-03	7.255716e-02	0.000000e+00	3.219571e-02	1.056381e-02	1.251458e-02	0.000000e+00	4.658681e-20	6.639413e-03	6.555998e-01	-2.498175e-01
6.555998e-01	5.666085e-04	0.000000e+00	1.217844e-01	2.525147e-04	1.490648e-02	0.000000e+00	5.048693e-03	1.329341e-02	0.000000e+00	9.430303e-02	0.000000e+00	0.000000e+00	0.000000e+00	3.283795e-03	1.356721e-02	1.831937e-02	8.699342e-04	4.091593e-01	2.219928e-01	4.321482e-03	4.436972e-03	7.255716e-02	0.000000e+00	3.219571e-02	1.056381e-02	1.251458e-02	0.000000e+00	4.658681e-20	6.639413e-03	6.555998e-01	-2.498175e-01
6.555998e-01	5.666085e-04	0.000000e+00	1.217844e-01	2.525147e-04	1.490648e-02	0.000000e+00	5.048693e-03	1.329341e-02	0.000000e+00	9.430303e-02	0.000000e+00	0.000000e+00	0.000000e+00	3.283795e-03	1.356721e-02	1.831937e-02	8.699342e-04	4.091593e-01	2.219928e-01	4.321482e-03	4.436972e-03	7.255716e-02	0.000000e+00	3.219571e-02	1.056381e-02	1.251458e-02	0.000000e+00	4.658681e-20	6.639413e-03	6.555998e-01	-2.498175e-01
6.515163e-01	0.000000e+00	0.000000e+00	1.367960e-01	5.509412e-05	1.490648e-02	0.000000e+00	3.719572e-03	1.329341e-02	6.942272e-03	8.002645e-02	0.000000e+00	0.000000e+00	2.254319e-02	3.448078e-03	1.003207e-02	1.831937e-02	5.090520e-03	4.130763e-01	1.608421e-01	5.678339e-03	2.957981e-03	1.182955e-01	0.000000e+00	4.177207e-02	0.000000e+00	1.550885e-02	0.000000e+00	3.494011e-20	5.528553e-02	6.515163e-01	-2.384546e-01
6.515163e-01	0.000000e+00	0.000000e+00	1.367960e-01	5.509412e-05	1.490648e-02	0.000000e+00	3.719572e-03	1.329341e-02	6.942272e-03	8.002645e-02	0.000000e+00	0.000000e+00	2.254319e-02	3.448078e-03	1.003207e-02	1.831937e-02	5.090520e-03	4.130763e-01	1.608421e-01	5.678339e-03	2.957981e-03	1.182955e-01	0.000000e+00	4.177207e-02	0.000000e+00	1.550885e-02	0.000000e+00	3.494011e-20	5.528553e-02	6.515163e-01	-2.384546e-01
6.515163e-01	2.552987e-02	0.000000e+00	1.217844e-01	2.754706e-05	1.490648e-02	0.000000e+00	3.276531e-03	1.329341e-02	0.000000e+00	7.288815e-02	0.000000e+00	0.000000e+00	3.381479e-02	3.283795e-03	1.003207e-02	1.831937e-02	7.635780e-03	4.150348e-01	2.219928e-01	5.678339e-03	4.436972e-03	1.411646e-01	0.000000e+00	4.656025e-02	0.000000e+00	1.550885e-02	0.000000e+00	3.494011e-20	5.528553e-02	6.515163e-01	-2.177575e-01
6.396812e-01	2.833042e-04	0.000000e+00	1.067727e-01	5.509412e-05	7.453241e-03	0.000000e+00	3.485964e-03	2.188204e-02	7.126798e-03	6.574986e-02	0.000000e+00	0.000000e+00	7.399670e-02	1.888322e-03	6.981406e-03	3.819670e-02	0.000000e+00	2.996981e-01	1.849927e-01	7.035197e-03	4.064291e-03	1.646308e-01	2.258323e-02	8.437591e-03	5.281904e-03	1.368731e-02	0.000000e+00	7.224780e-03	4.481950e-02	6.396812e-01	-1.920418e-01
6.382450e-01	2.552987e-02	1.243500e-02	1.518077e-01	2.754706e-05	1.490648e-02	0.000000e+00	2.390451e-03	1.329341e-02	1.514853e-02	5.461652e-02	0.000000e+00	0.000000e+00	3.381479e-02	3.283795e-03	1.003207e-02	0.000000e+00	7.635780e-03	4.111178e-01	9.969146e-02	5.678339e-03	1.478991e-03	1.411646e-01	0.000000e+00	4.656025e-02	0.000000e+00	1.485989e-02	0.000000e+00	3.494011e-20	3.096247e-02	6.382450e-01	-1.798337e-01
6.382450e-01	2.552987e-02	1.243500e-02	1.518077e-01	2.754706e-05	1.490648e-02	0.000000e+00	2.390451e-03	1.329341e-02	1.514853e-02	5.461652e-02	0.000000e+00	0.000000e+00	3.381479e-02	3.283795e-03	1.003207e-02	0.000000e+00	7.635780e-03	4.111178e-01	9.969146e-02	5.678339e-03	1.478991e-03	1.411646e-01	0.000000e+00	4.656025e-02	0.000000e+00	1.485989e-02	0.000000e+00	3.494011e-20	3.096247e-02	6.382450e-01	-1.798337e-01
6.331407e-01	5.666085e-04	0.000000e+00	1.668194e-01	2.525147e-04	1.490648e-02	0.000000e+00	4.605653e-03	4.704775e-03	2.335479e-02	9.430303e-02	0.000000e+00	0.000000e+00	0.000000e+00	3.776644e-03	1.414057e-02	0.000000e+00	0.000000e+00	4.091593e-01	3.854079e-02	4.321482e-03	0.000000e+00	7.255716e-02	0.000000e+00	3.219571e-02	1.056381e-02	1.251458e-02	0.000000e+00	4.658681e-20	6.639413e-03	6.331407e-01	-1.642680e-01
6.331407e-01	1.248163e-02	6.217499e-03	1.518077e-01	2.525147e-04	1.490648e-02	0.000000e+00	4.605653e-03	4.704775e-03	2.335479e-02	6.018319e-02	0.000000e+00	0.000000e+00	0.000000e+00	3.776644e-03	1.414057e-02	9.159685e-03	0.000000e+00	4.091593e-01	9.969146e-02	6.356768e-03	0.000000e+00	1.525992e-01	0.000000e+00	0.000000e+00	0.000000e+00	1.251458e-02	0.000000e+00	2.911676e-20	6.639413e-03	6.331407e-01	-1.483945e-01
6.331407e-01	0.000000e+00	0.000000e+00	1.518077e-01	2.525147e-04	1.490648e-02	0.000000e+00	1.200738e-01	4.704775e-03	2.335479e-02	6.018319e-02	0.000000e+00	0.000000e+00	0.000000e+00	3.776644e-03	1.414057e-02	0.000000e+00	0.000000e+00	4.091593e-01	1.173944e-01	9.748912e-03	0.000000e+00	1.525992e-01	0.000000e+00	0.000000e+00	0.000000e+00	1.421092e-02	0.000000e+00	2.911676e-20	6.639413e-03	6.331407e-01	-1.259738e-01
6.331407e-01	0.000000e+00	0.000000e+00	1.518077e-01	2.525147e-04	1.490648e-02	0.000000e+00	1.200738e-01	4.704775e-03	2.335479e-02	6.018319e-02	0.000000e+00	0.000000e+00	0.000000e+00	3.776644e-03	1.414057e-02	0.000000e+00	0.000000e+00	4.091593e-01	1.173944e-01	9.748912e-03	0.000000e+00	1.525992e-01	0.000000e+00	0.000000e+00	0.000000e+00	1.421092e-02	0.000000e+00	2.911676e-20	6.639413e-03	6.331407e-01	-1.259738e-01
6.331407e-01	0.000000e+00	0.000000e+00	1.518077e-01	2.525147e-04	1.490648e-02	0.000000e+00	1.200738e-01	4.704775e-03	2.335479e-02	6.018319e-02	0.000000e+00	0.000000e+00	0.000000e+00	3.776644e-03	1.414057e-02	0.000000e+00	0.000000e+00	4.091593e-01	1.173944e-01	9.748912e-03	0.000000e+00	1.525992e-01	0.000000e+00	0.000000e+00	0.000000e+00	1.421092e-02	0.000000e+00	2.911676e-20	6.639413e-03	6.331407e-01	-1.259738e-01
6.249737e-01	5.666085e-04	2.487000e-02	1.668194e-01	2.525147e-04	0.000000e+00	0.000000e+00	1.061329e-03	4.704775e-03	2.335479e-02	2.920658e-02	0.000000e+00	0.000000e+00	0.000000e+00	3.776644e-03	7.070284e-03	0.000000e+00	1.353169e-02	4.091593e-01	3.854079e-02	9.748912e-03	0.000000e+00	8.459023e-02	0.000000e+00	0.000000e+00	1.056381e-02	1.421092e-02	0.000000e+00	4.658681e-20	6.639413e-03	6.249737e-01	-6.676118e-02
6.249737e-01	0.000000e+00	0.000000e+00	1.443068e-01	2.525147e-04	9.538753e-03	0.000000e+00	1.061329e-03	4.704775e-03	6.942272e-03	2.920658e-02	0.000000e+00	0.000000e+00	0.000000e+00	3.202891e-03	4.707135e-03	0.000000e+00	5.090520e-03	4.091593e-01	1.173944e-01	9.748912e-03	3.910549e-03	7.827444e-02	0.000000e+00	4.177207e-02	6.036462e-03	1.421092e-02	0.000000e+00	4.658681e-20	6.639413e-03	6.249737e-01	-5.719046e-02
6.249737e-01	0.000000e+00	2.797875e-02	1.593086e-01	1.763538e-04	9.538753e-03	0.000000e+00	1.061329e-03	4.704775e-03	6.942272e-03	2.920658e-02	0.000000e+00	0.000000e+00	0.000000e+00	3.202891e-03	1.239522e-02	4.579842e-03	5.090520e-03	4.870148e-01	8.198855e-02	6.635208e-03	0.000000e+00	7.827444e-02	0.000000e+00	4.177207e-02	6.036462e-03	1.421092e-02	0.000000e+00	1.720536e-20	6.639413e-03	6.249737e-01	-3.885098e-02
6.189003e-01	0.000000e+00	0.000000e+00	1.668292e-01	4.048366e-04	7.453241e-03	0.000000e+00	1.591994e-03	4.704775e-03	2.335479e-02	2.228049e-03	0.000000e+00	0.000000e+00	0.000000e+00	2.870772e-03	3.490703e-03	0.000000e+00	5.090520e-03	2.534484e-01	1.279595e-02	1.258418e-02	0.000000e+00	7.255716e-02	0.000000e+00	0.000000e+00	6.036462e-03	1.841843e-02	0.000000e+00	8.787967e-20	6.639413e-03	6.189003e-01	-1.678387e-02
6.189003e-01	0.000000e+00	0.000000e+00	1.668292e-01	4.048366e-04	7.453241e-03	0.000000e+00	1.591994e-03	4.704775e-03	2.335479e-02	2.228049e-03	0.000000e+00	0.000000e+00	0.000000e+00	2.870772e-03	3.490703e-03	0.000000e+00	5.090520e-03	2.534484e-01	1.279595e-02	1.258418e-02	0.000000e+00	7.255716e-02	0.000000e+00	0.000000e+00	6.036462e-03	1.841843e-02	0.000000e+00	8.787967e-20	6.639413e-03	6.189003e-01	-1.678387e-02
4.551842e-01	0.000000e+00	0.000000e+00	1.668292e-01	3.391478e-04	3.366623e-03	0.000000e+00	0.000000e+00	0.000000e+00	2.107927e-02	6.637887e-02	0.000000e+00	0.000000e+00	0.000000e+00	3.286270e-03	0.000000e+00	5.340550e-03	2.545260e-03	2.534484e-01	1.127516e-02	1.258418e-02	7.144262e-04	6.548783e-02	0.000000e+00	0.000000e+00	1.207292e-02	1.841843e-02	0.000000e+00	0.000000e+00	0.000000e+00	4.551842e-01	1.149733e-02
4.551842e-01	0.000000e+00	0.000000e+00	1.668292e-01	3.391478e-04	3.366623e-03	0.000000e+00	0.000000e+00	0.000000e+00	2.107927e-02	6.637887e-02	0.000000e+00	0.000000e+00	0.000000e+00	3.286270e-03	0.000000e+00	5.340550e-03	2.545260e-03	2.534484e-01	1.127516e-02	1.258418e-02	7.144262e-04	6.548783e-02	0.000000e+00	0.000000e+00	1.207292e-02	1.841843e-02	0.000000e+00	0.000000e+00	0.000000e+00	4.551842e-01	1.149733e-02
4.551842e-01	0.000000e+00	0.000000e+00	1.668292e-01	3.391478e-04	3.366623e-03	0.000000e+00	0.000000e+00	0.000000e+00	2.107927e-02	6.637887e-02	0.000000e+00	0.000000e+00	0.000000e+00	3.286270e-03	0.000000e+00	5.340550e-03	2.545260e-03	2.534484e-01	1.127516e-02	1.258418e-02	7.144262e-04	6.548783e-02	0.000000e+00	0.000000e+00	1.207292e-02	1.841843e-02	0.000000e+00	0.000000e+00	0.000000e+00	4.551842e-01	1.149733e-02
4.551842e-01	0.000000e+00	0.000000e+00	1.668292e-01	3.391478e-04	3.366623e-03	0.000000e+00	0.000000e+00	0.000000e+00	2.107927e-02	6.637887e-02	0.000000e+00	0.000000e+00	0.000000e+00	3.286270e-03	0.000000e+00	5.340550e-03	2.545260e-03	2.534484e-01	1.127516e-02	1.258418e-02	7.144262e-04	6.548783e-02	0.000000e+00	0.000000e+00	1.207292e-02	1.841843e-02	0.000000e+00	0.000000e+00	0.000000e+00	4.551842e-01	1.149733e-02
4.551842e-01	0.000000e+00	0.000000e+00	1.668292e-01	3.391478e-04	3.366623e-03	0.000000e+00	0.000000e+00	0.000000e+00	2.107927e-02	6.637887e-02	0.000000e+00	0.000000e+00	0.000000e+00	3.286270e-03	0.000000e+00	5.340550e-03	2.545260e-03	2.534484e-01	1.127516e-02	1.258418e-02	7.144262e-04	6.548783e-02	0.000000e+00	0.000000e+00	1.207292e-02	1.841843e-02	0.000000e+00	0.000000e+00	0.000000e+00	4.551842e-01	1.149733e-02
4.551842e-01	0.000000e+00	0.000000e+00	1.668292e-01	3.391478e-04	3.366623e-03	0.000000e+00	0.000000e+00	0.000000e+00	2.107927e-02	6.637887e-02	0.000000e+00	0.000000e+00	0.000000e+00	3.286270e-03	0.000000e+00	5.340550e-03	2.545260e-03	2.534484e-01	1.127516e-02	1.258418e-02	7.144262e-04	6.548783e-02	0.000000e+00	0.000000e+00	1.207292e-02	1.841843e-02	0.000000e+00	0.000000e+00	0.000000e+00	4.551842e-01	1.149733e-02
4.551842e-01	0.000000e+00	0.000000e+00	1.668292e-01	3.391478e-04	3.366623e-03	0.000000e+00	0.000000e+00	0.000000e+00	2.107927e-02	6.637887e-02	0.000000e+00	0.000000e+00	0.000000e+00	3.286270e-03	0.000000e+00	5.340550e-03	2.545260e-03	2.534484e-01	1.127516e-02	1.258418e-02	7.144262e-04	6.548783e-02	0.000000e+00	0.000000e+00	1.207292e-02	1.841843e-02	0.000000e+00	0.000000e+00	0.000000e+00	4.551842e-01	1.149733e-02
4.551842e-01	0.000000e+00	0.000000e+00	1.668292e-01	3.391478e-04	3.366623e-03	0.000000e+00	0.000000e+00	0.000000e+00	2.107927e-02	6.637887e-02	0.000000e+00	0.000000e+00	0.000000e+00	3.286270e-03	0.000000e+00	5.340550e-03	2.545260e-03	2.534484e-01	1.127516e-02	1.258418e-02	7.144262e-04	6.548783e-02	0.000000e+00	0.000000e+00	1.207292e-02	1.841843e-02	0.000000e+00	0.000000e+00	0.000000e+00	4.551842e-01	1.149733e-02
4.450617e-01	0.000000e+00	0.000000e+00	1.668292e-01	4.048366e-04	5.812133e-03	0.000000e+00	0.000000e+00	2.352388e-03	2.335479e-02	5.395707e-02	0.000000e+00	0.000000e+00	0.000000e+00	3.286270e-03	3.490703e-03	0.000000e+00	2.545260e-03	2.534484e-01	1.279595e-02	1.258418e-02	4.762841e-04	7.255716e-02	0.000000e+00	0.000000e+00	1.207292e-02	1.841843e-02	0.000000e+00	8.787967e-20	6.639413e-03	4.450617e-01	3.090047e-02
4.450617e-01	0.000000e+00	0.000000e+00	1.668292e-01	4.048366e-04	5.812133e-03	0.000000e+00	0.000000e+00	2.352388e-03	2.335479e-02	5.395707e-02	0.000000e+00	0.000000e+00	0.000000e+00	3.286270e-03	3.490703e-03	0.000000e+00	2.545260e-03	2.534484e-01	1.279595e-02	1.258418e-02	4.762841e-04	7.255716e-02	0.000000e+00	0.000000e+00	1.207292e-02	1.841843e-02	0.000000e+00	8.787967e-20	6.639413e-03	4.450617e-01	3.090047e-02
4.450617e-01	0.000000e+00	0.000000e+00	1.668292e-01	2.920839e-02	5.812133e-03	0.000000e+00	0.000000e+00	2.352388e-03	2.335479e-02	5.395707e-02	0.000000e+00	0.000000e+00	0.000000e+00	3.286270e-03	3.490703e-03	6.876421e-02	2.545260e-03	2.534484e-01	1.279595e-02	1.258418e-02	4.762841e-04	6.195316e-02	0.000000e+00	0.000000e+00	1.207292e-02	2.019869e-02	0.000000e+00	8.787967e-20	6.639413e-03	4.450617e-01	5.010995e-02
4.349393e-01	5.337250e-03	0.000000e+00	1.643374e-01	5.362142e-04	8.257643e-03	0.000000e+00	2.056325e-03	4.120625e-03	2.790581e-02	4.329948e-02	0.000000e+00	0.000000e+00	0.000000e+00	4.664802e-03	5.571032e-03	0.000000e+00	2.545260e-03	2.430685e-01	1.583752e-02	9.621879e-03	3.869809e-04	8.492848e-02	7.671560e-03	8.828321e-03	1.207292e-02	1.789594e-02	0.000000e+00	1.889148e-19	6.639413e-03	4.349393e-01	9.715894e-02
4.349393e-01	5.337250e-03	0.000000e+00	1.643374e-01	5.362142e-04	8.257643e-03	0.000000e+00	2.056325e-03	4.120625e-03	2.790581e-02	4.329948e-02	0.000000e+00	0.000000e+00	0.000000e+00	4.664802e-03	5.571032e-03	0.000000e+00	2.545260e-03	2.430685e-01	1.583752e-02	9.621879e-03	3.869809e-04	8.492848e-02	7.671560e-03	8.828321e-03	1.207292e-02	1.789594e-02	0.000000e+00	1.889148e-19	6.639413e-03	4.349393e-01	9.715894e-02
4.349393e-01	5.337250e-03	0.000000e+00	1.643374e-01	5.362142e-04	8.257643e-03	0.000000e+00	2.056325e-03	4.120625e-03	2.790581e-02	4.329948e-02	0.000000e+00	0.000000e+00	0.000000e+00	4.664802e-03	5.571032e-03	0.000000e+00	2.545260e-03	2.430685e-01	1.583752e-02	9.621879e-03	3.869809e-04	8.492848e-02	7.671560e-03	8.828321e-03	1.207292e-02	1.789594e-02	0.000000e+00	1.889148e-19	6.639413e-03	4.349393e-01	9.715894e-02
4.349393e-01	5.337250e-03	0.000000e+00	1.643374e-01	5.362142e-04	8.257643e-03	0.000000e+00	2.056325e-03	4.120625e-03	2.790581e-02	4.329948e-02	0.000000e+00	0.000000e+00	0.000000e+00	4.664802e-03	5.571032e-03	0.000000e+00	2.545260e-03	2.430685e-01	1.583752e-02	9.621879e-03	3.869809e-04	8.492848e-02	7.671560e-03	8.828321e-03	1.207292e-02	1.789594e-02	0.000000e+00	1.889148e-19	6.639413e-03	4.349393e-01	9.715894e-02
4.248168e-01	1.067450e-02	0.000000e+00	1.618455e-01	5.362142e-04	1.070315e-02	0.000000e+00	2.056325e-03	5.888862e-03	2.790581e-02	3.264189e-02	0.000000e+00	0.000000e+00	0.000000e+00	6.043334e-03	5.571032e-03	0.000000e+00	2.545260e-03	2.326886e-01	1.583752e-02	9.621879e-03	2.976776e-04	8.669581e-02	7.671560e-03	8.828321e-03	1.207292e-02	1.915371e-02	0.000000e+00	1.889148e-19	6.639413e-03	4.248168e-01	1.920383e-01
4.248168e-01	1.067450e-02	0.000000e+00	1.618455e-01	5.362142e-04	1.070315e-02	0.000000e+00	2.056325e-03	5.888862e-03	2.790581e-02	3.264189e-02	0.000000e+00	0.000000e+00	0.000000e+00	6.043334e-03	5.571032e-03	0.000000e+00	2.545260e-03	2.326886e-01	1.583752e-02	9.621879e-03	2.976776e-04	8.669581e-02	7.671560e-03	8.828321e-03	1.207292e-02	1.915371e-02	0.000000e+00	1.889148e-19	6.639413e-03	4.248168e-01	1.920383e-01
4.248168e-01	1.067450e-02	0.000000e+00	1.596044e-01	2.569146e-04	1.070315e-02	0.000000e+00	2.056325e-03	1.414590e-02	2.790581e-02	5.021104e-02	0.000000e+00	0.000000e+00	0.000000e+00	6.043334e-03	5.571032e-03	6.313128e-03	2.545260e-03	2.984257e-01	0.000000e+00	9.621879e-03	2.984714e-03	8.669581e-02	7.671560e-03	0.000000e+00	1.282748e-02	1.454821e-02	0.000000e+00	1.889148e-19	3.576147e-02	4.248168e-01	2.136276e-01
4.248168e-01	1.067450e-02	0.000000e+00	1.596044e-01	2.569146e-04	1.070315e-02	0.000000e+00	2.056325e-03	1.414590e-02	2.790581e-02	5.021104e-02	0.000000e+00	0.000000e+00	0.000000e+00	6.043334e-03	5.571032e-03	6.313128e-03	2.545260e-03	2.984257e-01	0.000000e+00	9.621879e-03	2.984714e-03	8.669581e-02	7.671560e-03	0.000000e+00	1.282748e-02	1.454821e-02	0.000000e+00	1.889148e-19	3.576147e-02	4.248168e-01	2.136276e-01
4.248168e-01	1.067450e-02	0.000000e+00	1.596044e-01	2.569146e-04	1.070315e-02	0.000000e+00	2.056325e-03	1.414590e-02	2.790581e-02	5.021104e-02	0.000000e+00	0.000000e+00	0.000000e+00	6.043334e-03	5.571032e-03	6.313128e-03	2.545260e-03	2.984257e-01	0.000000e+00	9.621879e-03	2.984714e-03	8.669581e-02	7.671560e-03	0.000000e+00	1.282748e-02	1.454821e-02	0.000000e+00	1.889148e-19	3.576147e-02	4.248168e-01	2.136276e-01
4.121935e-01	5.590200e-03	0.000000e+00	1.668292e-01	4.733814e-04	3.311131e-03	0.000000e+00	1.061329e-03	0.000000e+00	2.183020e-02	5.395707e-02	5.067116e-03	0.000000e+00	0.000000e+00	2.622032e-03	7.571813e-03	0.000000e+00	0.000000e+00	2.534484e-01	1.279595e-02	1.718735e-02	4.127796e-03	7.255716e-02	0.000000e+00	0.000000e+00	1.207292e-02	1.485791e-02	0.000000e+00	1.666537e-19	6.639413e-03	4.121935e-01	3.464867e-01
4.144382e-01	5.590200e-03	0.000000e+00	1.448375e-01	1.486812e-04	1.070315e-02	0.000000e+00	2.056325e-03	0.000000e+00	3.501161e-02	5.589570e-03	5.067116e-03	0.000000e+00	0.000000e+00	3.139800e-03	1.103385e-02	6.313128e-03	2.545260e-03	3.399455e-01	3.986930e-03	1.815204e-02	3.238732e-03	8.669581e-02	3.777089e-02	0.000000e+00	4.434107e-02	1.506342e-02	0.000000e+00	1.889148e-19	5.526099e-02	4.144382e-01	3.554826e-01
2.596162e-01	5.590200e-03	0.000000e+00	1.448375e-01	4.733814e-04	4.834450e-03	0.000000e+00	6.235200e-02	0.000000e+00	3.501161e-02	5.589570e-03	5.067116e-03	0.000000e+00	0.000000e+00	3.139800e-03	1.103385e-02	6.313128e-03	0.000000e+00	2.534484e-01	1.279595e-02	1.815204e-02	3.238732e-03	2.351424e-02	0.000000e+00	0.000000e+00	4.434107e-02	1.506342e-02	0.000000e+00	0.000000e+00	6.639413e-03	2.596162e-01	3.980320e-01
2.596162e-01	5.590200e-03	0.000000e+00	1.448375e-01	4.733814e-04	4.834450e-03	0.000000e+00	6.235200e-02	0.000000e+00	3.501161e-02	5.589570e-03	5.067116e-03	0.000000e+00	0.000000e+00	3.139800e-03	1.103385e-02	6.313128e-03	0.000000e+00	2.534484e-01	1.279595e-02	1.815204e-02	3.238732e-03	2.351424e-02	0.000000e+00	0.000000e+00	4.434107e-02	1.506342e-02	0.000000e+00	0.000000e+00	6.639413e-03	2.596162e-01	3.980320e-01
2.596162e-01	5.590200e-03	0.000000e+00	1.448375e-01	4.733814e-04	4.834450e-03	0.000000e+00	6.235200e-02	0.000000e+00	3.501161e-02	5.589570e-03	5.067116e-03	0.000000e+00	0.000000e+00	3.139800e-03	1.103385e-02	6.313128e-03	0.000000e+00	2.534484e-01	1.279595e-02	1.815204e-02	3.238732e-03	2.351424e-02	0.000000e+00	0.000000e+00	4.434107e-02	1.506342e-02	0.000000e+00	0.000000e+00	6.639413e-03	2.596162e-01	3.980320e-01
2.596162e-01	5.590200e-03	0.000000e+00	1.448375e-01	4.733814e-04	4.834450e-03	0.000000e+00	6.235200e-02	0.000000e+00	3.501161e-02	5.589570e-03	5.067116e-03	0.000000e+00	0.000000e+00	3.139800e-03	1.103385e-02	6.313128e-03	0.000000e+00	2.534484e-01	1.279595e-02	1.815204e-02	3.238732e-03	2.351424e-02	0.000000e+00	0.000000e+00	4.434107e-02	1.506342e-02	0.000000e+00	0.000000e+00	6.639413e-03	2.596162e-01	3.980320e-01
2.596162e-01	5.590200e-03	0.000000e+00	1.448375e-01	4.733814e-04	4.834450e-03	0.000000e+00	6.235200e-02	0.000000e+00	3.501161e-02	5.589570e-03	5.067116e-03	0.000000e+00	0.000000e+00	3.139800e-03	1.103385e-02	6.313128e-03	0.000000e+00	2.534484e-01	1.279595e-02	1.815204e-02	3.238732e-03	2.351424e-02	0.000000e+00	0.000000e+00	4.434107e-02	1.506342e-02	0.000000e+00	0.000000e+00	6.639413e-03	2.596162e-01	3.980320e-01
2.596162e-01	5.590200e-03	0.000000e+00	1.448375e-01	4.733814e-04	4.834450e-03	0.000000e+00	6.235200e-02	0.000000e+00	3.501161e-02	5.589570e-03	5.067116e-03	0.000000e+00	0.000000e+00	3.139800e-03	1.103385e-02	6.313128e-03	0.000000e+00	2.534484e-01	1.279595e-02	1.815204e-02	3.238732e-03	2.351424e-02	0.000000e+00	0.000000e+00	4.434107e-02	1.506342e-02	0.000000e+00	0.000000e+00	6.639413e-03	2.596162e-01	3.980320e-01
2.596162e-01	5.590200e-03	0.000000e+00	1.448375e-01	4.733814e-04	4.834450e-03	0.000000e+00	6.235200e-02	0.000000e+00	3.501161e-02	5.589570e-03	5.067116e-03	0.000000e+00	0.000000e+00	3.139800e-03	1.103385e-02	6.313128e-03	0.000000e+00	2.534484e-01	1.279595e-02	1.815204e-02	3.238732e-03	2.351424e-02	0.000000e+00	0.000000e+00	4.434107e-02	1.506342e-02	0.000000e+00	0.000000e+00	6.639413e-03	2.596162e-01	3.980320e-01
2.596162e-01	5.590200e-03	0.000000e+00	1.448375e-01	4.733814e-04	4.834450e-03	0.000000e+00	6.235200e-02	0.000000e+00	3.501161e-02	5.589570e-03	5.067116e-03	0.000000e+00	0.000000e+00	3.139800e-03	1.103385e-02	6.313128e-03	0.000000e+00	2.534484e-01	1.279595e-02	1.815204e-02	3.238732e-03	2.351424e-02	0.000000e+00	0.000000e+00	4.434107e-02	1.506342e-02	0.000000e+00	0.000000e+00	6.639413e-03	2.596162e-01	3.980320e-01
2.596162e-01	5.590200e-03	0.000000e+00	1.448375e-01	4.733814e-04	4.834450e-03	0.000000e+00	6.235200e-02	0.000000e+00	3.501161e-02	5.589570e-03	5.067116e-03	0.000000e+00	0.000000e+00	3.139800e-03	1.103385e-02	6.313128e-03	0.000000e+00	2.534484e-01	1.279595e-02	1.815204e-02	3.238732e-03	2.351424e-02	0.000000e+00	0.000000e+00	4.434107e-02	1.506342e-02	0.000000e+00	0.000000e+00	6.639413e-03	2.596162e-01	3.980320e-01
2.488052e-01	3.365503e-03	0.000000e+00	1.448375e-01	4.733814e-04	4.834450e-03	0.000000e+00	6.235200e-02	5.147270e-03	3.501161e-02	5.589570e-03	2.533558e-03	0.000000e+00	0.000000e+00	3.139800e-03	1.294326e-02	6.313128e-03	0.000000e+00	2.534484e-01	2.411044e-03	1.815204e-02	4.105966e-03	2.351424e-02	3.445531e-03	0.000000e+00	2.217054e-02	3.243429e-02	0.000000e+00	2.083701e-19	1.743928e-02	2.488052e-01	4.095659e-01
2.488052e-01	3.365503e-03	0.000000e+00	1.448375e-01	4.733814e-04	4.834450e-03	0.000000e+00	6.235200e-02	5.147270e-03	3.501161e-02	5.589570e-03	2.533558e-03	0.000000e+00	0.000000e+00	3.139800e-03	1.294326e-02	6.313128e-03	0.000000e+00	2.534484e-01	2.411044e-03	1.815204e-02	4.105966e-03	2.351424e-02	3.445531e-03	0.000000e+00	2.217054e-02	3.243429e-02	0.000000e+00	2.083701e-19	1.743928e-02	2.488052e-01	4.095659e-01
2.388588e-01	1.067450e-02	0.000000e+00	1.448375e-01	4.936053e-04	4.834450e-03	0.000000e+00	7.152016e-02	5.530210e-03	3.635986e-02	5.589570e-03	0.000000e+00	0.000000e+00	0.000000e+00	3.139800e-03	1.103385e-02	0.000000e+00	0.000000e+00	3.403573e-01	2.716778e-02	1.815204e-02	3.238732e-03	2.351424e-02	0.000000e+00	0.000000e+00	3.499802e-02	1.506342e-02	0.000000e+00	0.000000e+00	3.932235e-03	2.388588e-01	4.682715e-01
2.388588e-01	1.067450e-02	1.164326e-02	1.428645e-01	4.936053e-04	2.417225e-03	0.000000e+00	7.152016e-02	5.530210e-03	3.635986e-02	9.228755e-03	2.533558e-03	0.000000e+00	0.000000e+00	2.223667e-03	7.814790e-03	1.738988e-02	0.000000e+00	3.403573e-01	6.397973e-03	9.258420e-03	3.238732e-03	2.351424e-02	4.306914e-04	5.681688e-03	2.217054e-02	8.565188e-03	0.000000e+00	0.000000e+00	4.834563e-02	2.388588e-01	4.751071e-01
2.217830e-01	2.795100e-03	2.822326e-02	1.564434e-01	3.600920e-04	7.251675e-03	0.000000e+00	3.117600e-02	5.915384e-03	3.467455e-02	7.409162e-03	2.533558e-03	0.000000e+00	0.000000e+00	4.055934e-03	1.103385e-02	1.423332e-02	0.000000e+00	2.534484e-01	1.599493e-02	2.704566e-02	2.862666e-03	0.000000e+00	3.014840e-03	8.137765e-03	1.983477e-02	8.565188e-03	0.000000e+00	0.000000e+00	0.000000e+00	2.217830e-01	5.440491e-01
2.142088e-01	0.000000e+00	2.328653e-02	1.448375e-01	4.733814e-04	4.834450e-03	0.000000e+00	4.401568e-02	2.573635e-03	3.050568e-02	1.286794e-02	3.577840e-03	0.000000e+00	0.000000e+00	3.139800e-03	1.198855e-02	6.313128e-03	0.000000e+00	2.457097e-01	7.603495e-03	3.648005e-04	0.000000e+00	2.351424e-02	8.613828e-04	1.136338e-02	0.000000e+00	2.066956e-03	0.000000e+00	0.000000e+00	9.005185e-02	2.142088e-01	6.067692e-01
2.142088e-01	0.000000e+00	2.328653e-02	1.448375e-01	4.733814e-04	4.834450e-03	0.000000e+00	4.401568e-02	2.573635e-03	3.050568e-02	1.286794e-02	3.577840e-03	0.000000e+00	0.000000e+00	3.139800e-03	1.198855e-02	6.313128e-03	0.000000e+00	2.457097e-01	7.603495e-03	3.648005e-04	0.000000e+00	2.351424e-02	8.613828e-04	1.136338e-02	0.000000e+00	2.066956e-03	0.000000e+00	0.000000e+00	9.005185e-02	2.142088e-01	6.067692e-01
2.088033e-01	3.365503e-03	0.000000e+00	1.448375e-01	4.733814e-04	4.834450e-03	0.000000e+00	6.235200e-02	5.147270e-03	3.050568e-02	2.631870e-02	2.311061e-03	2.461832e-02	0.000000e+00	3.139800e-03	1.294326e-02	6.313128e-03	0.000000e+00	3.364879e-01	2.411044e-03	1.294733e-02	4.105966e-03	2.351424e-02	7.671560e-03	2.579441e-02	2.217054e-02	4.015277e-02	0.000000e+00	0.000000e+00	1.743928e-02	2.088033e-01	6.856317e-01
1.954566e-01	2.457411e-03	2.910816e-02	1.443909e-01	0.000000e+00	0.000000e+00	0.000000e+00	1.132575e-01	9.162978e-03	3.231511e-02	1.375321e-02	1.266779e-03	0.000000e+00	0.000000e+00	1.736067e-03	1.903711e-03	2.846663e-02	0.000000e+00	2.457097e-01	0.000000e+00	3.648005e-04	1.111330e-03	0.000000e+00	0.000000e+00	1.420422e-02	0.000000e+00	2.066956e-03	0.000000e+00	0.000000e+00	9.005185e-02	1.954566e-01	7.650552e-01
9.274899e-02	0.000000e+00	0.000000e+00	7.790412e-02	0.000000e+00	1.103252e-03	0.000000e+00	0.000000e+00	1.183077e-02	3.231511e-02	4.313214e-02	1.880901e-02	0.000000e+00	0.000000e+00	1.307534e-03	4.595732e-03	0.000000e+00	0.000000e+00	2.457097e-01	2.552412e-02	0.000000e+00	4.572328e-03	0.000000e+00	8.613828e-04	1.136338e-02	0.000000e+00	2.066956e-03	0.000000e+00	6.251103e-19	1.494282e-02	9.274899e-02	8.058474e-01
9.274899e-02	0.000000e+00	0.000000e+00	7.790412e-02	0.000000e+00	1.103252e-03	0.000000e+00	0.000000e+00	1.183077e-02	3.231511e-02	4.313214e-02	1.880901e-02	0.000000e+00	0.000000e+00	1.307534e-03	4.595732e-03	0.000000e+00	0.000000e+00	2.457097e-01	2.552412e-02	0.000000e+00	4.572328e-03	0.000000e+00	8.613828e-04	1.136338e-02	0.000000e+00	2.066956e-03	0.000000e+00	6.251103e-19	1.494282e-02	9.274899e-02	8.058474e-01
9.274899e-02	0.000000e+00	0.000000e+00	7.790412e-02	0.000000e+00	1.103252e-03	0.000000e+00	0.000000e+00	1.183077e-02	3.231511e-02	4.313214e-02	1.880901e-02	0.000000e+00	0.000000e+00	1.307534e-03	4.595732e-03	0.000000e+00	0.000000e+00	2.457097e-01	2.552412e-02	0.000000e+00	4.572328e-03	0.000000e+00	8.613828e-04	1.136338e-02	0.000000e+00	2.066956e-03	0.000000e+00	6.251103e-19	1.494282e-02	9.274899e-02	8.058474e-01
9.274899e-02	0.000000e+00	0.000000e+00	7.790412e-02	0.000000e+00	1.103252e-03	0.000000e+00	0.000000e+00	1.183077e-02	3.231511e-02	4.313214e-02	1.880901e-02	0.000000e+00	0.000000e+00	1.307534e-03	4.595732e-03	0.000000e+00	0.000000e+00	2.457097e-01	2.552412e-02	0.000000e+00	4.572328e-03	0.000000e+00	8.613828e-04	1.136338e-02	0.000000e+00	2.066956e-03	0.000000e+00	6.251103e-19	1.494282e-02	9.274899e-02	8.058474e-01
9.274899e-02	0.000000e+00	0.000000e+00	7.790412e-02	0.000000e+00	1.103252e-03	0.000000e+00	0.000000e+00	1.183077e-02	3.231511e-02	4.313214e-02	1.880901e-02	0.000000e+00	0.000000e+00	1.307534e-03	4.595732e-03	0.000000e+00	0.000000e+00	2.457097e-01	2.552412e-02	0.000000e+00	4.572328e-03	0.000000e+00	8.613828e-04	1.136338e-02	0.000000e+00	2.066956e-03	0.000000e+00	6.251103e-19	1.494282e-02	9.274899e-02	8.058474e-01
9.274899e-02	0.000000e+00	0.000000e+00	7.790412e-02	0.000000e+00	1.103252e-03	0.000000e+00	0.000000e+00	1.183077e-02	3.231511e-02	4.313214e-02	1.880901e-02	0.000000e+00	0.000000e+00	1.307534e-03	4.595732e-03	0.000000e+00	0.000000e+00	2.457097e-01	2.552412e-02	0.000000e+00	4.572328e-03	0.000000e+00	8.613828e-04	1.136338e-02	0.000000e+00	2.066956e-03	0.000000e+00	6.251103e-19	1.494282e-02	9.274899e-02	8.058474e-01
7.686922e-02	4.601165e-03	6.631999e-02	1.468941e-01	2.369717e-04	3.283921e-03	0.000000e+00	6.305888e-02	1.087007e-02	3.050568e-02	2.631870e-02	0.000000e+00	0.000000e+00	0.000000e+00	1.381385e-02	1.021185e-02	6.313128e-03	0.000000e+00	3.330304e-01	1.038490e-02	1.294733e-02	2.032146e-03	0.000000e+00	3.445531e-03	2.047279e-02	1.282748e-02	3.447944e-02	0.000000e+00	0.000000e+00	5.478503e-02	7.686922e-02	9.056189e-01
5.406410e-02	6.374346e-03	5.869383e-03	9.889989e-02	4.572593e-04	7.355011e-04	0.000000e+00	0.000000e+00	1.150911e-02	3.231511e-02	3.304407e-02	1.253934e-02	3.692748e-02	1.181593e-02	0.000000e+00	0.000000e+00	4.096893e-02	0.000000e+00	3.364879e-01	1.701608e-02	9.306695e-05	3.048218e-03	0.000000e+00	0.000000e+00	7.575583e-03	0.000000e+00	2.066956e-03	0.000000e+00	4.167402e-19	3.997916e-02	5.406410e-02	9.064525e-01
5.406410e-02	6.374346e-03	5.869383e-03	9.889989e-02	4.572593e-04	7.355011e-04	0.000000e+00	0.000000e+00	1.150911e-02	3.231511e-02	3.304407e-02	1.253934e-02	3.692748e-02	1.181593e-02	0.000000e+00	0.000000e+00	4.096893e-02	0.000000e+00	3.364879e-01	1.701608e-02	9.306695e-05	3.048218e-03	0.000000e+00	0.000000e+00	7.575583e-03	0.000000e+00	2.066956e-03	0.000000e+00	4.167402e-19	3.997916e-02	5.406410e-02	9.064525e-01
3.472165e-02	0.000000e+00	2.328653e-02	1.408914e-01	6.858890e-04	1.103252e-03	0.000000e+00	4.401568e-02	1.134828e-02	3.231511e-02	1.286794e-02	1.880901e-02	5.539123e-02	1.772389e-02	0.000000e+00	4.595732e-03	4.722009e-02	0.000000e+00	2.457097e-01	0.000000e+00	3.648005e-04	0.000000e+00	0.000000e+00	0.000000e+00	5.681688e-03	0.000000e+00	2.066956e-03	0.000000e+00	6.251103e-19	9.005185e-02	3.472165e-02	9.962445e-01
1.452716e-02	5.759677e-03	0.000000e+00	8.724580e-02	5.930748e-04	0.000000e+00	0.000000e+00	0.000000e+00	1.086579e-02	3.113539e-02	6.099363e-02	7.211015e-04	0.000000e+00	1.245695e-02	0.000000e+00	1.376674e-03	4.644975e-02	0.000000e+00	2.418404e-01	3.028871e-02	0.000000e+00	0.000000e+00	0.000000e+00	0.000000e+00	0.000000e+00	0.000000e+00	2.066956e-03	0.000000e+00	5.846560e-02	2.241423e-02	1.452716e-02	1.052249e+00
1.452716e-02	5.759677e-03	0.000000e+00	8.724580e-02	5.930748e-04	0.000000e+00	0.000000e+00	0.000000e+00	1.086579e-02	3.113539e-02	6.099363e-02	7.211015e-04	0.000000e+00	1.245695e-02	0.000000e+00	1.376674e-03	4.644975e-02	0.000000e+00	2.418404e-01	3.028871e-02	0.000000e+00	0.000000e+00	0.000000e+00	0.000000e+00	0.000000e+00	0.000000e+00	2.066956e-03	0.000000e+00	5.846560e-02	2.241423e-02	1.452716e-02	1.052249e+00
0.000000e+00	0.000000e+00	1.751265e-02	1.076481e-01	6.939500e-04	1.103252e-03	0.000000e+00	2.200784e-02	6.880543e-03	3.233677e-02	1.791197e-02	1.880901e-02	3.692748e-02	1.181593e-02	0.000000e+00	4.595732e-03	3.298677e-02	0.000000e+00	2.457097e-01	0.000000e+00	1.824003e-04	0.000000e+00	1.175712e-02	0.000000e+00	5.681688e-03	0.000000e+00	2.066956e-03	0.000000e+00	6.251103e-19	5.249734e-02	0.000000e+00	1.195246e+00
