8.494937e-01	2.998864e-02	1.248386e-03	3.978792e-01	2.759976e-02	6.853151e-02	1.572633e-02	3.283570e-02	2.149868e-02	1.458399e-02	0.000000e+00	1.334957e-01	4.223846e-03	1.643371e-02	0.000000e+00	6.402555e-02	1.037206e-02	1.345648e-02	4.342497e-03	0.000000e+00	3.187177e-01	7.496557e-03	2.420311e-02	5.993503e-02	9.474041e-02	8.574738e-03	1.825728e-02	7.615680e-03	5.128258e-02	0.000000e+00	8.494937e-01	-5.097980e-01
8.494937e-01	2.998864e-02	1.248386e-03	3.978792e-01	2.759976e-02	6.853151e-02	1.572633e-02	3.283570e-02	2.149868e-02	1.458399e-02	0.000000e+00	1.334957e-01	4.223846e-03	1.643371e-02	0.000000e+00	6.402555e-02	1.037206e-02	1.345648e-02	4.342497e-03	0.000000e+00	3.187177e-01	7.496557e-03	2.420311e-02	5.993503e-02	9.474041e-02	8.574738e-03	1.825728e-02	7.615680e-03	5.128258e-02	0.000000e+00	8.494937e-01	-5.097980e-01
8.494937e-01	2.998864e-02	1.248386e-03	3.978792e-01	2.759976e-02	6.853151e-02	1.572633e-02	3.283570e-02	2.149868e-02	1.458399e-02	0.000000e+00	1.334957e-01	4.223846e-03	1.643371e-02	0.000000e+00	6.402555e-02	1.037206e-02	1.345648e-02	4.342497e-03	0.000000e+00	3.187177e-01	7.496557e-03	2.420311e-02	5.993503e-02	9.474041e-02	8.574738e-03	1.825728e-02	7.615680e-03	5.128258e-02	0.000000e+00	8.494937e-01	-5.097980e-01
8.494937e-01	2.998864e-02	1.248386e-03	3.978792e-01	2.759976e-02	6.853151e-02	1.572633e-02	3.283570e-02	2.149868e-02	1.458399e-02	0.000000e+00	1.334957e-01	4.223846e-03	1.643371e-02	0.000000e+00	6.402555e-02	1.037206e-02	1.345648e-02	4.342497e-03	0.000000e+00	3.187177e-01	7.496557e-03	2.420311e-02	5.993503e-02	9.474041e-02	8.574738e-03	1.825728e-02	7.615680e-03	5.128258e-02	0.000000e+00	8.494937e-01	-5.097980e-01
8.494937e-01	2.998864e-02	1.248386e-03	3.978792e-01	2.759976e-02	6.853151e-02	1.572633e-02	3.283570e-02	2.149868e-02	1.458399e-02	0.000000e+00	1.334957e-01	4.223846e-03	1.643371e-02	0.000000e+00	6.402555e-02	1.037206e-02	1.345648e-02	4.342497e-03	0.000000e+00	3.187177e-01	7.496557e-03	2.420311e-02	5.993503e-02	9.474041e-02	8.574738e-03	1.825728e-02	7.615680e-03	5.128258e-02	0.000000e+00	8.494937e-01	-5.097980e-01
8.494937e-01	2.998864e-02	1.248386e-03	3.978792e-01	2.759976e-02	6.853151e-02	1.572633e-02	3.283570e-02	2.149868e-02	1.458399e-02	0.000000e+00	1.334957e-01	4.223846e-03	1.643371e-02	0.000000e+00	6.402555e-02	1.037206e-02	1.345648e-02	4.342497e-03	0.000000e+00	3.187177e-01	7.496557e-03	2.420311e-02	5.993503e-02	9.474041e-02	8.574738e-03	1.825728e-02	7.615680e-03	5.128258e-02	0.000000e+00	8.494937e-01	-5.097980e-01
8.494937e-01	2.998864e-02	1.248386e-03	3.978792e-01	2.759976e-02	6.853151e-02	1.572633e-02	3.283570e-02	2.149868e-02	1.458399e-02	0.000000e+00	1.334957e-01	4.223846e-03	1.643371e-02	0.000000e+00	6.402555e-02	1.037206e-02	1.345648e-02	4.342497e-03	0.000000e+00	3.187177e-01	7.496557e-03	2.420311e-02	5.993503e-02	9.474041e-02	8.574738e-03	1.825728e-02	7.615680e-03	5.128258e-02	0.000000e+00	8.494937e-01	-5.097980e-01
8.494937e-01	2.998864e-02	1.248386e-03	3.978792e-01	2.759976e-02	6.853151e-02	1.572633e-02	3.283570e-02	2.149868e-02	1.458399e-02	0.000000e+00	1.334957e-01	4.223846e-03	1.643371e-02	0.000000e+00	6.402555e-02	1.037206e-02	1.345648e-02	4.342497e-03	0.000000e+00	3.187177e-01	7.496557e-03	2.420311e-02	5.993503e-02	9.474041e-02	8.574738e-03	1.825728e-02	7.615680e-03	5.128258e-02	0.000000e+00	8.494937e-01	-5.097980e-01
8.494937e-01	2.998864e-02	1.248386e-03	3.978792e-01	2.759976e-02	6.853151e-02	1.572633e-02	3.283570e-02	2.149868e-02	1.458399e-02	0.000000e+00	1.334957e-01	0.000000e+00	1.643371e-02	0.000000e+00	6.402555e-02	1.037206e-02	1.345648e-02	4.342497e-03	0.000000e+00	3.187177e-01	1.478450e-02	2.420311e-02	5.993503e-02	9.474041e-02	8.574738e-03	5.691197e-02	7.615680e-03	5.128258e-02	0.000000e+00	8.494937e-01	-5.017963e-01
8.494937e-01	2.998864e-02	1.248386e-03	3.978792e-01	2.759976e-02	6.853151e-02	1.572633e-02	3.283570e-02	2.149868e-02	1.458399e-02	0.000000e+00	1.334957e-01	0.000000e+00	1.643371e-02	0.000000e+00	6.402555e-02	1.037206e-02	1.345648e-02	4.342497e-03	0.000000e+00	3.187177e-01	1.478450e-02	2.420311e-02	5.993503e-02	9.474041e-02	8.574738e-03	5.691197e-02	7.615680e-03	5.128258e-02	0.000000e+00	8.494937e-01	-5.017963e-01
8.453748e-01	4.340173e-02	1.262835e-03	4.535624e-01	2.577360e-02	6.853151e-02	1.572633e-02	3.283570e-02	1.996745e-02	1.458399e-02	0.000000e+00	1.235547e-01	2.417250e-03	8.216856e-03	0.000000e+00	6.402555e-02	1.555809e-02	1.345648e-02	4.342497e-03	5.812697e-03	3.180345e-01	1.478450e-02	3.434048e-02	5.993503e-02	9.474041e-02	8.574738e-03	0.000000e+00	3.807840e-03	5.128258e-02	0.000000e+00	8.453748e-01	-4.842957e-01
8.453748e-01	4.340173e-02	1.262835e-03	4.535624e-01	2.577360e-02	6.853151e-02	1.572633e-02	3.283570e-02	1.996745e-02	1.458399e-02	0.000000e+00	1.235547e-01	2.417250e-03	8.216856e-03	0.000000e+00	6.402555e-02	1.555809e-02	1.345648e-02	4.342497e-03	5.812697e-03	3.180345e-01	1.478450e-02	3.434048e-02	5.993503e-02	9.474041e-02	8.574738e-03	0.000000e+00	3.807840e-03	5.128258e-02	0.000000e+00	8.453748e-01	-4.842957e-01
8.433153e-01	4.340173e-02	1.426589e-03	4.252727e-01	3.729139e-02	6.853151e-02	1.572633e-02	3.461165e-02	2.570861e-02	9.234077e-03	0.000000e+00	9.870242e-02	2.417250e-03	8.216856e-03	0.000000e+00	5.869336e-02	1.555809e-02	1.345648e-02	4.342497e-03	8.719046e-03	3.200842e-01	1.478450e-02	6.868096e-02	5.993503e-02	1.121936e-01	4.287369e-03	2.496109e-02	2.216963e-03	5.128258e-02	0.000000e+00	8.433153e-01	-4.652438e-01
8.412559e-01	4.340173e-02	1.426589e-03	3.969829e-01	3.729139e-02	6.853151e-02	1.572633e-02	3.638761e-02	3.144977e-02	9.234077e-03	0.000000e+00	7.385009e-02	2.417250e-03	8.216856e-03	0.000000e+00	5.869336e-02	1.555809e-02	1.345648e-02	4.342497e-03	1.162539e-02	3.200842e-01	1.478450e-02	6.868096e-02	5.993503e-02	1.296468e-01	4.287369e-03	4.992218e-02	2.216963e-03	5.128258e-02	0.000000e+00	8.412559e-01	-4.488656e-01
8.412559e-01	4.340173e-02	1.426589e-03	3.969829e-01	3.729139e-02	6.853151e-02	1.572633e-02	3.638761e-02	3.144977e-02	9.234077e-03	0.000000e+00	7.385009e-02	2.417250e-03	8.216856e-03	0.000000e+00	5.869336e-02	1.555809e-02	1.345648e-02	4.342497e-03	1.162539e-02	3.200842e-01	1.478450e-02	6.868096e-02	5.993503e-02	1.296468e-01	4.287369e-03	4.992218e-02	2.216963e-03	5.128258e-02	0.000000e+00	8.412559e-01	-4.488656e-01
8.412559e-01	4.340173e-02	1.590344e-03	5.234710e-01	3.729139e-02	6.853151e-02	1.572633e-02	3.638761e-02	1.257601e-02	1.452741e-02	3.362031e-02	9.621719e-02	3.015221e-03	8.216856e-03	0.000000e+00	5.211397e-02	6.175086e-04	1.345648e-02	4.342497e-03	1.162539e-02	3.200842e-01	1.478450e-02	0.000000e+00	5.993503e-02	1.256568e-01	0.000000e+00	4.992218e-02	0.000000e+00	5.128258e-02	0.000000e+00	8.412559e-01	-4.355171e-01
8.412559e-01	4.340173e-02	1.590344e-03	5.234710e-01	3.729139e-02	6.853151e-02	1.572633e-02	3.638761e-02	1.257601e-02	1.452741e-02	3.362031e-02	9.621719e-02	3.015221e-03	8.216856e-03	0.000000e+00	5.211397e-02	6.175086e-04	1.345648e-02	4.342497e-03	1.162539e-02	3.200842e-01	1.478450e-02	0.000000e+00	5.993503e-02	1.256568e-01	0.000000e+00	4.992218e-02	0.000000e+00	5.128258e-02	0.000000e+00	8.412559e-01	-4.355171e-01
8.412559e-01	4.340173e-02	1.590344e-03	5.234710e-01	3.729139e-02	6.853151e-02	1.572633e-02	3.638761e-02	1.257601e-02	1.452741e-02	3.362031e-02	9.621719e-02	3.015221e-03	8.216856e-03	0.000000e+00	5.211397e-02	6.175086e-04	1.345648e-02	4.342497e-03	1.162539e-02	3.200842e-01	1.478450e-02	0.000000e+00	5.993503e-02	1.256568e-01	0.000000e+00	4.992218e-02	0.000000e+00	5.128258e-02	0.000000e+00	8.412559e-01	-4.355171e-01
8.330180e-01	5.102625e-02	1.017203e-03	1.722964e-01	1.299049e-02	7.032032e-02	3.159662e-02	6.118508e-02	1.843622e-02	1.322364e-03	0.000000e+00	5.396824e-02	1.221308e-03	0.000000e+00	6.841285e-03	7.451824e-02	0.000000e+00	0.000000e+00	4.342497e-04	2.325079e-02	3.296490e-01	8.825893e-03	2.263176e-01	0.000000e+00	9.474041e-02	1.714948e-02	0.000000e+00	1.523136e-02	2.564129e-02	2.672028e-02	8.330180e-01	-3.903365e-01
8.412559e-01	4.340173e-02	1.590344e-03	5.234710e-01	3.729139e-02	6.853151e-02	1.572633e-02	3.638761e-02	1.257601e-02	1.452741e-02	3.362031e-02	9.621719e-02	3.015221e-03	8.216856e-03	0.000000e+00	5.211397e-02	6.175086e-04	1.345648e-02	4.342497e-03	1.162539e-02	3.200842e-01	1.478450e-02	0.000000e+00	5.993503e-02	1.256568e-01	0.000000e+00	4.992218e-02	0.000000e+00	5.128258e-02	0.000000e+00	8.412559e-01	-4.355171e-01
8.330180e-01	4.340173e-02	1.344712e-03	4.252727e-01	1.299049e-02	7.032032e-02	3.159662e-02	3.461165e-02	1.843622e-02	1.190903e-02	0.000000e+00	9.870242e-02	2.417250e-03	8.216856e-03	0.000000e+00	6.135946e-02	1.555809e-02	0.000000e+00	4.342497e-04	2.325079e-02	3.190593e-01	1.478450e-02	5.151072e-02	0.000000e+00	1.121936e-01	6.431054e-03	2.496109e-02	3.012402e-03	2.564129e-02	2.672028e-02	8.330180e-01	-3.674173e-01
8.330180e-01	4.340173e-02	1.344712e-03	4.252727e-01	1.299049e-02	7.032032e-02	3.159662e-02	3.461165e-02	1.843622e-02	1.190903e-02	0.000000e+00	9.870242e-02	2.417250e-03	8.216856e-03	0.000000e+00	6.135946e-02	1.555809e-02	0.000000e+00	4.342497e-04	2.325079e-02	3.190593e-01	1.478450e-02	5.151072e-02	0.000000e+00	1.121936e-01	6.431054e-03	2.496109e-02	3.012402e-03	2.564129e-02	2.672028e-02	8.330180e-01	-3.674173e-01
8.327277e-01	3.436249e-02	1.831159e-03	5.084299e-01	4.150454e-02	7.076752e-02	2.732642e-02	3.461165e-02	2.009885e-02	7.840026e-03	1.681015e-02	9.870242e-02	4.223846e-03	8.216856e-03	0.000000e+00	4.544874e-02	9.742973e-03	0.000000e+00	1.985176e-04	2.833690e-02	3.198280e-01	1.478450e-02	0.000000e+00	2.628554e-02	1.692898e-01	3.215527e-03	4.018701e-02	3.012402e-03	2.564129e-02	0.000000e+00	8.327277e-01	-3.405404e-01
8.327277e-01	3.436249e-02	1.831159e-03	5.084299e-01	4.150454e-02	7.076752e-02	2.732642e-02	3.461165e-02	2.009885e-02	7.840026e-03	1.681015e-02	9.870242e-02	4.223846e-03	8.216856e-03	0.000000e+00	4.544874e-02	9.742973e-03	0.000000e+00	1.985176e-04	2.833690e-02	3.198280e-01	1.478450e-02	0.000000e+00	2.628554e-02	1.692898e-01	3.215527e-03	4.018701e-02	3.012402e-03	2.564129e-02	0.000000e+00	8.327277e-01	-3.405404e-01
8.327277e-01	3.436249e-02	1.831159e-03	5.084299e-01	4.150454e-02	7.076752e-02	2.732642e-02	3.461165e-02	2.009885e-02	7.840026e-03	1.681015e-02	9.870242e-02	4.223846e-03	8.216856e-03	0.000000e+00	4.544874e-02	9.742973e-03	0.000000e+00	1.985176e-04	2.833690e-02	3.198280e-01	1.478450e-02	0.000000e+00	2.628554e-02	1.692898e-01	3.215527e-03	4.018701e-02	3.012402e-03	2.564129e-02	0.000000e+00	8.327277e-01	-3.405404e-01
8.327277e-01	3.436249e-02	1.831159e-03	7.548276e-01	0.000000e+00	0.000000e+00	0.000000e+00	0.000000e+00	2.009885e-02	1.318781e-01	0.000000e+00	0.000000e+00	0.000000e+00	8.216856e-03	0.000000e+00	8.931052e-02	9.742973e-03	0.000000e+00	3.380901e-03	0.000000e+00	2.139033e-01	0.000000e+00	2.838866e-01	8.949106e-03	1.692898e-01	3.215527e-03	8.758847e-04	1.231590e-02	3.613731e-02	0.000000e+00	8.327277e-01	-2.972462e-01
8.327277e-01	3.436249e-02	1.831159e-03	7.548276e-01	0.000000e+00	0.000000e+00	0.000000e+00	0.000000e+00	2.009885e-02	1.318781e-01	0.000000e+00	0.000000e+00	0.000000e+00	8.216856e-03	0.000000e+00	8.931052e-02	9.742973e-03	0.000000e+00	3.380901e-03	0.000000e+00	2.139033e-01	0.000000e+00	2.838866e-01	8.949106e-03	1.692898e-01	3.215527e-03	8.758847e-04	1.231590e-02	3.613731e-02	0.000000e+00	8.327277e-01	-2.972462e-01
8.327277e-01	3.436249e-02	1.831159e-03	7.548276e-01	0.000000e+00	0.000000e+00	0.000000e+00	0.000000e+00	2.009885e-02	2.106986e-02	0.000000e+00	0.000000e+00	0.000000e+00	0.000000e+00	0.000000e+00	8.931052e-02	9.742973e-03	0.000000e+00	3.380901e-03	0.000000e+00	2.492115e-01	0.000000e+00	2.838866e-01	8.949106e-03	2.492757e-02	3.215527e-03	1.397959e-02	9.214737e-03	1.631932e-02	0.000000e+00	8.327277e-01	-3.437162e-01
8.327277e-01	8.077840e-02	8.630818e-04	7.548276e-01	2.282094e-03	1.133032e-03	0.000000e+00	0.000000e+00	2.009885e-02	2.106986e-02	0.000000e+00	1.345423e-02	0.000000e+00	0.000000e+00	0.000000e+00	7.468992e-02	9.742973e-03	0.000000e+00	3.380901e-03	0.000000e+00	2.492115e-01	0.000000e+00	1.892577e-01	8.949106e-03	2.492757e-02	3.215527e-03	1.397959e-02	9.214737e-03	1.631932e-02	0.000000e+00	8.327277e-01	-3.528038e-01
8.327277e-01	8.077840e-02	8.630818e-04	7.548276e-01	2.282094e-03	1.133032e-03	0.000000e+00	0.000000e+00	2.009885e-02	2.106986e-02	0.000000e+00	1.345423e-02	0.000000e+00	0.000000e+00	0.000000e+00	7.468992e-02	9.742973e-03	0.000000e+00	3.380901e-03	0.000000e+00	2.492115e-01	0.000000e+00	1.892577e-01	8.949106e-03	2.492757e-02	3.215527e-03	1.397959e-02	9.214737e-03	1.631932e-02	0.000000e+00	8.327277e-01	-3.528038e-01
6.359005e-01	8.077840e-02	8.630818e-04	3.067545e-02	2.282094e-03	1.133032e-03	0.000000e+00	0.000000e+00	6.527167e-05	2.106986e-02	0.000000e+00	1.345423e-02	0.000000e+00	0.000000e+00	3.325286e-03	7.468992e-02	0.000000e+00	0.000000e+00	2.320106e-03	0.000000e+00	2.492115e-01	0.000000e+00	1.892577e-01	1.472792e-02	2.492757e-02	2.808130e-02	1.397959e-02	9.214737e-03	1.631932e-02	0.000000e+00	6.359005e-01	-2.219094e-01
6.359005e-01	8.077840e-02	8.630818e-04	3.067545e-02	2.282094e-03	1.133032e-03	0.000000e+00	0.000000e+00	6.527167e-05	2.106986e-02	0.000000e+00	1.345423e-02	0.000000e+00	0.000000e+00	3.325286e-03	7.468992e-02	0.000000e+00	0.000000e+00	2.320106e-03	0.000000e+00	2.492115e-01	0.000000e+00	1.892577e-01	1.472792e-02	2.492757e-02	2.808130e-02	1.397959e-02	9.214737e-03	1.631932e-02	0.000000e+00	6.359005e-01	-2.219094e-01
6.359005e-01	8.077840e-02	8.630818e-04	3.067545e-02	2.282094e-03	1.133032e-03	0.000000e+00	0.000000e+00	6.527167e-05	2.106986e-02	0.000000e+00	1.345423e-02	0.000000e+00	0.000000e+00	3.325286e-03	7.468992e-02	0.000000e+00	0.000000e+00	2.320106e-03	0.000000e+00	2.492115e-01	0.000000e+00	1.892577e-01	1.472792e-02	2.492757e-02	2.808130e-02	1.397959e-02	9.214737e-03	1.631932e-02	0.000000e+00	6.359005e-01	-2.219094e-01
6.359005e-01	8.077840e-02	8.630818e-04	3.067545e-02	2.282094e-03	1.133032e-03	0.000000e+00	0.000000e+00	6.527167e-05	2.106986e-02	0.000000e+00	1.345423e-02	0.000000e+00	0.000000e+00	3.325286e-03	7.468992e-02	0.000000e+00	0.000000e+00	2.320106e-03	0.000000e+00	2.492115e-01	0.000000e+00	1.892577e-01	1.472792e-02	2.492757e-02	2.808130e-02	1.397959e-02	9.214737e-03	1.631932e-02	0.000000e+00	6.359005e-01	-2.219094e-01
6.359005e-01	8.077840e-02	8.630818e-04	3.067545e-02	2.282094e-03	1.133032e-03	0.000000e+00	0.000000e+00	6.527167e-05	2.106986e-02	0.000000e+00	1.345423e-02	0.000000e+00	0.000000e+00	3.325286e-03	7.468992e-02	0.000000e+00	0.000000e+00	2.320106e-03	0.000000e+00	2.492115e-01	0.000000e+00	1.892577e-01	1.472792e-02	2.492757e-02	2.808130e-02	1.397959e-02	9.214737e-03	1.631932e-02	0.000000e+00	6.359005e-01	-2.219094e-01
6.359005e-01	8.077840e-02	8.630818e-04	3.067545e-02	2.282094e-03	1.133032e-03	0.000000e+00	0.000000e+00	6.527167e-05	2.106986e-02	0.000000e+00	1.345423e-02	0.000000e+00	0.000000e+00	3.325286e-03	7.468992e-02	0.000000e+00	0.000000e+00	2.320106e-03	0.000000e+00	2.492115e-01	0.000000e+00	1.892577e-01	1.472792e-02	2.492757e-02	2.808130e-02	1.397959e-02	9.214737e-03	1.631932e-02	0.000000e+00	6.359005e-01	-2.219094e-01
6.359005e-01	7.614006e-02	3.389741e-02	2.300659e-02	2.282094e-03	9.914030e-04	0.000000e+00	1.344592e-03	6.527167e-05	2.049160e-02	0.000000e+00	1.628733e-02	5.713065e-03	0.000000e+00	6.041196e-03	5.601744e-02	2.386168e-03	8.969027e-03	2.320106e-03	0.000000e+00	2.530535e-01	0.000000e+00	2.013992e-01	1.472792e-02	2.492757e-02	2.106098e-02	1.397959e-02	8.706875e-03	1.355344e-02	0.000000e+00	6.359005e-01	-2.157283e-01
6.359005e-01	7.614006e-02	3.389741e-02	2.300659e-02	2.282094e-03	9.914030e-04	0.000000e+00	1.344592e-03	6.527167e-05	2.049160e-02	0.000000e+00	1.628733e-02	5.713065e-03	0.000000e+00	6.041196e-03	5.601744e-02	2.386168e-03	8.969027e-03	2.320106e-03	0.000000e+00	2.530535e-01	0.000000e+00	2.013992e-01	1.472792e-02	2.492757e-02	2.106098e-02	1.397959e-02	8.706875e-03	1.355344e-02	0.000000e+00	6.359005e-01	-2.157283e-01
6.359005e-01	7.614006e-02	3.389741e-02	2.300659e-02	2.282094e-03	9.914030e-04	0.000000e+00	1.344592e-03	6.527167e-05	2.049160e-02	0.000000e+00	1.628733e-02	5.713065e-03	0.000000e+00	6.041196e-03	5.601744e-02	2.386168e-03	8.969027e-03	2.320106e-03	0.000000e+00	2.530535e-01	0.000000e+00	2.013992e-01	1.472792e-02	2.492757e-02	2.106098e-02	1.397959e-02	8.706875e-03	1.355344e-02	0.000000e+00	6.359005e-01	-2.157283e-01
6.359005e-01	7.614006e-02	3.389741e-02	2.300659e-02	2.282094e-03	9.914030e-04	0.000000e+00	1.344592e-03	6.527167e-05	2.049160e-02	0.000000e+00	1.628733e-02	5.713065e-03	0.000000e+00	6.041196e-03	5.601744e-02	2.386168e-03	8.969027e-03	2.320106e-03	0.000000e+00	2.530535e-01	0.000000e+00	2.013992e-01	1.472792e-02	2.492757e-02	2.106098e-02	1.397959e-02	8.706875e-03	1.355344e-02	0.000000e+00	6.359005e-01	-2.157283e-01
6.359005e-01	7.614006e-02	5.235685e-02	2.300659e-02	0.000000e+00	4.748194e-03	0.000000e+00	1.344592e-03	2.879632e-06	2.049160e-02	0.000000e+00	2.475851e-02	5.713065e-03	0.000000e+00	3.230343e-02	0.000000e+00	2.386168e-03	8.969027e-03	0.000000e+00	0.000000e+00	2.667166e-01	0.000000e+00	2.243121e-01	1.145703e-02	2.492757e-02	2.106098e-02	0.000000e+00	8.706875e-03	1.355344e-02	0.000000e+00	6.359005e-01	-2.126128e-01
6.359005e-01	7.614006e-02	5.235685e-02	2.300659e-02	0.000000e+00	0.000000e+00	0.000000e+00	1.344592e-03	2.879632e-06	1.176654e-02	0.000000e+00	2.475851e-02	5.713065e-03	0.000000e+00	3.230343e-02	0.000000e+00	3.579251e-03	0.000000e+00	0.000000e+00	0.000000e+00	2.756700e-01	0.000000e+00	2.243121e-01	1.145703e-02	2.523228e-02	2.106098e-02	0.000000e+00	8.373335e-03	1.770226e-02	0.000000e+00	6.359005e-01	-2.142468e-01
6.359005e-01	7.614006e-02	5.235685e-02	2.300659e-02	1.564220e-02	0.000000e+00	0.000000e+00	1.344592e-03	2.879632e-06	1.149214e-03	0.000000e+00	2.475851e-02	9.896620e-03	0.000000e+00	4.543455e-02	2.152370e-02	0.000000e+00	0.000000e+00	0.000000e+00	3.377308e-02	2.732067e-01	0.000000e+00	2.243121e-01	1.145703e-02	2.523228e-02	3.167285e-02	0.000000e+00	8.373335e-03	1.092554e-02	0.000000e+00	6.359005e-01	-1.991378e-01
6.359005e-01	7.614006e-02	5.235685e-02	2.300659e-02	1.564220e-02	0.000000e+00	0.000000e+00	1.344592e-03	2.879632e-06	1.149214e-03	0.000000e+00	2.475851e-02	9.896620e-03	0.000000e+00	4.543455e-02	2.152370e-02	0.000000e+00	0.000000e+00	0.000000e+00	3.377308e-02	2.732067e-01	0.000000e+00	2.243121e-01	1.145703e-02	2.523228e-02	3.167285e-02	0.000000e+00	8.373335e-03	1.092554e-02	0.000000e+00	6.359005e-01	-1.991378e-01
6.359005e-01	7.614006e-02	5.235685e-02	2.300659e-02	1.564220e-02	0.000000e+00	0.000000e+00	1.344592e-03	2.879632e-06	1.149214e-03	0.000000e+00	2.475851e-02	9.896620e-03	0.000000e+00	4.543455e-02	2.152370e-02	0.000000e+00	0.000000e+00	0.000000e+00	3.377308e-02	2.732067e-01	0.000000e+00	2.243121e-01	1.145703e-02	2.523228e-02	3.167285e-02	0.000000e+00	8.373335e-03	1.092554e-02	0.000000e+00	6.359005e-01	-1.991378e-01
6.359005e-01	7.614006e-02	5.235685e-02	2.300659e-02	1.564220e-02	0.000000e+00	0.000000e+00	1.344592e-03	2.879632e-06	1.149214e-03	0.000000e+00	2.475851e-02	9.896620e-03	0.000000e+00	4.543455e-02	2.152370e-02	0.000000e+00	0.000000e+00	0.000000e+00	3.377308e-02	2.732067e-01	0.000000e+00	2.243121e-01	1.145703e-02	2.523228e-02	3.167285e-02	0.000000e+00	8.373335e-03	1.092554e-02	0.000000e+00	6.359005e-01	-1.991378e-01
6.359005e-01	7.614006e-02	5.235685e-02	2.300659e-02	1.564220e-02	0.000000e+00	0.000000e+00	1.344592e-03	2.879632e-06	1.149214e-03	0.000000e+00	2.475851e-02	9.896620e-03	0.000000e+00	4.543455e-02	2.152370e-02	0.000000e+00	0.000000e+00	0.000000e+00	3.377308e-02	2.732067e-01	0.000000e+00	2.243121e-01	1.145703e-02	2.523228e-02	3.167285e-02	0.000000e+00	8.373335e-03	1.092554e-02	0.000000e+00	6.359005e-01	-1.991378e-01
6.359005e-01	7.614006e-02	5.235685e-02	2.300659e-02	1.564220e-02	0.000000e+00	0.000000e+00	1.344592e-03	2.879632e-06	1.149214e-03	0.000000e+00	2.475851e-02	9.896620e-03	0.000000e+00	4.543455e-02	2.152370e-02	0.000000e+00	0.000000e+00	0.000000e+00	3.377308e-02	2.732067e-01	0.000000e+00	2.243121e-01	1.145703e-02	2.523228e-02	3.167285e-02	0.000000e+00	8.373335e-03	1.092554e-02	0.000000e+00	6.359005e-01	-1.991378e-01
6.359005e-01	7.614006e-02	5.235685e-02	2.300659e-02	1.564220e-02	0.000000e+00	0.000000e+00	1.344592e-03	2.879632e-06	1.149214e-03	0.000000e+00	2.475851e-02	9.896620e-03	0.000000e+00	4.543455e-02	2.152370e-02	0.000000e+00	0.000000e+00	0.000000e+00	3.377308e-02	2.732067e-01	0.000000e+00	2.243121e-01	1.145703e-02	2.523228e-02	3.167285e-02	0.000000e+00	8.373335e-03	1.092554e-02	0.000000e+00	6.359005e-01	-1.991378e-01
6.359005e-01	7.614006e-02	5.235685e-02	2.300659e-02	1.564220e-02	0.000000e+00	0.000000e+00	1.344592e-03	2.879632e-06	1.149214e-03	0.000000e+00	2.475851e-02	9.896620e-03	0.000000e+00	4.543455e-02	2.152370e-02	0.000000e+00	0.000000e+00	0.000000e+00	3.377308e-02	2.732067e-01	0.000000e+00	2.243121e-01	1.145703e-02	2.523228e-02	3.167285e-02	0.000000e+00	8.373335e-03	1.092554e-02	0.000000e+00	6.359005e-01	-1.991378e-01
6.359005e-01	7.614006e-02	5.235685e-02	2.300659e-02	1.564220e-02	0.000000e+00	0.000000e+00	1.344592e-03	2.879632e-06	1.149214e-03	0.000000e+00	2.475851e-02	9.896620e-03	0.000000e+00	4.543455e-02	2.152370e-02	0.000000e+00	0.000000e+00	0.000000e+00	3.377308e-02	2.732067e-01	0.000000e+00	2.243121e-01	1.145703e-02	2.523228e-02	3.167285e-02	0.000000e+00	8.373335e-03	1.092554e-02	0.000000e+00	6.359005e-01	-1.991378e-01
6.359005e-01	7.614006e-02	5.235685e-02	2.300659e-02	1.564220e-02	0.000000e+00	0.000000e+00	1.344592e-03	2.879632e-06	1.149214e-03	0.000000e+00	2.475851e-02	9.896620e-03	0.000000e+00	4.543455e-02	2.152370e-02	0.000000e+00	0.000000e+00	0.000000e+00	3.377308e-02	2.732067e-01	0.000000e+00	2.243121e-01	1.145703e-02	2.523228e-02	3.167285e-02	0.000000e+00	8.373335e-03	1.092554e-02	0.000000e+00	6.359005e-01	-1.991378e-01
4.579982e-01	1.356695e-02	3.389741e-02	3.984890e-01	2.282094e-03	9.914030e-04	0.000000e+00	5.378369e-03	2.491800e-03	2.123466e-02	0.000000e+00	1.628733e-02	7.506566e-03	0.000000e+00	6.041196e-03	0.000000e+00	2.386168e-03	8.969027e-03	0.000000e+00	0.000000e+00	2.488097e-01	0.000000e+00	2.243121e-01	1.145703e-02	2.431815e-02	1.595055e-02	0.000000e+00	8.706875e-03	1.355344e-02	0.000000e+00	4.579982e-01	1.066344e-01
4.579982e-01	1.356695e-02	3.389741e-02	3.984890e-01	2.282094e-03	9.914030e-04	0.000000e+00	5.378369e-03	2.491800e-03	2.123466e-02	0.000000e+00	1.628733e-02	7.506566e-03	0.000000e+00	6.041196e-03	0.000000e+00	2.386168e-03	8.969027e-03	0.000000e+00	0.000000e+00	2.488097e-01	0.000000e+00	2.243121e-01	1.145703e-02	2.431815e-02	1.595055e-02	0.000000e+00	8.706875e-03	1.355344e-02	0.000000e+00	4.579982e-01	1.066344e-01
4.579982e-01	1.356695e-02	3.389741e-02	3.984890e-01	2.282094e-03	9.914030e-04	0.000000e+00	5.378369e-03	2.491800e-03	2.123466e-02	0.000000e+00	1.628733e-02	7.506566e-03	0.000000e+00	6.041196e-03	0.000000e+00	2.386168e-03	8.969027e-03	0.000000e+00	0.000000e+00	2.488097e-01	0.000000e+00	2.243121e-01	1.145703e-02	2.431815e-02	1.595055e-02	0.000000e+00	8.706875e-03	1.355344e-02	0.000000e+00	4.579982e-01	1.066344e-01
4.579982e-01	2.109313e-02	4.312713e-02	3.984890e-01	1.711571e-03	1.654259e-02	0.000000e+00	5.126258e-03	1.245900e-03	2.123466e-02	0.000000e+00	2.475851e-02	7.581135e-03	0.000000e+00	1.588953e-02	0.000000e+00	2.166897e-03	2.891927e-02	0.000000e+00	8.443271e-03	2.488097e-01	0.000000e+00	2.243121e-01	1.432129e-02	2.454668e-02	1.803741e-02	0.000000e+00	9.928494e-03	7.987176e-03	0.000000e+00	4.579982e-01	1.236947e-01
4.579982e-01	2.109313e-02	4.312713e-02	3.984890e-01	1.711571e-03	1.654259e-02	0.000000e+00	5.126258e-03	1.245900e-03	2.123466e-02	0.000000e+00	2.475851e-02	7.581135e-03	0.000000e+00	1.588953e-02	0.000000e+00	2.166897e-03	2.891927e-02	0.000000e+00	8.443271e-03	2.488097e-01	0.000000e+00	2.243121e-01	1.432129e-02	2.454668e-02	1.803741e-02	0.000000e+00	9.928494e-03	7.987176e-03	0.000000e+00	4.579982e-01	1.236947e-01
4.579982e-01	2.109313e-02	4.312713e-02	3.984890e-01	1.711571e-03	1.654259e-02	0.000000e+00	5.126258e-03	1.245900e-03	2.123466e-02	0.000000e+00	2.475851e-02	7.581135e-03	0.000000e+00	1.588953e-02	0.000000e+00	2.166897e-03	2.891927e-02	0.000000e+00	8.443271e-03	2.488097e-01	0.000000e+00	2.243121e-01	1.432129e-02	2.454668e-02	1.803741e-02	0.000000e+00	9.928494e-03	7.987176e-03	0.000000e+00	4.579982e-01	1.236947e-01
4.579982e-01	2.109313e-02	4.312713e-02	3.984890e-01	1.711571e-03	1.654259e-02	0.000000e+00	5.126258e-03	1.245900e-03	2.123466e-02	0.000000e+00	2.475851e-02	7.581135e-03	0.000000e+00	1.588953e-02	0.000000e+00	2.166897e-03	2.891927e-02	0.000000e+00	8.443271e-03	2.488097e-01	0.000000e+00	2.243121e-01	1.432129e-02	2.454668e-02	1.803741e-02	0.000000e+00	9.928494e-03	7.987176e-03	0.000000e+00	4.579982e-01	1.236947e-01
4.579982e-01	2.109313e-02	4.312713e-02	3.984890e-01	1.711571e-03	1.654259e-02	0.000000e+00	5.126258e-03	1.245900e-03	2.123466e-02	0.000000e+00	2.475851e-02	7.581135e-03	0.000000e+00	1.588953e-02	0.000000e+00	2.166897e-03	2.891927e-02	0.000000e+00	8.443271e-03	2.488097e-01	0.000000e+00	2.243121e-01	1.432129e-02	2.454668e-02	1.803741e-02	0.000000e+00	9.928494e-03	7.987176e-03	0.000000e+00	4.579982e-01	1.236947e-01
4.579982e-01	2.109313e-02	6.469070e-02	3.984890e-01	0.000000e+00	1.654259e-02	0.000000e+00	4.546861e-03	1.245900e-03	0.000000e+00	0.000000e+00	2.475851e-02	7.581135e-03	0.000000e+00	0.000000e+00	0.000000e+00	0.000000e+00	2.891927e-02	0.000000e+00	4.097901e-02	2.438832e-01	0.000000e+00	2.243121e-01	2.148193e-02	1.763360e-02	1.803741e-02	0.000000e+00	1.034560e-02	1.198076e-02	0.000000e+00	4.579982e-01	1.263919e-01
4.579982e-01	3.812727e-02	2.057306e-02	3.984890e-01	0.000000e+00	1.405751e-02	0.000000e+00	4.546861e-03	2.611326e-03	0.000000e+00	0.000000e+00	2.475851e-02	7.581135e-03	0.000000e+00	0.000000e+00	0.000000e+00	0.000000e+00	2.891927e-02	1.321225e-02	4.097901e-02	2.620225e-01	0.000000e+00	2.243121e-01	2.148193e-02	1.763360e-02	1.803741e-02	0.000000e+00	1.034560e-02	5.781263e-02	0.000000e+00	4.579982e-01	1.371925e-01
4.579982e-01	3.812727e-02	2.057306e-02	3.984890e-01	0.000000e+00	1.405751e-02	0.000000e+00	4.546861e-03	2.611326e-03	0.000000e+00	0.000000e+00	2.475851e-02	7.581135e-03	0.000000e+00	0.000000e+00	0.000000e+00	0.000000e+00	2.891927e-02	1.321225e-02	4.097901e-02	2.620225e-01	0.000000e+00	2.243121e-01	2.148193e-02	1.763360e-02	1.803741e-02	0.000000e+00	1.034560e-02	5.781263e-02	0.000000e+00	4.579982e-01	1.371925e-01
4.579982e-01	3.812727e-02	2.057306e-02	3.984890e-01	0.000000e+00	1.405751e-02	0.000000e+00	4.546861e-03	2.611326e-03	0.000000e+00	0.000000e+00	2.475851e-02	7.581135e-03	0.000000e+00	0.000000e+00	0.000000e+00	0.000000e+00	2.891927e-02	1.321225e-02	4.097901e-02	2.620225e-01	0.000000e+00	2.243121e-01	2.148193e-02	1.763360e-02	1.803741e-02	0.000000e+00	1.034560e-02	5.781263e-02	0.000000e+00	4.579982e-01	1.371925e-01
4.579982e-01	3.812727e-02	2.057306e-02	3.984890e-01	0.000000e+00	1.405751e-02	0.000000e+00	4.546861e-03	2.611326e-03	0.000000e+00	0.000000e+00	2.475851e-02	7.581135e-03	0.000000e+00	0.000000e+00	0.000000e+00	0.000000e+00	2.891927e-02	1.321225e-02	4.097901e-02	2.620225e-01	0.000000e+00	2.243121e-01	2.148193e-02	1.763360e-02	1.803741e-02	0.000000e+00	1.034560e-02	5.781263e-02	0.000000e+00	4.579982e-01	1.371925e-01
4.579982e-01	3.812727e-02	2.057306e-02	3.984890e-01	0.000000e+00	1.405751e-02	0.000000e+00	4.546861e-03	2.611326e-03	0.000000e+00	0.000000e+00	2.475851e-02	7.581135e-03	0.000000e+00	0.000000e+00	0.000000e+00	0.000000e+00	2.891927e-02	1.321225e-02	4.097901e-02	2.620225e-01	0.000000e+00	2.243121e-01	2.148193e-02	1.763360e-02	1.803741e-02	0.000000e+00	1.034560e-02	5.781263e-02	0.000000e+00	4.579982e-01	1.371925e-01
4.579982e-01	3.812727e-02	2.057306e-02	3.984890e-01	0.000000e+00	1.405751e-02	0.000000e+00	4.546861e-03	2.611326e-03	0.000000e+00	0.000000e+00	2.475851e-02	7.581135e-03	0.000000e+00	0.000000e+00	0.000000e+00	0.000000e+00	2.891927e-02	1.321225e-02	4.097901e-02	2.620225e-01	0.000000e+00	2.243121e-01	2.148193e-02	1.763360e-02	1.803741e-02	0.000000e+00	1.034560e-02	5.781263e-02	0.000000e+00	4.579982e-01	1.371925e-01
4.579982e-01	3.812727e-02	2.057306e-02	3.984890e-01	0.000000e+00	1.405751e-02	0.000000e+00	4.546861e-03	2.611326e-03	0.000000e+00	0.000000e+00	2.475851e-02	7.581135e-03	0.000000e+00	0.000000e+00	0.000000e+00	0.000000e+00	2.891927e-02	1.321225e-02	4.097901e-02	2.620225e-01	0.000000e+00	2.243121e-01	2.148193e-02	1.763360e-02	1.803741e-02	0.000000e+00	1.034560e-02	5.781263e-02	0.000000e+00	4.579982e-01	1.371925e-01
4.579982e-01	3.812727e-02	2.057306e-02	3.984890e-01	0.000000e+00	1.405751e-02	0.000000e+00	4.546861e-03	2.611326e-03	0.000000e+00	0.000000e+00	2.475851e-02	7.581135e-03	0.000000e+00	0.000000e+00	0.000000e+00	0.000000e+00	2.891927e-02	1.321225e-02	4.097901e-02	2.620225e-01	0.000000e+00	2.243121e-01	2.148193e-02	1.763360e-02	1.803741e-02	0.000000e+00	1.034560e-02	5.781263e-02	0.000000e+00	4.579982e-01	1.371925e-01
4.579982e-01	3.812727e-02	2.057306e-02	3.984890e-01	0.000000e+00	1.405751e-02	0.000000e+00	4.546861e-03	2.611326e-03	0.000000e+00	0.000000e+00	2.475851e-02	7.581135e-03	0.000000e+00	0.000000e+00	0.000000e+00	0.000000e+00	2.891927e-02	1.321225e-02	4.097901e-02	2.620225e-01	0.000000e+00	2.243121e-01	2.148193e-02	1.763360e-02	1.803741e-02	0.000000e+00	1.034560e-02	5.781263e-02	0.000000e+00	4.579982e-01	1.371925e-01
2.546287e-01	5.554000e-02	0.000000e+00	2.254729e-01	4.002753e-02	2.893105e-03	0.000000e+00	1.138237e-02	1.988375e-03	0.000000e+00	0.000000e+00	9.777049e-03	7.100127e-03	0.000000e+00	6.554608e-02	0.000000e+00	0.000000e+00	3.567981e-02	1.321225e-02	5.837734e-02	2.533387e-01	0.000000e+00	2.061370e-01	0.000000e+00	7.321328e-03	0.000000e+00	0.000000e+00	0.000000e+00	1.709105e-02	0.000000e+00	2.546287e-01	4.834119e-01
2.546287e-01	5.554000e-02	0.000000e+00	2.254729e-01	4.002753e-02	2.893105e-03	0.000000e+00	1.138237e-02	1.988375e-03	0.000000e+00	0.000000e+00	9.777049e-03	7.100127e-03	0.000000e+00	6.554608e-02	0.000000e+00	0.000000e+00	3.567981e-02	1.321225e-02	5.837734e-02	2.533387e-01	0.000000e+00	2.061370e-01	0.000000e+00	7.321328e-03	0.000000e+00	0.000000e+00	0.000000e+00	1.709105e-02	0.000000e+00	2.546287e-01	4.834119e-01
2.546287e-01	5.554000e-02	0.000000e+00	2.254729e-01	4.002753e-02	2.893105e-03	0.000000e+00	1.138237e-02	1.988375e-03	0.000000e+00	0.000000e+00	9.777049e-03	7.100127e-03	0.000000e+00	6.554608e-02	0.000000e+00	0.000000e+00	3.567981e-02	1.321225e-02	5.837734e-02	2.533387e-01	0.000000e+00	2.061370e-01	0.000000e+00	7.321328e-03	0.000000e+00	0.000000e+00	0.000000e+00	1.709105e-02	0.000000e+00	2.546287e-01	4.834119e-01
2.546287e-01	5.554000e-02	0.000000e+00	2.254729e-01	4.002753e-02	2.893105e-03	0.000000e+00	1.138237e-02	1.988375e-03	0.000000e+00	0.000000e+00	9.777049e-03	7.100127e-03	0.000000e+00	6.554608e-02	0.000000e+00	0.000000e+00	3.567981e-02	1.321225e-02	5.837734e-02	2.533387e-01	0.000000e+00	2.061370e-01	0.000000e+00	7.321328e-03	0.000000e+00	0.000000e+00	0.000000e+00	1.709105e-02	0.000000e+00	2.546287e-01	4.834119e-01
2.546287e-01	5.554000e-02	0.000000e+00	2.254729e-01	4.002753e-02	2.893105e-03	0.000000e+00	1.138237e-02	1.988375e-03	0.000000e+00	0.000000e+00	9.777049e-03	7.100127e-03	0.000000e+00	6.554608e-02	0.000000e+00	0.000000e+00	3.567981e-02	1.321225e-02	5.837734e-02	2.533387e-01	0.000000e+00	2.061370e-01	0.000000e+00	7.321328e-03	0.000000e+00	0.000000e+00	0.000000e+00	1.709105e-02	0.000000e+00	2.546287e-01	4.834119e-01
2.546287e-01	5.554000e-02	0.000000e+00	2.254729e-01	4.002753e-02	2.893105e-03	0.000000e+00	1.138237e-02	1.988375e-03	0.000000e+00	0.000000e+00	9.777049e-03	7.100127e-03	0.000000e+00	6.554608e-02	0.000000e+00	0.000000e+00	3.567981e-02	1.321225e-02	5.837734e-02	2.533387e-01	0.000000e+00	2.061370e-01	0.000000e+00	7.321328e-03	0.000000e+00	0.000000e+00	0.000000e+00	1.709105e-02	0.000000e+00	2.546287e-01	4.834119e-01
2.546287e-01	5.554000e-02	0.000000e+00	2.254729e-01	4.002753e-02	2.893105e-03	0.000000e+00	1.138237e-02	1.988375e-03	0.000000e+00	0.000000e+00	9.777049e-03	7.100127e-03	0.000000e+00	6.554608e-02	0.000000e+00	0.000000e+00	3.567981e-02	1.321225e-02	5.837734e-02	2.533387e-01	0.000000e+00	2.061370e-01	0.000000e+00	7.321328e-03	0.000000e+00	0.000000e+00	0.000000e+00	1.709105e-02	0.000000e+00	2.546287e-01	4.834119e-01
2.546287e-01	5.554000e-02	0.000000e+00	2.254729e-01	4.002753e-02	2.893105e-03	0.000000e+00	1.138237e-02	1.988375e-03	0.000000e+00	0.000000e+00	9.777049e-03	7.100127e-03	0.000000e+00	6.554608e-02	0.000000e+00	0.000000e+00	3.567981e-02	1.321225e-02	5.837734e-02	2.533387e-01	0.000000e+00	2.061370e-01	0.000000e+00	7.321328e-03	0.000000e+00	0.000000e+00	0.000000e+00	1.709105e-02	0.000000e+00	2.546287e-01	4.834119e-01
2.546287e-01	5.554000e-02	0.000000e+00	2.254729e-01	4.002753e-02	2.893105e-03	0.000000e+00	1.138237e-02	1.988375e-03	0.000000e+00	0.000000e+00	9.777049e-03	7.100127e-03	0.000000e+00	6.554608e-02	0.000000e+00	0.000000e+00	3.567981e-02	1.321225e-02	5.837734e-02	2.533387e-01	0.000000e+00	2.061370e-01	0.000000e+00	7.321328e-03	0.000000e+00	0.000000e+00	0.000000e+00	1.709105e-02	0.000000e+00	2.546287e-01	4.834119e-01
2.546287e-01	5.554000e-02	0.000000e+00	2.254729e-01	4.002753e-02	2.893105e-03	0.000000e+00	1.138237e-02	1.988375e-03	0.000000e+00	0.000000e+00	9.777049e-03	7.100127e-03	0.000000e+00	6.554608e-02	0.000000e+00	0.000000e+00	3.567981e-02	1.321225e-02	5.837734e-02	2.533387e-01	0.000000e+00	2.061370e-01	0.000000e+00	7.321328e-03	0.000000e+00	0.000000e+00	0.000000e+00	1.709105e-02	0.000000e+00	2.546287e-01	4.834119e-01
2.396450e-01	5.622756e-02	0.000000e+00	9.959995e-02	5.961838e-02	2.893105e-03	0.000000e+00	1.138237e-02	2.407651e-03	1.727388e-03	0.000000e+00	9.777049e-03	1.065019e-02	0.000000e+00	7.388078e-02	0.000000e+00	0.000000e+00	2.411852e-02	1.074302e-02	2.685220e-02	2.304555e-01	0.000000e+00	2.133636e-01	0.000000e+00	7.811595e-03	0.000000e+00	0.000000e+00	0.000000e+00	2.136381e-02	0.000000e+00	2.396450e-01	4.895143e-01
2.396450e-01	5.622756e-02	0.000000e+00	9.959995e-02	5.961838e-02	2.893105e-03	0.000000e+00	1.138237e-02	2.407651e-03	1.727388e-03	0.000000e+00	9.777049e-03	1.065019e-02	0.000000e+00	7.388078e-02	0.000000e+00	0.000000e+00	2.411852e-02	1.074302e-02	2.685220e-02	2.304555e-01	0.000000e+00	2.133636e-01	0.000000e+00	7.811595e-03	0.000000e+00	0.000000e+00	0.000000e+00	2.136381e-02	0.000000e+00	2.396450e-01	4.895143e-01
2.396450e-01	5.324816e-02	2.354457e-02	2.121616e-01	5.926448e-02	2.893105e-03	3.894467e-02	2.689184e-03	2.407651e-03	1.727388e-03	0.000000e+00	0.000000e+00	7.100127e-03	0.000000e+00	4.887666e-02	0.000000e+00	1.319985e-02	4.016432e-02	1.074302e-02	2.685220e-02	2.448685e-01	9.893554e-03	2.133636e-01	0.000000e+00	0.000000e+00	4.973099e-02	0.000000e+00	1.828831e-02	2.136381e-02	0.000000e+00	2.396450e-01	5.476580e-01
2.396450e-01	5.324816e-02	2.354457e-02	2.121616e-01	5.926448e-02	2.893105e-03	3.894467e-02	2.689184e-03	2.407651e-03	1.727388e-03	0.000000e+00	0.000000e+00	7.100127e-03	0.000000e+00	4.887666e-02	0.000000e+00	1.319985e-02	4.016432e-02	1.074302e-02	2.685220e-02	2.448685e-01	9.893554e-03	2.133636e-01	0.000000e+00	0.000000e+00	4.973099e-02	0.000000e+00	1.828831e-02	2.136381e-02	0.000000e+00	2.396450e-01	5.476580e-01
2.272177e-01	5.416490e-02	1.177229e-02	4.080423e-01	2.043668e-02	1.157242e-02	3.333085e-02	1.485420e-02	1.005226e-03	1.102114e-02	1.160877e-03	3.910820e-03	0.000000e+00	0.000000e+00	5.554443e-02	3.443793e-02	1.326578e-02	5.880238e-02	1.815070e-02	3.561077e-02	2.533387e-01	0.000000e+00	2.354521e-01	0.000000e+00	1.166837e-02	3.299420e-02	0.000000e+00	8.828823e-02	8.545523e-03	0.000000e+00	2.272177e-01	6.964280e-01
2.155243e-01	5.660615e-02	4.093810e-02	2.065120e-01	5.961838e-02	5.786211e-03	3.894467e-02	6.441915e-03	1.879927e-03	1.447591e-02	0.000000e+00	1.731244e-03	1.065019e-02	0.000000e+00	6.887996e-02	0.000000e+00	0.000000e+00	2.602292e-02	8.273795e-03	6.512556e-02	2.232489e-01	0.000000e+00	2.205903e-01	0.000000e+00	8.301862e-03	1.649710e-02	0.000000e+00	0.000000e+00	3.204571e-02	0.000000e+00	2.155243e-01	7.058235e-01
2.022795e-01	5.416490e-02	1.177229e-02	2.159924e-01	4.982296e-02	5.786211e-03	1.947233e-02	0.000000e+00	1.916077e-03	7.237956e-03	1.160877e-03	5.754147e-03	0.000000e+00	0.000000e+00	5.554443e-02	3.443793e-02	1.326578e-02	3.823537e-02	1.074302e-02	6.175145e-02	2.304555e-01	0.000000e+00	2.133636e-01	0.000000e+00	7.811595e-03	3.299420e-02	0.000000e+00	2.248631e-03	2.136381e-02	0.000000e+00	2.022795e-01	8.048326e-01
2.022795e-01	5.416490e-02	1.177229e-02	2.159924e-01	4.982296e-02	5.786211e-03	1.947233e-02	0.000000e+00	1.916077e-03	7.237956e-03	1.160877e-03	5.754147e-03	0.000000e+00	0.000000e+00	5.554443e-02	3.443793e-02	1.326578e-02	3.823537e-02	1.074302e-02	6.175145e-02	2.304555e-01	0.000000e+00	2.133636e-01	0.000000e+00	7.811595e-03	3.299420e-02	0.000000e+00	2.248631e-03	2.136381e-02	0.000000e+00	2.022795e-01	8.048326e-01
1.843932e-01	5.599837e-02	3.648191e-02	2.662381e-01	3.622872e-02	0.000000e+00	2.434042e-02	0.000000e+00	2.971525e-03	0.000000e+00	1.928229e-03	1.600983e-02	0.000000e+00	0.000000e+00	4.592365e-02	5.165689e-02	0.000000e+00	5.367290e-02	0.000000e+00	6.208719e-02	2.491036e-01	0.000000e+00	1.624273e-01	0.000000e+00	5.360258e-03	1.909968e-02	0.000000e+00	4.497263e-03	0.000000e+00	3.118477e-02	1.843932e-01	9.372505e-01
8.907415e-02	5.340771e-02	0.000000e+00	3.075509e-01	3.012825e-02	0.000000e+00	2.434042e-02	9.880918e-03	2.971525e-03	1.052052e-02	5.159452e-04	2.134643e-02	7.100127e-03	0.000000e+00	6.887996e-02	3.443793e-02	2.639969e-02	3.442656e-02	0.000000e+00	3.712034e-03	2.448685e-01	0.000000e+00	1.677031e-01	0.000000e+00	5.360258e-03	0.000000e+00	0.000000e+00	3.647687e-02	0.000000e+00	0.000000e+00	8.907415e-02	9.630439e-01
8.907415e-02	5.340771e-02	0.000000e+00	3.075509e-01	3.012825e-02	0.000000e+00	2.434042e-02	9.880918e-03	2.971525e-03	1.052052e-02	5.159452e-04	2.134643e-02	7.100127e-03	0.000000e+00	6.887996e-02	3.443793e-02	2.639969e-02	3.442656e-02	0.000000e+00	3.712034e-03	2.448685e-01	0.000000e+00	1.677031e-01	0.000000e+00	5.360258e-03	0.000000e+00	0.000000e+00	3.647687e-02	0.000000e+00	0.000000e+00	8.907415e-02	9.630439e-01
8.907415e-02	5.340771e-02	0.000000e+00	3.075509e-01	3.012825e-02	0.000000e+00	2.434042e-02	9.880918e-03	2.971525e-03	1.052052e-02	5.159452e-04	2.134643e-02	7.100127e-03	0.000000e+00	6.887996e-02	3.443793e-02	2.639969e-02	3.442656e-02	0.000000e+00	3.712034e-03	2.448685e-01	0.000000e+00	1.677031e-01	0.000000e+00	5.360258e-03	0.000000e+00	0.000000e+00	3.647687e-02	0.000000e+00	0.000000e+00	8.907415e-02	9.630439e-01
8.907415e-02	5.340771e-02	0.000000e+00	3.075509e-01	3.012825e-02	0.000000e+00	2.434042e-02	9.880918e-03	2.971525e-03	1.052052e-02	5.159452e-04	2.134643e-02	7.100127e-03	0.000000e+00	6.887996e-02	3.443793e-02	2.639969e-02	3.442656e-02	0.000000e+00	3.712034e-03	2.448685e-01	0.000000e+00	1.677031e-01	0.000000e+00	5.360258e-03	0.000000e+00	0.000000e+00	3.647687e-02	0.000000e+00	0.000000e+00	8.907415e-02	9.630439e-01
8.907415e-02	5.340771e-02	0.000000e+00	3.075509e-01	3.012825e-02	0.000000e+00	2.434042e-02	9.880918e-03	2.971525e-03	1.052052e-02	5.159452e-04	2.134643e-02	7.100127e-03	0.000000e+00	6.887996e-02	3.443793e-02	2.639969e-02	3.442656e-02	0.000000e+00	3.712034e-03	2.448685e-01	0.000000e+00	1.677031e-01	0.000000e+00	5.360258e-03	0.000000e+00	0.000000e+00	3.647687e-02	0.000000e+00	0.000000e+00	8.907415e-02	9.630439e-01
5.910674e-02	5.909991e-02	9.050039e-02	1.886724e-01	3.012825e-02	0.000000e+00	1.760524e-02	9.431434e-03	2.369877e-03	2.065197e-03	3.520860e-03	1.884367e-02	1.065019e-02	0.000000e+00	4.676432e-02	2.722452e-02	0.000000e+00	0.000000e+00	0.000000e+00	2.232719e-02	2.432803e-01	0.000000e+00	1.882390e-01	0.000000e+00	2.111493e-02	0.000000e+00	0.000000e+00	0.000000e+00	1.709105e-02	0.000000e+00	5.910674e-02	9.750447e-01
5.910674e-02	5.909991e-02	9.050039e-02	1.886724e-01	3.012825e-02	0.000000e+00	1.760524e-02	9.431434e-03	2.369877e-03	2.065197e-03	3.520860e-03	1.884367e-02	1.065019e-02	0.000000e+00	4.676432e-02	2.722452e-02	0.000000e+00	0.000000e+00	0.000000e+00	2.232719e-02	2.432803e-01	0.000000e+00	1.882390e-01	0.000000e+00	2.111493e-02	0.000000e+00	0.000000e+00	0.000000e+00	1.709105e-02	0.000000e+00	5.910674e-02	9.750447e-01
4.557326e-02	5.340771e-02	4.941926e-02	4.080423e-01	5.212463e-02	1.157242e-02	3.295841e-02	9.005098e-03	4.555143e-03	1.413149e-02	2.050649e-03	2.146862e-02	0.000000e+00	0.000000e+00	4.963841e-02	3.443793e-02	1.326578e-02	5.880238e-02	1.174422e-02	9.898757e-03	2.533387e-01	0.000000e+00	1.589928e-01	0.000000e+00	1.166837e-02	5.205172e-03	0.000000e+00	8.828823e-02	0.000000e+00	0.000000e+00	4.557326e-02	1.120670e+00
2.913934e-02	5.945225e-02	6.036450e-02	2.623771e-01	5.961838e-02	5.786211e-03	3.557708e-02	0.000000e+00	3.191671e-03	0.000000e+00	1.502457e-03	4.798608e-04	1.242522e-02	0.000000e+00	7.453654e-02	2.001111e-02	0.000000e+00	8.809644e-03	8.273795e-03	4.732018e-02	2.224549e-01	0.000000e+00	2.087749e-01	0.000000e+00	1.617920e-02	1.649710e-02	0.000000e+00	0.000000e+00	4.059124e-02	0.000000e+00	2.913934e-02	1.139041e+00
1.134155e-02	4.884526e-02	7.204407e-02	2.606330e-01	6.895545e-03	1.837239e-02	1.872108e-02	4.502549e-03	1.878892e-03	1.515153e-02	8.202597e-03	2.061827e-02	1.242522e-02	0.000000e+00	0.000000e+00	3.804463e-02	5.274724e-04	0.000000e+00	0.000000e+00	9.898757e-03	2.416922e-01	0.000000e+00	1.823261e-01	0.000000e+00	0.000000e+00	0.000000e+00	0.000000e+00	1.284476e-02	0.000000e+00	0.000000e+00	1.134155e-02	1.176677e+00
0.000000e+00	5.370653e-02	1.765843e-02	2.140770e-01	5.454372e-02	4.339658e-03	2.621537e-02	0.000000e+00	3.191671e-03	1.104488e-02	5.804383e-04	3.902740e-02	0.000000e+00	0.000000e+00	5.221054e-02	1.721896e-02	7.912087e-04	0.000000e+00	1.761633e-02	4.430182e-02	2.376620e-01	0.000000e+00	1.922561e-01	0.000000e+00	3.905798e-03	1.287291e-02	0.000000e+00	1.026847e-02	5.858536e-02	0.000000e+00	0.000000e+00	1.332713e+00
