8.515548e-01	1.457329e-04	7.633305e-02	1.063869e-02	7.816821e-02	4.320122e-02	0.000000e+00	9.693801e-02	5.398410e-01	1.066915e-01	3.225668e-02	6.848742e-02	0.000000e+00	1.035073e-01	5.844293e-03	6.467058e-02	1.314372e-02	0.000000e+00	1.874798e-02	0.000000e+00	1.571617e-01	9.423185e-03	2.014216e-02	5.649328e-03	1.924823e-02	0.000000e+00	2.784441e-02	0.000000e+00	9.496143e-02	0.000000e+00	8.515548e-01	-4.842227e-01
8.515548e-01	1.457329e-04	7.633305e-02	1.063869e-02	7.816821e-02	4.320122e-02	0.000000e+00	9.693801e-02	5.398410e-01	1.066915e-01	3.225668e-02	6.848742e-02	0.000000e+00	1.035073e-01	5.844293e-03	6.467058e-02	1.314372e-02	0.000000e+00	1.874798e-02	0.000000e+00	1.571617e-01	9.423185e-03	2.014216e-02	5.649328e-03	1.924823e-02	0.000000e+00	2.784441e-02	0.000000e+00	9.496143e-02	0.000000e+00	8.515548e-01	-4.842227e-01
8.459481e-01	0.000000e+00	1.471504e-01	9.755393e-03	5.211214e-02	4.320122e-02	0.000000e+00	9.693801e-02	5.398410e-01	8.100312e-02	3.225668e-02	7.303247e-02	0.000000e+00	9.554523e-02	5.844293e-03	5.259661e-02	0.000000e+00	0.000000e+00	1.874798e-02	0.000000e+00	1.581992e-01	9.423185e-03	2.178248e-02	5.584726e-03	1.924823e-02	0.000000e+00	2.784441e-02	6.049392e-03	9.496143e-02	0.000000e+00	8.459481e-01	-4.694406e-01
8.459481e-01	0.000000e+00	1.471504e-01	9.755393e-03	0.000000e+00	4.320122e-02	2.263680e-02	9.693801e-02	5.398410e-01	8.100312e-02	3.225668e-02	7.000244e-02	0.000000e+00	9.554523e-02	5.844293e-03	1.160746e-01	0.000000e+00	0.000000e+00	0.000000e+00	0.000000e+00	1.550868e-01	9.423185e-03	1.686150e-02	5.584726e-03	1.924823e-02	0.000000e+00	2.784441e-02	6.049392e-03	9.496143e-02	0.000000e+00	8.459481e-01	-4.686292e-01
8.459481e-01	1.457329e-04	1.471504e-01	1.063869e-02	7.816821e-02	4.320122e-02	0.000000e+00	9.693801e-02	5.398410e-01	1.066915e-01	3.225668e-02	7.000244e-02	0.000000e+00	1.035073e-01	5.844293e-03	6.467058e-02	0.000000e+00	0.000000e+00	1.874798e-02	0.000000e+00	1.571617e-01	9.423185e-03	1.686150e-02	5.649328e-03	1.924823e-02	0.000000e+00	2.784441e-02	6.049392e-03	9.496143e-02	0.000000e+00	8.459481e-01	-4.570495e-01
8.459481e-01	1.457329e-04	1.471504e-01	1.063869e-02	7.816821e-02	4.320122e-02	0.000000e+00	9.693801e-02	5.398410e-01	1.066915e-01	3.225668e-02	7.000244e-02	0.000000e+00	1.035073e-01	5.844293e-03	6.467058e-02	0.000000e+00	0.000000e+00	1.874798e-02	0.000000e+00	1.571617e-01	9.423185e-03	1.686150e-02	5.649328e-03	1.924823e-02	0.000000e+00	2.784441e-02	6.049392e-03	9.496143e-02	0.000000e+00	8.459481e-01	-4.570495e-01
8.459481e-01	1.457329e-04	1.471504e-01	1.139371e-01	7.816821e-02	4.320122e-02	0.000000e+00	1.267807e-01	5.398410e-01	5.531472e-02	4.838502e-02	7.000244e-02	0.000000e+00	8.758312e-02	6.574830e-03	4.052263e-02	0.000000e+00	5.264092e-02	1.874798e-02	2.078078e-02	1.571617e-01	9.423185e-03	1.686150e-02	5.649328e-03	0.000000e+00	0.000000e+00	2.784441e-02	6.049392e-03	9.496143e-02	0.000000e+00	8.459481e-01	-4.350680e-01
8.444190e-01	1.173331e-02	3.184096e-02	7.812595e-02	5.211214e-02	4.785852e-02	0.000000e+00	1.168331e-01	5.398410e-01	8.100312e-02	3.225668e-02	7.303247e-02	0.000000e+00	9.554523e-02	4.383220e-03	5.259661e-02	2.628745e-02	0.000000e+00	1.874798e-02	5.126373e-02	1.556055e-01	9.663487e-04	1.893144e-02	5.584726e-03	1.924823e-02	0.000000e+00	2.171418e-02	5.607587e-02	1.147146e-01	7.519813e-02	8.444190e-01	-4.237052e-01
8.444190e-01	0.000000e+00	1.117417e-01	6.228791e-02	5.211214e-02	4.625702e-02	0.000000e+00	1.317545e-01	5.398410e-01	8.100312e-02	5.644919e-02	7.151745e-02	0.000000e+00	9.554523e-02	7.670635e-03	5.259661e-02	7.328468e-05	5.264092e-02	1.874798e-02	5.126373e-02	1.571617e-01	9.423185e-03	1.893144e-02	5.649328e-03	0.000000e+00	0.000000e+00	2.171418e-02	5.607587e-02	1.147146e-01	0.000000e+00	8.444190e-01	-4.171018e-01
8.411060e-01	2.507283e-03	7.633305e-02	6.022036e-02	3.908411e-02	3.708963e-02	0.000000e+00	8.699045e-02	5.398410e-01	1.066915e-01	8.064170e-03	6.545738e-02	0.000000e+00	1.035073e-01	1.826342e-03	7.516880e-02	0.000000e+00	0.000000e+00	1.874798e-02	7.135629e-02	1.566430e-01	9.423185e-03	1.768167e-02	5.649328e-03	8.173215e-02	2.221751e-02	2.477930e-02	2.124484e-02	9.496143e-02	0.000000e+00	8.411060e-01	-4.090995e-01
8.411060e-01	2.507283e-03	7.633305e-02	6.022036e-02	3.908411e-02	3.708963e-02	0.000000e+00	8.699045e-02	5.398410e-01	1.066915e-01	8.064170e-03	6.545738e-02	0.000000e+00	1.035073e-01	1.826342e-03	7.516880e-02	0.000000e+00	0.000000e+00	1.874798e-02	7.135629e-02	1.566430e-01	9.423185e-03	1.768167e-02	5.649328e-03	8.173215e-02	2.221751e-02	2.477930e-02	2.124484e-02	9.496143e-02	0.000000e+00	8.411060e-01	-4.090995e-01
8.411060e-01	2.507283e-03	7.633305e-02	6.022036e-02	3.908411e-02	3.708963e-02	0.000000e+00	8.699045e-02	5.398410e-01	1.066915e-01	8.064170e-03	6.545738e-02	0.000000e+00	1.035073e-01	1.826342e-03	7.516880e-02	0.000000e+00	0.000000e+00	1.874798e-02	7.135629e-02	1.566430e-01	9.423185e-03	1.768167e-02	5.649328e-03	8.173215e-02	2.221751e-02	2.477930e-02	2.124484e-02	9.496143e-02	0.000000e+00	8.411060e-01	-4.090995e-01
8.411060e-01	2.507283e-03	7.633305e-02	1.118696e-01	3.908411e-02	3.708963e-02	0.000000e+00	8.699045e-02	5.398410e-01	8.100312e-02	1.612834e-02	6.545738e-02	0.000000e+00	1.035073e-01	2.191610e-03	6.309483e-02	0.000000e+00	0.000000e+00	1.874798e-02	7.135629e-02	1.566430e-01	9.423185e-03	1.768167e-02	5.649328e-03	8.173215e-02	2.221751e-02	2.477930e-02	1.690563e-01	9.496143e-02	0.000000e+00	8.411060e-01	-3.756713e-01
8.411060e-01	1.326508e-03	7.633305e-02	8.707874e-02	5.862616e-02	3.708963e-02	0.000000e+00	8.699045e-02	5.398410e-01	8.100312e-02	1.612834e-02	6.772991e-02	0.000000e+00	9.554523e-02	4.200586e-03	5.784572e-02	0.000000e+00	2.632046e-02	1.874798e-02	4.606854e-02	1.569023e-01	9.423185e-03	1.727159e-02	5.649328e-03	8.173215e-02	2.221751e-02	2.631185e-02	2.429620e-01	9.496143e-02	0.000000e+00	8.411060e-01	-3.636146e-01
8.411060e-01	1.326508e-03	7.633305e-02	8.707874e-02	5.862616e-02	3.708963e-02	0.000000e+00	8.699045e-02	5.398410e-01	8.100312e-02	1.612834e-02	6.772991e-02	0.000000e+00	9.554523e-02	4.200586e-03	5.784572e-02	0.000000e+00	2.632046e-02	1.874798e-02	4.606854e-02	1.569023e-01	9.423185e-03	1.727159e-02	5.649328e-03	8.173215e-02	2.221751e-02	2.631185e-02	2.429620e-01	9.496143e-02	0.000000e+00	8.411060e-01	-3.636146e-01
8.347348e-01	4.002091e-02	8.288080e-02	1.453820e-02	0.000000e+00	3.083083e-02	2.794682e-02	5.217399e-02	5.398410e-01	5.956920e-02	2.948750e-02	6.394236e-02	9.091054e-03	5.634547e-02	9.131709e-04	7.674456e-02	2.628745e-02	0.000000e+00	1.874798e-02	1.595499e-01	2.142818e-01	1.628272e-02	1.600229e-02	1.277748e-02	5.460860e-02	1.677141e-02	3.857232e-02	3.201392e-02	3.361697e-02	0.000000e+00	8.347348e-01	-3.375337e-01
8.347348e-01	4.002091e-02	8.288080e-02	1.453820e-02	0.000000e+00	3.083083e-02	2.794682e-02	5.217399e-02	5.398410e-01	5.956920e-02	2.948750e-02	6.394236e-02	9.091054e-03	5.634547e-02	9.131709e-04	7.674456e-02	2.628745e-02	0.000000e+00	1.874798e-02	1.595499e-01	2.142818e-01	1.628272e-02	1.600229e-02	1.277748e-02	5.460860e-02	1.677141e-02	3.857232e-02	3.201392e-02	3.361697e-02	0.000000e+00	8.347348e-01	-3.375337e-01
8.347348e-01	4.002091e-02	8.288080e-02	1.453820e-02	0.000000e+00	3.083083e-02	2.794682e-02	5.217399e-02	5.398410e-01	5.956920e-02	2.948750e-02	6.394236e-02	9.091054e-03	5.634547e-02	9.131709e-04	7.674456e-02	2.628745e-02	0.000000e+00	1.874798e-02	1.595499e-01	2.142818e-01	1.628272e-02	1.600229e-02	1.277748e-02	5.460860e-02	1.677141e-02	3.857232e-02	3.201392e-02	3.361697e-02	0.000000e+00	8.347348e-01	-3.375337e-01
8.347348e-01	0.000000e+00	7.960693e-02	7.980964e-02	2.614218e-02	3.396023e-02	2.454897e-03	6.958222e-02	5.533260e-01	5.956920e-02	2.684000e-02	6.394236e-02	9.091054e-03	7.196430e-02	2.282927e-03	1.947344e-02	1.314372e-02	4.216547e-02	1.874798e-02	1.868214e-01	4.976145e-02	8.772316e-03	1.602181e-02	9.213404e-03	9.529392e-02	1.949446e-02	3.320837e-02	2.377242e-01	3.361697e-02	0.000000e+00	8.347348e-01	-3.103508e-01
8.347348e-01	0.000000e+00	7.960693e-02	7.980964e-02	2.614218e-02	3.396023e-02	2.454897e-03	6.958222e-02	5.533260e-01	5.956920e-02	2.684000e-02	6.394236e-02	9.091054e-03	7.196430e-02	2.282927e-03	1.947344e-02	1.314372e-02	4.216547e-02	1.874798e-02	1.868214e-01	4.976145e-02	8.772316e-03	1.602181e-02	9.213404e-03	9.529392e-02	1.949446e-02	3.320837e-02	2.377242e-01	3.361697e-02	0.000000e+00	8.347348e-01	-3.103508e-01
8.347348e-01	0.000000e+00	7.960693e-02	7.980964e-02	2.614218e-02	3.396023e-02	2.454897e-03	6.958222e-02	5.533260e-01	5.956920e-02	2.684000e-02	6.394236e-02	9.091054e-03	7.196430e-02	2.282927e-03	1.947344e-02	1.314372e-02	4.216547e-02	1.874798e-02	1.868214e-01	4.976145e-02	8.772316e-03	1.602181e-02	9.213404e-03	9.529392e-02	1.949446e-02	3.320837e-02	2.377242e-01	3.361697e-02	0.000000e+00	8.347348e-01	-3.103508e-01
8.347348e-01	0.000000e+00	7.960693e-02	7.980964e-02	2.614218e-02	3.396023e-02	2.454897e-03	6.958222e-02	5.533260e-01	5.956920e-02	2.684000e-02	6.394236e-02	9.091054e-03	7.196430e-02	2.282927e-03	1.947344e-02	1.314372e-02	4.216547e-02	1.874798e-02	1.868214e-01	4.976145e-02	8.772316e-03	1.602181e-02	9.213404e-03	9.529392e-02	1.949446e-02	3.320837e-02	2.377242e-01	3.361697e-02	0.000000e+00	8.347348e-01	-3.103508e-01
8.347348e-01	0.000000e+00	8.685575e-02	7.980964e-02	3.261314e-02	2.930293e-02	0.000000e+00	6.958222e-02	5.305408e-01	5.956920e-02	5.221126e-02	6.394236e-02	2.727316e-02	7.196430e-02	5.570342e-03	9.275404e-02	5.851441e-02	5.008797e-02	1.874798e-02	1.868214e-01	1.859811e-01	0.000000e+00	1.602181e-02	2.052951e-03	8.155140e-02	1.383181e-02	3.320837e-02	2.377242e-01	3.932385e-02	0.000000e+00	8.347348e-01	-2.578736e-01
8.326960e-01	7.502726e-02	1.039262e-01	0.000000e+00	3.882577e-02	1.525742e-02	0.000000e+00	1.566234e-01	4.673005e-01	0.000000e+00	1.016533e-01	6.394236e-02	3.636421e-02	0.000000e+00	6.574830e-03	1.465612e-01	0.000000e+00	4.753502e-02	0.000000e+00	3.005752e-01	2.724394e-01	2.574573e-02	1.141328e-02	5.584726e-03	0.000000e+00	0.000000e+00	5.545577e-02	4.341174e-02	2.736239e-02	0.000000e+00	8.326960e-01	-2.533491e-01
6.529634e-01	4.184787e-03	5.409887e-02	0.000000e+00	2.588385e-02	2.457202e-02	2.464246e-02	1.735752e-02	5.477096e-01	1.244687e-02	5.091083e-02	0.000000e+00	0.000000e+00	9.183621e-03	0.000000e+00	0.000000e+00	0.000000e+00	3.169001e-02	0.000000e+00	2.477434e-01	0.000000e+00	1.498098e-02	1.350274e-02	1.889518e-02	2.748505e-02	1.132531e-02	5.695459e-02	2.153817e-02	1.594863e-02	0.000000e+00	6.529634e-01	-2.180470e-01
6.529634e-01	4.184787e-03	5.409887e-02	0.000000e+00	2.588385e-02	2.457202e-02	2.464246e-02	1.735752e-02	5.477096e-01	1.244687e-02	5.091083e-02	0.000000e+00	0.000000e+00	9.183621e-03	0.000000e+00	0.000000e+00	0.000000e+00	3.169001e-02	0.000000e+00	2.477434e-01	0.000000e+00	1.498098e-02	1.350274e-02	1.889518e-02	2.748505e-02	1.132531e-02	5.695459e-02	2.153817e-02	1.594863e-02	0.000000e+00	6.529634e-01	-2.180470e-01
6.529634e-01	4.184787e-03	5.409887e-02	0.000000e+00	2.588385e-02	2.457202e-02	2.464246e-02	1.735752e-02	5.477096e-01	1.244687e-02	5.091083e-02	0.000000e+00	0.000000e+00	9.183621e-03	0.000000e+00	0.000000e+00	0.000000e+00	3.169001e-02	0.000000e+00	2.477434e-01	0.000000e+00	1.498098e-02	1.350274e-02	1.889518e-02	2.748505e-02	1.132531e-02	5.695459e-02	2.153817e-02	1.594863e-02	0.000000e+00	6.529634e-01	-2.180470e-01
6.529634e-01	4.184787e-03	5.409887e-02	0.000000e+00	2.588385e-02	2.457202e-02	2.464246e-02	1.735752e-02	5.477096e-01	1.244687e-02	5.091083e-02	0.000000e+00	0.000000e+00	9.183621e-03	0.000000e+00	0.000000e+00	0.000000e+00	3.169001e-02	0.000000e+00	2.477434e-01	0.000000e+00	1.498098e-02	1.350274e-02	1.889518e-02	2.748505e-02	1.132531e-02	5.695459e-02	2.153817e-02	1.594863e-02	0.000000e+00	6.529634e-01	-2.180470e-01
6.529634e-01	4.184787e-03	5.409887e-02	0.000000e+00	2.588385e-02	2.457202e-02	2.464246e-02	1.735752e-02	5.477096e-01	1.244687e-02	5.091083e-02	0.000000e+00	0.000000e+00	9.183621e-03	0.000000e+00	0.000000e+00	0.000000e+00	3.169001e-02	0.000000e+00	2.477434e-01	0.000000e+00	1.498098e-02	1.350274e-02	1.889518e-02	2.748505e-02	1.132531e-02	5.695459e-02	2.153817e-02	1.594863e-02	0.000000e+00	6.529634e-01	-2.180470e-01
6.529634e-01	4.184787e-03	5.409887e-02	0.000000e+00	2.588385e-02	2.457202e-02	2.464246e-02	1.735752e-02	5.477096e-01	1.244687e-02	5.091083e-02	0.000000e+00	0.000000e+00	9.183621e-03	0.000000e+00	0.000000e+00	0.000000e+00	3.169001e-02	0.000000e+00	2.477434e-01	0.000000e+00	1.498098e-02	1.350274e-02	1.889518e-02	2.748505e-02	1.132531e-02	5.695459e-02	2.153817e-02	1.594863e-02	0.000000e+00	6.529634e-01	-2.180470e-01
6.529634e-01	4.184787e-03	5.409887e-02	0.000000e+00	2.588385e-02	2.457202e-02	2.464246e-02	1.735752e-02	5.477096e-01	1.244687e-02	5.091083e-02	0.000000e+00	0.000000e+00	9.183621e-03	0.000000e+00	0.000000e+00	0.000000e+00	3.169001e-02	0.000000e+00	2.477434e-01	0.000000e+00	1.498098e-02	1.350274e-02	1.889518e-02	2.748505e-02	1.132531e-02	5.695459e-02	2.153817e-02	1.594863e-02	0.000000e+00	6.529634e-01	-2.180470e-01
6.467871e-01	7.044363e-03	1.570855e-01	0.000000e+00	2.588385e-02	2.413607e-02	4.637963e-02	1.446460e-02	4.104476e-01	1.228173e-02	6.776890e-02	0.000000e+00	3.068507e-02	1.130292e-02	0.000000e+00	0.000000e+00	0.000000e+00	1.071165e-02	8.992065e-04	2.592159e-01	1.565850e-02	1.898000e-02	1.350274e-02	1.611032e-02	3.230941e-02	5.869141e-03	3.859763e-02	1.346135e-02	3.258207e-02	0.000000e+00	6.467871e-01	-1.998872e-01
6.467871e-01	7.044363e-03	1.674515e-01	0.000000e+00	1.253193e-02	0.000000e+00	4.637963e-02	0.000000e+00	4.104476e-01	1.228173e-02	6.776890e-02	0.000000e+00	3.068507e-02	1.130292e-02	0.000000e+00	0.000000e+00	0.000000e+00	1.071165e-02	0.000000e+00	2.592159e-01	6.897988e-02	2.375220e-02	1.350274e-02	1.715414e-02	4.768228e-02	1.249688e-02	5.677354e-02	1.346135e-02	3.258207e-02	0.000000e+00	6.467871e-01	-1.882413e-01
6.449690e-01	5.558772e-03	1.787293e-01	0.000000e+00	3.722855e-02	2.413607e-02	2.464246e-02	3.980188e-02	5.477096e-01	0.000000e+00	5.091083e-02	0.000000e+00	0.000000e+00	9.183621e-03	0.000000e+00	0.000000e+00	0.000000e+00	0.000000e+00	7.781171e-04	2.602594e-01	0.000000e+00	1.498098e-02	1.350274e-02	1.352010e-02	2.396137e-02	1.132531e-02	5.695459e-02	2.151422e-02	4.765317e-02	0.000000e+00	6.449690e-01	-1.679577e-01
6.355659e-01	6.821152e-03	7.846825e-02	1.764014e-03	1.546204e-02	2.457202e-02	2.857639e-02	8.678760e-03	1.420936e-01	5.824931e-02	9.424047e-02	8.635562e-03	4.637593e-02	1.206255e-02	0.000000e+00	1.467117e-04	2.694185e-03	5.623892e-02	1.967427e-03	2.456564e-01	3.549004e-02	2.697485e-02	1.350274e-02	9.957352e-03	4.418114e-02	1.460755e-02	4.247824e-02	3.764390e-02	0.000000e+00	1.277338e-02	6.355659e-01	-1.593196e-01
6.355659e-01	6.821152e-03	7.846825e-02	1.764014e-03	1.546204e-02	2.457202e-02	2.857639e-02	8.678760e-03	1.420936e-01	5.824931e-02	9.424047e-02	8.635562e-03	4.637593e-02	1.206255e-02	0.000000e+00	1.467117e-04	2.694185e-03	5.623892e-02	1.967427e-03	2.456564e-01	3.549004e-02	2.697485e-02	1.350274e-02	9.957352e-03	4.418114e-02	1.460755e-02	4.247824e-02	3.764390e-02	0.000000e+00	1.277338e-02	6.355659e-01	-1.593196e-01
6.355659e-01	6.821152e-03	7.846825e-02	1.764014e-03	1.546204e-02	2.457202e-02	2.857639e-02	8.678760e-03	1.420936e-01	5.824931e-02	9.424047e-02	8.635562e-03	4.637593e-02	1.206255e-02	0.000000e+00	1.467117e-04	2.694185e-03	5.623892e-02	1.967427e-03	2.456564e-01	3.549004e-02	2.697485e-02	1.350274e-02	9.957352e-03	4.418114e-02	1.460755e-02	4.247824e-02	3.764390e-02	0.000000e+00	1.277338e-02	6.355659e-01	-1.593196e-01
6.329290e-01	0.000000e+00	1.674515e-01	0.000000e+00	1.253193e-02	0.000000e+00	5.332058e-02	0.000000e+00	2.768858e-01	3.843325e-02	0.000000e+00	0.000000e+00	2.092114e-02	1.125637e-02	0.000000e+00	1.467117e-04	0.000000e+00	4.753502e-02	0.000000e+00	2.486293e-01	6.897988e-02	2.375220e-02	1.350274e-02	1.715414e-02	4.768228e-02	1.249688e-02	5.677354e-02	5.465504e-02	0.000000e+00	0.000000e+00	6.329290e-01	-1.093753e-01
6.329290e-01	6.932758e-03	1.674515e-01	1.764014e-03	7.321024e-03	0.000000e+00	5.528754e-02	0.000000e+00	2.768858e-01	5.707068e-02	0.000000e+00	4.317781e-03	7.159616e-03	1.100291e-02	0.000000e+00	2.200675e-04	2.694185e-03	6.672810e-02	1.396734e-03	2.446917e-01	8.672490e-02	2.375220e-02	1.350274e-02	1.185501e-02	4.176896e-02	1.460755e-02	4.936210e-02	4.302844e-02	0.000000e+00	0.000000e+00	6.329290e-01	-1.045799e-01
6.319298e-01	3.961576e-03	1.217558e-01	0.000000e+00	2.588385e-02	2.457202e-02	3.285662e-02	1.446460e-02	4.452862e-01	2.489374e-02	0.000000e+00	0.000000e+00	8.368455e-02	1.130292e-02	0.000000e+00	0.000000e+00	0.000000e+00	3.169001e-02	4.843575e-04	2.477434e-01	0.000000e+00	1.498098e-02	1.350274e-02	1.197371e-02	2.748505e-02	1.132531e-02	4.318687e-02	2.153817e-02	3.014220e-02	0.000000e+00	6.319298e-01	-8.289729e-02
6.315203e-01	4.951970e-03	1.674515e-01	1.764014e-03	0.000000e+00	0.000000e+00	3.285662e-02	0.000000e+00	4.452862e-01	6.211549e-02	0.000000e+00	0.000000e+00	2.808075e-02	1.014647e-02	0.000000e+00	0.000000e+00	0.000000e+00	3.169001e-02	1.552578e-03	2.477434e-01	7.115516e-02	1.498098e-02	1.350274e-02	1.197371e-02	3.935678e-02	1.610082e-02	4.318687e-02	2.153817e-02	1.661472e-02	0.000000e+00	6.315203e-01	-6.974126e-02
6.315203e-01	0.000000e+00	1.877734e-03	1.832466e-02	5.863409e-02	1.220773e-02	2.181489e-02	0.000000e+00	4.452862e-01	8.316619e-02	6.035602e-02	0.000000e+00	4.507377e-02	1.014647e-02	0.000000e+00	1.467117e-04	6.061917e-03	0.000000e+00	2.294113e-03	2.563975e-01	8.672735e-02	1.498098e-02	1.350274e-02	7.889051e-03	5.734622e-02	2.296103e-02	4.318687e-02	7.032004e-02	2.937604e-02	0.000000e+00	6.315203e-01	-5.197271e-02
6.274747e-01	3.961576e-03	1.217558e-01	0.000000e+00	2.859594e-02	2.282819e-02	3.816548e-02	1.446460e-02	4.452862e-01	1.480413e-02	0.000000e+00	0.000000e+00	4.184228e-02	1.130292e-02	0.000000e+00	0.000000e+00	0.000000e+00	1.071165e-02	1.141385e-03	2.496729e-01	6.263401e-02	1.805972e-02	1.350274e-02	1.509987e-02	3.230941e-02	1.132531e-02	4.318687e-02	1.076908e-02	3.258207e-02	0.000000e+00	6.274747e-01	-2.333155e-02
6.246574e-01	3.354774e-03	1.217558e-01	1.004434e-02	1.530483e-02	0.000000e+00	1.093372e-02	0.000000e+00	3.196757e-01	2.489374e-02	5.518747e-02	6.476672e-03	8.368455e-02	1.225911e-02	0.000000e+00	4.401350e-04	2.694185e-03	0.000000e+00	1.753417e-03	2.477434e-01	2.761764e-02	2.198033e-02	1.350274e-02	6.354851e-04	2.748505e-02	1.431184e-02	1.530489e-02	4.300449e-02	1.014843e-02	0.000000e+00	6.246574e-01	-1.291597e-02
6.246574e-01	3.354774e-03	1.217558e-01	1.004434e-02	0.000000e+00	0.000000e+00	1.093372e-02	0.000000e+00	3.196757e-01	1.205658e-02	2.759373e-02	6.476672e-03	8.368455e-02	1.225911e-02	0.000000e+00	4.401350e-04	2.694185e-03	7.922503e-03	9.255473e-04	2.477434e-01	1.054700e-01	1.814875e-02	1.350274e-02	6.622341e-03	6.568300e-02	7.741707e-03	1.530489e-02	5.042021e-02	1.014843e-02	2.051090e-02	6.246574e-01	5.712499e-03
4.522592e-01	0.000000e+00	0.000000e+00	1.832466e-02	3.503305e-03	2.621704e-02	1.865617e-02	0.000000e+00	7.681490e-02	9.509776e-04	0.000000e+00	0.000000e+00	0.000000e+00	1.137607e-02	0.000000e+00	1.540472e-03	5.725143e-03	0.000000e+00	8.692093e-04	2.647606e-01	7.098008e-02	6.881572e-03	1.814101e-02	1.612850e-03	5.558438e-02	0.000000e+00	0.000000e+00	4.302844e-02	2.537108e-02	2.083242e-02	4.522592e-01	1.794292e-02
4.522592e-01	0.000000e+00	0.000000e+00	1.832466e-02	3.503305e-03	2.621704e-02	1.865617e-02	0.000000e+00	7.681490e-02	9.509776e-04	0.000000e+00	0.000000e+00	0.000000e+00	1.137607e-02	0.000000e+00	1.540472e-03	5.725143e-03	0.000000e+00	8.692093e-04	2.647606e-01	7.098008e-02	6.881572e-03	1.814101e-02	1.612850e-03	5.558438e-02	0.000000e+00	0.000000e+00	4.302844e-02	2.537108e-02	2.083242e-02	4.522592e-01	1.794292e-02
4.522592e-01	0.000000e+00	0.000000e+00	1.832466e-02	3.503305e-03	2.621704e-02	1.865617e-02	0.000000e+00	7.681490e-02	9.509776e-04	0.000000e+00	0.000000e+00	0.000000e+00	1.137607e-02	0.000000e+00	1.540472e-03	5.725143e-03	0.000000e+00	8.692093e-04	2.647606e-01	7.098008e-02	6.881572e-03	1.814101e-02	1.612850e-03	5.558438e-02	0.000000e+00	0.000000e+00	4.302844e-02	2.537108e-02	2.083242e-02	4.522592e-01	1.794292e-02
4.522592e-01	0.000000e+00	0.000000e+00	1.832466e-02	3.503305e-03	2.621704e-02	1.865617e-02	0.000000e+00	7.681490e-02	9.509776e-04	0.000000e+00	0.000000e+00	0.000000e+00	1.137607e-02	0.000000e+00	1.540472e-03	5.725143e-03	0.000000e+00	8.692093e-04	2.647606e-01	7.098008e-02	6.881572e-03	1.814101e-02	1.612850e-03	5.558438e-02	0.000000e+00	0.000000e+00	4.302844e-02	2.537108e-02	2.083242e-02	4.522592e-01	1.794292e-02
4.522592e-01	0.000000e+00	0.000000e+00	1.832466e-02	3.503305e-03	2.621704e-02	1.865617e-02	0.000000e+00	7.681490e-02	9.509776e-04	0.000000e+00	0.000000e+00	0.000000e+00	1.137607e-02	0.000000e+00	1.540472e-03	5.725143e-03	0.000000e+00	8.692093e-04	2.647606e-01	7.098008e-02	6.881572e-03	1.814101e-02	1.612850e-03	5.558438e-02	0.000000e+00	0.000000e+00	4.302844e-02	2.537108e-02	2.083242e-02	4.522592e-01	1.794292e-02
4.522592e-01	0.000000e+00	0.000000e+00	1.832466e-02	3.503305e-03	2.621704e-02	1.865617e-02	0.000000e+00	7.681490e-02	9.509776e-04	0.000000e+00	0.000000e+00	0.000000e+00	1.137607e-02	0.000000e+00	1.540472e-03	5.725143e-03	0.000000e+00	8.692093e-04	2.647606e-01	7.098008e-02	6.881572e-03	1.814101e-02	1.612850e-03	5.558438e-02	0.000000e+00	0.000000e+00	4.302844e-02	2.537108e-02	2.083242e-02	4.522592e-01	1.794292e-02
4.522592e-01	0.000000e+00	0.000000e+00	1.832466e-02	3.503305e-03	2.621704e-02	1.865617e-02	0.000000e+00	7.681490e-02	9.509776e-04	0.000000e+00	0.000000e+00	0.000000e+00	1.137607e-02	0.000000e+00	1.540472e-03	5.725143e-03	0.000000e+00	8.692093e-04	2.647606e-01	7.098008e-02	6.881572e-03	1.814101e-02	1.612850e-03	5.558438e-02	0.000000e+00	0.000000e+00	4.302844e-02	2.537108e-02	2.083242e-02	4.522592e-01	1.794292e-02
4.522592e-01	0.000000e+00	0.000000e+00	1.832466e-02	3.503305e-03	2.621704e-02	1.865617e-02	0.000000e+00	7.681490e-02	9.509776e-04	0.000000e+00	0.000000e+00	0.000000e+00	1.137607e-02	0.000000e+00	1.540472e-03	5.725143e-03	0.000000e+00	8.692093e-04	2.647606e-01	7.098008e-02	6.881572e-03	1.814101e-02	1.612850e-03	5.558438e-02	0.000000e+00	0.000000e+00	4.302844e-02	2.537108e-02	2.083242e-02	4.522592e-01	1.794292e-02
4.522592e-01	0.000000e+00	0.000000e+00	1.832466e-02	3.503305e-03	2.621704e-02	1.865617e-02	0.000000e+00	7.681490e-02	9.509776e-04	0.000000e+00	0.000000e+00	0.000000e+00	1.137607e-02	0.000000e+00	1.540472e-03	5.725143e-03	0.000000e+00	8.692093e-04	2.647606e-01	7.098008e-02	6.881572e-03	1.814101e-02	1.612850e-03	5.558438e-02	0.000000e+00	0.000000e+00	4.302844e-02	2.537108e-02	2.083242e-02	4.522592e-01	1.794292e-02
4.522592e-01	0.000000e+00	0.000000e+00	2.325468e-02	1.751652e-03	2.621704e-02	1.865617e-02	0.000000e+00	7.681490e-02	9.509776e-04	8.067229e-03	0.000000e+00	0.000000e+00	1.137607e-02	0.000000e+00	2.017285e-03	3.304754e-02	0.000000e+00	1.343885e-03	2.647606e-01	7.098008e-02	6.881572e-03	1.814101e-02	1.612850e-03	3.342452e-02	0.000000e+00	4.076269e-02	3.766784e-02	6.314354e-02	2.015387e-02	4.522592e-01	3.734745e-02
4.433765e-01	0.000000e+00	3.036446e-02	3.312129e-02	7.624340e-03	2.621704e-02	0.000000e+00	0.000000e+00	4.576716e-02	5.286831e-03	0.000000e+00	3.454225e-02	0.000000e+00	1.138605e-02	0.000000e+00	6.235246e-04	0.000000e+00	0.000000e+00	5.572424e-04	2.626555e-01	1.064701e-01	3.440786e-03	1.350274e-02	3.225701e-03	5.558438e-02	1.431184e-02	1.848529e-02	4.660217e-02	2.029686e-02	1.847525e-02	4.433765e-01	6.149449e-02
4.389352e-01	0.000000e+00	0.000000e+00	2.325468e-02	1.751652e-03	7.395727e-02	2.533238e-02	0.000000e+00	3.840745e-02	4.754888e-04	8.067229e-03	0.000000e+00	0.000000e+00	1.136610e-02	0.000000e+00	6.235246e-04	3.304754e-02	0.000000e+00	1.343885e-03	2.576824e-01	3.549004e-02	3.440786e-03	2.130346e-02	4.032126e-03	3.342452e-02	0.000000e+00	4.328239e-02	4.660217e-02	2.029686e-02	2.015387e-02	4.389352e-01	7.433211e-02
4.389352e-01	0.000000e+00	0.000000e+00	2.325468e-02	1.751652e-03	7.395727e-02	2.533238e-02	0.000000e+00	3.840745e-02	4.754888e-04	8.067229e-03	0.000000e+00	0.000000e+00	1.136610e-02	0.000000e+00	6.235246e-04	3.304754e-02	0.000000e+00	1.343885e-03	2.576824e-01	3.549004e-02	3.440786e-03	2.130346e-02	4.032126e-03	3.342452e-02	0.000000e+00	4.328239e-02	4.660217e-02	2.029686e-02	2.015387e-02	4.389352e-01	7.433211e-02
4.389352e-01	0.000000e+00	0.000000e+00	2.325468e-02	1.751652e-03	7.395727e-02	2.533238e-02	0.000000e+00	3.840745e-02	4.754888e-04	8.067229e-03	0.000000e+00	0.000000e+00	1.136610e-02	0.000000e+00	6.235246e-04	3.304754e-02	0.000000e+00	1.343885e-03	2.576824e-01	3.549004e-02	3.440786e-03	2.130346e-02	4.032126e-03	3.342452e-02	0.000000e+00	4.328239e-02	4.660217e-02	2.029686e-02	2.015387e-02	4.389352e-01	7.433211e-02
4.389352e-01	0.000000e+00	0.000000e+00	2.325468e-02	1.751652e-03	7.395727e-02	2.533238e-02	0.000000e+00	3.840745e-02	4.754888e-04	8.067229e-03	0.000000e+00	0.000000e+00	1.136610e-02	0.000000e+00	6.235246e-04	3.304754e-02	0.000000e+00	1.343885e-03	2.576824e-01	3.549004e-02	3.440786e-03	2.130346e-02	4.032126e-03	3.342452e-02	0.000000e+00	4.328239e-02	4.660217e-02	2.029686e-02	2.015387e-02	4.389352e-01	7.433211e-02
4.256113e-01	0.000000e+00	0.000000e+00	2.325468e-02	0.000000e+00	5.258823e-03	0.000000e+00	0.000000e+00	0.000000e+00	0.000000e+00	1.613446e-02	0.000000e+00	0.000000e+00	1.135113e-02	0.000000e+00	6.235246e-04	7.403114e-02	0.000000e+00	1.343885e-03	2.506041e-01	0.000000e+00	0.000000e+00	2.446592e-02	6.451401e-03	1.126465e-02	0.000000e+00	3.481957e-02	2.515979e-02	1.009160e-01	1.913604e-02	4.256113e-01	1.700406e-01
4.256113e-01	0.000000e+00	0.000000e+00	2.325468e-02	0.000000e+00	5.258823e-03	0.000000e+00	0.000000e+00	0.000000e+00	0.000000e+00	1.613446e-02	0.000000e+00	0.000000e+00	1.135113e-02	0.000000e+00	6.235246e-04	7.403114e-02	0.000000e+00	1.343885e-03	2.506041e-01	0.000000e+00	0.000000e+00	2.446592e-02	6.451401e-03	1.126465e-02	0.000000e+00	3.481957e-02	2.515979e-02	1.009160e-01	1.913604e-02	4.256113e-01	1.700406e-01
4.256113e-01	0.000000e+00	0.000000e+00	2.325468e-02	0.000000e+00	5.258823e-03	0.000000e+00	0.000000e+00	0.000000e+00	0.000000e+00	1.613446e-02	0.000000e+00	0.000000e+00	1.135113e-02	0.000000e+00	6.235246e-04	7.403114e-02	0.000000e+00	1.343885e-03	2.506041e-01	0.000000e+00	0.000000e+00	2.446592e-02	6.451401e-03	1.126465e-02	0.000000e+00	3.481957e-02	2.515979e-02	1.009160e-01	1.913604e-02	4.256113e-01	1.700406e-01
4.256113e-01	0.000000e+00	0.000000e+00	2.325468e-02	0.000000e+00	5.258823e-03	0.000000e+00	0.000000e+00	0.000000e+00	0.000000e+00	1.613446e-02	0.000000e+00	0.000000e+00	1.135113e-02	0.000000e+00	6.235246e-04	7.403114e-02	0.000000e+00	1.343885e-03	2.506041e-01	0.000000e+00	0.000000e+00	2.446592e-02	6.451401e-03	1.126465e-02	0.000000e+00	3.481957e-02	2.515979e-02	1.009160e-01	1.913604e-02	4.256113e-01	1.700406e-01
4.189493e-01	0.000000e+00	0.000000e+00	2.325468e-02	0.000000e+00	5.258823e-03	3.534670e-02	0.000000e+00	0.000000e+00	4.754888e-04	8.067229e-03	0.000000e+00	0.000000e+00	1.136610e-02	0.000000e+00	6.235246e-04	7.403114e-02	0.000000e+00	2.055898e-03	2.470650e-01	3.549004e-02	0.000000e+00	2.604714e-02	4.032126e-03	1.847205e-04	0.000000e+00	1.082060e-01	4.660217e-02	1.009990e-01	1.913604e-02	4.189493e-01	2.787860e-01
4.189493e-01	0.000000e+00	0.000000e+00	2.325468e-02	0.000000e+00	5.258823e-03	3.534670e-02	0.000000e+00	0.000000e+00	4.754888e-04	8.067229e-03	0.000000e+00	0.000000e+00	1.136610e-02	0.000000e+00	6.235246e-04	7.403114e-02	0.000000e+00	2.055898e-03	2.470650e-01	3.549004e-02	0.000000e+00	2.604714e-02	4.032126e-03	1.847205e-04	0.000000e+00	1.082060e-01	4.660217e-02	1.009990e-01	1.913604e-02	4.189493e-01	2.787860e-01
2.578043e-01	0.000000e+00	0.000000e+00	2.908175e-02	4.020115e-03	1.197267e-02	3.534670e-02	0.000000e+00	1.547966e-02	4.754888e-04	0.000000e+00	0.000000e+00	1.638071e-03	1.070132e-02	0.000000e+00	1.317646e-03	2.963224e-02	9.486166e-03	0.000000e+00	4.582997e-03	2.661753e-02	0.000000e+00	0.000000e+00	3.286877e-02	2.563900e-02	0.000000e+00	1.265677e-01	0.000000e+00	5.525068e-02	2.679994e-03	2.578043e-01	3.412220e-01
2.578043e-01	0.000000e+00	0.000000e+00	2.908175e-02	4.020115e-03	1.197267e-02	3.534670e-02	0.000000e+00	1.547966e-02	4.754888e-04	0.000000e+00	0.000000e+00	1.638071e-03	1.070132e-02	0.000000e+00	1.317646e-03	2.963224e-02	9.486166e-03	0.000000e+00	4.582997e-03	2.661753e-02	0.000000e+00	0.000000e+00	3.286877e-02	2.563900e-02	0.000000e+00	1.265677e-01	0.000000e+00	5.525068e-02	2.679994e-03	2.578043e-01	3.412220e-01
2.578043e-01	0.000000e+00	0.000000e+00	2.908175e-02	4.020115e-03	1.197267e-02	3.534670e-02	0.000000e+00	1.547966e-02	4.754888e-04	0.000000e+00	0.000000e+00	1.638071e-03	1.070132e-02	0.000000e+00	1.317646e-03	2.963224e-02	9.486166e-03	0.000000e+00	4.582997e-03	2.661753e-02	0.000000e+00	0.000000e+00	3.286877e-02	2.563900e-02	0.000000e+00	1.265677e-01	0.000000e+00	5.525068e-02	2.679994e-03	2.578043e-01	3.412220e-01
2.578043e-01	0.000000e+00	0.000000e+00	2.908175e-02	4.020115e-03	1.197267e-02	3.534670e-02	0.000000e+00	1.547966e-02	4.754888e-04	0.000000e+00	0.000000e+00	1.638071e-03	1.070132e-02	0.000000e+00	1.317646e-03	2.963224e-02	9.486166e-03	0.000000e+00	4.582997e-03	2.661753e-02	0.000000e+00	0.000000e+00	3.286877e-02	2.563900e-02	0.000000e+00	1.265677e-01	0.000000e+00	5.525068e-02	2.679994e-03	2.578043e-01	3.412220e-01
2.578043e-01	0.000000e+00	0.000000e+00	2.908175e-02	4.020115e-03	1.197267e-02	3.534670e-02	0.000000e+00	1.547966e-02	4.754888e-04	0.000000e+00	0.000000e+00	1.638071e-03	1.070132e-02	0.000000e+00	1.317646e-03	2.963224e-02	9.486166e-03	0.000000e+00	4.582997e-03	2.661753e-02	0.000000e+00	0.000000e+00	3.286877e-02	2.563900e-02	0.000000e+00	1.265677e-01	0.000000e+00	5.525068e-02	2.679994e-03	2.578043e-01	3.412220e-01
2.578043e-01	0.000000e+00	0.000000e+00	2.908175e-02	4.020115e-03	1.197267e-02	3.534670e-02	0.000000e+00	1.547966e-02	4.754888e-04	0.000000e+00	0.000000e+00	1.638071e-03	1.070132e-02	0.000000e+00	1.317646e-03	2.963224e-02	9.486166e-03	0.000000e+00	4.582997e-03	2.661753e-02	0.000000e+00	0.000000e+00	3.286877e-02	2.563900e-02	0.000000e+00	1.265677e-01	0.000000e+00	5.525068e-02	2.679994e-03	2.578043e-01	3.412220e-01
2.578043e-01	0.000000e+00	0.000000e+00	2.908175e-02	4.020115e-03	1.197267e-02	3.534670e-02	0.000000e+00	1.547966e-02	4.754888e-04	0.000000e+00	0.000000e+00	1.638071e-03	1.070132e-02	0.000000e+00	1.317646e-03	2.963224e-02	9.486166e-03	0.000000e+00	4.582997e-03	2.661753e-02	0.000000e+00	0.000000e+00	3.286877e-02	2.563900e-02	0.000000e+00	1.265677e-01	0.000000e+00	5.525068e-02	2.679994e-03	2.578043e-01	3.412220e-01
2.578043e-01	0.000000e+00	0.000000e+00	2.908175e-02	4.020115e-03	1.197267e-02	3.534670e-02	0.000000e+00	1.547966e-02	4.754888e-04	0.000000e+00	0.000000e+00	1.638071e-03	1.070132e-02	0.000000e+00	1.317646e-03	2.963224e-02	9.486166e-03	0.000000e+00	4.582997e-03	2.661753e-02	0.000000e+00	0.000000e+00	3.286877e-02	2.563900e-02	0.000000e+00	1.265677e-01	0.000000e+00	5.525068e-02	2.679994e-03	2.578043e-01	3.412220e-01
2.578043e-01	0.000000e+00	0.000000e+00	2.908175e-02	4.020115e-03	1.197267e-02	3.534670e-02	0.000000e+00	1.547966e-02	4.754888e-04	0.000000e+00	0.000000e+00	1.638071e-03	1.070132e-02	0.000000e+00	1.317646e-03	2.963224e-02	9.486166e-03	0.000000e+00	4.582997e-03	2.661753e-02	0.000000e+00	0.000000e+00	3.286877e-02	2.563900e-02	0.000000e+00	1.265677e-01	0.000000e+00	5.525068e-02	2.679994e-03	2.578043e-01	3.412220e-01
2.578043e-01	0.000000e+00	0.000000e+00	2.908175e-02	4.020115e-03	1.197267e-02	3.534670e-02	0.000000e+00	1.547966e-02	4.754888e-04	0.000000e+00	0.000000e+00	1.638071e-03	1.070132e-02	0.000000e+00	1.317646e-03	2.963224e-02	9.486166e-03	0.000000e+00	4.582997e-03	2.661753e-02	0.000000e+00	0.000000e+00	3.286877e-02	2.563900e-02	0.000000e+00	1.265677e-01	0.000000e+00	5.525068e-02	2.679994e-03	2.578043e-01	3.412220e-01
2.478113e-01	0.000000e+00	0.000000e+00	2.857023e-02	0.000000e+00	2.815831e-02	0.000000e+00	0.000000e+00	0.000000e+00	0.000000e+00	8.067229e-03	0.000000e+00	6.552283e-03	1.003156e-02	0.000000e+00	3.442205e-03	6.036994e-02	6.324111e-03	0.000000e+00	0.000000e+00	0.000000e+00	6.169474e-03	0.000000e+00	6.451401e-03	1.785349e-02	0.000000e+00	7.596462e-02	0.000000e+00	1.009160e-01	2.147546e-02	2.478113e-01	3.444454e-01
2.428148e-01	0.000000e+00	0.000000e+00	2.831447e-02	0.000000e+00	3.625112e-02	3.534670e-02	0.000000e+00	0.000000e+00	4.754888e-04	0.000000e+00	0.000000e+00	9.009388e-03	9.696680e-03	0.000000e+00	1.317646e-03	7.573879e-02	4.743083e-03	0.000000e+00	0.000000e+00	2.661753e-02	9.254211e-03	0.000000e+00	0.000000e+00	1.396074e-02	0.000000e+00	1.265677e-01	0.000000e+00	5.525068e-02	3.087319e-02	2.428148e-01	3.801574e-01
2.428148e-01	0.000000e+00	0.000000e+00	2.831447e-02	0.000000e+00	3.625112e-02	3.534670e-02	0.000000e+00	0.000000e+00	4.754888e-04	0.000000e+00	0.000000e+00	9.009388e-03	9.696680e-03	0.000000e+00	1.317646e-03	7.573879e-02	4.743083e-03	0.000000e+00	0.000000e+00	2.661753e-02	9.254211e-03	0.000000e+00	0.000000e+00	1.396074e-02	0.000000e+00	1.265677e-01	0.000000e+00	5.525068e-02	3.087319e-02	2.428148e-01	3.801574e-01
2.348488e-01	0.000000e+00	0.000000e+00	2.857023e-02	0.000000e+00	2.815831e-02	3.200860e-02	0.000000e+00	0.000000e+00	0.000000e+00	8.067229e-03	0.000000e+00	0.000000e+00	1.003156e-02	0.000000e+00	2.053963e-03	6.036994e-02	0.000000e+00	0.000000e+00	2.148627e-01	0.000000e+00	2.056491e-03	5.089516e-02	2.386655e-02	1.785349e-02	0.000000e+00	7.297656e-02	0.000000e+00	8.118395e-02	2.147546e-02	2.348488e-01	4.628049e-01
2.348488e-01	0.000000e+00	0.000000e+00	2.857023e-02	0.000000e+00	2.815831e-02	3.200860e-02	0.000000e+00	0.000000e+00	0.000000e+00	8.067229e-03	0.000000e+00	0.000000e+00	1.003156e-02	0.000000e+00	2.053963e-03	6.036994e-02	0.000000e+00	0.000000e+00	2.148627e-01	0.000000e+00	2.056491e-03	5.089516e-02	2.386655e-02	1.785349e-02	0.000000e+00	7.297656e-02	0.000000e+00	8.118395e-02	2.147546e-02	2.348488e-01	4.628049e-01
2.166512e-01	0.000000e+00	0.000000e+00	2.959327e-02	4.020115e-03	1.456996e-02	3.534670e-02	0.000000e+00	1.547966e-02	7.132332e-04	0.000000e+00	0.000000e+00	2.457106e-03	1.103620e-02	0.000000e+00	6.024262e-04	3.390272e-02	9.486166e-03	0.000000e+00	4.582997e-03	1.774502e-02	0.000000e+00	0.000000e+00	4.607746e-02	2.563900e-02	5.096055e-05	1.097000e-01	0.000000e+00	7.047245e-02	0.000000e+00	2.166512e-01	5.300288e-01
2.166512e-01	0.000000e+00	0.000000e+00	2.959327e-02	4.020115e-03	1.456996e-02	3.534670e-02	0.000000e+00	1.547966e-02	7.132332e-04	0.000000e+00	0.000000e+00	2.457106e-03	1.103620e-02	0.000000e+00	6.024262e-04	3.390272e-02	9.486166e-03	0.000000e+00	4.582997e-03	1.774502e-02	0.000000e+00	0.000000e+00	4.607746e-02	2.563900e-02	5.096055e-05	1.097000e-01	0.000000e+00	7.047245e-02	0.000000e+00	2.166512e-01	5.300288e-01
2.089239e-01	0.000000e+00	0.000000e+00	2.867733e-02	4.020115e-03	1.282576e-03	1.955879e-02	0.000000e+00	0.000000e+00	4.754888e-04	4.033615e-03	0.000000e+00	0.000000e+00	1.135612e-02	0.000000e+00	4.167974e-03	5.868549e-02	1.660079e-02	2.727840e-03	0.000000e+00	2.661753e-02	0.000000e+00	0.000000e+00	8.763912e-03	0.000000e+00	0.000000e+00	1.280617e-01	0.000000e+00	8.683596e-02	0.000000e+00	2.089239e-01	5.821609e-01
2.089239e-01	0.000000e+00	0.000000e+00	2.867733e-02	4.020115e-03	1.282576e-03	1.955879e-02	0.000000e+00	0.000000e+00	4.754888e-04	4.033615e-03	0.000000e+00	0.000000e+00	1.135612e-02	0.000000e+00	4.167974e-03	5.868549e-02	1.660079e-02	2.727840e-03	0.000000e+00	2.661753e-02	0.000000e+00	0.000000e+00	8.763912e-03	0.000000e+00	0.000000e+00	1.280617e-01	0.000000e+00	8.683596e-02	0.000000e+00	2.089239e-01	5.821609e-01
1.926548e-01	0.000000e+00	0.000000e+00	2.776140e-02	0.000000e+00	6.778110e-03	4.327662e-04	0.000000e+00	6.270382e-03	0.000000e+00	0.000000e+00	0.000000e+00	0.000000e+00	1.475528e-02	0.000000e+00	2.748084e-03	1.184764e-01	1.422925e-02	0.000000e+00	0.000000e+00	0.000000e+00	0.000000e+00	2.024691e-02	6.451401e-03	2.444233e-02	0.000000e+00	7.596462e-02	0.000000e+00	1.443545e-01	1.173780e-02	1.926548e-01	7.212257e-01
9.016121e-02	0.000000e+00	1.959329e-02	2.426190e-02	4.020115e-03	1.267616e-03	0.000000e+00	0.000000e+00	4.758596e-03	4.754888e-04	0.000000e+00	1.825449e-03	0.000000e+00	1.166991e-02	4.653153e-03	4.515034e-03	1.391619e-01	1.086957e-02	1.579642e-03	0.000000e+00	0.000000e+00	0.000000e+00	0.000000e+00	2.504316e-02	2.444233e-02	5.334933e-05	5.221015e-02	0.000000e+00	7.208886e-02	0.000000e+00	9.016121e-02	7.790136e-01
9.016121e-02	0.000000e+00	1.959329e-02	2.426190e-02	4.020115e-03	1.267616e-03	0.000000e+00	0.000000e+00	4.758596e-03	4.754888e-04	0.000000e+00	1.825449e-03	0.000000e+00	1.166991e-02	4.653153e-03	4.515034e-03	1.391619e-01	1.086957e-02	1.579642e-03	0.000000e+00	0.000000e+00	0.000000e+00	0.000000e+00	2.504316e-02	2.444233e-02	5.334933e-05	5.221015e-02	0.000000e+00	7.208886e-02	0.000000e+00	9.016121e-02	7.790136e-01
9.016121e-02	0.000000e+00	1.959329e-02	2.426190e-02	4.020115e-03	1.267616e-03	0.000000e+00	0.000000e+00	4.758596e-03	4.754888e-04	0.000000e+00	1.825449e-03	0.000000e+00	1.166991e-02	4.653153e-03	4.515034e-03	1.391619e-01	1.086957e-02	1.579642e-03	0.000000e+00	0.000000e+00	0.000000e+00	0.000000e+00	2.504316e-02	2.444233e-02	5.334933e-05	5.221015e-02	0.000000e+00	7.208886e-02	0.000000e+00	9.016121e-02	7.790136e-01
9.016121e-02	0.000000e+00	1.959329e-02	2.426190e-02	4.020115e-03	1.267616e-03	0.000000e+00	0.000000e+00	4.758596e-03	4.754888e-04	0.000000e+00	1.825449e-03	0.000000e+00	1.166991e-02	4.653153e-03	4.515034e-03	1.391619e-01	1.086957e-02	1.579642e-03	0.000000e+00	0.000000e+00	0.000000e+00	0.000000e+00	2.504316e-02	2.444233e-02	5.334933e-05	5.221015e-02	0.000000e+00	7.208886e-02	0.000000e+00	9.016121e-02	7.790136e-01
9.016121e-02	0.000000e+00	1.959329e-02	2.426190e-02	4.020115e-03	1.267616e-03	0.000000e+00	0.000000e+00	4.758596e-03	4.754888e-04	0.000000e+00	1.825449e-03	0.000000e+00	1.166991e-02	4.653153e-03	4.515034e-03	1.391619e-01	1.086957e-02	1.579642e-03	0.000000e+00	0.000000e+00	0.000000e+00	0.000000e+00	2.504316e-02	2.444233e-02	5.334933e-05	5.221015e-02	0.000000e+00	7.208886e-02	0.000000e+00	9.016121e-02	7.790136e-01
9.016121e-02	0.000000e+00	1.959329e-02	2.426190e-02	4.020115e-03	1.267616e-03	0.000000e+00	0.000000e+00	4.758596e-03	4.754888e-04	0.000000e+00	1.825449e-03	0.000000e+00	1.166991e-02	4.653153e-03	4.515034e-03	1.391619e-01	1.086957e-02	1.579642e-03	0.000000e+00	0.000000e+00	0.000000e+00	0.000000e+00	2.504316e-02	2.444233e-02	5.334933e-05	5.221015e-02	0.000000e+00	7.208886e-02	0.000000e+00	9.016121e-02	7.790136e-01
9.016121e-02	0.000000e+00	1.959329e-02	2.426190e-02	4.020115e-03	1.267616e-03	0.000000e+00	0.000000e+00	4.758596e-03	4.754888e-04	0.000000e+00	1.825449e-03	0.000000e+00	1.166991e-02	4.653153e-03	4.515034e-03	1.391619e-01	1.086957e-02	1.579642e-03	0.000000e+00	0.000000e+00	0.000000e+00	0.000000e+00	2.504316e-02	2.444233e-02	5.334933e-05	5.221015e-02	0.000000e+00	7.208886e-02	0.000000e+00	9.016121e-02	7.790136e-01
7.040247e-02	0.000000e+00	0.000000e+00	2.867733e-02	1.158147e-02	2.535232e-03	1.955879e-02	0.000000e+00	0.000000e+00	4.754888e-04	0.000000e+00	0.000000e+00	0.000000e+00	1.165255e-02	1.199151e-02	4.167974e-03	5.868549e-02	1.660079e-02	2.727840e-03	0.000000e+00	2.661753e-02	0.000000e+00	5.546118e-02	8.763912e-03	2.444233e-02	1.178463e-04	4.523016e-02	0.000000e+00	8.683596e-02	0.000000e+00	7.040247e-02	7.907653e-01
7.040247e-02	0.000000e+00	0.000000e+00	2.867733e-02	1.158147e-02	3.110233e-03	1.955879e-02	0.000000e+00	0.000000e+00	4.754888e-04	0.000000e+00	9.127245e-04	0.000000e+00	1.165255e-02	1.199151e-02	4.167974e-03	5.868549e-02	1.660079e-02	2.727840e-03	9.742368e-03	2.876829e-02	0.000000e+00	5.546118e-02	8.763912e-03	2.444233e-02	1.178463e-04	4.523016e-02	0.000000e+00	8.707096e-02	0.000000e+00	7.040247e-02	7.944638e-01
4.497547e-02	0.000000e+00	0.000000e+00	2.646962e-02	0.000000e+00	1.282576e-03	9.779394e-03	0.000000e+00	0.000000e+00	0.000000e+00	0.000000e+00	0.000000e+00	0.000000e+00	1.166123e-02	0.000000e+00	4.167974e-03	5.868549e-02	2.134387e-02	2.727840e-03	0.000000e+00	9.099978e-02	0.000000e+00	0.000000e+00	8.763912e-03	2.444233e-02	8.559780e-05	4.872015e-02	0.000000e+00	7.946241e-02	0.000000e+00	4.497547e-02	8.516831e-01
4.497547e-02	0.000000e+00	0.000000e+00	2.646962e-02	0.000000e+00	1.282576e-03	9.779394e-03	0.000000e+00	0.000000e+00	0.000000e+00	0.000000e+00	0.000000e+00	0.000000e+00	1.166123e-02	0.000000e+00	4.167974e-03	5.868549e-02	2.134387e-02	2.727840e-03	0.000000e+00	9.099978e-02	0.000000e+00	0.000000e+00	8.763912e-03	2.444233e-02	8.559780e-05	4.872015e-02	0.000000e+00	7.946241e-02	0.000000e+00	4.497547e-02	8.516831e-01
1.250323e-02	0.000000e+00	0.000000e+00	2.546193e-02	1.158147e-02	4.952849e-03	1.081916e-03	0.000000e+00	6.519652e-02	0.000000e+00	0.000000e+00	0.000000e+00	0.000000e+00	1.041258e-02	6.621103e-03	2.979458e-03	1.649953e-01	1.541502e-02	7.320634e-03	1.948474e-02	5.753658e-02	0.000000e+00	5.741446e-02	3.922878e-02	2.444233e-02	8.599593e-05	6.754924e-02	1.203499e-02	1.020531e-01	0.000000e+00	1.250323e-02	1.087865e+00
1.250323e-02	0.000000e+00	0.000000e+00	2.546193e-02	1.158147e-02	4.952849e-03	1.081916e-03	0.000000e+00	6.519652e-02	0.000000e+00	0.000000e+00	0.000000e+00	0.000000e+00	1.041258e-02	6.621103e-03	2.979458e-03	1.649953e-01	1.541502e-02	7.320634e-03	1.948474e-02	5.753658e-02	0.000000e+00	5.741446e-02	3.922878e-02	2.444233e-02	8.599593e-05	6.754924e-02	1.203499e-02	1.020531e-01	0.000000e+00	1.250323e-02	1.087865e+00
0.000000e+00	0.000000e+00	1.608370e-01	3.285896e-02	0.000000e+00	5.593397e-03	1.298299e-03	0.000000e+00	5.453000e-02	0.000000e+00	0.000000e+00	0.000000e+00	0.000000e+00	1.119055e-02	0.000000e+00	3.442205e-03	0.000000e+00	0.000000e+00	1.363920e-03	3.662446e-02	0.000000e+00	9.254211e-03	2.065809e-02	5.295914e-02	1.282225e-02	9.555103e-05	8.435187e-02	0.000000e+00	8.754023e-02	0.000000e+00	0.000000e+00	1.178579e+00
