8.462298e-01	0.000000e+00	7.919553e-03	1.146902e-02	3.136840e-02	0.000000e+00	0.000000e+00	0.000000e+00	8.438505e-03	0.000000e+00	3.667658e-02	3.523453e-03	8.579492e-03	0.000000e+00	1.290151e-02	3.416913e-03	1.615641e-02	4.243383e-04	5.705179e-03	2.348041e-03	0.000000e+00	2.490212e-02	0.000000e+00	0.000000e+00	0.000000e+00	0.000000e+00	1.377453e-05	2.457926e-03	7.318732e-03	0.000000e+00	8.462298e-01	-7.290705e-01
8.462298e-01	0.000000e+00	7.919553e-03	2.801696e-03	6.121538e-02	0.000000e+00	0.000000e+00	0.000000e+00	8.438505e-03	0.000000e+00	3.667658e-02	3.523453e-03	8.579492e-03	0.000000e+00	1.290151e-02	4.042462e-03	1.615641e-02	8.486766e-04	5.705179e-03	2.348041e-03	0.000000e+00	1.562616e-02	0.000000e+00	0.000000e+00	0.000000e+00	0.000000e+00	6.887265e-06	3.542305e-03	7.318732e-03	4.434479e-03	8.462298e-01	-7.259002e-01
8.462298e-01	0.000000e+00	7.919553e-03	2.801696e-03	6.121538e-02	0.000000e+00	0.000000e+00	0.000000e+00	8.438505e-03	0.000000e+00	3.667658e-02	3.523453e-03	8.579492e-03	0.000000e+00	1.290151e-02	4.042462e-03	1.615641e-02	8.486766e-04	5.705179e-03	2.348041e-03	0.000000e+00	1.562616e-02	0.000000e+00	0.000000e+00	0.000000e+00	0.000000e+00	6.887265e-06	3.542305e-03	7.318732e-03	4.434479e-03	8.462298e-01	-7.259002e-01
8.462298e-01	0.000000e+00	7.919553e-03	1.146902e-02	6.121538e-02	2.212956e-02	0.000000e+00	0.000000e+00	8.438505e-03	0.000000e+00	3.491580e-02	3.523453e-03	5.795802e-03	9.476416e-03	1.606381e-02	4.042462e-03	1.773100e-02	8.486766e-04	5.705179e-03	2.348041e-03	0.000000e+00	1.562616e-02	0.000000e+00	0.000000e+00	0.000000e+00	0.000000e+00	1.377453e-05	3.542305e-03	6.642141e-03	4.434479e-03	8.462298e-01	-7.190443e-01
8.462298e-01	0.000000e+00	7.919553e-03	1.146902e-02	6.121538e-02	2.212956e-02	0.000000e+00	0.000000e+00	8.438505e-03	0.000000e+00	3.491580e-02	3.523453e-03	5.795802e-03	9.476416e-03	1.606381e-02	4.042462e-03	1.773100e-02	8.486766e-04	5.705179e-03	2.348041e-03	0.000000e+00	1.562616e-02	0.000000e+00	0.000000e+00	0.000000e+00	0.000000e+00	1.377453e-05	3.542305e-03	6.642141e-03	4.434479e-03	8.462298e-01	-7.190443e-01
8.432141e-01	4.278158e-04	3.959777e-03	1.146902e-02	2.064773e-03	2.212956e-02	0.000000e+00	0.000000e+00	4.980839e-03	0.000000e+00	3.491580e-02	3.523453e-03	6.491724e-03	2.793747e-02	1.197082e-02	2.935949e-03	1.773100e-02	2.263138e-03	5.705179e-03	1.779375e-03	0.000000e+00	2.490212e-02	0.000000e+00	0.000000e+00	0.000000e+00	0.000000e+00	9.177280e-04	4.084494e-03	7.734231e-03	0.000000e+00	8.432141e-01	-7.087491e-01
8.432141e-01	4.278158e-04	3.959777e-03	1.146902e-02	2.064773e-03	2.212956e-02	0.000000e+00	0.000000e+00	4.980839e-03	0.000000e+00	3.491580e-02	3.523453e-03	6.491724e-03	2.793747e-02	1.197082e-02	2.935949e-03	1.773100e-02	2.263138e-03	5.705179e-03	1.779375e-03	0.000000e+00	2.490212e-02	0.000000e+00	0.000000e+00	0.000000e+00	0.000000e+00	9.177280e-04	4.084494e-03	7.734231e-03	0.000000e+00	8.432141e-01	-7.087491e-01
8.432141e-01	4.278158e-04	3.959777e-03	1.146902e-02	2.064773e-03	2.212956e-02	0.000000e+00	0.000000e+00	4.980839e-03	0.000000e+00	3.491580e-02	3.523453e-03	6.491724e-03	2.793747e-02	1.197082e-02	2.935949e-03	1.773100e-02	2.263138e-03	5.705179e-03	1.779375e-03	0.000000e+00	2.490212e-02	0.000000e+00	0.000000e+00	0.000000e+00	0.000000e+00	9.177280e-04	4.084494e-03	7.734231e-03	0.000000e+00	8.432141e-01	-7.087491e-01
8.412036e-01	0.000000e+00	0.000000e+00	1.146902e-02	8.693782e-04	2.212956e-02	0.000000e+00	0.000000e+00	8.438505e-03	0.000000e+00	3.491580e-02	3.523453e-03	7.187647e-03	9.476416e-03	1.420242e-02	5.783400e-04	1.773100e-02	0.000000e+00	5.705179e-03	2.348041e-03	0.000000e+00	2.490212e-02	0.000000e+00	0.000000e+00	0.000000e+00	0.000000e+00	1.377453e-05	2.457926e-03	7.318732e-03	0.000000e+00	8.412036e-01	-6.970221e-01
8.432141e-01	4.278158e-04	3.959777e-03	1.146902e-02	2.064773e-03	2.212956e-02	0.000000e+00	0.000000e+00	4.980839e-03	0.000000e+00	3.491580e-02	3.523453e-03	6.491724e-03	2.793747e-02	1.197082e-02	2.935949e-03	1.773100e-02	2.263138e-03	5.705179e-03	1.779375e-03	0.000000e+00	2.490212e-02	0.000000e+00	0.000000e+00	0.000000e+00	0.000000e+00	9.177280e-04	4.084494e-03	7.734231e-03	0.000000e+00	8.432141e-01	-7.087491e-01
8.407009e-01	0.000000e+00	0.000000e+00	0.000000e+00	0.000000e+00	1.965093e-02	4.190071e-02	0.000000e+00	2.314055e-03	0.000000e+00	3.315502e-02	3.523453e-03	6.491724e-03	9.476416e-03	1.521319e-02	1.203889e-03	1.930559e-02	4.243383e-04	5.705179e-03	1.779375e-03	0.000000e+00	2.490212e-02	0.000000e+00	0.000000e+00	0.000000e+00	0.000000e+00	9.108408e-04	3.542305e-03	8.410821e-03	4.434479e-03	8.407009e-01	-6.875320e-01
8.407009e-01	0.000000e+00	0.000000e+00	0.000000e+00	0.000000e+00	1.965093e-02	4.190071e-02	0.000000e+00	2.314055e-03	0.000000e+00	3.315502e-02	3.523453e-03	6.491724e-03	9.476416e-03	1.521319e-02	1.203889e-03	1.930559e-02	4.243383e-04	5.705179e-03	1.779375e-03	0.000000e+00	2.490212e-02	0.000000e+00	0.000000e+00	0.000000e+00	0.000000e+00	9.108408e-04	3.542305e-03	8.410821e-03	4.434479e-03	8.407009e-01	-6.875320e-01
8.401983e-01	8.556315e-04	1.979888e-03	9.179753e-03	0.000000e+00	1.717230e-02	4.897051e-02	0.000000e+00	0.000000e+00	0.000000e+00	3.139425e-02	3.523453e-03	0.000000e+00	2.793747e-02	1.436256e-02	1.829437e-03	1.930559e-02	0.000000e+00	2.155297e-02	1.495041e-03	0.000000e+00	1.562616e-02	0.000000e+00	0.000000e+00	0.000000e+00	0.000000e+00	9.142844e-04	4.355589e-03	8.826320e-03	0.000000e+00	8.401983e-01	-6.781964e-01
8.401983e-01	8.556315e-04	0.000000e+00	1.160502e-02	0.000000e+00	1.717230e-02	0.000000e+00	0.000000e+00	0.000000e+00	0.000000e+00	3.139425e-02	7.194957e-03	0.000000e+00	2.793747e-02	4.787520e-03	1.829437e-03	2.876929e-02	8.486766e-04	2.155297e-02	1.495041e-03	0.000000e+00	3.666828e-02	2.909331e-03	2.352932e-03	0.000000e+00	2.648181e-04	9.142844e-04	4.355589e-03	8.826320e-03	0.000000e+00	8.401983e-01	-6.812275e-01
8.401983e-01	8.556315e-04	0.000000e+00	1.160502e-02	0.000000e+00	1.717230e-02	0.000000e+00	0.000000e+00	0.000000e+00	0.000000e+00	1.569712e-02	7.194957e-03	0.000000e+00	2.793747e-02	4.787520e-03	1.829437e-03	2.876929e-02	8.486766e-04	2.155297e-02	9.676495e-04	0.000000e+00	3.666828e-02	2.909331e-03	2.352932e-03	0.000000e+00	2.648181e-04	9.142844e-04	4.491136e-03	8.826320e-03	0.000000e+00	8.401983e-01	-6.840013e-01
8.401983e-01	8.556315e-04	0.000000e+00	1.160502e-02	0.000000e+00	1.717230e-02	0.000000e+00	0.000000e+00	0.000000e+00	0.000000e+00	1.569712e-02	3.597478e-03	0.000000e+00	2.793747e-02	2.393760e-03	1.829437e-03	1.438465e-02	8.486766e-04	2.947687e-02	0.000000e+00	0.000000e+00	3.666828e-02	2.181998e-03	1.176466e-03	0.000000e+00	1.324090e-04	6.043692e-04	4.924445e-03	4.413160e-03	0.000000e+00	8.401983e-01	-6.873984e-01
8.401983e-01	8.556315e-04	0.000000e+00	1.160502e-02	0.000000e+00	1.717230e-02	0.000000e+00	0.000000e+00	0.000000e+00	0.000000e+00	1.569712e-02	3.597478e-03	0.000000e+00	2.793747e-02	2.393760e-03	1.829437e-03	1.438465e-02	8.486766e-04	2.947687e-02	0.000000e+00	0.000000e+00	3.666828e-02	2.181998e-03	1.176466e-03	0.000000e+00	1.324090e-04	6.043692e-04	4.924445e-03	4.413160e-03	0.000000e+00	8.401983e-01	-6.873984e-01
8.401983e-01	8.556315e-04	0.000000e+00	1.160502e-02	0.000000e+00	1.717230e-02	0.000000e+00	0.000000e+00	0.000000e+00	0.000000e+00	1.569712e-02	3.597478e-03	0.000000e+00	2.793747e-02	2.393760e-03	1.829437e-03	1.438465e-02	8.486766e-04	2.947687e-02	0.000000e+00	0.000000e+00	3.666828e-02	2.181998e-03	1.176466e-03	0.000000e+00	1.324090e-04	6.043692e-04	4.924445e-03	4.413160e-03	0.000000e+00	8.401983e-01	-6.873984e-01
8.401983e-01	8.556315e-04	0.000000e+00	1.160502e-02	0.000000e+00	1.717230e-02	0.000000e+00	0.000000e+00	0.000000e+00	0.000000e+00	1.569712e-02	3.597478e-03	0.000000e+00	2.793747e-02	2.393760e-03	1.829437e-03	1.438465e-02	8.486766e-04	2.947687e-02	0.000000e+00	0.000000e+00	3.666828e-02	2.181998e-03	1.176466e-03	0.000000e+00	1.324090e-04	6.043692e-04	4.924445e-03	4.413160e-03	0.000000e+00	8.401983e-01	-6.873984e-01
8.401983e-01	8.556315e-04	0.000000e+00	1.160502e-02	0.000000e+00	1.717230e-02	0.000000e+00	0.000000e+00	0.000000e+00	0.000000e+00	1.569712e-02	3.597478e-03	0.000000e+00	2.793747e-02	2.393760e-03	1.829437e-03	1.438465e-02	8.486766e-04	2.947687e-02	0.000000e+00	0.000000e+00	3.666828e-02	2.181998e-03	1.176466e-03	0.000000e+00	1.324090e-04	6.043692e-04	4.924445e-03	4.413160e-03	0.000000e+00	8.401983e-01	-6.873984e-01
8.401983e-01	8.556315e-04	0.000000e+00	1.160502e-02	0.000000e+00	1.717230e-02	0.000000e+00	0.000000e+00	0.000000e+00	0.000000e+00	1.569712e-02	3.597478e-03	0.000000e+00	2.793747e-02	2.393760e-03	1.829437e-03	1.438465e-02	8.486766e-04	2.947687e-02	0.000000e+00	0.000000e+00	3.666828e-02	2.181998e-03	1.176466e-03	0.000000e+00	1.324090e-04	6.043692e-04	4.924445e-03	4.413160e-03	0.000000e+00	8.401983e-01	-6.873984e-01
8.401983e-01	8.556315e-04	0.000000e+00	1.160502e-02	0.000000e+00	1.717230e-02	0.000000e+00	0.000000e+00	0.000000e+00	0.000000e+00	1.569712e-02	3.597478e-03	0.000000e+00	2.793747e-02	2.393760e-03	1.829437e-03	1.438465e-02	8.486766e-04	2.947687e-02	0.000000e+00	0.000000e+00	3.666828e-02	2.181998e-03	1.176466e-03	0.000000e+00	1.324090e-04	6.043692e-04	4.924445e-03	4.413160e-03	0.000000e+00	8.401983e-01	-6.873984e-01
8.401983e-01	8.556315e-04	0.000000e+00	1.160502e-02	0.000000e+00	1.717230e-02	0.000000e+00	0.000000e+00	0.000000e+00	0.000000e+00	1.569712e-02	3.597478e-03	0.000000e+00	2.793747e-02	2.393760e-03	1.829437e-03	1.438465e-02	8.486766e-04	2.947687e-02	0.000000e+00	0.000000e+00	3.666828e-02	2.181998e-03	1.176466e-03	0.000000e+00	1.324090e-04	6.043692e-04	4.924445e-03	4.413160e-03	0.000000e+00	8.401983e-01	-6.873984e-01
8.401983e-01	8.556315e-04	0.000000e+00	1.160502e-02	0.000000e+00	1.717230e-02	0.000000e+00	0.000000e+00	0.000000e+00	0.000000e+00	1.569712e-02	3.597478e-03	0.000000e+00	2.793747e-02	2.393760e-03	1.829437e-03	1.438465e-02	8.486766e-04	2.947687e-02	0.000000e+00	0.000000e+00	3.666828e-02	2.181998e-03	1.176466e-03	0.000000e+00	1.324090e-04	6.043692e-04	4.924445e-03	4.413160e-03	0.000000e+00	8.401983e-01	-6.873984e-01
8.341100e-01	8.556315e-04	0.000000e+00	1.160502e-02	0.000000e+00	1.717230e-02	0.000000e+00	0.000000e+00	0.000000e+00	0.000000e+00	0.000000e+00	1.798739e-03	7.187647e-03	2.868085e-02	1.196880e-03	1.829437e-03	2.157697e-02	8.486766e-04	3.145784e-02	0.000000e+00	0.000000e+00	3.666828e-02	2.909331e-03	0.000000e+00	0.000000e+00	1.986136e-04	0.000000e+00	5.032772e-03	3.309870e-03	0.000000e+00	8.341100e-01	-6.162387e-01
8.341100e-01	8.556315e-04	0.000000e+00	1.160502e-02	0.000000e+00	1.717230e-02	0.000000e+00	0.000000e+00	0.000000e+00	0.000000e+00	0.000000e+00	1.798739e-03	7.187647e-03	2.868085e-02	1.196880e-03	1.829437e-03	2.157697e-02	8.486766e-04	3.145784e-02	0.000000e+00	0.000000e+00	3.666828e-02	2.909331e-03	0.000000e+00	0.000000e+00	1.986136e-04	0.000000e+00	5.032772e-03	3.309870e-03	0.000000e+00	8.341100e-01	-6.162387e-01
8.341100e-01	8.556315e-04	0.000000e+00	1.160502e-02	0.000000e+00	1.717230e-02	0.000000e+00	0.000000e+00	0.000000e+00	0.000000e+00	0.000000e+00	1.798739e-03	7.187647e-03	2.868085e-02	1.196880e-03	1.829437e-03	2.157697e-02	8.486766e-04	3.145784e-02	0.000000e+00	0.000000e+00	3.666828e-02	2.909331e-03	0.000000e+00	0.000000e+00	1.986136e-04	0.000000e+00	5.032772e-03	3.309870e-03	0.000000e+00	8.341100e-01	-6.162387e-01
8.341100e-01	8.556315e-04	0.000000e+00	1.160502e-02	0.000000e+00	1.717230e-02	0.000000e+00	0.000000e+00	0.000000e+00	0.000000e+00	0.000000e+00	1.798739e-03	7.187647e-03	2.868085e-02	1.196880e-03	1.829437e-03	2.157697e-02	8.486766e-04	3.145784e-02	0.000000e+00	0.000000e+00	3.666828e-02	2.909331e-03	0.000000e+00	0.000000e+00	1.986136e-04	0.000000e+00	5.032772e-03	3.309870e-03	0.000000e+00	8.341100e-01	-6.162387e-01
8.341100e-01	8.556315e-04	0.000000e+00	1.160502e-02	0.000000e+00	1.717230e-02	0.000000e+00	0.000000e+00	0.000000e+00	0.000000e+00	0.000000e+00	1.798739e-03	2.006025e-03	2.868085e-02	2.729067e-02	1.829437e-03	3.236545e-02	8.828040e-02	3.145784e-02	0.000000e+00	0.000000e+00	3.666828e-02	2.909331e-03	0.000000e+00	0.000000e+00	2.979203e-04	0.000000e+00	5.032772e-03	3.309870e-03	1.672568e-02	8.341100e-01	-5.926330e-01
8.341100e-01	8.556315e-04	0.000000e+00	1.160502e-02	0.000000e+00	1.717230e-02	0.000000e+00	0.000000e+00	0.000000e+00	0.000000e+00	0.000000e+00	2.698109e-03	2.006025e-03	2.756579e-02	8.269666e-03	1.829437e-03	4.854818e-02	8.828040e-02	3.145784e-02	0.000000e+00	0.000000e+00	3.666828e-02	3.636664e-03	0.000000e+00	0.000000e+00	2.979203e-04	0.000000e+00	5.032772e-03	3.309870e-03	2.508853e-02	8.341100e-01	-5.915765e-01
8.341100e-01	2.139079e-04	4.166116e-02	5.802511e-03	0.000000e+00	1.823256e-02	0.000000e+00	5.996073e-04	0.000000e+00	0.000000e+00	8.852761e-03	2.551199e-03	1.958759e-02	2.951714e-02	8.269666e-03	1.829437e-03	5.740986e-02	8.828040e-02	9.526928e-03	0.000000e+00	0.000000e+00	4.101548e-02	3.636664e-03	0.000000e+00	0.000000e+00	2.979203e-04	1.472270e-04	5.039003e-03	0.000000e+00	1.254426e-02	8.341100e-01	-5.844367e-01
8.341100e-01	2.139079e-04	4.166116e-02	5.802511e-03	0.000000e+00	1.823256e-02	0.000000e+00	5.996073e-04	0.000000e+00	0.000000e+00	8.852761e-03	2.551199e-03	1.958759e-02	2.951714e-02	8.269666e-03	1.829437e-03	5.740986e-02	8.828040e-02	9.526928e-03	0.000000e+00	0.000000e+00	4.101548e-02	3.636664e-03	0.000000e+00	0.000000e+00	2.979203e-04	1.472270e-04	5.039003e-03	0.000000e+00	1.254426e-02	8.341100e-01	-5.844367e-01
8.333489e-01	0.000000e+00	8.332232e-02	5.802511e-03	0.000000e+00	1.929282e-02	0.000000e+00	5.996073e-04	0.000000e+00	0.000000e+00	8.852761e-03	2.453260e-03	1.958759e-02	2.951714e-02	8.269666e-03	1.829437e-03	5.740986e-02	8.828040e-02	0.000000e+00	0.000000e+00	0.000000e+00	4.101548e-02	3.636664e-03	0.000000e+00	0.000000e+00	2.979203e-04	1.472270e-04	5.039003e-03	0.000000e+00	0.000000e+00	8.333489e-01	-5.700014e-01
8.333489e-01	0.000000e+00	8.332232e-02	5.802511e-03	0.000000e+00	1.929282e-02	0.000000e+00	5.996073e-04	0.000000e+00	0.000000e+00	8.852761e-03	2.453260e-03	1.958759e-02	2.951714e-02	8.269666e-03	1.829437e-03	5.740986e-02	8.828040e-02	0.000000e+00	0.000000e+00	0.000000e+00	4.101548e-02	3.636664e-03	0.000000e+00	0.000000e+00	2.979203e-04	1.472270e-04	5.039003e-03	0.000000e+00	0.000000e+00	8.333489e-01	-5.700014e-01
8.333489e-01	0.000000e+00	8.332232e-02	5.802511e-03	0.000000e+00	1.929282e-02	0.000000e+00	5.996073e-04	0.000000e+00	0.000000e+00	8.852761e-03	2.453260e-03	1.958759e-02	2.951714e-02	8.269666e-03	1.829437e-03	5.740986e-02	8.828040e-02	0.000000e+00	0.000000e+00	0.000000e+00	4.101548e-02	3.636664e-03	0.000000e+00	0.000000e+00	2.979203e-04	1.472270e-04	5.039003e-03	0.000000e+00	0.000000e+00	8.333489e-01	-5.700014e-01
8.295437e-01	8.556315e-04	0.000000e+00	1.160502e-02	0.000000e+00	1.717230e-02	0.000000e+00	2.238534e-03	0.000000e+00	0.000000e+00	0.000000e+00	0.000000e+00	1.755089e-02	3.091096e-02	0.000000e+00	1.829437e-03	0.000000e+00	7.820959e-04	3.740077e-02	0.000000e+00	0.000000e+00	0.000000e+00	1.454665e-03	0.000000e+00	6.244972e-04	0.000000e+00	2.944541e-04	5.357754e-03	0.000000e+00	0.000000e+00	8.295437e-01	-5.530260e-01
8.295437e-01	8.556315e-04	0.000000e+00	1.160502e-02	0.000000e+00	1.717230e-02	0.000000e+00	2.238534e-03	0.000000e+00	0.000000e+00	0.000000e+00	0.000000e+00	1.755089e-02	3.091096e-02	0.000000e+00	1.829437e-03	0.000000e+00	7.820959e-04	3.740077e-02	0.000000e+00	0.000000e+00	0.000000e+00	1.454665e-03	0.000000e+00	6.244972e-04	0.000000e+00	2.944541e-04	5.357754e-03	0.000000e+00	0.000000e+00	8.295437e-01	-5.530260e-01
8.333489e-01	0.000000e+00	8.332232e-02	5.802511e-03	0.000000e+00	1.929282e-02	0.000000e+00	5.996073e-04	0.000000e+00	0.000000e+00	8.852761e-03	2.453260e-03	1.958759e-02	2.951714e-02	8.269666e-03	1.829437e-03	5.740986e-02	8.828040e-02	0.000000e+00	0.000000e+00	0.000000e+00	4.101548e-02	3.636664e-03	0.000000e+00	0.000000e+00	2.979203e-04	1.472270e-04	5.039003e-03	0.000000e+00	0.000000e+00	8.333489e-01	-5.700014e-01
8.333489e-01	0.000000e+00	8.332232e-02	5.802511e-03	0.000000e+00	1.929282e-02	0.000000e+00	5.996073e-04	0.000000e+00	0.000000e+00	8.852761e-03	2.453260e-03	1.958759e-02	2.951714e-02	8.269666e-03	1.829437e-03	5.740986e-02	8.828040e-02	0.000000e+00	0.000000e+00	0.000000e+00	4.101548e-02	3.636664e-03	0.000000e+00	0.000000e+00	2.979203e-04	1.472270e-04	5.039003e-03	0.000000e+00	0.000000e+00	8.333489e-01	-5.700014e-01
8.333489e-01	0.000000e+00	8.332232e-02	5.802511e-03	0.000000e+00	1.929282e-02	0.000000e+00	5.996073e-04	0.000000e+00	0.000000e+00	8.852761e-03	2.453260e-03	1.958759e-02	2.951714e-02	8.269666e-03	1.829437e-03	5.740986e-02	8.828040e-02	0.000000e+00	0.000000e+00	0.000000e+00	4.101548e-02	3.636664e-03	0.000000e+00	0.000000e+00	2.979203e-04	1.472270e-04	5.039003e-03	0.000000e+00	0.000000e+00	8.333489e-01	-5.700014e-01
8.333489e-01	0.000000e+00	8.332232e-02	5.802511e-03	0.000000e+00	1.929282e-02	0.000000e+00	5.996073e-04	0.000000e+00	0.000000e+00	8.852761e-03	2.453260e-03	1.958759e-02	2.951714e-02	8.269666e-03	1.829437e-03	5.740986e-02	8.828040e-02	0.000000e+00	0.000000e+00	0.000000e+00	4.101548e-02	3.636664e-03	0.000000e+00	0.000000e+00	2.979203e-04	1.472270e-04	5.039003e-03	0.000000e+00	0.000000e+00	8.333489e-01	-5.700014e-01
8.295437e-01	0.000000e+00	8.332232e-02	5.802511e-03	0.000000e+00	1.929282e-02	0.000000e+00	0.000000e+00	0.000000e+00	0.000000e+00	8.852761e-03	2.587927e-03	1.744356e-02	3.268873e-02	8.269666e-03	3.979360e-02	5.740986e-02	6.621030e-02	0.000000e+00	0.000000e+00	0.000000e+00	0.000000e+00	1.454665e-03	0.000000e+00	6.244972e-04	0.000000e+00	2.576473e-04	5.039003e-03	0.000000e+00	0.000000e+00	8.295437e-01	-5.145865e-01
8.295437e-01	0.000000e+00	8.332232e-02	5.802511e-03	0.000000e+00	1.929282e-02	0.000000e+00	0.000000e+00	0.000000e+00	0.000000e+00	8.852761e-03	2.587927e-03	1.744356e-02	3.268873e-02	8.269666e-03	3.979360e-02	5.740986e-02	6.621030e-02	0.000000e+00	0.000000e+00	0.000000e+00	0.000000e+00	1.454665e-03	0.000000e+00	6.244972e-04	0.000000e+00	2.576473e-04	5.039003e-03	0.000000e+00	0.000000e+00	8.295437e-01	-5.145865e-01
8.295437e-01	0.000000e+00	8.332232e-02	5.802511e-03	0.000000e+00	1.929282e-02	0.000000e+00	0.000000e+00	0.000000e+00	0.000000e+00	8.852761e-03	2.587927e-03	1.744356e-02	3.268873e-02	8.269666e-03	3.979360e-02	5.740986e-02	6.621030e-02	0.000000e+00	0.000000e+00	0.000000e+00	0.000000e+00	1.454665e-03	0.000000e+00	6.244972e-04	0.000000e+00	2.576473e-04	5.039003e-03	0.000000e+00	0.000000e+00	8.295437e-01	-5.145865e-01
8.280216e-01	0.000000e+00	8.332232e-02	0.000000e+00	7.364349e-04	1.929282e-02	0.000000e+00	9.393847e-04	0.000000e+00	0.000000e+00	1.770552e-02	2.502230e-03	1.948025e-02	2.793747e-02	1.251299e-02	1.829437e-03	7.178998e-02	0.000000e+00	1.108312e-03	0.000000e+00	0.000000e+00	2.050774e-02	1.818332e-03	0.000000e+00	0.000000e+00	0.000000e+00	2.944541e-04	3.279725e-03	0.000000e+00	0.000000e+00	8.280216e-01	-4.992479e-01
8.280216e-01	0.000000e+00	8.332232e-02	0.000000e+00	7.364349e-04	1.929282e-02	0.000000e+00	9.393847e-04	0.000000e+00	0.000000e+00	1.770552e-02	2.502230e-03	1.948025e-02	2.793747e-02	1.251299e-02	1.829437e-03	7.178998e-02	0.000000e+00	1.108312e-03	0.000000e+00	0.000000e+00	2.050774e-02	1.818332e-03	0.000000e+00	0.000000e+00	0.000000e+00	2.944541e-04	3.279725e-03	0.000000e+00	0.000000e+00	8.280216e-01	-4.992479e-01
8.280216e-01	0.000000e+00	8.332232e-02	0.000000e+00	7.364349e-04	1.929282e-02	0.000000e+00	9.393847e-04	0.000000e+00	0.000000e+00	1.770552e-02	2.502230e-03	1.948025e-02	2.793747e-02	1.251299e-02	1.829437e-03	7.178998e-02	0.000000e+00	1.108312e-03	0.000000e+00	0.000000e+00	2.050774e-02	1.818332e-03	0.000000e+00	0.000000e+00	0.000000e+00	2.944541e-04	3.279725e-03	0.000000e+00	0.000000e+00	8.280216e-01	-4.992479e-01
8.268800e-01	0.000000e+00	8.332232e-02	8.703766e-03	3.682175e-04	0.000000e+00	0.000000e+00	7.694960e-04	0.000000e+00	0.000000e+00	4.426381e-03	2.722594e-03	1.529953e-02	3.012113e-02	8.269666e-03	1.829437e-03	2.151487e-02	4.414020e-02	0.000000e+00	0.000000e+00	0.000000e+00	4.101548e-02	2.727498e-03	0.000000e+00	1.258607e-03	2.979203e-04	8.097487e-04	5.039003e-03	0.000000e+00	2.508853e-02	8.268800e-01	-4.762007e-01
8.268800e-01	0.000000e+00	8.332232e-02	8.703766e-03	3.682175e-04	0.000000e+00	0.000000e+00	7.694960e-04	0.000000e+00	0.000000e+00	4.426381e-03	2.722594e-03	1.529953e-02	3.012113e-02	8.269666e-03	1.829437e-03	2.151487e-02	4.414020e-02	0.000000e+00	0.000000e+00	0.000000e+00	4.101548e-02	2.727498e-03	0.000000e+00	1.258607e-03	2.979203e-04	8.097487e-04	5.039003e-03	0.000000e+00	2.508853e-02	8.268800e-01	-4.762007e-01
8.268800e-01	0.000000e+00	8.332232e-02	8.703766e-03	3.682175e-04	0.000000e+00	0.000000e+00	7.694960e-04	0.000000e+00	0.000000e+00	4.426381e-03	2.722594e-03	1.529953e-02	3.012113e-02	8.269666e-03	1.829437e-03	2.151487e-02	4.414020e-02	0.000000e+00	0.000000e+00	0.000000e+00	4.101548e-02	2.727498e-03	0.000000e+00	1.258607e-03	2.979203e-04	8.097487e-04	5.039003e-03	0.000000e+00	2.508853e-02	8.268800e-01	-4.762007e-01
8.268800e-01	0.000000e+00	8.332232e-02	8.703766e-03	3.682175e-04	0.000000e+00	0.000000e+00	7.694960e-04	0.000000e+00	0.000000e+00	4.426381e-03	2.722594e-03	1.529953e-02	3.012113e-02	8.269666e-03	1.829437e-03	2.151487e-02	4.414020e-02	0.000000e+00	0.000000e+00	0.000000e+00	4.101548e-02	2.727498e-03	0.000000e+00	1.258607e-03	2.979203e-04	8.097487e-04	5.039003e-03	0.000000e+00	2.508853e-02	8.268800e-01	-4.762007e-01
6.523838e-01	2.139079e-04	0.000000e+00	0.000000e+00	0.000000e+00	0.000000e+00	0.000000e+00	1.598953e-03	0.000000e+00	2.679786e-04	0.000000e+00	6.255574e-04	0.000000e+00	2.417090e-02	1.675632e-02	2.576612e-03	0.000000e+00	0.000000e+00	0.000000e+00	0.000000e+00	0.000000e+00	0.000000e+00	0.000000e+00	0.000000e+00	0.000000e+00	0.000000e+00	1.177816e-03	4.067085e-05	0.000000e+00	0.000000e+00	6.523838e-01	-4.494615e-01
6.523838e-01	2.139079e-04	0.000000e+00	0.000000e+00	0.000000e+00	0.000000e+00	0.000000e+00	1.598953e-03	0.000000e+00	2.679786e-04	0.000000e+00	6.255574e-04	0.000000e+00	2.417090e-02	1.675632e-02	2.576612e-03	0.000000e+00	0.000000e+00	0.000000e+00	0.000000e+00	0.000000e+00	0.000000e+00	0.000000e+00	0.000000e+00	0.000000e+00	0.000000e+00	1.177816e-03	4.067085e-05	0.000000e+00	0.000000e+00	6.523838e-01	-4.494615e-01
6.523838e-01	2.139079e-04	0.000000e+00	0.000000e+00	0.000000e+00	0.000000e+00	0.000000e+00	1.598953e-03	0.000000e+00	2.679786e-04	0.000000e+00	6.255574e-04	0.000000e+00	2.417090e-02	1.675632e-02	2.576612e-03	0.000000e+00	0.000000e+00	0.000000e+00	0.000000e+00	0.000000e+00	0.000000e+00	0.000000e+00	0.000000e+00	0.000000e+00	0.000000e+00	1.177816e-03	4.067085e-05	0.000000e+00	0.000000e+00	6.523838e-01	-4.494615e-01
6.523838e-01	2.139079e-04	0.000000e+00	0.000000e+00	0.000000e+00	0.000000e+00	0.000000e+00	1.598953e-03	0.000000e+00	2.679786e-04	0.000000e+00	6.255574e-04	0.000000e+00	2.417090e-02	1.675632e-02	2.576612e-03	0.000000e+00	0.000000e+00	0.000000e+00	0.000000e+00	0.000000e+00	0.000000e+00	0.000000e+00	0.000000e+00	0.000000e+00	0.000000e+00	1.177816e-03	4.067085e-05	0.000000e+00	0.000000e+00	6.523838e-01	-4.494615e-01
6.523838e-01	2.139079e-04	0.000000e+00	0.000000e+00	0.000000e+00	0.000000e+00	0.000000e+00	1.598953e-03	0.000000e+00	2.679786e-04	0.000000e+00	6.255574e-04	0.000000e+00	2.417090e-02	1.675632e-02	2.576612e-03	0.000000e+00	0.000000e+00	0.000000e+00	0.000000e+00	0.000000e+00	0.000000e+00	0.000000e+00	0.000000e+00	0.000000e+00	0.000000e+00	1.177816e-03	4.067085e-05	0.000000e+00	0.000000e+00	6.523838e-01	-4.494615e-01
6.523838e-01	2.139079e-04	0.000000e+00	0.000000e+00	0.000000e+00	0.000000e+00	0.000000e+00	1.598953e-03	0.000000e+00	2.679786e-04	0.000000e+00	6.255574e-04	0.000000e+00	2.417090e-02	1.675632e-02	2.576612e-03	0.000000e+00	0.000000e+00	0.000000e+00	0.000000e+00	0.000000e+00	0.000000e+00	0.000000e+00	0.000000e+00	0.000000e+00	0.000000e+00	1.177816e-03	4.067085e-05	0.000000e+00	0.000000e+00	6.523838e-01	-4.494615e-01
6.523838e-01	2.139079e-04	0.000000e+00	0.000000e+00	0.000000e+00	0.000000e+00	0.000000e+00	1.598953e-03	0.000000e+00	2.679786e-04	0.000000e+00	6.255574e-04	0.000000e+00	2.417090e-02	1.675632e-02	2.576612e-03	0.000000e+00	0.000000e+00	0.000000e+00	0.000000e+00	0.000000e+00	0.000000e+00	0.000000e+00	0.000000e+00	0.000000e+00	0.000000e+00	1.177816e-03	4.067085e-05	0.000000e+00	0.000000e+00	6.523838e-01	-4.494615e-01
6.523838e-01	2.139079e-04	0.000000e+00	0.000000e+00	0.000000e+00	0.000000e+00	0.000000e+00	1.598953e-03	0.000000e+00	2.679786e-04	0.000000e+00	6.255574e-04	0.000000e+00	2.417090e-02	1.675632e-02	2.576612e-03	0.000000e+00	0.000000e+00	0.000000e+00	0.000000e+00	0.000000e+00	0.000000e+00	0.000000e+00	0.000000e+00	0.000000e+00	0.000000e+00	1.177816e-03	4.067085e-05	0.000000e+00	0.000000e+00	6.523838e-01	-4.494615e-01
6.523838e-01	2.139079e-04	0.000000e+00	0.000000e+00	0.000000e+00	0.000000e+00	0.000000e+00	1.598953e-03	0.000000e+00	2.679786e-04	0.000000e+00	6.255574e-04	0.000000e+00	2.417090e-02	1.675632e-02	2.576612e-03	0.000000e+00	0.000000e+00	0.000000e+00	0.000000e+00	0.000000e+00	0.000000e+00	0.000000e+00	0.000000e+00	0.000000e+00	0.000000e+00	1.177816e-03	4.067085e-05	0.000000e+00	0.000000e+00	6.523838e-01	-4.494615e-01
6.523838e-01	2.139079e-04	0.000000e+00	0.000000e+00	0.000000e+00	0.000000e+00	0.000000e+00	1.598953e-03	0.000000e+00	2.679786e-04	0.000000e+00	6.255574e-04	0.000000e+00	2.417090e-02	1.675632e-02	2.576612e-03	0.000000e+00	0.000000e+00	0.000000e+00	0.000000e+00	0.000000e+00	0.000000e+00	0.000000e+00	0.000000e+00	0.000000e+00	0.000000e+00	1.177816e-03	4.067085e-05	0.000000e+00	0.000000e+00	6.523838e-01	-4.494615e-01
6.523838e-01	2.139079e-04	0.000000e+00	0.000000e+00	0.000000e+00	0.000000e+00	0.000000e+00	1.598953e-03	0.000000e+00	2.679786e-04	0.000000e+00	6.255574e-04	0.000000e+00	2.417090e-02	1.675632e-02	2.576612e-03	0.000000e+00	0.000000e+00	0.000000e+00	0.000000e+00	0.000000e+00	0.000000e+00	0.000000e+00	0.000000e+00	0.000000e+00	0.000000e+00	1.177816e-03	4.067085e-05	0.000000e+00	0.000000e+00	6.523838e-01	-4.494615e-01
6.523838e-01	2.139079e-04	0.000000e+00	0.000000e+00	0.000000e+00	0.000000e+00	0.000000e+00	1.598953e-03	0.000000e+00	2.679786e-04	0.000000e+00	6.255574e-04	0.000000e+00	2.417090e-02	1.675632e-02	2.576612e-03	0.000000e+00	0.000000e+00	0.000000e+00	0.000000e+00	0.000000e+00	0.000000e+00	0.000000e+00	0.000000e+00	0.000000e+00	0.000000e+00	1.177816e-03	4.067085e-05	0.000000e+00	0.000000e+00	6.523838e-01	-4.494615e-01
6.523838e-01	2.139079e-04	0.000000e+00	0.000000e+00	0.000000e+00	0.000000e+00	0.000000e+00	1.598953e-03	0.000000e+00	2.679786e-04	0.000000e+00	6.255574e-04	0.000000e+00	2.417090e-02	1.675632e-02	2.576612e-03	0.000000e+00	0.000000e+00	0.000000e+00	0.000000e+00	0.000000e+00	0.000000e+00	0.000000e+00	0.000000e+00	0.000000e+00	0.000000e+00	1.177816e-03	4.067085e-05	0.000000e+00	0.000000e+00	6.523838e-01	-4.494615e-01
6.464140e-01	2.139079e-04	0.000000e+00	0.000000e+00	0.000000e+00	0.000000e+00	0.000000e+00	1.598953e-03	0.000000e+00	2.679786e-04	0.000000e+00	6.255574e-04	0.000000e+00	2.417090e-02	8.378160e-03	2.576612e-03	0.000000e+00	1.173144e-03	0.000000e+00	0.000000e+00	0.000000e+00	0.000000e+00	0.000000e+00	3.257376e-02	1.046577e-02	2.679734e-02	2.844751e-02	0.000000e+00	0.000000e+00	7.040084e-04	6.464140e-01	-4.205249e-01
6.464140e-01	2.139079e-04	0.000000e+00	0.000000e+00	0.000000e+00	0.000000e+00	0.000000e+00	1.598953e-03	0.000000e+00	2.679786e-04	0.000000e+00	6.255574e-04	0.000000e+00	2.417090e-02	8.378160e-03	2.576612e-03	0.000000e+00	1.173144e-03	0.000000e+00	0.000000e+00	0.000000e+00	0.000000e+00	0.000000e+00	3.257376e-02	1.046577e-02	2.679734e-02	2.844751e-02	0.000000e+00	0.000000e+00	7.040084e-04	6.464140e-01	-4.205249e-01
6.464140e-01	2.139079e-04	0.000000e+00	0.000000e+00	0.000000e+00	0.000000e+00	0.000000e+00	1.598953e-03	0.000000e+00	2.679786e-04	0.000000e+00	6.255574e-04	0.000000e+00	2.417090e-02	8.378160e-03	2.576612e-03	0.000000e+00	1.173144e-03	0.000000e+00	0.000000e+00	0.000000e+00	0.000000e+00	0.000000e+00	3.257376e-02	1.046577e-02	2.679734e-02	2.844751e-02	0.000000e+00	0.000000e+00	7.040084e-04	6.464140e-01	-4.205249e-01
6.464140e-01	3.208465e-02	0.000000e+00	9.211244e-03	0.000000e+00	0.000000e+00	0.000000e+00	1.598953e-03	0.000000e+00	2.679786e-04	0.000000e+00	6.658765e-04	0.000000e+00	2.417090e-02	2.726717e-02	2.576612e-03	0.000000e+00	1.173144e-03	2.183752e-03	0.000000e+00	0.000000e+00	0.000000e+00	0.000000e+00	0.000000e+00	1.046577e-02	2.679734e-02	2.844751e-02	2.033543e-05	0.000000e+00	1.408017e-03	6.464140e-01	-4.148063e-01
6.464140e-01	3.208465e-02	0.000000e+00	9.211244e-03	0.000000e+00	0.000000e+00	0.000000e+00	1.598953e-03	0.000000e+00	2.679786e-04	0.000000e+00	6.658765e-04	0.000000e+00	2.417090e-02	2.726717e-02	2.576612e-03	0.000000e+00	1.173144e-03	2.183752e-03	0.000000e+00	0.000000e+00	0.000000e+00	0.000000e+00	0.000000e+00	1.046577e-02	2.679734e-02	2.844751e-02	2.033543e-05	0.000000e+00	1.408017e-03	6.464140e-01	-4.148063e-01
6.464140e-01	3.208465e-02	0.000000e+00	9.211244e-03	0.000000e+00	0.000000e+00	0.000000e+00	1.598953e-03	0.000000e+00	2.679786e-04	0.000000e+00	6.658765e-04	0.000000e+00	2.417090e-02	2.726717e-02	2.576612e-03	0.000000e+00	1.173144e-03	2.183752e-03	0.000000e+00	0.000000e+00	0.000000e+00	0.000000e+00	0.000000e+00	1.046577e-02	2.679734e-02	2.844751e-02	2.033543e-05	0.000000e+00	1.408017e-03	6.464140e-01	-4.148063e-01
6.444241e-01	6.971118e-02	0.000000e+00	3.684498e-02	1.104652e-03	0.000000e+00	2.361998e-03	6.395811e-04	0.000000e+00	1.004920e-04	0.000000e+00	7.061957e-04	0.000000e+00	2.059574e-02	1.120127e-03	2.103969e-03	0.000000e+00	1.564192e-03	1.310251e-02	0.000000e+00	0.000000e+00	0.000000e+00	0.000000e+00	4.343167e-02	2.616442e-02	3.572979e-02	2.662456e-02	1.220126e-04	0.000000e+00	8.213431e-04	6.444241e-01	-3.840341e-01
6.430184e-01	1.625623e-02	4.690258e-06	0.000000e+00	0.000000e+00	0.000000e+00	5.904995e-03	5.556304e-03	0.000000e+00	2.679786e-04	2.077950e-03	9.584957e-04	0.000000e+00	3.484101e-02	0.000000e+00	3.338926e-03	0.000000e+00	5.865719e-04	5.459381e-03	0.000000e+00	0.000000e+00	1.019399e-02	0.000000e+00	6.514751e-02	2.093154e-02	5.359468e-02	2.890325e-02	4.067085e-05	0.000000e+00	1.408017e-03	6.430184e-01	-3.813956e-01
6.404442e-01	2.139079e-04	0.000000e+00	0.000000e+00	0.000000e+00	0.000000e+00	0.000000e+00	1.598953e-03	0.000000e+00	2.679786e-04	0.000000e+00	6.255574e-04	0.000000e+00	3.484101e-02	0.000000e+00	2.576612e-03	0.000000e+00	2.346288e-03	0.000000e+00	0.000000e+00	0.000000e+00	0.000000e+00	0.000000e+00	6.514751e-02	2.093154e-02	5.359468e-02	2.844751e-02	4.067085e-05	0.000000e+00	1.408017e-03	6.404442e-01	-3.721852e-01
6.406494e-01	3.208465e-02	0.000000e+00	1.424616e-02	0.000000e+00	0.000000e+00	0.000000e+00	7.435016e-03	1.103372e-02	9.630480e-05	3.116925e-03	6.658765e-04	0.000000e+00	2.724751e-02	2.726717e-02	2.130643e-03	8.495662e-03	1.368668e-03	8.735009e-03	0.000000e+00	0.000000e+00	5.096996e-03	0.000000e+00	2.171584e-02	2.020128e-02	3.580498e-02	4.194700e-02	1.118448e-04	3.064022e-03	1.408017e-03	6.406494e-01	-3.620523e-01
6.406494e-01	3.208465e-02	0.000000e+00	1.424616e-02	0.000000e+00	0.000000e+00	0.000000e+00	7.435016e-03	1.103372e-02	9.630480e-05	3.116925e-03	6.658765e-04	0.000000e+00	2.724751e-02	2.726717e-02	2.130643e-03	8.495662e-03	1.368668e-03	8.735009e-03	0.000000e+00	0.000000e+00	5.096996e-03	0.000000e+00	2.171584e-02	2.020128e-02	3.580498e-02	4.194700e-02	1.118448e-04	3.064022e-03	1.408017e-03	6.406494e-01	-3.620523e-01
6.406494e-01	3.208465e-02	0.000000e+00	1.424616e-02	0.000000e+00	0.000000e+00	0.000000e+00	7.435016e-03	1.103372e-02	9.630480e-05	3.116925e-03	6.658765e-04	0.000000e+00	2.724751e-02	2.726717e-02	2.130643e-03	8.495662e-03	1.368668e-03	8.735009e-03	0.000000e+00	0.000000e+00	5.096996e-03	0.000000e+00	2.171584e-02	2.020128e-02	3.580498e-02	4.194700e-02	1.118448e-04	3.064022e-03	1.408017e-03	6.406494e-01	-3.620523e-01
6.368746e-01	0.000000e+00	1.675092e-05	4.292947e-04	0.000000e+00	0.000000e+00	0.000000e+00	7.435016e-03	2.206744e-02	1.800481e-04	6.233850e-03	0.000000e+00	0.000000e+00	3.389929e-02	2.726717e-02	2.157318e-03	0.000000e+00	1.173144e-03	3.275629e-03	0.000000e+00	0.000000e+00	8.794269e-03	0.000000e+00	0.000000e+00	9.735514e-03	3.580498e-02	4.194700e-02	6.100628e-05	3.064022e-03	1.408017e-03	6.368746e-01	-3.429215e-01
6.348847e-01	3.208465e-02	1.675092e-05	0.000000e+00	4.499136e-05	0.000000e+00	0.000000e+00	2.210742e-03	2.206744e-02	0.000000e+00	0.000000e+00	6.658765e-04	0.000000e+00	2.456254e-02	2.726717e-02	0.000000e+00	0.000000e+00	0.000000e+00	0.000000e+00	0.000000e+00	0.000000e+00	0.000000e+00	0.000000e+00	0.000000e+00	3.122159e-03	4.473743e-02	8.240772e-04	1.016771e-05	3.064022e-03	0.000000e+00	6.348847e-01	-3.311941e-01
6.348847e-01	3.208465e-02	1.675092e-05	0.000000e+00	4.499136e-05	0.000000e+00	0.000000e+00	2.210742e-03	2.206744e-02	0.000000e+00	0.000000e+00	6.658765e-04	0.000000e+00	2.456254e-02	2.726717e-02	0.000000e+00	0.000000e+00	0.000000e+00	0.000000e+00	0.000000e+00	0.000000e+00	0.000000e+00	0.000000e+00	0.000000e+00	3.122159e-03	4.473743e-02	8.240772e-04	1.016771e-05	3.064022e-03	0.000000e+00	6.348847e-01	-3.311941e-01
6.344952e-01	0.000000e+00	0.000000e+00	1.048911e-02	0.000000e+00	0.000000e+00	1.180999e-03	1.598953e-03	0.000000e+00	2.679786e-04	4.155900e-03	6.255574e-04	0.000000e+00	2.417090e-02	5.341421e-02	1.631326e-03	0.000000e+00	0.000000e+00	2.183752e-03	5.226594e-02	0.000000e+00	0.000000e+00	0.000000e+00	0.000000e+00	0.000000e+00	3.262794e-02	3.209340e-02	0.000000e+00	6.128043e-03	1.877356e-03	6.344952e-01	-3.148210e-01
6.348847e-01	3.208465e-02	2.613144e-05	0.000000e+00	4.499136e-05	0.000000e+00	0.000000e+00	3.076270e-03	2.206744e-02	0.000000e+00	0.000000e+00	6.658765e-04	0.000000e+00	1.441556e-02	2.726717e-02	0.000000e+00	0.000000e+00	0.000000e+00	0.000000e+00	0.000000e+00	0.000000e+00	0.000000e+00	0.000000e+00	0.000000e+00	3.122159e-03	4.473743e-02	0.000000e+00	1.016771e-05	3.064022e-03	0.000000e+00	6.348847e-01	-3.331082e-01
6.347154e-01	5.819961e-02	0.000000e+00	0.000000e+00	0.000000e+00	0.000000e+00	5.904995e-03	9.593717e-04	0.000000e+00	2.679786e-04	2.077950e-03	7.061957e-04	0.000000e+00	3.484101e-02	2.251803e-02	2.576612e-03	3.398265e-02	5.865719e-04	5.459381e-03	0.000000e+00	0.000000e+00	1.019399e-02	0.000000e+00	6.514751e-02	2.093154e-02	5.359468e-02	1.117919e-02	4.067085e-05	0.000000e+00	1.408017e-03	6.347154e-01	-2.969038e-01
6.348847e-01	3.208465e-02	2.613144e-05	0.000000e+00	4.499136e-05	0.000000e+00	0.000000e+00	3.076270e-03	2.206744e-02	0.000000e+00	0.000000e+00	6.658765e-04	0.000000e+00	1.441556e-02	2.726717e-02	0.000000e+00	0.000000e+00	0.000000e+00	0.000000e+00	0.000000e+00	0.000000e+00	0.000000e+00	0.000000e+00	0.000000e+00	3.122159e-03	4.473743e-02	0.000000e+00	1.016771e-05	3.064022e-03	0.000000e+00	6.348847e-01	-3.331082e-01
6.348847e-01	3.208465e-02	2.613144e-05	0.000000e+00	4.499136e-05	0.000000e+00	0.000000e+00	3.076270e-03	2.206744e-02	0.000000e+00	0.000000e+00	6.658765e-04	0.000000e+00	1.441556e-02	2.726717e-02	0.000000e+00	0.000000e+00	0.000000e+00	0.000000e+00	0.000000e+00	0.000000e+00	0.000000e+00	0.000000e+00	0.000000e+00	3.122159e-03	4.473743e-02	0.000000e+00	1.016771e-05	3.064022e-03	0.000000e+00	6.348847e-01	-3.331082e-01
6.348847e-01	3.208465e-02	2.613144e-05	0.000000e+00	4.499136e-05	0.000000e+00	0.000000e+00	3.076270e-03	2.206744e-02	0.000000e+00	0.000000e+00	6.658765e-04	0.000000e+00	1.441556e-02	2.726717e-02	0.000000e+00	0.000000e+00	0.000000e+00	0.000000e+00	0.000000e+00	0.000000e+00	0.000000e+00	0.000000e+00	0.000000e+00	3.122159e-03	4.473743e-02	0.000000e+00	1.016771e-05	3.064022e-03	0.000000e+00	6.348847e-01	-3.331082e-01
6.348847e-01	3.208465e-02	2.613144e-05	0.000000e+00	4.499136e-05	0.000000e+00	0.000000e+00	3.076270e-03	2.206744e-02	0.000000e+00	0.000000e+00	6.658765e-04	0.000000e+00	1.441556e-02	2.726717e-02	0.000000e+00	0.000000e+00	0.000000e+00	0.000000e+00	0.000000e+00	0.000000e+00	0.000000e+00	0.000000e+00	0.000000e+00	3.122159e-03	4.473743e-02	0.000000e+00	1.016771e-05	3.064022e-03	0.000000e+00	6.348847e-01	-3.331082e-01
6.297363e-01	0.000000e+00	7.370406e-06	3.624122e-02	1.749033e-03	0.000000e+00	2.952498e-04	0.000000e+00	3.570958e-02	1.004920e-04	0.000000e+00	0.000000e+00	0.000000e+00	4.485648e-02	7.578124e-02	8.690117e-04	0.000000e+00	0.000000e+00	0.000000e+00	0.000000e+00	0.000000e+00	0.000000e+00	0.000000e+00	1.085792e-02	1.191649e-02	6.970814e-04	4.194700e-02	6.100628e-05	4.596032e-03	2.816034e-03	6.297363e-01	-2.490163e-01
6.297363e-01	0.000000e+00	7.370406e-06	3.624122e-02	1.749033e-03	0.000000e+00	2.952498e-04	0.000000e+00	3.570958e-02	1.004920e-04	0.000000e+00	0.000000e+00	0.000000e+00	4.485648e-02	7.578124e-02	8.690117e-04	0.000000e+00	0.000000e+00	0.000000e+00	0.000000e+00	0.000000e+00	0.000000e+00	0.000000e+00	1.085792e-02	1.191649e-02	6.970814e-04	4.194700e-02	6.100628e-05	4.596032e-03	2.816034e-03	6.297363e-01	-2.490163e-01
6.348847e-01	3.208465e-02	2.613144e-05	0.000000e+00	4.499136e-05	0.000000e+00	0.000000e+00	3.076270e-03	2.206744e-02	0.000000e+00	0.000000e+00	6.658765e-04	0.000000e+00	1.441556e-02	2.726717e-02	0.000000e+00	0.000000e+00	0.000000e+00	0.000000e+00	0.000000e+00	0.000000e+00	0.000000e+00	0.000000e+00	0.000000e+00	3.122159e-03	4.473743e-02	0.000000e+00	1.016771e-05	3.064022e-03	0.000000e+00	6.348847e-01	-3.331082e-01
6.255193e-01	0.000000e+00	2.144118e-05	1.184604e-02	2.999424e-05	0.000000e+00	0.000000e+00	1.970899e-03	2.465900e-02	0.000000e+00	0.000000e+00	3.127787e-04	0.000000e+00	2.456254e-02	1.942859e-04	0.000000e+00	0.000000e+00	0.000000e+00	0.000000e+00	0.000000e+00	0.000000e+00	0.000000e+00	0.000000e+00	0.000000e+00	5.373474e-03	4.266622e-02	1.453172e-02	3.050314e-05	0.000000e+00	0.000000e+00	6.255193e-01	-2.165381e-01
6.255193e-01	0.000000e+00	2.948162e-05	1.184604e-02	5.248992e-05	0.000000e+00	1.476249e-03	2.643506e-03	2.202787e-02	0.000000e+00	0.000000e+00	1.343971e-04	0.000000e+00	0.000000e+00	2.690397e-02	6.441530e-04	8.495662e-03	0.000000e+00	0.000000e+00	0.000000e+00	0.000000e+00	0.000000e+00	0.000000e+00	0.000000e+00	8.060211e-03	3.199966e-02	1.494376e-02	0.000000e+00	0.000000e+00	3.520042e-04	6.255193e-01	-2.158901e-01
6.254347e-01	3.208465e-02	1.675092e-05	0.000000e+00	4.499136e-05	0.000000e+00	2.952498e-03	1.345214e-03	1.362528e-02	0.000000e+00	1.038975e-03	3.329383e-04	0.000000e+00	2.970177e-02	2.726717e-02	1.288306e-03	1.699132e-02	0.000000e+00	2.729690e-03	0.000000e+00	0.000000e+00	0.000000e+00	0.000000e+00	0.000000e+00	3.122159e-03	4.473743e-02	8.240772e-04	4.575471e-05	3.064022e-03	7.040084e-04	6.254347e-01	-2.046524e-01
6.254347e-01	3.208465e-02	1.675092e-05	0.000000e+00	4.499136e-05	0.000000e+00	2.952498e-03	1.345214e-03	1.362528e-02	0.000000e+00	1.038975e-03	3.329383e-04	0.000000e+00	2.970177e-02	2.726717e-02	1.288306e-03	1.699132e-02	0.000000e+00	2.729690e-03	0.000000e+00	0.000000e+00	0.000000e+00	0.000000e+00	0.000000e+00	3.122159e-03	4.473743e-02	8.240772e-04	4.575471e-05	3.064022e-03	7.040084e-04	6.254347e-01	-2.046524e-01
6.254347e-01	0.000000e+00	2.847657e-05	5.548636e-02	0.000000e+00	0.000000e+00	0.000000e+00	0.000000e+00	3.570958e-02	0.000000e+00	0.000000e+00	3.127787e-04	0.000000e+00	2.970177e-02	1.068065e-01	0.000000e+00	0.000000e+00	0.000000e+00	0.000000e+00	0.000000e+00	0.000000e+00	0.000000e+00	0.000000e+00	0.000000e+00	3.122159e-03	6.607053e-02	0.000000e+00	0.000000e+00	0.000000e+00	0.000000e+00	6.254347e-01	-1.825169e-01
6.254347e-01	0.000000e+00	2.847657e-05	5.548636e-02	0.000000e+00	0.000000e+00	0.000000e+00	0.000000e+00	3.570958e-02	0.000000e+00	0.000000e+00	3.127787e-04	0.000000e+00	2.970177e-02	1.068065e-01	0.000000e+00	0.000000e+00	0.000000e+00	0.000000e+00	0.000000e+00	0.000000e+00	0.000000e+00	0.000000e+00	0.000000e+00	3.122159e-03	6.607053e-02	0.000000e+00	0.000000e+00	0.000000e+00	0.000000e+00	6.254347e-01	-1.825169e-01
6.254347e-01	0.000000e+00	2.847657e-05	5.548636e-02	0.000000e+00	0.000000e+00	0.000000e+00	0.000000e+00	3.570958e-02	0.000000e+00	0.000000e+00	3.127787e-04	0.000000e+00	2.970177e-02	1.068065e-01	0.000000e+00	0.000000e+00	0.000000e+00	0.000000e+00	0.000000e+00	0.000000e+00	0.000000e+00	0.000000e+00	0.000000e+00	3.122159e-03	6.607053e-02	0.000000e+00	0.000000e+00	0.000000e+00	0.000000e+00	6.254347e-01	-1.825169e-01
6.254347e-01	0.000000e+00	2.847657e-05	5.548636e-02	0.000000e+00	0.000000e+00	0.000000e+00	0.000000e+00	3.570958e-02	0.000000e+00	0.000000e+00	3.127787e-04	0.000000e+00	2.970177e-02	1.068065e-01	0.000000e+00	0.000000e+00	0.000000e+00	0.000000e+00	0.000000e+00	0.000000e+00	0.000000e+00	0.000000e+00	0.000000e+00	3.122159e-03	6.607053e-02	0.000000e+00	0.000000e+00	0.000000e+00	0.000000e+00	6.254347e-01	-1.825169e-01
6.213024e-01	0.000000e+00	2.948162e-05	1.184604e-02	2.999424e-05	0.000000e+00	0.000000e+00	1.970899e-03	2.202787e-02	0.000000e+00	0.000000e+00	1.343971e-04	0.000000e+00	0.000000e+00	2.690397e-02	0.000000e+00	3.658326e-03	0.000000e+00	0.000000e+00	0.000000e+00	0.000000e+00	3.979965e-02	0.000000e+00	0.000000e+00	8.060211e-03	4.266622e-02	0.000000e+00	0.000000e+00	0.000000e+00	0.000000e+00	6.213024e-01	-1.439003e-01
6.254347e-01	0.000000e+00	2.847657e-05	5.548636e-02	0.000000e+00	0.000000e+00	0.000000e+00	0.000000e+00	3.570958e-02	0.000000e+00	0.000000e+00	3.127787e-04	0.000000e+00	2.970177e-02	1.068065e-01	0.000000e+00	0.000000e+00	0.000000e+00	0.000000e+00	0.000000e+00	0.000000e+00	0.000000e+00	0.000000e+00	0.000000e+00	3.122159e-03	6.607053e-02	0.000000e+00	0.000000e+00	0.000000e+00	0.000000e+00	6.254347e-01	-1.825169e-01
4.544919e-01	0.000000e+00	0.000000e+00	3.673959e-03	0.000000e+00	0.000000e+00	0.000000e+00	0.000000e+00	2.465900e-02	0.000000e+00	0.000000e+00	0.000000e+00	0.000000e+00	0.000000e+00	1.942859e-04	0.000000e+00	0.000000e+00	0.000000e+00	0.000000e+00	0.000000e+00	0.000000e+00	0.000000e+00	0.000000e+00	0.000000e+00	5.373474e-03	0.000000e+00	0.000000e+00	0.000000e+00	0.000000e+00	0.000000e+00	4.544919e-01	-1.171503e-01
4.544919e-01	0.000000e+00	0.000000e+00	3.673959e-03	0.000000e+00	0.000000e+00	0.000000e+00	0.000000e+00	2.465900e-02	0.000000e+00	0.000000e+00	0.000000e+00	0.000000e+00	0.000000e+00	1.942859e-04	0.000000e+00	0.000000e+00	0.000000e+00	0.000000e+00	0.000000e+00	0.000000e+00	0.000000e+00	0.000000e+00	0.000000e+00	5.373474e-03	0.000000e+00	0.000000e+00	0.000000e+00	0.000000e+00	0.000000e+00	4.544919e-01	-1.171503e-01
4.544919e-01	0.000000e+00	0.000000e+00	3.673959e-03	0.000000e+00	0.000000e+00	0.000000e+00	0.000000e+00	2.465900e-02	0.000000e+00	0.000000e+00	0.000000e+00	0.000000e+00	0.000000e+00	1.942859e-04	0.000000e+00	0.000000e+00	0.000000e+00	0.000000e+00	0.000000e+00	0.000000e+00	0.000000e+00	0.000000e+00	0.000000e+00	5.373474e-03	0.000000e+00	0.000000e+00	0.000000e+00	0.000000e+00	0.000000e+00	4.544919e-01	-1.171503e-01
4.544919e-01	0.000000e+00	0.000000e+00	3.673959e-03	0.000000e+00	0.000000e+00	0.000000e+00	0.000000e+00	2.465900e-02	0.000000e+00	0.000000e+00	0.000000e+00	0.000000e+00	0.000000e+00	1.942859e-04	0.000000e+00	0.000000e+00	0.000000e+00	0.000000e+00	0.000000e+00	0.000000e+00	0.000000e+00	0.000000e+00	0.000000e+00	5.373474e-03	0.000000e+00	0.000000e+00	0.000000e+00	0.000000e+00	0.000000e+00	4.544919e-01	-1.171503e-01
4.544919e-01	0.000000e+00	0.000000e+00	3.673959e-03	0.000000e+00	0.000000e+00	0.000000e+00	0.000000e+00	2.465900e-02	0.000000e+00	0.000000e+00	0.000000e+00	0.000000e+00	0.000000e+00	1.942859e-04	0.000000e+00	0.000000e+00	0.000000e+00	0.000000e+00	0.000000e+00	0.000000e+00	0.000000e+00	0.000000e+00	0.000000e+00	5.373474e-03	0.000000e+00	0.000000e+00	0.000000e+00	0.000000e+00	0.000000e+00	4.544919e-01	-1.171503e-01
4.544919e-01	0.000000e+00	0.000000e+00	3.673959e-03	0.000000e+00	0.000000e+00	0.000000e+00	0.000000e+00	2.465900e-02	0.000000e+00	0.000000e+00	0.000000e+00	0.000000e+00	0.000000e+00	1.942859e-04	0.000000e+00	0.000000e+00	0.000000e+00	0.000000e+00	0.000000e+00	0.000000e+00	0.000000e+00	0.000000e+00	0.000000e+00	5.373474e-03	0.000000e+00	0.000000e+00	0.000000e+00	0.000000e+00	0.000000e+00	4.544919e-01	-1.171503e-01
4.544919e-01	0.000000e+00	0.000000e+00	3.673959e-03	0.000000e+00	0.000000e+00	0.000000e+00	0.000000e+00	2.465900e-02	0.000000e+00	0.000000e+00	0.000000e+00	0.000000e+00	0.000000e+00	1.942859e-04	0.000000e+00	0.000000e+00	0.000000e+00	0.000000e+00	0.000000e+00	0.000000e+00	0.000000e+00	0.000000e+00	0.000000e+00	5.373474e-03	0.000000e+00	0.000000e+00	0.000000e+00	0.000000e+00	0.000000e+00	4.544919e-01	-1.171503e-01
4.544919e-01	0.000000e+00	0.000000e+00	3.673959e-03	0.000000e+00	0.000000e+00	0.000000e+00	0.000000e+00	2.465900e-02	0.000000e+00	0.000000e+00	0.000000e+00	0.000000e+00	0.000000e+00	1.942859e-04	0.000000e+00	0.000000e+00	0.000000e+00	0.000000e+00	0.000000e+00	0.000000e+00	0.000000e+00	0.000000e+00	0.000000e+00	5.373474e-03	0.000000e+00	0.000000e+00	0.000000e+00	0.000000e+00	0.000000e+00	4.544919e-01	-1.171503e-01
4.544919e-01	0.000000e+00	0.000000e+00	3.673959e-03	0.000000e+00	0.000000e+00	0.000000e+00	0.000000e+00	2.465900e-02	0.000000e+00	0.000000e+00	0.000000e+00	0.000000e+00	0.000000e+00	1.942859e-04	0.000000e+00	0.000000e+00	0.000000e+00	0.000000e+00	0.000000e+00	0.000000e+00	0.000000e+00	0.000000e+00	0.000000e+00	5.373474e-03	0.000000e+00	0.000000e+00	0.000000e+00	0.000000e+00	0.000000e+00	4.544919e-01	-1.171503e-01
4.544919e-01	0.000000e+00	0.000000e+00	3.673959e-03	0.000000e+00	0.000000e+00	0.000000e+00	0.000000e+00	2.465900e-02	0.000000e+00	0.000000e+00	0.000000e+00	0.000000e+00	0.000000e+00	1.942859e-04	0.000000e+00	0.000000e+00	0.000000e+00	0.000000e+00	0.000000e+00	0.000000e+00	0.000000e+00	0.000000e+00	0.000000e+00	5.373474e-03	0.000000e+00	0.000000e+00	0.000000e+00	0.000000e+00	0.000000e+00	4.544919e-01	-1.171503e-01
4.544919e-01	0.000000e+00	0.000000e+00	3.673959e-03	0.000000e+00	0.000000e+00	0.000000e+00	0.000000e+00	2.465900e-02	0.000000e+00	0.000000e+00	0.000000e+00	0.000000e+00	0.000000e+00	1.942859e-04	0.000000e+00	0.000000e+00	0.000000e+00	0.000000e+00	0.000000e+00	0.000000e+00	0.000000e+00	0.000000e+00	0.000000e+00	5.373474e-03	0.000000e+00	0.000000e+00	0.000000e+00	0.000000e+00	0.000000e+00	4.544919e-01	-1.171503e-01
4.544919e-01	0.000000e+00	0.000000e+00	3.673959e-03	0.000000e+00	0.000000e+00	0.000000e+00	0.000000e+00	2.465900e-02	0.000000e+00	0.000000e+00	0.000000e+00	0.000000e+00	0.000000e+00	1.942859e-04	0.000000e+00	0.000000e+00	0.000000e+00	0.000000e+00	0.000000e+00	0.000000e+00	0.000000e+00	0.000000e+00	0.000000e+00	5.373474e-03	0.000000e+00	0.000000e+00	0.000000e+00	0.000000e+00	0.000000e+00	4.544919e-01	-1.171503e-01
4.544919e-01	0.000000e+00	0.000000e+00	3.673959e-03	0.000000e+00	0.000000e+00	0.000000e+00	0.000000e+00	2.465900e-02	0.000000e+00	0.000000e+00	0.000000e+00	0.000000e+00	0.000000e+00	1.942859e-04	0.000000e+00	0.000000e+00	0.000000e+00	0.000000e+00	0.000000e+00	0.000000e+00	0.000000e+00	0.000000e+00	0.000000e+00	5.373474e-03	0.000000e+00	0.000000e+00	0.000000e+00	0.000000e+00	0.000000e+00	4.544919e-01	-1.171503e-01
4.544919e-01	0.000000e+00	0.000000e+00	3.673959e-03	0.000000e+00	0.000000e+00	0.000000e+00	0.000000e+00	2.465900e-02	0.000000e+00	0.000000e+00	0.000000e+00	0.000000e+00	0.000000e+00	1.942859e-04	0.000000e+00	0.000000e+00	0.000000e+00	0.000000e+00	0.000000e+00	0.000000e+00	0.000000e+00	0.000000e+00	0.000000e+00	5.373474e-03	0.000000e+00	0.000000e+00	0.000000e+00	0.000000e+00	0.000000e+00	4.544919e-01	-1.171503e-01
4.544919e-01	0.000000e+00	0.000000e+00	3.673959e-03	0.000000e+00	0.000000e+00	0.000000e+00	0.000000e+00	2.465900e-02	0.000000e+00	0.000000e+00	0.000000e+00	0.000000e+00	0.000000e+00	1.942859e-04	0.000000e+00	0.000000e+00	0.000000e+00	0.000000e+00	0.000000e+00	0.000000e+00	0.000000e+00	0.000000e+00	0.000000e+00	5.373474e-03	0.000000e+00	0.000000e+00	0.000000e+00	0.000000e+00	0.000000e+00	4.544919e-01	-1.171503e-01
4.544919e-01	0.000000e+00	0.000000e+00	3.673959e-03	0.000000e+00	0.000000e+00	0.000000e+00	0.000000e+00	2.465900e-02	0.000000e+00	0.000000e+00	0.000000e+00	0.000000e+00	0.000000e+00	1.942859e-04	0.000000e+00	0.000000e+00	0.000000e+00	0.000000e+00	0.000000e+00	0.000000e+00	0.000000e+00	0.000000e+00	0.000000e+00	5.373474e-03	0.000000e+00	0.000000e+00	0.000000e+00	0.000000e+00	0.000000e+00	4.544919e-01	-1.171503e-01
4.494833e-01	0.000000e+00	0.000000e+00	2.884348e-03	2.721593e-03	0.000000e+00	0.000000e+00	0.000000e+00	2.465900e-02	0.000000e+00	0.000000e+00	0.000000e+00	0.000000e+00	0.000000e+00	1.942859e-04	0.000000e+00	0.000000e+00	0.000000e+00	0.000000e+00	0.000000e+00	0.000000e+00	0.000000e+00	0.000000e+00	0.000000e+00	1.804151e-03	1.074821e-04	0.000000e+00	0.000000e+00	0.000000e+00	0.000000e+00	4.494833e-01	-1.131724e-01
4.444747e-01	0.000000e+00	2.680148e-05	3.673959e-03	0.000000e+00	4.628097e-03	0.000000e+00	0.000000e+00	0.000000e+00	0.000000e+00	2.773140e-05	0.000000e+00	0.000000e+00	0.000000e+00	1.942859e-04	0.000000e+00	0.000000e+00	0.000000e+00	0.000000e+00	0.000000e+00	0.000000e+00	0.000000e+00	0.000000e+00	0.000000e+00	5.373474e-03	0.000000e+00	0.000000e+00	0.000000e+00	0.000000e+00	0.000000e+00	4.444747e-01	-1.016023e-01
4.444747e-01	0.000000e+00	2.680148e-05	3.673959e-03	0.000000e+00	4.628097e-03	0.000000e+00	0.000000e+00	0.000000e+00	0.000000e+00	2.773140e-05	0.000000e+00	0.000000e+00	0.000000e+00	1.942859e-04	0.000000e+00	0.000000e+00	0.000000e+00	0.000000e+00	0.000000e+00	0.000000e+00	0.000000e+00	0.000000e+00	0.000000e+00	5.373474e-03	0.000000e+00	0.000000e+00	0.000000e+00	0.000000e+00	0.000000e+00	4.444747e-01	-1.016023e-01
4.444747e-01	0.000000e+00	2.680148e-05	3.673959e-03	0.000000e+00	4.628097e-03	0.000000e+00	0.000000e+00	0.000000e+00	0.000000e+00	2.773140e-05	0.000000e+00	0.000000e+00	0.000000e+00	1.942859e-04	0.000000e+00	0.000000e+00	0.000000e+00	0.000000e+00	0.000000e+00	0.000000e+00	0.000000e+00	0.000000e+00	0.000000e+00	5.373474e-03	0.000000e+00	0.000000e+00	0.000000e+00	0.000000e+00	0.000000e+00	4.444747e-01	-1.016023e-01
4.444747e-01	0.000000e+00	2.680148e-05	3.673959e-03	0.000000e+00	4.628097e-03	0.000000e+00	0.000000e+00	0.000000e+00	0.000000e+00	2.773140e-05	0.000000e+00	0.000000e+00	0.000000e+00	1.942859e-04	0.000000e+00	0.000000e+00	0.000000e+00	0.000000e+00	0.000000e+00	0.000000e+00	0.000000e+00	0.000000e+00	0.000000e+00	5.373474e-03	0.000000e+00	0.000000e+00	0.000000e+00	0.000000e+00	0.000000e+00	4.444747e-01	-1.016023e-01
4.375424e-01	0.000000e+00	0.000000e+00	4.629392e-03	6.958678e-03	0.000000e+00	0.000000e+00	0.000000e+00	1.297642e-03	0.000000e+00	0.000000e+00	0.000000e+00	0.000000e+00	0.000000e+00	0.000000e+00	0.000000e+00	0.000000e+00	5.078120e-03	2.575747e-04	0.000000e+00	0.000000e+00	0.000000e+00	0.000000e+00	6.543571e-03	7.031781e-03	2.685881e-03	1.685514e-03	0.000000e+00	0.000000e+00	0.000000e+00	4.375424e-01	-5.840643e-02
4.388464e-01	0.000000e+00	7.661470e-04	5.710585e-03	5.665124e-04	0.000000e+00	8.103952e-04	0.000000e+00	0.000000e+00	2.108353e-02	3.166326e-02	0.000000e+00	3.136709e-03	3.028414e-04	0.000000e+00	0.000000e+00	0.000000e+00	5.078120e-03	3.880118e-03	0.000000e+00	0.000000e+00	0.000000e+00	3.295476e-02	6.543571e-03	7.031781e-03	2.354770e-03	1.685514e-03	0.000000e+00	6.214323e-03	0.000000e+00	4.388464e-01	-4.756645e-02
4.375424e-01	0.000000e+00	2.680148e-05	5.031710e-03	1.133025e-03	4.628097e-03	1.620790e-03	0.000000e+00	0.000000e+00	4.216705e-02	2.773140e-05	0.000000e+00	1.254684e-02	0.000000e+00	1.942859e-04	0.000000e+00	0.000000e+00	2.539060e-03	7.619742e-03	0.000000e+00	0.000000e+00	0.000000e+00	0.000000e+00	0.000000e+00	5.373474e-03	2.685881e-03	1.685514e-03	0.000000e+00	2.485729e-02	0.000000e+00	4.375424e-01	-4.253934e-02
4.350451e-01	3.841166e-04	7.715073e-04	5.371147e-03	3.019464e-03	0.000000e+00	4.051976e-04	0.000000e+00	0.000000e+00	0.000000e+00	3.164939e-02	9.324342e-03	0.000000e+00	3.028414e-04	2.677808e-03	0.000000e+00	0.000000e+00	0.000000e+00	1.053715e-04	0.000000e+00	0.000000e+00	7.165029e-04	0.000000e+00	1.271179e-03	7.082672e-03	1.629559e-03	0.000000e+00	0.000000e+00	0.000000e+00	6.218874e-03	4.350451e-01	-3.269398e-02
4.350451e-01	3.841166e-04	7.715073e-04	5.371147e-03	3.019464e-03	0.000000e+00	4.051976e-04	0.000000e+00	0.000000e+00	0.000000e+00	3.164939e-02	9.324342e-03	0.000000e+00	3.028414e-04	2.677808e-03	0.000000e+00	0.000000e+00	0.000000e+00	1.053715e-04	0.000000e+00	0.000000e+00	7.165029e-04	0.000000e+00	1.271179e-03	7.082672e-03	1.629559e-03	0.000000e+00	0.000000e+00	0.000000e+00	6.218874e-03	4.350451e-01	-3.269398e-02
4.350451e-01	3.841166e-04	7.715073e-04	5.371147e-03	3.019464e-03	0.000000e+00	4.051976e-04	0.000000e+00	0.000000e+00	0.000000e+00	3.164939e-02	9.324342e-03	0.000000e+00	3.028414e-04	2.677808e-03	0.000000e+00	0.000000e+00	0.000000e+00	1.053715e-04	0.000000e+00	0.000000e+00	7.165029e-04	0.000000e+00	1.271179e-03	7.082672e-03	1.629559e-03	0.000000e+00	0.000000e+00	0.000000e+00	6.218874e-03	4.350451e-01	-3.269398e-02
4.299398e-01	0.000000e+00	3.752207e-05	4.352834e-03	5.665124e-04	0.000000e+00	8.103952e-04	0.000000e+00	0.000000e+00	0.000000e+00	0.000000e+00	0.000000e+00	6.273418e-03	0.000000e+00	0.000000e+00	0.000000e+00	0.000000e+00	5.078120e-03	7.024764e-05	0.000000e+00	0.000000e+00	0.000000e+00	0.000000e+00	6.543571e-03	7.031781e-03	1.235458e-03	1.685514e-03	0.000000e+00	1.242865e-02	0.000000e+00	4.299398e-01	6.588041e-03
4.299398e-01	0.000000e+00	2.182116e-02	4.352834e-03	0.000000e+00	0.000000e+00	9.001582e-04	0.000000e+00	1.338378e-03	3.911947e-05	1.386570e-05	0.000000e+00	0.000000e+00	9.085242e-04	4.950628e-03	0.000000e+00	6.892547e-03	1.462956e-03	7.024764e-05	0.000000e+00	0.000000e+00	7.165029e-04	0.000000e+00	6.543571e-03	7.031781e-03	1.235458e-03	3.531336e-02	3.346267e-03	1.242865e-02	0.000000e+00	4.299398e-01	1.985850e-02
4.299398e-01	0.000000e+00	2.182116e-02	4.352834e-03	0.000000e+00	0.000000e+00	9.001582e-04	0.000000e+00	1.338378e-03	3.911947e-05	1.386570e-05	0.000000e+00	0.000000e+00	9.085242e-04	4.950628e-03	0.000000e+00	6.892547e-03	1.462956e-03	7.024764e-05	0.000000e+00	0.000000e+00	7.165029e-04	0.000000e+00	6.543571e-03	7.031781e-03	1.235458e-03	3.531336e-02	3.346267e-03	1.242865e-02	0.000000e+00	4.299398e-01	1.985850e-02
4.254221e-01	6.057223e-03	2.144118e-05	5.031710e-03	1.133025e-03	4.628097e-03	1.620790e-03	0.000000e+00	3.244104e-04	0.000000e+00	0.000000e+00	0.000000e+00	1.254684e-02	0.000000e+00	4.950628e-03	0.000000e+00	0.000000e+00	5.078120e-03	1.404953e-04	0.000000e+00	0.000000e+00	1.205195e-02	0.000000e+00	1.271179e-03	8.740979e-03	2.470916e-03	0.000000e+00	0.000000e+00	2.485729e-02	0.000000e+00	4.254221e-01	6.205468e-02
4.240815e-01	7.682331e-04	1.526934e-03	5.434028e-03	6.605441e-03	2.890139e-03	2.594276e-03	0.000000e+00	0.000000e+00	0.000000e+00	0.000000e+00	1.864868e-02	0.000000e+00	6.056828e-04	0.000000e+00	0.000000e+00	0.000000e+00	2.925912e-03	2.809906e-04	0.000000e+00	0.000000e+00	1.433006e-03	0.000000e+00	9.085928e-03	1.045018e-02	2.399262e-03	0.000000e+00	0.000000e+00	0.000000e+00	1.243775e-02	4.240815e-01	7.408046e-02
4.240815e-01	3.841166e-04	0.000000e+00	4.362234e-03	6.605441e-03	2.314048e-03	2.594276e-03	0.000000e+00	0.000000e+00	8.793667e-05	3.466425e-06	1.864868e-02	0.000000e+00	6.056828e-04	0.000000e+00	0.000000e+00	0.000000e+00	4.002016e-03	3.512382e-05	0.000000e+00	0.000000e+00	1.433006e-03	0.000000e+00	4.614654e-03	8.740979e-03	2.399262e-03	1.264135e-03	0.000000e+00	1.864297e-02	6.218874e-03	4.240815e-01	7.510585e-02
4.216755e-01	1.920583e-04	7.634669e-04	4.699701e-06	0.000000e+00	1.157024e-03	0.000000e+00	0.000000e+00	6.431071e-04	0.000000e+00	1.386570e-05	1.260434e-02	6.273418e-03	0.000000e+00	0.000000e+00	0.000000e+00	6.446594e-03	0.000000e+00	0.000000e+00	0.000000e+00	0.000000e+00	0.000000e+00	0.000000e+00	0.000000e+00	8.740979e-03	2.291780e-03	1.685514e-03	6.692534e-03	3.107161e-03	3.109437e-03	4.216755e-01	9.645751e-02
4.216755e-01	1.920583e-04	7.634669e-04	4.699701e-06	0.000000e+00	1.157024e-03	0.000000e+00	0.000000e+00	6.431071e-04	0.000000e+00	1.386570e-05	1.260434e-02	6.273418e-03	0.000000e+00	0.000000e+00	0.000000e+00	6.446594e-03	0.000000e+00	0.000000e+00	0.000000e+00	0.000000e+00	0.000000e+00	0.000000e+00	0.000000e+00	8.740979e-03	2.291780e-03	1.685514e-03	6.692534e-03	3.107161e-03	3.109437e-03	4.216755e-01	9.645751e-02
4.216755e-01	1.920583e-04	7.634669e-04	4.699701e-06	0.000000e+00	1.157024e-03	0.000000e+00	0.000000e+00	6.431071e-04	0.000000e+00	1.386570e-05	1.260434e-02	6.273418e-03	0.000000e+00	0.000000e+00	0.000000e+00	6.446594e-03	0.000000e+00	0.000000e+00	0.000000e+00	0.000000e+00	0.000000e+00	0.000000e+00	0.000000e+00	8.740979e-03	2.291780e-03	1.685514e-03	6.692534e-03	3.107161e-03	3.109437e-03	4.216755e-01	9.645751e-02
4.216755e-01	1.920583e-04	7.634669e-04	4.699701e-06	0.000000e+00	1.157024e-03	0.000000e+00	0.000000e+00	6.431071e-04	0.000000e+00	1.386570e-05	1.260434e-02	6.273418e-03	0.000000e+00	0.000000e+00	0.000000e+00	6.446594e-03	0.000000e+00	0.000000e+00	0.000000e+00	0.000000e+00	0.000000e+00	0.000000e+00	0.000000e+00	8.740979e-03	2.291780e-03	1.685514e-03	6.692534e-03	3.107161e-03	3.109437e-03	4.216755e-01	9.645751e-02
4.156153e-01	0.000000e+00	2.043677e-03	0.000000e+00	1.095670e-03	0.000000e+00	1.153012e-03	0.000000e+00	1.019681e-03	3.129558e-04	0.000000e+00	0.000000e+00	0.000000e+00	1.211366e-03	0.000000e+00	0.000000e+00	1.378509e-02	2.925912e-03	0.000000e+00	0.000000e+00	0.000000e+00	0.000000e+00	0.000000e+00	2.099690e-03	4.345043e-03	2.685881e-03	0.000000e+00	5.371013e-03	0.000000e+00	3.856684e-03	4.156153e-01	1.683365e-01
4.156153e-01	7.682331e-04	4.212611e-02	4.371633e-03	1.095670e-03	4.628097e-03	1.153012e-03	0.000000e+00	1.019681e-03	1.758733e-04	0.000000e+00	1.260434e-02	0.000000e+00	1.211366e-03	0.000000e+00	0.000000e+00	4.676360e-02	2.925912e-03	0.000000e+00	0.000000e+00	0.000000e+00	0.000000e+00	0.000000e+00	2.685738e-03	8.403137e-03	2.685881e-03	8.427568e-04	6.692534e-03	2.485729e-02	4.145916e-03	4.156153e-01	1.953013e-01
4.137420e-01	7.682331e-04	1.526934e-03	4.371633e-03	6.605441e-03	4.628097e-03	2.594276e-03	0.000000e+00	1.286214e-03	1.758733e-04	6.932849e-06	1.864868e-02	0.000000e+00	1.211366e-03	0.000000e+00	0.000000e+00	0.000000e+00	2.925912e-03	0.000000e+00	0.000000e+00	0.000000e+00	1.433006e-03	0.000000e+00	2.685738e-03	1.045018e-02	2.685881e-03	8.427568e-04	6.692534e-03	2.485729e-02	1.243775e-02	4.137420e-01	2.062290e-01
4.137420e-01	7.682331e-04	1.526934e-03	4.371633e-03	6.605441e-03	4.628097e-03	2.594276e-03	0.000000e+00	1.286214e-03	1.758733e-04	6.932849e-06	1.864868e-02	0.000000e+00	1.211366e-03	0.000000e+00	0.000000e+00	0.000000e+00	2.925912e-03	0.000000e+00	0.000000e+00	0.000000e+00	1.433006e-03	0.000000e+00	2.685738e-03	1.045018e-02	2.685881e-03	8.427568e-04	6.692534e-03	2.485729e-02	1.243775e-02	4.137420e-01	2.062290e-01
2.575580e-01	0.000000e+00	2.583716e-04	0.000000e+00	0.000000e+00	0.000000e+00	0.000000e+00	0.000000e+00	0.000000e+00	6.854120e-05	0.000000e+00	0.000000e+00	0.000000e+00	5.553568e-03	0.000000e+00	0.000000e+00	6.446594e-03	0.000000e+00	0.000000e+00	0.000000e+00	0.000000e+00	0.000000e+00	0.000000e+00	0.000000e+00	0.000000e+00	3.259118e-03	0.000000e+00	0.000000e+00	0.000000e+00	0.000000e+00	2.575580e-01	2.457778e-01
2.575580e-01	0.000000e+00	2.583716e-04	0.000000e+00	0.000000e+00	0.000000e+00	0.000000e+00	0.000000e+00	0.000000e+00	6.854120e-05	0.000000e+00	0.000000e+00	0.000000e+00	5.553568e-03	0.000000e+00	0.000000e+00	6.446594e-03	0.000000e+00	0.000000e+00	0.000000e+00	0.000000e+00	0.000000e+00	0.000000e+00	0.000000e+00	0.000000e+00	3.259118e-03	0.000000e+00	0.000000e+00	0.000000e+00	0.000000e+00	2.575580e-01	2.457778e-01
2.575580e-01	0.000000e+00	2.583716e-04	0.000000e+00	0.000000e+00	0.000000e+00	0.000000e+00	0.000000e+00	0.000000e+00	6.854120e-05	0.000000e+00	0.000000e+00	0.000000e+00	5.553568e-03	0.000000e+00	0.000000e+00	6.446594e-03	0.000000e+00	0.000000e+00	0.000000e+00	0.000000e+00	0.000000e+00	0.000000e+00	0.000000e+00	0.000000e+00	3.259118e-03	0.000000e+00	0.000000e+00	0.000000e+00	0.000000e+00	2.575580e-01	2.457778e-01
2.575580e-01	0.000000e+00	2.583716e-04	0.000000e+00	0.000000e+00	0.000000e+00	0.000000e+00	0.000000e+00	0.000000e+00	0.000000e+00	0.000000e+00	0.000000e+00	0.000000e+00	5.553568e-03	0.000000e+00	0.000000e+00	6.446594e-03	0.000000e+00	0.000000e+00	0.000000e+00	0.000000e+00	0.000000e+00	0.000000e+00	0.000000e+00	0.000000e+00	3.259118e-03	0.000000e+00	0.000000e+00	0.000000e+00	0.000000e+00	2.575580e-01	2.457619e-01
2.575580e-01	0.000000e+00	2.583716e-04	0.000000e+00	0.000000e+00	0.000000e+00	0.000000e+00	0.000000e+00	0.000000e+00	0.000000e+00	0.000000e+00	0.000000e+00	0.000000e+00	5.553568e-03	0.000000e+00	0.000000e+00	6.446594e-03	0.000000e+00	0.000000e+00	0.000000e+00	0.000000e+00	0.000000e+00	0.000000e+00	0.000000e+00	0.000000e+00	3.259118e-03	0.000000e+00	0.000000e+00	0.000000e+00	0.000000e+00	2.575580e-01	2.457619e-01
2.575580e-01	0.000000e+00	2.583716e-04	0.000000e+00	0.000000e+00	0.000000e+00	0.000000e+00	0.000000e+00	0.000000e+00	0.000000e+00	0.000000e+00	0.000000e+00	0.000000e+00	5.553568e-03	0.000000e+00	0.000000e+00	6.446594e-03	0.000000e+00	0.000000e+00	0.000000e+00	0.000000e+00	0.000000e+00	0.000000e+00	0.000000e+00	0.000000e+00	3.259118e-03	0.000000e+00	0.000000e+00	0.000000e+00	0.000000e+00	2.575580e-01	2.457619e-01
2.575580e-01	0.000000e+00	2.583716e-04	0.000000e+00	0.000000e+00	0.000000e+00	0.000000e+00	0.000000e+00	0.000000e+00	0.000000e+00	0.000000e+00	0.000000e+00	0.000000e+00	5.553568e-03	0.000000e+00	0.000000e+00	6.446594e-03	0.000000e+00	0.000000e+00	0.000000e+00	0.000000e+00	0.000000e+00	0.000000e+00	0.000000e+00	0.000000e+00	3.259118e-03	0.000000e+00	0.000000e+00	0.000000e+00	0.000000e+00	2.575580e-01	2.457619e-01
2.575580e-01	0.000000e+00	3.875574e-04	0.000000e+00	0.000000e+00	0.000000e+00	0.000000e+00	0.000000e+00	0.000000e+00	0.000000e+00	0.000000e+00	0.000000e+00	0.000000e+00	3.740487e-03	0.000000e+00	0.000000e+00	6.446594e-03	0.000000e+00	0.000000e+00	0.000000e+00	0.000000e+00	0.000000e+00	0.000000e+00	0.000000e+00	0.000000e+00	3.259118e-03	0.000000e+00	0.000000e+00	0.000000e+00	0.000000e+00	2.575580e-01	2.453716e-01
2.575580e-01	0.000000e+00	3.875574e-04	0.000000e+00	0.000000e+00	0.000000e+00	0.000000e+00	0.000000e+00	0.000000e+00	0.000000e+00	0.000000e+00	0.000000e+00	0.000000e+00	3.740487e-03	0.000000e+00	0.000000e+00	6.446594e-03	0.000000e+00	0.000000e+00	0.000000e+00	0.000000e+00	0.000000e+00	0.000000e+00	0.000000e+00	0.000000e+00	3.259118e-03	0.000000e+00	0.000000e+00	0.000000e+00	0.000000e+00	2.575580e-01	2.453716e-01
2.575580e-01	0.000000e+00	3.875574e-04	0.000000e+00	0.000000e+00	0.000000e+00	0.000000e+00	0.000000e+00	0.000000e+00	0.000000e+00	0.000000e+00	0.000000e+00	0.000000e+00	3.740487e-03	0.000000e+00	0.000000e+00	6.446594e-03	0.000000e+00	0.000000e+00	0.000000e+00	0.000000e+00	0.000000e+00	0.000000e+00	0.000000e+00	0.000000e+00	3.259118e-03	0.000000e+00	0.000000e+00	0.000000e+00	0.000000e+00	2.575580e-01	2.453716e-01
2.575580e-01	0.000000e+00	3.875574e-04	0.000000e+00	0.000000e+00	0.000000e+00	0.000000e+00	0.000000e+00	0.000000e+00	0.000000e+00	0.000000e+00	0.000000e+00	0.000000e+00	3.740487e-03	0.000000e+00	0.000000e+00	6.446594e-03	0.000000e+00	0.000000e+00	0.000000e+00	0.000000e+00	0.000000e+00	0.000000e+00	0.000000e+00	0.000000e+00	3.259118e-03	0.000000e+00	0.000000e+00	0.000000e+00	0.000000e+00	2.575580e-01	2.453716e-01
2.575580e-01	0.000000e+00	3.875574e-04	0.000000e+00	0.000000e+00	0.000000e+00	0.000000e+00	0.000000e+00	0.000000e+00	0.000000e+00	0.000000e+00	0.000000e+00	0.000000e+00	3.740487e-03	0.000000e+00	0.000000e+00	6.446594e-03	0.000000e+00	0.000000e+00	0.000000e+00	0.000000e+00	0.000000e+00	0.000000e+00	0.000000e+00	0.000000e+00	3.259118e-03	0.000000e+00	0.000000e+00	0.000000e+00	0.000000e+00	2.575580e-01	2.453716e-01
2.575580e-01	0.000000e+00	3.875574e-04	0.000000e+00	0.000000e+00	0.000000e+00	0.000000e+00	0.000000e+00	0.000000e+00	0.000000e+00	0.000000e+00	0.000000e+00	0.000000e+00	3.740487e-03	0.000000e+00	0.000000e+00	6.446594e-03	0.000000e+00	0.000000e+00	0.000000e+00	0.000000e+00	0.000000e+00	0.000000e+00	0.000000e+00	0.000000e+00	3.259118e-03	0.000000e+00	0.000000e+00	0.000000e+00	0.000000e+00	2.575580e-01	2.453716e-01
2.575580e-01	0.000000e+00	3.875574e-04	0.000000e+00	0.000000e+00	0.000000e+00	0.000000e+00	0.000000e+00	0.000000e+00	0.000000e+00	0.000000e+00	0.000000e+00	0.000000e+00	3.740487e-03	0.000000e+00	0.000000e+00	6.446594e-03	0.000000e+00	0.000000e+00	0.000000e+00	0.000000e+00	0.000000e+00	0.000000e+00	0.000000e+00	0.000000e+00	3.259118e-03	0.000000e+00	0.000000e+00	0.000000e+00	0.000000e+00	2.575580e-01	2.453716e-01
2.575580e-01	0.000000e+00	3.875574e-04	0.000000e+00	0.000000e+00	0.000000e+00	0.000000e+00	0.000000e+00	0.000000e+00	0.000000e+00	0.000000e+00	0.000000e+00	0.000000e+00	3.740487e-03	0.000000e+00	0.000000e+00	6.446594e-03	0.000000e+00	0.000000e+00	0.000000e+00	0.000000e+00	0.000000e+00	0.000000e+00	0.000000e+00	0.000000e+00	3.259118e-03	0.000000e+00	0.000000e+00	0.000000e+00	0.000000e+00	2.575580e-01	2.453716e-01
2.575580e-01	0.000000e+00	3.875574e-04	0.000000e+00	0.000000e+00	0.000000e+00	0.000000e+00	0.000000e+00	0.000000e+00	0.000000e+00	0.000000e+00	0.000000e+00	0.000000e+00	3.740487e-03	0.000000e+00	0.000000e+00	6.446594e-03	0.000000e+00	0.000000e+00	0.000000e+00	0.000000e+00	0.000000e+00	0.000000e+00	0.000000e+00	0.000000e+00	3.259118e-03	0.000000e+00	0.000000e+00	0.000000e+00	0.000000e+00	2.575580e-01	2.453716e-01
2.575580e-01	0.000000e+00	3.875574e-04	0.000000e+00	0.000000e+00	0.000000e+00	0.000000e+00	0.000000e+00	0.000000e+00	0.000000e+00	0.000000e+00	0.000000e+00	0.000000e+00	3.740487e-03	0.000000e+00	0.000000e+00	6.446594e-03	0.000000e+00	0.000000e+00	0.000000e+00	0.000000e+00	0.000000e+00	0.000000e+00	0.000000e+00	0.000000e+00	3.259118e-03	0.000000e+00	0.000000e+00	0.000000e+00	0.000000e+00	2.575580e-01	2.453716e-01
2.575580e-01	0.000000e+00	3.875574e-04	0.000000e+00	0.000000e+00	0.000000e+00	0.000000e+00	0.000000e+00	0.000000e+00	0.000000e+00	0.000000e+00	0.000000e+00	0.000000e+00	3.740487e-03	0.000000e+00	0.000000e+00	6.446594e-03	0.000000e+00	0.000000e+00	0.000000e+00	0.000000e+00	0.000000e+00	0.000000e+00	0.000000e+00	0.000000e+00	3.259118e-03	0.000000e+00	0.000000e+00	0.000000e+00	0.000000e+00	2.575580e-01	2.453716e-01
2.468375e-01	0.000000e+00	2.583716e-04	0.000000e+00	0.000000e+00	0.000000e+00	0.000000e+00	0.000000e+00	0.000000e+00	6.854120e-05	8.605063e-03	0.000000e+00	0.000000e+00	5.553568e-03	0.000000e+00	0.000000e+00	1.498282e-03	0.000000e+00	0.000000e+00	0.000000e+00	0.000000e+00	0.000000e+00	0.000000e+00	0.000000e+00	0.000000e+00	3.259118e-03	0.000000e+00	2.425350e-03	0.000000e+00	0.000000e+00	2.468375e-01	2.626092e-01
2.487970e-01	0.000000e+00	1.252923e-03	1.460643e-03	0.000000e+00	0.000000e+00	2.035483e-02	0.000000e+00	0.000000e+00	0.000000e+00	8.605063e-03	0.000000e+00	1.657359e-03	0.000000e+00	1.029095e-03	0.000000e+00	1.082605e-03	0.000000e+00	0.000000e+00	0.000000e+00	0.000000e+00	7.336455e-03	0.000000e+00	0.000000e+00	0.000000e+00	4.144648e-03	0.000000e+00	1.515843e-03	4.102410e-03	9.330597e-22	2.487970e-01	2.648408e-01
2.446658e-01	0.000000e+00	0.000000e+00	0.000000e+00	0.000000e+00	0.000000e+00	0.000000e+00	0.000000e+00	0.000000e+00	0.000000e+00	0.000000e+00	4.469945e-02	1.562942e-03	3.769068e-03	0.000000e+00	2.197002e-03	1.498282e-03	0.000000e+00	0.000000e+00	0.000000e+00	0.000000e+00	0.000000e+00	0.000000e+00	0.000000e+00	0.000000e+00	3.259118e-03	0.000000e+00	2.425350e-03	0.000000e+00	0.000000e+00	2.446658e-01	2.780232e-01
2.398877e-01	0.000000e+00	0.000000e+00	4.868811e-04	0.000000e+00	0.000000e+00	0.000000e+00	0.000000e+00	0.000000e+00	0.000000e+00	0.000000e+00	7.936464e-03	2.937049e-03	3.791277e-03	0.000000e+00	3.555988e-02	1.498282e-03	0.000000e+00	0.000000e+00	0.000000e+00	0.000000e+00	0.000000e+00	0.000000e+00	0.000000e+00	0.000000e+00	4.455826e-03	0.000000e+00	0.000000e+00	0.000000e+00	0.000000e+00	2.398877e-01	2.956308e-01
2.398877e-01	0.000000e+00	0.000000e+00	4.868811e-04	0.000000e+00	0.000000e+00	0.000000e+00	0.000000e+00	0.000000e+00	0.000000e+00	0.000000e+00	7.936464e-03	2.937049e-03	3.791277e-03	0.000000e+00	3.555988e-02	1.498282e-03	0.000000e+00	0.000000e+00	0.000000e+00	0.000000e+00	0.000000e+00	0.000000e+00	0.000000e+00	0.000000e+00	4.455826e-03	0.000000e+00	0.000000e+00	0.000000e+00	0.000000e+00	2.398877e-01	2.956308e-01
2.345405e-01	0.000000e+00	1.937787e-04	1.947524e-03	0.000000e+00	0.000000e+00	0.000000e+00	0.000000e+00	0.000000e+00	0.000000e+00	0.000000e+00	1.587293e-02	7.342621e-04	0.000000e+00	0.000000e+00	7.111976e-02	9.065271e-03	0.000000e+00	0.000000e+00	0.000000e+00	0.000000e+00	0.000000e+00	0.000000e+00	0.000000e+00	0.000000e+00	8.657033e-04	0.000000e+00	1.995962e-04	0.000000e+00	0.000000e+00	2.345405e-01	3.318648e-01
2.327103e-01	0.000000e+00	0.000000e+00	0.000000e+00	0.000000e+00	0.000000e+00	0.000000e+00	0.000000e+00	0.000000e+00	0.000000e+00	0.000000e+00	6.489024e-02	6.062932e-03	1.673794e-02	0.000000e+00	1.098501e-03	0.000000e+00	0.000000e+00	0.000000e+00	0.000000e+00	0.000000e+00	0.000000e+00	0.000000e+00	0.000000e+00	0.000000e+00	8.045948e-03	4.095417e-04	3.638024e-03	5.938608e-03	0.000000e+00	2.327103e-01	3.436030e-01
2.248829e-01	0.000000e+00	3.978207e-03	0.000000e+00	0.000000e+00	0.000000e+00	0.000000e+00	0.000000e+00	0.000000e+00	0.000000e+00	8.605063e-03	0.000000e+00	6.251766e-03	4.907351e-03	0.000000e+00	0.000000e+00	0.000000e+00	0.000000e+00	0.000000e+00	0.000000e+00	0.000000e+00	0.000000e+00	0.000000e+00	0.000000e+00	0.000000e+00	3.259118e-03	2.730278e-04	0.000000e+00	0.000000e+00	3.732239e-21	2.248829e-01	3.738131e-01
2.241078e-01	0.000000e+00	1.989104e-03	9.737622e-04	2.056329e-03	0.000000e+00	0.000000e+00	0.000000e+00	0.000000e+00	0.000000e+00	8.143713e-03	0.000000e+00	1.657359e-03	3.315798e-03	0.000000e+00	0.000000e+00	1.082605e-03	9.359402e-02	0.000000e+00	0.000000e+00	0.000000e+00	7.336455e-03	0.000000e+00	0.000000e+00	0.000000e+00	8.657033e-04	0.000000e+00	4.042249e-04	4.102410e-03	9.330597e-22	2.241078e-01	4.024575e-01
2.210984e-01	0.000000e+00	4.972759e-03	0.000000e+00	6.652629e-03	0.000000e+00	0.000000e+00	6.156382e-05	0.000000e+00	0.000000e+00	3.179934e-02	0.000000e+00	5.504947e-03	0.000000e+00	1.367719e-03	3.295503e-03	0.000000e+00	0.000000e+00	0.000000e+00	0.000000e+00	0.000000e+00	0.000000e+00	0.000000e+00	0.000000e+00	0.000000e+00	0.000000e+00	2.187511e-02	0.000000e+00	2.842591e-02	0.000000e+00	2.210984e-01	4.184739e-01
2.168597e-01	0.000000e+00	3.978207e-03	0.000000e+00	5.140822e-04	2.293645e-02	0.000000e+00	1.093797e-04	5.160607e-02	0.000000e+00	0.000000e+00	0.000000e+00	1.256431e-03	9.651638e-03	2.735438e-03	4.394004e-03	8.291611e-03	0.000000e+00	0.000000e+00	0.000000e+00	0.000000e+00	0.000000e+00	0.000000e+00	0.000000e+00	0.000000e+00	3.259118e-03	0.000000e+00	0.000000e+00	7.782680e-03	2.040200e-20	2.168597e-01	4.525665e-01
2.115229e-01	0.000000e+00	0.000000e+00	3.895049e-03	3.084493e-03	0.000000e+00	0.000000e+00	0.000000e+00	0.000000e+00	0.000000e+00	0.000000e+00	3.174585e-02	1.468524e-03	3.094270e-03	1.132015e-04	0.000000e+00	2.061133e-02	0.000000e+00	0.000000e+00	0.000000e+00	0.000000e+00	0.000000e+00	0.000000e+00	0.000000e+00	0.000000e+00	5.033938e-04	0.000000e+00	3.991924e-04	0.000000e+00	0.000000e+00	2.115229e-01	4.807100e-01
2.067761e-01	0.000000e+00	3.978207e-03	2.921287e-03	0.000000e+00	0.000000e+00	4.070967e-02	0.000000e+00	0.000000e+00	0.000000e+00	0.000000e+00	0.000000e+00	0.000000e+00	3.094270e-03	2.058189e-03	0.000000e+00	0.000000e+00	0.000000e+00	0.000000e+00	0.000000e+00	0.000000e+00	0.000000e+00	0.000000e+00	0.000000e+00	0.000000e+00	5.030179e-03	2.730278e-04	0.000000e+00	0.000000e+00	3.732239e-21	2.067761e-01	5.155287e-01
2.067761e-01	0.000000e+00	3.978207e-03	0.000000e+00	0.000000e+00	0.000000e+00	4.070967e-02	0.000000e+00	0.000000e+00	0.000000e+00	0.000000e+00	0.000000e+00	0.000000e+00	1.774588e-02	2.058189e-03	1.647752e-03	0.000000e+00	0.000000e+00	0.000000e+00	0.000000e+00	1.164014e-02	0.000000e+00	0.000000e+00	0.000000e+00	0.000000e+00	5.030179e-03	2.730278e-04	0.000000e+00	0.000000e+00	2.040200e-20	2.067761e-01	5.215467e-01
2.028570e-01	0.000000e+00	1.989104e-03	0.000000e+00	2.570411e-03	0.000000e+00	0.000000e+00	1.515623e-05	0.000000e+00	0.000000e+00	0.000000e+00	2.450866e-02	7.120714e-02	2.366118e-02	0.000000e+00	2.197002e-03	0.000000e+00	0.000000e+00	0.000000e+00	0.000000e+00	0.000000e+00	0.000000e+00	0.000000e+00	0.000000e+00	0.000000e+00	3.259118e-03	2.730278e-04	1.819012e-03	1.239731e-02	1.853588e-20	2.028570e-01	5.661309e-01
1.952880e-01	0.000000e+00	0.000000e+00	3.895049e-03	0.000000e+00	0.000000e+00	0.000000e+00	1.875081e-04	0.000000e+00	0.000000e+00	4.638855e-02	3.174585e-02	0.000000e+00	0.000000e+00	0.000000e+00	0.000000e+00	3.777264e-02	0.000000e+00	0.000000e+00	0.000000e+00	0.000000e+00	0.000000e+00	0.000000e+00	0.000000e+00	0.000000e+00	0.000000e+00	0.000000e+00	0.000000e+00	5.200909e-04	7.414351e-20	1.952880e-01	6.161010e-01
1.952880e-01	0.000000e+00	3.978207e-03	0.000000e+00	0.000000e+00	0.000000e+00	0.000000e+00	1.553179e-04	0.000000e+00	0.000000e+00	4.638855e-02	4.901732e-02	0.000000e+00	0.000000e+00	2.735438e-03	4.394004e-03	1.474051e-02	0.000000e+00	0.000000e+00	0.000000e+00	0.000000e+00	0.000000e+00	0.000000e+00	0.000000e+00	0.000000e+00	0.000000e+00	4.347719e-02	3.638024e-03	2.479461e-02	3.707175e-20	1.952880e-01	6.338215e-01
7.906177e-02	0.000000e+00	0.000000e+00	0.000000e+00	0.000000e+00	0.000000e+00	0.000000e+00	0.000000e+00	0.000000e+00	0.000000e+00	0.000000e+00	0.000000e+00	0.000000e+00	0.000000e+00	0.000000e+00	0.000000e+00	0.000000e+00	0.000000e+00	0.000000e+00	0.000000e+00	0.000000e+00	0.000000e+00	0.000000e+00	0.000000e+00	0.000000e+00	0.000000e+00	0.000000e+00	2.021125e-04	0.000000e+00	0.000000e+00	7.906177e-02	6.705385e-01
7.906177e-02	0.000000e+00	0.000000e+00	0.000000e+00	0.000000e+00	0.000000e+00	0.000000e+00	0.000000e+00	0.000000e+00	0.000000e+00	0.000000e+00	0.000000e+00	0.000000e+00	0.000000e+00	0.000000e+00	0.000000e+00	0.000000e+00	0.000000e+00	0.000000e+00	0.000000e+00	0.000000e+00	0.000000e+00	0.000000e+00	0.000000e+00	0.000000e+00	0.000000e+00	0.000000e+00	2.021125e-04	0.000000e+00	0.000000e+00	7.906177e-02	6.705385e-01
7.906177e-02	0.000000e+00	0.000000e+00	0.000000e+00	0.000000e+00	0.000000e+00	0.000000e+00	0.000000e+00	0.000000e+00	0.000000e+00	0.000000e+00	0.000000e+00	0.000000e+00	0.000000e+00	0.000000e+00	0.000000e+00	0.000000e+00	0.000000e+00	0.000000e+00	0.000000e+00	0.000000e+00	0.000000e+00	0.000000e+00	0.000000e+00	0.000000e+00	0.000000e+00	0.000000e+00	2.021125e-04	0.000000e+00	0.000000e+00	7.906177e-02	6.705385e-01
7.906177e-02	0.000000e+00	0.000000e+00	0.000000e+00	0.000000e+00	0.000000e+00	0.000000e+00	0.000000e+00	0.000000e+00	0.000000e+00	0.000000e+00	0.000000e+00	0.000000e+00	0.000000e+00	0.000000e+00	0.000000e+00	0.000000e+00	0.000000e+00	0.000000e+00	0.000000e+00	0.000000e+00	0.000000e+00	0.000000e+00	0.000000e+00	0.000000e+00	0.000000e+00	0.000000e+00	2.021125e-04	0.000000e+00	0.000000e+00	7.906177e-02	6.705385e-01
7.906177e-02	0.000000e+00	0.000000e+00	0.000000e+00	0.000000e+00	0.000000e+00	0.000000e+00	0.000000e+00	0.000000e+00	0.000000e+00	0.000000e+00	0.000000e+00	0.000000e+00	0.000000e+00	0.000000e+00	0.000000e+00	0.000000e+00	0.000000e+00	0.000000e+00	0.000000e+00	0.000000e+00	0.000000e+00	0.000000e+00	0.000000e+00	0.000000e+00	0.000000e+00	0.000000e+00	2.021125e-04	0.000000e+00	0.000000e+00	7.906177e-02	6.705385e-01
7.906177e-02	0.000000e+00	0.000000e+00	0.000000e+00	0.000000e+00	0.000000e+00	0.000000e+00	0.000000e+00	0.000000e+00	0.000000e+00	0.000000e+00	0.000000e+00	0.000000e+00	0.000000e+00	0.000000e+00	0.000000e+00	0.000000e+00	0.000000e+00	0.000000e+00	0.000000e+00	0.000000e+00	0.000000e+00	0.000000e+00	0.000000e+00	0.000000e+00	0.000000e+00	0.000000e+00	2.021125e-04	0.000000e+00	0.000000e+00	7.906177e-02	6.705385e-01
7.906177e-02	0.000000e+00	0.000000e+00	0.000000e+00	0.000000e+00	0.000000e+00	0.000000e+00	0.000000e+00	0.000000e+00	0.000000e+00	0.000000e+00	0.000000e+00	0.000000e+00	0.000000e+00	0.000000e+00	0.000000e+00	0.000000e+00	0.000000e+00	0.000000e+00	0.000000e+00	0.000000e+00	0.000000e+00	0.000000e+00	0.000000e+00	0.000000e+00	0.000000e+00	0.000000e+00	2.021125e-04	0.000000e+00	0.000000e+00	7.906177e-02	6.705385e-01
7.906177e-02	0.000000e+00	0.000000e+00	0.000000e+00	0.000000e+00	0.000000e+00	0.000000e+00	0.000000e+00	0.000000e+00	0.000000e+00	0.000000e+00	0.000000e+00	0.000000e+00	0.000000e+00	0.000000e+00	0.000000e+00	0.000000e+00	0.000000e+00	0.000000e+00	0.000000e+00	0.000000e+00	0.000000e+00	0.000000e+00	0.000000e+00	0.000000e+00	0.000000e+00	0.000000e+00	2.021125e-04	0.000000e+00	0.000000e+00	7.906177e-02	6.705385e-01
7.906177e-02	0.000000e+00	0.000000e+00	0.000000e+00	0.000000e+00	0.000000e+00	0.000000e+00	0.000000e+00	0.000000e+00	0.000000e+00	0.000000e+00	0.000000e+00	0.000000e+00	0.000000e+00	0.000000e+00	0.000000e+00	0.000000e+00	0.000000e+00	0.000000e+00	0.000000e+00	0.000000e+00	0.000000e+00	0.000000e+00	0.000000e+00	0.000000e+00	0.000000e+00	0.000000e+00	2.021125e-04	0.000000e+00	0.000000e+00	7.906177e-02	6.705385e-01
7.906177e-02	0.000000e+00	0.000000e+00	0.000000e+00	0.000000e+00	0.000000e+00	0.000000e+00	0.000000e+00	0.000000e+00	0.000000e+00	0.000000e+00	0.000000e+00	0.000000e+00	0.000000e+00	0.000000e+00	0.000000e+00	0.000000e+00	0.000000e+00	0.000000e+00	0.000000e+00	0.000000e+00	0.000000e+00	0.000000e+00	0.000000e+00	0.000000e+00	0.000000e+00	0.000000e+00	2.021125e-04	0.000000e+00	0.000000e+00	7.906177e-02	6.705385e-01
7.906177e-02	0.000000e+00	0.000000e+00	0.000000e+00	0.000000e+00	0.000000e+00	0.000000e+00	0.000000e+00	0.000000e+00	0.000000e+00	0.000000e+00	0.000000e+00	0.000000e+00	0.000000e+00	0.000000e+00	0.000000e+00	0.000000e+00	0.000000e+00	0.000000e+00	0.000000e+00	0.000000e+00	0.000000e+00	0.000000e+00	0.000000e+00	0.000000e+00	0.000000e+00	0.000000e+00	2.021125e-04	0.000000e+00	0.000000e+00	7.906177e-02	6.705385e-01
7.906177e-02	0.000000e+00	0.000000e+00	0.000000e+00	0.000000e+00	0.000000e+00	0.000000e+00	0.000000e+00	0.000000e+00	0.000000e+00	0.000000e+00	0.000000e+00	0.000000e+00	0.000000e+00	0.000000e+00	0.000000e+00	0.000000e+00	0.000000e+00	0.000000e+00	0.000000e+00	0.000000e+00	0.000000e+00	0.000000e+00	0.000000e+00	0.000000e+00	0.000000e+00	0.000000e+00	2.021125e-04	0.000000e+00	0.000000e+00	7.906177e-02	6.705385e-01
7.906177e-02	0.000000e+00	0.000000e+00	0.000000e+00	0.000000e+00	0.000000e+00	0.000000e+00	0.000000e+00	0.000000e+00	0.000000e+00	0.000000e+00	0.000000e+00	0.000000e+00	0.000000e+00	0.000000e+00	0.000000e+00	0.000000e+00	0.000000e+00	0.000000e+00	0.000000e+00	0.000000e+00	0.000000e+00	0.000000e+00	0.000000e+00	0.000000e+00	0.000000e+00	0.000000e+00	2.021125e-04	0.000000e+00	0.000000e+00	7.906177e-02	6.705385e-01
7.906177e-02	0.000000e+00	0.000000e+00	0.000000e+00	0.000000e+00	0.000000e+00	0.000000e+00	0.000000e+00	0.000000e+00	0.000000e+00	0.000000e+00	0.000000e+00	0.000000e+00	0.000000e+00	0.000000e+00	0.000000e+00	0.000000e+00	0.000000e+00	0.000000e+00	0.000000e+00	0.000000e+00	0.000000e+00	0.000000e+00	0.000000e+00	0.000000e+00	0.000000e+00	0.000000e+00	2.021125e-04	0.000000e+00	0.000000e+00	7.906177e-02	6.705385e-01
6.606490e-02	0.000000e+00	0.000000e+00	2.921287e-03	0.000000e+00	0.000000e+00	0.000000e+00	1.250054e-04	0.000000e+00	0.000000e+00	0.000000e+00	0.000000e+00	0.000000e+00	0.000000e+00	2.792039e-03	0.000000e+00	3.821778e-03	0.000000e+00	0.000000e+00	0.000000e+00	2.028771e-02	0.000000e+00	0.000000e+00	1.819246e-04	0.000000e+00	0.000000e+00	0.000000e+00	0.000000e+00	0.000000e+00	0.000000e+00	6.606490e-02	6.932927e-01
6.606490e-02	0.000000e+00	0.000000e+00	2.921287e-03	0.000000e+00	0.000000e+00	0.000000e+00	1.250054e-04	0.000000e+00	0.000000e+00	0.000000e+00	0.000000e+00	0.000000e+00	0.000000e+00	2.792039e-03	0.000000e+00	3.821778e-03	0.000000e+00	0.000000e+00	0.000000e+00	2.028771e-02	0.000000e+00	0.000000e+00	1.819246e-04	0.000000e+00	0.000000e+00	0.000000e+00	0.000000e+00	0.000000e+00	0.000000e+00	6.606490e-02	6.932927e-01
5.306804e-02	0.000000e+00	0.000000e+00	1.485996e-03	0.000000e+00	0.000000e+00	0.000000e+00	1.250054e-04	0.000000e+00	0.000000e+00	4.291095e-02	0.000000e+00	0.000000e+00	0.000000e+00	2.792039e-03	0.000000e+00	7.643557e-03	0.000000e+00	0.000000e+00	0.000000e+00	0.000000e+00	0.000000e+00	0.000000e+00	9.096229e-05	0.000000e+00	0.000000e+00	0.000000e+00	1.010562e-04	0.000000e+00	0.000000e+00	5.306804e-02	7.319656e-01
5.306804e-02	0.000000e+00	0.000000e+00	1.485996e-03	0.000000e+00	0.000000e+00	0.000000e+00	1.250054e-04	0.000000e+00	0.000000e+00	4.291095e-02	0.000000e+00	0.000000e+00	0.000000e+00	2.792039e-03	0.000000e+00	7.643557e-03	0.000000e+00	0.000000e+00	0.000000e+00	0.000000e+00	0.000000e+00	0.000000e+00	9.096229e-05	0.000000e+00	0.000000e+00	0.000000e+00	1.010562e-04	0.000000e+00	0.000000e+00	5.306804e-02	7.319656e-01
4.463168e-02	0.000000e+00	0.000000e+00	3.114022e-03	0.000000e+00	0.000000e+00	0.000000e+00	3.365724e-05	0.000000e+00	0.000000e+00	5.576913e-02	0.000000e+00	7.300424e-04	0.000000e+00	0.000000e+00	1.265558e-02	0.000000e+00	0.000000e+00	0.000000e+00	3.849177e-03	0.000000e+00	1.334112e-03	0.000000e+00	0.000000e+00	0.000000e+00	0.000000e+00	0.000000e+00	0.000000e+00	1.002901e-03	0.000000e+00	4.463168e-02	7.665404e-01
3.905942e-02	0.000000e+00	0.000000e+00	2.971991e-03	0.000000e+00	0.000000e+00	0.000000e+00	1.064960e-04	0.000000e+00	0.000000e+00	3.774290e-02	0.000000e+00	0.000000e+00	0.000000e+00	3.454209e-03	0.000000e+00	4.497105e-02	0.000000e+00	0.000000e+00	0.000000e+00	0.000000e+00	0.000000e+00	0.000000e+00	1.819246e-04	0.000000e+00	0.000000e+00	0.000000e+00	0.000000e+00	0.000000e+00	0.000000e+00	3.905942e-02	7.906205e-01
2.749559e-02	0.000000e+00	0.000000e+00	3.306758e-03	0.000000e+00	0.000000e+00	0.000000e+00	5.096787e-05	0.000000e+00	0.000000e+00	1.628743e-02	0.000000e+00	0.000000e+00	0.000000e+00	0.000000e+00	3.085247e-02	0.000000e+00	0.000000e+00	0.000000e+00	0.000000e+00	0.000000e+00	0.000000e+00	0.000000e+00	2.425661e-04	0.000000e+00	0.000000e+00	2.971541e-03	0.000000e+00	0.000000e+00	7.064784e-20	2.749559e-02	8.285696e-01
2.197351e-02	0.000000e+00	0.000000e+00	3.895049e-03	0.000000e+00	0.000000e+00	0.000000e+00	1.250054e-04	0.000000e+00	0.000000e+00	5.324705e-02	0.000000e+00	0.000000e+00	0.000000e+00	2.314133e-03	0.000000e+00	5.611874e-04	0.000000e+00	0.000000e+00	0.000000e+00	0.000000e+00	0.000000e+00	0.000000e+00	2.425661e-04	0.000000e+00	0.000000e+00	0.000000e+00	0.000000e+00	0.000000e+00	0.000000e+00	2.197351e-02	8.551306e-01
1.616651e-02	0.000000e+00	0.000000e+00	3.697271e-03	0.000000e+00	0.000000e+00	0.000000e+00	0.000000e+00	0.000000e+00	0.000000e+00	1.502639e-02	0.000000e+00	0.000000e+00	0.000000e+00	5.222386e-05	2.452468e-02	0.000000e+00	0.000000e+00	0.000000e+00	0.000000e+00	0.000000e+00	0.000000e+00	0.000000e+00	3.638492e-04	0.000000e+00	0.000000e+00	0.000000e+00	2.021125e-04	0.000000e+00	6.796695e-20	1.616651e-02	8.777414e-01
5.988236e-03	0.000000e+00	0.000000e+00	3.676435e-03	0.000000e+00	0.000000e+00	0.000000e+00	1.492822e-04	0.000000e+00	0.000000e+00	5.324705e-02	0.000000e+00	2.041467e-03	0.000000e+00	5.222386e-05	0.000000e+00	2.293701e-02	0.000000e+00	0.000000e+00	0.000000e+00	2.028771e-02	0.000000e+00	0.000000e+00	2.425661e-04	0.000000e+00	0.000000e+00	0.000000e+00	0.000000e+00	2.557793e-03	0.000000e+00	5.988236e-03	9.528891e-01
0.000000e+00	0.000000e+00	0.000000e+00	2.921287e-03	0.000000e+00	0.000000e+00	0.000000e+00	6.731447e-05	0.000000e+00	0.000000e+00	0.000000e+00	0.000000e+00	0.000000e+00	0.000000e+00	2.792039e-03	0.000000e+00	1.619008e-02	0.000000e+00	0.000000e+00	7.698354e-03	0.000000e+00	2.668224e-03	0.000000e+00	2.425661e-04	0.000000e+00	0.000000e+00	0.000000e+00	0.000000e+00	0.000000e+00	0.000000e+00	0.000000e+00	1.010111e+00
