8.459706e-01	0.000000e+00	0.000000e+00	0.000000e+00	2.330020e-02	0.000000e+00	1.659144e-02	8.043731e-04	8.862714e-03	0.000000e+00	5.400485e-05	0.000000e+00	2.425442e-04	0.000000e+00	0.000000e+00	1.653027e-02	0.000000e+00	1.372995e-02	1.935372e-02	0.000000e+00	2.340891e-02	0.000000e+00	0.000000e+00	0.000000e+00	8.121680e-04	8.557376e-03	2.369838e-04	0.000000e+00	1.107859e-02	3.276683e-02	8.459706e-01	-7.290759e-01
8.459706e-01	0.000000e+00	0.000000e+00	0.000000e+00	2.330020e-02	0.000000e+00	1.659144e-02	8.043731e-04	8.862714e-03	0.000000e+00	5.400485e-05	0.000000e+00	2.425442e-04	0.000000e+00	0.000000e+00	1.653027e-02	0.000000e+00	1.372995e-02	1.935372e-02	0.000000e+00	2.340891e-02	0.000000e+00	0.000000e+00	0.000000e+00	8.121680e-04	8.557376e-03	2.369838e-04	0.000000e+00	1.107859e-02	3.276683e-02	8.459706e-01	-7.290759e-01
8.452500e-01	1.811814e-03	1.004572e-02	0.000000e+00	6.764573e-03	1.060462e-02	0.000000e+00	8.043731e-04	0.000000e+00	0.000000e+00	7.678815e-05	0.000000e+00	1.244047e-03	0.000000e+00	0.000000e+00	8.265137e-03	4.644479e-02	1.105467e-02	2.576055e-02	0.000000e+00	1.755668e-02	0.000000e+00	0.000000e+00	3.565083e-03	8.121680e-04	7.709412e-03	0.000000e+00	0.000000e+00	5.141669e-03	3.273339e-02	8.452500e-01	-7.229149e-01
8.452500e-01	1.811814e-03	1.004572e-02	0.000000e+00	6.764573e-03	1.060462e-02	0.000000e+00	8.043731e-04	0.000000e+00	0.000000e+00	7.678815e-05	0.000000e+00	1.244047e-03	0.000000e+00	0.000000e+00	8.265137e-03	4.644479e-02	1.105467e-02	2.576055e-02	0.000000e+00	1.755668e-02	0.000000e+00	0.000000e+00	3.565083e-03	8.121680e-04	7.709412e-03	0.000000e+00	0.000000e+00	5.141669e-03	3.273339e-02	8.452500e-01	-7.229149e-01
8.445294e-01	9.663010e-03	0.000000e+00	0.000000e+00	2.856153e-02	0.000000e+00	1.648405e-02	8.043731e-04	7.499219e-03	0.000000e+00	5.400485e-05	0.000000e+00	2.771934e-04	0.000000e+00	0.000000e+00	1.653027e-02	0.000000e+00	1.476119e-02	2.264471e-02	0.000000e+00	2.340891e-02	0.000000e+00	0.000000e+00	0.000000e+00	8.121680e-04	8.557376e-03	0.000000e+00	0.000000e+00	1.107859e-02	3.209797e-02	8.445294e-01	-7.182550e-01
8.445294e-01	9.663010e-03	0.000000e+00	0.000000e+00	2.856153e-02	0.000000e+00	1.648405e-02	8.043731e-04	7.499219e-03	0.000000e+00	5.400485e-05	0.000000e+00	2.771934e-04	0.000000e+00	0.000000e+00	1.653027e-02	0.000000e+00	1.476119e-02	2.264471e-02	0.000000e+00	2.340891e-02	0.000000e+00	0.000000e+00	0.000000e+00	8.121680e-04	8.557376e-03	0.000000e+00	0.000000e+00	1.107859e-02	3.209797e-02	8.445294e-01	-7.182550e-01
8.452500e-01	1.811814e-03	1.004572e-02	0.000000e+00	6.764573e-03	1.060462e-02	0.000000e+00	8.043731e-04	0.000000e+00	0.000000e+00	7.678815e-05	0.000000e+00	1.244047e-03	0.000000e+00	0.000000e+00	8.265137e-03	4.644479e-02	1.105467e-02	2.576055e-02	0.000000e+00	1.755668e-02	0.000000e+00	0.000000e+00	3.565083e-03	8.121680e-04	7.709412e-03	0.000000e+00	0.000000e+00	5.141669e-03	3.273339e-02	8.452500e-01	-7.229149e-01
8.417190e-01	1.811814e-03	1.004572e-02	0.000000e+00	0.000000e+00	0.000000e+00	8.349414e-03	6.535532e-04	6.817472e-04	0.000000e+00	5.400485e-05	0.000000e+00	1.244047e-03	0.000000e+00	0.000000e+00	4.132569e-03	2.741053e-02	1.099021e-02	1.883055e-02	0.000000e+00	4.182495e-02	0.000000e+00	0.000000e+00	1.782541e-03	8.121680e-04	8.557376e-03	0.000000e+00	0.000000e+00	5.141669e-03	3.261634e-02	8.417190e-01	-7.011322e-01
8.417190e-01	1.811814e-03	1.004572e-02	0.000000e+00	0.000000e+00	0.000000e+00	8.349414e-03	6.535532e-04	6.817472e-04	0.000000e+00	5.400485e-05	0.000000e+00	1.244047e-03	0.000000e+00	0.000000e+00	4.132569e-03	2.741053e-02	1.099021e-02	1.883055e-02	0.000000e+00	4.182495e-02	0.000000e+00	0.000000e+00	1.782541e-03	8.121680e-04	8.557376e-03	0.000000e+00	0.000000e+00	5.141669e-03	3.261634e-02	8.417190e-01	-7.011322e-01
8.417190e-01	1.811814e-03	1.004572e-02	0.000000e+00	0.000000e+00	0.000000e+00	8.349414e-03	6.535532e-04	6.817472e-04	0.000000e+00	5.400485e-05	0.000000e+00	1.244047e-03	0.000000e+00	0.000000e+00	4.132569e-03	2.741053e-02	1.099021e-02	1.883055e-02	0.000000e+00	4.182495e-02	0.000000e+00	0.000000e+00	1.782541e-03	8.121680e-04	8.557376e-03	0.000000e+00	0.000000e+00	5.141669e-03	3.261634e-02	8.417190e-01	-7.011322e-01
8.417190e-01	1.811814e-03	1.004572e-02	0.000000e+00	6.764573e-03	0.000000e+00	4.174707e-03	6.535532e-04	0.000000e+00	0.000000e+00	7.678815e-05	0.000000e+00	1.244047e-03	0.000000e+00	4.853001e-02	0.000000e+00	2.741053e-02	1.092576e-02	1.883055e-02	0.000000e+00	5.688520e-02	0.000000e+00	2.845951e-02	1.782541e-03	8.121680e-04	8.557376e-03	0.000000e+00	0.000000e+00	5.141669e-03	3.249929e-02	8.417190e-01	-6.856559e-01
8.399536e-01	1.811814e-03	0.000000e+00	0.000000e+00	6.764573e-03	5.302310e-03	1.878618e-02	4.273232e-04	0.000000e+00	0.000000e+00	5.400485e-05	0.000000e+00	6.306857e-04	0.000000e+00	0.000000e+00	0.000000e+00	0.000000e+00	1.155442e-02	8.435562e-03	5.912275e-03	3.136871e-02	0.000000e+00	4.268926e-02	9.879875e-03	8.121680e-04	8.133394e-03	0.000000e+00	0.000000e+00	5.141669e-03	3.238223e-02	8.399536e-01	-6.826069e-01
8.399536e-01	1.811814e-03	0.000000e+00	0.000000e+00	6.764573e-03	5.302310e-03	1.878618e-02	4.273232e-04	0.000000e+00	0.000000e+00	5.400485e-05	0.000000e+00	6.306857e-04	0.000000e+00	0.000000e+00	0.000000e+00	0.000000e+00	1.155442e-02	8.435562e-03	5.912275e-03	3.136871e-02	0.000000e+00	4.268926e-02	9.879875e-03	8.121680e-04	8.133394e-03	0.000000e+00	0.000000e+00	5.141669e-03	3.238223e-02	8.399536e-01	-6.826069e-01
8.381881e-01	0.000000e+00	5.022862e-03	0.000000e+00	0.000000e+00	1.060462e-02	1.148044e-02	6.158482e-04	3.408736e-04	0.000000e+00	6.539650e-05	0.000000e+00	1.244047e-03	0.000000e+00	0.000000e+00	4.132569e-03	8.376278e-03	1.130454e-02	1.190056e-02	0.000000e+00	1.170446e-02	0.000000e+00	7.114877e-03	4.939937e-03	8.121680e-04	8.769367e-03	0.000000e+00	0.000000e+00	5.141669e-03	3.255781e-02	8.381881e-01	-6.735558e-01
8.381881e-01	0.000000e+00	5.022862e-03	0.000000e+00	0.000000e+00	1.060462e-02	1.148044e-02	6.158482e-04	3.408736e-04	0.000000e+00	6.539650e-05	0.000000e+00	1.244047e-03	0.000000e+00	0.000000e+00	4.132569e-03	8.376278e-03	1.130454e-02	1.190056e-02	0.000000e+00	1.170446e-02	0.000000e+00	7.114877e-03	4.939937e-03	8.121680e-04	8.769367e-03	0.000000e+00	0.000000e+00	5.141669e-03	3.255781e-02	8.381881e-01	-6.735558e-01
8.381881e-01	1.811814e-03	1.350742e-02	1.322861e-02	0.000000e+00	5.302310e-03	1.878618e-02	6.158482e-04	8.521840e-04	0.000000e+00	6.539650e-05	0.000000e+00	1.491561e-03	6.210478e-03	0.000000e+00	0.000000e+00	4.188139e-03	8.004930e-03	1.239042e-02	2.035536e-02	2.926114e-03	0.000000e+00	4.026429e-02	1.986385e-03	8.121680e-04	8.769367e-03	3.722334e-03	6.521023e-04	5.141669e-03	3.255781e-02	8.381881e-01	-6.619513e-01
8.381881e-01	1.811814e-03	1.209332e-02	6.614305e-03	0.000000e+00	7.953465e-03	2.537754e-02	5.592907e-04	0.000000e+00	0.000000e+00	4.619946e-05	4.214054e-03	6.306857e-04	3.105239e-03	0.000000e+00	0.000000e+00	6.282208e-03	8.004930e-03	1.016806e-02	1.608996e-02	3.136871e-02	0.000000e+00	3.436190e-02	0.000000e+00	2.243789e-02	4.384683e-03	3.722334e-03	3.260511e-04	5.141669e-03	3.238223e-02	8.381881e-01	-6.561705e-01
8.381881e-01	1.811814e-03	1.209332e-02	6.614305e-03	0.000000e+00	7.953465e-03	2.537754e-02	5.592907e-04	0.000000e+00	0.000000e+00	4.619946e-05	4.214054e-03	6.306857e-04	3.105239e-03	0.000000e+00	0.000000e+00	6.282208e-03	8.004930e-03	1.016806e-02	1.608996e-02	3.136871e-02	0.000000e+00	3.436190e-02	0.000000e+00	2.243789e-02	4.384683e-03	3.722334e-03	3.260511e-04	5.141669e-03	3.238223e-02	8.381881e-01	-6.561705e-01
8.381881e-01	1.811814e-03	1.209332e-02	6.614305e-03	0.000000e+00	7.953465e-03	2.537754e-02	5.592907e-04	0.000000e+00	0.000000e+00	4.619946e-05	4.214054e-03	6.306857e-04	3.105239e-03	0.000000e+00	0.000000e+00	6.282208e-03	8.004930e-03	1.016806e-02	1.608996e-02	3.136871e-02	0.000000e+00	3.436190e-02	0.000000e+00	2.243789e-02	4.384683e-03	3.722334e-03	3.260511e-04	5.141669e-03	3.238223e-02	8.381881e-01	-6.561705e-01
8.361314e-01	2.264768e-03	1.138628e-02	1.883236e-02	1.014686e-02	8.616254e-03	1.197438e-02	1.539620e-04	1.022621e-03	0.000000e+00	6.539650e-05	8.428108e-03	7.427736e-04	0.000000e+00	9.104235e-05	0.000000e+00	7.329243e-03	1.010086e-02	0.000000e+00	2.030228e-02	1.275824e-02	0.000000e+00	3.141070e-02	1.336906e-03	0.000000e+00	2.192342e-03	3.462859e-03	0.000000e+00	5.141669e-03	1.171215e-03	8.361314e-01	-6.436558e-01
8.361314e-01	2.264768e-03	1.138628e-02	1.883236e-02	1.014686e-02	8.616254e-03	1.197438e-02	1.539620e-04	1.022621e-03	0.000000e+00	6.539650e-05	8.428108e-03	7.427736e-04	0.000000e+00	9.104235e-05	0.000000e+00	7.329243e-03	1.010086e-02	0.000000e+00	2.030228e-02	1.275824e-02	0.000000e+00	3.141070e-02	1.336906e-03	0.000000e+00	2.192342e-03	3.462859e-03	0.000000e+00	5.141669e-03	1.171215e-03	8.361314e-01	-6.436558e-01
8.361314e-01	2.264768e-03	1.138628e-02	1.883236e-02	1.014686e-02	8.616254e-03	1.197438e-02	1.539620e-04	1.022621e-03	0.000000e+00	6.539650e-05	8.428108e-03	7.427736e-04	0.000000e+00	9.104235e-05	0.000000e+00	7.329243e-03	1.010086e-02	0.000000e+00	2.030228e-02	1.275824e-02	0.000000e+00	3.141070e-02	1.336906e-03	0.000000e+00	2.192342e-03	3.462859e-03	0.000000e+00	5.141669e-03	1.171215e-03	8.361314e-01	-6.436558e-01
8.361314e-01	2.151530e-03	1.337688e-02	0.000000e+00	1.014686e-02	9.941832e-03	2.867321e-02	1.539620e-04	2.754428e-02	0.000000e+00	4.229677e-05	8.428108e-03	2.378788e-03	0.000000e+00	9.104235e-05	0.000000e+00	6.292033e-03	1.262607e-02	1.276681e-02	8.139659e-03	5.852228e-03	0.000000e+00	3.565018e-02	1.671133e-03	0.000000e+00	5.381037e-03	2.375954e-02	4.890767e-04	4.713573e-03	3.185515e-02	8.361314e-01	-6.292738e-01
8.348055e-01	1.358861e-03	1.138628e-02	0.000000e+00	6.764573e-03	9.279043e-03	2.867321e-02	5.310120e-04	6.817472e-04	0.000000e+00	4.229677e-05	8.428108e-03	1.019871e-03	0.000000e+00	0.000000e+00	0.000000e+00	8.376278e-03	6.733905e-03	1.190056e-02	1.182455e-02	5.852228e-03	0.000000e+00	3.141070e-02	8.912707e-04	0.000000e+00	0.000000e+00	3.722334e-03	4.890767e-04	5.141669e-03	3.244076e-02	8.348055e-01	-6.232769e-01
8.348055e-01	1.358861e-03	1.138628e-02	0.000000e+00	6.764573e-03	9.279043e-03	2.867321e-02	5.310120e-04	6.817472e-04	0.000000e+00	4.229677e-05	8.428108e-03	1.019871e-03	0.000000e+00	0.000000e+00	0.000000e+00	8.376278e-03	6.733905e-03	1.190056e-02	1.182455e-02	5.852228e-03	0.000000e+00	3.141070e-02	8.912707e-04	0.000000e+00	0.000000e+00	3.722334e-03	4.890767e-04	5.141669e-03	3.244076e-02	8.348055e-01	-6.232769e-01
8.348055e-01	1.358861e-03	1.138628e-02	0.000000e+00	6.764573e-03	9.279043e-03	2.867321e-02	5.310120e-04	6.817472e-04	0.000000e+00	4.229677e-05	8.428108e-03	1.019871e-03	0.000000e+00	0.000000e+00	0.000000e+00	8.376278e-03	6.733905e-03	1.190056e-02	1.182455e-02	5.852228e-03	0.000000e+00	3.141070e-02	8.912707e-04	0.000000e+00	0.000000e+00	3.722334e-03	4.890767e-04	5.141669e-03	3.244076e-02	8.348055e-01	-6.232769e-01
8.340746e-01	2.264768e-03	1.138628e-02	1.883236e-02	1.096171e-02	3.139526e-03	1.197438e-02	1.539620e-04	1.475341e-02	0.000000e+00	4.229677e-05	8.428108e-03	1.019871e-03	0.000000e+00	9.104235e-05	0.000000e+00	7.329243e-03	0.000000e+00	0.000000e+00	2.030228e-02	1.275824e-02	0.000000e+00	3.141070e-02	0.000000e+00	0.000000e+00	9.364698e-03	4.327780e-02	3.754488e-03	6.854051e-03	1.171215e-03	8.340746e-01	-6.076351e-01
8.331141e-01	1.358861e-03	1.103276e-02	0.000000e+00	1.014686e-02	9.941832e-03	2.867321e-02	5.168726e-04	1.022621e-03	0.000000e+00	4.229677e-05	8.428108e-03	1.214464e-03	0.000000e+00	0.000000e+00	0.000000e+00	9.423313e-03	6.098393e-03	1.276681e-02	1.182455e-02	5.852228e-03	0.000000e+00	3.141070e-02	1.336906e-03	0.000000e+00	0.000000e+00	3.722334e-03	4.890767e-04	5.141669e-03	3.244076e-02	8.331141e-01	-5.984246e-01
8.328845e-01	2.717722e-03	1.131274e-02	0.000000e+00	1.014686e-02	1.060462e-02	1.428767e-03	4.524599e-04	0.000000e+00	0.000000e+00	0.000000e+00	0.000000e+00	1.574066e-03	1.242096e-02	0.000000e+00	0.000000e+00	8.376278e-03	1.638864e-02	3.027095e-02	1.350392e-03	5.852228e-03	0.000000e+00	3.790208e-02	0.000000e+00	0.000000e+00	1.156412e-02	4.241283e-03	1.304205e-03	5.141669e-03	3.003980e-02	8.328845e-01	-5.932741e-01
8.331141e-01	1.585338e-03	7.051548e-03	0.000000e+00	1.014686e-02	9.941832e-03	2.867321e-02	5.168726e-04	7.888017e-03	0.000000e+00	4.229677e-05	8.428108e-03	2.378788e-03	1.521957e-02	0.000000e+00	0.000000e+00	9.423313e-03	1.047964e-03	1.276681e-02	8.139659e-03	5.852228e-03	0.000000e+00	2.293175e-02	6.684530e-04	1.456059e-02	5.381037e-03	2.375954e-02	4.890767e-04	5.997860e-03	3.185515e-02	8.331141e-01	-5.911747e-01
8.328845e-01	2.717722e-03	2.381684e-02	1.552521e-02	1.014686e-02	1.060462e-02	1.428767e-03	4.524599e-04	1.637921e-02	0.000000e+00	0.000000e+00	1.685622e-02	1.574066e-03	6.357251e-03	9.104235e-05	0.000000e+00	8.376278e-03	1.638864e-02	3.027095e-02	1.350392e-03	5.852228e-03	0.000000e+00	3.715409e-02	0.000000e+00	0.000000e+00	8.925956e-03	4.241283e-03	0.000000e+00	5.141669e-03	3.003980e-02	8.328845e-01	-5.844948e-01
8.321537e-01	0.000000e+00	1.131274e-02	3.088114e-02	0.000000e+00	1.060462e-02	4.723895e-02	4.524599e-04	0.000000e+00	0.000000e+00	0.000000e+00	1.685622e-02	1.574066e-03	1.720308e-02	7.283388e-04	0.000000e+00	8.376278e-03	0.000000e+00	5.460422e-03	1.350392e-03	0.000000e+00	0.000000e+00	9.574368e-03	0.000000e+00	2.419216e-02	0.000000e+00	4.241283e-03	1.304205e-03	5.141669e-03	3.003980e-02	8.321537e-01	-5.781980e-01
8.321537e-01	0.000000e+00	1.131274e-02	3.088114e-02	0.000000e+00	1.060462e-02	4.723895e-02	4.524599e-04	0.000000e+00	0.000000e+00	0.000000e+00	1.685622e-02	1.574066e-03	1.720308e-02	7.283388e-04	0.000000e+00	8.376278e-03	0.000000e+00	5.460422e-03	1.350392e-03	0.000000e+00	0.000000e+00	9.574368e-03	0.000000e+00	2.419216e-02	0.000000e+00	4.241283e-03	1.304205e-03	5.141669e-03	3.003980e-02	8.321537e-01	-5.781980e-01
8.314228e-01	2.717722e-03	3.423865e-03	1.552521e-02	3.382286e-03	4.465103e-03	0.000000e+00	1.005466e-04	1.475341e-02	0.000000e+00	0.000000e+00	1.685622e-02	3.071421e-03	3.043914e-02	9.104235e-05	0.000000e+00	8.376278e-03	0.000000e+00	0.000000e+00	1.293250e-02	0.000000e+00	0.000000e+00	1.445279e-02	0.000000e+00	2.912117e-02	1.295442e-02	4.353727e-02	4.243565e-03	6.854051e-03	0.000000e+00	8.314228e-01	-5.666961e-01
8.308484e-01	4.076582e-03	2.807279e-05	3.088114e-02	1.268357e-03	1.465112e-03	4.514767e-03	0.000000e+00	0.000000e+00	0.000000e+00	0.000000e+00	1.264216e-02	1.535711e-03	0.000000e+00	4.096906e-04	0.000000e+00	8.376278e-03	5.518657e-03	9.619791e-03	1.350392e-03	0.000000e+00	0.000000e+00	8.177297e-03	0.000000e+00	3.254774e-02	4.848541e-02	2.176864e-02	1.210602e-02	3.709012e-03	3.524445e-03	8.308484e-01	-5.601686e-01
8.308484e-01	4.076582e-03	2.807279e-05	3.088114e-02	1.268357e-03	1.465112e-03	4.514767e-03	0.000000e+00	0.000000e+00	0.000000e+00	0.000000e+00	1.264216e-02	1.535711e-03	0.000000e+00	4.096906e-04	0.000000e+00	8.376278e-03	5.518657e-03	9.619791e-03	1.350392e-03	0.000000e+00	0.000000e+00	8.177297e-03	0.000000e+00	3.254774e-02	4.848541e-02	2.176864e-02	1.210602e-02	3.709012e-03	3.524445e-03	8.308484e-01	-5.601686e-01
8.304829e-01	2.717722e-03	6.140499e-03	3.290643e-02	2.536715e-03	1.018602e-02	2.813424e-02	2.262299e-04	6.313878e-03	0.000000e+00	0.000000e+00	8.428108e-03	0.000000e+00	1.561951e-02	7.283388e-04	5.081594e-03	4.188139e-03	4.097161e-03	5.588526e-03	1.995582e-02	0.000000e+00	2.716686e-03	1.165865e-02	0.000000e+00	3.350980e-02	1.094019e-02	2.120641e-03	1.063634e-02	4.548188e-03	1.854435e-02	8.304829e-01	-5.480486e-01
8.304829e-01	2.717722e-03	6.140499e-03	3.290643e-02	2.536715e-03	1.018602e-02	2.813424e-02	2.262299e-04	6.313878e-03	0.000000e+00	0.000000e+00	8.428108e-03	0.000000e+00	1.561951e-02	7.283388e-04	5.081594e-03	4.188139e-03	4.097161e-03	5.588526e-03	1.995582e-02	0.000000e+00	2.716686e-03	1.165865e-02	0.000000e+00	3.350980e-02	1.094019e-02	2.120641e-03	1.063634e-02	4.548188e-03	1.854435e-02	8.304829e-01	-5.480486e-01
8.301175e-01	2.717722e-03	1.816047e-02	0.000000e+00	3.382286e-03	8.372069e-03	0.000000e+00	1.005466e-04	1.900473e-02	0.000000e+00	1.577892e-02	8.428108e-03	1.785270e-03	3.393272e-02	0.000000e+00	0.000000e+00	4.188139e-03	0.000000e+00	0.000000e+00	2.117412e-02	0.000000e+00	5.433371e-03	3.284836e-03	0.000000e+00	6.747986e-02	1.295442e-02	4.353727e-02	4.243565e-03	7.846782e-03	5.236700e-04	8.301175e-01	-5.359417e-01
8.304829e-01	2.717722e-03	6.140499e-03	3.290643e-02	2.536715e-03	1.018602e-02	2.813424e-02	2.262299e-04	6.313878e-03	0.000000e+00	0.000000e+00	8.428108e-03	0.000000e+00	1.561951e-02	7.283388e-04	5.081594e-03	4.188139e-03	4.097161e-03	5.588526e-03	1.995582e-02	0.000000e+00	2.716686e-03	1.165865e-02	0.000000e+00	3.350980e-02	1.094019e-02	2.120641e-03	1.063634e-02	4.548188e-03	1.854435e-02	8.304829e-01	-5.480486e-01
8.288122e-01	6.114873e-03	0.000000e+00	4.260969e-02	3.805072e-03	0.000000e+00	1.406712e-02	0.000000e+00	1.262776e-02	0.000000e+00	0.000000e+00	8.428108e-03	0.000000e+00	7.917849e-04	4.096906e-04	0.000000e+00	6.282208e-03	8.675192e-03	5.588526e-03	1.859944e-03	0.000000e+00	4.075028e-03	1.165865e-02	0.000000e+00	3.350980e-02	1.094019e-02	2.107217e-02	1.996847e-02	3.709012e-03	5.133876e-03	8.288122e-01	-5.243321e-01
8.288122e-01	6.114873e-03	0.000000e+00	4.260969e-02	3.805072e-03	0.000000e+00	1.406712e-02	0.000000e+00	1.262776e-02	0.000000e+00	0.000000e+00	8.428108e-03	0.000000e+00	7.917849e-04	4.096906e-04	0.000000e+00	6.282208e-03	8.675192e-03	5.588526e-03	1.859944e-03	0.000000e+00	4.075028e-03	1.165865e-02	0.000000e+00	3.350980e-02	1.094019e-02	2.107217e-02	1.996847e-02	3.709012e-03	5.133876e-03	8.288122e-01	-5.243321e-01
8.288122e-01	6.114873e-03	0.000000e+00	1.160159e-02	2.325322e-03	1.437205e-02	1.406712e-02	2.765033e-04	9.502365e-03	0.000000e+00	6.616392e-02	8.428108e-03	8.926349e-04	7.917849e-04	4.096906e-04	5.081594e-03	3.141104e-03	8.675192e-03	2.794263e-03	2.961291e-02	0.000000e+00	4.075028e-03	7.471744e-03	0.000000e+00	3.350980e-02	1.094019e-02	2.107217e-02	1.996847e-02	6.617073e-03	1.623924e-02	8.288122e-01	-5.098801e-01
8.288122e-01	0.000000e+00	8.280415e-03	1.160159e-02	4.012052e-02	1.932553e-02	1.406712e-02	6.284165e-05	9.502365e-03	0.000000e+00	0.000000e+00	8.428108e-03	1.056019e-04	7.917849e-04	4.096906e-04	4.319355e-02	0.000000e+00	3.302748e-03	0.000000e+00	7.111784e-02	0.000000e+00	0.000000e+00	7.471744e-03	0.000000e+00	3.350980e-02	6.996686e-03	0.000000e+00	1.996847e-02	6.617073e-03	2.157696e-02	8.288122e-01	-5.059650e-01
8.288122e-01	0.000000e+00	8.280415e-03	1.160159e-02	4.012052e-02	1.932553e-02	1.406712e-02	6.284165e-05	9.502365e-03	0.000000e+00	0.000000e+00	8.428108e-03	1.056019e-04	7.917849e-04	4.096906e-04	4.319355e-02	0.000000e+00	3.302748e-03	0.000000e+00	7.111784e-02	0.000000e+00	0.000000e+00	7.471744e-03	0.000000e+00	3.350980e-02	6.996686e-03	0.000000e+00	1.996847e-02	6.617073e-03	2.157696e-02	8.288122e-01	-5.059650e-01
8.276875e-01	0.000000e+00	8.280415e-03	1.816035e-02	4.012052e-02	1.932553e-02	9.290944e-03	3.142083e-05	9.502365e-03	0.000000e+00	0.000000e+00	8.428108e-03	8.014785e-04	7.917849e-04	4.779724e-04	4.319355e-02	0.000000e+00	4.013496e-03	0.000000e+00	4.144597e-02	0.000000e+00	0.000000e+00	1.391452e-02	0.000000e+00	4.887549e-02	9.628230e-03	5.855942e-04	1.996847e-02	5.548210e-03	1.431293e-02	8.276875e-01	-4.876830e-01
8.276875e-01	0.000000e+00	1.215048e-02	1.816035e-02	4.012052e-02	1.932553e-02	1.406712e-02	3.142083e-05	1.265930e-02	0.000000e+00	0.000000e+00	8.428108e-03	8.014785e-04	2.477612e-02	3.641694e-04	2.540797e-03	4.188139e-03	4.013496e-03	0.000000e+00	4.144597e-02	0.000000e+00	0.000000e+00	7.471744e-03	0.000000e+00	5.049483e-02	9.628230e-03	2.282896e-02	1.996847e-02	5.548210e-03	1.431293e-02	8.276875e-01	-4.847597e-01
8.259860e-01	6.114873e-03	6.579055e-02	1.910348e-02	0.000000e+00	1.841855e-02	9.029533e-03	9.426248e-06	2.243939e-03	0.000000e+00	0.000000e+00	0.000000e+00	2.994710e-03	1.403594e-02	1.707044e-04	0.000000e+00	0.000000e+00	1.254168e-03	5.716630e-03	0.000000e+00	0.000000e+00	1.358343e-03	0.000000e+00	0.000000e+00	9.072059e-03	1.225596e-02	2.342377e-03	1.532998e-02	2.256884e-03	0.000000e+00	8.259860e-01	-4.785857e-01
8.259860e-01	6.114873e-03	6.579055e-02	1.910348e-02	0.000000e+00	1.841855e-02	9.029533e-03	9.426248e-06	2.243939e-03	0.000000e+00	0.000000e+00	0.000000e+00	2.994710e-03	1.403594e-02	1.707044e-04	0.000000e+00	0.000000e+00	1.254168e-03	5.716630e-03	0.000000e+00	0.000000e+00	1.358343e-03	0.000000e+00	0.000000e+00	9.072059e-03	1.225596e-02	2.342377e-03	1.532998e-02	2.256884e-03	0.000000e+00	8.259860e-01	-4.785857e-01
8.259860e-01	6.114873e-03	6.579055e-02	1.910348e-02	0.000000e+00	1.841855e-02	9.029533e-03	9.426248e-06	2.243939e-03	0.000000e+00	0.000000e+00	0.000000e+00	2.994710e-03	1.403594e-02	1.707044e-04	0.000000e+00	0.000000e+00	1.254168e-03	5.716630e-03	0.000000e+00	0.000000e+00	1.358343e-03	0.000000e+00	0.000000e+00	9.072059e-03	1.225596e-02	2.342377e-03	1.532998e-02	2.256884e-03	0.000000e+00	8.259860e-01	-4.785857e-01
8.259860e-01	6.114873e-03	6.579055e-02	1.910348e-02	0.000000e+00	1.841855e-02	9.029533e-03	9.426248e-06	2.243939e-03	0.000000e+00	0.000000e+00	0.000000e+00	2.994710e-03	1.403594e-02	1.707044e-04	0.000000e+00	0.000000e+00	1.254168e-03	5.716630e-03	0.000000e+00	0.000000e+00	1.358343e-03	0.000000e+00	0.000000e+00	9.072059e-03	1.225596e-02	2.342377e-03	1.532998e-02	2.256884e-03	0.000000e+00	8.259860e-01	-4.785857e-01
8.243135e-01	0.000000e+00	6.140499e-03	1.450653e-02	5.073430e-03	9.236867e-03	0.000000e+00	0.000000e+00	1.262776e-02	0.000000e+00	0.000000e+00	2.874677e-02	1.497355e-03	9.030536e-03	3.641694e-04	2.032638e-02	0.000000e+00	1.254168e-03	1.771094e-03	1.177410e-02	0.000000e+00	2.716686e-03	2.035731e-02	0.000000e+00	0.000000e+00	1.225977e-02	1.171188e-03	1.069150e-02	4.685872e-03	7.048891e-03	8.243135e-01	-4.470190e-01
8.231888e-01	0.000000e+00	0.000000e+00	1.348784e-02	5.073430e-03	5.518223e-05	0.000000e+00	5.027332e-05	3.850930e-04	0.000000e+00	0.000000e+00	0.000000e+00	1.497355e-03	4.025131e-03	0.000000e+00	0.000000e+00	0.000000e+00	1.254168e-03	0.000000e+00	1.177410e-02	0.000000e+00	0.000000e+00	2.035731e-02	0.000000e+00	0.000000e+00	1.225977e-02	0.000000e+00	1.069150e-02	4.789135e-03	0.000000e+00	8.231888e-01	-4.407242e-01
8.231888e-01	0.000000e+00	1.404868e-02	1.630501e-03	5.073430e-03	8.967112e-05	0.000000e+00	5.027332e-05	0.000000e+00	0.000000e+00	0.000000e+00	0.000000e+00	1.497355e-03	4.025131e-03	0.000000e+00	0.000000e+00	0.000000e+00	1.254168e-03	0.000000e+00	1.177410e-02	3.770435e-03	0.000000e+00	2.035731e-02	0.000000e+00	0.000000e+00	3.986243e-02	0.000000e+00	1.591337e-03	4.789135e-03	2.482955e-02	8.231888e-01	-4.323107e-01
8.231888e-01	0.000000e+00	6.521118e-02	1.630501e-03	0.000000e+00	8.769584e-03	4.384061e-03	5.027332e-05	0.000000e+00	0.000000e+00	0.000000e+00	0.000000e+00	1.497355e-03	4.025131e-03	0.000000e+00	0.000000e+00	0.000000e+00	9.869232e-03	5.716630e-03	1.177410e-02	3.770435e-03	1.358343e-03	0.000000e+00	0.000000e+00	0.000000e+00	3.986243e-02	2.049580e-03	5.345749e-03	4.789135e-03	7.091629e-03	8.231888e-01	-4.249559e-01
8.231888e-01	0.000000e+00	6.521118e-02	1.630501e-03	0.000000e+00	8.769584e-03	4.384061e-03	5.027332e-05	0.000000e+00	0.000000e+00	0.000000e+00	0.000000e+00	1.497355e-03	4.025131e-03	0.000000e+00	0.000000e+00	0.000000e+00	9.869232e-03	5.716630e-03	1.177410e-02	3.770435e-03	1.358343e-03	0.000000e+00	0.000000e+00	0.000000e+00	3.986243e-02	2.049580e-03	5.345749e-03	4.789135e-03	7.091629e-03	8.231888e-01	-4.249559e-01
6.457307e-01	0.000000e+00	1.301492e-02	5.582948e-03	0.000000e+00	0.000000e+00	0.000000e+00	2.513666e-05	3.249222e-04	0.000000e+00	1.193414e-05	0.000000e+00	1.497355e-03	3.396204e-03	1.399858e-02	2.245449e-03	0.000000e+00	2.624099e-02	1.495219e-02	1.868736e-02	2.513623e-03	0.000000e+00	6.661105e-03	0.000000e+00	0.000000e+00	1.295821e-02	9.062677e-03	8.840760e-04	1.170186e-03	2.605176e-02	6.457307e-01	-4.136950e-01
6.457307e-01	0.000000e+00	1.301492e-02	5.582948e-03	0.000000e+00	0.000000e+00	0.000000e+00	2.513666e-05	3.249222e-04	0.000000e+00	1.193414e-05	0.000000e+00	1.497355e-03	3.396204e-03	1.399858e-02	2.245449e-03	0.000000e+00	2.624099e-02	1.495219e-02	1.868736e-02	2.513623e-03	0.000000e+00	6.661105e-03	0.000000e+00	0.000000e+00	1.295821e-02	9.062677e-03	8.840760e-04	1.170186e-03	2.605176e-02	6.457307e-01	-4.136950e-01
6.457307e-01	0.000000e+00	1.301492e-02	5.582948e-03	0.000000e+00	0.000000e+00	0.000000e+00	2.513666e-05	3.249222e-04	0.000000e+00	1.193414e-05	0.000000e+00	1.497355e-03	3.396204e-03	1.399858e-02	2.245449e-03	0.000000e+00	2.624099e-02	1.495219e-02	1.868736e-02	2.513623e-03	0.000000e+00	6.661105e-03	0.000000e+00	0.000000e+00	1.295821e-02	9.062677e-03	8.840760e-04	1.170186e-03	2.605176e-02	6.457307e-01	-4.136950e-01
6.457307e-01	0.000000e+00	1.301492e-02	5.582948e-03	0.000000e+00	0.000000e+00	0.000000e+00	2.513666e-05	3.249222e-04	0.000000e+00	1.193414e-05	0.000000e+00	1.497355e-03	3.396204e-03	1.399858e-02	2.245449e-03	0.000000e+00	2.624099e-02	1.495219e-02	1.868736e-02	2.513623e-03	0.000000e+00	6.661105e-03	0.000000e+00	0.000000e+00	1.295821e-02	9.062677e-03	8.840760e-04	1.170186e-03	2.605176e-02	6.457307e-01	-4.136950e-01
6.478811e-01	0.000000e+00	1.301492e-02	4.759333e-03	2.536715e-03	0.000000e+00	0.000000e+00	2.909024e-03	5.295029e-04	0.000000e+00	3.580243e-05	0.000000e+00	2.994710e-03	4.905629e-03	1.399858e-02	3.368173e-03	0.000000e+00	2.624099e-02	1.664034e-02	1.868736e-02	1.982542e-03	0.000000e+00	2.350086e-02	0.000000e+00	0.000000e+00	3.003744e-02	9.062677e-03	7.956684e-04	5.493894e-04	2.332741e-02	6.478811e-01	-4.139150e-01
6.478811e-01	0.000000e+00	1.301492e-02	4.759333e-03	2.536715e-03	0.000000e+00	0.000000e+00	2.909024e-03	5.295029e-04	0.000000e+00	3.580243e-05	0.000000e+00	2.994710e-03	4.905629e-03	1.399858e-02	3.368173e-03	0.000000e+00	2.624099e-02	1.664034e-02	1.868736e-02	1.982542e-03	0.000000e+00	2.350086e-02	0.000000e+00	0.000000e+00	3.003744e-02	9.062677e-03	7.956684e-04	5.493894e-04	2.332741e-02	6.478811e-01	-4.139150e-01
6.478811e-01	0.000000e+00	1.301492e-02	4.759333e-03	2.536715e-03	0.000000e+00	0.000000e+00	2.909024e-03	5.295029e-04	0.000000e+00	3.580243e-05	0.000000e+00	2.994710e-03	4.905629e-03	1.399858e-02	3.368173e-03	0.000000e+00	2.624099e-02	1.664034e-02	1.868736e-02	1.982542e-03	0.000000e+00	2.350086e-02	0.000000e+00	0.000000e+00	3.003744e-02	9.062677e-03	7.956684e-04	5.493894e-04	2.332741e-02	6.478811e-01	-4.139150e-01
6.478811e-01	0.000000e+00	1.301492e-02	4.759333e-03	2.536715e-03	0.000000e+00	0.000000e+00	2.909024e-03	5.295029e-04	0.000000e+00	3.580243e-05	0.000000e+00	2.994710e-03	4.905629e-03	1.399858e-02	3.368173e-03	0.000000e+00	2.624099e-02	1.664034e-02	1.868736e-02	1.982542e-03	0.000000e+00	2.350086e-02	0.000000e+00	0.000000e+00	3.003744e-02	9.062677e-03	7.956684e-04	5.493894e-04	2.332741e-02	6.478811e-01	-4.139150e-01
6.478811e-01	0.000000e+00	1.301492e-02	4.759333e-03	2.536715e-03	0.000000e+00	0.000000e+00	2.909024e-03	5.295029e-04	0.000000e+00	3.580243e-05	0.000000e+00	2.994710e-03	4.905629e-03	1.399858e-02	3.368173e-03	0.000000e+00	2.624099e-02	1.664034e-02	1.868736e-02	1.982542e-03	0.000000e+00	2.350086e-02	0.000000e+00	0.000000e+00	3.003744e-02	9.062677e-03	7.956684e-04	5.493894e-04	2.332741e-02	6.478811e-01	-4.139150e-01
6.478811e-01	0.000000e+00	1.301492e-02	4.759333e-03	2.536715e-03	0.000000e+00	0.000000e+00	2.909024e-03	5.295029e-04	0.000000e+00	3.580243e-05	0.000000e+00	2.994710e-03	4.905629e-03	1.399858e-02	3.368173e-03	0.000000e+00	2.624099e-02	1.664034e-02	1.868736e-02	1.982542e-03	0.000000e+00	2.350086e-02	0.000000e+00	0.000000e+00	3.003744e-02	9.062677e-03	7.956684e-04	5.493894e-04	2.332741e-02	6.478811e-01	-4.139150e-01
6.449691e-01	0.000000e+00	0.000000e+00	1.348784e-02	2.536715e-03	0.000000e+00	0.000000e+00	2.513666e-05	5.295029e-04	0.000000e+00	2.386828e-05	0.000000e+00	2.994710e-03	5.282985e-03	0.000000e+00	0.000000e+00	0.000000e+00	2.693082e-02	5.180495e-03	1.868736e-02	0.000000e+00	0.000000e+00	2.350086e-02	0.000000e+00	0.000000e+00	2.764990e-02	0.000000e+00	0.000000e+00	2.411778e-03	3.492072e-02	6.449691e-01	-4.092866e-01
6.449691e-01	0.000000e+00	2.535077e-02	1.348784e-02	2.536715e-03	3.448889e-05	0.000000e+00	2.513666e-05	5.295029e-04	0.000000e+00	3.580243e-05	0.000000e+00	2.994710e-03	4.905629e-03	1.055126e-02	0.000000e+00	0.000000e+00	2.942950e-02	1.723807e-03	1.868736e-02	0.000000e+00	0.000000e+00	2.350086e-02	0.000000e+00	0.000000e+00	2.764990e-02	0.000000e+00	0.000000e+00	2.411778e-03	3.492072e-02	6.449691e-01	-4.027415e-01
6.449691e-01	0.000000e+00	2.535077e-02	1.348784e-02	2.536715e-03	3.448889e-05	0.000000e+00	2.513666e-05	5.295029e-04	0.000000e+00	3.580243e-05	0.000000e+00	2.994710e-03	4.905629e-03	1.055126e-02	0.000000e+00	0.000000e+00	2.942950e-02	1.723807e-03	1.868736e-02	0.000000e+00	0.000000e+00	2.350086e-02	0.000000e+00	0.000000e+00	2.764990e-02	0.000000e+00	0.000000e+00	2.411778e-03	3.492072e-02	6.449691e-01	-4.027415e-01
6.428188e-01	0.000000e+00	2.535077e-02	1.348784e-02	2.536715e-03	4.828445e-05	0.000000e+00	2.909024e-03	5.295029e-04	0.000000e+00	3.580243e-05	0.000000e+00	2.994710e-03	4.905629e-03	1.055126e-02	3.368173e-03	0.000000e+00	2.942950e-02	3.565666e-05	1.868736e-02	0.000000e+00	0.000000e+00	2.350086e-02	0.000000e+00	0.000000e+00	3.003744e-02	0.000000e+00	8.840760e-05	2.411778e-03	3.764507e-02	6.428188e-01	-3.891049e-01
6.413969e-01	0.000000e+00	1.301492e-02	4.438704e-03	1.268357e-03	4.483556e-05	0.000000e+00	1.256833e-05	3.249222e-04	0.000000e+00	1.193414e-05	0.000000e+00	2.246033e-03	2.639320e-03	1.143680e-03	2.245449e-03	0.000000e+00	2.624099e-02	3.086235e-04	8.087090e-02	3.575785e-03	0.000000e+00	6.661105e-03	0.000000e+00	0.000000e+00	2.953899e-03	9.062677e-03	8.840760e-04	2.411778e-03	3.150046e-02	6.413969e-01	-3.829404e-01
6.413969e-01	0.000000e+00	1.301492e-02	4.438704e-03	1.268357e-03	4.483556e-05	0.000000e+00	1.256833e-05	3.249222e-04	0.000000e+00	1.193414e-05	0.000000e+00	2.246033e-03	2.639320e-03	1.143680e-03	2.245449e-03	0.000000e+00	2.624099e-02	3.086235e-04	8.087090e-02	3.575785e-03	0.000000e+00	6.661105e-03	0.000000e+00	0.000000e+00	2.953899e-03	9.062677e-03	8.840760e-04	2.411778e-03	3.150046e-02	6.413969e-01	-3.829404e-01
6.383587e-01	0.000000e+00	0.000000e+00	1.438520e-02	1.869444e-02	4.828445e-05	6.969599e-05	3.596979e-03	0.000000e+00	0.000000e+00	4.773657e-05	0.000000e+00	0.000000e+00	2.767278e-03	1.399858e-02	3.828306e-03	0.000000e+00	1.124890e-02	0.000000e+00	5.052268e-03	1.461073e-03	0.000000e+00	6.661105e-03	0.000000e+00	0.000000e+00	1.240860e-02	6.041785e-03	7.072608e-04	6.519883e-03	3.889785e-02	6.383587e-01	-3.676225e-01
6.383587e-01	0.000000e+00	3.270637e-02	1.438520e-02	6.341787e-04	4.828445e-05	6.969599e-05	0.000000e+00	1.113160e-04	2.571125e-02	1.842781e-03	0.000000e+00	0.000000e+00	4.179288e-03	1.445771e-02	3.828306e-03	0.000000e+00	2.470948e-02	6.495535e-03	0.000000e+00	1.461073e-03	0.000000e+00	6.661105e-03	4.456843e-03	0.000000e+00	1.240860e-02	0.000000e+00	2.993253e-03	4.108105e-03	1.278732e-02	6.383587e-01	-3.623929e-01
6.383587e-01	0.000000e+00	3.270637e-02	1.438520e-02	6.341787e-04	4.828445e-05	6.969599e-05	0.000000e+00	1.113160e-04	2.571125e-02	1.842781e-03	0.000000e+00	0.000000e+00	4.179288e-03	1.445771e-02	3.828306e-03	0.000000e+00	2.470948e-02	6.495535e-03	0.000000e+00	1.461073e-03	0.000000e+00	6.661105e-03	4.456843e-03	0.000000e+00	1.240860e-02	0.000000e+00	2.993253e-03	4.108105e-03	1.278732e-02	6.383587e-01	-3.623929e-01
6.383587e-01	0.000000e+00	3.270637e-02	1.438520e-02	6.341787e-04	4.828445e-05	6.969599e-05	0.000000e+00	1.113160e-04	2.571125e-02	1.842781e-03	0.000000e+00	0.000000e+00	4.179288e-03	1.445771e-02	3.828306e-03	0.000000e+00	2.470948e-02	6.495535e-03	0.000000e+00	1.461073e-03	0.000000e+00	6.661105e-03	4.456843e-03	0.000000e+00	1.240860e-02	0.000000e+00	2.993253e-03	4.108105e-03	1.278732e-02	6.383587e-01	-3.623929e-01
6.344338e-01	0.000000e+00	0.000000e+00	1.466050e-02	0.000000e+00	3.793778e-05	2.033052e-03	1.226508e-02	0.000000e+00	0.000000e+00	1.659965e-03	0.000000e+00	5.615082e-04	0.000000e+00	7.450105e-04	0.000000e+00	0.000000e+00	1.235474e-02	4.418114e-03	2.526134e-03	8.122415e-04	0.000000e+00	6.661105e-03	0.000000e+00	0.000000e+00	6.204300e-03	9.062677e-03	0.000000e+00	5.313994e-03	6.393660e-03	6.344338e-01	-3.405099e-01
6.344338e-01	0.000000e+00	0.000000e+00	1.466050e-02	0.000000e+00	3.793778e-05	2.033052e-03	1.226508e-02	0.000000e+00	0.000000e+00	1.659965e-03	0.000000e+00	5.615082e-04	0.000000e+00	7.450105e-04	0.000000e+00	0.000000e+00	1.235474e-02	4.418114e-03	2.526134e-03	8.122415e-04	0.000000e+00	6.661105e-03	0.000000e+00	0.000000e+00	6.204300e-03	9.062677e-03	0.000000e+00	5.313994e-03	6.393660e-03	6.344338e-01	-3.405099e-01
6.326133e-01	0.000000e+00	0.000000e+00	1.094614e-02	1.041584e-03	0.000000e+00	0.000000e+00	5.218496e-03	4.512809e-06	1.285563e-02	1.021675e-03	0.000000e+00	8.422623e-04	1.709573e-03	4.876961e-03	0.000000e+00	0.000000e+00	2.093008e-02	2.893972e-03	0.000000e+00	0.000000e+00	0.000000e+00	4.046798e-03	0.000000e+00	0.000000e+00	1.087105e-02	0.000000e+00	3.391087e-03	2.656997e-03	0.000000e+00	6.326133e-01	-3.202972e-01
6.326133e-01	0.000000e+00	0.000000e+00	1.094614e-02	1.041584e-03	0.000000e+00	0.000000e+00	5.218496e-03	4.512809e-06	1.285563e-02	1.021675e-03	0.000000e+00	8.422623e-04	1.709573e-03	4.876961e-03	0.000000e+00	0.000000e+00	2.093008e-02	2.893972e-03	0.000000e+00	0.000000e+00	0.000000e+00	4.046798e-03	0.000000e+00	0.000000e+00	1.087105e-02	0.000000e+00	3.391087e-03	2.656997e-03	0.000000e+00	6.326133e-01	-3.202972e-01
6.326133e-01	0.000000e+00	0.000000e+00	1.094614e-02	1.041584e-03	0.000000e+00	0.000000e+00	5.218496e-03	4.512809e-06	1.285563e-02	1.021675e-03	0.000000e+00	8.422623e-04	1.709573e-03	4.876961e-03	0.000000e+00	0.000000e+00	2.093008e-02	2.893972e-03	0.000000e+00	0.000000e+00	0.000000e+00	4.046798e-03	0.000000e+00	0.000000e+00	1.087105e-02	0.000000e+00	3.391087e-03	2.656997e-03	0.000000e+00	6.326133e-01	-3.202972e-01
6.305089e-01	0.000000e+00	0.000000e+00	7.952893e-03	0.000000e+00	2.759111e-05	3.996408e-03	2.453016e-02	0.000000e+00	0.000000e+00	1.477149e-03	0.000000e+00	5.615082e-04	2.564360e-03	7.450105e-04	0.000000e+00	0.000000e+00	0.000000e+00	2.340692e-03	0.000000e+00	9.347986e-04	0.000000e+00	6.661105e-03	0.000000e+00	0.000000e+00	0.000000e+00	9.062677e-03	9.775428e-03	6.519883e-03	0.000000e+00	6.305089e-01	-2.955044e-01
6.305089e-01	0.000000e+00	0.000000e+00	1.577844e-02	0.000000e+00	2.414222e-05	9.458742e-05	1.226508e-02	0.000000e+00	0.000000e+00	1.567811e-03	0.000000e+00	5.615082e-04	2.564360e-03	7.450105e-04	0.000000e+00	0.000000e+00	1.235474e-02	3.247768e-03	0.000000e+00	9.347986e-04	0.000000e+00	6.661105e-03	0.000000e+00	0.000000e+00	6.204300e-03	9.062677e-03	9.775428e-03	6.519883e-03	8.062530e-03	6.305089e-01	-2.918662e-01
6.305089e-01	0.000000e+00	0.000000e+00	1.577844e-02	0.000000e+00	2.414222e-05	9.458742e-05	1.226508e-02	0.000000e+00	0.000000e+00	1.567811e-03	0.000000e+00	5.615082e-04	2.564360e-03	7.450105e-04	0.000000e+00	0.000000e+00	1.235474e-02	3.247768e-03	0.000000e+00	9.347986e-04	0.000000e+00	6.661105e-03	0.000000e+00	0.000000e+00	6.204300e-03	9.062677e-03	9.775428e-03	6.519883e-03	8.062530e-03	6.305089e-01	-2.918662e-01
6.305089e-01	0.000000e+00	0.000000e+00	1.577844e-02	0.000000e+00	2.414222e-05	9.458742e-05	1.226508e-02	0.000000e+00	0.000000e+00	1.567811e-03	0.000000e+00	5.615082e-04	2.564360e-03	7.450105e-04	0.000000e+00	0.000000e+00	1.235474e-02	3.247768e-03	0.000000e+00	9.347986e-04	0.000000e+00	6.661105e-03	0.000000e+00	0.000000e+00	6.204300e-03	9.062677e-03	9.775428e-03	6.519883e-03	8.062530e-03	6.305089e-01	-2.918662e-01
6.305089e-01	0.000000e+00	0.000000e+00	1.577844e-02	0.000000e+00	2.414222e-05	9.458742e-05	1.226508e-02	0.000000e+00	0.000000e+00	1.567811e-03	0.000000e+00	5.615082e-04	2.564360e-03	7.450105e-04	0.000000e+00	0.000000e+00	1.235474e-02	3.247768e-03	0.000000e+00	9.347986e-04	0.000000e+00	6.661105e-03	0.000000e+00	0.000000e+00	6.204300e-03	9.062677e-03	9.775428e-03	6.519883e-03	8.062530e-03	6.305089e-01	-2.918662e-01
6.274772e-01	0.000000e+00	0.000000e+00	1.018876e-02	0.000000e+00	0.000000e+00	1.194788e-04	2.453016e-02	0.000000e+00	0.000000e+00	1.292841e-03	0.000000e+00	5.615082e-04	1.709573e-03	7.450105e-04	0.000000e+00	0.000000e+00	0.000000e+00	0.000000e+00	0.000000e+00	8.939462e-04	0.000000e+00	6.661105e-03	0.000000e+00	0.000000e+00	0.000000e+00	0.000000e+00	6.516952e-03	2.580216e-02	3.337739e-03	6.274772e-01	-2.534800e-01
6.270306e-01	0.000000e+00	0.000000e+00	0.000000e+00	0.000000e+00	0.000000e+00	0.000000e+00	5.267377e-03	0.000000e+00	0.000000e+00	1.477149e-03	0.000000e+00	1.403771e-04	0.000000e+00	1.862526e-04	0.000000e+00	1.071089e-02	0.000000e+00	1.038711e-03	0.000000e+00	0.000000e+00	0.000000e+00	6.661105e-03	0.000000e+00	4.174205e-02	0.000000e+00	0.000000e+00	1.303390e-02	6.450540e-03	0.000000e+00	6.270306e-01	-2.462676e-01
6.270306e-01	0.000000e+00	0.000000e+00	0.000000e+00	0.000000e+00	0.000000e+00	0.000000e+00	5.267377e-03	0.000000e+00	0.000000e+00	1.477149e-03	0.000000e+00	1.403771e-04	0.000000e+00	1.862526e-04	0.000000e+00	1.071089e-02	0.000000e+00	1.038711e-03	0.000000e+00	0.000000e+00	0.000000e+00	6.661105e-03	0.000000e+00	4.174205e-02	0.000000e+00	0.000000e+00	1.303390e-02	6.450540e-03	0.000000e+00	6.270306e-01	-2.462676e-01
6.270306e-01	0.000000e+00	0.000000e+00	0.000000e+00	0.000000e+00	0.000000e+00	0.000000e+00	5.267377e-03	0.000000e+00	0.000000e+00	1.477149e-03	0.000000e+00	1.403771e-04	0.000000e+00	1.862526e-04	0.000000e+00	1.071089e-02	0.000000e+00	1.038711e-03	0.000000e+00	0.000000e+00	0.000000e+00	6.661105e-03	0.000000e+00	4.174205e-02	0.000000e+00	0.000000e+00	1.303390e-02	6.450540e-03	0.000000e+00	6.270306e-01	-2.462676e-01
6.254367e-01	0.000000e+00	0.000000e+00	0.000000e+00	0.000000e+00	0.000000e+00	0.000000e+00	0.000000e+00	0.000000e+00	0.000000e+00	1.477149e-03	0.000000e+00	0.000000e+00	0.000000e+00	0.000000e+00	0.000000e+00	1.606633e-02	2.824134e-03	0.000000e+00	0.000000e+00	0.000000e+00	0.000000e+00	9.271523e-03	6.620589e-02	0.000000e+00	0.000000e+00	0.000000e+00	9.077183e-03	0.000000e+00	2.271872e-04	6.254367e-01	-2.192894e-01
6.254367e-01	0.000000e+00	0.000000e+00	0.000000e+00	0.000000e+00	0.000000e+00	0.000000e+00	0.000000e+00	0.000000e+00	0.000000e+00	1.477149e-03	0.000000e+00	0.000000e+00	0.000000e+00	0.000000e+00	0.000000e+00	1.606633e-02	2.824134e-03	0.000000e+00	0.000000e+00	0.000000e+00	0.000000e+00	9.271523e-03	6.620589e-02	0.000000e+00	0.000000e+00	0.000000e+00	9.077183e-03	0.000000e+00	2.271872e-04	6.254367e-01	-2.192894e-01
6.238428e-01	0.000000e+00	0.000000e+00	0.000000e+00	0.000000e+00	0.000000e+00	2.971649e-03	5.267377e-03	0.000000e+00	0.000000e+00	2.123569e-03	0.000000e+00	0.000000e+00	2.169430e-03	0.000000e+00	0.000000e+00	0.000000e+00	2.824134e-03	0.000000e+00	0.000000e+00	0.000000e+00	0.000000e+00	5.682198e-03	0.000000e+00	4.174205e-02	0.000000e+00	0.000000e+00	3.723973e-03	6.450540e-03	0.000000e+00	6.238428e-01	-2.008867e-01
6.238428e-01	0.000000e+00	0.000000e+00	0.000000e+00	0.000000e+00	0.000000e+00	2.971649e-03	5.267377e-03	0.000000e+00	0.000000e+00	2.123569e-03	0.000000e+00	0.000000e+00	2.169430e-03	0.000000e+00	0.000000e+00	0.000000e+00	2.824134e-03	0.000000e+00	0.000000e+00	0.000000e+00	0.000000e+00	5.682198e-03	0.000000e+00	4.174205e-02	0.000000e+00	0.000000e+00	3.723973e-03	6.450540e-03	0.000000e+00	6.238428e-01	-2.008867e-01
6.238428e-01	0.000000e+00	0.000000e+00	0.000000e+00	0.000000e+00	0.000000e+00	2.971649e-03	5.267377e-03	0.000000e+00	0.000000e+00	2.123569e-03	0.000000e+00	0.000000e+00	2.169430e-03	0.000000e+00	0.000000e+00	0.000000e+00	2.824134e-03	0.000000e+00	0.000000e+00	0.000000e+00	0.000000e+00	5.682198e-03	0.000000e+00	4.174205e-02	0.000000e+00	0.000000e+00	3.723973e-03	6.450540e-03	0.000000e+00	6.238428e-01	-2.008867e-01
6.238428e-01	0.000000e+00	0.000000e+00	0.000000e+00	0.000000e+00	0.000000e+00	2.971649e-03	5.267377e-03	0.000000e+00	0.000000e+00	2.123569e-03	0.000000e+00	0.000000e+00	2.169430e-03	0.000000e+00	0.000000e+00	0.000000e+00	2.824134e-03	0.000000e+00	0.000000e+00	0.000000e+00	0.000000e+00	5.682198e-03	0.000000e+00	4.174205e-02	0.000000e+00	0.000000e+00	3.723973e-03	6.450540e-03	0.000000e+00	6.238428e-01	-2.008867e-01
6.238428e-01	0.000000e+00	0.000000e+00	0.000000e+00	0.000000e+00	0.000000e+00	2.971649e-03	5.267377e-03	0.000000e+00	0.000000e+00	2.123569e-03	0.000000e+00	0.000000e+00	2.169430e-03	0.000000e+00	0.000000e+00	0.000000e+00	2.824134e-03	0.000000e+00	0.000000e+00	0.000000e+00	0.000000e+00	5.682198e-03	0.000000e+00	4.174205e-02	0.000000e+00	0.000000e+00	3.723973e-03	6.450540e-03	0.000000e+00	6.238428e-01	-2.008867e-01
6.238428e-01	0.000000e+00	0.000000e+00	0.000000e+00	0.000000e+00	0.000000e+00	2.971649e-03	5.267377e-03	0.000000e+00	0.000000e+00	2.123569e-03	0.000000e+00	0.000000e+00	2.169430e-03	0.000000e+00	0.000000e+00	0.000000e+00	2.824134e-03	0.000000e+00	0.000000e+00	0.000000e+00	0.000000e+00	5.682198e-03	0.000000e+00	4.174205e-02	0.000000e+00	0.000000e+00	3.723973e-03	6.450540e-03	0.000000e+00	6.238428e-01	-2.008867e-01
6.205098e-01	0.000000e+00	0.000000e+00	0.000000e+00	0.000000e+00	0.000000e+00	2.971649e-03	1.139992e-02	0.000000e+00	0.000000e+00	1.431818e-03	0.000000e+00	0.000000e+00	1.939502e-03	0.000000e+00	0.000000e+00	6.768107e-02	0.000000e+00	0.000000e+00	0.000000e+00	0.000000e+00	0.000000e+00	1.449236e-02	0.000000e+00	4.174205e-02	0.000000e+00	0.000000e+00	2.792979e-03	1.290108e-02	0.000000e+00	6.205098e-01	-1.306150e-01
4.519345e-01	0.000000e+00	0.000000e+00	0.000000e+00	0.000000e+00	0.000000e+00	2.971649e-03	2.201107e-03	0.000000e+00	0.000000e+00	1.499814e-03	0.000000e+00	0.000000e+00	2.456841e-03	0.000000e+00	0.000000e+00	0.000000e+00	2.824134e-03	0.000000e+00	0.000000e+00	0.000000e+00	0.000000e+00	0.000000e+00	0.000000e+00	0.000000e+00	0.000000e+00	0.000000e+00	4.189469e-03	0.000000e+00	0.000000e+00	4.519345e-01	-1.200329e-01
4.519345e-01	0.000000e+00	0.000000e+00	0.000000e+00	0.000000e+00	0.000000e+00	2.971649e-03	2.201107e-03	0.000000e+00	0.000000e+00	1.499814e-03	0.000000e+00	0.000000e+00	2.456841e-03	0.000000e+00	0.000000e+00	0.000000e+00	2.824134e-03	0.000000e+00	0.000000e+00	0.000000e+00	0.000000e+00	0.000000e+00	0.000000e+00	0.000000e+00	0.000000e+00	0.000000e+00	4.189469e-03	0.000000e+00	0.000000e+00	4.519345e-01	-1.200329e-01
4.519345e-01	0.000000e+00	0.000000e+00	0.000000e+00	0.000000e+00	0.000000e+00	2.971649e-03	2.201107e-03	0.000000e+00	0.000000e+00	1.499814e-03	0.000000e+00	0.000000e+00	2.456841e-03	0.000000e+00	0.000000e+00	0.000000e+00	2.697097e-03	0.000000e+00	0.000000e+00	0.000000e+00	0.000000e+00	0.000000e+00	0.000000e+00	0.000000e+00	0.000000e+00	0.000000e+00	4.189469e-03	0.000000e+00	0.000000e+00	4.519345e-01	-1.200591e-01
4.519345e-01	0.000000e+00	0.000000e+00	0.000000e+00	0.000000e+00	0.000000e+00	2.971649e-03	2.201107e-03	0.000000e+00	0.000000e+00	1.499814e-03	0.000000e+00	0.000000e+00	2.456841e-03	0.000000e+00	0.000000e+00	0.000000e+00	2.697097e-03	0.000000e+00	0.000000e+00	0.000000e+00	0.000000e+00	0.000000e+00	0.000000e+00	0.000000e+00	0.000000e+00	0.000000e+00	4.189469e-03	0.000000e+00	0.000000e+00	4.519345e-01	-1.200591e-01
4.519345e-01	0.000000e+00	0.000000e+00	0.000000e+00	0.000000e+00	0.000000e+00	2.971649e-03	2.201107e-03	0.000000e+00	0.000000e+00	1.499814e-03	0.000000e+00	0.000000e+00	2.456841e-03	0.000000e+00	0.000000e+00	0.000000e+00	2.697097e-03	0.000000e+00	0.000000e+00	0.000000e+00	0.000000e+00	0.000000e+00	0.000000e+00	0.000000e+00	0.000000e+00	0.000000e+00	4.189469e-03	0.000000e+00	0.000000e+00	4.519345e-01	-1.200591e-01
4.519345e-01	0.000000e+00	0.000000e+00	0.000000e+00	0.000000e+00	0.000000e+00	2.971649e-03	2.201107e-03	0.000000e+00	0.000000e+00	1.499814e-03	0.000000e+00	0.000000e+00	2.456841e-03	0.000000e+00	0.000000e+00	0.000000e+00	2.697097e-03	0.000000e+00	0.000000e+00	0.000000e+00	0.000000e+00	0.000000e+00	0.000000e+00	0.000000e+00	0.000000e+00	0.000000e+00	4.189469e-03	0.000000e+00	0.000000e+00	4.519345e-01	-1.200591e-01
4.519345e-01	0.000000e+00	0.000000e+00	0.000000e+00	0.000000e+00	0.000000e+00	2.971649e-03	2.201107e-03	0.000000e+00	0.000000e+00	1.499814e-03	0.000000e+00	0.000000e+00	2.456841e-03	0.000000e+00	0.000000e+00	0.000000e+00	2.697097e-03	0.000000e+00	0.000000e+00	0.000000e+00	0.000000e+00	0.000000e+00	0.000000e+00	0.000000e+00	0.000000e+00	0.000000e+00	4.189469e-03	0.000000e+00	0.000000e+00	4.519345e-01	-1.200591e-01
4.519345e-01	0.000000e+00	0.000000e+00	0.000000e+00	0.000000e+00	0.000000e+00	2.971649e-03	2.201107e-03	0.000000e+00	0.000000e+00	1.499814e-03	0.000000e+00	0.000000e+00	2.456841e-03	0.000000e+00	0.000000e+00	0.000000e+00	2.697097e-03	0.000000e+00	0.000000e+00	0.000000e+00	0.000000e+00	0.000000e+00	0.000000e+00	0.000000e+00	0.000000e+00	0.000000e+00	4.189469e-03	0.000000e+00	0.000000e+00	4.519345e-01	-1.200591e-01
4.519345e-01	0.000000e+00	0.000000e+00	0.000000e+00	0.000000e+00	0.000000e+00	2.971649e-03	2.201107e-03	0.000000e+00	0.000000e+00	1.499814e-03	0.000000e+00	0.000000e+00	2.456841e-03	0.000000e+00	0.000000e+00	0.000000e+00	2.697097e-03	0.000000e+00	0.000000e+00	0.000000e+00	0.000000e+00	0.000000e+00	0.000000e+00	0.000000e+00	0.000000e+00	0.000000e+00	4.189469e-03	0.000000e+00	0.000000e+00	4.519345e-01	-1.200591e-01
4.519345e-01	0.000000e+00	0.000000e+00	0.000000e+00	0.000000e+00	0.000000e+00	2.971649e-03	2.201107e-03	0.000000e+00	0.000000e+00	1.499814e-03	0.000000e+00	0.000000e+00	2.456841e-03	0.000000e+00	0.000000e+00	0.000000e+00	2.697097e-03	0.000000e+00	0.000000e+00	0.000000e+00	0.000000e+00	0.000000e+00	0.000000e+00	0.000000e+00	0.000000e+00	0.000000e+00	4.189469e-03	0.000000e+00	0.000000e+00	4.519345e-01	-1.200591e-01
4.519345e-01	0.000000e+00	0.000000e+00	0.000000e+00	0.000000e+00	0.000000e+00	2.971649e-03	2.201107e-03	0.000000e+00	0.000000e+00	1.499814e-03	0.000000e+00	0.000000e+00	2.456841e-03	0.000000e+00	0.000000e+00	0.000000e+00	2.697097e-03	0.000000e+00	0.000000e+00	0.000000e+00	0.000000e+00	0.000000e+00	0.000000e+00	0.000000e+00	0.000000e+00	0.000000e+00	4.189469e-03	0.000000e+00	0.000000e+00	4.519345e-01	-1.200591e-01
4.519345e-01	0.000000e+00	0.000000e+00	0.000000e+00	0.000000e+00	0.000000e+00	2.971649e-03	2.201107e-03	0.000000e+00	0.000000e+00	1.499814e-03	0.000000e+00	0.000000e+00	2.456841e-03	0.000000e+00	0.000000e+00	0.000000e+00	2.697097e-03	0.000000e+00	0.000000e+00	0.000000e+00	0.000000e+00	0.000000e+00	0.000000e+00	0.000000e+00	0.000000e+00	0.000000e+00	4.189469e-03	0.000000e+00	0.000000e+00	4.519345e-01	-1.200591e-01
4.519345e-01	0.000000e+00	0.000000e+00	0.000000e+00	0.000000e+00	0.000000e+00	2.971649e-03	2.201107e-03	0.000000e+00	0.000000e+00	1.499814e-03	0.000000e+00	0.000000e+00	2.456841e-03	0.000000e+00	0.000000e+00	0.000000e+00	2.697097e-03	0.000000e+00	0.000000e+00	0.000000e+00	0.000000e+00	0.000000e+00	0.000000e+00	0.000000e+00	0.000000e+00	0.000000e+00	4.189469e-03	0.000000e+00	0.000000e+00	4.519345e-01	-1.200591e-01
4.519345e-01	0.000000e+00	0.000000e+00	0.000000e+00	0.000000e+00	0.000000e+00	2.971649e-03	2.201107e-03	0.000000e+00	0.000000e+00	1.499814e-03	0.000000e+00	0.000000e+00	2.456841e-03	0.000000e+00	0.000000e+00	0.000000e+00	2.697097e-03	0.000000e+00	0.000000e+00	0.000000e+00	0.000000e+00	0.000000e+00	0.000000e+00	0.000000e+00	0.000000e+00	0.000000e+00	4.189469e-03	0.000000e+00	0.000000e+00	4.519345e-01	-1.200591e-01
4.519345e-01	0.000000e+00	0.000000e+00	0.000000e+00	0.000000e+00	0.000000e+00	2.971649e-03	2.201107e-03	0.000000e+00	0.000000e+00	1.499814e-03	0.000000e+00	0.000000e+00	2.456841e-03	0.000000e+00	0.000000e+00	0.000000e+00	2.697097e-03	0.000000e+00	0.000000e+00	0.000000e+00	0.000000e+00	0.000000e+00	0.000000e+00	0.000000e+00	0.000000e+00	0.000000e+00	4.189469e-03	0.000000e+00	0.000000e+00	4.519345e-01	-1.200591e-01
4.519345e-01	0.000000e+00	0.000000e+00	0.000000e+00	0.000000e+00	0.000000e+00	2.971649e-03	2.201107e-03	0.000000e+00	0.000000e+00	1.499814e-03	0.000000e+00	0.000000e+00	2.456841e-03	0.000000e+00	0.000000e+00	0.000000e+00	2.697097e-03	0.000000e+00	0.000000e+00	0.000000e+00	0.000000e+00	0.000000e+00	0.000000e+00	0.000000e+00	0.000000e+00	0.000000e+00	4.189469e-03	0.000000e+00	0.000000e+00	4.519345e-01	-1.200591e-01
4.484949e-01	0.000000e+00	0.000000e+00	9.246168e-04	0.000000e+00	0.000000e+00	2.971649e-03	3.038871e-04	6.818163e-04	0.000000e+00	1.477149e-03	3.317204e-03	0.000000e+00	2.169430e-03	0.000000e+00	0.000000e+00	0.000000e+00	2.824134e-03	9.464218e-05	1.174985e-04	0.000000e+00	0.000000e+00	4.929271e-03	0.000000e+00	0.000000e+00	0.000000e+00	0.000000e+00	3.723973e-03	0.000000e+00	3.123824e-04	4.484949e-01	-1.127639e-01
4.474630e-01	0.000000e+00	0.000000e+00	0.000000e+00	0.000000e+00	0.000000e+00	2.971649e-03	0.000000e+00	0.000000e+00	0.000000e+00	1.499814e-03	9.951612e-03	0.000000e+00	1.627073e-03	0.000000e+00	0.000000e+00	0.000000e+00	1.892122e-03	0.000000e+00	1.174985e-04	0.000000e+00	0.000000e+00	0.000000e+00	0.000000e+00	0.000000e+00	0.000000e+00	0.000000e+00	4.189469e-03	0.000000e+00	0.000000e+00	4.474630e-01	-1.103699e-01
4.453993e-01	0.000000e+00	0.000000e+00	0.000000e+00	1.166900e-03	0.000000e+00	3.814348e-03	0.000000e+00	0.000000e+00	0.000000e+00	1.292505e-03	1.492742e-02	0.000000e+00	2.440609e-03	0.000000e+00	0.000000e+00	0.000000e+00	1.736987e-03	0.000000e+00	5.158473e-05	0.000000e+00	0.000000e+00	0.000000e+00	0.000000e+00	0.000000e+00	0.000000e+00	0.000000e+00	6.801341e-03	0.000000e+00	1.703904e-04	4.453993e-01	-1.014287e-01
4.433355e-01	0.000000e+00	0.000000e+00	0.000000e+00	0.000000e+00	0.000000e+00	2.971649e-03	2.201107e-03	1.022724e-03	0.000000e+00	1.477149e-03	1.990322e-02	0.000000e+00	3.254145e-03	0.000000e+00	0.000000e+00	0.000000e+00	4.236202e-03	0.000000e+00	0.000000e+00	0.000000e+00	0.000000e+00	0.000000e+00	0.000000e+00	0.000000e+00	0.000000e+00	0.000000e+00	1.489589e-03	0.000000e+00	7.099600e-05	4.433355e-01	-9.189489e-02
4.433355e-01	0.000000e+00	0.000000e+00	0.000000e+00	0.000000e+00	0.000000e+00	2.971649e-03	2.201107e-03	1.022724e-03	0.000000e+00	1.477149e-03	1.990322e-02	0.000000e+00	3.254145e-03	0.000000e+00	0.000000e+00	0.000000e+00	4.236202e-03	0.000000e+00	0.000000e+00	0.000000e+00	0.000000e+00	0.000000e+00	0.000000e+00	0.000000e+00	0.000000e+00	0.000000e+00	1.489589e-03	0.000000e+00	7.099600e-05	4.433355e-01	-9.189489e-02
4.381761e-01	0.000000e+00	0.000000e+00	9.246168e-04	0.000000e+00	0.000000e+00	1.672792e-02	2.127210e-03	0.000000e+00	0.000000e+00	1.477149e-03	0.000000e+00	0.000000e+00	2.915172e-03	0.000000e+00	0.000000e+00	0.000000e+00	1.864025e-03	9.464218e-05	9.170618e-05	0.000000e+00	0.000000e+00	9.858542e-03	0.000000e+00	0.000000e+00	0.000000e+00	0.000000e+00	3.723973e-03	0.000000e+00	2.271872e-04	4.381761e-01	-6.191618e-02
4.361123e-01	0.000000e+00	0.000000e+00	0.000000e+00	0.000000e+00	0.000000e+00	2.971649e-03	0.000000e+00	6.818163e-04	0.000000e+00	2.954298e-03	1.326882e-02	0.000000e+00	1.830457e-03	0.000000e+00	0.000000e+00	0.000000e+00	0.000000e+00	0.000000e+00	9.170618e-05	0.000000e+00	0.000000e+00	0.000000e+00	0.000000e+00	0.000000e+00	0.000000e+00	0.000000e+00	5.171012e-03	0.000000e+00	3.123824e-04	4.361123e-01	-4.997009e-02
4.361123e-01	0.000000e+00	0.000000e+00	0.000000e+00	0.000000e+00	0.000000e+00	2.971649e-03	0.000000e+00	6.818163e-04	0.000000e+00	2.954298e-03	1.326882e-02	0.000000e+00	1.830457e-03	0.000000e+00	0.000000e+00	0.000000e+00	0.000000e+00	0.000000e+00	9.170618e-05	0.000000e+00	0.000000e+00	0.000000e+00	0.000000e+00	0.000000e+00	0.000000e+00	0.000000e+00	5.171012e-03	0.000000e+00	3.123824e-04	4.361123e-01	-4.997009e-02
4.338766e-01	0.000000e+00	0.000000e+00	0.000000e+00	0.000000e+00	0.000000e+00	2.971649e-03	2.201107e-03	0.000000e+00	0.000000e+00	1.499814e-03	0.000000e+00	0.000000e+00	2.456841e-03	0.000000e+00	0.000000e+00	0.000000e+00	0.000000e+00	0.000000e+00	0.000000e+00	0.000000e+00	4.418775e-02	0.000000e+00	0.000000e+00	0.000000e+00	0.000000e+00	0.000000e+00	4.189469e-03	0.000000e+00	0.000000e+00	4.338766e-01	-2.609381e-02
4.338766e-01	0.000000e+00	0.000000e+00	8.921107e-04	9.167359e-03	2.923032e-02	1.328885e-02	1.873971e-03	1.535899e-02	0.000000e+00	1.499814e-03	1.514941e-03	0.000000e+00	0.000000e+00	0.000000e+00	3.078584e-04	0.000000e+00	0.000000e+00	0.000000e+00	0.000000e+00	0.000000e+00	0.000000e+00	0.000000e+00	0.000000e+00	0.000000e+00	1.354764e-02	0.000000e+00	5.445946e-03	3.249360e-03	0.000000e+00	4.338766e-01	-1.816658e-02
4.307236e-01	0.000000e+00	0.000000e+00	2.708838e-03	1.166900e-03	0.000000e+00	3.814348e-03	1.620731e-03	0.000000e+00	0.000000e+00	1.292505e-03	6.347085e-03	0.000000e+00	0.000000e+00	0.000000e+00	0.000000e+00	0.000000e+00	1.736987e-03	0.000000e+00	5.158473e-05	0.000000e+00	0.000000e+00	0.000000e+00	0.000000e+00	0.000000e+00	9.031757e-03	0.000000e+00	6.801341e-03	0.000000e+00	1.703904e-04	4.307236e-01	-3.169615e-03
4.317528e-01	0.000000e+00	0.000000e+00	0.000000e+00	2.152303e-03	0.000000e+00	1.145922e-02	2.177858e-03	3.409081e-04	0.000000e+00	0.000000e+00	1.658602e-03	0.000000e+00	1.999943e-03	0.000000e+00	0.000000e+00	0.000000e+00	9.320126e-04	0.000000e+00	2.711967e-02	2.914352e-03	0.000000e+00	4.929271e-03	0.000000e+00	0.000000e+00	0.000000e+00	0.000000e+00	1.488134e-03	1.624680e-03	1.135936e-04	4.317528e-01	-7.508975e-03
4.317528e-01	0.000000e+00	0.000000e+00	0.000000e+00	2.152303e-03	0.000000e+00	1.145922e-02	2.177858e-03	3.409081e-04	0.000000e+00	0.000000e+00	1.658602e-03	0.000000e+00	1.999943e-03	0.000000e+00	0.000000e+00	0.000000e+00	9.320126e-04	0.000000e+00	2.711967e-02	2.914352e-03	0.000000e+00	4.929271e-03	0.000000e+00	0.000000e+00	0.000000e+00	0.000000e+00	1.488134e-03	1.624680e-03	1.135936e-04	4.317528e-01	-7.508975e-03
4.271694e-01	0.000000e+00	0.000000e+00	0.000000e+00	2.152303e-03	0.000000e+00	0.000000e+00	1.620731e-03	3.409081e-04	0.000000e+00	1.477149e-03	1.990322e-02	0.000000e+00	1.593175e-03	0.000000e+00	5.321552e-03	0.000000e+00	0.000000e+00	7.863674e-04	0.000000e+00	0.000000e+00	0.000000e+00	4.929271e-03	0.000000e+00	0.000000e+00	0.000000e+00	1.001115e-04	1.234293e-03	1.624680e-03	1.135936e-04	4.271694e-01	3.311543e-02
4.254496e-01	0.000000e+00	0.000000e+00	4.460554e-04	0.000000e+00	0.000000e+00	1.237403e-02	2.025914e-03	7.849947e-03	0.000000e+00	1.107862e-03	1.586771e-03	0.000000e+00	1.830457e-03	0.000000e+00	0.000000e+00	0.000000e+00	0.000000e+00	0.000000e+00	1.630662e-02	0.000000e+00	0.000000e+00	6.161589e-03	0.000000e+00	0.000000e+00	0.000000e+00	0.000000e+00	0.000000e+00	0.000000e+00	2.697848e-04	4.254496e-01	5.314535e-02
4.254496e-01	0.000000e+00	0.000000e+00	4.460554e-04	0.000000e+00	0.000000e+00	1.237403e-02	2.025914e-03	7.849947e-03	0.000000e+00	1.107862e-03	1.586771e-03	0.000000e+00	1.830457e-03	0.000000e+00	0.000000e+00	0.000000e+00	0.000000e+00	0.000000e+00	1.630662e-02	0.000000e+00	0.000000e+00	6.161589e-03	0.000000e+00	0.000000e+00	0.000000e+00	0.000000e+00	0.000000e+00	0.000000e+00	2.697848e-04	4.254496e-01	5.314535e-02
4.233512e-01	0.000000e+00	0.000000e+00	9.246168e-04	2.917251e-04	0.000000e+00	3.392998e-03	1.215548e-03	1.704541e-04	0.000000e+00	1.477149e-03	6.347085e-03	7.663644e-04	5.423575e-04	0.000000e+00	0.000000e+00	0.000000e+00	3.023170e-02	0.000000e+00	5.158473e-05	2.914352e-03	0.000000e+00	0.000000e+00	0.000000e+00	0.000000e+00	0.000000e+00	0.000000e+00	0.000000e+00	3.249360e-03	0.000000e+00	4.233512e-01	7.671096e-02
4.215486e-01	0.000000e+00	0.000000e+00	1.692532e-02	8.583909e-03	0.000000e+00	3.392998e-03	1.215548e-03	0.000000e+00	0.000000e+00	1.477149e-03	0.000000e+00	0.000000e+00	5.423575e-04	0.000000e+00	0.000000e+00	0.000000e+00	0.000000e+00	0.000000e+00	3.251795e-02	2.914352e-03	0.000000e+00	0.000000e+00	0.000000e+00	0.000000e+00	9.031757e-03	0.000000e+00	3.907262e-03	3.249360e-03	0.000000e+00	4.215486e-01	1.042692e-01
4.202902e-01	0.000000e+00	0.000000e+00	1.935916e-03	1.166900e-03	0.000000e+00	5.763379e-03	8.103656e-04	0.000000e+00	0.000000e+00	7.385744e-04	0.000000e+00	3.065458e-03	0.000000e+00	0.000000e+00	1.231434e-03	0.000000e+00	1.157992e-03	0.000000e+00	2.168485e-02	0.000000e+00	0.000000e+00	0.000000e+00	0.000000e+00	0.000000e+00	9.031757e-03	0.000000e+00	7.264656e-03	3.249360e-03	0.000000e+00	4.202902e-01	1.135742e-01
4.202902e-01	0.000000e+00	0.000000e+00	0.000000e+00	5.834502e-04	0.000000e+00	3.328301e-03	0.000000e+00	0.000000e+00	0.000000e+00	0.000000e+00	0.000000e+00	3.065458e-03	0.000000e+00	0.000000e+00	1.539292e-04	0.000000e+00	1.157992e-03	0.000000e+00	0.000000e+00	0.000000e+00	0.000000e+00	3.571452e-03	0.000000e+00	0.000000e+00	2.257939e-03	0.000000e+00	2.374033e-03	6.742572e-02	0.000000e+00	4.202902e-01	1.192282e-01
4.177678e-01	0.000000e+00	0.000000e+00	1.914246e-03	0.000000e+00	0.000000e+00	5.954811e-04	2.025914e-04	0.000000e+00	4.439996e-03	2.197476e-02	7.183069e-04	0.000000e+00	0.000000e+00	8.131112e-04	9.235752e-04	0.000000e+00	0.000000e+00	4.115434e-02	1.088828e-02	0.000000e+00	0.000000e+00	0.000000e+00	1.730406e-02	0.000000e+00	4.515878e-03	2.669639e-04	4.471676e-03	0.000000e+00	0.000000e+00	4.177678e-01	1.556150e-01
4.152454e-01	0.000000e+00	0.000000e+00	0.000000e+00	5.834502e-04	0.000000e+00	5.047168e-03	0.000000e+00	3.409081e-04	0.000000e+00	0.000000e+00	5.746455e-04	1.532729e-03	1.593175e-03	2.615189e-03	6.157168e-04	0.000000e+00	1.973549e-02	5.242449e-04	0.000000e+00	0.000000e+00	0.000000e+00	0.000000e+00	0.000000e+00	0.000000e+00	0.000000e+00	6.674098e-05	1.488134e-03	0.000000e+00	4.543744e-04	4.152454e-01	1.716481e-01
4.152454e-01	0.000000e+00	0.000000e+00	2.230277e-04	0.000000e+00	0.000000e+00	7.443514e-04	0.000000e+00	0.000000e+00	0.000000e+00	0.000000e+00	0.000000e+00	1.532729e-03	0.000000e+00	5.867634e-03	3.463407e-04	0.000000e+00	1.015724e-02	2.096980e-03	8.153311e-03	0.000000e+00	0.000000e+00	3.080795e-03	0.000000e+00	0.000000e+00	0.000000e+00	3.337049e-05	1.093190e-03	1.685643e-02	4.543744e-04	4.152454e-01	1.749120e-01
4.152454e-01	0.000000e+00	0.000000e+00	2.230277e-04	0.000000e+00	0.000000e+00	7.443514e-04	0.000000e+00	0.000000e+00	0.000000e+00	0.000000e+00	0.000000e+00	1.532729e-03	0.000000e+00	5.867634e-03	3.463407e-04	0.000000e+00	1.015724e-02	2.096980e-03	8.153311e-03	0.000000e+00	0.000000e+00	3.080795e-03	0.000000e+00	0.000000e+00	0.000000e+00	3.337049e-05	1.093190e-03	1.685643e-02	4.543744e-04	4.152454e-01	1.749120e-01
4.152454e-01	0.000000e+00	0.000000e+00	2.230277e-04	0.000000e+00	0.000000e+00	7.443514e-04	0.000000e+00	0.000000e+00	0.000000e+00	0.000000e+00	0.000000e+00	1.532729e-03	0.000000e+00	5.867634e-03	3.463407e-04	0.000000e+00	1.015724e-02	2.096980e-03	8.153311e-03	0.000000e+00	0.000000e+00	3.080795e-03	0.000000e+00	0.000000e+00	0.000000e+00	3.337049e-05	1.093190e-03	1.685643e-02	4.543744e-04	4.152454e-01	1.749120e-01
2.578275e-01	0.000000e+00	0.000000e+00	0.000000e+00	0.000000e+00	0.000000e+00	7.443514e-04	0.000000e+00	0.000000e+00	0.000000e+00	0.000000e+00	0.000000e+00	0.000000e+00	0.000000e+00	5.867634e-03	0.000000e+00	9.176447e-06	0.000000e+00	2.096980e-03	0.000000e+00	0.000000e+00	0.000000e+00	3.571452e-03	0.000000e+00	0.000000e+00	0.000000e+00	2.669639e-04	9.775428e-04	0.000000e+00	0.000000e+00	2.578275e-01	2.452966e-01
2.578275e-01	0.000000e+00	0.000000e+00	0.000000e+00	0.000000e+00	0.000000e+00	7.443514e-04	0.000000e+00	0.000000e+00	0.000000e+00	0.000000e+00	0.000000e+00	0.000000e+00	0.000000e+00	5.867634e-03	0.000000e+00	9.176447e-06	0.000000e+00	2.096980e-03	0.000000e+00	0.000000e+00	0.000000e+00	3.571452e-03	0.000000e+00	0.000000e+00	0.000000e+00	2.669639e-04	9.775428e-04	0.000000e+00	0.000000e+00	2.578275e-01	2.452966e-01
2.578275e-01	0.000000e+00	0.000000e+00	0.000000e+00	0.000000e+00	0.000000e+00	7.443514e-04	0.000000e+00	0.000000e+00	0.000000e+00	0.000000e+00	0.000000e+00	0.000000e+00	0.000000e+00	5.867634e-03	0.000000e+00	9.176447e-06	0.000000e+00	2.096980e-03	0.000000e+00	0.000000e+00	0.000000e+00	3.571452e-03	0.000000e+00	0.000000e+00	0.000000e+00	2.669639e-04	9.775428e-04	0.000000e+00	0.000000e+00	2.578275e-01	2.452966e-01
2.578275e-01	0.000000e+00	0.000000e+00	0.000000e+00	0.000000e+00	0.000000e+00	7.443514e-04	0.000000e+00	0.000000e+00	0.000000e+00	0.000000e+00	0.000000e+00	0.000000e+00	0.000000e+00	5.867634e-03	0.000000e+00	9.176447e-06	0.000000e+00	2.096980e-03	0.000000e+00	0.000000e+00	0.000000e+00	3.571452e-03	0.000000e+00	0.000000e+00	0.000000e+00	2.669639e-04	9.775428e-04	0.000000e+00	0.000000e+00	2.578275e-01	2.452966e-01
2.578275e-01	0.000000e+00	0.000000e+00	0.000000e+00	0.000000e+00	0.000000e+00	7.443514e-04	0.000000e+00	0.000000e+00	0.000000e+00	0.000000e+00	0.000000e+00	0.000000e+00	0.000000e+00	5.867634e-03	0.000000e+00	9.176447e-06	0.000000e+00	2.096980e-03	0.000000e+00	0.000000e+00	0.000000e+00	3.571452e-03	0.000000e+00	0.000000e+00	0.000000e+00	2.669639e-04	9.775428e-04	0.000000e+00	0.000000e+00	2.578275e-01	2.452966e-01
2.578275e-01	0.000000e+00	0.000000e+00	0.000000e+00	0.000000e+00	0.000000e+00	7.443514e-04	0.000000e+00	0.000000e+00	0.000000e+00	0.000000e+00	0.000000e+00	0.000000e+00	0.000000e+00	5.867634e-03	0.000000e+00	9.176447e-06	0.000000e+00	2.096980e-03	0.000000e+00	0.000000e+00	0.000000e+00	3.571452e-03	0.000000e+00	0.000000e+00	0.000000e+00	2.669639e-04	9.775428e-04	0.000000e+00	0.000000e+00	2.578275e-01	2.452966e-01
2.578275e-01	0.000000e+00	0.000000e+00	0.000000e+00	0.000000e+00	0.000000e+00	7.443514e-04	0.000000e+00	0.000000e+00	0.000000e+00	0.000000e+00	0.000000e+00	0.000000e+00	0.000000e+00	5.867634e-03	0.000000e+00	9.176447e-06	0.000000e+00	2.096980e-03	0.000000e+00	0.000000e+00	0.000000e+00	3.571452e-03	0.000000e+00	0.000000e+00	0.000000e+00	2.669639e-04	9.775428e-04	0.000000e+00	0.000000e+00	2.578275e-01	2.452966e-01
2.578275e-01	0.000000e+00	0.000000e+00	0.000000e+00	0.000000e+00	0.000000e+00	7.443514e-04	0.000000e+00	0.000000e+00	0.000000e+00	0.000000e+00	0.000000e+00	0.000000e+00	0.000000e+00	5.867634e-03	0.000000e+00	9.176447e-06	0.000000e+00	2.096980e-03	0.000000e+00	0.000000e+00	0.000000e+00	3.571452e-03	0.000000e+00	0.000000e+00	0.000000e+00	2.669639e-04	9.775428e-04	0.000000e+00	0.000000e+00	2.578275e-01	2.452966e-01
2.578275e-01	0.000000e+00	0.000000e+00	0.000000e+00	0.000000e+00	0.000000e+00	7.443514e-04	0.000000e+00	0.000000e+00	0.000000e+00	0.000000e+00	0.000000e+00	0.000000e+00	0.000000e+00	5.867634e-03	0.000000e+00	9.176447e-06	0.000000e+00	2.096980e-03	0.000000e+00	0.000000e+00	0.000000e+00	3.571452e-03	0.000000e+00	0.000000e+00	0.000000e+00	2.669639e-04	9.775428e-04	0.000000e+00	0.000000e+00	2.578275e-01	2.452966e-01
2.578275e-01	0.000000e+00	0.000000e+00	0.000000e+00	0.000000e+00	0.000000e+00	7.443514e-04	0.000000e+00	0.000000e+00	0.000000e+00	0.000000e+00	0.000000e+00	0.000000e+00	0.000000e+00	5.867634e-03	0.000000e+00	9.176447e-06	0.000000e+00	2.096980e-03	0.000000e+00	0.000000e+00	0.000000e+00	3.571452e-03	0.000000e+00	0.000000e+00	0.000000e+00	2.669639e-04	9.775428e-04	0.000000e+00	0.000000e+00	2.578275e-01	2.452966e-01
2.578275e-01	0.000000e+00	0.000000e+00	0.000000e+00	0.000000e+00	0.000000e+00	7.443514e-04	0.000000e+00	0.000000e+00	0.000000e+00	0.000000e+00	0.000000e+00	0.000000e+00	0.000000e+00	5.867634e-03	0.000000e+00	9.176447e-06	0.000000e+00	2.096980e-03	0.000000e+00	0.000000e+00	0.000000e+00	3.571452e-03	0.000000e+00	0.000000e+00	0.000000e+00	2.669639e-04	9.775428e-04	0.000000e+00	0.000000e+00	2.578275e-01	2.452966e-01
2.578275e-01	0.000000e+00	0.000000e+00	0.000000e+00	0.000000e+00	0.000000e+00	7.443514e-04	0.000000e+00	0.000000e+00	0.000000e+00	0.000000e+00	0.000000e+00	0.000000e+00	0.000000e+00	5.867634e-03	0.000000e+00	9.176447e-06	0.000000e+00	2.096980e-03	0.000000e+00	0.000000e+00	0.000000e+00	3.571452e-03	0.000000e+00	0.000000e+00	0.000000e+00	2.669639e-04	9.775428e-04	0.000000e+00	0.000000e+00	2.578275e-01	2.452966e-01
2.578275e-01	0.000000e+00	0.000000e+00	0.000000e+00	0.000000e+00	0.000000e+00	7.443514e-04	0.000000e+00	0.000000e+00	0.000000e+00	0.000000e+00	0.000000e+00	0.000000e+00	0.000000e+00	5.867634e-03	0.000000e+00	9.176447e-06	0.000000e+00	2.096980e-03	0.000000e+00	0.000000e+00	0.000000e+00	3.571452e-03	0.000000e+00	0.000000e+00	0.000000e+00	2.669639e-04	9.775428e-04	0.000000e+00	0.000000e+00	2.578275e-01	2.452966e-01
2.578275e-01	0.000000e+00	0.000000e+00	0.000000e+00	0.000000e+00	0.000000e+00	7.443514e-04	0.000000e+00	0.000000e+00	0.000000e+00	0.000000e+00	0.000000e+00	0.000000e+00	0.000000e+00	5.867634e-03	0.000000e+00	9.176447e-06	0.000000e+00	2.096980e-03	0.000000e+00	0.000000e+00	0.000000e+00	3.571452e-03	0.000000e+00	0.000000e+00	0.000000e+00	2.669639e-04	9.775428e-04	0.000000e+00	0.000000e+00	2.578275e-01	2.452966e-01
2.578275e-01	0.000000e+00	0.000000e+00	0.000000e+00	0.000000e+00	0.000000e+00	7.443514e-04	0.000000e+00	0.000000e+00	0.000000e+00	0.000000e+00	0.000000e+00	0.000000e+00	0.000000e+00	5.867634e-03	0.000000e+00	9.176447e-06	0.000000e+00	2.096980e-03	0.000000e+00	0.000000e+00	0.000000e+00	3.571452e-03	0.000000e+00	0.000000e+00	0.000000e+00	2.669639e-04	9.775428e-04	0.000000e+00	0.000000e+00	2.578275e-01	2.452966e-01
2.578275e-01	0.000000e+00	0.000000e+00	0.000000e+00	0.000000e+00	0.000000e+00	7.443514e-04	0.000000e+00	0.000000e+00	0.000000e+00	0.000000e+00	0.000000e+00	0.000000e+00	0.000000e+00	5.867634e-03	0.000000e+00	9.176447e-06	0.000000e+00	2.096980e-03	0.000000e+00	0.000000e+00	0.000000e+00	3.571452e-03	0.000000e+00	0.000000e+00	0.000000e+00	2.669639e-04	9.775428e-04	0.000000e+00	0.000000e+00	2.578275e-01	2.452966e-01
2.578275e-01	0.000000e+00	0.000000e+00	0.000000e+00	0.000000e+00	0.000000e+00	7.443514e-04	0.000000e+00	0.000000e+00	0.000000e+00	0.000000e+00	0.000000e+00	0.000000e+00	0.000000e+00	5.867634e-03	0.000000e+00	9.176447e-06	0.000000e+00	2.096980e-03	0.000000e+00	0.000000e+00	0.000000e+00	3.571452e-03	0.000000e+00	0.000000e+00	0.000000e+00	2.669639e-04	9.775428e-04	0.000000e+00	0.000000e+00	2.578275e-01	2.452966e-01
2.578275e-01	0.000000e+00	0.000000e+00	0.000000e+00	0.000000e+00	0.000000e+00	7.443514e-04	0.000000e+00	0.000000e+00	0.000000e+00	0.000000e+00	0.000000e+00	0.000000e+00	0.000000e+00	5.867634e-03	0.000000e+00	9.176447e-06	0.000000e+00	2.096980e-03	0.000000e+00	0.000000e+00	0.000000e+00	3.571452e-03	0.000000e+00	0.000000e+00	0.000000e+00	2.669639e-04	9.775428e-04	0.000000e+00	0.000000e+00	2.578275e-01	2.452966e-01
2.548834e-01	0.000000e+00	3.382977e-03	0.000000e+00	0.000000e+00	3.328574e-04	7.443514e-04	0.000000e+00	0.000000e+00	0.000000e+00	0.000000e+00	5.746455e-04	0.000000e+00	0.000000e+00	4.619213e-03	5.710031e-03	1.386441e-05	0.000000e+00	2.096980e-03	0.000000e+00	0.000000e+00	0.000000e+00	3.571452e-03	0.000000e+00	0.000000e+00	0.000000e+00	5.953117e-03	6.109643e-04	1.197887e-02	0.000000e+00	2.548834e-01	2.524448e-01
2.499035e-01	0.000000e+00	3.382977e-03	0.000000e+00	0.000000e+00	0.000000e+00	7.443514e-04	0.000000e+00	0.000000e+00	0.000000e+00	0.000000e+00	8.067952e-04	0.000000e+00	0.000000e+00	5.867634e-03	8.354773e-03	9.176447e-06	0.000000e+00	2.096980e-03	0.000000e+00	0.000000e+00	6.157879e-03	3.571452e-03	3.266442e-03	0.000000e+00	0.000000e+00	2.046567e-03	9.775428e-04	0.000000e+00	0.000000e+00	2.499035e-01	2.588808e-01
2.419796e-01	0.000000e+00	3.382977e-03	0.000000e+00	0.000000e+00	3.328574e-04	2.977406e-04	0.000000e+00	0.000000e+00	0.000000e+00	0.000000e+00	1.049874e-03	0.000000e+00	1.558079e-04	5.230378e-03	1.532645e-03	0.000000e+00	0.000000e+00	2.096980e-03	0.000000e+00	0.000000e+00	0.000000e+00	3.995714e-03	0.000000e+00	0.000000e+00	0.000000e+00	0.000000e+00	1.140467e-03	7.985912e-03	0.000000e+00	2.419796e-01	2.801170e-01
2.405856e-01	0.000000e+00	0.000000e+00	0.000000e+00	0.000000e+00	2.312274e-03	3.721757e-04	0.000000e+00	0.000000e+00	0.000000e+00	4.467195e-04	4.036620e-04	0.000000e+00	1.674935e-04	5.867634e-03	1.532645e-03	0.000000e+00	0.000000e+00	1.572735e-03	0.000000e+00	0.000000e+00	0.000000e+00	3.571452e-03	9.613572e-03	0.000000e+00	0.000000e+00	0.000000e+00	0.000000e+00	7.985912e-03	1.114922e-02	2.405856e-01	2.899168e-01
2.363388e-01	0.000000e+00	6.765953e-03	0.000000e+00	0.000000e+00	0.000000e+00	2.977406e-04	0.000000e+00	9.026219e-03	0.000000e+00	0.000000e+00	1.289052e-03	0.000000e+00	1.534371e-03	4.593123e-03	0.000000e+00	1.855238e-05	0.000000e+00	0.000000e+00	8.668170e-03	0.000000e+00	0.000000e+00	5.357177e-03	3.266442e-03	0.000000e+00	0.000000e+00	0.000000e+00	1.547776e-03	3.992956e-03	9.261763e-03	2.363388e-01	3.120317e-01
2.341107e-01	0.000000e+00	0.000000e+00	0.000000e+00	0.000000e+00	0.000000e+00	8.932217e-04	0.000000e+00	4.513110e-03	0.000000e+00	8.934390e-04	1.546960e-03	0.000000e+00	2.337118e-05	3.163647e-03	4.177386e-03	9.176447e-06	5.513119e-02	1.048490e-03	0.000000e+00	0.000000e+00	3.078940e-03	7.142903e-03	1.633221e-03	0.000000e+00	0.000000e+00	2.143944e-04	6.516952e-04	0.000000e+00	0.000000e+00	2.341107e-01	3.304381e-01
2.281502e-01	0.000000e+00	0.000000e+00	0.000000e+00	0.000000e+00	0.000000e+00	5.954811e-04	0.000000e+00	9.026219e-03	0.000000e+00	0.000000e+00	0.000000e+00	0.000000e+00	1.558079e-04	4.645303e-03	8.354773e-03	4.628121e-05	0.000000e+00	0.000000e+00	1.361034e-02	0.000000e+00	0.000000e+00	0.000000e+00	0.000000e+00	0.000000e+00	0.000000e+00	1.217320e-02	0.000000e+00	7.985912e-03	0.000000e+00	2.281502e-01	3.592595e-01
2.233436e-01	0.000000e+00	6.765953e-03	0.000000e+00	0.000000e+00	6.657147e-04	0.000000e+00	0.000000e+00	0.000000e+00	0.000000e+00	0.000000e+00	1.348125e-03	0.000000e+00	1.090655e-04	8.778766e-03	3.065290e-03	7.341158e-05	0.000000e+00	1.048490e-03	0.000000e+00	0.000000e+00	0.000000e+00	6.205702e-03	0.000000e+00	0.000000e+00	0.000000e+00	1.383273e-03	1.303390e-03	7.985912e-03	0.000000e+00	2.233436e-01	3.870966e-01
2.233436e-01	0.000000e+00	3.382977e-03	0.000000e+00	0.000000e+00	6.657147e-04	7.071339e-04	0.000000e+00	2.180324e-02	0.000000e+00	0.000000e+00	2.324141e-04	0.000000e+00	6.703832e-02	8.778766e-03	3.065290e-03	0.000000e+00	0.000000e+00	1.048490e-03	0.000000e+00	0.000000e+00	0.000000e+00	6.205702e-03	0.000000e+00	0.000000e+00	0.000000e+00	1.383273e-03	1.629238e-04	0.000000e+00	0.000000e+00	2.233436e-01	4.051129e-01
2.192720e-01	0.000000e+00	0.000000e+00	0.000000e+00	0.000000e+00	0.000000e+00	5.954811e-04	0.000000e+00	9.026219e-03	0.000000e+00	0.000000e+00	1.149291e-03	0.000000e+00	1.012751e-04	4.593123e-03	0.000000e+00	1.855238e-05	0.000000e+00	0.000000e+00	6.805172e-03	0.000000e+00	0.000000e+00	5.357177e-03	0.000000e+00	0.000000e+00	0.000000e+00	0.000000e+00	6.516952e-04	3.992956e-03	0.000000e+00	2.192720e-01	4.146218e-01
2.168687e-01	0.000000e+00	6.765953e-03	0.000000e+00	0.000000e+00	0.000000e+00	5.954811e-04	0.000000e+00	4.513110e-03	0.000000e+00	2.677094e-03	4.783571e-04	0.000000e+00	2.912934e-03	3.740372e-03	0.000000e+00	1.244805e-04	0.000000e+00	0.000000e+00	3.094668e-02	0.000000e+00	0.000000e+00	8.927779e-03	6.532884e-03	0.000000e+00	3.377506e-02	2.669639e-04	8.146190e-04	4.587804e-03	1.852353e-02	2.168687e-01	4.548137e-01
2.123756e-01	0.000000e+00	0.000000e+00	0.000000e+00	0.000000e+00	2.811560e-03	4.466109e-04	0.000000e+00	0.000000e+00	0.000000e+00	3.974780e-03	3.539534e-04	0.000000e+00	1.454207e-04	3.311104e-04	1.618805e-03	2.285848e-04	0.000000e+00	0.000000e+00	8.725513e-03	0.000000e+00	6.157879e-03	9.708098e-04	3.266442e-03	0.000000e+00	1.030645e-02	1.488412e-03	4.073095e-04	5.097161e-03	9.261763e-03	2.123756e-01	4.719467e-01
2.099724e-01	0.000000e+00	0.000000e+00	0.000000e+00	9.452922e-04	0.000000e+00	1.302615e-04	0.000000e+00	9.026219e-03	0.000000e+00	3.974780e-03	1.149291e-03	0.000000e+00	1.012751e-04	8.050983e-03	0.000000e+00	2.054442e-04	0.000000e+00	5.242449e-04	0.000000e+00	0.000000e+00	9.236819e-03	5.357177e-03	4.806786e-03	0.000000e+00	1.030645e-02	8.251185e-04	1.221929e-03	1.104205e-03	0.000000e+00	2.099724e-01	4.907074e-01
2.052870e-01	0.000000e+00	6.765953e-03	0.000000e+00	8.512025e-04	0.000000e+00	7.247943e-03	0.000000e+00	0.000000e+00	5.640082e-04	7.672294e-04	1.646377e-03	0.000000e+00	0.000000e+00	1.003928e-02	7.015035e-04	1.388436e-04	0.000000e+00	1.048490e-03	0.000000e+00	2.355538e-04	3.630235e-02	0.000000e+00	1.245126e-02	0.000000e+00	0.000000e+00	0.000000e+00	0.000000e+00	7.985912e-03	0.000000e+00	2.052870e-01	5.338361e-01
2.052870e-01	0.000000e+00	6.765953e-03	0.000000e+00	3.781169e-03	0.000000e+00	2.605230e-04	2.515833e-03	0.000000e+00	0.000000e+00	1.318116e-03	1.646377e-03	0.000000e+00	0.000000e+00	1.003928e-02	1.532645e-03	1.388436e-04	0.000000e+00	1.048490e-03	7.299075e-02	1.177769e-04	3.078940e-03	0.000000e+00	1.075184e-03	0.000000e+00	0.000000e+00	0.000000e+00	1.629238e-04	7.985912e-03	0.000000e+00	2.052870e-01	5.405180e-01
1.979791e-01	0.000000e+00	0.000000e+00	0.000000e+00	9.452922e-04	6.657147e-04	1.488703e-04	0.000000e+00	1.535863e-02	0.000000e+00	3.974780e-03	1.348125e-03	0.000000e+00	2.924411e-03	8.778766e-03	0.000000e+00	2.419505e-04	0.000000e+00	1.048490e-03	0.000000e+00	0.000000e+00	9.236819e-03	2.477852e-03	0.000000e+00	0.000000e+00	1.030645e-02	1.383273e-03	1.303390e-03	7.985912e-03	5.439693e-02	1.979791e-01	5.972572e-01
1.939987e-01	0.000000e+00	0.000000e+00	9.742844e-05	0.000000e+00	0.000000e+00	2.605230e-04	0.000000e+00	2.889795e-02	0.000000e+00	0.000000e+00	0.000000e+00	0.000000e+00	1.558079e-04	2.533037e-03	8.354773e-03	4.628121e-05	0.000000e+00	0.000000e+00	1.361034e-02	0.000000e+00	3.078940e-03	2.282755e-03	1.075184e-03	0.000000e+00	0.000000e+00	1.217320e-02	1.629238e-04	2.817380e-02	0.000000e+00	1.939987e-01	6.203780e-01
1.887751e-01	0.000000e+00	6.765953e-03	0.000000e+00	0.000000e+00	0.000000e+00	0.000000e+00	0.000000e+00	9.026219e-03	0.000000e+00	0.000000e+00	3.789399e-04	0.000000e+00	8.555727e-03	8.248952e-03	1.532645e-03	7.341158e-05	0.000000e+00	1.048490e-03	3.094668e-02	0.000000e+00	0.000000e+00	6.578826e-03	5.675383e-03	0.000000e+00	0.000000e+00	9.760003e-03	6.516952e-04	7.985912e-03	1.852353e-02	1.887751e-01	6.589039e-01
8.498163e-02	0.000000e+00	0.000000e+00	5.653414e-04	0.000000e+00	4.217340e-03	0.000000e+00	5.031666e-03	0.000000e+00	0.000000e+00	2.636233e-03	2.888827e-03	0.000000e+00	9.265152e-05	1.467108e-03	0.000000e+00	0.000000e+00	0.000000e+00	0.000000e+00	0.000000e+00	2.355538e-04	7.697349e-03	3.762405e-03	0.000000e+00	0.000000e+00	0.000000e+00	5.805569e-04	0.000000e+00	0.000000e+00	0.000000e+00	8.498163e-02	6.775969e-01
8.498163e-02	0.000000e+00	0.000000e+00	5.653414e-04	0.000000e+00	4.217340e-03	0.000000e+00	5.031666e-03	0.000000e+00	0.000000e+00	2.636233e-03	2.888827e-03	0.000000e+00	9.265152e-05	1.467108e-03	0.000000e+00	0.000000e+00	0.000000e+00	0.000000e+00	0.000000e+00	2.355538e-04	7.697349e-03	3.762405e-03	0.000000e+00	0.000000e+00	0.000000e+00	5.805569e-04	0.000000e+00	0.000000e+00	0.000000e+00	8.498163e-02	6.775969e-01
8.498163e-02	0.000000e+00	0.000000e+00	5.653414e-04	0.000000e+00	4.217340e-03	0.000000e+00	5.031666e-03	0.000000e+00	0.000000e+00	2.636233e-03	2.888827e-03	0.000000e+00	9.265152e-05	1.467108e-03	0.000000e+00	0.000000e+00	0.000000e+00	0.000000e+00	0.000000e+00	2.355538e-04	7.697349e-03	3.762405e-03	0.000000e+00	0.000000e+00	0.000000e+00	5.805569e-04	0.000000e+00	0.000000e+00	0.000000e+00	8.498163e-02	6.775969e-01
8.498163e-02	0.000000e+00	0.000000e+00	5.653414e-04	0.000000e+00	4.217340e-03	0.000000e+00	5.031666e-03	0.000000e+00	0.000000e+00	2.636233e-03	2.888827e-03	0.000000e+00	9.265152e-05	1.467108e-03	0.000000e+00	0.000000e+00	0.000000e+00	0.000000e+00	0.000000e+00	2.355538e-04	7.697349e-03	3.762405e-03	0.000000e+00	0.000000e+00	0.000000e+00	5.805569e-04	0.000000e+00	0.000000e+00	0.000000e+00	8.498163e-02	6.775969e-01
8.498163e-02	0.000000e+00	0.000000e+00	5.653414e-04	0.000000e+00	4.217340e-03	0.000000e+00	5.031666e-03	0.000000e+00	0.000000e+00	2.636233e-03	2.888827e-03	0.000000e+00	9.265152e-05	1.467108e-03	0.000000e+00	0.000000e+00	0.000000e+00	0.000000e+00	0.000000e+00	2.355538e-04	7.697349e-03	3.762405e-03	0.000000e+00	0.000000e+00	0.000000e+00	5.805569e-04	0.000000e+00	0.000000e+00	0.000000e+00	8.498163e-02	6.775969e-01
8.498163e-02	0.000000e+00	0.000000e+00	5.653414e-04	0.000000e+00	4.217340e-03	0.000000e+00	5.031666e-03	0.000000e+00	0.000000e+00	2.636233e-03	2.888827e-03	0.000000e+00	9.265152e-05	1.467108e-03	0.000000e+00	0.000000e+00	0.000000e+00	0.000000e+00	0.000000e+00	2.355538e-04	7.697349e-03	3.762405e-03	0.000000e+00	0.000000e+00	0.000000e+00	5.805569e-04	0.000000e+00	0.000000e+00	0.000000e+00	8.498163e-02	6.775969e-01
8.498163e-02	0.000000e+00	0.000000e+00	5.653414e-04	0.000000e+00	4.217340e-03	0.000000e+00	5.031666e-03	0.000000e+00	0.000000e+00	2.636233e-03	2.888827e-03	0.000000e+00	9.265152e-05	1.467108e-03	0.000000e+00	0.000000e+00	0.000000e+00	0.000000e+00	0.000000e+00	2.355538e-04	7.697349e-03	3.762405e-03	0.000000e+00	0.000000e+00	0.000000e+00	5.805569e-04	0.000000e+00	0.000000e+00	0.000000e+00	8.498163e-02	6.775969e-01
8.498163e-02	0.000000e+00	0.000000e+00	5.653414e-04	0.000000e+00	4.217340e-03	0.000000e+00	5.031666e-03	0.000000e+00	0.000000e+00	2.636233e-03	2.888827e-03	0.000000e+00	9.265152e-05	1.467108e-03	0.000000e+00	0.000000e+00	0.000000e+00	0.000000e+00	0.000000e+00	2.355538e-04	7.697349e-03	3.762405e-03	0.000000e+00	0.000000e+00	0.000000e+00	5.805569e-04	0.000000e+00	0.000000e+00	0.000000e+00	8.498163e-02	6.775969e-01
8.498163e-02	0.000000e+00	0.000000e+00	5.653414e-04	0.000000e+00	4.217340e-03	0.000000e+00	5.031666e-03	0.000000e+00	0.000000e+00	2.636233e-03	2.888827e-03	0.000000e+00	9.265152e-05	1.467108e-03	0.000000e+00	0.000000e+00	0.000000e+00	0.000000e+00	0.000000e+00	2.355538e-04	7.697349e-03	3.762405e-03	0.000000e+00	0.000000e+00	0.000000e+00	5.805569e-04	0.000000e+00	0.000000e+00	0.000000e+00	8.498163e-02	6.775969e-01
8.498163e-02	0.000000e+00	0.000000e+00	5.653414e-04	0.000000e+00	4.217340e-03	0.000000e+00	5.031666e-03	0.000000e+00	0.000000e+00	2.636233e-03	2.888827e-03	0.000000e+00	9.265152e-05	1.467108e-03	0.000000e+00	0.000000e+00	0.000000e+00	0.000000e+00	0.000000e+00	2.355538e-04	7.697349e-03	3.762405e-03	0.000000e+00	0.000000e+00	0.000000e+00	5.805569e-04	0.000000e+00	0.000000e+00	0.000000e+00	8.498163e-02	6.775969e-01
8.498163e-02	0.000000e+00	0.000000e+00	5.653414e-04	0.000000e+00	4.217340e-03	0.000000e+00	5.031666e-03	0.000000e+00	0.000000e+00	2.636233e-03	2.888827e-03	0.000000e+00	9.265152e-05	1.467108e-03	0.000000e+00	0.000000e+00	0.000000e+00	0.000000e+00	0.000000e+00	2.355538e-04	7.697349e-03	3.762405e-03	0.000000e+00	0.000000e+00	0.000000e+00	5.805569e-04	0.000000e+00	0.000000e+00	0.000000e+00	8.498163e-02	6.775969e-01
8.498163e-02	0.000000e+00	0.000000e+00	5.653414e-04	0.000000e+00	4.217340e-03	0.000000e+00	5.031666e-03	0.000000e+00	0.000000e+00	2.636233e-03	2.888827e-03	0.000000e+00	9.265152e-05	1.467108e-03	0.000000e+00	0.000000e+00	0.000000e+00	0.000000e+00	0.000000e+00	2.355538e-04	7.697349e-03	3.762405e-03	0.000000e+00	0.000000e+00	0.000000e+00	5.805569e-04	0.000000e+00	0.000000e+00	0.000000e+00	8.498163e-02	6.775969e-01
7.802575e-02	0.000000e+00	0.000000e+00	2.826707e-04	9.452922e-04	3.514450e-03	0.000000e+00	5.031666e-03	0.000000e+00	0.000000e+00	2.636233e-03	2.888827e-03	0.000000e+00	9.265152e-05	1.428836e-03	0.000000e+00	2.368565e-05	0.000000e+00	0.000000e+00	0.000000e+00	2.355538e-04	6.977334e-03	4.383429e-03	7.404071e-04	0.000000e+00	5.435042e-04	5.805569e-04	0.000000e+00	0.000000e+00	0.000000e+00	7.802575e-02	6.790768e-01
7.334194e-02	0.000000e+00	0.000000e+00	2.826707e-04	9.452922e-04	3.514450e-03	0.000000e+00	5.031666e-03	0.000000e+00	0.000000e+00	2.636233e-03	2.888827e-03	0.000000e+00	9.265152e-05	0.000000e+00	0.000000e+00	2.368565e-05	0.000000e+00	0.000000e+00	2.867179e-05	1.177769e-04	6.977334e-03	4.383429e-03	7.404071e-04	0.000000e+00	0.000000e+00	7.238927e-05	0.000000e+00	0.000000e+00	0.000000e+00	7.334194e-02	6.821369e-01
6.552627e-02	0.000000e+00	0.000000e+00	0.000000e+00	0.000000e+00	2.811560e-03	0.000000e+00	2.515833e-03	0.000000e+00	4.040614e-04	0.000000e+00	2.888827e-03	0.000000e+00	5.841448e-03	1.428836e-03	0.000000e+00	0.000000e+00	0.000000e+00	0.000000e+00	0.000000e+00	2.355538e-04	6.276634e-03	3.222976e-03	0.000000e+00	0.000000e+00	1.030645e-02	1.306614e-03	0.000000e+00	6.796215e-03	0.000000e+00	6.552627e-02	6.980573e-01
5.515915e-02	0.000000e+00	0.000000e+00	3.768942e-04	0.000000e+00	8.382276e-04	0.000000e+00	0.000000e+00	0.000000e+00	0.000000e+00	2.636233e-03	3.539204e-03	0.000000e+00	9.265152e-05	1.428836e-03	0.000000e+00	0.000000e+00	0.000000e+00	0.000000e+00	0.000000e+00	2.355538e-04	6.157879e-03	4.841263e-03	0.000000e+00	0.000000e+00	8.857105e-03	0.000000e+00	0.000000e+00	0.000000e+00	0.000000e+00	5.515915e-02	7.186505e-01
5.224031e-02	0.000000e+00	0.000000e+00	1.012743e-03	1.890584e-03	2.811560e-03	0.000000e+00	5.031666e-03	0.000000e+00	0.000000e+00	0.000000e+00	2.888827e-03	0.000000e+00	8.715846e-03	1.569168e-03	0.000000e+00	0.000000e+00	0.000000e+00	0.000000e+00	0.000000e+00	2.355538e-04	7.052554e-03	3.288705e-03	0.000000e+00	0.000000e+00	1.175579e-02	4.354176e-04	0.000000e+00	7.404962e-03	0.000000e+00	5.224031e-02	7.342047e-01
4.224688e-02	8.858332e-03	0.000000e+00	2.826707e-04	3.781169e-03	0.000000e+00	0.000000e+00	0.000000e+00	0.000000e+00	0.000000e+00	2.636233e-03	2.888827e-03	0.000000e+00	2.967050e-03	1.447972e-03	0.000000e+00	0.000000e+00	0.000000e+00	0.000000e+00	0.000000e+00	0.000000e+00	6.093673e-03	3.492690e-03	2.961629e-03	0.000000e+00	8.857105e-03	2.902784e-04	0.000000e+00	3.398107e-03	0.000000e+00	4.224688e-02	7.668186e-01
3.553494e-02	0.000000e+00	0.000000e+00	5.653414e-04	2.835876e-03	2.108670e-03	0.000000e+00	0.000000e+00	0.000000e+00	8.081228e-04	2.356632e-03	3.313108e-03	0.000000e+00	3.202557e-03	1.428836e-03	0.000000e+00	2.842278e-04	0.000000e+00	0.000000e+00	0.000000e+00	2.355538e-04	6.062491e-03	4.922858e-03	0.000000e+00	0.000000e+00	4.509072e-03	8.347308e-04	4.024613e-03	6.796215e-03	0.000000e+00	3.553494e-02	7.920181e-01
3.115967e-02	0.000000e+00	0.000000e+00	7.537885e-04	1.890584e-03	0.000000e+00	0.000000e+00	2.515833e-03	0.000000e+00	4.040614e-04	1.797431e-03	2.238451e-03	0.000000e+00	2.496036e-03	1.256610e-03	0.000000e+00	2.960706e-04	0.000000e+00	0.000000e+00	1.433590e-05	2.355538e-04	6.517887e-03	3.451893e-03	2.961629e-03	0.000000e+00	0.000000e+00	1.197669e-03	8.049226e-03	7.709335e-03	0.000000e+00	3.115967e-02	8.100135e-01
2.370405e-02	0.000000e+00	0.000000e+00	5.653414e-04	1.890584e-03	3.798226e-03	0.000000e+00	0.000000e+00	0.000000e+00	8.081228e-04	9.586300e-04	2.563639e-03	0.000000e+00	4.899420e-03	1.428836e-03	0.000000e+00	2.842278e-04	0.000000e+00	0.000000e+00	0.000000e+00	3.533308e-04	6.157879e-03	3.762405e-03	0.000000e+00	0.000000e+00	4.509072e-03	2.032670e-03	0.000000e+00	6.796215e-03	0.000000e+00	2.370405e-02	8.416665e-01
1.624843e-02	0.000000e+00	0.000000e+00	0.000000e+00	0.000000e+00	2.811560e-03	0.000000e+00	0.000000e+00	0.000000e+00	8.081228e-04	9.586300e-04	3.539204e-03	0.000000e+00	4.899420e-03	1.390563e-03	0.000000e+00	0.000000e+00	0.000000e+00	0.000000e+00	0.000000e+00	2.355538e-04	6.257320e-03	5.004452e-03	0.000000e+00	0.000000e+00	1.320514e-02	1.742392e-03	0.000000e+00	6.796215e-03	0.000000e+00	1.624843e-02	8.784405e-01
7.562220e-03	0.000000e+00	0.000000e+00	1.517833e-03	5.671753e-03	3.798226e-03	0.000000e+00	0.000000e+00	0.000000e+00	7.843805e-03	4.473607e-03	3.539204e-03	0.000000e+00	0.000000e+00	1.122657e-03	0.000000e+00	3.789704e-04	0.000000e+00	0.000000e+00	2.392098e-02	0.000000e+00	6.153050e-03	2.724344e-03	0.000000e+00	0.000000e+00	8.132433e-03	3.038091e-03	8.049226e-03	9.527743e-03	0.000000e+00	7.562220e-03	9.379521e-01
0.000000e+00	0.000000e+00	0.000000e+00	8.281418e-04	3.781169e-03	1.405780e-03	0.000000e+00	5.031666e-03	0.000000e+00	4.040614e-04	2.077032e-03	3.737388e-03	0.000000e+00	6.312462e-03	1.352291e-03	0.000000e+00	0.000000e+00	0.000000e+00	0.000000e+00	0.000000e+00	2.355538e-04	5.867662e-03	4.841263e-03	0.000000e+00	0.000000e+00	6.683089e-03	1.088905e-03	8.049226e-03	7.709335e-03	0.000000e+00	0.000000e+00	1.018436e+00
