6.442332e-01	8.159839e-02	0.000000e+00	2.061512e-02	1.607161e-04	0.000000e+00	2.773310e-02	1.474532e-02	9.210445e-03	3.764889e-03	1.885186e-02	3.125228e-03	1.418773e-03	2.774820e-02	0.000000e+00	0.000000e+00	0.000000e+00	3.536429e-02	8.765383e-03	4.181263e-03	1.007783e-02	1.394710e-03	0.000000e+00	1.515737e-02	0.000000e+00	0.000000e+00	8.068962e-03	4.314772e-05	1.142825e-02	4.541257e-03	6.442332e-01	-3.782309e-01
6.442332e-01	8.159839e-02	2.109416e-02	3.083930e-02	1.607161e-04	0.000000e+00	2.773310e-02	1.474532e-02	9.210445e-03	3.764889e-03	4.598696e-03	3.125228e-03	1.418773e-03	2.774820e-02	0.000000e+00	0.000000e+00	0.000000e+00	2.382200e-02	8.765383e-03	0.000000e+00	1.007783e-02	1.057088e-03	0.000000e+00	0.000000e+00	0.000000e+00	0.000000e+00	8.068962e-03	3.236079e-05	1.142825e-02	5.623564e-03	6.442332e-01	-3.807327e-01
6.442332e-01	8.159839e-02	2.109416e-02	3.083930e-02	1.607161e-04	0.000000e+00	2.773310e-02	1.474532e-02	9.210445e-03	3.764889e-03	4.598696e-03	3.125228e-03	1.418773e-03	2.774820e-02	0.000000e+00	0.000000e+00	0.000000e+00	2.382200e-02	8.765383e-03	0.000000e+00	1.007783e-02	1.057088e-03	0.000000e+00	0.000000e+00	0.000000e+00	0.000000e+00	8.068962e-03	3.236079e-05	1.142825e-02	5.623564e-03	6.442332e-01	-3.807327e-01
6.442332e-01	8.321619e-02	1.845739e-02	2.079914e-02	2.892548e-04	1.947338e-03	2.773310e-02	1.474532e-02	9.210445e-03	1.921011e-02	1.885186e-02	3.125228e-03	1.418773e-03	8.115291e-03	0.000000e+00	0.000000e+00	0.000000e+00	1.461221e-02	8.765383e-03	0.000000e+00	4.341812e-02	1.394710e-03	0.000000e+00	1.515737e-02	0.000000e+00	0.000000e+00	1.306590e-02	4.314772e-05	1.142825e-02	5.266509e-03	6.442332e-01	-3.720459e-01
6.398789e-01	7.511890e-02	5.932734e-03	0.000000e+00	1.837849e-04	2.921007e-03	2.557766e-02	1.105899e-02	1.218558e-02	2.977380e-02	1.178241e-02	0.000000e+00	1.270208e-03	0.000000e+00	0.000000e+00	0.000000e+00	0.000000e+00	2.395737e-03	0.000000e+00	0.000000e+00	6.751850e-03	8.882765e-04	8.528044e-03	0.000000e+00	6.178039e-05	0.000000e+00	1.456953e-02	0.000000e+00	0.000000e+00	4.142513e-03	6.398789e-01	-3.676138e-01
6.398789e-01	7.511890e-02	5.932734e-03	0.000000e+00	1.837849e-04	2.921007e-03	2.557766e-02	1.105899e-02	1.218558e-02	2.977380e-02	1.178241e-02	0.000000e+00	1.270208e-03	0.000000e+00	0.000000e+00	0.000000e+00	0.000000e+00	2.395737e-03	0.000000e+00	0.000000e+00	6.751850e-03	8.882765e-04	8.528044e-03	0.000000e+00	6.178039e-05	0.000000e+00	1.456953e-02	0.000000e+00	0.000000e+00	4.142513e-03	6.398789e-01	-3.676138e-01
6.398789e-01	7.511890e-02	5.932734e-03	0.000000e+00	1.837849e-04	2.921007e-03	2.557766e-02	1.105899e-02	1.218558e-02	2.977380e-02	1.178241e-02	0.000000e+00	1.270208e-03	0.000000e+00	0.000000e+00	0.000000e+00	0.000000e+00	2.395737e-03	0.000000e+00	0.000000e+00	6.751850e-03	8.882765e-04	8.528044e-03	0.000000e+00	6.178039e-05	0.000000e+00	1.456953e-02	0.000000e+00	0.000000e+00	4.142513e-03	6.398789e-01	-3.676138e-01
6.398789e-01	7.511890e-02	5.932734e-03	0.000000e+00	1.837849e-04	2.921007e-03	2.557766e-02	1.105899e-02	1.218558e-02	2.977380e-02	1.178241e-02	0.000000e+00	1.270208e-03	0.000000e+00	0.000000e+00	0.000000e+00	0.000000e+00	2.395737e-03	0.000000e+00	0.000000e+00	6.751850e-03	8.882765e-04	8.528044e-03	0.000000e+00	6.178039e-05	0.000000e+00	1.456953e-02	0.000000e+00	0.000000e+00	4.142513e-03	6.398789e-01	-3.676138e-01
6.398789e-01	7.511890e-02	5.932734e-03	0.000000e+00	1.837849e-04	2.921007e-03	2.557766e-02	1.105899e-02	1.218558e-02	2.977380e-02	1.178241e-02	0.000000e+00	1.270208e-03	0.000000e+00	0.000000e+00	0.000000e+00	0.000000e+00	2.395737e-03	0.000000e+00	0.000000e+00	6.751850e-03	8.882765e-04	8.528044e-03	0.000000e+00	6.178039e-05	0.000000e+00	1.456953e-02	0.000000e+00	0.000000e+00	4.142513e-03	6.398789e-01	-3.676138e-01
6.391862e-01	8.483400e-02	5.273541e-03	1.442062e-02	2.611636e-04	0.000000e+00	2.773310e-02	0.000000e+00	1.371206e-02	4.946958e-04	3.532553e-03	2.249330e-03	1.418773e-03	3.696424e-02	0.000000e+00	0.000000e+00	0.000000e+00	1.768214e-02	6.333327e-03	0.000000e+00	1.771272e-02	1.057088e-03	2.159010e-02	0.000000e+00	0.000000e+00	0.000000e+00	0.000000e+00	0.000000e+00	0.000000e+00	7.409745e-03	6.391862e-01	-3.525734e-01
6.386914e-01	8.483400e-02	1.582062e-02	2.282754e-03	2.440534e-04	3.894676e-03	2.599978e-02	1.843165e-02	1.362379e-02	0.000000e+00	5.960341e-03	4.498660e-03	1.418773e-03	2.198939e-02	0.000000e+00	0.000000e+00	0.000000e+00	1.123681e-02	8.765383e-03	0.000000e+00	3.230469e-02	1.057088e-03	2.845552e-03	0.000000e+00	3.089020e-05	0.000000e+00	0.000000e+00	0.000000e+00	0.000000e+00	6.802737e-03	6.386914e-01	-3.485258e-01
6.386914e-01	8.483400e-02	1.582062e-02	2.282754e-03	2.440534e-04	3.894676e-03	2.599978e-02	1.843165e-02	1.362379e-02	0.000000e+00	5.960341e-03	4.498660e-03	1.418773e-03	2.198939e-02	0.000000e+00	0.000000e+00	0.000000e+00	1.123681e-02	8.765383e-03	0.000000e+00	3.230469e-02	1.057088e-03	2.845552e-03	0.000000e+00	3.089020e-05	0.000000e+00	0.000000e+00	0.000000e+00	0.000000e+00	6.802737e-03	6.386914e-01	-3.485258e-01
6.386914e-01	7.511683e-02	1.582062e-02	2.282754e-03	4.607778e-02	3.894676e-03	1.527207e-02	1.843165e-03	1.639012e-02	3.801489e-03	5.960341e-03	0.000000e+00	1.418773e-03	5.799176e-02	0.000000e+00	0.000000e+00	0.000000e+00	1.123681e-02	4.858880e-03	0.000000e+00	1.560375e-03	1.796646e-03	2.016732e-02	0.000000e+00	3.089020e-05	0.000000e+00	0.000000e+00	0.000000e+00	0.000000e+00	7.391704e-03	6.386914e-01	-3.426185e-01
6.377018e-01	7.268806e-02	3.394842e-02	0.000000e+00	4.539717e-04	5.476888e-03	2.881081e-02	0.000000e+00	1.897991e-02	0.000000e+00	1.081592e-02	0.000000e+00	1.418773e-03	5.785289e-02	0.000000e+00	0.000000e+00	0.000000e+00	9.228333e-03	5.816490e-03	0.000000e+00	0.000000e+00	1.310305e-03	8.714340e-04	0.000000e+00	0.000000e+00	0.000000e+00	1.390756e-02	0.000000e+00	5.714127e-03	6.766654e-03	6.377018e-01	-3.374708e-01
6.377018e-01	7.268806e-02	3.691479e-02	0.000000e+00	4.655061e-04	5.476888e-03	2.881081e-02	0.000000e+00	1.897991e-02	6.613586e-03	1.081592e-02	0.000000e+00	1.418773e-03	6.404443e-02	0.000000e+00	0.000000e+00	0.000000e+00	9.228333e-03	5.816490e-03	0.000000e+00	0.000000e+00	1.912199e-03	0.000000e+00	0.000000e+00	0.000000e+00	0.000000e+00	1.390756e-02	0.000000e+00	5.714127e-03	6.766654e-03	6.377018e-01	-3.344997e-01
6.370366e-01	7.835451e-02	0.000000e+00	1.530483e-03	2.972565e-04	0.000000e+00	1.124414e-02	7.923223e-04	4.053097e-03	2.571098e-03	1.919452e-02	3.105427e-03	8.412321e-04	5.074507e-02	0.000000e+00	9.554652e-04	0.000000e+00	2.084941e-02	2.935844e-02	0.000000e+00	0.000000e+00	1.046033e-03	0.000000e+00	0.000000e+00	7.722549e-06	0.000000e+00	1.434802e-02	0.000000e+00	5.714127e-03	5.444057e-03	6.370366e-01	-3.357912e-01
6.348402e-01	6.086819e-02	0.000000e+00	2.236438e-03	2.510335e-04	2.738444e-03	1.124414e-02	0.000000e+00	4.053097e-03	2.530197e-02	1.919452e-02	3.105427e-03	1.126257e-03	2.510816e-02	0.000000e+00	3.821861e-03	0.000000e+00	0.000000e+00	4.556044e-03	0.000000e+00	1.409930e-02	1.436913e-03	0.000000e+00	0.000000e+00	8.108677e-05	0.000000e+00	5.169281e-03	0.000000e+00	0.000000e+00	1.995168e-03	6.348402e-01	-3.258376e-01
6.348402e-01	6.086819e-02	0.000000e+00	2.236438e-03	2.510335e-04	2.738444e-03	1.124414e-02	0.000000e+00	4.053097e-03	2.530197e-02	1.919452e-02	3.105427e-03	1.126257e-03	2.510816e-02	0.000000e+00	3.821861e-03	0.000000e+00	0.000000e+00	4.556044e-03	0.000000e+00	1.409930e-02	1.436913e-03	0.000000e+00	0.000000e+00	8.108677e-05	0.000000e+00	5.169281e-03	0.000000e+00	0.000000e+00	1.995168e-03	6.348402e-01	-3.258376e-01
6.348402e-01	6.086819e-02	0.000000e+00	2.236438e-03	2.510335e-04	2.738444e-03	1.124414e-02	0.000000e+00	4.053097e-03	2.530197e-02	1.919452e-02	3.105427e-03	1.126257e-03	2.510816e-02	0.000000e+00	3.821861e-03	0.000000e+00	0.000000e+00	4.556044e-03	0.000000e+00	1.409930e-02	1.436913e-03	0.000000e+00	0.000000e+00	8.108677e-05	0.000000e+00	5.169281e-03	0.000000e+00	0.000000e+00	1.995168e-03	6.348402e-01	-3.258376e-01
6.348402e-01	6.086819e-02	0.000000e+00	2.236438e-03	2.510335e-04	2.738444e-03	1.124414e-02	0.000000e+00	4.053097e-03	2.530197e-02	1.919452e-02	3.105427e-03	1.126257e-03	2.510816e-02	0.000000e+00	3.821861e-03	0.000000e+00	0.000000e+00	4.556044e-03	0.000000e+00	1.409930e-02	1.436913e-03	0.000000e+00	0.000000e+00	8.108677e-05	0.000000e+00	5.169281e-03	0.000000e+00	0.000000e+00	1.995168e-03	6.348402e-01	-3.258376e-01
6.348402e-01	6.086819e-02	0.000000e+00	2.236438e-03	2.510335e-04	2.738444e-03	1.124414e-02	0.000000e+00	4.053097e-03	2.530197e-02	1.919452e-02	3.105427e-03	1.126257e-03	2.510816e-02	0.000000e+00	3.821861e-03	0.000000e+00	0.000000e+00	4.556044e-03	0.000000e+00	1.409930e-02	1.436913e-03	0.000000e+00	0.000000e+00	8.108677e-05	0.000000e+00	5.169281e-03	0.000000e+00	0.000000e+00	1.995168e-03	6.348402e-01	-3.258376e-01
6.347101e-01	7.835451e-02	0.000000e+00	3.089582e-02	0.000000e+00	7.606789e-03	1.124414e-02	0.000000e+00	4.053097e-03	2.530197e-02	2.191781e-02	6.210854e-03	8.487224e-04	2.727730e-02	0.000000e+00	0.000000e+00	0.000000e+00	5.597946e-03	0.000000e+00	0.000000e+00	2.975507e-02	1.130438e-03	2.095512e-02	0.000000e+00	6.178039e-05	0.000000e+00	2.540773e-03	0.000000e+00	0.000000e+00	0.000000e+00	6.347101e-01	-3.077648e-01
6.334315e-01	6.086819e-02	0.000000e+00	2.236438e-03	2.510335e-04	0.000000e+00	1.124414e-02	0.000000e+00	4.053097e-03	2.530197e-02	1.919452e-02	3.105427e-03	1.055430e-03	2.510816e-02	0.000000e+00	3.821861e-03	0.000000e+00	0.000000e+00	4.556044e-03	0.000000e+00	1.409930e-02	1.611252e-03	0.000000e+00	4.493976e-04	8.108677e-05	9.062551e-03	2.391113e-03	0.000000e+00	0.000000e+00	1.995168e-03	6.334315e-01	-3.094967e-01
6.332937e-01	6.410393e-02	0.000000e+00	6.193471e-03	2.972565e-04	0.000000e+00	2.688887e-02	0.000000e+00	6.145059e-03	2.150048e-02	2.595460e-02	0.000000e+00	8.487224e-04	0.000000e+00	0.000000e+00	0.000000e+00	0.000000e+00	0.000000e+00	4.556044e-03	0.000000e+00	2.975507e-02	1.130438e-03	1.223642e-02	8.987952e-04	6.178039e-05	1.812510e-02	8.351227e-03	2.886385e-03	0.000000e+00	0.000000e+00	6.332937e-01	-3.003969e-01
6.332937e-01	7.835451e-02	0.000000e+00	3.089582e-02	5.195204e-04	0.000000e+00	1.124414e-02	0.000000e+00	4.053097e-03	2.530197e-02	1.919452e-02	0.000000e+00	8.487224e-04	2.510816e-02	0.000000e+00	0.000000e+00	0.000000e+00	0.000000e+00	4.556044e-03	0.000000e+00	2.975507e-02	1.130438e-03	1.223642e-02	0.000000e+00	6.178039e-05	0.000000e+00	2.391113e-03	0.000000e+00	0.000000e+00	0.000000e+00	6.332937e-01	-2.973920e-01
6.326362e-01	7.835451e-02	0.000000e+00	3.089582e-02	2.972565e-04	0.000000e+00	1.124414e-02	0.000000e+00	4.053097e-03	2.530197e-02	1.919452e-02	3.105427e-03	8.412321e-04	2.510816e-02	0.000000e+00	3.821861e-03	0.000000e+00	0.000000e+00	4.556044e-03	0.000000e+00	2.975507e-02	1.046033e-03	0.000000e+00	0.000000e+00	6.178039e-05	0.000000e+00	2.391113e-03	0.000000e+00	0.000000e+00	5.444057e-03	6.326362e-01	-2.897644e-01
6.326362e-01	7.835451e-02	0.000000e+00	3.089582e-02	2.972565e-04	0.000000e+00	1.124414e-02	0.000000e+00	4.053097e-03	2.530197e-02	1.919452e-02	3.105427e-03	8.412321e-04	2.510816e-02	0.000000e+00	3.821861e-03	0.000000e+00	0.000000e+00	4.556044e-03	0.000000e+00	2.975507e-02	1.046033e-03	0.000000e+00	0.000000e+00	6.178039e-05	0.000000e+00	2.391113e-03	0.000000e+00	0.000000e+00	5.444057e-03	6.326362e-01	-2.897644e-01
6.309265e-01	4.503943e-02	0.000000e+00	9.254437e-03	4.266888e-05	0.000000e+00	0.000000e+00	0.000000e+00	2.945338e-03	1.447210e-03	0.000000e+00	0.000000e+00	2.165302e-02	2.339516e-02	0.000000e+00	1.910930e-03	0.000000e+00	1.684940e-02	3.471987e-02	0.000000e+00	2.022397e-03	0.000000e+00	5.462315e-03	0.000000e+00	7.722549e-05	0.000000e+00	6.861929e-03	2.597747e-03	0.000000e+00	3.247784e-03	6.309265e-01	-2.818083e-01
6.309265e-01	4.503943e-02	0.000000e+00	9.254437e-03	4.266888e-05	0.000000e+00	0.000000e+00	0.000000e+00	2.945338e-03	1.447210e-03	0.000000e+00	0.000000e+00	2.165302e-02	2.339516e-02	0.000000e+00	1.910930e-03	0.000000e+00	1.684940e-02	3.471987e-02	0.000000e+00	2.022397e-03	0.000000e+00	5.462315e-03	0.000000e+00	7.722549e-05	0.000000e+00	6.861929e-03	2.597747e-03	0.000000e+00	3.247784e-03	6.309265e-01	-2.818083e-01
6.309265e-01	4.503943e-02	0.000000e+00	9.254437e-03	4.266888e-05	0.000000e+00	0.000000e+00	0.000000e+00	2.945338e-03	1.447210e-03	0.000000e+00	0.000000e+00	2.165302e-02	2.339516e-02	0.000000e+00	1.910930e-03	0.000000e+00	1.684940e-02	3.471987e-02	0.000000e+00	2.022397e-03	0.000000e+00	5.462315e-03	0.000000e+00	7.722549e-05	0.000000e+00	6.861929e-03	2.597747e-03	0.000000e+00	3.247784e-03	6.309265e-01	-2.818083e-01
6.309265e-01	4.503943e-02	0.000000e+00	9.254437e-03	4.266888e-05	0.000000e+00	0.000000e+00	0.000000e+00	2.945338e-03	1.447210e-03	0.000000e+00	0.000000e+00	2.165302e-02	2.339516e-02	0.000000e+00	1.910930e-03	0.000000e+00	1.684940e-02	3.471987e-02	0.000000e+00	2.022397e-03	0.000000e+00	5.462315e-03	0.000000e+00	7.722549e-05	0.000000e+00	6.861929e-03	2.597747e-03	0.000000e+00	3.247784e-03	6.309265e-01	-2.818083e-01
6.307595e-01	3.771171e-02	0.000000e+00	1.557310e-03	4.944499e-03	0.000000e+00	0.000000e+00	0.000000e+00	2.945338e-03	1.447210e-03	0.000000e+00	3.149704e-03	2.154787e-02	0.000000e+00	0.000000e+00	0.000000e+00	0.000000e+00	1.684940e-02	4.727883e-02	1.210090e-02	2.022397e-03	2.445556e-02	4.339811e-03	1.062237e-02	7.722549e-05	0.000000e+00	4.571619e-02	2.742066e-03	0.000000e+00	3.247784e-03	6.307595e-01	-2.672347e-01
6.307595e-01	3.771171e-02	0.000000e+00	1.557310e-03	4.944499e-03	0.000000e+00	0.000000e+00	0.000000e+00	2.945338e-03	1.447210e-03	0.000000e+00	3.149704e-03	2.154787e-02	0.000000e+00	0.000000e+00	0.000000e+00	0.000000e+00	1.684940e-02	4.727883e-02	1.210090e-02	2.022397e-03	2.445556e-02	4.339811e-03	1.062237e-02	7.722549e-05	0.000000e+00	4.571619e-02	2.742066e-03	0.000000e+00	3.247784e-03	6.307595e-01	-2.672347e-01
6.294728e-01	3.917726e-02	0.000000e+00	3.096735e-03	6.578442e-03	0.000000e+00	0.000000e+00	0.000000e+00	2.945338e-03	1.447210e-03	0.000000e+00	6.299408e-03	2.123241e-02	0.000000e+00	0.000000e+00	0.000000e+00	0.000000e+00	1.684940e-02	4.476704e-02	1.210090e-02	2.022397e-03	2.445556e-02	5.462315e-03	1.062237e-02	7.722549e-05	0.000000e+00	6.861929e-03	2.597747e-03	0.000000e+00	3.247784e-03	6.294728e-01	-2.567534e-01
6.294728e-01	3.771171e-02	0.000000e+00	1.557310e-03	3.310555e-03	0.000000e+00	0.000000e+00	0.000000e+00	2.945338e-03	1.447210e-03	0.000000e+00	0.000000e+00	2.186333e-02	0.000000e+00	0.000000e+00	0.000000e+00	0.000000e+00	1.684940e-02	4.727883e-02	1.210090e-02	2.022397e-03	2.445556e-02	5.462315e-03	1.062237e-02	7.722549e-05	0.000000e+00	4.571619e-02	2.597747e-03	0.000000e+00	3.247784e-03	6.294728e-01	-2.511241e-01
6.294728e-01	3.771171e-02	0.000000e+00	1.557310e-03	3.310555e-03	0.000000e+00	0.000000e+00	0.000000e+00	2.945338e-03	1.447210e-03	0.000000e+00	0.000000e+00	2.186333e-02	0.000000e+00	0.000000e+00	0.000000e+00	0.000000e+00	1.684940e-02	4.727883e-02	1.210090e-02	2.022397e-03	2.445556e-02	5.462315e-03	1.062237e-02	7.722549e-05	0.000000e+00	4.571619e-02	2.597747e-03	0.000000e+00	3.247784e-03	6.294728e-01	-2.511241e-01
6.289779e-01	3.771171e-02	0.000000e+00	1.548368e-02	6.618621e-03	0.000000e+00	0.000000e+00	1.980806e-03	2.376871e-02	0.000000e+00	0.000000e+00	0.000000e+00	2.186333e-02	9.038895e-03	0.000000e+00	0.000000e+00	0.000000e+00	1.684940e-02	4.727883e-02	1.210090e-02	2.960295e-04	2.445556e-02	8.007738e-03	1.140933e-02	7.722549e-05	0.000000e+00	1.617525e-04	2.597747e-03	0.000000e+00	3.247784e-03	6.289779e-01	-2.437604e-01
6.289779e-01	3.771171e-02	0.000000e+00	1.548368e-02	6.618621e-03	0.000000e+00	0.000000e+00	1.980806e-03	2.376871e-02	0.000000e+00	0.000000e+00	0.000000e+00	2.186333e-02	9.038895e-03	0.000000e+00	0.000000e+00	0.000000e+00	1.684940e-02	4.727883e-02	1.210090e-02	2.960295e-04	2.445556e-02	8.007738e-03	1.140933e-02	7.722549e-05	0.000000e+00	1.617525e-04	2.597747e-03	0.000000e+00	3.247784e-03	6.289779e-01	-2.437604e-01
6.289779e-01	3.771171e-02	0.000000e+00	1.548368e-02	6.618621e-03	0.000000e+00	0.000000e+00	1.980806e-03	2.376871e-02	0.000000e+00	0.000000e+00	0.000000e+00	2.186333e-02	9.038895e-03	0.000000e+00	0.000000e+00	0.000000e+00	1.684940e-02	4.727883e-02	1.210090e-02	2.960295e-04	2.445556e-02	8.007738e-03	1.140933e-02	7.722549e-05	0.000000e+00	1.617525e-04	2.597747e-03	0.000000e+00	3.247784e-03	6.289779e-01	-2.437604e-01
6.279880e-01	7.808673e-02	0.000000e+00	1.548368e-02	4.412414e-03	1.432900e-02	0.000000e+00	1.980806e-03	1.584581e-02	0.000000e+00	0.000000e+00	0.000000e+00	0.000000e+00	6.647687e-03	0.000000e+00	0.000000e+00	0.000000e+00	5.228316e-03	0.000000e+00	6.050448e-03	3.289217e-04	2.445556e-02	8.980035e-03	1.988262e-02	7.722549e-05	0.000000e+00	1.078350e-04	2.948899e-03	0.000000e+00	4.188562e-02	6.279880e-01	-2.293877e-01
6.268994e-01	3.771171e-02	0.000000e+00	8.520493e-03	3.310555e-03	0.000000e+00	0.000000e+00	0.000000e+00	5.434121e-03	0.000000e+00	0.000000e+00	0.000000e+00	2.186333e-02	2.128239e-03	0.000000e+00	0.000000e+00	0.000000e+00	1.684940e-02	2.363941e-02	1.210090e-02	2.022397e-03	0.000000e+00	7.707324e-03	1.062237e-02	3.861275e-05	0.000000e+00	2.288505e-02	2.309108e-03	0.000000e+00	3.247784e-03	6.268994e-01	-2.265792e-01
6.268994e-01	1.885586e-02	0.000000e+00	8.520493e-03	3.310555e-03	0.000000e+00	1.327036e-02	9.904028e-04	5.434121e-03	0.000000e+00	0.000000e+00	1.574852e-03	2.186333e-02	3.323843e-03	0.000000e+00	1.609203e-02	0.000000e+00	1.684940e-02	2.363941e-02	1.210090e-02	1.175659e-03	2.888016e-02	7.707324e-03	6.098146e-03	3.861275e-05	0.000000e+00	2.288505e-02	2.381268e-03	0.000000e+00	2.564312e-03	6.268994e-01	-2.194765e-01
6.268994e-01	1.885586e-02	0.000000e+00	8.520493e-03	3.310555e-03	0.000000e+00	1.327036e-02	9.904028e-04	5.434121e-03	0.000000e+00	0.000000e+00	1.574852e-03	2.186333e-02	3.323843e-03	0.000000e+00	1.609203e-02	0.000000e+00	1.684940e-02	2.363941e-02	1.210090e-02	1.175659e-03	2.888016e-02	7.707324e-03	6.098146e-03	3.861275e-05	0.000000e+00	2.288505e-02	2.381268e-03	0.000000e+00	2.564312e-03	6.268994e-01	-2.194765e-01
6.253159e-01	0.000000e+00	0.000000e+00	1.548368e-02	0.000000e+00	0.000000e+00	3.934225e-02	1.980806e-04	0.000000e+00	0.000000e+00	0.000000e+00	0.000000e+00	0.000000e+00	0.000000e+00	0.000000e+00	1.171279e-02	0.000000e+00	5.228316e-03	6.724009e-03	1.210090e-02	3.289217e-04	3.330476e-02	1.189693e-02	1.573924e-03	0.000000e+00	0.000000e+00	1.078350e-04	0.000000e+00	0.000000e+00	3.072501e-03	6.253159e-01	-2.106434e-01
6.253159e-01	0.000000e+00	0.000000e+00	1.548368e-02	0.000000e+00	0.000000e+00	3.934225e-02	1.980806e-04	0.000000e+00	0.000000e+00	0.000000e+00	0.000000e+00	0.000000e+00	0.000000e+00	0.000000e+00	1.171279e-02	0.000000e+00	5.228316e-03	6.724009e-03	1.210090e-02	3.289217e-04	3.330476e-02	1.189693e-02	1.573924e-03	0.000000e+00	0.000000e+00	1.078350e-04	0.000000e+00	0.000000e+00	3.072501e-03	6.253159e-01	-2.106434e-01
6.253159e-01	0.000000e+00	0.000000e+00	1.548368e-02	0.000000e+00	0.000000e+00	3.211180e-02	9.904028e-05	0.000000e+00	0.000000e+00	3.440066e-03	5.050009e-03	0.000000e+00	0.000000e+00	0.000000e+00	1.171279e-02	0.000000e+00	7.842474e-03	6.724009e-03	6.050448e-03	3.289217e-04	3.330476e-02	1.189693e-02	1.573924e-03	0.000000e+00	0.000000e+00	6.462969e-02	0.000000e+00	0.000000e+00	3.072501e-03	6.253159e-01	-1.987674e-01
6.253159e-01	0.000000e+00	0.000000e+00	1.548368e-02	0.000000e+00	0.000000e+00	3.211180e-02	9.904028e-05	0.000000e+00	0.000000e+00	3.440066e-03	5.050009e-03	0.000000e+00	0.000000e+00	0.000000e+00	1.171279e-02	0.000000e+00	7.842474e-03	6.724009e-03	6.050448e-03	3.289217e-04	3.330476e-02	1.189693e-02	1.573924e-03	0.000000e+00	0.000000e+00	6.462969e-02	0.000000e+00	0.000000e+00	3.072501e-03	6.253159e-01	-1.987674e-01
6.253159e-01	0.000000e+00	0.000000e+00	7.786550e-04	3.310555e-03	0.000000e+00	9.655132e-03	9.904028e-05	0.000000e+00	0.000000e+00	1.720033e-03	4.099857e-03	2.186333e-02	0.000000e+00	0.000000e+00	1.023563e-02	0.000000e+00	7.842474e-03	2.251875e-02	6.050448e-03	3.289217e-04	3.330476e-02	6.043866e-02	5.417086e-03	0.000000e+00	0.000000e+00	6.462969e-02	0.000000e+00	0.000000e+00	3.072501e-03	6.253159e-01	-1.887861e-01
6.253159e-01	0.000000e+00	0.000000e+00	7.786550e-04	3.310555e-03	0.000000e+00	9.655132e-03	9.904028e-05	0.000000e+00	0.000000e+00	1.720033e-03	4.099857e-03	2.186333e-02	0.000000e+00	0.000000e+00	1.023563e-02	0.000000e+00	7.842474e-03	2.251875e-02	6.050448e-03	3.289217e-04	3.330476e-02	6.043866e-02	5.417086e-03	0.000000e+00	0.000000e+00	6.462969e-02	0.000000e+00	0.000000e+00	3.072501e-03	6.253159e-01	-1.887861e-01
6.253159e-01	0.000000e+00	0.000000e+00	7.786550e-04	3.310555e-03	0.000000e+00	9.655132e-03	9.904028e-05	0.000000e+00	0.000000e+00	1.720033e-03	4.099857e-03	2.186333e-02	0.000000e+00	0.000000e+00	1.023563e-02	0.000000e+00	7.842474e-03	2.251875e-02	6.050448e-03	3.289217e-04	3.330476e-02	6.043866e-02	5.417086e-03	0.000000e+00	0.000000e+00	6.462969e-02	0.000000e+00	0.000000e+00	3.072501e-03	6.253159e-01	-1.887861e-01
6.253159e-01	8.075004e-02	0.000000e+00	7.786550e-04	3.310555e-03	0.000000e+00	9.655132e-03	7.923223e-04	0.000000e+00	0.000000e+00	1.720033e-03	0.000000e+00	2.186333e-02	0.000000e+00	1.281158e-02	1.023563e-02	0.000000e+00	7.842474e-03	4.482673e-03	0.000000e+00	3.289217e-04	3.330476e-02	6.043866e-02	5.417086e-03	0.000000e+00	0.000000e+00	6.462969e-02	0.000000e+00	0.000000e+00	3.072501e-03	6.253159e-01	-1.760490e-01
6.253159e-01	8.075004e-02	0.000000e+00	7.786550e-04	3.310555e-03	0.000000e+00	9.655132e-03	7.923223e-04	0.000000e+00	0.000000e+00	1.720033e-03	0.000000e+00	2.186333e-02	0.000000e+00	1.281158e-02	1.023563e-02	0.000000e+00	7.842474e-03	4.482673e-03	0.000000e+00	3.289217e-04	3.330476e-02	6.043866e-02	5.417086e-03	0.000000e+00	0.000000e+00	6.462969e-02	0.000000e+00	0.000000e+00	3.072501e-03	6.253159e-01	-1.760490e-01
6.233361e-01	1.439340e-03	0.000000e+00	3.893275e-04	2.576033e-02	0.000000e+00	1.726824e-02	7.923223e-04	1.483253e-02	0.000000e+00	8.600165e-04	3.350624e-02	1.093167e-02	0.000000e+00	1.708211e-02	5.117816e-03	0.000000e+00	0.000000e+00	4.482673e-03	0.000000e+00	5.262747e-04	3.330476e-02	3.568165e-02	0.000000e+00	0.000000e+00	2.228966e-02	0.000000e+00	0.000000e+00	0.000000e+00	1.022208e-03	6.233361e-01	-1.638677e-01
6.233361e-01	1.439340e-03	0.000000e+00	3.893275e-04	2.576033e-02	0.000000e+00	1.726824e-02	7.923223e-04	1.483253e-02	0.000000e+00	8.600165e-04	3.350624e-02	1.093167e-02	0.000000e+00	1.708211e-02	5.117816e-03	0.000000e+00	0.000000e+00	4.482673e-03	0.000000e+00	5.262747e-04	3.330476e-02	3.568165e-02	0.000000e+00	0.000000e+00	2.228966e-02	0.000000e+00	0.000000e+00	0.000000e+00	1.022208e-03	6.233361e-01	-1.638677e-01
6.233361e-01	1.439340e-03	0.000000e+00	3.893275e-04	2.576033e-02	0.000000e+00	1.726824e-02	7.923223e-04	1.483253e-02	0.000000e+00	8.600165e-04	3.350624e-02	1.093167e-02	0.000000e+00	1.708211e-02	5.117816e-03	0.000000e+00	0.000000e+00	4.482673e-03	0.000000e+00	5.262747e-04	3.330476e-02	3.568165e-02	0.000000e+00	0.000000e+00	2.228966e-02	0.000000e+00	0.000000e+00	0.000000e+00	1.022208e-03	6.233361e-01	-1.638677e-01
6.213564e-01	1.439340e-03	0.000000e+00	0.000000e+00	2.410505e-02	0.000000e+00	1.726824e-02	7.923223e-04	1.483253e-02	0.000000e+00	8.600165e-04	2.180313e-02	1.093167e-02	0.000000e+00	1.044099e-02	2.563568e-04	0.000000e+00	3.751313e-03	4.118555e-03	0.000000e+00	5.262747e-04	1.759476e-02	8.064807e-03	0.000000e+00	0.000000e+00	2.228966e-02	0.000000e+00	0.000000e+00	0.000000e+00	1.022208e-03	6.213564e-01	-1.442285e-01
6.213564e-01	1.439340e-03	0.000000e+00	0.000000e+00	2.410505e-02	0.000000e+00	1.726824e-02	7.923223e-04	1.483253e-02	0.000000e+00	8.600165e-04	2.180313e-02	1.093167e-02	0.000000e+00	1.044099e-02	2.563568e-04	0.000000e+00	3.751313e-03	4.118555e-03	0.000000e+00	5.262747e-04	1.759476e-02	8.064807e-03	0.000000e+00	0.000000e+00	2.228966e-02	0.000000e+00	0.000000e+00	0.000000e+00	1.022208e-03	6.213564e-01	-1.442285e-01
6.213564e-01	1.439340e-03	0.000000e+00	0.000000e+00	2.410505e-02	0.000000e+00	1.726824e-02	7.923223e-04	1.483253e-02	0.000000e+00	8.600165e-04	2.180313e-02	1.093167e-02	0.000000e+00	1.044099e-02	2.563568e-04	0.000000e+00	3.751313e-03	4.118555e-03	0.000000e+00	5.262747e-04	1.759476e-02	8.064807e-03	0.000000e+00	0.000000e+00	2.228966e-02	0.000000e+00	0.000000e+00	0.000000e+00	1.022208e-03	6.213564e-01	-1.442285e-01
6.213564e-01	1.439340e-03	0.000000e+00	0.000000e+00	2.410505e-02	0.000000e+00	1.726824e-02	7.923223e-04	1.483253e-02	0.000000e+00	8.600165e-04	2.180313e-02	1.093167e-02	0.000000e+00	1.044099e-02	2.563568e-04	0.000000e+00	3.751313e-03	4.118555e-03	0.000000e+00	5.262747e-04	1.759476e-02	8.064807e-03	0.000000e+00	0.000000e+00	2.228966e-02	0.000000e+00	0.000000e+00	0.000000e+00	1.022208e-03	6.213564e-01	-1.442285e-01
6.213564e-01	1.439340e-03	0.000000e+00	0.000000e+00	2.410505e-02	0.000000e+00	1.726824e-02	7.923223e-04	1.483253e-02	0.000000e+00	8.600165e-04	2.180313e-02	1.093167e-02	0.000000e+00	1.044099e-02	2.563568e-04	0.000000e+00	3.751313e-03	4.118555e-03	0.000000e+00	5.262747e-04	1.759476e-02	8.064807e-03	0.000000e+00	0.000000e+00	2.228966e-02	0.000000e+00	0.000000e+00	0.000000e+00	1.022208e-03	6.213564e-01	-1.442285e-01
6.213564e-01	1.439340e-03	0.000000e+00	0.000000e+00	2.410505e-02	0.000000e+00	1.726824e-02	7.923223e-04	1.483253e-02	0.000000e+00	8.600165e-04	2.180313e-02	1.093167e-02	0.000000e+00	1.044099e-02	2.563568e-04	0.000000e+00	3.751313e-03	4.118555e-03	0.000000e+00	5.262747e-04	1.759476e-02	8.064807e-03	0.000000e+00	0.000000e+00	2.228966e-02	0.000000e+00	0.000000e+00	0.000000e+00	1.022208e-03	6.213564e-01	-1.442285e-01
6.213564e-01	1.439340e-03	0.000000e+00	0.000000e+00	2.410505e-02	0.000000e+00	1.726824e-02	7.923223e-04	1.483253e-02	0.000000e+00	8.600165e-04	2.180313e-02	1.093167e-02	0.000000e+00	1.044099e-02	2.563568e-04	0.000000e+00	3.751313e-03	4.118555e-03	0.000000e+00	5.262747e-04	1.759476e-02	8.064807e-03	0.000000e+00	0.000000e+00	2.228966e-02	0.000000e+00	0.000000e+00	0.000000e+00	1.022208e-03	6.213564e-01	-1.442285e-01
4.520897e-01	1.439340e-03	0.000000e+00	0.000000e+00	0.000000e+00	2.408333e-03	2.596072e-02	0.000000e+00	0.000000e+00	0.000000e+00	5.663778e-03	1.010002e-02	0.000000e+00	0.000000e+00	3.799863e-03	0.000000e+00	0.000000e+00	8.979629e-03	3.602722e-03	0.000000e+00	3.140174e-04	1.884751e-03	5.204983e-03	2.118036e-04	0.000000e+00	1.950345e-02	0.000000e+00	7.191524e-03	0.000000e+00	1.022208e-03	4.520897e-01	-1.033743e-01
4.520897e-01	1.439340e-03	0.000000e+00	0.000000e+00	0.000000e+00	2.408333e-03	2.596072e-02	0.000000e+00	0.000000e+00	0.000000e+00	5.663778e-03	1.010002e-02	0.000000e+00	0.000000e+00	3.799863e-03	0.000000e+00	0.000000e+00	8.979629e-03	3.602722e-03	0.000000e+00	3.140174e-04	1.884751e-03	5.204983e-03	2.118036e-04	0.000000e+00	1.950345e-02	0.000000e+00	7.191524e-03	0.000000e+00	1.022208e-03	4.520897e-01	-1.033743e-01
4.520897e-01	1.439340e-03	0.000000e+00	0.000000e+00	0.000000e+00	2.408333e-03	2.596072e-02	0.000000e+00	0.000000e+00	0.000000e+00	5.663778e-03	1.010002e-02	0.000000e+00	0.000000e+00	3.799863e-03	0.000000e+00	0.000000e+00	8.979629e-03	3.602722e-03	0.000000e+00	3.140174e-04	1.884751e-03	5.204983e-03	2.118036e-04	0.000000e+00	1.950345e-02	0.000000e+00	7.191524e-03	0.000000e+00	1.022208e-03	4.520897e-01	-1.033743e-01
4.520897e-01	1.439340e-03	0.000000e+00	0.000000e+00	0.000000e+00	2.408333e-03	2.596072e-02	0.000000e+00	0.000000e+00	0.000000e+00	5.663778e-03	1.010002e-02	0.000000e+00	0.000000e+00	3.799863e-03	0.000000e+00	0.000000e+00	8.979629e-03	3.602722e-03	0.000000e+00	3.140174e-04	1.884751e-03	5.204983e-03	2.118036e-04	0.000000e+00	1.950345e-02	0.000000e+00	7.191524e-03	0.000000e+00	1.022208e-03	4.520897e-01	-1.033743e-01
4.520897e-01	1.439340e-03	0.000000e+00	0.000000e+00	0.000000e+00	3.612500e-03	2.731874e-02	0.000000e+00	0.000000e+00	0.000000e+00	5.663778e-03	1.010002e-02	0.000000e+00	0.000000e+00	3.799863e-03	0.000000e+00	0.000000e+00	8.979629e-03	3.526865e-03	0.000000e+00	3.476805e-04	1.884751e-03	5.204983e-03	3.177054e-04	0.000000e+00	1.532414e-02	0.000000e+00	6.756295e-03	0.000000e+00	1.022208e-03	4.520897e-01	-1.037870e-01
4.520897e-01	1.439340e-03	0.000000e+00	0.000000e+00	0.000000e+00	3.612500e-03	2.731874e-02	0.000000e+00	0.000000e+00	0.000000e+00	5.663778e-03	1.010002e-02	0.000000e+00	0.000000e+00	3.799863e-03	0.000000e+00	0.000000e+00	8.979629e-03	3.526865e-03	0.000000e+00	3.476805e-04	1.884751e-03	5.204983e-03	3.177054e-04	0.000000e+00	1.532414e-02	0.000000e+00	6.756295e-03	0.000000e+00	1.022208e-03	4.520897e-01	-1.037870e-01
4.520897e-01	1.439340e-03	0.000000e+00	0.000000e+00	0.000000e+00	3.612500e-03	2.731874e-02	0.000000e+00	0.000000e+00	0.000000e+00	5.663778e-03	1.010002e-02	0.000000e+00	0.000000e+00	3.799863e-03	0.000000e+00	0.000000e+00	8.979629e-03	3.526865e-03	0.000000e+00	3.476805e-04	1.884751e-03	5.204983e-03	3.177054e-04	0.000000e+00	1.532414e-02	0.000000e+00	6.756295e-03	0.000000e+00	1.022208e-03	4.520897e-01	-1.037870e-01
4.520897e-01	1.439340e-03	0.000000e+00	0.000000e+00	0.000000e+00	3.612500e-03	2.731874e-02	0.000000e+00	0.000000e+00	0.000000e+00	5.663778e-03	1.010002e-02	0.000000e+00	0.000000e+00	3.799863e-03	0.000000e+00	0.000000e+00	8.979629e-03	3.526865e-03	0.000000e+00	3.476805e-04	1.884751e-03	5.204983e-03	3.177054e-04	0.000000e+00	1.532414e-02	0.000000e+00	6.756295e-03	0.000000e+00	1.022208e-03	4.520897e-01	-1.037870e-01
4.520897e-01	1.439340e-03	0.000000e+00	0.000000e+00	0.000000e+00	3.612500e-03	2.731874e-02	0.000000e+00	0.000000e+00	0.000000e+00	5.663778e-03	1.010002e-02	0.000000e+00	0.000000e+00	3.799863e-03	0.000000e+00	0.000000e+00	8.979629e-03	3.526865e-03	0.000000e+00	3.476805e-04	1.884751e-03	5.204983e-03	3.177054e-04	0.000000e+00	1.532414e-02	0.000000e+00	6.756295e-03	0.000000e+00	1.022208e-03	4.520897e-01	-1.037870e-01
4.520897e-01	1.439340e-03	0.000000e+00	0.000000e+00	0.000000e+00	3.612500e-03	2.731874e-02	0.000000e+00	0.000000e+00	0.000000e+00	5.663778e-03	1.010002e-02	0.000000e+00	0.000000e+00	3.799863e-03	0.000000e+00	0.000000e+00	8.979629e-03	3.526865e-03	0.000000e+00	3.476805e-04	1.884751e-03	5.204983e-03	3.177054e-04	0.000000e+00	1.532414e-02	0.000000e+00	6.756295e-03	0.000000e+00	1.022208e-03	4.520897e-01	-1.037870e-01
4.520897e-01	1.439340e-03	0.000000e+00	0.000000e+00	0.000000e+00	3.612500e-03	2.731874e-02	0.000000e+00	0.000000e+00	0.000000e+00	5.663778e-03	1.010002e-02	0.000000e+00	0.000000e+00	3.799863e-03	0.000000e+00	0.000000e+00	8.979629e-03	3.526865e-03	0.000000e+00	3.476805e-04	1.884751e-03	5.204983e-03	3.177054e-04	0.000000e+00	1.532414e-02	0.000000e+00	6.756295e-03	0.000000e+00	1.022208e-03	4.520897e-01	-1.037870e-01
4.520897e-01	1.439340e-03	0.000000e+00	0.000000e+00	0.000000e+00	3.612500e-03	2.731874e-02	0.000000e+00	0.000000e+00	0.000000e+00	5.663778e-03	1.010002e-02	0.000000e+00	0.000000e+00	3.799863e-03	0.000000e+00	0.000000e+00	8.979629e-03	3.526865e-03	0.000000e+00	3.476805e-04	1.884751e-03	5.204983e-03	3.177054e-04	0.000000e+00	1.532414e-02	0.000000e+00	6.756295e-03	0.000000e+00	1.022208e-03	4.520897e-01	-1.037870e-01
4.520897e-01	1.439340e-03	0.000000e+00	0.000000e+00	0.000000e+00	3.612500e-03	2.731874e-02	0.000000e+00	0.000000e+00	0.000000e+00	5.663778e-03	1.010002e-02	0.000000e+00	0.000000e+00	3.799863e-03	0.000000e+00	0.000000e+00	8.979629e-03	3.526865e-03	0.000000e+00	3.476805e-04	1.884751e-03	5.204983e-03	3.177054e-04	0.000000e+00	1.532414e-02	0.000000e+00	6.756295e-03	0.000000e+00	1.022208e-03	4.520897e-01	-1.037870e-01
4.520897e-01	1.439340e-03	0.000000e+00	0.000000e+00	0.000000e+00	3.612500e-03	2.731874e-02	0.000000e+00	0.000000e+00	0.000000e+00	5.663778e-03	1.010002e-02	0.000000e+00	0.000000e+00	3.799863e-03	0.000000e+00	0.000000e+00	8.979629e-03	3.526865e-03	0.000000e+00	3.476805e-04	1.884751e-03	5.204983e-03	3.177054e-04	0.000000e+00	1.532414e-02	0.000000e+00	6.756295e-03	0.000000e+00	1.022208e-03	4.520897e-01	-1.037870e-01
4.520897e-01	1.439340e-03	0.000000e+00	0.000000e+00	0.000000e+00	3.612500e-03	2.731874e-02	0.000000e+00	0.000000e+00	0.000000e+00	5.663778e-03	1.010002e-02	0.000000e+00	0.000000e+00	3.799863e-03	0.000000e+00	0.000000e+00	8.979629e-03	3.526865e-03	0.000000e+00	3.476805e-04	1.884751e-03	5.204983e-03	3.177054e-04	0.000000e+00	1.532414e-02	0.000000e+00	6.756295e-03	0.000000e+00	1.022208e-03	4.520897e-01	-1.037870e-01
4.504732e-01	1.439340e-03	0.000000e+00	0.000000e+00	0.000000e+00	0.000000e+00	2.324469e-02	0.000000e+00	7.416267e-03	0.000000e+00	1.177063e-02	7.842469e-03	0.000000e+00	0.000000e+00	3.799863e-03	0.000000e+00	0.000000e+00	1.341064e-02	3.754438e-03	0.000000e+00	2.466912e-04	2.355938e-03	1.092463e-02	0.000000e+00	0.000000e+00	2.786208e-02	0.000000e+00	8.061983e-03	0.000000e+00	0.000000e+00	4.504732e-01	-9.629540e-02
4.464321e-01	8.995877e-04	0.000000e+00	0.000000e+00	0.000000e+00	9.633333e-03	1.244227e-02	0.000000e+00	0.000000e+00	0.000000e+00	7.281404e-03	1.010002e-02	0.000000e+00	0.000000e+00	3.799863e-03	2.563568e-04	0.000000e+00	9.718130e-03	3.754438e-03	0.000000e+00	3.905945e-05	9.423754e-04	1.040997e-02	3.706563e-04	0.000000e+00	1.114483e-02	0.000000e+00	7.365616e-03	0.000000e+00	1.022208e-03	4.464321e-01	-9.329292e-02
4.464157e-01	3.598351e-04	0.000000e+00	0.000000e+00	0.000000e+00	2.408333e-03	2.596072e-02	0.000000e+00	0.000000e+00	0.000000e+00	9.312840e-03	1.010002e-02	0.000000e+00	0.000000e+00	3.799863e-03	2.563568e-04	0.000000e+00	8.979629e-03	3.693752e-03	0.000000e+00	3.140174e-04	1.884751e-03	5.204983e-03	2.118036e-04	0.000000e+00	1.950345e-02	0.000000e+00	7.191524e-03	0.000000e+00	1.022208e-03	4.464157e-01	-9.094355e-02
4.440075e-01	3.598351e-04	0.000000e+00	0.000000e+00	0.000000e+00	1.324583e-02	2.494221e-02	0.000000e+00	6.865459e-03	0.000000e+00	5.249967e-03	1.122879e-02	0.000000e+00	0.000000e+00	3.799863e-03	2.563568e-04	0.000000e+00	3.066802e-03	0.000000e+00	0.000000e+00	2.631373e-04	9.423754e-04	1.561495e-02	0.000000e+00	0.000000e+00	2.786208e-03	0.000000e+00	4.118037e-03	0.000000e+00	1.022208e-03	4.440075e-01	-8.302801e-02
4.431993e-01	3.598351e-04	0.000000e+00	0.000000e+00	0.000000e+00	0.000000e+00	2.596072e-02	0.000000e+00	0.000000e+00	0.000000e+00	1.175809e-02	1.010002e-02	0.000000e+00	0.000000e+00	3.799863e-03	2.563568e-04	0.000000e+00	1.045663e-02	5.540627e-03	0.000000e+00	3.140174e-04	2.827126e-03	1.040997e-02	1.538885e-04	0.000000e+00	1.114483e-02	0.000000e+00	9.605447e-03	0.000000e+00	1.022208e-03	4.431993e-01	-7.729745e-02
4.431993e-01	3.598351e-04	0.000000e+00	0.000000e+00	0.000000e+00	0.000000e+00	1.755197e-03	0.000000e+00	1.029819e-02	0.000000e+00	7.281404e-03	1.384143e-02	0.000000e+00	0.000000e+00	3.799863e-03	2.563568e-04	0.000000e+00	2.715725e-02	5.540627e-03	0.000000e+00	4.455861e-04	4.711877e-04	1.040997e-02	1.092112e-04	0.000000e+00	1.532414e-02	0.000000e+00	9.605447e-03	0.000000e+00	1.022208e-03	4.431993e-01	-7.646929e-02
4.407746e-01	3.598351e-04	0.000000e+00	0.000000e+00	0.000000e+00	1.445000e-02	0.000000e+00	0.000000e+00	1.373092e-02	0.000000e+00	9.312840e-03	7.199675e-03	0.000000e+00	0.000000e+00	3.799863e-03	2.563568e-04	0.000000e+00	5.803932e-03	3.693752e-03	0.000000e+00	0.000000e+00	0.000000e+00	5.204983e-03	4.368449e-04	0.000000e+00	1.950345e-02	0.000000e+00	3.682808e-03	0.000000e+00	1.022208e-03	4.407746e-01	-6.789922e-02
4.407746e-01	3.598351e-04	0.000000e+00	0.000000e+00	0.000000e+00	1.445000e-02	0.000000e+00	0.000000e+00	1.373092e-02	0.000000e+00	9.312840e-03	7.199675e-03	0.000000e+00	0.000000e+00	3.799863e-03	2.563568e-04	0.000000e+00	5.803932e-03	3.693752e-03	0.000000e+00	0.000000e+00	0.000000e+00	5.204983e-03	4.368449e-04	0.000000e+00	1.950345e-02	0.000000e+00	3.682808e-03	0.000000e+00	1.022208e-03	4.407746e-01	-6.789922e-02
4.407746e-01	3.598351e-04	0.000000e+00	0.000000e+00	0.000000e+00	2.408333e-02	2.494221e-02	0.000000e+00	6.865459e-03	0.000000e+00	5.249967e-03	7.199675e-03	0.000000e+00	0.000000e+00	3.799863e-03	2.563568e-04	0.000000e+00	3.066802e-03	2.733039e-02	0.000000e+00	2.631373e-04	0.000000e+00	3.263029e-02	0.000000e+00	0.000000e+00	6.617243e-03	0.000000e+00	3.262620e-03	0.000000e+00	6.778655e-03	4.407746e-01	-5.445856e-02
4.407746e-01	3.598351e-04	0.000000e+00	0.000000e+00	0.000000e+00	2.408333e-02	3.894108e-02	0.000000e+00	0.000000e+00	0.000000e+00	1.053546e-02	1.155019e-02	0.000000e+00	0.000000e+00	3.799863e-03	2.563568e-04	0.000000e+00	3.066802e-03	2.733039e-02	0.000000e+00	4.710261e-04	0.000000e+00	3.263029e-02	7.032540e-05	0.000000e+00	1.532414e-02	0.000000e+00	3.262620e-03	0.000000e+00	6.778655e-03	4.407746e-01	-4.905337e-02
4.369126e-01	0.000000e+00	0.000000e+00	0.000000e+00	0.000000e+00	7.225000e-03	4.591985e-03	0.000000e+00	0.000000e+00	0.000000e+00	5.249967e-03	1.517725e-03	1.343503e-02	3.593320e-03	3.799863e-03	3.866477e-04	0.000000e+00	9.510820e-04	0.000000e+00	2.305510e-03	2.631373e-04	1.884751e-03	3.951345e-03	6.734692e-04	0.000000e+00	1.940956e-02	0.000000e+00	7.365616e-03	3.175546e-03	3.672545e-03	4.369126e-01	-4.410004e-02
4.363700e-01	2.473866e-03	0.000000e+00	0.000000e+00	0.000000e+00	7.225000e-03	4.591985e-03	0.000000e+00	6.865459e-03	0.000000e+00	5.249967e-03	1.357026e-03	1.369928e-02	3.593320e-03	3.799863e-03	4.507369e-04	0.000000e+00	3.347445e-04	0.000000e+00	2.305510e-03	2.631373e-04	1.884751e-03	3.951345e-03	6.734692e-04	0.000000e+00	1.940956e-02	0.000000e+00	7.365616e-03	3.175546e-03	3.672545e-03	4.363700e-01	-3.829587e-02
4.363700e-01	2.473866e-03	0.000000e+00	0.000000e+00	0.000000e+00	7.225000e-03	4.591985e-03	0.000000e+00	6.865459e-03	0.000000e+00	5.249967e-03	1.357026e-03	1.369928e-02	3.593320e-03	3.799863e-03	4.507369e-04	0.000000e+00	3.347445e-04	0.000000e+00	2.305510e-03	2.631373e-04	1.884751e-03	3.951345e-03	6.734692e-04	0.000000e+00	1.940956e-02	0.000000e+00	7.365616e-03	3.175546e-03	3.672545e-03	4.363700e-01	-3.829587e-02
4.363700e-01	2.473866e-03	0.000000e+00	0.000000e+00	0.000000e+00	7.225000e-03	4.591985e-03	0.000000e+00	6.865459e-03	0.000000e+00	5.249967e-03	1.357026e-03	1.369928e-02	3.593320e-03	3.799863e-03	4.507369e-04	0.000000e+00	3.347445e-04	0.000000e+00	2.305510e-03	2.631373e-04	1.884751e-03	3.951345e-03	6.734692e-04	0.000000e+00	1.940956e-02	0.000000e+00	7.365616e-03	3.175546e-03	3.672545e-03	4.363700e-01	-3.829587e-02
4.343900e-01	0.000000e+00	0.000000e+00	0.000000e+00	0.000000e+00	0.000000e+00	6.628973e-03	0.000000e+00	2.746184e-02	0.000000e+00	2.311678e-03	5.428106e-03	0.000000e+00	0.000000e+00	3.799863e-03	1.005529e-03	0.000000e+00	3.081688e-04	0.000000e+00	4.611019e-03	1.663459e-02	0.000000e+00	2.672246e-02	1.029989e-02	0.000000e+00	3.294980e-03	7.388280e-06	0.000000e+00	1.587773e-03	6.381520e-03	4.343900e-01	-1.793408e-02
4.329751e-01	4.305833e-03	2.171425e-02	0.000000e+00	0.000000e+00	0.000000e+00	2.661059e-02	0.000000e+00	7.429960e-03	0.000000e+00	5.145657e-03	3.213970e-04	0.000000e+00	0.000000e+00	5.194672e-03	5.099398e-03	0.000000e+00	1.368565e-03	3.034311e-05	4.611019e-03	1.492578e-04	0.000000e+00	0.000000e+00	3.276336e-04	0.000000e+00	1.235016e-02	0.000000e+00	2.100941e-04	2.778603e-03	0.000000e+00	4.329751e-01	-1.010687e-02
4.329751e-01	4.305833e-03	2.171425e-02	0.000000e+00	0.000000e+00	2.408333e-03	2.661059e-02	0.000000e+00	3.997230e-03	0.000000e+00	5.145657e-03	0.000000e+00	0.000000e+00	0.000000e+00	5.194672e-03	1.484132e-02	0.000000e+00	0.000000e+00	0.000000e+00	1.431444e-02	6.739845e-03	0.000000e+00	0.000000e+00	3.276336e-04	0.000000e+00	1.235016e-02	7.388280e-06	0.000000e+00	2.778603e-03	3.090743e-03	4.329751e-01	-4.610521e-03
4.318898e-01	1.067318e-02	2.097525e-02	0.000000e+00	0.000000e+00	4.816666e-03	1.498824e-02	0.000000e+00	3.656537e-02	0.000000e+00	3.114220e-03	0.000000e+00	5.285004e-04	0.000000e+00	3.799863e-03	5.227576e-03	0.000000e+00	1.358902e-04	0.000000e+00	4.611019e-03	2.808265e-04	1.884751e-03	0.000000e+00	5.824598e-04	0.000000e+00	8.170844e-03	0.000000e+00	7.365616e-03	2.778603e-03	1.927139e-03	4.318898e-01	5.850950e-03
4.307727e-01	5.362849e-03	2.171425e-02	0.000000e+00	0.000000e+00	4.816666e-03	2.079251e-02	0.000000e+00	3.997230e-03	0.000000e+00	3.114220e-03	0.000000e+00	0.000000e+00	0.000000e+00	5.194672e-03	2.011289e-02	0.000000e+00	0.000000e+00	0.000000e+00	4.611019e-03	2.808265e-04	0.000000e+00	0.000000e+00	1.111856e-02	0.000000e+00	7.474292e-03	7.388280e-06	0.000000e+00	1.587773e-03	1.927139e-03	4.307727e-01	1.259426e-02
4.307727e-01	5.362849e-03	2.171425e-02	0.000000e+00	0.000000e+00	4.816666e-03	2.079251e-02	0.000000e+00	3.997230e-03	0.000000e+00	3.114220e-03	0.000000e+00	0.000000e+00	0.000000e+00	5.194672e-03	2.011289e-02	0.000000e+00	0.000000e+00	0.000000e+00	4.611019e-03	2.808265e-04	0.000000e+00	0.000000e+00	1.111856e-02	0.000000e+00	7.474292e-03	7.388280e-06	0.000000e+00	1.587773e-03	1.927139e-03	4.307727e-01	1.259426e-02
4.301562e-01	2.681424e-03	1.628569e-02	0.000000e+00	0.000000e+00	9.633333e-03	0.000000e+00	0.000000e+00	2.946045e-02	0.000000e+00	1.131920e-02	2.714053e-03	0.000000e+00	0.000000e+00	2.222909e-03	1.055921e-02	0.000000e+00	3.977085e-04	0.000000e+00	0.000000e+00	2.329225e-04	0.000000e+00	7.902689e-03	5.850511e-03	0.000000e+00	2.995173e-02	5.541210e-06	0.000000e+00	2.381659e-03	5.417951e-03	4.301562e-01	2.362025e-02
4.301562e-01	2.203990e-03	3.257138e-02	0.000000e+00	0.000000e+00	4.816666e-03	3.700684e-02	0.000000e+00	3.349518e-05	0.000000e+00	2.857728e-03	4.060876e-04	0.000000e+00	0.000000e+00	7.792009e-03	1.006951e-02	0.000000e+00	3.977085e-04	0.000000e+00	2.812852e-02	2.329225e-04	0.000000e+00	3.951345e-03	8.206376e-03	0.000000e+00	2.995173e-02	7.388280e-06	0.000000e+00	2.977074e-04	4.317763e-04	4.301562e-01	3.044235e-02
4.279220e-01	1.726555e-03	2.171425e-02	0.000000e+00	0.000000e+00	0.000000e+00	1.887784e-02	0.000000e+00	3.997230e-03	0.000000e+00	5.715456e-03	0.000000e+00	0.000000e+00	0.000000e+00	5.194672e-03	9.569762e-03	0.000000e+00	0.000000e+00	0.000000e+00	2.401787e-02	1.319886e-02	0.000000e+00	0.000000e+00	1.111856e-02	0.000000e+00	7.474292e-03	7.388280e-06	0.000000e+00	1.587773e-03	4.254347e-03	4.279220e-01	4.374629e-02
4.279220e-01	1.726555e-03	0.000000e+00	0.000000e+00	0.000000e+00	0.000000e+00	3.157261e-02	0.000000e+00	3.997230e-03	1.553043e-02	0.000000e+00	0.000000e+00	0.000000e+00	0.000000e+00	5.194672e-03	9.569762e-03	3.555324e-02	0.000000e+00	0.000000e+00	0.000000e+00	1.319886e-02	0.000000e+00	0.000000e+00	1.111856e-02	0.000000e+00	7.474292e-03	7.388280e-06	3.682808e-03	1.587773e-03	0.000000e+00	4.279220e-01	4.622621e-02
4.256878e-01	0.000000e+00	0.000000e+00	0.000000e+00	0.000000e+00	0.000000e+00	6.628973e-03	0.000000e+00	3.997230e-03	0.000000e+00	0.000000e+00	8.121752e-04	0.000000e+00	0.000000e+00	4.359814e-03	6.030881e-06	0.000000e+00	0.000000e+00	0.000000e+00	3.223918e-02	1.663459e-02	0.000000e+00	0.000000e+00	1.029989e-02	0.000000e+00	1.271931e-03	7.388280e-06	0.000000e+00	3.374018e-03	6.381520e-03	4.256878e-01	5.815569e-02
4.256878e-01	0.000000e+00	0.000000e+00	0.000000e+00	0.000000e+00	0.000000e+00	6.628973e-03	0.000000e+00	3.997230e-03	0.000000e+00	0.000000e+00	8.121752e-04	0.000000e+00	0.000000e+00	4.359814e-03	6.030881e-06	0.000000e+00	0.000000e+00	0.000000e+00	3.223918e-02	1.663459e-02	0.000000e+00	0.000000e+00	1.029989e-02	0.000000e+00	1.271931e-03	7.388280e-06	0.000000e+00	3.374018e-03	6.381520e-03	4.256878e-01	5.815569e-02
4.256878e-01	1.340712e-03	0.000000e+00	0.000000e+00	0.000000e+00	4.816666e-03	4.509839e-03	0.000000e+00	3.997230e-03	0.000000e+00	0.000000e+00	8.121752e-04	6.536026e-04	0.000000e+00	4.359814e-03	5.287645e-03	0.000000e+00	0.000000e+00	0.000000e+00	3.223918e-02	1.663459e-02	0.000000e+00	3.951345e-03	7.797040e-03	0.000000e+00	1.497587e-02	7.388280e-06	2.451195e-02	1.190830e-03	6.381520e-03	4.256878e-01	6.815835e-02
4.256878e-01	0.000000e+00	0.000000e+00	0.000000e+00	0.000000e+00	4.816666e-03	4.509839e-03	0.000000e+00	3.997230e-03	0.000000e+00	0.000000e+00	1.023595e-01	0.000000e+00	0.000000e+00	4.359814e-03	5.287645e-03	0.000000e+00	0.000000e+00	0.000000e+00	3.223918e-02	1.663459e-02	0.000000e+00	3.951345e-03	1.029989e-02	0.000000e+00	1.497587e-02	7.388280e-06	0.000000e+00	1.190830e-03	6.381520e-03	4.256878e-01	8.457467e-02
4.234819e-01	0.000000e+00	0.000000e+00	0.000000e+00	0.000000e+00	0.000000e+00	3.351741e-02	0.000000e+00	2.078877e-02	0.000000e+00	0.000000e+00	8.121752e-04	0.000000e+00	0.000000e+00	4.359814e-03	6.030881e-06	0.000000e+00	0.000000e+00	0.000000e+00	3.223918e-02	5.098305e-04	0.000000e+00	0.000000e+00	1.111856e-02	0.000000e+00	0.000000e+00	7.388280e-06	0.000000e+00	3.374018e-03	0.000000e+00	4.234819e-01	8.684885e-02
4.223648e-01	5.112779e-03	0.000000e+00	0.000000e+00	0.000000e+00	0.000000e+00	0.000000e+00	8.210994e-03	1.879016e-02	0.000000e+00	0.000000e+00	0.000000e+00	6.536026e-04	3.628009e-02	0.000000e+00	1.608235e-05	0.000000e+00	5.276106e-03	6.309287e-03	0.000000e+00	0.000000e+00	0.000000e+00	0.000000e+00	9.126536e-03	0.000000e+00	1.497587e-02	7.388280e-06	0.000000e+00	0.000000e+00	1.063587e-03	4.223648e-01	9.942271e-02
4.223648e-01	5.112779e-03	0.000000e+00	0.000000e+00	0.000000e+00	0.000000e+00	0.000000e+00	8.210994e-03	1.879016e-02	0.000000e+00	0.000000e+00	0.000000e+00	6.536026e-04	3.628009e-02	0.000000e+00	1.608235e-05	0.000000e+00	5.276106e-03	6.309287e-03	0.000000e+00	0.000000e+00	0.000000e+00	0.000000e+00	9.126536e-03	0.000000e+00	1.497587e-02	7.388280e-06	0.000000e+00	0.000000e+00	1.063587e-03	4.223648e-01	9.942271e-02
4.223648e-01	5.112779e-03	0.000000e+00	0.000000e+00	0.000000e+00	4.816666e-03	0.000000e+00	0.000000e+00	0.000000e+00	0.000000e+00	7.228524e-05	1.021565e-01	6.536026e-04	0.000000e+00	0.000000e+00	5.275583e-03	0.000000e+00	5.276106e-03	6.309287e-03	0.000000e+00	1.670257e-02	0.000000e+00	3.951345e-03	9.126536e-03	0.000000e+00	7.805916e-03	7.388280e-06	0.000000e+00	1.190830e-03	4.786140e-03	4.223648e-01	1.136899e-01
4.223648e-01	5.112779e-03	0.000000e+00	0.000000e+00	0.000000e+00	4.816666e-03	0.000000e+00	0.000000e+00	0.000000e+00	0.000000e+00	7.228524e-05	1.021565e-01	6.536026e-04	0.000000e+00	0.000000e+00	5.275583e-03	0.000000e+00	5.276106e-03	6.309287e-03	0.000000e+00	1.670257e-02	0.000000e+00	3.951345e-03	9.126536e-03	0.000000e+00	7.805916e-03	7.388280e-06	0.000000e+00	1.190830e-03	4.786140e-03	4.223648e-01	1.136899e-01
4.190135e-01	2.556389e-03	0.000000e+00	0.000000e+00	0.000000e+00	2.408333e-03	0.000000e+00	9.853193e-03	1.139369e-02	0.000000e+00	0.000000e+00	0.000000e+00	4.559423e-04	0.000000e+00	0.000000e+00	2.412352e-05	0.000000e+00	0.000000e+00	6.309287e-03	1.611959e-02	7.137627e-04	0.000000e+00	0.000000e+00	9.449627e-03	0.000000e+00	1.497587e-02	7.388280e-06	0.000000e+00	0.000000e+00	1.602665e-02	4.190135e-01	1.360357e-01
4.190135e-01	2.556389e-03	0.000000e+00	0.000000e+00	0.000000e+00	2.408333e-03	0.000000e+00	9.853193e-03	1.139369e-02	0.000000e+00	0.000000e+00	0.000000e+00	4.559423e-04	0.000000e+00	0.000000e+00	2.412352e-05	0.000000e+00	0.000000e+00	6.309287e-03	1.611959e-02	7.137627e-04	0.000000e+00	0.000000e+00	9.449627e-03	0.000000e+00	1.497587e-02	7.388280e-06	0.000000e+00	0.000000e+00	1.602665e-02	4.190135e-01	1.360357e-01
4.167863e-01	1.278195e-03	0.000000e+00	0.000000e+00	0.000000e+00	1.204167e-03	0.000000e+00	8.210994e-03	5.696847e-03	0.000000e+00	5.724663e-03	0.000000e+00	4.065030e-04	0.000000e+00	0.000000e+00	1.206176e-05	0.000000e+00	4.220885e-03	0.000000e+00	8.059794e-03	4.248588e-04	0.000000e+00	0.000000e+00	9.714418e-03	0.000000e+00	7.487933e-03	0.000000e+00	0.000000e+00	0.000000e+00	8.013326e-03	4.167863e-01	1.573950e-01
4.167863e-01	0.000000e+00	0.000000e+00	2.200944e-04	0.000000e+00	1.204167e-03	0.000000e+00	8.210994e-03	5.696847e-03	0.000000e+00	5.760805e-03	0.000000e+00	4.065030e-04	0.000000e+00	0.000000e+00	0.000000e+00	0.000000e+00	4.220885e-03	0.000000e+00	0.000000e+00	4.078644e-04	0.000000e+00	0.000000e+00	8.394927e-03	3.680801e-04	7.487933e-03	0.000000e+00	0.000000e+00	0.000000e+00	0.000000e+00	4.167863e-01	1.535819e-01
4.145592e-01	0.000000e+00	0.000000e+00	0.000000e+00	0.000000e+00	0.000000e+00	0.000000e+00	6.568795e-03	0.000000e+00	0.000000e+00	1.445705e-04	0.000000e+00	3.570638e-04	0.000000e+00	0.000000e+00	0.000000e+00	0.000000e+00	4.220885e-03	0.000000e+00	0.000000e+00	1.359548e-04	0.000000e+00	0.000000e+00	9.481216e-03	0.000000e+00	0.000000e+00	9.235350e-06	0.000000e+00	0.000000e+00	0.000000e+00	4.145592e-01	1.774694e-01
4.145592e-01	5.112779e-03	0.000000e+00	0.000000e+00	0.000000e+00	0.000000e+00	0.000000e+00	8.210994e-03	1.139369e-02	0.000000e+00	1.084279e-04	0.000000e+00	1.178064e-03	0.000000e+00	0.000000e+00	1.608235e-05	0.000000e+00	6.331327e-03	6.309287e-03	0.000000e+00	2.549153e-04	0.000000e+00	0.000000e+00	9.126536e-03	0.000000e+00	0.000000e+00	0.000000e+00	0.000000e+00	0.000000e+00	0.000000e+00	4.145592e-01	1.831917e-01
4.145592e-01	2.556389e-03	0.000000e+00	0.000000e+00	0.000000e+00	2.408333e-03	0.000000e+00	6.568795e-03	1.139369e-02	0.000000e+00	1.084279e-04	5.107825e-02	1.178064e-03	0.000000e+00	0.000000e+00	2.637792e-03	0.000000e+00	6.331327e-03	3.154643e-03	0.000000e+00	2.549153e-04	0.000000e+00	1.975672e-03	9.420477e-03	0.000000e+00	1.139089e-02	3.694140e-06	0.000000e+00	0.000000e+00	2.393070e-03	4.145592e-01	1.969097e-01
4.145592e-01	2.556389e-03	0.000000e+00	0.000000e+00	0.000000e+00	2.408333e-03	0.000000e+00	6.568795e-03	1.139369e-02	0.000000e+00	1.084279e-04	5.107825e-02	1.178064e-03	0.000000e+00	0.000000e+00	2.637792e-03	0.000000e+00	6.331327e-03	3.154643e-03	0.000000e+00	2.549153e-04	0.000000e+00	1.975672e-03	9.420477e-03	0.000000e+00	1.139089e-02	3.694140e-06	0.000000e+00	0.000000e+00	2.393070e-03	4.145592e-01	1.969097e-01
4.123321e-01	0.000000e+00	0.000000e+00	0.000000e+00	0.000000e+00	0.000000e+00	0.000000e+00	6.568795e-03	2.253662e-02	0.000000e+00	2.168557e-04	0.000000e+00	3.953206e-04	0.000000e+00	0.000000e+00	0.000000e+00	0.000000e+00	4.220885e-03	0.000000e+00	0.000000e+00	4.078644e-04	0.000000e+00	0.000000e+00	9.714418e-03	0.000000e+00	7.487933e-03	0.000000e+00	0.000000e+00	0.000000e+00	0.000000e+00	4.123321e-01	2.129700e-01
4.123321e-01	0.000000e+00	0.000000e+00	0.000000e+00	0.000000e+00	0.000000e+00	0.000000e+00	6.568795e-03	2.253662e-02	0.000000e+00	2.168557e-04	0.000000e+00	3.953206e-04	0.000000e+00	0.000000e+00	0.000000e+00	0.000000e+00	4.220885e-03	0.000000e+00	0.000000e+00	4.078644e-04	0.000000e+00	0.000000e+00	9.714418e-03	0.000000e+00	7.487933e-03	0.000000e+00	0.000000e+00	0.000000e+00	0.000000e+00	4.123321e-01	2.129700e-01
2.576863e-01	0.000000e+00	0.000000e+00	6.602831e-04	0.000000e+00	0.000000e+00	0.000000e+00	0.000000e+00	0.000000e+00	0.000000e+00	3.614262e-05	0.000000e+00	3.953206e-04	0.000000e+00	0.000000e+00	0.000000e+00	0.000000e+00	4.220885e-03	0.000000e+00	0.000000e+00	4.796977e-04	0.000000e+00	0.000000e+00	5.755945e-03	7.361603e-04	0.000000e+00	0.000000e+00	0.000000e+00	0.000000e+00	0.000000e+00	2.576863e-01	2.450075e-01
2.576863e-01	0.000000e+00	0.000000e+00	6.602831e-04	0.000000e+00	0.000000e+00	0.000000e+00	0.000000e+00	0.000000e+00	0.000000e+00	3.614262e-05	0.000000e+00	3.953206e-04	0.000000e+00	0.000000e+00	0.000000e+00	0.000000e+00	4.220885e-03	0.000000e+00	0.000000e+00	4.796977e-04	0.000000e+00	0.000000e+00	5.755945e-03	7.361603e-04	0.000000e+00	0.000000e+00	0.000000e+00	0.000000e+00	0.000000e+00	2.576863e-01	2.450075e-01
2.576863e-01	0.000000e+00	0.000000e+00	7.703303e-04	0.000000e+00	0.000000e+00	0.000000e+00	0.000000e+00	0.000000e+00	0.000000e+00	5.421393e-05	0.000000e+00	1.976603e-04	0.000000e+00	0.000000e+00	0.000000e+00	0.000000e+00	4.220885e-03	0.000000e+00	0.000000e+00	4.706293e-04	0.000000e+00	0.000000e+00	5.096200e-03	8.588536e-04	0.000000e+00	0.000000e+00	0.000000e+00	0.000000e+00	0.000000e+00	2.576863e-01	2.448649e-01
2.576863e-01	0.000000e+00	0.000000e+00	8.803774e-04	0.000000e+00	0.000000e+00	0.000000e+00	0.000000e+00	0.000000e+00	0.000000e+00	5.421393e-05	0.000000e+00	1.976603e-04	0.000000e+00	0.000000e+00	0.000000e+00	0.000000e+00	4.220885e-03	0.000000e+00	0.000000e+00	4.615609e-04	0.000000e+00	0.000000e+00	4.436454e-03	8.588536e-04	0.000000e+00	0.000000e+00	0.000000e+00	0.000000e+00	0.000000e+00	2.576863e-01	2.447354e-01
2.576863e-01	0.000000e+00	0.000000e+00	8.803774e-04	0.000000e+00	0.000000e+00	0.000000e+00	0.000000e+00	0.000000e+00	0.000000e+00	5.421393e-05	0.000000e+00	1.976603e-04	0.000000e+00	0.000000e+00	0.000000e+00	0.000000e+00	4.220885e-03	0.000000e+00	0.000000e+00	4.615609e-04	0.000000e+00	0.000000e+00	4.436454e-03	8.588536e-04	0.000000e+00	0.000000e+00	0.000000e+00	0.000000e+00	0.000000e+00	2.576863e-01	2.447354e-01
2.576863e-01	0.000000e+00	0.000000e+00	8.803774e-04	0.000000e+00	0.000000e+00	0.000000e+00	0.000000e+00	0.000000e+00	0.000000e+00	5.421393e-05	0.000000e+00	1.976603e-04	0.000000e+00	0.000000e+00	0.000000e+00	0.000000e+00	4.220885e-03	0.000000e+00	0.000000e+00	4.615609e-04	0.000000e+00	0.000000e+00	4.436454e-03	8.588536e-04	0.000000e+00	0.000000e+00	0.000000e+00	0.000000e+00	0.000000e+00	2.576863e-01	2.447354e-01
2.576863e-01	0.000000e+00	0.000000e+00	8.803774e-04	0.000000e+00	0.000000e+00	0.000000e+00	0.000000e+00	0.000000e+00	0.000000e+00	5.421393e-05	0.000000e+00	1.976603e-04	0.000000e+00	0.000000e+00	0.000000e+00	0.000000e+00	4.220885e-03	0.000000e+00	0.000000e+00	4.615609e-04	0.000000e+00	0.000000e+00	4.436454e-03	8.588536e-04	0.000000e+00	0.000000e+00	0.000000e+00	0.000000e+00	0.000000e+00	2.576863e-01	2.447354e-01
2.576863e-01	0.000000e+00	0.000000e+00	8.803774e-04	0.000000e+00	0.000000e+00	0.000000e+00	0.000000e+00	0.000000e+00	0.000000e+00	5.421393e-05	0.000000e+00	1.976603e-04	0.000000e+00	0.000000e+00	0.000000e+00	0.000000e+00	4.220885e-03	0.000000e+00	0.000000e+00	4.615609e-04	0.000000e+00	0.000000e+00	4.436454e-03	8.588536e-04	0.000000e+00	0.000000e+00	0.000000e+00	0.000000e+00	0.000000e+00	2.576863e-01	2.447354e-01
2.576863e-01	0.000000e+00	0.000000e+00	8.803774e-04	0.000000e+00	0.000000e+00	0.000000e+00	0.000000e+00	0.000000e+00	0.000000e+00	0.000000e+00	0.000000e+00	1.976603e-04	0.000000e+00	0.000000e+00	0.000000e+00	0.000000e+00	4.220885e-03	0.000000e+00	0.000000e+00	4.615609e-04	0.000000e+00	0.000000e+00	4.436454e-03	8.588536e-04	0.000000e+00	0.000000e+00	0.000000e+00	0.000000e+00	0.000000e+00	2.576863e-01	2.447228e-01
2.576863e-01	0.000000e+00	0.000000e+00	8.803774e-04	0.000000e+00	0.000000e+00	0.000000e+00	0.000000e+00	0.000000e+00	0.000000e+00	0.000000e+00	0.000000e+00	1.976603e-04	0.000000e+00	0.000000e+00	0.000000e+00	0.000000e+00	4.220885e-03	0.000000e+00	0.000000e+00	4.615609e-04	0.000000e+00	0.000000e+00	4.436454e-03	8.588536e-04	0.000000e+00	0.000000e+00	0.000000e+00	0.000000e+00	0.000000e+00	2.576863e-01	2.447228e-01
2.576863e-01	0.000000e+00	0.000000e+00	8.803774e-04	0.000000e+00	0.000000e+00	0.000000e+00	0.000000e+00	0.000000e+00	0.000000e+00	0.000000e+00	0.000000e+00	1.976603e-04	0.000000e+00	0.000000e+00	0.000000e+00	0.000000e+00	4.220885e-03	0.000000e+00	0.000000e+00	4.615609e-04	0.000000e+00	0.000000e+00	4.436454e-03	8.588536e-04	0.000000e+00	0.000000e+00	0.000000e+00	0.000000e+00	0.000000e+00	2.576863e-01	2.447228e-01
2.576863e-01	0.000000e+00	0.000000e+00	8.803774e-04	0.000000e+00	0.000000e+00	0.000000e+00	0.000000e+00	0.000000e+00	0.000000e+00	0.000000e+00	0.000000e+00	1.976603e-04	0.000000e+00	0.000000e+00	0.000000e+00	0.000000e+00	4.220885e-03	0.000000e+00	0.000000e+00	4.615609e-04	0.000000e+00	0.000000e+00	4.436454e-03	8.588536e-04	0.000000e+00	0.000000e+00	0.000000e+00	0.000000e+00	0.000000e+00	2.576863e-01	2.447228e-01
2.576863e-01	0.000000e+00	0.000000e+00	8.803774e-04	0.000000e+00	0.000000e+00	0.000000e+00	0.000000e+00	0.000000e+00	0.000000e+00	0.000000e+00	0.000000e+00	1.976603e-04	0.000000e+00	0.000000e+00	0.000000e+00	0.000000e+00	4.220885e-03	0.000000e+00	0.000000e+00	4.615609e-04	0.000000e+00	0.000000e+00	4.436454e-03	8.588536e-04	0.000000e+00	0.000000e+00	0.000000e+00	0.000000e+00	0.000000e+00	2.576863e-01	2.447228e-01
2.576863e-01	0.000000e+00	0.000000e+00	8.803774e-04	0.000000e+00	0.000000e+00	0.000000e+00	0.000000e+00	0.000000e+00	0.000000e+00	0.000000e+00	0.000000e+00	1.976603e-04	0.000000e+00	0.000000e+00	0.000000e+00	0.000000e+00	4.220885e-03	0.000000e+00	0.000000e+00	4.615609e-04	0.000000e+00	0.000000e+00	4.436454e-03	8.588536e-04	0.000000e+00	0.000000e+00	0.000000e+00	0.000000e+00	0.000000e+00	2.576863e-01	2.447228e-01
2.576863e-01	0.000000e+00	0.000000e+00	8.803774e-04	0.000000e+00	0.000000e+00	0.000000e+00	0.000000e+00	0.000000e+00	0.000000e+00	0.000000e+00	0.000000e+00	1.976603e-04	0.000000e+00	0.000000e+00	0.000000e+00	0.000000e+00	4.220885e-03	0.000000e+00	0.000000e+00	4.615609e-04	0.000000e+00	0.000000e+00	4.436454e-03	8.588536e-04	0.000000e+00	0.000000e+00	0.000000e+00	0.000000e+00	0.000000e+00	2.576863e-01	2.447228e-01
2.576863e-01	0.000000e+00	0.000000e+00	8.803774e-04	0.000000e+00	0.000000e+00	0.000000e+00	0.000000e+00	0.000000e+00	0.000000e+00	0.000000e+00	0.000000e+00	1.976603e-04	0.000000e+00	0.000000e+00	0.000000e+00	0.000000e+00	4.220885e-03	0.000000e+00	0.000000e+00	4.615609e-04	0.000000e+00	0.000000e+00	4.436454e-03	8.588536e-04	0.000000e+00	0.000000e+00	0.000000e+00	0.000000e+00	0.000000e+00	2.576863e-01	2.447228e-01
2.576863e-01	0.000000e+00	0.000000e+00	8.803774e-04	0.000000e+00	0.000000e+00	0.000000e+00	0.000000e+00	0.000000e+00	0.000000e+00	0.000000e+00	0.000000e+00	1.976603e-04	0.000000e+00	0.000000e+00	0.000000e+00	0.000000e+00	4.220885e-03	0.000000e+00	0.000000e+00	4.615609e-04	0.000000e+00	0.000000e+00	4.436454e-03	8.588536e-04	0.000000e+00	0.000000e+00	0.000000e+00	0.000000e+00	0.000000e+00	2.576863e-01	2.447228e-01
2.576863e-01	0.000000e+00	0.000000e+00	8.803774e-04	0.000000e+00	0.000000e+00	0.000000e+00	0.000000e+00	0.000000e+00	0.000000e+00	0.000000e+00	0.000000e+00	1.976603e-04	0.000000e+00	0.000000e+00	0.000000e+00	0.000000e+00	4.220885e-03	0.000000e+00	0.000000e+00	4.615609e-04	0.000000e+00	0.000000e+00	4.436454e-03	8.588536e-04	0.000000e+00	0.000000e+00	0.000000e+00	0.000000e+00	0.000000e+00	2.576863e-01	2.447228e-01
2.576863e-01	0.000000e+00	0.000000e+00	8.803774e-04	0.000000e+00	0.000000e+00	0.000000e+00	0.000000e+00	0.000000e+00	0.000000e+00	0.000000e+00	0.000000e+00	1.976603e-04	0.000000e+00	0.000000e+00	0.000000e+00	0.000000e+00	4.220885e-03	0.000000e+00	0.000000e+00	4.615609e-04	0.000000e+00	0.000000e+00	4.436454e-03	8.588536e-04	0.000000e+00	0.000000e+00	0.000000e+00	0.000000e+00	0.000000e+00	2.576863e-01	2.447228e-01
2.576863e-01	0.000000e+00	0.000000e+00	8.803774e-04	0.000000e+00	0.000000e+00	0.000000e+00	0.000000e+00	0.000000e+00	0.000000e+00	0.000000e+00	0.000000e+00	1.976603e-04	0.000000e+00	0.000000e+00	0.000000e+00	0.000000e+00	4.220885e-03	0.000000e+00	0.000000e+00	4.615609e-04	0.000000e+00	0.000000e+00	4.436454e-03	8.588536e-04	0.000000e+00	0.000000e+00	0.000000e+00	0.000000e+00	0.000000e+00	2.576863e-01	2.447228e-01
2.576863e-01	0.000000e+00	0.000000e+00	8.803774e-04	0.000000e+00	0.000000e+00	0.000000e+00	0.000000e+00	0.000000e+00	0.000000e+00	0.000000e+00	0.000000e+00	1.976603e-04	0.000000e+00	0.000000e+00	0.000000e+00	0.000000e+00	4.220885e-03	0.000000e+00	0.000000e+00	4.615609e-04	0.000000e+00	0.000000e+00	4.436454e-03	8.588536e-04	0.000000e+00	0.000000e+00	0.000000e+00	0.000000e+00	0.000000e+00	2.576863e-01	2.447228e-01
2.576863e-01	0.000000e+00	0.000000e+00	8.803774e-04	0.000000e+00	0.000000e+00	0.000000e+00	0.000000e+00	0.000000e+00	0.000000e+00	0.000000e+00	0.000000e+00	1.976603e-04	0.000000e+00	0.000000e+00	0.000000e+00	0.000000e+00	4.220885e-03	0.000000e+00	0.000000e+00	4.615609e-04	0.000000e+00	0.000000e+00	4.436454e-03	8.588536e-04	0.000000e+00	0.000000e+00	0.000000e+00	0.000000e+00	0.000000e+00	2.576863e-01	2.447228e-01
2.527748e-01	0.000000e+00	0.000000e+00	0.000000e+00	0.000000e+00	0.000000e+00	0.000000e+00	0.000000e+00	0.000000e+00	0.000000e+00	1.445705e-04	0.000000e+00	3.953206e-04	0.000000e+00	0.000000e+00	0.000000e+00	0.000000e+00	4.220885e-03	0.000000e+00	0.000000e+00	4.078644e-04	0.000000e+00	0.000000e+00	9.714418e-03	0.000000e+00	0.000000e+00	0.000000e+00	0.000000e+00	0.000000e+00	0.000000e+00	2.527748e-01	2.488769e-01
2.478634e-01	0.000000e+00	0.000000e+00	0.000000e+00	0.000000e+00	0.000000e+00	0.000000e+00	0.000000e+00	0.000000e+00	0.000000e+00	0.000000e+00	0.000000e+00	1.976603e-04	0.000000e+00	0.000000e+00	0.000000e+00	0.000000e+00	3.155445e-03	0.000000e+00	0.000000e+00	4.078644e-04	0.000000e+00	0.000000e+00	4.436454e-03	6.134669e-05	0.000000e+00	0.000000e+00	0.000000e+00	0.000000e+00	0.000000e+00	2.478634e-01	2.567615e-01
2.469918e-01	0.000000e+00	2.097803e-03	2.421038e-03	0.000000e+00	0.000000e+00	0.000000e+00	0.000000e+00	1.957826e-03	0.000000e+00	0.000000e+00	0.000000e+00	1.976603e-04	0.000000e+00	0.000000e+00	0.000000e+00	0.000000e+00	3.155445e-03	0.000000e+00	0.000000e+00	4.615609e-04	0.000000e+00	0.000000e+00	2.872627e-02	9.202003e-04	0.000000e+00	0.000000e+00	0.000000e+00	0.000000e+00	0.000000e+00	2.469918e-01	2.664518e-01
2.426225e-01	0.000000e+00	0.000000e+00	3.521510e-03	0.000000e+00	1.673346e-02	0.000000e+00	2.658033e-03	1.703707e-03	0.000000e+00	7.228524e-05	2.242240e-03	2.040364e-04	0.000000e+00	0.000000e+00	0.000000e+00	0.000000e+00	4.139134e-03	0.000000e+00	0.000000e+00	1.553769e-04	0.000000e+00	0.000000e+00	5.422289e-03	0.000000e+00	0.000000e+00	0.000000e+00	0.000000e+00	0.000000e+00	0.000000e+00	2.426225e-01	2.799258e-01
2.403315e-01	0.000000e+00	0.000000e+00	3.521510e-03	0.000000e+00	8.366730e-03	0.000000e+00	2.658033e-03	3.043221e-03	0.000000e+00	0.000000e+00	1.175265e-03	1.466512e-04	0.000000e+00	0.000000e+00	0.000000e+00	0.000000e+00	2.049130e-03	0.000000e+00	0.000000e+00	3.353171e-04	0.000000e+00	0.000000e+00	2.290390e-03	1.472321e-03	0.000000e+00	0.000000e+00	0.000000e+00	0.000000e+00	0.000000e+00	2.403315e-01	2.863084e-01
2.397949e-01	0.000000e+00	8.391212e-03	1.760755e-03	0.000000e+00	0.000000e+00	0.000000e+00	1.329016e-03	3.489726e-03	0.000000e+00	0.000000e+00	3.159521e-03	0.000000e+00	0.000000e+00	7.361699e-04	0.000000e+00	0.000000e+00	4.139134e-03	0.000000e+00	5.279751e-03	1.645167e-04	0.000000e+00	0.000000e+00	8.218793e-03	0.000000e+00	5.349108e-04	0.000000e+00	6.162131e-03	0.000000e+00	0.000000e+00	2.397949e-01	2.929094e-01
2.362972e-01	0.000000e+00	4.195606e-03	3.961698e-03	0.000000e+00	0.000000e+00	0.000000e+00	3.322541e-03	3.915653e-03	0.000000e+00	0.000000e+00	2.755026e-03	1.976603e-04	0.000000e+00	0.000000e+00	0.000000e+00	0.000000e+00	2.090005e-03	0.000000e+00	0.000000e+00	0.000000e+00	0.000000e+00	0.000000e+00	4.181559e-03	9.815470e-04	0.000000e+00	0.000000e+00	0.000000e+00	0.000000e+00	0.000000e+00	2.362972e-01	3.051757e-01
2.337461e-01	0.000000e+00	0.000000e+00	1.760755e-03	0.000000e+00	0.000000e+00	0.000000e+00	0.000000e+00	0.000000e+00	0.000000e+00	0.000000e+00	0.000000e+00	3.060547e-04	0.000000e+00	0.000000e+00	0.000000e+00	2.463110e-02	2.069567e-03	0.000000e+00	0.000000e+00	4.078644e-04	0.000000e+00	0.000000e+00	3.688642e-03	9.815470e-04	0.000000e+00	0.000000e+00	1.511770e-03	0.000000e+00	0.000000e+00	2.337461e-01	3.209259e-01
2.313857e-01	0.000000e+00	0.000000e+00	3.961698e-03	0.000000e+00	0.000000e+00	0.000000e+00	0.000000e+00	4.788084e-03	0.000000e+00	1.445705e-04	2.755026e-03	1.976603e-04	0.000000e+00	0.000000e+00	0.000000e+00	0.000000e+00	1.024565e-03	0.000000e+00	0.000000e+00	4.615609e-04	0.000000e+00	0.000000e+00	4.436454e-03	9.815470e-04	0.000000e+00	0.000000e+00	0.000000e+00	0.000000e+00	0.000000e+00	2.313857e-01	3.304594e-01
2.300149e-01	0.000000e+00	3.872532e-03	3.673164e-03	0.000000e+00	0.000000e+00	8.075787e-04	0.000000e+00	2.232524e-04	0.000000e+00	2.987126e-03	3.159521e-03	1.830654e-03	5.106404e-03	1.500817e-04	0.000000e+00	4.462017e-03	0.000000e+00	0.000000e+00	0.000000e+00	0.000000e+00	5.744723e-03	0.000000e+00	4.247073e-03	0.000000e+00	0.000000e+00	1.519504e-04	0.000000e+00	0.000000e+00	4.618200e-03	2.300149e-01	3.439429e-01
2.287393e-01	0.000000e+00	0.000000e+00	3.521510e-03	0.000000e+00	8.366730e-03	0.000000e+00	2.658033e-03	0.000000e+00	0.000000e+00	2.987126e-03	1.782008e-03	1.466512e-04	0.000000e+00	0.000000e+00	0.000000e+00	0.000000e+00	2.049130e-03	0.000000e+00	0.000000e+00	2.039322e-04	0.000000e+00	0.000000e+00	2.290390e-03	1.472321e-03	0.000000e+00	0.000000e+00	0.000000e+00	1.937421e-02	0.000000e+00	2.287393e-01	3.527500e-01
2.253160e-01	5.073421e-04	7.745065e-03	5.585573e-03	0.000000e+00	0.000000e+00	0.000000e+00	0.000000e+00	2.181079e-03	0.000000e+00	0.000000e+00	2.121498e-03	1.792397e-03	0.000000e+00	3.680849e-04	0.000000e+00	4.032929e-03	0.000000e+00	0.000000e+00	0.000000e+00	0.000000e+00	0.000000e+00	0.000000e+00	3.153334e-03	9.815470e-04	0.000000e+00	1.519504e-04	0.000000e+00	0.000000e+00	0.000000e+00	2.253160e-01	3.712077e-01
2.253160e-01	0.000000e+00	7.745065e-03	3.643616e-04	0.000000e+00	4.183365e-03	0.000000e+00	1.329016e-03	2.181079e-03	0.000000e+00	0.000000e+00	2.121498e-03	0.000000e+00	0.000000e+00	0.000000e+00	0.000000e+00	2.240009e-02	3.094132e-03	0.000000e+00	0.000000e+00	0.000000e+00	0.000000e+00	0.000000e+00	3.153334e-03	1.717707e-03	0.000000e+00	1.519504e-04	0.000000e+00	0.000000e+00	0.000000e+00	2.253160e-01	3.759077e-01
2.220421e-01	0.000000e+00	0.000000e+00	3.247749e-03	0.000000e+00	0.000000e+00	0.000000e+00	0.000000e+00	0.000000e+00	0.000000e+00	0.000000e+00	1.547910e-03	2.040364e-04	0.000000e+00	2.180033e-04	0.000000e+00	1.231555e-02	0.000000e+00	0.000000e+00	0.000000e+00	1.553769e-04	1.148945e-02	0.000000e+00	4.751500e-03	1.472321e-03	0.000000e+00	1.519504e-04	0.000000e+00	0.000000e+00	9.383229e-03	2.220421e-01	3.976968e-01
2.206639e-01	0.000000e+00	6.293409e-03	0.000000e+00	0.000000e+00	0.000000e+00	0.000000e+00	1.329016e-03	2.399187e-03	0.000000e+00	0.000000e+00	2.098772e-03	1.466512e-04	0.000000e+00	0.000000e+00	0.000000e+00	0.000000e+00	1.449226e-02	4.803121e-07	5.279751e-03	2.039322e-04	0.000000e+00	0.000000e+00	2.707539e-02	4.907735e-04	0.000000e+00	0.000000e+00	6.478033e-03	1.937421e-02	2.429355e-03	2.206639e-01	4.178142e-01
2.178992e-01	4.295309e-03	3.872532e-03	2.490946e-03	0.000000e+00	1.557653e-02	1.193039e-03	6.746436e-04	1.718070e-04	0.000000e+00	3.729390e-03	2.312310e-03	6.903249e-04	1.276601e-03	3.001633e-04	0.000000e+00	7.012389e-03	2.069567e-03	2.401561e-07	6.599689e-04	1.042511e-04	0.000000e+00	0.000000e+00	6.041975e-03	7.361603e-04	9.932419e-05	0.000000e+00	0.000000e+00	3.027667e-03	4.994688e-03	2.178992e-01	4.316420e-01
2.178992e-01	4.295309e-03	3.872532e-03	2.490946e-03	0.000000e+00	1.557653e-02	1.193039e-03	6.746436e-04	1.718070e-04	0.000000e+00	3.729390e-03	2.312310e-03	6.903249e-04	1.276601e-03	3.001633e-04	0.000000e+00	7.012389e-03	2.069567e-03	2.401561e-07	6.599689e-04	1.042511e-04	0.000000e+00	0.000000e+00	6.041975e-03	7.361603e-04	9.932419e-05	0.000000e+00	0.000000e+00	3.027667e-03	4.994688e-03	2.178992e-01	4.316420e-01
2.114649e-01	0.000000e+00	3.549459e-03	1.168912e-03	0.000000e+00	0.000000e+00	3.279384e-03	2.643208e-04	1.957826e-03	0.000000e+00	0.000000e+00	8.335329e-03	0.000000e+00	0.000000e+00	0.000000e+00	0.000000e+00	4.032929e-03	0.000000e+00	0.000000e+00	0.000000e+00	0.000000e+00	0.000000e+00	0.000000e+00	0.000000e+00	0.000000e+00	0.000000e+00	0.000000e+00	8.872472e-04	0.000000e+00	0.000000e+00	2.114649e-01	4.712309e-01
2.114649e-01	4.295309e-03	3.549459e-03	2.865859e-03	0.000000e+00	0.000000e+00	3.279384e-03	6.645082e-04	1.090539e-03	0.000000e+00	0.000000e+00	1.060749e-03	7.651367e-05	0.000000e+00	0.000000e+00	0.000000e+00	1.523297e-02	0.000000e+00	4.803121e-07	0.000000e+00	0.000000e+00	4.186160e-03	0.000000e+00	1.576667e-03	1.349627e-03	9.932419e-05	7.597520e-05	1.137468e-03	0.000000e+00	6.347728e-03	2.114649e-01	4.768355e-01
2.088146e-01	0.000000e+00	3.549459e-03	2.865859e-03	0.000000e+00	0.000000e+00	2.161279e-03	6.645082e-04	0.000000e+00	0.000000e+00	0.000000e+00	3.994082e-03	7.651367e-05	0.000000e+00	1.840425e-04	0.000000e+00	1.008232e-03	0.000000e+00	1.801170e-07	0.000000e+00	0.000000e+00	4.186160e-03	0.000000e+00	7.216262e-05	1.349627e-03	9.932419e-05	7.597520e-05	1.137468e-03	0.000000e+00	1.214677e-03	2.088146e-01	4.913727e-01
2.059545e-01	4.295309e-03	3.549459e-03	3.702290e-03	0.000000e+00	2.979036e-04	2.881705e-03	0.000000e+00	0.000000e+00	0.000000e+00	0.000000e+00	0.000000e+00	7.651367e-05	0.000000e+00	0.000000e+00	0.000000e+00	4.032929e-03	1.448204e-02	9.606242e-07	0.000000e+00	0.000000e+00	4.186160e-03	0.000000e+00	0.000000e+00	4.907735e-04	9.932419e-05	0.000000e+00	1.453370e-03	0.000000e+00	8.777083e-03	2.059545e-01	5.194823e-01
2.043296e-01	4.295309e-03	0.000000e+00	1.774584e-03	0.000000e+00	1.945653e-02	0.000000e+00	6.746436e-04	1.064817e-03	0.000000e+00	2.987126e-03	2.270878e-02	2.916406e-04	1.276601e-03	1.331013e-04	0.000000e+00	4.995924e-03	0.000000e+00	4.322809e-06	0.000000e+00	1.553769e-04	0.000000e+00	0.000000e+00	6.025596e-03	9.815470e-04	1.986484e-04	7.528606e-03	0.000000e+00	0.000000e+00	9.383229e-03	2.043296e-01	5.404640e-01
1.983210e-01	0.000000e+00	3.549459e-03	2.037224e-03	0.000000e+00	0.000000e+00	0.000000e+00	0.000000e+00	0.000000e+00	0.000000e+00	0.000000e+00	0.000000e+00	0.000000e+00	0.000000e+00	0.000000e+00	0.000000e+00	0.000000e+00	8.953181e-03	9.606242e-07	0.000000e+00	0.000000e+00	0.000000e+00	0.000000e+00	0.000000e+00	0.000000e+00	0.000000e+00	0.000000e+00	6.318042e-04	0.000000e+00	4.858710e-03	1.983210e-01	5.699578e-01
1.983210e-01	0.000000e+00	3.549459e-03	2.037224e-03	0.000000e+00	0.000000e+00	0.000000e+00	0.000000e+00	0.000000e+00	0.000000e+00	0.000000e+00	0.000000e+00	0.000000e+00	0.000000e+00	0.000000e+00	0.000000e+00	0.000000e+00	8.953181e-03	9.606242e-07	0.000000e+00	0.000000e+00	0.000000e+00	0.000000e+00	0.000000e+00	0.000000e+00	0.000000e+00	0.000000e+00	6.318042e-04	0.000000e+00	4.858710e-03	1.983210e-01	5.699578e-01
1.951799e-01	4.295309e-03	1.129452e-02	2.490946e-03	0.000000e+00	1.557653e-02	1.193039e-03	0.000000e+00	1.718070e-04	0.000000e+00	1.484528e-03	2.312310e-03	8.738823e-04	0.000000e+00	3.001633e-04	0.000000e+00	8.065858e-03	2.069567e-03	2.401561e-07	1.319938e-03	1.042511e-04	0.000000e+00	0.000000e+00	3.275700e-05	0.000000e+00	1.575872e-04	0.000000e+00	6.568120e-05	0.000000e+00	0.000000e+00	1.951799e-01	6.001924e-01
1.915363e-01	0.000000e+00	0.000000e+00	1.245678e-03	0.000000e+00	0.000000e+00	0.000000e+00	2.643208e-04	0.000000e+00	0.000000e+00	0.000000e+00	7.179174e-03	2.677301e-04	0.000000e+00	0.000000e+00	0.000000e+00	0.000000e+00	6.206235e-03	0.000000e+00	0.000000e+00	0.000000e+00	0.000000e+00	0.000000e+00	4.695855e-03	0.000000e+00	0.000000e+00	0.000000e+00	0.000000e+00	0.000000e+00	2.429355e-03	1.915363e-01	6.180883e-01
1.883567e-01	0.000000e+00	3.549459e-03	4.091975e-07	0.000000e+00	0.000000e+00	7.953592e-04	0.000000e+00	0.000000e+00	0.000000e+00	0.000000e+00	1.547910e-03	2.677301e-04	0.000000e+00	0.000000e+00	0.000000e+00	2.308782e-02	1.448204e-02	9.606242e-07	0.000000e+00	0.000000e+00	0.000000e+00	0.000000e+00	3.623350e-03	0.000000e+00	0.000000e+00	0.000000e+00	0.000000e+00	0.000000e+00	1.670951e-04	1.883567e-01	6.449305e-01
8.225371e-02	0.000000e+00	0.000000e+00	0.000000e+00	0.000000e+00	0.000000e+00	0.000000e+00	0.000000e+00	0.000000e+00	0.000000e+00	0.000000e+00	0.000000e+00	0.000000e+00	0.000000e+00	0.000000e+00	0.000000e+00	0.000000e+00	8.953181e-03	0.000000e+00	0.000000e+00	0.000000e+00	0.000000e+00	0.000000e+00	0.000000e+00	0.000000e+00	0.000000e+00	0.000000e+00	0.000000e+00	0.000000e+00	7.288065e-03	8.225371e-02	6.740006e-01
8.225371e-02	0.000000e+00	0.000000e+00	0.000000e+00	0.000000e+00	0.000000e+00	0.000000e+00	0.000000e+00	0.000000e+00	0.000000e+00	0.000000e+00	0.000000e+00	0.000000e+00	0.000000e+00	0.000000e+00	0.000000e+00	0.000000e+00	8.953181e-03	0.000000e+00	0.000000e+00	0.000000e+00	0.000000e+00	0.000000e+00	0.000000e+00	0.000000e+00	0.000000e+00	0.000000e+00	0.000000e+00	0.000000e+00	7.288065e-03	8.225371e-02	6.740006e-01
8.225371e-02	0.000000e+00	0.000000e+00	0.000000e+00	0.000000e+00	0.000000e+00	0.000000e+00	0.000000e+00	0.000000e+00	0.000000e+00	0.000000e+00	0.000000e+00	0.000000e+00	0.000000e+00	0.000000e+00	0.000000e+00	0.000000e+00	8.953181e-03	0.000000e+00	0.000000e+00	0.000000e+00	0.000000e+00	0.000000e+00	0.000000e+00	0.000000e+00	0.000000e+00	0.000000e+00	0.000000e+00	0.000000e+00	7.288065e-03	8.225371e-02	6.740006e-01
8.225371e-02	0.000000e+00	0.000000e+00	0.000000e+00	0.000000e+00	0.000000e+00	0.000000e+00	0.000000e+00	0.000000e+00	0.000000e+00	0.000000e+00	0.000000e+00	0.000000e+00	0.000000e+00	0.000000e+00	0.000000e+00	0.000000e+00	8.953181e-03	0.000000e+00	0.000000e+00	0.000000e+00	0.000000e+00	0.000000e+00	0.000000e+00	0.000000e+00	0.000000e+00	0.000000e+00	0.000000e+00	0.000000e+00	7.288065e-03	8.225371e-02	6.740006e-01
8.225371e-02	0.000000e+00	0.000000e+00	0.000000e+00	0.000000e+00	0.000000e+00	0.000000e+00	0.000000e+00	0.000000e+00	0.000000e+00	0.000000e+00	0.000000e+00	0.000000e+00	0.000000e+00	0.000000e+00	0.000000e+00	0.000000e+00	8.953181e-03	0.000000e+00	0.000000e+00	0.000000e+00	0.000000e+00	0.000000e+00	0.000000e+00	0.000000e+00	0.000000e+00	0.000000e+00	0.000000e+00	0.000000e+00	7.288065e-03	8.225371e-02	6.740006e-01
8.225371e-02	0.000000e+00	0.000000e+00	0.000000e+00	0.000000e+00	0.000000e+00	0.000000e+00	0.000000e+00	0.000000e+00	0.000000e+00	0.000000e+00	0.000000e+00	0.000000e+00	0.000000e+00	0.000000e+00	0.000000e+00	0.000000e+00	8.953181e-03	0.000000e+00	0.000000e+00	0.000000e+00	0.000000e+00	0.000000e+00	0.000000e+00	0.000000e+00	0.000000e+00	0.000000e+00	0.000000e+00	0.000000e+00	7.288065e-03	8.225371e-02	6.740006e-01
8.225371e-02	0.000000e+00	0.000000e+00	0.000000e+00	0.000000e+00	0.000000e+00	0.000000e+00	0.000000e+00	0.000000e+00	0.000000e+00	0.000000e+00	0.000000e+00	0.000000e+00	0.000000e+00	0.000000e+00	0.000000e+00	0.000000e+00	8.953181e-03	0.000000e+00	0.000000e+00	0.000000e+00	0.000000e+00	0.000000e+00	0.000000e+00	0.000000e+00	0.000000e+00	0.000000e+00	0.000000e+00	0.000000e+00	7.288065e-03	8.225371e-02	6.740006e-01
8.225371e-02	0.000000e+00	0.000000e+00	0.000000e+00	0.000000e+00	0.000000e+00	0.000000e+00	0.000000e+00	0.000000e+00	0.000000e+00	0.000000e+00	0.000000e+00	0.000000e+00	0.000000e+00	0.000000e+00	0.000000e+00	0.000000e+00	8.953181e-03	0.000000e+00	0.000000e+00	0.000000e+00	0.000000e+00	0.000000e+00	0.000000e+00	0.000000e+00	0.000000e+00	0.000000e+00	0.000000e+00	0.000000e+00	7.288065e-03	8.225371e-02	6.740006e-01
8.225371e-02	0.000000e+00	0.000000e+00	0.000000e+00	0.000000e+00	0.000000e+00	0.000000e+00	0.000000e+00	0.000000e+00	0.000000e+00	0.000000e+00	0.000000e+00	0.000000e+00	0.000000e+00	0.000000e+00	0.000000e+00	0.000000e+00	8.953181e-03	0.000000e+00	0.000000e+00	0.000000e+00	0.000000e+00	0.000000e+00	0.000000e+00	0.000000e+00	0.000000e+00	0.000000e+00	0.000000e+00	0.000000e+00	7.288065e-03	8.225371e-02	6.740006e-01
8.225371e-02	0.000000e+00	0.000000e+00	0.000000e+00	0.000000e+00	0.000000e+00	0.000000e+00	0.000000e+00	0.000000e+00	0.000000e+00	0.000000e+00	0.000000e+00	0.000000e+00	0.000000e+00	0.000000e+00	0.000000e+00	0.000000e+00	8.953181e-03	0.000000e+00	0.000000e+00	0.000000e+00	0.000000e+00	0.000000e+00	0.000000e+00	0.000000e+00	0.000000e+00	0.000000e+00	0.000000e+00	0.000000e+00	7.288065e-03	8.225371e-02	6.740006e-01
8.225371e-02	0.000000e+00	0.000000e+00	0.000000e+00	0.000000e+00	0.000000e+00	0.000000e+00	0.000000e+00	0.000000e+00	0.000000e+00	0.000000e+00	0.000000e+00	0.000000e+00	0.000000e+00	0.000000e+00	0.000000e+00	0.000000e+00	8.953181e-03	0.000000e+00	0.000000e+00	0.000000e+00	0.000000e+00	0.000000e+00	0.000000e+00	0.000000e+00	0.000000e+00	0.000000e+00	0.000000e+00	0.000000e+00	7.288065e-03	8.225371e-02	6.740006e-01
8.225371e-02	0.000000e+00	0.000000e+00	0.000000e+00	0.000000e+00	0.000000e+00	0.000000e+00	0.000000e+00	0.000000e+00	0.000000e+00	0.000000e+00	0.000000e+00	0.000000e+00	0.000000e+00	0.000000e+00	0.000000e+00	0.000000e+00	8.953181e-03	0.000000e+00	0.000000e+00	0.000000e+00	0.000000e+00	0.000000e+00	0.000000e+00	0.000000e+00	0.000000e+00	0.000000e+00	0.000000e+00	0.000000e+00	7.288065e-03	8.225371e-02	6.740006e-01
8.225371e-02	0.000000e+00	0.000000e+00	0.000000e+00	0.000000e+00	0.000000e+00	0.000000e+00	0.000000e+00	0.000000e+00	0.000000e+00	0.000000e+00	0.000000e+00	0.000000e+00	0.000000e+00	0.000000e+00	0.000000e+00	0.000000e+00	8.953181e-03	0.000000e+00	0.000000e+00	0.000000e+00	0.000000e+00	0.000000e+00	0.000000e+00	0.000000e+00	0.000000e+00	0.000000e+00	0.000000e+00	0.000000e+00	7.288065e-03	8.225371e-02	6.740006e-01
8.225371e-02	0.000000e+00	0.000000e+00	0.000000e+00	0.000000e+00	0.000000e+00	0.000000e+00	0.000000e+00	0.000000e+00	0.000000e+00	0.000000e+00	0.000000e+00	0.000000e+00	0.000000e+00	0.000000e+00	0.000000e+00	0.000000e+00	8.953181e-03	0.000000e+00	0.000000e+00	0.000000e+00	0.000000e+00	0.000000e+00	0.000000e+00	0.000000e+00	0.000000e+00	0.000000e+00	0.000000e+00	0.000000e+00	7.288065e-03	8.225371e-02	6.740006e-01
8.225371e-02	0.000000e+00	0.000000e+00	0.000000e+00	0.000000e+00	0.000000e+00	0.000000e+00	0.000000e+00	0.000000e+00	0.000000e+00	0.000000e+00	0.000000e+00	0.000000e+00	0.000000e+00	0.000000e+00	0.000000e+00	0.000000e+00	8.953181e-03	0.000000e+00	0.000000e+00	0.000000e+00	0.000000e+00	0.000000e+00	0.000000e+00	0.000000e+00	0.000000e+00	0.000000e+00	0.000000e+00	0.000000e+00	7.288065e-03	8.225371e-02	6.740006e-01
8.225371e-02	0.000000e+00	0.000000e+00	0.000000e+00	0.000000e+00	0.000000e+00	0.000000e+00	0.000000e+00	0.000000e+00	0.000000e+00	0.000000e+00	0.000000e+00	0.000000e+00	0.000000e+00	0.000000e+00	0.000000e+00	0.000000e+00	8.953181e-03	0.000000e+00	0.000000e+00	0.000000e+00	0.000000e+00	0.000000e+00	0.000000e+00	0.000000e+00	0.000000e+00	0.000000e+00	0.000000e+00	0.000000e+00	7.288065e-03	8.225371e-02	6.740006e-01
7.697742e-02	0.000000e+00	0.000000e+00	2.491356e-03	0.000000e+00	0.000000e+00	1.838532e-03	0.000000e+00	0.000000e+00	0.000000e+00	0.000000e+00	0.000000e+00	0.000000e+00	0.000000e+00	0.000000e+00	0.000000e+00	0.000000e+00	8.953181e-03	3.602341e-07	0.000000e+00	0.000000e+00	0.000000e+00	0.000000e+00	4.695855e-03	0.000000e+00	0.000000e+00	0.000000e+00	6.318042e-04	3.289554e-04	4.858710e-03	7.697742e-02	6.779680e-01
7.170113e-02	0.000000e+00	0.000000e+00	0.000000e+00	0.000000e+00	0.000000e+00	3.677064e-03	0.000000e+00	0.000000e+00	0.000000e+00	0.000000e+00	0.000000e+00	3.977085e-04	0.000000e+00	0.000000e+00	0.000000e+00	0.000000e+00	7.675353e-03	0.000000e+00	0.000000e+00	0.000000e+00	0.000000e+00	0.000000e+00	4.695855e-03	0.000000e+00	0.000000e+00	0.000000e+00	6.318042e-04	6.579109e-04	0.000000e+00	7.170113e-02	6.813242e-01
6.599865e-02	0.000000e+00	2.223874e-03	0.000000e+00	0.000000e+00	0.000000e+00	0.000000e+00	0.000000e+00	0.000000e+00	0.000000e+00	0.000000e+00	0.000000e+00	0.000000e+00	0.000000e+00	0.000000e+00	0.000000e+00	0.000000e+00	8.953181e-03	0.000000e+00	0.000000e+00	0.000000e+00	0.000000e+00	0.000000e+00	0.000000e+00	0.000000e+00	0.000000e+00	0.000000e+00	6.318042e-04	0.000000e+00	4.858710e-03	6.599865e-02	6.897707e-01
5.983049e-02	0.000000e+00	0.000000e+00	0.000000e+00	0.000000e+00	0.000000e+00	0.000000e+00	0.000000e+00	0.000000e+00	0.000000e+00	0.000000e+00	0.000000e+00	0.000000e+00	0.000000e+00	0.000000e+00	0.000000e+00	1.966287e-02	8.953181e-03	0.000000e+00	0.000000e+00	0.000000e+00	0.000000e+00	0.000000e+00	0.000000e+00	0.000000e+00	0.000000e+00	0.000000e+00	5.528287e-04	0.000000e+00	7.288065e-03	5.983049e-02	7.083318e-01
5.612583e-02	0.000000e+00	2.526920e-02	0.000000e+00	0.000000e+00	0.000000e+00	0.000000e+00	0.000000e+00	0.000000e+00	0.000000e+00	1.071570e-02	0.000000e+00	0.000000e+00	0.000000e+00	0.000000e+00	0.000000e+00	9.253357e-03	1.039705e-02	1.304488e-03	0.000000e+00	0.000000e+00	0.000000e+00	0.000000e+00	4.695855e-03	0.000000e+00	0.000000e+00	0.000000e+00	6.318042e-04	5.709652e-04	0.000000e+00	5.612583e-02	7.252041e-01
4.974360e-02	0.000000e+00	0.000000e+00	2.491356e-03	0.000000e+00	6.517223e-03	0.000000e+00	0.000000e+00	0.000000e+00	0.000000e+00	0.000000e+00	0.000000e+00	0.000000e+00	0.000000e+00	0.000000e+00	0.000000e+00	1.989341e-02	8.953181e-03	0.000000e+00	0.000000e+00	0.000000e+00	0.000000e+00	0.000000e+00	4.695855e-03	0.000000e+00	0.000000e+00	0.000000e+00	0.000000e+00	6.377045e-04	0.000000e+00	4.974360e-02	7.391390e-01
4.446731e-02	0.000000e+00	0.000000e+00	0.000000e+00	0.000000e+00	0.000000e+00	0.000000e+00	0.000000e+00	0.000000e+00	0.000000e+00	0.000000e+00	0.000000e+00	3.124748e-03	0.000000e+00	0.000000e+00	0.000000e+00	0.000000e+00	8.231246e-03	0.000000e+00	0.000000e+00	0.000000e+00	0.000000e+00	0.000000e+00	3.130570e-03	0.000000e+00	0.000000e+00	0.000000e+00	6.318042e-04	0.000000e+00	1.093210e-02	4.446731e-02	7.525639e-01
4.182917e-02	0.000000e+00	0.000000e+00	0.000000e+00	0.000000e+00	6.517223e-03	2.286011e-03	3.205957e-02	0.000000e+00	0.000000e+00	0.000000e+00	0.000000e+00	1.143844e-03	0.000000e+00	0.000000e+00	0.000000e+00	1.346771e-02	7.675353e-03	0.000000e+00	0.000000e+00	0.000000e+00	0.000000e+00	0.000000e+00	0.000000e+00	0.000000e+00	0.000000e+00	7.030303e-03	6.318042e-04	1.644777e-04	1.756570e-03	4.182917e-02	7.752965e-01
3.591356e-02	0.000000e+00	2.526920e-02	0.000000e+00	0.000000e+00	0.000000e+00	0.000000e+00	0.000000e+00	0.000000e+00	0.000000e+00	0.000000e+00	0.000000e+00	0.000000e+00	0.000000e+00	0.000000e+00	0.000000e+00	1.598721e-02	9.758137e-03	0.000000e+00	0.000000e+00	0.000000e+00	0.000000e+00	0.000000e+00	7.826426e-04	0.000000e+00	0.000000e+00	0.000000e+00	6.318042e-04	6.532040e-04	0.000000e+00	3.591356e-02	7.929566e-01
2.987854e-02	0.000000e+00	9.905650e-03	0.000000e+00	0.000000e+00	6.517223e-03	0.000000e+00	0.000000e+00	1.989143e-03	0.000000e+00	1.760999e-02	0.000000e+00	2.287687e-03	0.000000e+00	0.000000e+00	0.000000e+00	1.875448e-02	8.953181e-03	0.000000e+00	4.706322e-03	0.000000e+00	0.000000e+00	0.000000e+00	4.695855e-03	0.000000e+00	5.390013e-03	0.000000e+00	3.948776e-04	4.982632e-05	0.000000e+00	2.987854e-02	8.260918e-01
2.447512e-02	0.000000e+00	0.000000e+00	0.000000e+00	0.000000e+00	0.000000e+00	8.646586e-03	0.000000e+00	0.000000e+00	0.000000e+00	0.000000e+00	0.000000e+00	1.143844e-03	0.000000e+00	0.000000e+00	0.000000e+00	1.346771e-02	7.675353e-03	0.000000e+00	0.000000e+00	0.000000e+00	0.000000e+00	0.000000e+00	0.000000e+00	0.000000e+00	5.881725e-04	7.030303e-03	3.159021e-04	6.579109e-04	0.000000e+00	2.447512e-02	8.378460e-01
1.878231e-02	0.000000e+00	0.000000e+00	0.000000e+00	0.000000e+00	0.000000e+00	5.466980e-03	0.000000e+00	0.000000e+00	0.000000e+00	0.000000e+00	0.000000e+00	1.436919e-03	0.000000e+00	0.000000e+00	0.000000e+00	1.579181e-02	1.028671e-02	0.000000e+00	0.000000e+00	0.000000e+00	0.000000e+00	0.000000e+00	0.000000e+00	0.000000e+00	5.881725e-04	1.811611e-02	2.566704e-04	3.313088e-04	0.000000e+00	1.878231e-02	8.676167e-01
1.263424e-02	0.000000e+00	0.000000e+00	1.245678e-03	0.000000e+00	0.000000e+00	0.000000e+00	0.000000e+00	0.000000e+00	0.000000e+00	0.000000e+00	0.000000e+00	0.000000e+00	4.170362e-02	0.000000e+00	0.000000e+00	4.472600e-03	7.675353e-03	0.000000e+00	0.000000e+00	0.000000e+00	0.000000e+00	0.000000e+00	6.105688e-03	0.000000e+00	0.000000e+00	0.000000e+00	0.000000e+00	1.520211e-04	0.000000e+00	1.263424e-02	9.006899e-01
2.218974e-03	0.000000e+00	4.952825e-03	0.000000e+00	0.000000e+00	0.000000e+00	0.000000e+00	0.000000e+00	0.000000e+00	0.000000e+00	1.071570e-02	0.000000e+00	0.000000e+00	0.000000e+00	0.000000e+00	0.000000e+00	7.017056e-03	9.611394e-03	1.304488e-03	0.000000e+00	0.000000e+00	0.000000e+00	0.000000e+00	4.226808e-03	0.000000e+00	0.000000e+00	0.000000e+00	6.318042e-04	3.336622e-04	3.644032e-03	2.218974e-03	9.656006e-01
0.000000e+00	0.000000e+00	0.000000e+00	0.000000e+00	0.000000e+00	0.000000e+00	2.534058e-03	0.000000e+00	0.000000e+00	0.000000e+00	0.000000e+00	0.000000e+00	0.000000e+00	0.000000e+00	0.000000e+00	0.000000e+00	1.259751e-03	5.618139e-03	0.000000e+00	0.000000e+00	0.000000e+00	0.000000e+00	0.000000e+00	3.757760e-03	0.000000e+00	0.000000e+00	0.000000e+00	0.000000e+00	1.621243e-04	0.000000e+00	0.000000e+00	1.004137e+00
