6.396924e-01	9.268957e-03	2.296832e-02	2.220384e-01	2.179987e-01	0.000000e+00	4.174724e-02	8.146826e-02	2.261184e-02	9.210799e-02	3.901286e-02	5.862256e-02	0.000000e+00	0.000000e+00	3.034677e-02	4.777753e-02	2.629868e-01	0.000000e+00	2.750452e-03	1.027999e-01	3.468941e-02	2.889451e-02	2.127190e-02	2.828481e-01	2.653092e-02	3.851480e-01	0.000000e+00	4.835074e-02	3.860906e-03	3.820891e-02	6.396924e-01	2.257074e-02
6.396924e-01	9.268957e-03	2.296832e-02	2.220384e-01	2.179987e-01	0.000000e+00	4.174724e-02	8.146826e-02	2.261184e-02	9.210799e-02	3.901286e-02	5.862256e-02	0.000000e+00	0.000000e+00	3.034677e-02	4.777753e-02	2.629868e-01	0.000000e+00	2.750452e-03	1.027999e-01	3.468941e-02	2.889451e-02	2.127190e-02	2.828481e-01	2.653092e-02	3.851480e-01	0.000000e+00	4.835074e-02	3.860906e-03	3.820891e-02	6.396924e-01	2.257074e-02
6.396924e-01	9.268957e-03	2.296832e-02	2.220384e-01	2.179987e-01	0.000000e+00	4.174724e-02	8.146826e-02	2.261184e-02	9.210799e-02	3.901286e-02	5.862256e-02	0.000000e+00	0.000000e+00	3.034677e-02	4.777753e-02	2.629868e-01	0.000000e+00	2.750452e-03	1.027999e-01	3.468941e-02	2.889451e-02	2.127190e-02	2.828481e-01	2.653092e-02	3.851480e-01	0.000000e+00	4.835074e-02	3.860906e-03	3.820891e-02	6.396924e-01	2.257074e-02
6.288343e-01	9.268957e-03	2.296832e-02	1.098835e-01	2.137368e-02	0.000000e+00	2.747968e-02	8.146826e-02	2.684353e-02	5.684200e-02	3.901286e-02	5.862256e-02	0.000000e+00	0.000000e+00	5.749042e-03	4.856360e-02	3.663370e-01	0.000000e+00	1.657407e-02	0.000000e+00	0.000000e+00	5.615881e-03	6.077687e-03	2.569367e-01	0.000000e+00	0.000000e+00	7.932265e-02	4.835074e-02	2.452094e-01	7.761184e-03	6.288343e-01	1.908146e-02
6.288343e-01	9.268957e-03	2.296832e-02	1.098835e-01	2.137368e-02	0.000000e+00	2.747968e-02	8.146826e-02	2.684353e-02	5.684200e-02	3.901286e-02	5.862256e-02	0.000000e+00	0.000000e+00	5.749042e-03	4.856360e-02	3.663370e-01	0.000000e+00	1.657407e-02	0.000000e+00	0.000000e+00	5.615881e-03	6.077687e-03	2.569367e-01	0.000000e+00	0.000000e+00	7.932265e-02	4.835074e-02	2.452094e-01	7.761184e-03	6.288343e-01	1.908146e-02
6.288343e-01	9.268957e-03	2.296832e-02	1.098835e-01	2.137368e-02	0.000000e+00	2.747968e-02	8.146826e-02	2.684353e-02	5.684200e-02	3.901286e-02	5.862256e-02	0.000000e+00	0.000000e+00	5.749042e-03	4.856360e-02	3.663370e-01	0.000000e+00	1.657407e-02	0.000000e+00	0.000000e+00	5.615881e-03	6.077687e-03	2.569367e-01	0.000000e+00	0.000000e+00	7.932265e-02	4.835074e-02	2.452094e-01	7.761184e-03	6.288343e-01	1.908146e-02
6.288343e-01	9.268957e-03	2.296832e-02	1.098835e-01	2.137368e-02	0.000000e+00	2.747968e-02	8.146826e-02	2.684353e-02	5.684200e-02	3.901286e-02	5.862256e-02	0.000000e+00	0.000000e+00	5.749042e-03	4.856360e-02	3.663370e-01	0.000000e+00	1.657407e-02	0.000000e+00	0.000000e+00	5.615881e-03	6.077687e-03	2.569367e-01	0.000000e+00	0.000000e+00	7.932265e-02	4.835074e-02	2.452094e-01	7.761184e-03	6.288343e-01	1.908146e-02
6.295908e-01	9.268957e-03	2.296832e-02	1.098835e-01	2.137368e-02	0.000000e+00	2.844217e-02	8.146826e-02	2.684353e-02	5.684200e-02	5.234659e-02	8.451645e-02	1.839935e-02	0.000000e+00	3.157083e-03	4.850883e-02	3.556501e-01	0.000000e+00	1.933642e-02	0.000000e+00	0.000000e+00	8.423822e-03	6.077687e-03	2.569367e-01	0.000000e+00	0.000000e+00	9.089637e-02	4.835074e-02	2.306669e-01	7.761184e-03	6.295908e-01	1.883246e-02
6.295908e-01	9.268957e-03	2.296832e-02	1.098835e-01	2.137368e-02	0.000000e+00	2.844217e-02	8.146826e-02	2.684353e-02	5.684200e-02	5.234659e-02	8.451645e-02	1.839935e-02	0.000000e+00	3.157083e-03	4.850883e-02	3.556501e-01	0.000000e+00	1.933642e-02	0.000000e+00	0.000000e+00	8.423822e-03	6.077687e-03	2.569367e-01	0.000000e+00	0.000000e+00	9.089637e-02	4.835074e-02	2.306669e-01	7.761184e-03	6.295908e-01	1.883246e-02
6.295908e-01	9.268957e-03	2.296832e-02	1.098835e-01	2.137368e-02	0.000000e+00	2.844217e-02	8.146826e-02	2.684353e-02	5.684200e-02	5.234659e-02	8.451645e-02	1.839935e-02	0.000000e+00	3.157083e-03	4.850883e-02	3.556501e-01	0.000000e+00	1.933642e-02	0.000000e+00	0.000000e+00	8.423822e-03	6.077687e-03	2.569367e-01	0.000000e+00	0.000000e+00	9.089637e-02	4.835074e-02	2.306669e-01	7.761184e-03	6.295908e-01	1.883246e-02
6.288343e-01	9.268957e-03	2.296832e-02	1.098835e-01	2.137368e-02	0.000000e+00	2.747968e-02	8.146826e-02	2.684353e-02	5.684200e-02	3.901286e-02	5.862256e-02	0.000000e+00	0.000000e+00	5.749042e-03	4.856360e-02	3.663370e-01	0.000000e+00	1.657407e-02	0.000000e+00	0.000000e+00	5.615881e-03	6.077687e-03	2.569367e-01	0.000000e+00	0.000000e+00	7.932265e-02	4.835074e-02	2.452094e-01	7.761184e-03	6.288343e-01	1.908146e-02
6.288343e-01	9.268957e-03	2.296832e-02	1.098835e-01	2.137368e-02	0.000000e+00	2.747968e-02	8.146826e-02	2.684353e-02	5.684200e-02	3.901286e-02	5.862256e-02	0.000000e+00	0.000000e+00	5.749042e-03	4.856360e-02	3.663370e-01	0.000000e+00	1.657407e-02	0.000000e+00	0.000000e+00	5.615881e-03	6.077687e-03	2.569367e-01	0.000000e+00	0.000000e+00	7.932265e-02	4.835074e-02	2.452094e-01	7.761184e-03	6.288343e-01	1.908146e-02
6.288343e-01	9.268957e-03	2.296832e-02	1.098835e-01	2.137368e-02	0.000000e+00	2.747968e-02	8.146826e-02	2.684353e-02	5.684200e-02	3.901286e-02	5.862256e-02	3.679870e-02	0.000000e+00	1.611688e-02	4.856360e-02	3.663370e-01	3.515583e-02	1.657407e-02	0.000000e+00	0.000000e+00	0.000000e+00	6.077687e-03	2.569367e-01	0.000000e+00	0.000000e+00	7.932265e-02	4.835074e-02	2.452094e-01	7.761184e-03	6.288343e-01	3.515410e-02
6.288343e-01	9.268957e-03	2.296832e-02	1.098835e-01	2.137368e-02	0.000000e+00	2.747968e-02	8.146826e-02	2.684353e-02	5.684200e-02	3.901286e-02	5.862256e-02	3.679870e-02	0.000000e+00	1.611688e-02	4.856360e-02	3.663370e-01	3.515583e-02	1.657407e-02	0.000000e+00	0.000000e+00	0.000000e+00	6.077687e-03	2.569367e-01	0.000000e+00	0.000000e+00	7.932265e-02	4.835074e-02	2.452094e-01	7.761184e-03	6.288343e-01	3.515410e-02
6.280778e-01	9.268957e-03	2.296832e-02	1.098835e-01	2.137368e-02	0.000000e+00	2.651718e-02	8.146826e-02	2.684353e-02	5.684200e-02	2.567914e-02	7.156951e-02	1.839935e-02	0.000000e+00	1.352492e-02	4.861837e-02	3.770239e-01	1.757791e-02	1.933642e-02	0.000000e+00	0.000000e+00	0.000000e+00	6.077687e-03	2.569367e-01	0.000000e+00	0.000000e+00	9.089637e-02	4.835074e-02	2.597519e-01	4.533078e-02	6.280778e-01	5.351703e-02
6.271322e-01	9.268957e-03	2.296832e-02	1.098835e-01	2.137368e-02	0.000000e+00	2.531407e-02	8.146826e-02	2.684353e-02	5.684200e-02	1.234542e-02	8.775319e-02	4.091803e-02	0.000000e+00	0.000000e+00	4.868683e-02	3.046313e-01	1.757791e-02	2.140818e-02	0.000000e+00	0.000000e+00	0.000000e+00	6.077687e-03	2.569367e-01	0.000000e+00	0.000000e+00	9.668323e-02	4.835074e-02	2.779300e-01	4.007091e-02	6.271322e-01	5.843335e-02
6.271322e-01	9.268957e-03	2.296832e-02	1.098835e-01	2.137368e-02	0.000000e+00	2.531407e-02	8.146826e-02	2.684353e-02	5.684200e-02	1.234542e-02	8.775319e-02	4.091803e-02	0.000000e+00	0.000000e+00	4.868683e-02	3.046313e-01	1.757791e-02	2.140818e-02	0.000000e+00	0.000000e+00	0.000000e+00	6.077687e-03	2.569367e-01	0.000000e+00	0.000000e+00	9.668323e-02	4.835074e-02	2.779300e-01	4.007091e-02	6.271322e-01	5.843335e-02
6.271322e-01	9.268957e-03	2.296832e-02	1.098835e-01	2.137368e-02	0.000000e+00	2.531407e-02	8.146826e-02	2.684353e-02	5.684200e-02	1.234542e-02	8.775319e-02	4.091803e-02	0.000000e+00	0.000000e+00	4.868683e-02	3.046313e-01	1.757791e-02	2.140818e-02	0.000000e+00	0.000000e+00	0.000000e+00	6.077687e-03	2.569367e-01	0.000000e+00	1.527326e-02	9.668323e-02	4.835074e-02	2.779300e-01	4.007091e-02	6.271322e-01	6.164246e-02
6.271322e-01	9.268957e-03	2.296832e-02	1.098835e-01	2.137368e-02	0.000000e+00	2.531407e-02	8.146826e-02	2.684353e-02	5.684200e-02	1.234542e-02	8.775319e-02	4.091803e-02	0.000000e+00	0.000000e+00	4.868683e-02	3.046313e-01	1.757791e-02	2.140818e-02	0.000000e+00	0.000000e+00	0.000000e+00	6.077687e-03	2.569367e-01	0.000000e+00	1.527326e-02	9.668323e-02	4.835074e-02	2.779300e-01	4.007091e-02	6.271322e-01	6.164246e-02
6.271322e-01	9.268957e-03	2.296832e-02	1.098835e-01	2.137368e-02	0.000000e+00	2.531407e-02	8.146826e-02	2.684353e-02	5.684200e-02	1.234542e-02	8.775319e-02	4.091803e-02	0.000000e+00	0.000000e+00	4.868683e-02	3.046313e-01	1.757791e-02	2.140818e-02	0.000000e+00	0.000000e+00	0.000000e+00	6.077687e-03	2.569367e-01	0.000000e+00	1.527326e-02	9.668323e-02	4.835074e-02	2.779300e-01	4.007091e-02	6.271322e-01	6.164246e-02
6.271322e-01	9.268957e-03	2.296832e-02	1.098835e-01	2.137368e-02	0.000000e+00	2.531407e-02	8.146826e-02	2.684353e-02	5.684200e-02	1.234542e-02	8.775319e-02	4.091803e-02	0.000000e+00	0.000000e+00	4.868683e-02	3.046313e-01	1.757791e-02	2.140818e-02	0.000000e+00	0.000000e+00	0.000000e+00	6.077687e-03	2.569367e-01	0.000000e+00	1.527326e-02	9.668323e-02	4.835074e-02	2.779300e-01	4.007091e-02	6.271322e-01	6.164246e-02
6.271322e-01	9.268957e-03	2.296832e-02	1.098835e-01	2.137368e-02	0.000000e+00	2.531407e-02	8.146826e-02	2.684353e-02	5.684200e-02	1.234542e-02	8.775319e-02	4.091803e-02	0.000000e+00	0.000000e+00	4.868683e-02	3.046313e-01	1.757791e-02	2.140818e-02	0.000000e+00	0.000000e+00	0.000000e+00	6.077687e-03	2.569367e-01	0.000000e+00	1.527326e-02	9.668323e-02	4.835074e-02	2.779300e-01	4.007091e-02	6.271322e-01	6.164246e-02
6.271322e-01	1.216564e-02	2.296832e-02	1.212350e-01	2.457988e-02	0.000000e+00	2.690327e-02	8.146826e-02	3.421609e-02	8.430398e-02	2.499454e-03	1.273317e-01	5.509931e-02	0.000000e+00	0.000000e+00	4.887086e-02	3.218115e-01	0.000000e+00	2.435537e-02	0.000000e+00	0.000000e+00	0.000000e+00	6.077687e-03	2.365688e-01	0.000000e+00	7.445603e-03	1.253077e-01	6.742182e-02	3.275384e-01	5.771831e-02	6.271322e-01	1.011851e-01
6.271322e-01	1.216564e-02	2.296832e-02	1.212350e-01	2.457988e-02	0.000000e+00	2.690327e-02	1.459508e-01	3.421609e-02	8.430398e-02	2.499454e-03	4.992319e-02	5.509931e-02	0.000000e+00	0.000000e+00	4.887086e-02	3.218115e-01	0.000000e+00	2.435537e-02	0.000000e+00	0.000000e+00	0.000000e+00	6.077687e-03	2.365688e-01	0.000000e+00	7.445603e-03	1.253077e-01	6.742182e-02	3.370332e-01	5.771831e-02	6.271322e-01	1.004575e-01
6.271322e-01	1.216564e-02	2.296832e-02	1.212350e-01	2.457988e-02	0.000000e+00	2.690327e-02	1.459508e-01	3.421609e-02	8.430398e-02	2.499454e-03	4.992319e-02	5.509931e-02	0.000000e+00	0.000000e+00	4.887086e-02	3.218115e-01	0.000000e+00	2.435537e-02	0.000000e+00	0.000000e+00	0.000000e+00	6.077687e-03	2.365688e-01	0.000000e+00	7.445603e-03	1.253077e-01	6.742182e-02	3.370332e-01	5.771831e-02	6.271322e-01	1.004575e-01
6.271322e-01	1.216564e-02	2.296832e-02	1.212350e-01	2.457988e-02	0.000000e+00	2.690327e-02	1.459508e-01	3.421609e-02	8.430398e-02	2.499454e-03	4.992319e-02	5.509931e-02	0.000000e+00	0.000000e+00	4.887086e-02	3.218115e-01	0.000000e+00	2.435537e-02	0.000000e+00	0.000000e+00	0.000000e+00	6.077687e-03	2.365688e-01	0.000000e+00	7.445603e-03	1.253077e-01	6.742182e-02	3.370332e-01	5.771831e-02	6.271322e-01	1.004575e-01
6.271322e-01	1.216564e-02	2.296832e-02	1.212350e-01	2.457988e-02	0.000000e+00	2.690327e-02	1.459508e-01	3.421609e-02	8.430398e-02	2.499454e-03	4.992319e-02	5.509931e-02	0.000000e+00	0.000000e+00	4.887086e-02	3.218115e-01	0.000000e+00	2.435537e-02	0.000000e+00	0.000000e+00	0.000000e+00	6.077687e-03	2.365688e-01	0.000000e+00	7.445603e-03	1.253077e-01	6.742182e-02	3.370332e-01	5.771831e-02	6.271322e-01	1.004575e-01
6.271322e-01	1.216564e-02	2.296832e-02	1.212350e-01	2.457988e-02	0.000000e+00	2.690327e-02	1.459508e-01	3.421609e-02	8.430398e-02	2.499454e-03	4.992319e-02	5.509931e-02	0.000000e+00	0.000000e+00	4.887086e-02	3.218115e-01	0.000000e+00	2.435537e-02	0.000000e+00	0.000000e+00	0.000000e+00	6.077687e-03	2.365688e-01	0.000000e+00	7.445603e-03	1.253077e-01	6.742182e-02	3.370332e-01	5.771831e-02	6.271322e-01	1.004575e-01
6.271322e-01	1.216564e-02	2.296832e-02	1.212350e-01	2.457988e-02	0.000000e+00	2.690327e-02	1.459508e-01	3.421609e-02	8.430398e-02	2.499454e-03	4.992319e-02	5.509931e-02	0.000000e+00	0.000000e+00	4.887086e-02	3.218115e-01	0.000000e+00	2.435537e-02	0.000000e+00	0.000000e+00	0.000000e+00	6.077687e-03	2.365688e-01	0.000000e+00	7.445603e-03	1.253077e-01	6.742182e-02	3.370332e-01	5.771831e-02	6.271322e-01	1.004575e-01
6.271322e-01	1.216564e-02	2.296832e-02	1.212350e-01	2.457988e-02	0.000000e+00	2.690327e-02	1.459508e-01	3.421609e-02	8.430398e-02	2.499454e-03	4.992319e-02	5.509931e-02	0.000000e+00	0.000000e+00	4.887086e-02	3.218115e-01	0.000000e+00	2.435537e-02	0.000000e+00	0.000000e+00	0.000000e+00	6.077687e-03	2.365688e-01	0.000000e+00	7.445603e-03	1.253077e-01	6.742182e-02	3.370332e-01	5.771831e-02	6.271322e-01	1.004575e-01
6.271322e-01	1.216564e-02	2.296832e-02	1.212350e-01	2.457988e-02	0.000000e+00	2.690327e-02	1.459508e-01	3.421609e-02	8.430398e-02	2.499454e-03	4.992319e-02	5.509931e-02	0.000000e+00	0.000000e+00	4.887086e-02	3.218115e-01	0.000000e+00	2.435537e-02	0.000000e+00	0.000000e+00	0.000000e+00	6.077687e-03	2.365688e-01	0.000000e+00	7.445603e-03	1.253077e-01	6.742182e-02	3.370332e-01	5.771831e-02	6.271322e-01	1.004575e-01
4.376400e-01	5.213397e-03	2.296832e-02	8.718061e-02	1.496130e-02	0.000000e+00	2.133175e-02	6.751217e-02	1.209841e-02	2.198741e-02	3.390349e-02	8.596172e-03	1.255549e-02	9.362354e-03	5.915981e-03	4.831876e-02	2.637029e-01	1.602738e-01	1.551378e-02	0.000000e+00	7.938155e-04	0.000000e+00	1.063595e-02	2.976727e-01	3.248116e-04	3.092857e-02	3.943434e-02	1.020858e-02	1.787131e-01	2.388057e-03	4.376400e-01	2.331625e-01
4.376400e-01	5.213397e-03	2.296832e-02	8.718061e-02	1.496130e-02	0.000000e+00	2.133175e-02	6.751217e-02	1.209841e-02	2.198741e-02	3.390349e-02	8.596172e-03	1.255549e-02	9.362354e-03	5.915981e-03	4.831876e-02	2.637029e-01	1.602738e-01	1.551378e-02	0.000000e+00	7.938155e-04	0.000000e+00	1.063595e-02	2.976727e-01	3.248116e-04	3.092857e-02	3.943434e-02	1.020858e-02	1.787131e-01	2.388057e-03	4.376400e-01	2.331625e-01
4.376400e-01	5.213397e-03	2.296832e-02	8.718061e-02	1.496130e-02	0.000000e+00	2.133175e-02	6.751217e-02	1.209841e-02	2.198741e-02	3.390349e-02	8.596172e-03	1.255549e-02	9.362354e-03	5.915981e-03	4.831876e-02	2.637029e-01	1.602738e-01	1.551378e-02	0.000000e+00	7.938155e-04	0.000000e+00	1.063595e-02	2.976727e-01	3.248116e-04	3.092857e-02	3.943434e-02	1.020858e-02	1.787131e-01	2.388057e-03	4.376400e-01	2.331625e-01
4.376400e-01	5.213397e-03	2.296832e-02	8.718061e-02	1.496130e-02	0.000000e+00	2.133175e-02	6.751217e-02	1.209841e-02	2.198741e-02	3.390349e-02	8.596172e-03	1.255549e-02	9.362354e-03	5.915981e-03	4.831876e-02	2.637029e-01	1.602738e-01	1.551378e-02	0.000000e+00	7.938155e-04	0.000000e+00	1.063595e-02	2.976727e-01	3.248116e-04	3.092857e-02	3.943434e-02	1.020858e-02	1.787131e-01	2.388057e-03	4.376400e-01	2.331625e-01
4.376400e-01	5.213397e-03	2.296832e-02	8.718061e-02	1.496130e-02	0.000000e+00	2.133175e-02	6.751217e-02	1.209841e-02	2.198741e-02	3.390349e-02	8.596172e-03	1.255549e-02	9.362354e-03	0.000000e+00	4.831876e-02	2.637029e-01	1.602738e-01	1.551378e-02	1.669182e-03	7.938155e-04	0.000000e+00	1.063595e-02	2.976727e-01	3.248116e-04	3.092857e-02	3.943434e-02	1.020858e-02	1.787131e-01	2.388057e-03	4.376400e-01	2.322093e-01
4.376400e-01	5.213397e-03	2.296832e-02	8.718061e-02	1.496130e-02	0.000000e+00	2.133175e-02	6.751217e-02	1.209841e-02	2.198741e-02	3.390349e-02	8.596172e-03	1.255549e-02	9.362354e-03	0.000000e+00	4.831876e-02	2.637029e-01	1.602738e-01	1.551378e-02	1.669182e-03	7.938155e-04	0.000000e+00	1.063595e-02	2.976727e-01	3.248116e-04	3.092857e-02	3.943434e-02	1.020858e-02	1.787131e-01	2.388057e-03	4.376400e-01	2.322093e-01
4.376400e-01	5.213397e-03	2.296832e-02	8.718061e-02	1.496130e-02	0.000000e+00	2.133175e-02	6.751217e-02	1.209841e-02	2.198741e-02	3.390349e-02	8.596172e-03	1.255549e-02	9.362354e-03	0.000000e+00	4.831876e-02	2.637029e-01	1.602738e-01	1.551378e-02	1.669182e-03	7.938155e-04	0.000000e+00	1.063595e-02	2.976727e-01	3.248116e-04	3.092857e-02	3.943434e-02	1.020858e-02	1.787131e-01	2.388057e-03	4.376400e-01	2.322093e-01
4.376400e-01	5.213397e-03	2.296832e-02	8.718061e-02	1.496130e-02	0.000000e+00	2.133175e-02	6.751217e-02	1.209841e-02	2.198741e-02	3.390349e-02	8.596172e-03	1.255549e-02	9.362354e-03	0.000000e+00	4.831876e-02	2.637029e-01	1.602738e-01	1.551378e-02	1.669182e-03	7.938155e-04	0.000000e+00	1.063595e-02	2.976727e-01	3.248116e-04	3.092857e-02	3.943434e-02	1.020858e-02	1.787131e-01	2.388057e-03	4.376400e-01	2.322093e-01
4.376400e-01	5.213397e-03	2.296832e-02	8.718061e-02	1.496130e-02	0.000000e+00	2.133175e-02	6.751217e-02	1.209841e-02	2.198741e-02	3.390349e-02	8.596172e-03	1.255549e-02	9.362354e-03	0.000000e+00	4.831876e-02	2.637029e-01	1.602738e-01	1.551378e-02	1.669182e-03	7.938155e-04	0.000000e+00	1.063595e-02	2.976727e-01	3.248116e-04	3.092857e-02	3.943434e-02	1.020858e-02	1.787131e-01	2.388057e-03	4.376400e-01	2.322093e-01
4.376400e-01	5.213397e-03	2.296832e-02	8.718061e-02	1.496130e-02	0.000000e+00	2.133175e-02	6.751217e-02	1.209841e-02	2.198741e-02	3.390349e-02	8.596172e-03	1.255549e-02	9.362354e-03	0.000000e+00	4.831876e-02	2.637029e-01	1.602738e-01	1.551378e-02	1.669182e-03	7.938155e-04	0.000000e+00	1.063595e-02	2.976727e-01	3.248116e-04	3.092857e-02	3.943434e-02	1.020858e-02	1.787131e-01	2.388057e-03	4.376400e-01	2.322093e-01
4.376400e-01	5.213397e-03	2.296832e-02	8.718061e-02	1.496130e-02	0.000000e+00	2.133175e-02	6.751217e-02	1.209841e-02	2.198741e-02	3.390349e-02	8.596172e-03	1.255549e-02	9.362354e-03	0.000000e+00	4.831876e-02	2.637029e-01	1.602738e-01	1.551378e-02	1.669182e-03	7.938155e-04	0.000000e+00	1.063595e-02	2.976727e-01	3.248116e-04	3.092857e-02	3.943434e-02	1.020858e-02	1.787131e-01	2.388057e-03	4.376400e-01	2.322093e-01
4.376400e-01	5.213397e-03	2.296832e-02	8.718061e-02	1.496130e-02	0.000000e+00	2.133175e-02	6.751217e-02	1.209841e-02	2.198741e-02	3.390349e-02	8.596172e-03	1.255549e-02	9.362354e-03	0.000000e+00	4.831876e-02	2.637029e-01	1.602738e-01	1.551378e-02	1.669182e-03	7.938155e-04	0.000000e+00	1.063595e-02	2.976727e-01	3.248116e-04	3.092857e-02	3.943434e-02	1.020858e-02	1.787131e-01	2.388057e-03	4.376400e-01	2.322093e-01
4.376400e-01	0.000000e+00	2.296832e-02	3.727023e-02	1.100547e-01	3.773354e-02	2.133175e-02	1.093804e-01	6.049206e-03	2.198741e-02	1.020585e-01	6.324590e-02	1.255549e-02	9.362354e-03	0.000000e+00	0.000000e+00	2.853106e-01	1.602738e-01	1.551378e-02	0.000000e+00	7.938155e-04	6.235985e-03	1.063595e-02	2.976727e-01	3.248116e-04	3.092857e-02	3.943434e-02	1.020858e-02	1.787131e-01	2.388057e-03	4.376400e-01	2.804884e-01
4.376400e-01	0.000000e+00	2.296832e-02	3.727023e-02	1.100547e-01	3.773354e-02	2.133175e-02	1.093804e-01	6.049206e-03	2.198741e-02	1.020585e-01	6.324590e-02	1.255549e-02	9.362354e-03	0.000000e+00	0.000000e+00	2.853106e-01	1.602738e-01	1.551378e-02	0.000000e+00	7.938155e-04	4.199263e-02	0.000000e+00	2.976727e-01	0.000000e+00	3.092857e-02	3.943434e-02	1.020858e-02	2.198842e-01	2.388057e-03	4.376400e-01	2.954400e-01
4.376400e-01	0.000000e+00	2.296832e-02	3.727023e-02	1.100547e-01	3.773354e-02	2.133175e-02	1.093804e-01	6.049206e-03	2.198741e-02	1.020585e-01	6.324590e-02	1.255549e-02	9.362354e-03	0.000000e+00	0.000000e+00	2.853106e-01	1.602738e-01	1.551378e-02	0.000000e+00	7.938155e-04	4.199263e-02	0.000000e+00	2.976727e-01	0.000000e+00	3.092857e-02	3.943434e-02	1.020858e-02	2.198842e-01	2.388057e-03	4.376400e-01	2.954400e-01
4.376400e-01	0.000000e+00	2.296832e-02	3.727023e-02	1.100547e-01	3.773354e-02	2.133175e-02	1.093804e-01	6.049206e-03	2.198741e-02	1.020585e-01	6.324590e-02	1.255549e-02	9.362354e-03	0.000000e+00	0.000000e+00	2.853106e-01	1.602738e-01	1.551378e-02	0.000000e+00	7.938155e-04	4.199263e-02	0.000000e+00	2.976727e-01	0.000000e+00	3.092857e-02	3.943434e-02	1.020858e-02	2.198842e-01	2.388057e-03	4.376400e-01	2.954400e-01
4.376400e-01	0.000000e+00	2.296832e-02	3.727023e-02	1.100547e-01	3.773354e-02	2.133175e-02	1.093804e-01	6.049206e-03	2.198741e-02	1.020585e-01	6.324590e-02	1.255549e-02	9.362354e-03	0.000000e+00	0.000000e+00	2.853106e-01	1.602738e-01	1.551378e-02	0.000000e+00	7.938155e-04	4.199263e-02	0.000000e+00	2.976727e-01	0.000000e+00	3.092857e-02	3.943434e-02	1.020858e-02	2.198842e-01	2.388057e-03	4.376400e-01	2.954400e-01
4.376400e-01	0.000000e+00	0.000000e+00	3.727023e-02	1.100547e-01	3.773354e-02	2.133175e-02	1.093804e-01	6.049206e-03	2.198741e-02	5.133038e-02	0.000000e+00	6.277743e-03	9.362354e-03	0.000000e+00	0.000000e+00	2.853106e-01	1.620161e-01	1.551378e-02	0.000000e+00	7.938155e-04	1.226597e-02	0.000000e+00	3.099850e-01	0.000000e+00	3.092857e-02	3.943434e-02	1.020858e-02	2.198842e-01	2.388057e-03	4.376400e-01	2.594913e-01
4.376400e-01	0.000000e+00	0.000000e+00	3.635204e-02	0.000000e+00	3.773354e-02	1.815058e-02	1.093804e-01	6.049206e-03	2.198741e-02	8.380341e-02	0.000000e+00	6.277743e-03	9.362354e-03	0.000000e+00	0.000000e+00	4.289362e-01	1.620161e-01	1.842924e-02	0.000000e+00	7.938155e-04	1.226597e-02	0.000000e+00	2.694995e-01	0.000000e+00	0.000000e+00	3.943434e-02	1.020858e-02	2.198842e-01	2.388057e-03	4.376400e-01	2.580133e-01
4.376400e-01	0.000000e+00	0.000000e+00	3.635204e-02	0.000000e+00	3.773354e-02	1.815058e-02	1.093804e-01	6.049206e-03	2.198741e-02	8.380341e-02	0.000000e+00	6.277743e-03	9.362354e-03	0.000000e+00	0.000000e+00	4.289362e-01	1.620161e-01	1.842924e-02	0.000000e+00	7.938155e-04	1.226597e-02	0.000000e+00	2.694995e-01	0.000000e+00	0.000000e+00	3.943434e-02	1.020858e-02	2.198842e-01	2.388057e-03	4.376400e-01	2.580133e-01
4.376400e-01	0.000000e+00	0.000000e+00	3.635204e-02	0.000000e+00	3.773354e-02	1.815058e-02	1.093804e-01	6.049206e-03	2.198741e-02	8.380341e-02	0.000000e+00	6.277743e-03	9.362354e-03	0.000000e+00	0.000000e+00	4.289362e-01	1.620161e-01	1.842924e-02	0.000000e+00	7.938155e-04	1.226597e-02	0.000000e+00	2.694995e-01	0.000000e+00	0.000000e+00	3.943434e-02	1.020858e-02	2.198842e-01	2.388057e-03	4.376400e-01	2.580133e-01
4.376400e-01	0.000000e+00	0.000000e+00	3.635204e-02	0.000000e+00	3.773354e-02	1.815058e-02	1.093804e-01	6.049206e-03	2.198741e-02	8.380341e-02	0.000000e+00	6.277743e-03	9.362354e-03	0.000000e+00	0.000000e+00	4.289362e-01	1.620161e-01	1.842924e-02	0.000000e+00	7.938155e-04	1.226597e-02	0.000000e+00	2.694995e-01	0.000000e+00	0.000000e+00	3.943434e-02	1.020858e-02	2.198842e-01	2.388057e-03	4.376400e-01	2.580133e-01
4.376400e-01	0.000000e+00	0.000000e+00	3.635204e-02	0.000000e+00	3.773354e-02	1.815058e-02	1.093804e-01	6.049206e-03	2.198741e-02	8.380341e-02	0.000000e+00	6.277743e-03	9.362354e-03	0.000000e+00	0.000000e+00	4.289362e-01	1.620161e-01	1.842924e-02	0.000000e+00	7.938155e-04	1.226597e-02	0.000000e+00	2.694995e-01	0.000000e+00	0.000000e+00	3.943434e-02	1.020858e-02	2.198842e-01	2.388057e-03	4.376400e-01	2.580133e-01
4.376400e-01	0.000000e+00	0.000000e+00	3.635204e-02	0.000000e+00	3.773354e-02	1.815058e-02	1.093804e-01	6.049206e-03	2.198741e-02	8.380341e-02	0.000000e+00	6.277743e-03	9.362354e-03	0.000000e+00	0.000000e+00	4.289362e-01	1.620161e-01	1.842924e-02	0.000000e+00	7.938155e-04	1.226597e-02	0.000000e+00	2.694995e-01	0.000000e+00	0.000000e+00	3.943434e-02	1.020858e-02	2.198842e-01	2.388057e-03	4.376400e-01	2.580133e-01
4.376400e-01	0.000000e+00	0.000000e+00	3.635204e-02	0.000000e+00	3.773354e-02	1.815058e-02	1.093804e-01	6.049206e-03	2.198741e-02	8.380341e-02	0.000000e+00	6.277743e-03	9.362354e-03	0.000000e+00	0.000000e+00	4.289362e-01	1.620161e-01	1.842924e-02	0.000000e+00	7.938155e-04	1.226597e-02	0.000000e+00	2.694995e-01	0.000000e+00	0.000000e+00	3.943434e-02	1.020858e-02	2.198842e-01	2.388057e-03	4.376400e-01	2.580133e-01
2.550990e-01	0.000000e+00	0.000000e+00	3.635204e-02	0.000000e+00	3.149443e-04	1.815058e-02	0.000000e+00	0.000000e+00	5.386691e-02	0.000000e+00	0.000000e+00	6.277743e-03	1.758502e-02	0.000000e+00	1.756664e-02	4.545780e-01	1.715250e-01	1.842924e-02	0.000000e+00	1.190723e-03	1.226597e-02	0.000000e+00	3.048935e-01	0.000000e+00	0.000000e+00	6.375198e-03	0.000000e+00	0.000000e+00	0.000000e+00	2.550990e-01	5.092834e-01
2.550990e-01	0.000000e+00	0.000000e+00	3.635204e-02	0.000000e+00	3.149443e-04	1.815058e-02	0.000000e+00	0.000000e+00	5.386691e-02	0.000000e+00	0.000000e+00	6.277743e-03	1.758502e-02	0.000000e+00	1.756664e-02	4.545780e-01	1.715250e-01	1.842924e-02	0.000000e+00	1.190723e-03	1.226597e-02	0.000000e+00	3.048935e-01	0.000000e+00	0.000000e+00	6.375198e-03	0.000000e+00	0.000000e+00	0.000000e+00	2.550990e-01	5.092834e-01
2.550990e-01	0.000000e+00	0.000000e+00	3.635204e-02	0.000000e+00	3.149443e-04	1.815058e-02	0.000000e+00	0.000000e+00	5.386691e-02	0.000000e+00	0.000000e+00	6.277743e-03	1.758502e-02	0.000000e+00	1.756664e-02	4.545780e-01	1.715250e-01	1.842924e-02	0.000000e+00	1.190723e-03	1.226597e-02	0.000000e+00	3.048935e-01	0.000000e+00	0.000000e+00	6.375198e-03	0.000000e+00	0.000000e+00	0.000000e+00	2.550990e-01	5.092834e-01
2.550990e-01	0.000000e+00	0.000000e+00	3.635204e-02	0.000000e+00	3.149443e-04	1.815058e-02	0.000000e+00	0.000000e+00	5.386691e-02	0.000000e+00	0.000000e+00	6.277743e-03	1.758502e-02	0.000000e+00	1.756664e-02	4.545780e-01	1.715250e-01	1.842924e-02	0.000000e+00	1.190723e-03	1.226597e-02	0.000000e+00	3.048935e-01	0.000000e+00	0.000000e+00	6.375198e-03	0.000000e+00	0.000000e+00	0.000000e+00	2.550990e-01	5.092834e-01
2.550990e-01	0.000000e+00	0.000000e+00	3.635204e-02	0.000000e+00	3.149443e-04	1.815058e-02	0.000000e+00	0.000000e+00	5.386691e-02	0.000000e+00	0.000000e+00	6.277743e-03	1.758502e-02	0.000000e+00	1.756664e-02	4.545780e-01	1.715250e-01	1.842924e-02	0.000000e+00	1.190723e-03	1.226597e-02	0.000000e+00	3.048935e-01	0.000000e+00	0.000000e+00	6.375198e-03	0.000000e+00	0.000000e+00	0.000000e+00	2.550990e-01	5.092834e-01
2.550990e-01	0.000000e+00	0.000000e+00	3.635204e-02	0.000000e+00	3.149443e-04	1.815058e-02	0.000000e+00	0.000000e+00	5.386691e-02	0.000000e+00	0.000000e+00	6.277743e-03	1.758502e-02	0.000000e+00	1.756664e-02	4.545780e-01	1.715250e-01	1.842924e-02	0.000000e+00	1.190723e-03	1.226597e-02	0.000000e+00	3.048935e-01	0.000000e+00	0.000000e+00	6.375198e-03	0.000000e+00	0.000000e+00	0.000000e+00	2.550990e-01	5.092834e-01
2.550990e-01	0.000000e+00	0.000000e+00	3.635204e-02	0.000000e+00	3.149443e-04	1.815058e-02	0.000000e+00	0.000000e+00	5.386691e-02	0.000000e+00	0.000000e+00	6.277743e-03	1.758502e-02	0.000000e+00	1.756664e-02	4.545780e-01	1.715250e-01	1.842924e-02	0.000000e+00	1.190723e-03	1.226597e-02	0.000000e+00	3.048935e-01	0.000000e+00	0.000000e+00	6.375198e-03	0.000000e+00	0.000000e+00	0.000000e+00	2.550990e-01	5.092834e-01
2.574184e-01	0.000000e+00	0.000000e+00	3.635204e-02	0.000000e+00	1.340743e-03	5.790278e-03	1.085323e-02	0.000000e+00	5.680369e-02	0.000000e+00	0.000000e+00	6.277743e-03	1.139549e-02	2.027211e-03	4.546970e-03	4.182974e-01	1.800656e-01	1.673353e-02	0.000000e+00	1.992696e-03	1.401612e-02	3.229046e-04	3.081798e-01	0.000000e+00	0.000000e+00	6.551183e-03	0.000000e+00	2.647634e-03	0.000000e+00	2.574184e-01	4.994717e-01
2.574184e-01	0.000000e+00	0.000000e+00	3.635204e-02	0.000000e+00	1.340743e-03	5.790278e-03	1.085323e-02	0.000000e+00	5.680369e-02	0.000000e+00	0.000000e+00	6.277743e-03	1.139549e-02	2.027211e-03	4.546970e-03	4.182974e-01	1.800656e-01	1.673353e-02	0.000000e+00	1.992696e-03	1.401612e-02	3.229046e-04	3.081798e-01	0.000000e+00	0.000000e+00	6.551183e-03	0.000000e+00	2.647634e-03	0.000000e+00	2.574184e-01	4.994717e-01
2.574184e-01	0.000000e+00	0.000000e+00	3.635204e-02	0.000000e+00	1.340743e-03	5.790278e-03	1.085323e-02	0.000000e+00	5.680369e-02	0.000000e+00	0.000000e+00	6.277743e-03	1.139549e-02	2.027211e-03	4.546970e-03	4.182974e-01	1.800656e-01	1.673353e-02	0.000000e+00	1.992696e-03	1.401612e-02	3.229046e-04	3.081798e-01	0.000000e+00	0.000000e+00	6.551183e-03	0.000000e+00	2.647634e-03	0.000000e+00	2.574184e-01	4.994717e-01
2.574184e-01	0.000000e+00	0.000000e+00	1.461457e-02	0.000000e+00	1.284461e-03	4.466719e-03	4.052357e-06	0.000000e+00	6.763494e-02	2.889329e-02	0.000000e+00	0.000000e+00	1.139549e-02	6.944664e-03	1.758210e-02	1.796180e-01	1.690029e-01	1.684590e-02	0.000000e+00	1.327160e-03	1.401612e-02	2.341633e-04	3.076129e-01	0.000000e+00	0.000000e+00	6.551183e-03	2.459691e-02	2.647634e-03	5.381452e-02	2.574184e-01	4.619949e-01
2.574184e-01	0.000000e+00	0.000000e+00	1.461457e-02	0.000000e+00	1.284461e-03	4.466719e-03	4.052357e-06	0.000000e+00	6.763494e-02	2.889329e-02	0.000000e+00	0.000000e+00	1.139549e-02	6.944664e-03	1.758210e-02	1.796180e-01	1.690029e-01	1.684590e-02	0.000000e+00	1.327160e-03	1.401612e-02	2.341633e-04	3.076129e-01	0.000000e+00	0.000000e+00	6.551183e-03	2.459691e-02	2.647634e-03	5.381452e-02	2.574184e-01	4.619949e-01
2.550990e-01	0.000000e+00	0.000000e+00	3.635204e-02	0.000000e+00	3.149443e-04	1.815058e-02	0.000000e+00	0.000000e+00	5.386691e-02	0.000000e+00	0.000000e+00	6.277743e-03	1.758502e-02	0.000000e+00	1.756664e-02	4.545780e-01	1.715250e-01	1.842924e-02	0.000000e+00	1.190723e-03	1.226597e-02	0.000000e+00	3.048935e-01	0.000000e+00	0.000000e+00	6.375198e-03	0.000000e+00	0.000000e+00	0.000000e+00	2.550990e-01	5.092834e-01
2.437948e-01	0.000000e+00	0.000000e+00	3.635204e-02	0.000000e+00	2.700378e-04	1.978057e-02	4.236601e-03	0.000000e+00	7.717963e-02	1.030050e-02	0.000000e+00	4.708307e-03	1.694728e-02	2.617299e-02	1.756664e-02	3.904734e-01	1.592033e-01	1.842924e-02	0.000000e+00	7.021637e-04	1.401612e-02	0.000000e+00	3.081798e-01	0.000000e+00	0.000000e+00	7.483516e-03	0.000000e+00	2.647634e-03	8.483005e-04	2.437948e-01	5.341298e-01
2.437948e-01	0.000000e+00	0.000000e+00	3.635204e-02	0.000000e+00	2.700378e-04	1.978057e-02	4.236601e-03	0.000000e+00	7.717963e-02	1.030050e-02	0.000000e+00	4.708307e-03	1.694728e-02	2.617299e-02	1.756664e-02	3.904734e-01	1.592033e-01	1.842924e-02	0.000000e+00	7.021637e-04	1.401612e-02	0.000000e+00	3.081798e-01	0.000000e+00	0.000000e+00	7.483516e-03	0.000000e+00	2.647634e-03	8.483005e-04	2.437948e-01	5.341298e-01
2.437948e-01	0.000000e+00	0.000000e+00	3.635204e-02	0.000000e+00	2.700378e-04	1.978057e-02	4.236601e-03	0.000000e+00	7.717963e-02	1.030050e-02	0.000000e+00	4.708307e-03	1.694728e-02	2.617299e-02	1.756664e-02	3.904734e-01	1.592033e-01	1.842924e-02	0.000000e+00	7.021637e-04	1.401612e-02	0.000000e+00	3.081798e-01	0.000000e+00	0.000000e+00	7.483516e-03	0.000000e+00	2.647634e-03	8.483005e-04	2.437948e-01	5.341298e-01
2.397515e-01	5.054032e-03	0.000000e+00	4.483212e-02	0.000000e+00	2.153985e-03	0.000000e+00	1.560924e-02	0.000000e+00	1.201838e-01	2.698973e-02	0.000000e+00	0.000000e+00	4.084220e-03	2.318255e-03	1.759756e-02	2.538076e-01	1.380080e-01	1.842924e-02	0.000000e+00	4.394369e-03	1.559322e-02	1.597345e-03	2.943197e-01	0.000000e+00	0.000000e+00	9.035162e-03	5.974907e-02	6.619084e-03	1.597662e-02	2.397515e-01	5.361764e-01
2.324907e-01	4.501506e-03	0.000000e+00	8.633625e-02	0.000000e+00	2.251313e-04	2.141057e-02	1.694641e-02	0.000000e+00	1.471178e-01	4.120200e-02	0.000000e+00	0.000000e+00	1.503408e-02	0.000000e+00	1.756664e-02	3.263689e-01	1.222380e-01	1.842924e-02	0.000000e+00	6.118103e-03	1.926658e-02	0.000000e+00	3.180388e-01	3.248116e-04	0.000000e+00	1.080847e-02	0.000000e+00	1.059054e-02	3.393202e-03	2.324907e-01	6.058820e-01
2.250090e-01	1.206702e-02	0.000000e+00	7.528849e-02	0.000000e+00	2.051598e-03	0.000000e+00	2.851983e-02	0.000000e+00	9.636176e-02	4.732484e-02	0.000000e+00	0.000000e+00	5.820870e-03	7.526753e-03	1.759756e-02	1.804322e-01	1.627017e-01	1.526257e-02	0.000000e+00	3.331925e-03	1.011840e-02	1.533223e-03	2.952795e-01	0.000000e+00	0.000000e+00	9.387132e-03	5.974907e-02	5.295268e-03	4.118728e-02	2.250090e-01	6.271308e-01
2.250090e-01	1.206702e-02	0.000000e+00	7.528849e-02	0.000000e+00	2.051598e-03	0.000000e+00	2.851983e-02	0.000000e+00	9.636176e-02	4.732484e-02	0.000000e+00	0.000000e+00	5.820870e-03	7.526753e-03	1.759756e-02	1.804322e-01	1.627017e-01	1.526257e-02	0.000000e+00	3.331925e-03	1.011840e-02	1.533223e-03	2.952795e-01	0.000000e+00	0.000000e+00	9.387132e-03	5.974907e-02	5.295268e-03	4.118728e-02	2.250090e-01	6.271308e-01
2.203701e-01	1.235166e-02	0.000000e+00	1.102833e-01	0.000000e+00	1.125656e-04	2.736771e-02	2.851173e-02	0.000000e+00	9.048819e-02	3.910435e-02	0.000000e+00	0.000000e+00	1.819992e-02	6.944664e-03	1.756664e-02	1.796180e-01	1.690029e-01	1.842924e-02	0.000000e+00	3.059051e-03	9.633292e-03	1.064896e-03	3.207380e-01	4.872173e-04	0.000000e+00	9.035162e-03	0.000000e+00	5.295268e-03	5.381452e-02	2.203701e-01	6.713185e-01
2.203701e-01	8.426581e-03	0.000000e+00	6.680841e-02	0.000000e+00	0.000000e+00	2.472060e-02	6.813366e-03	0.000000e+00	9.048819e-02	9.689094e-02	8.509098e-02	0.000000e+00	1.819992e-02	3.472332e-03	4.363690e-02	2.529934e-01	1.456205e-01	1.865398e-02	0.000000e+00	1.727980e-03	9.633292e-03	8.874137e-04	3.196041e-01	4.060144e-04	0.000000e+00	9.035162e-03	4.919382e-02	5.295268e-03	4.299138e-02	2.203701e-01	7.158729e-01
2.114137e-01	1.681610e-02	0.000000e+00	1.043170e-01	0.000000e+00	9.807730e-03	4.845405e-03	6.813366e-03	0.000000e+00	9.154124e-02	2.033307e-02	0.000000e+00	0.000000e+00	1.819992e-02	1.506361e-02	3.137650e-02	7.362570e-02	1.725702e-01	1.593875e-02	0.000000e+00	4.066341e-03	7.242186e-03	8.874137e-04	3.257069e-01	4.060144e-04	0.000000e+00	9.908359e-03	4.919382e-02	5.295268e-03	7.271083e-02	2.114137e-01	7.238858e-01
2.104947e-01	1.852748e-02	0.000000e+00	6.409667e-02	0.000000e+00	9.797551e-03	3.521846e-03	4.276759e-02	0.000000e+00	9.947373e-02	2.784243e-02	4.254549e-02	0.000000e+00	1.804620e-02	1.159128e-02	4.441163e-02	1.796180e-01	1.595678e-01	1.605112e-02	0.000000e+00	2.933723e-03	7.900355e-03	5.324482e-04	3.255298e-01	2.436087e-04	0.000000e+00	9.908359e-03	0.000000e+00	3.971451e-03	5.381452e-02	2.104947e-01	7.524922e-01
2.082496e-01	2.020181e-02	0.000000e+00	1.342304e-01	0.000000e+00	0.000000e+00	3.332485e-02	4.276759e-02	0.000000e+00	3.385856e-02	3.700670e-02	0.000000e+00	5.241594e-02	2.136577e-02	1.388933e-02	7.094746e-02	3.286714e-02	2.157679e-01	1.842924e-02	0.000000e+00	0.000000e+00	0.000000e+00	2.129793e-03	3.234373e-01	6.496231e-04	0.000000e+00	7.261852e-03	1.350197e-01	7.942901e-03	1.042358e-01	2.082496e-01	8.114033e-01
1.988047e-01	4.757264e-03	0.000000e+00	1.489659e-01	0.000000e+00	1.746529e-01	3.440991e-02	4.276759e-02	0.000000e+00	2.604227e-02	6.980568e-02	0.000000e+00	4.660258e-02	2.136577e-02	0.000000e+00	7.503724e-02	2.022366e-02	2.913332e-02	1.842924e-02	0.000000e+00	2.728741e-04	0.000000e+00	1.897455e-03	2.562560e-01	7.308260e-04	0.000000e+00	1.095373e-02	1.350197e-01	8.935764e-03	1.500934e-03	1.988047e-01	8.393995e-01
1.988047e-01	4.757264e-03	0.000000e+00	1.489659e-01	0.000000e+00	1.746529e-01	3.440991e-02	4.276759e-02	0.000000e+00	2.604227e-02	6.980568e-02	0.000000e+00	4.660258e-02	2.136577e-02	0.000000e+00	7.503724e-02	2.022366e-02	2.913332e-02	1.842924e-02	0.000000e+00	2.728741e-04	0.000000e+00	1.897455e-03	2.562560e-01	7.308260e-04	0.000000e+00	1.095373e-02	1.350197e-01	8.935764e-03	1.500934e-03	1.988047e-01	8.393995e-01
1.931796e-01	1.792473e-02	0.000000e+00	1.248654e-01	0.000000e+00	1.551226e-02	3.441141e-02	4.014188e-02	4.866838e-04	8.084715e-02	4.290740e-02	0.000000e+00	3.178738e-02	1.968317e-02	1.854604e-02	7.119479e-02	3.938049e-02	1.653576e-01	2.000634e-02	0.000000e+00	3.196812e-03	3.880864e-03	5.876405e-03	3.804589e-01	1.094722e-02	1.553704e-03	1.007761e-02	1.493080e-01	2.550377e-03	1.060385e-01	1.931796e-01	9.483687e-01
6.630733e-02	8.430864e-03	2.585397e-03	3.052302e-02	0.000000e+00	3.725150e-02	2.071048e-02	3.739576e-02	1.216709e-04	1.285772e-01	0.000000e+00	0.000000e+00	1.062826e-01	0.000000e+00	1.859641e-02	3.012699e-02	1.648986e-01	0.000000e+00	4.376792e-03	0.000000e+00	0.000000e+00	4.413268e-02	1.331851e-02	2.761051e-01	2.411994e-03	0.000000e+00	1.130570e-02	8.254423e-02	9.525670e-03	3.574590e-02	6.630733e-02	9.756901e-01
6.630733e-02	8.430864e-03	2.585397e-03	3.052302e-02	0.000000e+00	3.725150e-02	2.071048e-02	3.739576e-02	1.216709e-04	1.285772e-01	0.000000e+00	0.000000e+00	1.062826e-01	0.000000e+00	1.859641e-02	3.012699e-02	1.648986e-01	0.000000e+00	4.376792e-03	0.000000e+00	0.000000e+00	4.413268e-02	1.331851e-02	2.761051e-01	2.411994e-03	0.000000e+00	1.130570e-02	8.254423e-02	9.525670e-03	3.574590e-02	6.630733e-02	9.756901e-01
6.630733e-02	8.430864e-03	2.585397e-03	3.052302e-02	0.000000e+00	3.725150e-02	2.071048e-02	3.739576e-02	1.216709e-04	1.285772e-01	0.000000e+00	0.000000e+00	1.062826e-01	0.000000e+00	1.859641e-02	3.012699e-02	1.648986e-01	0.000000e+00	4.376792e-03	0.000000e+00	0.000000e+00	4.413268e-02	1.331851e-02	2.761051e-01	2.411994e-03	0.000000e+00	1.130570e-02	8.254423e-02	9.525670e-03	3.574590e-02	6.630733e-02	9.756901e-01
6.630733e-02	8.430864e-03	2.585397e-03	3.052302e-02	0.000000e+00	3.725150e-02	2.071048e-02	3.739576e-02	1.216709e-04	1.285772e-01	0.000000e+00	0.000000e+00	1.062826e-01	0.000000e+00	1.859641e-02	3.012699e-02	1.648986e-01	0.000000e+00	4.376792e-03	0.000000e+00	0.000000e+00	4.413268e-02	1.331851e-02	2.761051e-01	2.411994e-03	0.000000e+00	1.130570e-02	8.254423e-02	9.525670e-03	3.574590e-02	6.630733e-02	9.756901e-01
6.630733e-02	8.430864e-03	2.585397e-03	3.052302e-02	0.000000e+00	3.725150e-02	2.071048e-02	3.739576e-02	1.216709e-04	1.285772e-01	0.000000e+00	0.000000e+00	1.062826e-01	0.000000e+00	1.859641e-02	3.012699e-02	1.648986e-01	0.000000e+00	4.376792e-03	0.000000e+00	0.000000e+00	4.413268e-02	1.331851e-02	2.761051e-01	2.411994e-03	0.000000e+00	1.130570e-02	8.254423e-02	9.525670e-03	3.574590e-02	6.630733e-02	9.756901e-01
6.630733e-02	8.430864e-03	2.585397e-03	3.052302e-02	0.000000e+00	3.725150e-02	2.071048e-02	3.739576e-02	1.216709e-04	1.285772e-01	0.000000e+00	0.000000e+00	1.062826e-01	0.000000e+00	1.859641e-02	3.012699e-02	1.648986e-01	0.000000e+00	4.376792e-03	0.000000e+00	0.000000e+00	4.413268e-02	1.331851e-02	2.761051e-01	2.411994e-03	0.000000e+00	1.130570e-02	8.254423e-02	9.525670e-03	3.574590e-02	6.630733e-02	9.756901e-01
6.630733e-02	8.430864e-03	2.585397e-03	3.052302e-02	0.000000e+00	3.725150e-02	2.071048e-02	3.739576e-02	1.216709e-04	1.285772e-01	0.000000e+00	0.000000e+00	1.062826e-01	0.000000e+00	1.859641e-02	3.012699e-02	1.648986e-01	0.000000e+00	4.376792e-03	0.000000e+00	0.000000e+00	4.413268e-02	1.331851e-02	2.761051e-01	2.411994e-03	0.000000e+00	1.130570e-02	8.254423e-02	9.525670e-03	3.574590e-02	6.630733e-02	9.756901e-01
6.630733e-02	8.430864e-03	2.585397e-03	3.052302e-02	0.000000e+00	3.725150e-02	2.071048e-02	3.739576e-02	1.216709e-04	1.285772e-01	0.000000e+00	0.000000e+00	1.062826e-01	0.000000e+00	1.859641e-02	3.012699e-02	1.648986e-01	0.000000e+00	4.376792e-03	0.000000e+00	0.000000e+00	4.413268e-02	1.331851e-02	2.761051e-01	2.411994e-03	0.000000e+00	1.130570e-02	8.254423e-02	9.525670e-03	3.574590e-02	6.630733e-02	9.756901e-01
6.630733e-02	8.430864e-03	2.585397e-03	3.052302e-02	0.000000e+00	3.725150e-02	2.071048e-02	3.739576e-02	1.216709e-04	1.285772e-01	0.000000e+00	0.000000e+00	1.062826e-01	0.000000e+00	1.859641e-02	3.012699e-02	1.648986e-01	0.000000e+00	4.376792e-03	0.000000e+00	0.000000e+00	4.413268e-02	1.331851e-02	2.761051e-01	2.411994e-03	0.000000e+00	1.130570e-02	8.254423e-02	9.525670e-03	3.574590e-02	6.630733e-02	9.756901e-01
6.630733e-02	8.430864e-03	2.585397e-03	3.052302e-02	0.000000e+00	3.725150e-02	2.071048e-02	3.739576e-02	1.216709e-04	1.285772e-01	0.000000e+00	0.000000e+00	1.062826e-01	0.000000e+00	1.859641e-02	3.012699e-02	1.648986e-01	0.000000e+00	4.376792e-03	0.000000e+00	0.000000e+00	4.413268e-02	1.331851e-02	2.761051e-01	2.411994e-03	0.000000e+00	1.130570e-02	8.254423e-02	9.525670e-03	3.574590e-02	6.630733e-02	9.756901e-01
4.741751e-02	1.064273e-02	2.585397e-03	5.999399e-02	0.000000e+00	4.694826e-02	2.288059e-02	3.739576e-02	1.216709e-04	1.129446e-01	3.580921e-03	0.000000e+00	9.465586e-02	0.000000e+00	1.766730e-02	3.830654e-02	1.396117e-01	1.456666e-02	4.376792e-03	0.000000e+00	5.457481e-04	3.661553e-02	1.285383e-02	2.799220e-01	2.574400e-03	0.000000e+00	1.112972e-02	8.254423e-02	1.151140e-02	3.574590e-02	4.741751e-02	1.036217e+00
4.741751e-02	1.064273e-02	2.585397e-03	5.999399e-02	0.000000e+00	4.694826e-02	2.288059e-02	3.739576e-02	1.216709e-04	1.129446e-01	3.580921e-03	0.000000e+00	9.465586e-02	0.000000e+00	1.766730e-02	3.830654e-02	1.396117e-01	1.456666e-02	4.376792e-03	0.000000e+00	5.457481e-04	3.661553e-02	1.285383e-02	2.799220e-01	2.574400e-03	0.000000e+00	1.112972e-02	8.254423e-02	1.151140e-02	3.574590e-02	4.741751e-02	1.036217e+00
2.852770e-02	1.285461e-02	0.000000e+00	8.946497e-02	0.000000e+00	5.664502e-02	2.505071e-02	3.779038e-02	1.216709e-04	9.731203e-02	7.161842e-03	0.000000e+00	8.302914e-02	0.000000e+00	1.673820e-02	4.648609e-02	1.143247e-01	2.913332e-02	1.117205e-02	0.000000e+00	1.091496e-03	2.909838e-02	1.238916e-02	2.837389e-01	2.736806e-03	0.000000e+00	1.095373e-02	9.030503e-02	1.349712e-02	4.217992e-02	2.852770e-02	1.127301e+00
2.361466e-02	1.255323e-02	0.000000e+00	7.827314e-02	0.000000e+00	6.223781e-03	2.857256e-02	3.647752e-02	3.650128e-04	8.799874e-02	0.000000e+00	0.000000e+00	9.892282e-02	5.878954e-04	2.080273e-02	7.330016e-02	1.291300e-01	2.599947e-02	1.196060e-02	0.000000e+00	6.932943e-04	2.688034e-02	1.452869e-02	3.139892e-01	0.000000e+00	7.768522e-04	1.147496e-02	1.649590e-01	0.000000e+00	6.829190e-02	2.361466e-02	1.180134e+00
1.422602e-02	7.680722e-03	0.000000e+00	5.290576e-02	0.000000e+00	4.618049e-02	2.050732e-02	3.779038e-02	6.083547e-05	1.306113e-01	7.161842e-03	0.000000e+00	1.142294e-01	0.000000e+00	1.717197e-02	2.599856e-02	1.747438e-01	2.913332e-02	1.117205e-02	0.000000e+00	1.091496e-03	4.461779e-02	1.238916e-02	2.486222e-01	2.736806e-03	0.000000e+00	1.095373e-02	9.030503e-02	2.777110e-03	6.934931e-02	1.422602e-02	1.214224e+00
0.000000e+00	4.757264e-03	3.878095e-03	8.140285e-03	0.000000e+00	6.557401e-02	1.657341e-02	3.470984e-02	1.825064e-04	1.603039e-01	0.000000e+00	0.000000e+00	1.215892e-01	0.000000e+00	1.638369e-02	1.789630e-02	2.056274e-01	2.913332e-02	1.117205e-02	0.000000e+00	0.000000e+00	5.868188e-02	1.844819e-02	2.562560e-01	3.455586e-03	0.000000e+00	1.095373e-02	9.030503e-02	1.349712e-02	1.500934e-03	0.000000e+00	1.356592e+00
