8.519779e-01 0.000000e+00 9.180922e-06 1.798886e-04 0.000000e+00 3.167178e-03 0.000000e+00 2.178626e-04 0.000000e+00 1.199576e-03 3.025291e-04 8.559801e-04 0.000000e+00 1.798004e-05 1.617978e-04 7.098312e-04 0.000000e+00 4.595629e-03 0.000000e+00 1.184515e-03 0.000000e+00 1.855946e-02 0.000000e+00 8.020176e-05 0.000000e+00 0.000000e+00 0.000000e+00 1.178369e-03 3.264927e-04 0.000000e+00 8.519779e-01 -7.678758e-01
8.496097e-01 0.000000e+00 1.836184e-05 0.000000e+00 1.229891e-02 1.564250e-03 2.328151e-04 1.633969e-04 0.000000e+00 0.000000e+00 3.425431e-03 1.544543e-03 2.588941e-03 3.166810e-05 1.599979e-03 9.634716e-06 4.303286e-03 6.257832e-03 6.893363e-03 1.184515e-03 0.000000e+00 2.552157e-02 2.118457e-04 0.000000e+00 1.366900e-03 5.605116e-04 0.000000e+00 1.178369e-03 1.004765e-03 1.940821e-05 8.496097e-01 -7.591882e-01
8.475359e-01 2.703870e-03 9.180922e-06 5.312549e-04 1.302142e-02 3.155271e-03 0.000000e+00 0.000000e+00 4.417850e-03 2.265135e-03 7.227980e-03 0.000000e+00 5.034266e-03 0.000000e+00 1.784655e-03 5.527307e-03 6.463725e-04 0.000000e+00 4.860209e-03 2.041916e-03 1.811949e-03 5.457633e-03 0.000000e+00 0.000000e+00 9.348553e-03 0.000000e+00 0.000000e+00 0.000000e+00 0.000000e+00 1.940821e-05 8.475359e-01 -7.538598e-01
8.440544e-01 2.905048e-03 0.000000e+00 2.656274e-04 1.475824e-03 2.848896e-03 0.000000e+00 0.000000e+00 0.000000e+00 2.399151e-03 1.737990e-04 0.000000e+00 0.000000e+00 7.081666e-06 9.213582e-04 5.010166e-04 0.000000e+00 2.311023e-03 0.000000e+00 1.591229e-03 0.000000e+00 1.197529e-02 0.000000e+00 0.000000e+00 1.580247e-03 0.000000e+00 0.000000e+00 0.000000e+00 0.000000e+00 0.000000e+00 8.440544e-01 -7.432301e-01
8.428762e-01 2.106912e-03 2.065708e-05 0.000000e+00 0.000000e+00 0.000000e+00 0.000000e+00 2.723282e-05 8.872329e-04 2.665541e-03 2.340959e-03 4.316428e-03 0.000000e+00 3.380586e-05 0.000000e+00 0.000000e+00 4.285033e-03 0.000000e+00 1.767895e-03 3.788681e-03 0.000000e+00 0.000000e+00 0.000000e+00 4.812106e-04 9.612580e-03 3.363070e-04 0.000000e+00 0.000000e+00 1.070894e-03 3.881641e-05 8.428762e-01 -7.342552e-01
8.420094e-01 2.441958e-03 0.000000e+00 1.010414e-05 1.410573e-03 0.000000e+00 2.328151e-04 2.723282e-05 0.000000e+00 0.000000e+00 0.000000e+00 4.033021e-03 2.479271e-03 5.674626e-05 1.859757e-04 9.254905e-04 5.152134e-04 1.601108e-03 5.495852e-03 2.965931e-03 0.000000e+00 4.645223e-03 0.000000e+00 6.760111e-04 1.051566e-02 5.605116e-05 0.000000e+00 5.891843e-04 1.680899e-03 2.911231e-05 8.420094e-01 -7.263957e-01
8.409592e-01 1.585699e-03 1.836184e-05 7.684939e-04 5.083872e-03 0.000000e+00 0.000000e+00 6.127524e-05 1.664609e-03 5.327796e-04 3.215218e-03 3.199876e-03 0.000000e+00 2.532790e-05 0.000000e+00 9.597877e-04 4.381633e-03 6.380078e-03 0.000000e+00 4.016226e-03 3.281310e-04 0.000000e+00 2.118457e-04 0.000000e+00 2.923344e-03 2.242046e-04 0.000000e+00 9.785800e-05 8.613837e-04 1.940821e-05 8.409592e-01 -7.181465e-01
8.400444e-01 5.432707e-04 2.653860e-06 8.094209e-04 1.731839e-02 3.167178e-03 0.000000e+00 1.633969e-04 0.000000e+00 0.000000e+00 1.177094e-03 8.559801e-04 1.863811e-03 2.862577e-05 1.617978e-04 7.220238e-04 0.000000e+00 0.000000e+00 0.000000e+00 3.696976e-03 0.000000e+00 2.428631e-02 0.000000e+00 0.000000e+00 6.821117e-04 5.605116e-05 0.000000e+00 1.178369e-03 2.217374e-04 1.940821e-05 8.400444e-01 -7.062198e-01
8.386288e-01 3.162335e-03 3.263531e-06 4.011163e-04 0.000000e+00 0.000000e+00 8.730565e-05 8.169847e-05 1.104463e-02 1.199576e-03 0.000000e+00 0.000000e+00 2.712184e-03 4.561460e-05 2.442326e-03 5.549030e-04 6.932613e-03 2.152337e-03 2.430104e-03 0.000000e+00 3.683788e-04 4.941898e-04 2.118457e-04 0.000000e+00 6.254523e-03 0.000000e+00 0.000000e+00 0.000000e+00 2.853744e-03 7.278077e-05 8.386288e-01 -6.941101e-01
8.381622e-01 2.082035e-03 4.590461e-06 5.829896e-04 0.000000e+00 4.775862e-03 8.730565e-05 0.000000e+00 5.598577e-03 2.531525e-03 3.267207e-03 2.160268e-03 0.000000e+00 1.772740e-05 2.898338e-03 5.018072e-03 1.005728e-02 3.081714e-03 3.804067e-03 8.562566e-05 5.719988e-04 1.101957e-02 2.118457e-04 2.406053e-04 3.112889e-03 0.000000e+00 0.000000e+00 0.000000e+00 2.853744e-03 1.091712e-05 8.381622e-01 -6.855506e-01
8.381622e-01 2.082035e-03 4.590461e-06 5.829896e-04 0.000000e+00 4.775862e-03 8.730565e-05 0.000000e+00 5.598577e-03 2.531525e-03 3.267207e-03 2.160268e-03 0.000000e+00 1.772740e-05 2.898338e-03 5.018072e-03 1.005728e-02 3.081714e-03 3.804067e-03 8.562566e-05 5.719988e-04 1.101957e-02 2.118457e-04 2.406053e-04 3.112889e-03 0.000000e+00 0.000000e+00 0.000000e+00 2.853744e-03 1.091712e-05 8.381622e-01 -6.855506e-01
8.364612e-01 3.260044e-03 0.000000e+00 1.131893e-04 1.302142e-02 1.304810e-03 0.000000e+00 0.000000e+00 6.301055e-04 3.664914e-03 0.000000e+00 0.000000e+00 5.766182e-03 0.000000e+00 2.166721e-04 1.943961e-03 1.554776e-03 2.169363e-03 2.277883e-03 0.000000e+00 1.942647e-03 5.709719e-03 2.284878e-02 0.000000e+00 5.098540e-03 0.000000e+00 0.000000e+00 0.000000e+00 0.000000e+00 0.000000e+00 8.364612e-01 -6.644143e-01
8.350883e-01 1.585699e-03 2.065708e-05 0.000000e+00 0.000000e+00 0.000000e+00 1.164075e-04 0.000000e+00 0.000000e+00 2.399151e-03 2.096727e-03 1.116553e-03 0.000000e+00 3.545479e-05 0.000000e+00 0.000000e+00 4.810331e-04 1.377829e-03 0.000000e+00 3.744855e-03 0.000000e+00 1.330064e-02 2.118457e-04 4.812106e-04 8.491964e-03 3.363070e-04 0.000000e+00 0.000000e+00 6.285313e-04 1.455615e-04 8.350883e-01 -6.527709e-01
8.346770e-01 1.329610e-03 0.000000e+00 3.637466e-04 0.000000e+00 3.700922e-03 0.000000e+00 0.000000e+00 8.835700e-03 4.530270e-03 3.267207e-03 0.000000e+00 1.015439e-03 3.545479e-05 3.321941e-03 8.092184e-03 6.609427e-03 0.000000e+00 0.000000e+00 8.562566e-05 3.885293e-03 4.141050e-03 0.000000e+00 0.000000e+00 3.112889e-03 0.000000e+00 0.000000e+00 0.000000e+00 2.964613e-03 0.000000e+00 8.346770e-01 -6.440713e-01
8.338462e-01 2.160623e-03 2.047776e-05 4.011163e-04 0.000000e+00 1.571682e-03 2.910188e-05 0.000000e+00 5.250155e-03 3.731100e-03 0.000000e+00 0.000000e+00 1.417713e-03 0.000000e+00 1.703756e-03 9.037223e-04 6.932613e-03 2.552800e-03 4.860209e-03 2.560479e-03 3.683788e-04 1.358205e-02 1.059229e-04 8.020176e-05 1.162112e-02 1.121023e-04 0.000000e+00 0.000000e+00 0.000000e+00 0.000000e+00 8.338462e-01 -6.317550e-01
8.331384e-01 3.260044e-03 9.180922e-06 1.969640e-04 0.000000e+00 0.000000e+00 2.910188e-05 3.695962e-05 1.405707e-03 3.731100e-03 3.872636e-04 0.000000e+00 1.841900e-03 0.000000e+00 2.441789e-03 1.943961e-03 6.932613e-03 2.552800e-03 7.608135e-03 3.219118e-03 3.683788e-04 1.737403e-03 1.059229e-04 0.000000e+00 1.651465e-02 1.401279e-04 0.000000e+00 0.000000e+00 1.316003e-03 0.000000e+00 8.331384e-01 -6.222741e-01
8.325673e-01 3.260044e-03 9.180922e-06 1.847794e-04 1.016774e-02 0.000000e+00 0.000000e+00 6.808483e-05 1.554753e-03 0.000000e+00 5.594376e-03 0.000000e+00 0.000000e+00 0.000000e+00 1.662043e-03 1.943961e-03 5.138888e-04 1.333706e-02 7.608135e-03 3.482069e-03 1.942647e-03 1.737403e-03 2.118457e-04 0.000000e+00 8.713602e-04 0.000000e+00 0.000000e+00 1.957160e-04 0.000000e+00 0.000000e+00 8.325673e-01 -6.140461e-01
8.316980e-01 2.082035e-03 4.590461e-06 2.803553e-04 0.000000e+00 5.843355e-03 0.000000e+00 0.000000e+00 8.835700e-03 5.729845e-03 3.267207e-03 2.203683e-02 0.000000e+00 1.772740e-05 1.660970e-03 5.018072e-03 3.645107e-03 1.814484e-03 0.000000e+00 0.000000e+00 2.920505e-03 0.000000e+00 0.000000e+00 0.000000e+00 3.112889e-03 0.000000e+00 0.000000e+00 0.000000e+00 2.140308e-03 1.091712e-05 8.316980e-01 -5.983392e-01
8.316980e-01 2.082035e-03 4.590461e-06 2.803553e-04 0.000000e+00 5.843355e-03 0.000000e+00 0.000000e+00 8.835700e-03 5.729845e-03 3.267207e-03 2.203683e-02 0.000000e+00 1.772740e-05 1.660970e-03 5.018072e-03 3.645107e-03 1.814484e-03 0.000000e+00 0.000000e+00 2.920505e-03 0.000000e+00 0.000000e+00 0.000000e+00 3.112889e-03 0.000000e+00 0.000000e+00 0.000000e+00 2.140308e-03 1.091712e-05 8.316980e-01 -5.983392e-01
8.297397e-01 2.025482e-03 3.926996e-06 0.000000e+00 5.083872e-03 0.000000e+00 0.000000e+00 0.000000e+00 3.293099e-03 0.000000e+00 3.845857e-03 0.000000e+00 0.000000e+00 5.674626e-05 2.883206e-03 2.438527e-05 0.000000e+00 5.769036e-04 5.059527e-03 5.883447e-03 1.286385e-03 4.022634e-03 4.236915e-04 0.000000e+00 6.188058e-03 0.000000e+00 0.000000e+00 0.000000e+00 3.666432e-04 0.000000e+00 8.297397e-01 -5.712124e-01
8.296036e-01 2.025482e-03 3.926996e-06 0.000000e+00 1.016774e-02 0.000000e+00 0.000000e+00 0.000000e+00 3.293099e-03 0.000000e+00 3.845857e-03 0.000000e+00 0.000000e+00 5.674626e-05 2.883206e-03 2.438527e-05 0.000000e+00 5.769036e-04 3.804067e-03 3.026980e-03 1.286385e-03 1.984498e-03 4.236915e-04 0.000000e+00 6.188058e-03 0.000000e+00 0.000000e+00 0.000000e+00 4.190208e-04 0.000000e+00 8.296036e-01 -5.690848e-01
8.286704e-01 0.000000e+00 1.147615e-05 3.637466e-04 0.000000e+00 6.408361e-03 0.000000e+00 1.011521e-04 3.989944e-03 0.000000e+00 7.745272e-04 4.320535e-03 0.000000e+00 5.967275e-05 0.000000e+00 0.000000e+00 6.249328e-03 2.435657e-03 3.044426e-04 4.283210e-03 1.693625e-03 2.721274e-03 3.177686e-04 4.812106e-04 3.090188e-03 4.484093e-04 0.000000e+00 8.830343e-04 4.190208e-04 0.000000e+00 8.286704e-01 -5.531258e-01
8.276566e-01 6.090776e-04 0.000000e+00 3.637466e-04 0.000000e+00 5.362733e-03 8.148527e-04 2.373217e-04 8.835700e-03 0.000000e+00 1.922928e-03 2.233105e-03 0.000000e+00 2.837313e-05 3.321941e-03 0.000000e+00 0.000000e+00 0.000000e+00 0.000000e+00 8.562566e-05 0.000000e+00 2.721274e-03 0.000000e+00 3.208071e-04 4.128181e-03 0.000000e+00 0.000000e+00 0.000000e+00 0.000000e+00 0.000000e+00 8.276566e-01 -5.364956e-01
8.269560e-01 4.272785e-03 1.606661e-05 1.847794e-04 1.016774e-02 0.000000e+00 0.000000e+00 1.011521e-04 1.554753e-03 0.000000e+00 7.745272e-04 0.000000e+00 0.000000e+00 5.967275e-05 1.662043e-03 1.943961e-03 6.249328e-03 2.435657e-03 9.510168e-03 4.283210e-03 2.585839e-03 2.602720e-03 2.118457e-04 4.812106e-04 3.090188e-03 1.121023e-04 0.000000e+00 1.957160e-04 0.000000e+00 0.000000e+00 8.269560e-01 -5.200087e-01
8.263195e-01 2.160623e-03 2.851107e-05 4.884540e-04 0.000000e+00 1.571682e-03 2.910188e-05 3.695962e-05 5.250155e-03 3.731100e-03 3.872636e-04 0.000000e+00 1.417713e-03 0.000000e+00 2.441789e-03 1.412957e-03 6.932613e-03 2.552800e-03 4.860209e-03 3.219118e-03 3.683788e-04 1.256080e-02 1.059229e-04 0.000000e+00 7.908387e-03 1.401279e-04 0.000000e+00 0.000000e+00 0.000000e+00 0.000000e+00 8.263195e-01 -5.072413e-01
8.269560e-01 3.045388e-04 3.202868e-02 1.847794e-04 0.000000e+00 6.715389e-03 0.000000e+00 9.074058e-03 4.857797e-03 2.864923e-03 5.305051e-03 2.626552e-03 0.000000e+00 4.255969e-05 1.662043e-03 1.943961e-03 8.100208e-03 2.884518e-04 0.000000e+00 4.281283e-05 2.585839e-03 5.812386e-03 2.118457e-04 0.000000e+00 2.080557e-03 1.121023e-04 0.000000e+00 2.405323e-03 5.298514e-02 0.000000e+00 8.269560e-01 -5.046347e-01
8.248173e-01 2.660557e-03 0.000000e+00 3.249343e-04 0.000000e+00 2.376112e-02 1.053127e-03 9.074058e-03 2.422878e-03 0.000000e+00 5.594376e-03 3.533722e-03 0.000000e+00 0.000000e+00 1.660970e-03 5.792883e-04 3.645107e-03 8.636969e-03 0.000000e+00 1.082736e-03 1.942647e-03 0.000000e+00 0.000000e+00 0.000000e+00 2.098944e-03 0.000000e+00 0.000000e+00 2.405323e-03 1.047552e-04 0.000000e+00 8.248173e-01 -4.760603e-01
8.248173e-01 2.812826e-03 0.000000e+00 0.000000e+00 0.000000e+00 2.376112e-02 8.493780e-04 9.074058e-03 4.851776e-03 0.000000e+00 5.594376e-03 3.533722e-03 0.000000e+00 2.127985e-05 1.660970e-03 1.551269e-03 7.092243e-03 8.455249e-03 0.000000e+00 1.082736e-03 1.942647e-03 2.906193e-03 1.059229e-04 0.000000e+00 1.913291e-03 5.436948e-03 0.000000e+00 3.100416e-03 1.047552e-04 0.000000e+00 8.248173e-01 -4.734477e-01
6.540165e-01 0.000000e+00 0.000000e+00 0.000000e+00 6.718603e-04 0.000000e+00 9.312602e-04 0.000000e+00 0.000000e+00 1.129862e-03 3.845857e-03 1.779520e-03 2.588941e-03 5.674626e-05 0.000000e+00 0.000000e+00 0.000000e+00 5.769036e-04 1.813839e-03 0.000000e+00 0.000000e+00 6.421452e-03 4.236915e-04 3.208071e-04 3.293235e-05 0.000000e+00 0.000000e+00 0.000000e+00 3.666432e-04 3.105313e-04 6.540165e-01 -4.535933e-01
6.540165e-01 0.000000e+00 0.000000e+00 0.000000e+00 6.718603e-04 0.000000e+00 9.312602e-04 0.000000e+00 0.000000e+00 1.129862e-03 3.845857e-03 1.779520e-03 2.588941e-03 5.674626e-05 0.000000e+00 0.000000e+00 0.000000e+00 5.769036e-04 1.813839e-03 0.000000e+00 0.000000e+00 6.421452e-03 4.236915e-04 3.208071e-04 3.293235e-05 0.000000e+00 0.000000e+00 0.000000e+00 3.666432e-04 3.105313e-04 6.540165e-01 -4.535933e-01
6.540165e-01 0.000000e+00 0.000000e+00 0.000000e+00 6.718603e-04 0.000000e+00 9.312602e-04 0.000000e+00 0.000000e+00 1.129862e-03 3.845857e-03 1.779520e-03 2.588941e-03 5.674626e-05 0.000000e+00 0.000000e+00 0.000000e+00 5.769036e-04 1.813839e-03 0.000000e+00 0.000000e+00 6.421452e-03 4.236915e-04 3.208071e-04 3.293235e-05 0.000000e+00 0.000000e+00 0.000000e+00 3.666432e-04 3.105313e-04 6.540165e-01 -4.535933e-01
6.540165e-01 0.000000e+00 0.000000e+00 0.000000e+00 6.718603e-04 0.000000e+00 9.312602e-04 0.000000e+00 0.000000e+00 1.129862e-03 3.845857e-03 1.779520e-03 2.588941e-03 5.674626e-05 0.000000e+00 0.000000e+00 0.000000e+00 5.769036e-04 1.813839e-03 0.000000e+00 0.000000e+00 6.421452e-03 4.236915e-04 3.208071e-04 3.293235e-05 0.000000e+00 0.000000e+00 0.000000e+00 3.666432e-04 3.105313e-04 6.540165e-01 -4.535933e-01
6.540165e-01 0.000000e+00 0.000000e+00 0.000000e+00 6.718603e-04 0.000000e+00 9.312602e-04 0.000000e+00 0.000000e+00 1.129862e-03 3.845857e-03 1.779520e-03 2.588941e-03 5.674626e-05 0.000000e+00 0.000000e+00 0.000000e+00 5.769036e-04 1.813839e-03 0.000000e+00 0.000000e+00 6.421452e-03 4.236915e-04 3.208071e-04 3.293235e-05 0.000000e+00 0.000000e+00 0.000000e+00 3.666432e-04 3.105313e-04 6.540165e-01 -4.535933e-01
6.501032e-01 0.000000e+00 0.000000e+00 1.903747e-03 2.653530e-04 0.000000e+00 1.171110e-03 9.161612e-03 2.422878e-03 1.157075e-03 4.201635e-03 0.000000e+00 3.298660e-03 0.000000e+00 0.000000e+00 0.000000e+00 3.857941e-03 1.226410e-02 5.715064e-03 0.000000e+00 2.966887e-03 1.258167e-03 8.495710e-03 3.208071e-04 8.730121e-04 0.000000e+00 0.000000e+00 2.991949e-03 4.190208e-04 4.883788e-04 6.501032e-01 -4.446384e-01
6.453258e-01 6.356291e-05 2.455765e-04 1.140129e-03 5.861130e-03 1.236322e-03 0.000000e+00 4.580806e-03 0.000000e+00 1.279716e-02 0.000000e+00 1.274438e-04 0.000000e+00 0.000000e+00 1.759657e-07 6.612300e-05 0.000000e+00 4.805065e-03 2.857532e-03 1.784495e-04 6.528704e-04 7.335420e-03 1.388956e-02 4.010088e-04 0.000000e+00 2.651840e-03 0.000000e+00 0.000000e+00 0.000000e+00 6.115111e-04 6.453258e-01 -4.306193e-01
6.419641e-01 0.000000e+00 4.911530e-04 2.190122e-03 2.204924e-04 0.000000e+00 4.074972e-04 3.506467e-04 0.000000e+00 1.834622e-03 5.127090e-03 1.071124e-03 9.609248e-05 0.000000e+00 1.759657e-07 0.000000e+00 1.205936e-03 6.518925e-04 1.143013e-02 0.000000e+00 1.069333e-03 0.000000e+00 0.000000e+00 2.591968e-03 2.451863e-03 2.914129e-03 0.000000e+00 1.015136e-03 0.000000e+00 3.516534e-04 6.419641e-01 -4.162315e-01
6.400312e-01 0.000000e+00 0.000000e+00 0.000000e+00 0.000000e+00 7.001855e-03 8.398010e-04 0.000000e+00 4.399464e-04 0.000000e+00 4.987368e-04 1.216679e-03 1.582485e-03 1.178259e-05 0.000000e+00 1.828895e-05 0.000000e+00 5.769036e-04 0.000000e+00 1.998769e-04 2.024258e-03 7.305884e-03 4.236915e-04 3.208071e-04 0.000000e+00 1.194776e-03 0.000000e+00 3.032098e-05 9.376793e-03 4.548180e-04 6.400312e-01 -4.026672e-01
6.388103e-01 0.000000e+00 0.000000e+00 3.892493e-03 3.731165e-03 7.926003e-03 0.000000e+00 6.452891e-05 4.938348e-04 1.690142e-04 1.246302e-03 0.000000e+00 9.609248e-05 9.143019e-04 0.000000e+00 1.045459e-04 0.000000e+00 3.627251e-04 4.880156e-03 0.000000e+00 1.529294e-04 4.917034e-03 2.300721e-02 2.591968e-03 1.225931e-03 0.000000e+00 0.000000e+00 0.000000e+00 5.739897e-03 1.097797e-04 6.388103e-01 -3.874816e-01
6.371957e-01 0.000000e+00 5.525471e-04 1.338035e-04 7.627017e-04 6.687310e-03 0.000000e+00 4.839668e-05 4.399464e-04 2.259724e-03 1.994408e-03 1.025033e-03 5.032278e-04 0.000000e+00 0.000000e+00 1.967969e-05 0.000000e+00 0.000000e+00 1.036674e-03 0.000000e+00 0.000000e+00 0.000000e+00 1.275399e-02 0.000000e+00 2.316803e-03 0.000000e+00 0.000000e+00 0.000000e+00 0.000000e+00 3.268947e-04 6.371957e-01 -3.788156e-01
6.355322e-01 3.972682e-05 5.525471e-04 4.175763e-03 1.343721e-03 6.687310e-03 0.000000e+00 4.839668e-05 4.399464e-04 2.259724e-03 1.993868e-03 2.626552e-03 4.484602e-04 0.000000e+00 0.000000e+00 5.705525e-05 3.360748e-04 0.000000e+00 3.627678e-03 0.000000e+00 8.611018e-04 4.332559e-03 1.275399e-02 2.672170e-03 7.278312e-04 0.000000e+00 0.000000e+00 5.866265e-04 0.000000e+00 3.268947e-04 6.355322e-01 -3.594366e-01
6.340050e-01 0.000000e+00 2.455765e-04 7.749863e-03 4.554996e-03 0.000000e+00 0.000000e+00 1.753233e-04 0.000000e+00 9.864271e-03 0.000000e+00 0.000000e+00 9.927504e-04 0.000000e+00 8.798284e-08 2.438527e-05 8.220203e-04 5.769036e-04 0.000000e+00 1.189663e-04 2.888025e-03 5.144216e-03 1.414666e-02 1.456388e-03 0.000000e+00 1.194776e-03 0.000000e+00 1.173253e-03 1.586922e-02 5.564228e-04 6.340050e-01 -3.392135e-01
6.328888e-01 6.356291e-05 4.911530e-04 2.190122e-03 1.126851e-03 7.926003e-03 3.780014e-04 5.308394e-04 2.024747e-04 1.690142e-04 5.127090e-03 1.737740e-03 9.609248e-05 2.690385e-04 0.000000e+00 1.045459e-04 1.205936e-03 3.627251e-04 4.880156e-03 0.000000e+00 1.069333e-03 0.000000e+00 7.957224e-04 2.591968e-03 1.225931e-03 2.202314e-03 0.000000e+00 8.065039e-04 0.000000e+00 4.642067e-04 6.328888e-01 -3.324242e-01
6.313275e-01 0.000000e+00 0.000000e+00 3.624885e-03 2.877622e-03 1.489952e-03 2.561877e-04 3.041641e-04 0.000000e+00 7.022846e-03 1.602081e-03 2.548876e-04 9.927504e-04 0.000000e+00 0.000000e+00 8.347545e-05 4.256665e-04 2.072043e-02 1.143013e-02 1.189663e-04 2.701351e-03 5.640575e-03 7.981512e-03 2.073575e-03 0.000000e+00 2.914129e-03 0.000000e+00 1.173253e-03 1.586922e-02 5.985553e-04 6.313275e-01 -3.034027e-01
6.302031e-01 0.000000e+00 0.000000e+00 1.338035e-04 4.267716e-04 1.021988e-02 8.103052e-04 3.226446e-05 6.868638e-04 0.000000e+00 0.000000e+00 6.811172e-04 0.000000e+00 8.859287e-04 0.000000e+00 6.115071e-05 0.000000e+00 0.000000e+00 2.375201e-03 0.000000e+00 0.000000e+00 6.944113e-03 1.043964e-02 1.616791e-03 6.129657e-04 1.194776e-03 0.000000e+00 0.000000e+00 4.312134e-03 2.104301e-04 6.302031e-01 -2.982405e-01
6.287182e-01 1.589073e-05 0.000000e+00 1.032514e-03 0.000000e+00 1.023382e-02 0.000000e+00 2.678544e-04 2.402478e-02 5.682851e-03 4.095225e-04 7.034154e-04 8.352165e-03 0.000000e+00 1.223511e-07 1.193665e-04 7.927076e-04 3.955410e-04 2.504955e-03 0.000000e+00 3.733467e-04 6.313167e-03 1.163431e-02 1.295984e-03 1.994197e-03 6.007455e-04 0.000000e+00 0.000000e+00 1.036008e-02 0.000000e+00 6.287182e-01 -2.698845e-01
6.287182e-01 0.000000e+00 0.000000e+00 1.032514e-03 0.000000e+00 1.023382e-02 5.355911e-04 2.678544e-04 0.000000e+00 4.139093e-04 5.928130e-03 7.034154e-04 6.398109e-02 0.000000e+00 1.223511e-07 2.954509e-05 7.927076e-04 1.072365e-02 2.504955e-03 0.000000e+00 3.733467e-04 5.719375e-03 1.163431e-02 1.295984e-03 1.994197e-03 6.007455e-04 0.000000e+00 1.015136e-03 1.036008e-02 0.000000e+00 6.287182e-01 -2.617371e-01
6.254179e-01 6.356291e-05 0.000000e+00 6.823034e-04 1.126851e-03 0.000000e+00 3.924507e-04 5.308394e-04 2.024747e-04 1.690142e-04 0.000000e+00 9.701551e-04 0.000000e+00 2.690385e-04 0.000000e+00 1.791435e-04 0.000000e+00 3.627251e-04 4.880156e-03 0.000000e+00 2.641695e-03 0.000000e+00 0.000000e+00 2.591968e-03 2.031823e-03 0.000000e+00 0.000000e+00 8.065039e-04 0.000000e+00 7.513933e-04 6.254179e-01 -2.353351e-01
6.234612e-01 0.000000e+00 0.000000e+00 1.634177e-03 2.849184e-03 0.000000e+00 5.123755e-04 0.000000e+00 4.049493e-04 3.380284e-04 0.000000e+00 8.039516e-05 0.000000e+00 3.590083e-04 0.000000e+00 1.791435e-04 6.428369e-04 0.000000e+00 9.760312e-03 0.000000e+00 4.125138e-03 0.000000e+00 0.000000e+00 0.000000e+00 2.451863e-03 0.000000e+00 0.000000e+00 1.475081e-03 1.596678e-03 8.403170e-04 6.234612e-01 -2.035057e-01
6.232445e-01 7.865507e-04 0.000000e+00 6.239698e-04 1.340236e-03 7.919033e-03 3.780014e-04 3.969122e-04 0.000000e+00 6.395355e-03 9.028267e-02 0.000000e+00 0.000000e+00 7.120029e-04 6.303146e-07 5.927469e-05 8.095822e-04 0.000000e+00 3.243869e-04 0.000000e+00 1.257684e-03 3.154732e-04 1.307070e-04 0.000000e+00 1.379001e-03 0.000000e+00 0.000000e+00 0.000000e+00 2.274269e-04 5.694218e-04 6.232445e-01 -1.836778e-01
6.208042e-01 2.635078e-04 0.000000e+00 0.000000e+00 1.694375e-03 2.840860e-04 5.899159e-05 1.753233e-04 0.000000e+00 0.000000e+00 2.278707e-03 1.071124e-03 0.000000e+00 7.006884e-04 1.017302e-06 1.882235e-05 0.000000e+00 4.283570e-04 0.000000e+00 2.414596e-04 1.114404e-03 1.582469e-03 0.000000e+00 0.000000e+00 0.000000e+00 2.625121e-03 0.000000e+00 1.009153e-03 1.265943e-02 8.943909e-05 6.208042e-01 -1.604291e-01
6.193394e-01 7.945364e-06 0.000000e+00 0.000000e+00 1.694375e-03 0.000000e+00 5.899159e-05 0.000000e+00 0.000000e+00 0.000000e+00 2.278707e-03 1.071124e-03 0.000000e+00 2.636935e-03 1.017302e-06 1.882235e-05 0.000000e+00 4.283570e-04 1.297548e-04 2.414596e-04 1.264432e-03 1.582469e-03 0.000000e+00 0.000000e+00 0.000000e+00 0.000000e+00 0.000000e+00 1.009700e-03 3.862346e-04 7.149570e-05 6.193394e-01 -1.381170e-01
4.538651e-01 0.000000e+00 0.000000e+00 0.000000e+00 4.068264e-03 0.000000e+00 0.000000e+00 0.000000e+00 0.000000e+00 0.000000e+00 1.382213e-03 0.000000e+00 0.000000e+00 5.440309e-04 2.749464e-08 3.188936e-05 2.734624e-04 0.000000e+00 2.919482e-04 2.414596e-04 0.000000e+00 7.853831e-04 0.000000e+00 0.000000e+00 5.748521e-04 0.000000e+00 0.000000e+00 0.000000e+00 2.274269e-04 6.508921e-04 4.538651e-01 -1.223507e-01
4.538651e-01 0.000000e+00 0.000000e+00 0.000000e+00 4.068264e-03 0.000000e+00 0.000000e+00 0.000000e+00 0.000000e+00 0.000000e+00 1.382213e-03 0.000000e+00 0.000000e+00 5.440309e-04 2.749464e-08 3.188936e-05 2.734624e-04 0.000000e+00 2.919482e-04 2.414596e-04 0.000000e+00 7.853831e-04 0.000000e+00 0.000000e+00 5.748521e-04 0.000000e+00 0.000000e+00 0.000000e+00 2.274269e-04 6.508921e-04 4.538651e-01 -1.223507e-01
4.538651e-01 0.000000e+00 0.000000e+00 0.000000e+00 4.068264e-03 0.000000e+00 0.000000e+00 0.000000e+00 0.000000e+00 0.000000e+00 1.382213e-03 0.000000e+00 0.000000e+00 5.440309e-04 2.749464e-08 3.188936e-05 2.734624e-04 0.000000e+00 2.919482e-04 2.414596e-04 0.000000e+00 7.853831e-04 0.000000e+00 0.000000e+00 5.748521e-04 0.000000e+00 0.000000e+00 0.000000e+00 2.274269e-04 6.508921e-04 4.538651e-01 -1.223507e-01
4.538651e-01 0.000000e+00 0.000000e+00 0.000000e+00 4.068264e-03 0.000000e+00 0.000000e+00 0.000000e+00 0.000000e+00 0.000000e+00 1.382213e-03 0.000000e+00 0.000000e+00 5.440309e-04 2.749464e-08 3.188936e-05 2.734624e-04 0.000000e+00 2.919482e-04 2.414596e-04 0.000000e+00 7.853831e-04 0.000000e+00 0.000000e+00 5.748521e-04 0.000000e+00 0.000000e+00 0.000000e+00 2.274269e-04 6.508921e-04 4.538651e-01 -1.223507e-01
4.538651e-01 0.000000e+00 0.000000e+00 0.000000e+00 4.068264e-03 0.000000e+00 0.000000e+00 0.000000e+00 0.000000e+00 0.000000e+00 1.382213e-03 0.000000e+00 0.000000e+00 5.440309e-04 2.749464e-08 3.188936e-05 2.734624e-04 0.000000e+00 2.919482e-04 2.414596e-04 0.000000e+00 7.853831e-04 0.000000e+00 0.000000e+00 5.748521e-04 0.000000e+00 0.000000e+00 0.000000e+00 2.274269e-04 6.508921e-04 4.538651e-01 -1.223507e-01
4.538651e-01 0.000000e+00 0.000000e+00 0.000000e+00 4.068264e-03 0.000000e+00 0.000000e+00 0.000000e+00 0.000000e+00 0.000000e+00 1.382213e-03 0.000000e+00 0.000000e+00 5.440309e-04 2.749464e-08 3.188936e-05 2.734624e-04 0.000000e+00 2.919482e-04 2.414596e-04 0.000000e+00 7.853831e-04 0.000000e+00 0.000000e+00 5.748521e-04 0.000000e+00 0.000000e+00 0.000000e+00 2.274269e-04 6.508921e-04 4.538651e-01 -1.223507e-01
4.538651e-01 0.000000e+00 0.000000e+00 0.000000e+00 4.068264e-03 0.000000e+00 0.000000e+00 0.000000e+00 0.000000e+00 0.000000e+00 1.382213e-03 0.000000e+00 0.000000e+00 5.440309e-04 2.749464e-08 3.188936e-05 2.734624e-04 0.000000e+00 2.919482e-04 2.414596e-04 0.000000e+00 7.853831e-04 0.000000e+00 0.000000e+00 5.748521e-04 0.000000e+00 0.000000e+00 0.000000e+00 2.274269e-04 6.508921e-04 4.538651e-01 -1.223507e-01
4.538651e-01 0.000000e+00 0.000000e+00 0.000000e+00 4.068264e-03 0.000000e+00 0.000000e+00 0.000000e+00 0.000000e+00 0.000000e+00 1.382213e-03 0.000000e+00 0.000000e+00 5.440309e-04 2.749464e-08 3.188936e-05 2.734624e-04 0.000000e+00 2.919482e-04 2.414596e-04 0.000000e+00 7.853831e-04 0.000000e+00 0.000000e+00 5.748521e-04 0.000000e+00 0.000000e+00 0.000000e+00 2.274269e-04 6.508921e-04 4.538651e-01 -1.223507e-01
4.465947e-01 7.945364e-06 0.000000e+00 0.000000e+00 2.712176e-03 0.000000e+00 3.842816e-04 0.000000e+00 1.424104e-04 0.000000e+00 2.278707e-03 1.071124e-03 0.000000e+00 3.626872e-04 1.017302e-06 1.882235e-05 0.000000e+00 4.283570e-04 2.595095e-04 0.000000e+00 1.816027e-03 1.582469e-03 1.045656e-04 0.000000e+00 0.000000e+00 0.000000e+00 0.000000e+00 0.000000e+00 7.394892e-04 7.149570e-05 4.465947e-01 -1.098420e-01
4.424768e-01 2.674805e-04 0.000000e+00 2.467053e-04 3.068416e-03 1.211799e-03 3.846609e-04 2.346680e-04 2.136156e-04 3.973130e-03 5.696766e-04 0.000000e+00 0.000000e+00 1.813436e-04 3.299357e-08 1.860213e-05 1.293017e-03 0.000000e+00 2.368361e-04 1.242567e-04 2.627954e-03 0.000000e+00 3.267675e-05 0.000000e+00 6.063418e-04 0.000000e+00 0.000000e+00 1.037643e-04 2.068042e-04 2.892854e-04 4.424768e-01 -9.207146e-02
4.383588e-01 0.000000e+00 0.000000e+00 0.000000e+00 3.776149e-04 1.063845e-03 3.127124e-04 0.000000e+00 0.000000e+00 0.000000e+00 1.139353e-03 0.000000e+00 0.000000e+00 0.000000e+00 1.374732e-08 0.000000e+00 0.000000e+00 0.000000e+00 3.243869e-04 0.000000e+00 2.464599e-04 5.426574e-04 9.149490e-06 0.000000e+00 1.916174e-04 0.000000e+00 0.000000e+00 0.000000e+00 1.023747e-04 0.000000e+00 4.383588e-01 -7.056068e-02
4.366624e-01 5.270156e-04 0.000000e+00 1.949749e-04 2.712176e-03 1.063845e-03 0.000000e+00 0.000000e+00 3.037120e-04 7.883403e-04 0.000000e+00 1.770242e-03 0.000000e+00 3.626872e-04 2.749464e-08 0.000000e+00 8.304434e-04 8.895350e-04 2.595095e-04 2.847344e-05 1.816027e-03 8.552357e-04 1.307070e-04 0.000000e+00 1.045975e-03 0.000000e+00 0.000000e+00 3.827022e-02 1.137135e-04 5.785707e-04 4.366624e-01 -4.875147e-02
4.315206e-01 2.064533e-03 0.000000e+00 0.000000e+00 1.956946e-03 1.489187e-03 1.997831e-05 0.000000e+00 0.000000e+00 1.210188e-03 1.139353e-03 4.623664e-05 0.000000e+00 0.000000e+00 0.000000e+00 1.169277e-04 2.741930e-03 0.000000e+00 0.000000e+00 1.563861e-04 1.449857e-03 0.000000e+00 0.000000e+00 0.000000e+00 1.476734e-04 0.000000e+00 0.000000e+00 0.000000e+00 9.662391e-05 0.000000e+00 4.315206e-01 -1.508875e-02
4.285899e-01 7.945364e-06 1.476140e-04 0.000000e+00 2.712176e-03 1.559518e-03 2.457269e-04 0.000000e+00 0.000000e+00 0.000000e+00 5.696766e-04 0.000000e+00 0.000000e+00 0.000000e+00 2.749464e-08 3.188936e-05 1.442117e-03 0.000000e+00 0.000000e+00 2.205159e-04 1.816027e-03 0.000000e+00 0.000000e+00 0.000000e+00 7.664695e-04 0.000000e+00 0.000000e+00 0.000000e+00 0.000000e+00 5.785707e-04 4.285899e-01 1.220061e-02
4.260914e-01 0.000000e+00 3.690349e-05 0.000000e+00 9.784731e-04 0.000000e+00 1.304194e-03 0.000000e+00 7.610055e-05 5.599621e-04 8.545149e-04 4.623664e-05 0.000000e+00 3.626872e-04 8.248392e-09 2.125957e-05 0.000000e+00 0.000000e+00 2.509819e-04 2.414596e-04 0.000000e+00 8.564907e-05 5.097573e-05 0.000000e+00 0.000000e+00 6.938269e-04 0.000000e+00 0.000000e+00 0.000000e+00 4.339280e-04 4.260914e-01 3.705331e-02
4.229859e-01 4.656081e-03 0.000000e+00 1.480232e-04 0.000000e+00 1.914530e-03 1.116020e-03 0.000000e+00 0.000000e+00 3.208716e-03 0.000000e+00 1.758683e-03 0.000000e+00 3.626872e-04 0.000000e+00 4.119042e-05 2.887422e-03 8.895350e-04 1.297548e-04 7.483960e-05 2.068061e-03 0.000000e+00 5.816462e-05 0.000000e+00 9.580868e-04 0.000000e+00 0.000000e+00 1.308135e-03 7.394892e-04 2.892854e-04 4.229859e-01 7.477979e-02
4.194597e-01 7.171878e-03 1.476140e-04 2.960464e-04 6.832228e-04 1.559518e-03 4.083719e-04 0.000000e+00 0.000000e+00 0.000000e+00 0.000000e+00 0.000000e+00 0.000000e+00 0.000000e+00 0.000000e+00 0.000000e+00 1.442117e-03 8.895350e-04 0.000000e+00 9.978613e-05 1.821601e-03 6.129987e-04 0.000000e+00 0.000000e+00 7.664695e-04 0.000000e+00 0.000000e+00 8.444500e-04 0.000000e+00 0.000000e+00 4.194597e-01 1.151014e-01
4.168642e-01 0.000000e+00 1.476140e-04 7.249307e-04 1.956946e-03 2.254190e-03 1.997831e-05 0.000000e+00 0.000000e+00 1.119924e-03 0.000000e+00 4.623664e-05 0.000000e+00 1.755835e-03 1.237259e-08 1.169277e-04 2.741930e-03 0.000000e+00 0.000000e+00 1.563861e-04 1.449857e-03 0.000000e+00 1.829898e-05 0.000000e+00 0.000000e+00 2.775308e-03 0.000000e+00 0.000000e+00 9.662391e-05 0.000000e+00 4.168642e-01 1.469154e-01
4.150320e-01 1.070142e-03 2.860020e-04 4.834286e-04 1.956946e-03 1.550269e-03 0.000000e+00 0.000000e+00 0.000000e+00 1.348302e-03 0.000000e+00 1.793361e-03 0.000000e+00 1.022080e-04 0.000000e+00 5.846383e-05 3.082305e-03 8.895350e-04 0.000000e+00 4.989306e-05 7.457174e-02 8.564907e-05 8.365248e-05 0.000000e+00 7.056195e-04 0.000000e+00 0.000000e+00 1.128782e-03 9.662391e-05 5.070629e-03 4.150320e-01 1.869083e-01
4.115976e-01 1.070142e-03 4.457466e-04 0.000000e+00 1.956946e-03 1.136344e-03 9.338685e-04 1.610187e-05 0.000000e+00 0.000000e+00 0.000000e+00 1.770242e-03 0.000000e+00 1.205542e-05 0.000000e+00 4.119042e-05 0.000000e+00 0.000000e+00 0.000000e+00 0.000000e+00 1.157261e-03 0.000000e+00 5.097573e-05 0.000000e+00 0.000000e+00 0.000000e+00 0.000000e+00 0.000000e+00 2.267760e-05 4.526017e-04 4.115976e-01 2.136838e-01
2.585970e-01 0.000000e+00 3.690349e-05 0.000000e+00 0.000000e+00 3.146672e-06 7.501508e-04 0.000000e+00 0.000000e+00 0.000000e+00 0.000000e+00 2.311832e-05 0.000000e+00 0.000000e+00 0.000000e+00 0.000000e+00 1.093850e-04 0.000000e+00 2.071450e-04 3.741980e-05 0.000000e+00 0.000000e+00 5.097573e-05 0.000000e+00 0.000000e+00 0.000000e+00 0.000000e+00 0.000000e+00 0.000000e+00 4.339280e-04 2.585970e-01 2.426355e-01
2.585970e-01 0.000000e+00 3.690349e-05 0.000000e+00 0.000000e+00 3.146672e-06 7.501508e-04 0.000000e+00 0.000000e+00 0.000000e+00 0.000000e+00 2.311832e-05 0.000000e+00 0.000000e+00 0.000000e+00 0.000000e+00 1.093850e-04 0.000000e+00 2.071450e-04 3.741980e-05 0.000000e+00 0.000000e+00 5.097573e-05 0.000000e+00 0.000000e+00 0.000000e+00 0.000000e+00 0.000000e+00 0.000000e+00 4.339280e-04 2.585970e-01 2.426355e-01
2.585970e-01 0.000000e+00 3.690349e-05 0.000000e+00 0.000000e+00 3.146672e-06 7.501508e-04 0.000000e+00 0.000000e+00 0.000000e+00 0.000000e+00 2.311832e-05 0.000000e+00 0.000000e+00 0.000000e+00 0.000000e+00 1.093850e-04 0.000000e+00 2.071450e-04 3.741980e-05 0.000000e+00 0.000000e+00 5.097573e-05 0.000000e+00 0.000000e+00 0.000000e+00 0.000000e+00 0.000000e+00 0.000000e+00 4.339280e-04 2.585970e-01 2.426355e-01
2.585970e-01 0.000000e+00 3.690349e-05 0.000000e+00 0.000000e+00 3.146672e-06 7.501508e-04 0.000000e+00 0.000000e+00 0.000000e+00 0.000000e+00 2.311832e-05 0.000000e+00 0.000000e+00 0.000000e+00 0.000000e+00 1.093850e-04 0.000000e+00 2.071450e-04 3.741980e-05 0.000000e+00 0.000000e+00 5.097573e-05 0.000000e+00 0.000000e+00 0.000000e+00 0.000000e+00 0.000000e+00 0.000000e+00 4.339280e-04 2.585970e-01 2.426355e-01
2.585970e-01 0.000000e+00 3.690349e-05 0.000000e+00 0.000000e+00 3.146672e-06 7.501508e-04 0.000000e+00 0.000000e+00 0.000000e+00 0.000000e+00 2.311832e-05 0.000000e+00 0.000000e+00 0.000000e+00 0.000000e+00 1.093850e-04 0.000000e+00 2.071450e-04 3.741980e-05 0.000000e+00 0.000000e+00 5.097573e-05 0.000000e+00 0.000000e+00 0.000000e+00 0.000000e+00 0.000000e+00 0.000000e+00 4.339280e-04 2.585970e-01 2.426355e-01
2.585970e-01 0.000000e+00 3.690349e-05 0.000000e+00 0.000000e+00 3.146672e-06 7.501508e-04 0.000000e+00 0.000000e+00 0.000000e+00 0.000000e+00 2.311832e-05 0.000000e+00 0.000000e+00 0.000000e+00 0.000000e+00 1.093850e-04 0.000000e+00 2.071450e-04 3.741980e-05 0.000000e+00 0.000000e+00 5.097573e-05 0.000000e+00 0.000000e+00 0.000000e+00 0.000000e+00 0.000000e+00 0.000000e+00 4.339280e-04 2.585970e-01 2.426355e-01
2.585970e-01 0.000000e+00 3.690349e-05 0.000000e+00 0.000000e+00 3.146672e-06 7.501508e-04 0.000000e+00 0.000000e+00 0.000000e+00 0.000000e+00 2.311832e-05 0.000000e+00 0.000000e+00 0.000000e+00 0.000000e+00 1.093850e-04 0.000000e+00 2.071450e-04 3.741980e-05 0.000000e+00 0.000000e+00 5.097573e-05 0.000000e+00 0.000000e+00 0.000000e+00 0.000000e+00 0.000000e+00 0.000000e+00 4.339280e-04 2.585970e-01 2.426355e-01
2.585970e-01 0.000000e+00 3.690349e-05 0.000000e+00 0.000000e+00 3.146672e-06 7.501508e-04 0.000000e+00 0.000000e+00 0.000000e+00 0.000000e+00 2.311832e-05 0.000000e+00 0.000000e+00 0.000000e+00 0.000000e+00 1.093850e-04 0.000000e+00 2.071450e-04 3.741980e-05 0.000000e+00 0.000000e+00 5.097573e-05 0.000000e+00 0.000000e+00 0.000000e+00 0.000000e+00 0.000000e+00 0.000000e+00 4.339280e-04 2.585970e-01 2.426355e-01
2.549326e-01 0.000000e+00 0.000000e+00 1.726937e-04 0.000000e+00 1.426341e-03 4.962112e-04 3.220373e-05 0.000000e+00 0.000000e+00 0.000000e+00 0.000000e+00 0.000000e+00 2.411084e-05 0.000000e+00 0.000000e+00 0.000000e+00 0.000000e+00 2.685136e-04 0.000000e+00 6.047315e-04 0.000000e+00 0.000000e+00 0.000000e+00 3.021775e-04 0.000000e+00 0.000000e+00 0.000000e+00 0.000000e+00 3.734736e-05 2.549326e-01 2.439942e-01
2.438722e-01 3.222095e-05 0.000000e+00 3.387634e-05 0.000000e+00 1.426341e-03 1.304194e-03 0.000000e+00 0.000000e+00 0.000000e+00 0.000000e+00 0.000000e+00 0.000000e+00 0.000000e+00 0.000000e+00 0.000000e+00 0.000000e+00 0.000000e+00 1.688158e-04 0.000000e+00 2.683754e-03 0.000000e+00 0.000000e+00 0.000000e+00 1.664312e-04 1.545049e-04 0.000000e+00 0.000000e+00 1.273457e-03 0.000000e+00 2.438722e-01 2.684920e-01
2.370935e-01 0.000000e+00 0.000000e+00 0.000000e+00 0.000000e+00 1.803940e-03 9.806328e-04 1.446167e-05 2.094792e-04 0.000000e+00 0.000000e+00 0.000000e+00 0.000000e+00 0.000000e+00 0.000000e+00 0.000000e+00 0.000000e+00 0.000000e+00 3.236216e-04 4.447793e-05 0.000000e+00 0.000000e+00 0.000000e+00 0.000000e+00 3.021775e-04 1.545049e-04 0.000000e+00 0.000000e+00 4.831195e-05 7.502550e-05 2.370935e-01 2.961374e-01
2.285696e-01 9.899066e-04 0.000000e+00 0.000000e+00 0.000000e+00 0.000000e+00 6.744764e-04 6.440747e-05 3.044022e-04 3.161876e-05 0.000000e+00 2.532562e-04 0.000000e+00 4.822168e-05 0.000000e+00 0.000000e+00 0.000000e+00 0.000000e+00 2.915529e-04 9.269677e-05 0.000000e+00 0.000000e+00 0.000000e+00 0.000000e+00 1.690778e-04 1.545049e-04 0.000000e+00 0.000000e+00 1.722667e-04 5.001700e-05 2.285696e-01 3.439940e-01
2.222118e-01 4.868981e-04 1.383881e-04 0.000000e+00 0.000000e+00 1.426341e-03 0.000000e+00 9.537429e-05 2.248979e-04 0.000000e+00 0.000000e+00 9.306402e-04 1.486129e-03 0.000000e+00 0.000000e+00 0.000000e+00 0.000000e+00 0.000000e+00 3.496707e-04 1.139024e-04 2.843645e-04 0.000000e+00 0.000000e+00 0.000000e+00 1.326594e-03 3.862622e-05 0.000000e+00 0.000000e+00 0.000000e+00 1.000340e-04 2.222118e-01 3.874885e-01
2.155900e-01 0.000000e+00 3.690349e-05 0.000000e+00 0.000000e+00 2.181540e-03 7.501508e-04 2.892335e-05 0.000000e+00 0.000000e+00 0.000000e+00 2.311832e-05 0.000000e+00 0.000000e+00 0.000000e+00 0.000000e+00 1.093850e-04 0.000000e+00 2.071450e-04 3.741980e-05 0.000000e+00 0.000000e+00 0.000000e+00 0.000000e+00 0.000000e+00 0.000000e+00 0.000000e+00 0.000000e+00 0.000000e+00 1.000340e-04 2.155900e-01 4.350923e-01
2.076411e-01 1.237383e-03 5.074230e-05 3.453874e-04 0.000000e+00 0.000000e+00 2.994010e-04 1.267715e-04 1.014674e-04 0.000000e+00 0.000000e+00 4.949532e-04 0.000000e+00 0.000000e+00 0.000000e+00 0.000000e+00 0.000000e+00 0.000000e+00 0.000000e+00 9.978613e-05 0.000000e+00 0.000000e+00 0.000000e+00 0.000000e+00 4.157665e-04 1.907169e-04 0.000000e+00 0.000000e+00 2.153333e-04 0.000000e+00 2.076411e-01 4.958137e-01
1.985423e-01 2.635871e-04 6.919404e-05 0.000000e+00 0.000000e+00 0.000000e+00 2.916544e-04 7.258136e-05 3.537744e-04 1.580938e-04 0.000000e+00 6.834865e-04 1.114597e-03 0.000000e+00 0.000000e+00 0.000000e+00 0.000000e+00 0.000000e+00 2.460982e-04 3.347999e-05 3.964841e-04 0.000000e+00 0.000000e+00 0.000000e+00 9.347247e-05 2.027876e-04 0.000000e+00 0.000000e+00 2.735515e-04 4.368218e-05 1.985423e-01 5.645446e-01
1.911799e-01 2.434490e-04 1.383881e-04 8.469086e-06 0.000000e+00 7.131706e-04 4.385603e-04 1.149139e-04 2.495839e-04 3.794251e-04 0.000000e+00 1.354768e-03 1.486129e-03 0.000000e+00 0.000000e+00 0.000000e+00 0.000000e+00 0.000000e+00 2.316119e-04 0.000000e+00 0.000000e+00 0.000000e+00 0.000000e+00 0.000000e+00 6.632969e-04 1.062221e-04 0.000000e+00 0.000000e+00 1.367758e-04 5.618643e-05 1.911799e-01 6.165908e-01
8.402749e-02 0.000000e+00 5.535523e-05 0.000000e+00 0.000000e+00 3.807458e-04 8.771207e-04 1.247280e-04 2.002118e-04 0.000000e+00 0.000000e+00 5.065123e-04 0.000000e+00 0.000000e+00 0.000000e+00 0.000000e+00 0.000000e+00 0.000000e+00 3.266313e-04 5.612970e-05 0.000000e+00 0.000000e+00 0.000000e+00 0.000000e+00 0.000000e+00 0.000000e+00 0.000000e+00 0.000000e+00 8.613333e-05 0.000000e+00 8.402749e-02 6.704017e-01
8.402749e-02 0.000000e+00 5.535523e-05 0.000000e+00 0.000000e+00 3.807458e-04 8.771207e-04 1.247280e-04 2.002118e-04 0.000000e+00 0.000000e+00 5.065123e-04 0.000000e+00 0.000000e+00 0.000000e+00 0.000000e+00 0.000000e+00 0.000000e+00 3.266313e-04 5.612970e-05 0.000000e+00 0.000000e+00 0.000000e+00 0.000000e+00 0.000000e+00 0.000000e+00 0.000000e+00 0.000000e+00 8.613333e-05 0.000000e+00 8.402749e-02 6.704017e-01
8.402749e-02 0.000000e+00 5.535523e-05 0.000000e+00 0.000000e+00 3.807458e-04 8.771207e-04 1.247280e-04 2.002118e-04 0.000000e+00 0.000000e+00 5.065123e-04 0.000000e+00 0.000000e+00 0.000000e+00 0.000000e+00 0.000000e+00 0.000000e+00 3.266313e-04 5.612970e-05 0.000000e+00 0.000000e+00 0.000000e+00 0.000000e+00 0.000000e+00 0.000000e+00 0.000000e+00 0.000000e+00 8.613333e-05 0.000000e+00 8.402749e-02 6.704017e-01
8.402749e-02 0.000000e+00 5.535523e-05 0.000000e+00 0.000000e+00 3.807458e-04 8.771207e-04 1.247280e-04 2.002118e-04 0.000000e+00 0.000000e+00 5.065123e-04 0.000000e+00 0.000000e+00 0.000000e+00 0.000000e+00 0.000000e+00 0.000000e+00 3.266313e-04 5.612970e-05 0.000000e+00 0.000000e+00 0.000000e+00 0.000000e+00 0.000000e+00 0.000000e+00 0.000000e+00 0.000000e+00 8.613333e-05 0.000000e+00 8.402749e-02 6.704017e-01
8.402749e-02 0.000000e+00 5.535523e-05 0.000000e+00 0.000000e+00 3.807458e-04 8.771207e-04 1.247280e-04 2.002118e-04 0.000000e+00 0.000000e+00 5.065123e-04 0.000000e+00 0.000000e+00 0.000000e+00 0.000000e+00 0.000000e+00 0.000000e+00 3.266313e-04 5.612970e-05 0.000000e+00 0.000000e+00 0.000000e+00 0.000000e+00 0.000000e+00 0.000000e+00 0.000000e+00 0.000000e+00 8.613333e-05 0.000000e+00 8.402749e-02 6.704017e-01
8.402749e-02 0.000000e+00 5.535523e-05 0.000000e+00 0.000000e+00 3.807458e-04 8.771207e-04 1.247280e-04 2.002118e-04 0.000000e+00 0.000000e+00 5.065123e-04 0.000000e+00 0.000000e+00 0.000000e+00 0.000000e+00 0.000000e+00 0.000000e+00 3.266313e-04 5.612970e-05 0.000000e+00 0.000000e+00 0.000000e+00 0.000000e+00 0.000000e+00 0.000000e+00 0.000000e+00 0.000000e+00 8.613333e-05 0.000000e+00 8.402749e-02 6.704017e-01
7.596152e-02 4.868981e-04 0.000000e+00 1.693817e-05 0.000000e+00 4.721134e-04 0.000000e+00 1.050998e-04 4.801066e-05 7.588502e-04 0.000000e+00 5.065123e-04 1.486129e-03 0.000000e+00 0.000000e+00 0.000000e+00 0.000000e+00 0.000000e+00 1.365925e-04 2.203961e-04 0.000000e+00 0.000000e+00 0.000000e+00 0.000000e+00 1.326594e-03 3.198587e-04 0.000000e+00 0.000000e+00 1.874182e-04 1.123729e-04 7.596152e-02 6.739775e-01
5.861462e-02 2.635871e-04 6.919404e-05 3.387634e-05 0.000000e+00 1.657397e-03 1.011997e-04 0.000000e+00 0.000000e+00 3.161876e-05 0.000000e+00 2.532562e-04 1.114597e-03 0.000000e+00 0.000000e+00 0.000000e+00 0.000000e+00 0.000000e+00 2.170393e-04 5.415136e-06 6.988498e-04 0.000000e+00 0.000000e+00 0.000000e+00 2.445612e-04 8.690899e-05 0.000000e+00 0.000000e+00 2.304849e-04 6.235586e-05 5.861462e-02 7.027975e-01
4.593418e-02 6.066088e-04 1.037911e-04 0.000000e+00 0.000000e+00 0.000000e+00 4.401977e-04 0.000000e+00 1.748449e-04 1.644175e-03 0.000000e+00 1.354768e-03 9.288305e-04 2.411084e-05 0.000000e+00 0.000000e+00 0.000000e+00 0.000000e+00 0.000000e+00 1.954496e-04 0.000000e+00 5.063607e-03 0.000000e+00 0.000000e+00 8.889766e-04 1.400200e-04 0.000000e+00 0.000000e+00 0.000000e+00 3.001020e-04 4.593418e-02 7.434056e-01
2.998659e-02 0.000000e+00 5.535523e-05 0.000000e+00 0.000000e+00 3.807458e-04 8.771207e-04 1.247280e-04 2.002118e-04 0.000000e+00 0.000000e+00 8.299479e-04 0.000000e+00 0.000000e+00 0.000000e+00 0.000000e+00 0.000000e+00 0.000000e+00 3.266313e-04 5.612970e-05 0.000000e+00 0.000000e+00 0.000000e+00 0.000000e+00 6.845582e-04 0.000000e+00 0.000000e+00 0.000000e+00 5.661245e-04 0.000000e+00 2.998659e-02 8.037441e-01
1.424918e-02 0.000000e+00 1.383881e-04 0.000000e+00 0.000000e+00 2.360567e-04 0.000000e+00 1.247280e-04 0.000000e+00 6.323752e-05 0.000000e+00 7.414608e-04 1.486129e-03 0.000000e+00 0.000000e+00 0.000000e+00 0.000000e+00 0.000000e+00 3.266313e-04 2.417980e-04 0.000000e+00 0.000000e+00 0.000000e+00 0.000000e+00 6.229165e-04 7.242416e-05 0.000000e+00 0.000000e+00 8.613333e-05 0.000000e+00 1.424918e-02 8.756705e-01
0.000000e+00 0.000000e+00 5.535523e-05 0.000000e+00 0.000000e+00 5.711187e-04 8.771207e-04 1.870920e-04 2.128952e-04 0.000000e+00 0.000000e+00 4.058201e-04 0.000000e+00 0.000000e+00 0.000000e+00 0.000000e+00 0.000000e+00 6.534603e-03 4.899470e-04 0.000000e+00 0.000000e+00 0.000000e+00 0.000000e+00 0.000000e+00 6.845582e-04 0.000000e+00 0.000000e+00 0.000000e+00 5.661245e-04 0.000000e+00 0.000000e+00 1.003285e+00
