8.513735e-01 0.000000e+00 1.952063e-04 6.723953e-04 0.000000e+00 0.000000e+00 4.165221e-04 1.426298e-03 1.402599e-03 3.106650e-03 0.000000e+00 1.664858e-03 1.255878e-02 0.000000e+00 4.245285e-03 2.316217e-03 0.000000e+00 0.000000e+00 1.231177e-02 6.041643e-04 0.000000e+00 0.000000e+00 0.000000e+00 0.000000e+00 4.841310e-03 1.695127e-03 4.881128e-03 7.767859e-04 3.462778e-04 4.209948e-05 8.513735e-01 -7.643045e-01
8.469963e-01 0.000000e+00 3.672284e-03 0.000000e+00 0.000000e+00 0.000000e+00 3.706576e-05 0.000000e+00 6.816132e-05 2.831657e-03 0.000000e+00 0.000000e+00 1.234653e-03 9.998043e-03 0.000000e+00 1.811625e-03 2.007213e-04 8.011994e-04 0.000000e+00 4.445691e-03 1.452455e-03 3.128111e-03 2.661591e-03 0.000000e+00 4.488105e-03 0.000000e+00 0.000000e+00 0.000000e+00 3.814887e-03 7.135242e-05 8.469963e-01 -7.567122e-01
8.462103e-01 0.000000e+00 1.101685e-03 9.516051e-05 8.230031e-03 0.000000e+00 0.000000e+00 0.000000e+00 6.816132e-05 6.371791e-03 0.000000e+00 5.955100e-04 1.234653e-03 4.567631e-03 4.456266e-03 0.000000e+00 6.783853e-04 7.346760e-04 0.000000e+00 4.445691e-03 0.000000e+00 1.020292e-02 8.415037e-03 0.000000e+00 1.821031e-03 0.000000e+00 0.000000e+00 5.270068e-03 2.036658e-04 0.000000e+00 8.462103e-01 -7.502758e-01
8.462103e-01 0.000000e+00 1.101685e-03 9.516051e-05 8.230031e-03 0.000000e+00 0.000000e+00 0.000000e+00 6.816132e-05 6.371791e-03 0.000000e+00 5.955100e-04 1.234653e-03 4.567631e-03 4.456266e-03 0.000000e+00 6.783853e-04 7.346760e-04 0.000000e+00 4.445691e-03 0.000000e+00 1.020292e-02 8.415037e-03 0.000000e+00 1.821031e-03 0.000000e+00 0.000000e+00 5.270068e-03 2.036658e-04 0.000000e+00 8.462103e-01 -7.502758e-01
8.426320e-01 0.000000e+00 1.952063e-04 1.762573e-03 0.000000e+00 6.595488e-04 4.165221e-04 1.426298e-03 1.402599e-03 3.106650e-03 0.000000e+00 0.000000e+00 1.255878e-02 6.355835e-03 4.245285e-03 2.316217e-03 0.000000e+00 0.000000e+00 1.640210e-03 6.041643e-04 0.000000e+00 1.700486e-03 2.433124e-03 0.000000e+00 4.841310e-03 1.695127e-03 4.881128e-03 0.000000e+00 3.462778e-04 4.209948e-05 8.426320e-01 -7.292413e-01
8.421988e-01 0.000000e+00 0.000000e+00 2.591058e-03 0.000000e+00 0.000000e+00 0.000000e+00 0.000000e+00 7.911425e-04 0.000000e+00 1.136415e-02 7.139695e-04 8.422896e-05 2.715206e-03 9.173843e-04 9.058124e-04 1.750230e-04 1.017751e-03 9.031345e-03 0.000000e+00 3.398673e-03 0.000000e+00 0.000000e+00 0.000000e+00 2.912874e-03 0.000000e+00 1.253089e-02 2.416185e-03 1.984458e-03 1.070286e-04 8.421988e-01 -7.257029e-01
8.407681e-01 0.000000e+00 1.468914e-03 0.000000e+00 2.396424e-03 1.895386e-05 2.965261e-04 1.420143e-03 1.186259e-03 2.142682e-03 0.000000e+00 3.606722e-04 6.245784e-03 2.679972e-03 4.456266e-03 8.168521e-04 0.000000e+00 2.780502e-05 1.231177e-02 0.000000e+00 4.958520e-03 0.000000e+00 3.652857e-03 0.000000e+00 1.926225e-02 0.000000e+00 0.000000e+00 1.340178e-03 2.782360e-03 1.198752e-04 8.407681e-01 -7.111183e-01
8.407681e-01 0.000000e+00 0.000000e+00 0.000000e+00 2.396424e-03 4.177630e-05 2.965261e-04 1.420143e-03 1.186259e-03 2.142682e-03 0.000000e+00 3.606722e-04 5.235300e-05 2.679972e-03 0.000000e+00 0.000000e+00 0.000000e+00 2.780502e-05 1.059813e-03 7.930165e-02 1.509424e-02 0.000000e+00 3.652857e-03 0.000000e+00 7.320797e-03 0.000000e+00 0.000000e+00 4.651289e-03 2.782360e-03 1.102822e-03 8.407681e-01 -7.013134e-01
8.386418e-01 0.000000e+00 0.000000e+00 0.000000e+00 3.681046e-03 1.415539e-03 2.091807e-04 0.000000e+00 1.364370e-03 2.735640e-03 9.629219e-03 7.139695e-04 0.000000e+00 0.000000e+00 3.145517e-03 0.000000e+00 4.138550e-04 8.087615e-04 0.000000e+00 0.000000e+00 5.384170e-03 3.400973e-03 0.000000e+00 0.000000e+00 2.831245e-03 0.000000e+00 1.253089e-02 4.449183e-03 4.733225e-03 1.292086e-03 8.386418e-01 -6.916694e-01
8.386418e-01 0.000000e+00 0.000000e+00 0.000000e+00 3.681046e-03 1.415539e-03 2.091807e-04 0.000000e+00 1.364370e-03 2.735640e-03 9.629219e-03 7.139695e-04 0.000000e+00 0.000000e+00 3.145517e-03 0.000000e+00 4.138550e-04 8.087615e-04 0.000000e+00 0.000000e+00 5.384170e-03 3.400973e-03 0.000000e+00 0.000000e+00 2.831245e-03 0.000000e+00 1.253089e-02 4.449183e-03 4.733225e-03 1.292086e-03 8.386418e-01 -6.916694e-01
8.366730e-01 0.000000e+00 0.000000e+00 2.875721e-04 1.899209e-03 7.511071e-05 0.000000e+00 0.000000e+00 1.491710e-03 7.021002e-03 0.000000e+00 0.000000e+00 0.000000e+00 0.000000e+00 0.000000e+00 0.000000e+00 1.869005e-04 4.189320e-04 0.000000e+00 0.000000e+00 1.358394e-02 8.000062e-03 4.866249e-03 0.000000e+00 7.283278e-03 0.000000e+00 0.000000e+00 3.352096e-03 6.984353e-04 2.090657e-04 8.366730e-01 -6.707626e-01
8.364697e-01 0.000000e+00 0.000000e+00 2.875721e-04 0.000000e+00 1.328539e-04 0.000000e+00 0.000000e+00 1.460566e-03 4.414615e-03 0.000000e+00 1.427939e-03 5.016561e-04 4.381379e-03 4.878227e-03 0.000000e+00 4.304849e-04 2.493656e-03 5.940077e-03 6.302913e-05 3.020615e-03 6.801946e-03 5.981913e-03 0.000000e+00 3.641639e-03 3.282611e-04 1.271879e-03 3.352096e-03 1.192313e-04 1.787512e-03 8.364697e-01 -6.677112e-01
8.354211e-01 0.000000e+00 3.001367e-03 3.067648e-03 4.595849e-05 1.851449e-04 0.000000e+00 7.131492e-04 8.142076e-04 9.897178e-04 5.335553e-03 7.139695e-04 6.363618e-03 1.609941e-03 0.000000e+00 2.365607e-03 3.370347e-04 7.983359e-04 9.851450e-03 3.020822e-04 2.672446e-03 0.000000e+00 0.000000e+00 0.000000e+00 3.596317e-03 1.739253e-03 0.000000e+00 8.649841e-04 1.725189e-03 1.848043e-04 8.354211e-01 -6.553404e-01
8.345548e-01 1.981691e-02 1.598287e-03 8.093934e-04 0.000000e+00 1.995228e-04 3.229539e-04 0.000000e+00 1.073949e-03 1.127214e-03 0.000000e+00 1.937489e-03 3.969502e-04 7.027697e-03 6.135178e-03 0.000000e+00 3.370347e-04 3.988580e-05 3.820451e-03 9.597088e-04 0.000000e+00 4.428677e-03 4.336809e-19 0.000000e+00 3.566601e-03 3.282611e-04 4.084756e-03 7.537118e-04 3.171039e-03 0.000000e+00 8.345548e-01 -6.412781e-01
8.339877e-01 1.992707e-02 1.787195e-03 0.000000e+00 2.297925e-05 1.995228e-04 2.432640e-04 0.000000e+00 4.057223e-04 2.348125e-04 1.473820e-03 1.427939e-03 7.011190e-03 0.000000e+00 2.429487e-03 0.000000e+00 2.832512e-04 2.531466e-04 7.640902e-03 5.606788e-03 3.445523e-03 6.759773e-03 5.323182e-03 0.000000e+00 2.960545e-02 1.293126e-04 2.631842e-03 0.000000e+00 0.000000e+00 3.696087e-04 8.339877e-01 -6.274076e-01
8.328431e-01 0.000000e+00 3.234325e-05 2.490156e-03 0.000000e+00 0.000000e+00 1.746908e-04 1.985230e-03 1.017793e-03 0.000000e+00 0.000000e+00 1.019099e-03 6.173479e-04 0.000000e+00 7.411382e-03 2.287048e-03 4.890417e-04 2.598329e-05 6.668873e-03 0.000000e+00 0.000000e+00 1.866892e-03 7.097576e-03 0.000000e+00 1.027138e-02 5.484280e-04 5.625753e-03 4.905668e-03 0.000000e+00 3.185901e-04 8.328431e-01 -6.180786e-01
8.317090e-01 0.000000e+00 2.806161e-03 0.000000e+00 0.000000e+00 7.581544e-05 1.395845e-04 1.710111e-03 9.326615e-04 0.000000e+00 0.000000e+00 0.000000e+00 0.000000e+00 0.000000e+00 0.000000e+00 0.000000e+00 4.486216e-04 4.388304e-04 0.000000e+00 0.000000e+00 2.904910e-03 6.529084e-03 2.661591e-03 0.000000e+00 4.329649e-03 0.000000e+00 1.370207e-04 2.680356e-03 2.450334e-03 1.848043e-04 8.317090e-01 -6.053039e-01
8.314852e-01 0.000000e+00 1.403080e-03 2.875721e-04 0.000000e+00 2.692860e-03 0.000000e+00 0.000000e+00 1.491710e-03 7.021002e-03 0.000000e+00 0.000000e+00 3.969502e-04 3.576409e-03 0.000000e+00 0.000000e+00 4.958007e-04 4.189320e-04 0.000000e+00 0.000000e+00 2.162454e-03 6.801946e-03 4.866249e-03 0.000000e+00 1.200094e-03 0.000000e+00 0.000000e+00 4.612728e-03 4.694491e-03 2.090657e-04 8.314852e-01 -5.994405e-01
8.306189e-01 0.000000e+00 0.000000e+00 5.119677e-03 4.595849e-05 2.747525e-03 1.814756e-04 3.926804e-03 1.374015e-03 1.185918e-03 0.000000e+00 0.000000e+00 3.969502e-04 4.184843e-03 4.878227e-03 4.731213e-03 4.958007e-04 6.328665e-05 0.000000e+00 0.000000e+00 7.099991e-04 6.801946e-03 0.000000e+00 0.000000e+00 3.517095e-04 1.739253e-03 0.000000e+00 2.455132e-03 3.901731e-03 6.971178e-04 8.306189e-01 -5.849413e-01
8.298957e-01 0.000000e+00 1.403080e-03 1.101292e-03 0.000000e+00 9.388469e-06 2.269299e-04 0.000000e+00 1.491710e-03 0.000000e+00 0.000000e+00 0.000000e+00 3.969502e-04 0.000000e+00 1.266577e-03 0.000000e+00 4.779000e-04 4.189320e-04 0.000000e+00 0.000000e+00 1.394602e-03 6.801946e-03 4.866249e-03 0.000000e+00 1.200094e-03 0.000000e+00 0.000000e+00 4.612728e-03 4.694491e-03 0.000000e+00 8.298957e-01 -5.756429e-01
8.298957e-01 0.000000e+00 2.330986e-03 1.101292e-03 0.000000e+00 2.614550e-05 1.843690e-04 3.565746e-04 0.000000e+00 0.000000e+00 0.000000e+00 0.000000e+00 3.969502e-04 0.000000e+00 1.266577e-03 0.000000e+00 3.836349e-04 4.189320e-04 7.665624e-02 0.000000e+00 0.000000e+00 2.858256e-03 5.314042e-04 0.000000e+00 0.000000e+00 7.937469e-04 0.000000e+00 0.000000e+00 4.694491e-03 1.759250e-04 8.298957e-01 -5.651157e-01
8.280281e-01 8.074691e-04 1.896392e-03 0.000000e+00 4.595849e-05 1.851449e-04 1.814756e-04 1.338882e-03 6.426808e-04 0.000000e+00 5.335553e-03 0.000000e+00 4.852264e-04 0.000000e+00 0.000000e+00 2.365607e-03 1.321806e-04 2.395782e-03 3.723023e-03 0.000000e+00 0.000000e+00 9.981105e-03 0.000000e+00 0.000000e+00 4.514004e-03 1.739253e-03 0.000000e+00 2.457811e-03 8.648142e-04 0.000000e+00 8.280281e-01 -5.418047e-01
8.271225e-01 4.037345e-04 0.000000e+00 9.722714e-04 0.000000e+00 2.614550e-05 1.772037e-04 3.565746e-04 3.656672e-04 1.661470e-03 0.000000e+00 0.000000e+00 1.543370e-04 2.190689e-03 4.964017e-03 0.000000e+00 3.836349e-04 4.189320e-04 3.909661e-03 0.000000e+00 3.549995e-04 2.858256e-03 0.000000e+00 0.000000e+00 0.000000e+00 7.937469e-04 0.000000e+00 0.000000e+00 1.518458e-03 1.221194e-03 8.271225e-01 -5.281456e-01
8.270379e-01 1.071593e-02 2.884321e-03 1.664601e-03 0.000000e+00 5.445569e-03 3.229539e-04 9.051990e-04 2.121248e-02 0.000000e+00 3.155427e-03 9.687444e-04 0.000000e+00 0.000000e+00 6.479254e-03 0.000000e+00 4.196303e-04 3.988580e-05 6.598485e-03 3.846118e-04 0.000000e+00 1.080605e-02 1.330796e-03 0.000000e+00 4.514004e-03 3.929174e-04 0.000000e+00 5.039682e-03 0.000000e+00 5.214422e-04 8.270379e-01 -5.161794e-01
8.261132e-01 8.074691e-04 1.912563e-03 1.918006e-04 0.000000e+00 0.000000e+00 2.432640e-04 2.331497e-03 5.088967e-04 1.185918e-03 0.000000e+00 1.329346e-04 7.939003e-04 3.352187e-03 5.211681e-03 0.000000e+00 2.832512e-04 2.199307e-03 7.057459e-03 0.000000e+00 4.735752e-04 3.369574e-03 0.000000e+00 0.000000e+00 5.033068e-03 0.000000e+00 0.000000e+00 7.590619e-03 1.892222e-03 8.564129e-04 8.261132e-01 -5.054124e-01
8.258272e-01 8.074691e-04 0.000000e+00 0.000000e+00 0.000000e+00 0.000000e+00 2.679415e-04 0.000000e+00 0.000000e+00 1.068511e-03 1.857061e-02 0.000000e+00 1.984751e-04 0.000000e+00 2.524903e-03 2.365607e-03 3.329308e-04 2.072734e-03 5.771172e-03 0.000000e+00 0.000000e+00 7.656625e-03 0.000000e+00 0.000000e+00 0.000000e+00 1.225114e-03 0.000000e+00 4.666307e-03 0.000000e+00 8.726355e-04 8.258272e-01 -4.994529e-01
8.243247e-01 0.000000e+00 1.896392e-03 0.000000e+00 4.595849e-05 1.851449e-04 1.814756e-04 6.672677e-04 1.537848e-04 2.254429e-03 5.335553e-03 0.000000e+00 5.512871e-04 0.000000e+00 7.569857e-03 2.365607e-03 1.321806e-04 1.299170e-03 7.438391e-03 0.000000e+00 0.000000e+00 1.278501e-03 0.000000e+00 0.000000e+00 3.517095e-04 1.739253e-03 0.000000e+00 2.455132e-03 1.239403e-03 0.000000e+00 8.243247e-01 -4.720029e-01
8.243247e-01 2.863442e-03 0.000000e+00 5.119677e-03 4.595849e-05 0.000000e+00 1.814756e-04 3.926804e-03 1.804988e-03 6.265335e-02 0.000000e+00 0.000000e+00 6.501576e-04 4.184843e-03 2.734725e-03 4.731213e-03 1.321806e-04 0.000000e+00 7.438391e-03 0.000000e+00 3.023680e-03 1.278501e-03 0.000000e+00 0.000000e+00 3.517095e-04 1.739253e-03 0.000000e+00 2.455132e-03 1.239403e-03 0.000000e+00 8.243247e-01 -4.601329e-01
6.537270e-01 0.000000e+00 8.303028e-04 2.252767e-03 1.663968e-04 0.000000e+00 1.390735e-04 4.336834e-04 5.583777e-04 0.000000e+00 3.623342e-03 0.000000e+00 2.555897e-03 2.058385e-03 1.082246e-04 0.000000e+00 3.673665e-04 0.000000e+00 0.000000e+00 1.349500e-03 0.000000e+00 5.504117e-03 3.522361e-03 0.000000e+00 0.000000e+00 8.825113e-05 0.000000e+00 0.000000e+00 0.000000e+00 5.409613e-04 6.537270e-01 -4.533237e-01
6.537270e-01 0.000000e+00 8.303028e-04 2.252767e-03 1.663968e-04 0.000000e+00 1.390735e-04 4.336834e-04 5.583777e-04 0.000000e+00 3.623342e-03 0.000000e+00 2.555897e-03 2.058385e-03 1.082246e-04 0.000000e+00 3.673665e-04 0.000000e+00 0.000000e+00 1.349500e-03 0.000000e+00 5.504117e-03 3.522361e-03 0.000000e+00 0.000000e+00 8.825113e-05 0.000000e+00 0.000000e+00 0.000000e+00 5.409613e-04 6.537270e-01 -4.533237e-01
6.537270e-01 0.000000e+00 8.303028e-04 2.252767e-03 1.663968e-04 0.000000e+00 1.390735e-04 4.336834e-04 5.583777e-04 0.000000e+00 3.623342e-03 0.000000e+00 2.555897e-03 2.058385e-03 1.082246e-04 0.000000e+00 3.673665e-04 0.000000e+00 0.000000e+00 1.349500e-03 0.000000e+00 5.504117e-03 3.522361e-03 0.000000e+00 0.000000e+00 8.825113e-05 0.000000e+00 0.000000e+00 0.000000e+00 5.409613e-04 6.537270e-01 -4.533237e-01
6.537270e-01 0.000000e+00 8.303028e-04 2.252767e-03 1.663968e-04 0.000000e+00 1.390735e-04 4.336834e-04 5.583777e-04 0.000000e+00 3.623342e-03 0.000000e+00 2.555897e-03 2.058385e-03 1.082246e-04 0.000000e+00 3.673665e-04 0.000000e+00 0.000000e+00 1.349500e-03 0.000000e+00 5.504117e-03 3.522361e-03 0.000000e+00 0.000000e+00 8.825113e-05 0.000000e+00 0.000000e+00 0.000000e+00 5.409613e-04 6.537270e-01 -4.533237e-01
6.537270e-01 0.000000e+00 8.303028e-04 2.252767e-03 1.663968e-04 0.000000e+00 1.390735e-04 4.336834e-04 5.583777e-04 0.000000e+00 3.623342e-03 0.000000e+00 2.555897e-03 2.058385e-03 1.082246e-04 0.000000e+00 3.673665e-04 0.000000e+00 0.000000e+00 1.349500e-03 0.000000e+00 5.504117e-03 3.522361e-03 0.000000e+00 0.000000e+00 8.825113e-05 0.000000e+00 0.000000e+00 0.000000e+00 5.409613e-04 6.537270e-01 -4.533237e-01
6.507501e-01 1.486798e-03 0.000000e+00 2.106555e-03 5.148204e-04 0.000000e+00 2.280905e-04 0.000000e+00 2.151005e-03 1.185918e-03 0.000000e+00 2.301406e-02 1.314799e-03 4.072204e-03 4.665308e-03 0.000000e+00 9.194601e-05 0.000000e+00 6.941355e-03 0.000000e+00 0.000000e+00 3.828820e-03 1.845505e-02 0.000000e+00 3.183647e-04 9.962012e-04 6.475980e-04 4.299188e-03 0.000000e+00 2.061424e-03 6.507501e-01 -4.426879e-01
6.442337e-01 2.863442e-03 0.000000e+00 3.070926e-03 0.000000e+00 0.000000e+00 8.867526e-05 3.621050e-03 2.008195e-03 0.000000e+00 6.715392e-03 0.000000e+00 0.000000e+00 3.219882e-03 2.002094e-03 4.731213e-03 2.198973e-04 0.000000e+00 2.613069e-03 2.131955e-03 7.507367e-04 6.754233e-03 3.548788e-03 0.000000e+00 3.687094e-04 4.343172e-04 0.000000e+00 3.934389e-03 2.106077e-03 7.206440e-04 6.442337e-01 -4.266639e-01
6.415405e-01 0.000000e+00 0.000000e+00 0.000000e+00 0.000000e+00 1.388347e-04 2.926190e-04 0.000000e+00 0.000000e+00 0.000000e+00 0.000000e+00 0.000000e+00 4.256239e-03 3.326996e-03 1.442340e-03 3.416599e-04 3.826104e-04 0.000000e+00 1.266004e-03 7.401940e-04 5.047448e-04 3.475769e-04 0.000000e+00 0.000000e+00 1.776206e-03 2.881254e-03 4.922354e-05 2.177836e-03 5.440922e-04 8.184390e-05 6.415405e-01 -4.161521e-01
6.404677e-01 6.724687e-04 6.456356e-03 4.097501e-03 1.602095e-04 0.000000e+00 1.478835e-02 6.115069e-04 1.519647e-04 7.514763e-04 8.634450e-03 0.000000e+00 4.293090e-03 2.858938e-03 2.631698e-04 0.000000e+00 3.521810e-04 0.000000e+00 6.532673e-04 0.000000e+00 4.545886e-03 2.752059e-03 4.296305e-03 0.000000e+00 2.094623e-03 0.000000e+00 5.537655e-04 7.397924e-04 5.714118e-06 2.704806e-04 6.404677e-01 -4.010509e-01
6.389977e-01 0.000000e+00 0.000000e+00 0.000000e+00 4.343851e-04 7.270230e-04 0.000000e+00 1.192338e-04 0.000000e+00 0.000000e+00 9.985581e-03 5.083410e-03 4.283765e-03 5.430952e-04 5.145260e-03 3.416599e-04 1.836832e-04 0.000000e+00 6.127368e-04 1.119683e-03 0.000000e+00 0.000000e+00 0.000000e+00 4.552342e-03 0.000000e+00 0.000000e+00 0.000000e+00 3.159623e-03 5.412351e-04 5.945994e-03 6.389977e-01 -3.925909e-01
6.369707e-01 5.632360e-03 0.000000e+00 0.000000e+00 4.343851e-04 2.262987e-03 2.926190e-04 0.000000e+00 1.686735e-03 7.514763e-04 9.985581e-03 1.150703e-02 4.348141e-03 5.430952e-04 1.370406e-04 3.416599e-04 0.000000e+00 0.000000e+00 1.266004e-03 1.417614e-04 6.692614e-04 3.016989e-03 1.321382e-03 0.000000e+00 0.000000e+00 5.579559e-04 1.628288e-02 1.444611e-03 0.000000e+00 8.184390e-05 6.369707e-01 -3.707224e-01
6.355596e-01 0.000000e+00 0.000000e+00 0.000000e+00 4.343851e-04 7.270230e-04 2.926190e-04 1.192338e-04 1.686735e-03 7.514763e-04 9.985581e-03 5.083410e-03 4.283765e-03 5.430952e-04 1.370406e-04 3.416599e-04 2.907688e-04 0.000000e+00 1.572373e-03 1.417614e-04 0.000000e+00 0.000000e+00 0.000000e+00 2.276171e-03 7.506269e-04 5.579559e-04 0.000000e+00 3.757647e-03 5.412351e-04 5.945994e-03 6.355596e-01 -3.609708e-01
6.339547e-01 0.000000e+00 0.000000e+00 0.000000e+00 0.000000e+00 0.000000e+00 3.236600e-04 4.336834e-04 8.433677e-04 0.000000e+00 4.992790e-03 0.000000e+00 5.649626e-04 0.000000e+00 0.000000e+00 1.489607e-04 5.426258e-05 0.000000e+00 6.517784e-03 8.376417e-04 1.187212e-03 6.220317e-03 1.002236e-02 1.138086e-03 6.368345e-04 0.000000e+00 9.075603e-04 2.107889e-03 8.569192e-04 9.327932e-04 6.339547e-01 -3.440676e-01
6.327437e-01 1.344937e-03 1.208241e-02 0.000000e+00 1.540222e-04 2.332405e-03 2.943762e-02 0.000000e+00 1.088190e-02 1.502953e-03 7.717948e-03 0.000000e+00 6.030283e-03 3.659492e-03 4.181151e-04 1.118289e-03 3.369955e-04 0.000000e+00 1.306535e-03 5.484140e-04 7.565564e-05 0.000000e+00 5.070249e-03 0.000000e+00 1.408892e-04 3.804433e-03 1.107531e-03 1.479585e-03 1.142824e-05 0.000000e+00 6.327437e-01 -3.204653e-01
6.308647e-01 0.000000e+00 0.000000e+00 6.318499e-03 5.148204e-04 1.191012e-03 2.305370e-04 0.000000e+00 0.000000e+00 0.000000e+00 0.000000e+00 2.301406e-02 7.353763e-04 0.000000e+00 3.495948e-04 0.000000e+00 3.369955e-04 0.000000e+00 0.000000e+00 6.427463e-04 7.565564e-05 3.945577e-03 0.000000e+00 0.000000e+00 3.183647e-04 9.394095e-04 0.000000e+00 4.969277e-03 1.227947e-04 1.947430e-03 6.308647e-01 -3.059731e-01
6.293416e-01 0.000000e+00 1.309404e-03 6.822409e-03 1.158415e-03 0.000000e+00 0.000000e+00 0.000000e+00 0.000000e+00 1.387586e-04 9.070532e-03 0.000000e+00 1.821340e-03 3.144575e-03 0.000000e+00 9.462426e-03 3.163297e-05 0.000000e+00 0.000000e+00 0.000000e+00 0.000000e+00 3.147117e-03 2.988932e-03 0.000000e+00 0.000000e+00 3.278892e-03 0.000000e+00 4.466961e-04 3.104220e-04 0.000000e+00 6.293416e-01 -2.866045e-01
6.285060e-01 8.678368e-05 0.000000e+00 8.528200e-03 9.203551e-04 1.176376e-03 2.926190e-04 8.499746e-04 0.000000e+00 0.000000e+00 0.000000e+00 1.016682e-02 4.348141e-03 2.145496e-04 1.021145e-03 0.000000e+00 1.684977e-04 0.000000e+00 1.266004e-03 7.191397e-04 0.000000e+00 3.172324e-04 0.000000e+00 4.552342e-03 4.346549e-05 2.637414e-04 0.000000e+00 3.899416e-03 0.000000e+00 1.199878e-02 6.285060e-01 -2.738163e-01
6.259256e-01 0.000000e+00 0.000000e+00 0.000000e+00 0.000000e+00 2.153283e-04 0.000000e+00 0.000000e+00 0.000000e+00 0.000000e+00 4.535266e-03 0.000000e+00 1.400082e-03 1.572288e-03 0.000000e+00 0.000000e+00 0.000000e+00 0.000000e+00 0.000000e+00 2.581343e-04 0.000000e+00 3.475769e-04 1.267960e-03 0.000000e+00 0.000000e+00 1.714563e-03 9.198661e-04 7.422082e-03 1.471069e-04 2.046098e-05 6.259256e-01 -2.427104e-01
6.251651e-01 0.000000e+00 0.000000e+00 0.000000e+00 0.000000e+00 1.428436e-04 1.773505e-04 0.000000e+00 0.000000e+00 0.000000e+00 0.000000e+00 2.680420e-03 3.511863e-04 0.000000e+00 0.000000e+00 0.000000e+00 0.000000e+00 0.000000e+00 0.000000e+00 2.581343e-04 0.000000e+00 1.312103e-03 1.836269e-02 0.000000e+00 0.000000e+00 0.000000e+00 9.198661e-04 7.422082e-03 6.447191e-04 0.000000e+00 6.251651e-01 -2.289539e-01
6.233328e-01 1.735674e-04 0.000000e+00 3.376704e-03 1.845994e-03 1.455211e-03 0.000000e+00 4.274700e-03 1.942791e-03 3.757381e-04 0.000000e+00 0.000000e+00 0.000000e+00 0.000000e+00 0.000000e+00 0.000000e+00 8.084230e-05 0.000000e+00 0.000000e+00 2.283356e-04 3.346307e-04 8.689421e-04 4.530122e-04 9.104684e-03 8.693098e-05 0.000000e+00 0.000000e+00 0.000000e+00 1.620815e-05 1.889988e-05 6.233328e-01 -2.019649e-01
6.221676e-01 0.000000e+00 2.618808e-03 1.052796e-02 7.215963e-04 8.282423e-05 0.000000e+00 2.574751e-03 3.683715e-03 0.000000e+00 2.163131e-04 0.000000e+00 0.000000e+00 5.430952e-04 0.000000e+00 3.299941e-04 0.000000e+00 0.000000e+00 0.000000e+00 4.467988e-04 0.000000e+00 9.296310e-04 5.977863e-03 0.000000e+00 0.000000e+00 5.884291e-04 0.000000e+00 5.130005e-03 8.674521e-04 9.516931e-04 6.221676e-01 -1.810654e-01
6.219735e-01 0.000000e+00 0.000000e+00 0.000000e+00 5.148204e-04 5.441860e-04 0.000000e+00 0.000000e+00 0.000000e+00 1.502953e-03 0.000000e+00 2.301406e-02 3.856212e-03 6.343058e-04 3.495948e-04 4.373838e-05 3.369955e-04 0.000000e+00 0.000000e+00 0.000000e+00 1.912659e-04 0.000000e+00 1.668066e-02 0.000000e+00 3.183647e-04 1.675479e-03 2.461177e-05 1.557277e-03 1.168351e-04 1.947430e-03 6.219735e-01 -1.746669e-01
6.200693e-01 8.678368e-05 0.000000e+00 1.688352e-03 6.845888e-04 4.747686e-04 6.635145e-03 0.000000e+00 0.000000e+00 1.502953e-03 0.000000e+00 3.237873e-03 2.174070e-03 6.020766e-02 0.000000e+00 0.000000e+00 0.000000e+00 0.000000e+00 0.000000e+00 1.236101e-03 0.000000e+00 1.890223e-03 6.299255e-03 0.000000e+00 0.000000e+00 0.000000e+00 0.000000e+00 3.656995e-03 0.000000e+00 0.000000e+00 6.200693e-01 -1.360372e-01
4.541937e-01 0.000000e+00 0.000000e+00 2.158771e-03 7.976168e-04 9.429336e-04 0.000000e+00 1.329514e-04 0.000000e+00 1.387586e-04 0.000000e+00 0.000000e+00 4.894118e-04 0.000000e+00 0.000000e+00 0.000000e+00 0.000000e+00 0.000000e+00 0.000000e+00 1.392453e-03 0.000000e+00 1.234172e-03 0.000000e+00 0.000000e+00 0.000000e+00 7.511735e-05 0.000000e+00 3.431650e-04 0.000000e+00 2.991091e-05 4.541937e-01 -1.226043e-01
4.541937e-01 0.000000e+00 0.000000e+00 2.158771e-03 7.976168e-04 9.429336e-04 0.000000e+00 1.329514e-04 0.000000e+00 1.387586e-04 0.000000e+00 0.000000e+00 4.894118e-04 0.000000e+00 0.000000e+00 0.000000e+00 0.000000e+00 0.000000e+00 0.000000e+00 1.392453e-03 0.000000e+00 1.234172e-03 0.000000e+00 0.000000e+00 0.000000e+00 7.511735e-05 0.000000e+00 3.431650e-04 0.000000e+00 2.991091e-05 4.541937e-01 -1.226043e-01
4.541937e-01 0.000000e+00 0.000000e+00 2.158771e-03 7.976168e-04 9.429336e-04 0.000000e+00 1.329514e-04 0.000000e+00 1.387586e-04 0.000000e+00 0.000000e+00 4.894118e-04 0.000000e+00 0.000000e+00 0.000000e+00 0.000000e+00 0.000000e+00 0.000000e+00 1.392453e-03 0.000000e+00 1.234172e-03 0.000000e+00 0.000000e+00 0.000000e+00 7.511735e-05 0.000000e+00 3.431650e-04 0.000000e+00 2.991091e-05 4.541937e-01 -1.226043e-01
4.541937e-01 0.000000e+00 0.000000e+00 2.158771e-03 7.976168e-04 9.429336e-04 0.000000e+00 1.329514e-04 0.000000e+00 1.387586e-04 0.000000e+00 0.000000e+00 4.894118e-04 0.000000e+00 0.000000e+00 0.000000e+00 0.000000e+00 0.000000e+00 0.000000e+00 1.392453e-03 0.000000e+00 1.234172e-03 0.000000e+00 0.000000e+00 0.000000e+00 7.511735e-05 0.000000e+00 3.431650e-04 0.000000e+00 2.991091e-05 4.541937e-01 -1.226043e-01
4.541937e-01 0.000000e+00 0.000000e+00 2.158771e-03 7.976168e-04 9.429336e-04 0.000000e+00 1.329514e-04 0.000000e+00 1.387586e-04 0.000000e+00 0.000000e+00 4.894118e-04 0.000000e+00 0.000000e+00 0.000000e+00 0.000000e+00 0.000000e+00 0.000000e+00 1.392453e-03 0.000000e+00 1.234172e-03 0.000000e+00 0.000000e+00 0.000000e+00 7.511735e-05 0.000000e+00 3.431650e-04 0.000000e+00 2.991091e-05 4.541937e-01 -1.226043e-01
4.541937e-01 0.000000e+00 0.000000e+00 2.158771e-03 7.976168e-04 9.429336e-04 0.000000e+00 1.329514e-04 0.000000e+00 1.387586e-04 0.000000e+00 0.000000e+00 4.894118e-04 0.000000e+00 0.000000e+00 0.000000e+00 0.000000e+00 0.000000e+00 0.000000e+00 1.392453e-03 0.000000e+00 1.234172e-03 0.000000e+00 0.000000e+00 0.000000e+00 7.511735e-05 0.000000e+00 3.431650e-04 0.000000e+00 2.991091e-05 4.541937e-01 -1.226043e-01
4.541937e-01 0.000000e+00 0.000000e+00 2.158771e-03 7.976168e-04 9.429336e-04 0.000000e+00 1.329514e-04 0.000000e+00 1.387586e-04 0.000000e+00 0.000000e+00 4.894118e-04 0.000000e+00 0.000000e+00 0.000000e+00 0.000000e+00 0.000000e+00 0.000000e+00 1.392453e-03 0.000000e+00 1.234172e-03 0.000000e+00 0.000000e+00 0.000000e+00 7.511735e-05 0.000000e+00 3.431650e-04 0.000000e+00 2.991091e-05 4.541937e-01 -1.226043e-01
4.541937e-01 2.486895e-04 0.000000e+00 1.688352e-03 7.976168e-04 9.429336e-04 2.926190e-04 1.329514e-04 0.000000e+00 6.937928e-05 8.025707e-04 0.000000e+00 4.894118e-04 3.405918e-05 0.000000e+00 2.064077e-04 0.000000e+00 0.000000e+00 1.789587e-03 1.392453e-03 5.735955e-05 0.000000e+00 0.000000e+00 0.000000e+00 1.719436e-03 3.755867e-05 0.000000e+00 1.715825e-04 0.000000e+00 4.092195e-05 4.541937e-01 -1.219497e-01
4.458947e-01 0.000000e+00 1.774229e-03 1.929545e-03 3.988084e-04 6.326941e-04 0.000000e+00 2.691552e-04 6.072629e-03 1.261105e-03 8.025707e-04 6.297843e-03 0.000000e+00 0.000000e+00 7.912010e-05 2.178250e-03 0.000000e+00 0.000000e+00 0.000000e+00 0.000000e+00 0.000000e+00 0.000000e+00 5.764175e-03 0.000000e+00 1.719436e-03 4.096076e-04 0.000000e+00 7.944217e-04 9.177306e-04 1.196437e-04 4.458947e-01 -1.034414e-01
4.416981e-01 0.000000e+00 0.000000e+00 4.758595e-03 7.866590e-04 5.765738e-03 2.926190e-04 2.766589e-03 1.845625e-04 6.937928e-05 0.000000e+00 5.617441e-03 4.894118e-04 4.112001e-05 7.912010e-05 0.000000e+00 0.000000e+00 0.000000e+00 0.000000e+00 1.032537e-03 7.449171e-04 1.053923e-03 1.055900e-03 0.000000e+00 0.000000e+00 1.913410e-04 0.000000e+00 6.863299e-04 0.000000e+00 2.596649e-05 4.416981e-01 -8.604520e-02
4.375015e-01 2.820470e-04 1.474725e-05 5.812569e-03 1.436056e-03 1.601828e-03 0.000000e+00 6.539159e-03 1.407628e-03 0.000000e+00 0.000000e+00 9.446764e-03 0.000000e+00 1.362367e-04 1.582402e-04 1.891750e-04 0.000000e+00 0.000000e+00 1.557979e-03 2.879330e-04 0.000000e+00 6.598475e-04 0.000000e+00 1.473307e-03 6.169295e-05 0.000000e+00 0.000000e+00 0.000000e+00 4.671404e-04 5.982183e-05 4.375015e-01 -5.907544e-02
4.368474e-01 5.866035e-04 8.797407e-04 0.000000e+00 5.744225e-04 1.601828e-03 0.000000e+00 0.000000e+00 3.066622e-02 0.000000e+00 0.000000e+00 0.000000e+00 6.906582e-03 1.362367e-04 1.582402e-04 1.891750e-04 6.327075e-03 0.000000e+00 0.000000e+00 6.292124e-04 0.000000e+00 1.329893e-03 0.000000e+00 0.000000e+00 4.267742e-03 1.467370e-02 0.000000e+00 3.209125e-04 7.756534e-04 1.196437e-04 4.368474e-01 -4.641351e-02
4.308628e-01 1.735674e-04 0.000000e+00 2.158771e-03 0.000000e+00 9.429336e-04 0.000000e+00 0.000000e+00 2.210373e-03 0.000000e+00 0.000000e+00 0.000000e+00 0.000000e+00 0.000000e+00 0.000000e+00 0.000000e+00 0.000000e+00 0.000000e+00 0.000000e+00 7.198324e-04 0.000000e+00 1.138451e-03 0.000000e+00 0.000000e+00 0.000000e+00 0.000000e+00 0.000000e+00 0.000000e+00 2.558379e-04 2.991091e-05 4.308628e-01 -1.012170e-02
4.292967e-01 4.377152e-04 1.974205e-02 2.207013e-02 0.000000e+00 8.960256e-04 0.000000e+00 5.147737e-04 1.156214e-02 0.000000e+00 0.000000e+00 4.920190e-04 4.894118e-04 2.172381e-03 1.109611e-04 2.178250e-03 2.717512e-04 0.000000e+00 7.744724e-04 0.000000e+00 3.563309e-03 3.166560e-04 5.290710e-03 0.000000e+00 0.000000e+00 6.821073e-03 0.000000e+00 7.629832e-05 2.698063e-04 0.000000e+00 4.292967e-01 1.947889e-02
4.264809e-01 1.243447e-04 3.924612e-04 1.314595e-03 1.436056e-03 3.224545e-04 0.000000e+00 5.825871e-05 1.407628e-03 0.000000e+00 0.000000e+00 3.416094e-03 1.395803e-03 1.702959e-05 1.582402e-04 3.080937e-04 0.000000e+00 0.000000e+00 2.452773e-03 1.032537e-03 0.000000e+00 1.493081e-03 0.000000e+00 0.000000e+00 0.000000e+00 5.633801e-05 0.000000e+00 2.573737e-04 0.000000e+00 2.260840e-02 4.264809e-01 3.968550e-02
4.234748e-01 4.431392e-04 7.775487e-04 1.887973e-02 0.000000e+00 6.326941e-04 0.000000e+00 1.760324e-04 2.210373e-03 0.000000e+00 0.000000e+00 0.000000e+00 0.000000e+00 0.000000e+00 0.000000e+00 0.000000e+00 0.000000e+00 0.000000e+00 0.000000e+00 7.198324e-04 0.000000e+00 1.234172e-03 0.000000e+00 0.000000e+00 1.719436e-03 0.000000e+00 0.000000e+00 0.000000e+00 0.000000e+00 0.000000e+00 4.234748e-01 7.010952e-02
4.204929e-01 0.000000e+00 0.000000e+00 0.000000e+00 0.000000e+00 0.000000e+00 0.000000e+00 3.520648e-04 1.222960e-03 0.000000e+00 0.000000e+00 0.000000e+00 0.000000e+00 6.811836e-05 1.736783e-04 7.160129e-04 6.327075e-03 0.000000e+00 3.579174e-03 0.000000e+00 0.000000e+00 5.178182e-04 0.000000e+00 0.000000e+00 3.438871e-03 0.000000e+00 0.000000e+00 0.000000e+00 5.503584e-04 2.991091e-05 4.204929e-01 1.027108e-01
4.169201e-01 4.973790e-04 7.849223e-04 0.000000e+00 0.000000e+00 9.621412e-04 0.000000e+00 3.445612e-03 1.222960e-03 0.000000e+00 1.605141e-03 0.000000e+00 2.302194e-03 6.811836e-05 1.736783e-04 4.128155e-04 0.000000e+00 0.000000e+00 3.579174e-03 7.818606e-04 1.147191e-04 5.178182e-04 0.000000e+00 7.366536e-04 3.438871e-03 0.000000e+00 0.000000e+00 0.000000e+00 0.000000e+00 2.991091e-05 4.169201e-01 1.473265e-01
4.151934e-01 0.000000e+00 6.287822e-04 2.017964e-02 1.829386e-03 7.721507e-04 0.000000e+00 1.271883e-03 1.038503e-03 0.000000e+00 1.350370e-03 4.051862e-03 0.000000e+00 1.567967e-04 0.000000e+00 2.618062e-03 7.621069e-04 0.000000e+00 2.452773e-03 1.190142e-03 0.000000e+00 1.020347e-03 1.510301e-04 0.000000e+00 4.298589e-03 1.752738e-04 0.000000e+00 0.000000e+00 2.397450e-04 8.973274e-05 4.151934e-01 1.742355e-01
4.109440e-01 7.276269e-04 0.000000e+00 0.000000e+00 0.000000e+00 0.000000e+00 0.000000e+00 3.520648e-04 0.000000e+00 0.000000e+00 2.407712e-03 0.000000e+00 6.906582e-03 0.000000e+00 1.736783e-04 7.160129e-04 6.327075e-03 0.000000e+00 0.000000e+00 6.292124e-04 2.867978e-04 6.496722e-04 0.000000e+00 0.000000e+00 3.438871e-03 0.000000e+00 0.000000e+00 0.000000e+00 5.503584e-04 0.000000e+00 4.109440e-01 2.253183e-01
2.573877e-01 0.000000e+00 0.000000e+00 0.000000e+00 0.000000e+00 0.000000e+00 0.000000e+00 3.520648e-04 0.000000e+00 0.000000e+00 1.605141e-03 0.000000e+00 4.604388e-03 0.000000e+00 1.736783e-04 7.160129e-04 2.530830e-03 0.000000e+00 0.000000e+00 8.249308e-04 1.720787e-04 6.496722e-04 0.000000e+00 3.683268e-04 3.438871e-03 0.000000e+00 0.000000e+00 0.000000e+00 2.751792e-04 1.495546e-05 2.573877e-01 2.458236e-01
2.573877e-01 0.000000e+00 0.000000e+00 0.000000e+00 0.000000e+00 0.000000e+00 0.000000e+00 3.520648e-04 0.000000e+00 0.000000e+00 1.605141e-03 0.000000e+00 4.604388e-03 0.000000e+00 1.736783e-04 7.160129e-04 2.530830e-03 0.000000e+00 0.000000e+00 8.249308e-04 1.720787e-04 6.496722e-04 0.000000e+00 3.683268e-04 3.438871e-03 0.000000e+00 0.000000e+00 0.000000e+00 2.751792e-04 1.495546e-05 2.573877e-01 2.458236e-01
2.573877e-01 0.000000e+00 0.000000e+00 0.000000e+00 0.000000e+00 0.000000e+00 0.000000e+00 3.520648e-04 0.000000e+00 0.000000e+00 1.605141e-03 0.000000e+00 4.604388e-03 0.000000e+00 1.736783e-04 7.160129e-04 2.530830e-03 0.000000e+00 0.000000e+00 8.249308e-04 1.720787e-04 6.496722e-04 0.000000e+00 3.683268e-04 3.438871e-03 0.000000e+00 0.000000e+00 0.000000e+00 2.751792e-04 1.495546e-05 2.573877e-01 2.458236e-01
2.573877e-01 0.000000e+00 0.000000e+00 0.000000e+00 0.000000e+00 0.000000e+00 0.000000e+00 3.520648e-04 0.000000e+00 0.000000e+00 1.605141e-03 0.000000e+00 4.604388e-03 0.000000e+00 1.736783e-04 7.160129e-04 2.530830e-03 0.000000e+00 0.000000e+00 8.249308e-04 1.720787e-04 6.496722e-04 0.000000e+00 3.683268e-04 3.438871e-03 0.000000e+00 0.000000e+00 0.000000e+00 2.751792e-04 1.495546e-05 2.573877e-01 2.458236e-01
2.573877e-01 0.000000e+00 0.000000e+00 0.000000e+00 0.000000e+00 0.000000e+00 0.000000e+00 3.520648e-04 0.000000e+00 0.000000e+00 1.605141e-03 0.000000e+00 4.604388e-03 0.000000e+00 1.736783e-04 7.160129e-04 2.530830e-03 0.000000e+00 0.000000e+00 8.249308e-04 1.720787e-04 6.496722e-04 0.000000e+00 3.683268e-04 3.438871e-03 0.000000e+00 0.000000e+00 0.000000e+00 2.751792e-04 1.495546e-05 2.573877e-01 2.458236e-01
2.573877e-01 0.000000e+00 0.000000e+00 0.000000e+00 0.000000e+00 0.000000e+00 0.000000e+00 3.520648e-04 0.000000e+00 0.000000e+00 1.605141e-03 0.000000e+00 4.604388e-03 0.000000e+00 1.736783e-04 7.160129e-04 2.530830e-03 0.000000e+00 0.000000e+00 8.249308e-04 1.720787e-04 6.496722e-04 0.000000e+00 3.683268e-04 3.438871e-03 0.000000e+00 0.000000e+00 0.000000e+00 2.751792e-04 1.495546e-05 2.573877e-01 2.458236e-01
2.573877e-01 0.000000e+00 0.000000e+00 0.000000e+00 0.000000e+00 0.000000e+00 0.000000e+00 3.520648e-04 0.000000e+00 0.000000e+00 1.605141e-03 0.000000e+00 4.604388e-03 0.000000e+00 1.736783e-04 7.160129e-04 2.530830e-03 0.000000e+00 0.000000e+00 8.249308e-04 1.720787e-04 6.496722e-04 0.000000e+00 3.683268e-04 3.438871e-03 0.000000e+00 0.000000e+00 0.000000e+00 2.751792e-04 1.495546e-05 2.573877e-01 2.458236e-01
2.573877e-01 0.000000e+00 0.000000e+00 0.000000e+00 0.000000e+00 0.000000e+00 0.000000e+00 3.520648e-04 0.000000e+00 0.000000e+00 1.605141e-03 0.000000e+00 4.604388e-03 0.000000e+00 1.736783e-04 7.160129e-04 2.530830e-03 0.000000e+00 0.000000e+00 8.249308e-04 1.720787e-04 6.496722e-04 0.000000e+00 3.683268e-04 3.438871e-03 0.000000e+00 0.000000e+00 0.000000e+00 2.751792e-04 1.495546e-05 2.573877e-01 2.458236e-01
2.552630e-01 1.209141e-03 2.172074e-03 0.000000e+00 0.000000e+00 0.000000e+00 0.000000e+00 5.486450e-05 0.000000e+00 0.000000e+00 2.407712e-03 0.000000e+00 8.057679e-03 0.000000e+00 1.736783e-04 0.000000e+00 6.327075e-03 0.000000e+00 0.000000e+00 5.875362e-04 2.867978e-04 6.496722e-04 0.000000e+00 0.000000e+00 3.438871e-03 0.000000e+00 0.000000e+00 0.000000e+00 7.056650e-04 0.000000e+00 2.552630e-01 2.490338e-01
2.460224e-01 2.889625e-04 1.600111e-03 3.287029e-03 3.931429e-06 5.413628e-04 0.000000e+00 1.789758e-02 7.718972e-06 0.000000e+00 0.000000e+00 0.000000e+00 0.000000e+00 0.000000e+00 1.235046e-04 0.000000e+00 0.000000e+00 0.000000e+00 1.588250e-03 1.722811e-04 1.147191e-04 1.138413e-03 9.611005e-05 0.000000e+00 1.719436e-03 0.000000e+00 0.000000e+00 0.000000e+00 3.558084e-03 0.000000e+00 2.460224e-01 2.673957e-01
2.374159e-01 7.127110e-04 1.555097e-03 0.000000e+00 0.000000e+00 0.000000e+00 0.000000e+00 3.520648e-04 6.214754e-04 0.000000e+00 1.605141e-03 0.000000e+00 0.000000e+00 0.000000e+00 1.736783e-04 6.364559e-04 5.061660e-03 0.000000e+00 0.000000e+00 7.818606e-04 0.000000e+00 6.567664e-04 7.551504e-04 0.000000e+00 3.438871e-03 0.000000e+00 0.000000e+00 0.000000e+00 6.430982e-03 0.000000e+00 2.374159e-01 2.989945e-01
2.302182e-01 0.000000e+00 1.243232e-03 2.328456e-03 0.000000e+00 7.486770e-05 0.000000e+00 0.000000e+00 2.223457e-03 0.000000e+00 2.454236e-04 0.000000e+00 4.604388e-03 3.289601e-04 4.148981e-05 0.000000e+00 5.182114e-03 1.911643e-05 9.600324e-04 1.112333e-03 5.793534e-04 6.496722e-04 0.000000e+00 0.000000e+00 3.438871e-03 1.656019e-03 0.000000e+00 0.000000e+00 3.257440e-03 0.000000e+00 2.302182e-01 3.396125e-01
2.227934e-01 1.848221e-04 1.361047e-03 0.000000e+00 0.000000e+00 6.422978e-04 0.000000e+00 5.147737e-04 1.115588e-03 0.000000e+00 0.000000e+00 0.000000e+00 0.000000e+00 3.405918e-05 2.278924e-04 1.601596e-03 0.000000e+00 5.734929e-05 3.038027e-03 9.037094e-04 0.000000e+00 0.000000e+00 8.581255e-05 3.683268e-04 3.438871e-03 2.337084e-03 0.000000e+00 1.441205e-03 2.751792e-04 4.485711e-04 2.227934e-01 3.860295e-01
2.156428e-01 3.124213e-04 7.137573e-04 3.423238e-03 0.000000e+00 1.446983e-04 0.000000e+00 3.520648e-04 2.407478e-03 0.000000e+00 1.114294e-03 0.000000e+00 0.000000e+00 0.000000e+00 1.582402e-04 2.945226e-03 7.069552e-04 0.000000e+00 1.256435e-03 0.000000e+00 5.735955e-05 3.035768e-03 3.844402e-04 0.000000e+00 3.438871e-03 3.745364e-03 0.000000e+00 1.409645e-03 8.764662e-04 0.000000e+00 2.156428e-01 4.401813e-01
2.075214e-01 3.563555e-04 3.872930e-04 1.711619e-03 0.000000e+00 0.000000e+00 0.000000e+00 6.601216e-05 2.215738e-03 0.000000e+00 0.000000e+00 0.000000e+00 0.000000e+00 0.000000e+00 2.640754e-04 1.969939e-03 0.000000e+00 4.779107e-05 2.470292e-03 0.000000e+00 0.000000e+00 2.170529e-04 5.320378e-05 0.000000e+00 0.000000e+00 3.281147e-03 0.000000e+00 1.656859e-03 2.333770e-03 0.000000e+00 2.075214e-01 4.999573e-01
1.994001e-01 1.328875e-05 1.600111e-03 0.000000e+00 0.000000e+00 1.612272e-04 0.000000e+00 3.013950e-04 7.718972e-06 0.000000e+00 0.000000e+00 0.000000e+00 2.302194e-03 0.000000e+00 3.377078e-05 8.649099e-04 2.530830e-03 1.911643e-05 1.588250e-03 6.998671e-04 1.147191e-04 0.000000e+00 1.510301e-04 0.000000e+00 3.438871e-03 3.528701e-03 0.000000e+00 9.362570e-04 3.558084e-03 0.000000e+00 1.994001e-01 5.624853e-01
1.923475e-01 3.900520e-04 0.000000e+00 5.378396e-03 0.000000e+00 3.283195e-04 0.000000e+00 6.601216e-05 3.324571e-03 0.000000e+00 4.145454e-03 0.000000e+00 0.000000e+00 0.000000e+00 2.780662e-04 8.849492e-04 2.233840e-03 1.242568e-04 1.423324e-03 4.810056e-04 0.000000e+00 2.170529e-04 0.000000e+00 0.000000e+00 0.000000e+00 0.000000e+00 0.000000e+00 2.585226e-03 1.697663e-03 0.000000e+00 1.923475e-01 6.129346e-01
7.845776e-02 3.563555e-04 3.872930e-04 5.134857e-03 0.000000e+00 0.000000e+00 0.000000e+00 0.000000e+00 1.929743e-05 0.000000e+00 0.000000e+00 0.000000e+00 0.000000e+00 0.000000e+00 2.640754e-04 2.338282e-03 0.000000e+00 3.823286e-05 2.470292e-03 7.975997e-04 0.000000e+00 2.170529e-04 0.000000e+00 0.000000e+00 0.000000e+00 1.651750e-03 0.000000e+00 2.808771e-03 2.317803e-03 0.000000e+00 7.845776e-02 6.757795e-01
7.845776e-02 3.563555e-04 3.872930e-04 5.134857e-03 0.000000e+00 0.000000e+00 0.000000e+00 0.000000e+00 1.929743e-05 0.000000e+00 0.000000e+00 0.000000e+00 0.000000e+00 0.000000e+00 2.640754e-04 2.338282e-03 0.000000e+00 3.823286e-05 2.470292e-03 7.975997e-04 0.000000e+00 2.170529e-04 0.000000e+00 0.000000e+00 0.000000e+00 1.651750e-03 0.000000e+00 2.808771e-03 2.317803e-03 0.000000e+00 7.845776e-02 6.757795e-01
7.845776e-02 3.563555e-04 3.872930e-04 5.134857e-03 0.000000e+00 0.000000e+00 0.000000e+00 0.000000e+00 1.929743e-05 0.000000e+00 0.000000e+00 0.000000e+00 0.000000e+00 0.000000e+00 2.640754e-04 2.338282e-03 0.000000e+00 3.823286e-05 2.470292e-03 7.975997e-04 0.000000e+00 2.170529e-04 0.000000e+00 0.000000e+00 0.000000e+00 1.651750e-03 0.000000e+00 2.808771e-03 2.317803e-03 0.000000e+00 7.845776e-02 6.757795e-01
7.845776e-02 3.563555e-04 3.872930e-04 5.134857e-03 0.000000e+00 0.000000e+00 0.000000e+00 0.000000e+00 1.929743e-05 0.000000e+00 0.000000e+00 0.000000e+00 0.000000e+00 0.000000e+00 2.640754e-04 2.338282e-03 0.000000e+00 3.823286e-05 2.470292e-03 7.975997e-04 0.000000e+00 2.170529e-04 0.000000e+00 0.000000e+00 0.000000e+00 1.651750e-03 0.000000e+00 2.808771e-03 2.317803e-03 0.000000e+00 7.845776e-02 6.757795e-01
7.845776e-02 3.563555e-04 3.872930e-04 5.134857e-03 0.000000e+00 0.000000e+00 0.000000e+00 0.000000e+00 1.929743e-05 0.000000e+00 0.000000e+00 0.000000e+00 0.000000e+00 0.000000e+00 2.640754e-04 2.338282e-03 0.000000e+00 3.823286e-05 2.470292e-03 7.975997e-04 0.000000e+00 2.170529e-04 0.000000e+00 0.000000e+00 0.000000e+00 1.651750e-03 0.000000e+00 2.808771e-03 2.317803e-03 0.000000e+00 7.845776e-02 6.757795e-01
7.845776e-02 3.563555e-04 3.872930e-04 5.134857e-03 0.000000e+00 0.000000e+00 0.000000e+00 0.000000e+00 1.929743e-05 0.000000e+00 0.000000e+00 0.000000e+00 0.000000e+00 0.000000e+00 2.640754e-04 2.338282e-03 0.000000e+00 3.823286e-05 2.470292e-03 7.975997e-04 0.000000e+00 2.170529e-04 0.000000e+00 0.000000e+00 0.000000e+00 1.651750e-03 0.000000e+00 2.808771e-03 2.317803e-03 0.000000e+00 7.845776e-02 6.757795e-01
7.672128e-02 1.328875e-05 1.600111e-03 0.000000e+00 0.000000e+00 1.612272e-04 0.000000e+00 3.013950e-04 7.718972e-06 0.000000e+00 0.000000e+00 0.000000e+00 0.000000e+00 0.000000e+00 4.245469e-05 0.000000e+00 0.000000e+00 0.000000e+00 1.588250e-03 0.000000e+00 1.147191e-04 4.447355e-03 1.510301e-04 0.000000e+00 0.000000e+00 3.528701e-03 0.000000e+00 2.808771e-03 3.558084e-03 0.000000e+00 7.672128e-02 6.766753e-01
6.163621e-02 1.602786e-04 2.046534e-03 0.000000e+00 7.862857e-06 1.791668e-04 0.000000e+00 0.000000e+00 0.000000e+00 2.058796e-03 3.833730e-03 0.000000e+00 0.000000e+00 0.000000e+00 6.175228e-05 2.690580e-03 2.233840e-03 0.000000e+00 4.772184e-03 3.445622e-04 0.000000e+00 0.000000e+00 4.942803e-04 0.000000e+00 0.000000e+00 5.561499e-04 0.000000e+00 1.094053e-03 4.790833e-03 0.000000e+00 6.163621e-02 7.010558e-01
4.539349e-02 4.859886e-04 1.769170e-03 0.000000e+00 3.931429e-06 0.000000e+00 0.000000e+00 0.000000e+00 7.718972e-06 0.000000e+00 4.145454e-03 0.000000e+00 0.000000e+00 0.000000e+00 3.377078e-05 3.363225e-03 2.233840e-03 0.000000e+00 5.712759e-03 0.000000e+00 0.000000e+00 0.000000e+00 4.393602e-04 0.000000e+00 0.000000e+00 0.000000e+00 0.000000e+00 1.009895e-03 2.255278e-03 0.000000e+00 4.539349e-02 7.479754e-01
3.058713e-02 0.000000e+00 8.558894e-04 0.000000e+00 0.000000e+00 3.743385e-05 0.000000e+00 8.801621e-05 1.119447e-03 0.000000e+00 2.474012e-03 0.000000e+00 3.014377e-03 1.644800e-04 1.769347e-04 0.000000e+00 2.591057e-03 7.646572e-05 4.781487e-03 5.474722e-04 2.896767e-04 5.383210e-03 0.000000e+00 0.000000e+00 0.000000e+00 1.671095e-03 0.000000e+00 2.356422e-03 1.190164e-03 8.971422e-04 3.058713e-02 8.078860e-01
1.504566e-02 8.325810e-05 0.000000e+00 7.333554e-03 0.000000e+00 6.566391e-04 0.000000e+00 0.000000e+00 2.225386e-03 2.058796e-03 7.246398e-03 0.000000e+00 0.000000e+00 0.000000e+00 6.175228e-05 1.193245e-03 1.116920e-03 1.529314e-04 3.618823e-03 9.620112e-04 5.793534e-04 0.000000e+00 0.000000e+00 0.000000e+00 3.438871e-03 3.106182e-03 0.000000e+00 2.866630e-03 2.336657e-03 0.000000e+00 1.504566e-02 8.818637e-01
0.000000e+00 3.900520e-04 1.769170e-03 0.000000e+00 0.000000e+00 0.000000e+00 0.000000e+00 0.000000e+00 2.508666e-05 0.000000e+00 4.145454e-03 0.000000e+00 0.000000e+00 0.000000e+00 3.343608e-04 3.507423e-03 2.233840e-03 5.734929e-05 2.911313e-03 1.110259e-03 0.000000e+00 0.000000e+00 4.393602e-04 0.000000e+00 0.000000e+00 0.000000e+00 0.000000e+00 4.213157e-03 1.697663e-03 0.000000e+00 0.000000e+00 1.007087e+00
