8.519875e-01 0.000000e+00 7.568532e-04 1.880756e-03 5.689656e-03 3.839696e-04 4.055943e-04 0.000000e+00 1.672926e-03 1.974521e-03 0.000000e+00 1.748555e-03 3.200711e-03 0.000000e+00 1.471060e-03 0.000000e+00 1.818421e-03 0.000000e+00 1.652203e-03 2.235028e-03 6.038457e-05 1.319628e-03 6.952841e-03 4.317084e-04 0.000000e+00 5.254963e-04 0.000000e+00 5.962855e-03 1.152373e-02 0.000000e+00 8.519875e-01 -7.646951e-01
8.485092e-01 4.143621e-03 5.904596e-03 3.174824e-03 5.505113e-03 1.919848e-04 2.510621e-03 1.441431e-03 1.374074e-03 0.000000e+00 0.000000e+00 9.939462e-04 4.755957e-03 2.480234e-03 1.156187e-03 8.079961e-03 0.000000e+00 0.000000e+00 5.633226e-03 6.363154e-04 1.224423e-05 7.195394e-04 8.188299e-03 8.253249e-05 0.000000e+00 0.000000e+00 0.000000e+00 0.000000e+00 8.851835e-04 1.046788e-05 8.485092e-01 -7.589979e-01
8.457766e-01 0.000000e+00 3.214244e-04 3.709415e-03 0.000000e+00 7.554476e-04 7.252372e-04 0.000000e+00 4.182316e-04 2.087780e-02 0.000000e+00 0.000000e+00 9.562394e-03 9.920935e-04 1.471060e-03 0.000000e+00 7.453656e-04 0.000000e+00 1.652203e-03 3.357199e-03 0.000000e+00 1.114808e-03 3.620257e-03 8.197699e-04 0.000000e+00 4.899827e-03 0.000000e+00 2.229268e-03 0.000000e+00 0.000000e+00 8.457766e-01 -7.483670e-01
8.439959e-01 4.143621e-03 5.904596e-03 3.174824e-03 5.505113e-03 1.919848e-04 2.510621e-03 1.441431e-03 8.364632e-04 0.000000e+00 0.000000e+00 9.939462e-04 4.755957e-03 0.000000e+00 1.475239e-03 8.079961e-03 8.391893e-04 0.000000e+00 0.000000e+00 6.363154e-04 1.224423e-05 7.195394e-04 4.613388e-03 8.253249e-05 2.008358e-03 0.000000e+00 0.000000e+00 0.000000e+00 3.832979e-03 1.046788e-05 8.439959e-01 -7.390026e-01
8.434600e-01 9.599005e-03 0.000000e+00 2.688845e-03 0.000000e+00 4.210162e-03 0.000000e+00 0.000000e+00 2.001421e-03 0.000000e+00 0.000000e+00 2.779416e-05 6.741865e-03 9.920935e-04 1.471060e-03 1.265861e-02 3.257710e-04 0.000000e+00 1.961502e-03 3.039041e-03 3.865632e-04 0.000000e+00 0.000000e+00 6.491498e-04 1.802964e-02 1.403505e-02 0.000000e+00 0.000000e+00 1.141225e-03 0.000000e+00 8.434600e-01 -7.306308e-01
8.417638e-01 7.899929e-03 0.000000e+00 1.982766e-03 0.000000e+00 5.634628e-04 2.510621e-03 1.441431e-03 1.672926e-03 0.000000e+00 2.961293e-03 1.311416e-03 3.200711e-03 9.920935e-04 2.437139e-03 8.258176e-03 1.818421e-03 0.000000e+00 0.000000e+00 4.914334e-03 0.000000e+00 0.000000e+00 6.952841e-03 8.253249e-05 5.010426e-03 2.600836e-04 0.000000e+00 4.053799e-03 4.581796e-03 1.046788e-05 8.417638e-01 -7.206076e-01
8.412534e-01 1.920566e-03 6.796570e-04 1.294183e-03 0.000000e+00 2.156147e-03 6.852683e-04 1.835496e-03 8.364632e-04 5.808337e-03 0.000000e+00 9.939462e-04 4.755957e-03 0.000000e+00 2.027055e-03 5.731503e-03 8.391893e-04 0.000000e+00 0.000000e+00 4.750272e-03 2.144686e-04 2.260939e-04 3.725397e-04 3.412401e-04 4.062119e-03 1.232438e-02 3.744987e-02 0.000000e+00 3.127560e-03 4.817966e-04 8.412534e-01 -7.111860e-01
8.393728e-01 0.000000e+00 4.892785e-04 3.371794e-03 8.519292e-04 3.839696e-04 0.000000e+00 0.000000e+00 1.672926e-03 1.974521e-03 0.000000e+00 0.000000e+00 4.787213e-03 0.000000e+00 0.000000e+00 0.000000e+00 3.331227e-04 1.305784e-02 4.130509e-04 0.000000e+00 2.245294e-04 3.982663e-04 1.832704e-03 0.000000e+00 1.104760e-02 4.368568e-03 0.000000e+00 1.852499e-03 0.000000e+00 0.000000e+00 8.393728e-01 -7.012597e-01
8.386975e-01 9.532562e-04 6.523713e-04 5.229100e-05 9.541776e-04 0.000000e+00 1.114738e-03 0.000000e+00 0.000000e+00 0.000000e+00 0.000000e+00 3.674991e-04 2.529057e-03 0.000000e+00 2.173156e-03 3.742339e-03 1.530575e-03 0.000000e+00 0.000000e+00 4.743448e-03 1.891880e-04 4.962262e-04 6.905369e-04 0.000000e+00 2.240179e-03 2.407095e-03 0.000000e+00 0.000000e+00 1.426387e-02 2.210360e-03 8.386975e-01 -6.952144e-01
8.374520e-01 4.232936e-03 2.462261e-03 9.091145e-04 1.361994e-03 0.000000e+00 6.045132e-05 9.177481e-04 1.015120e-03 1.268305e-03 0.000000e+00 1.321264e-03 4.090719e-03 0.000000e+00 1.838150e-03 0.000000e+00 0.000000e+00 0.000000e+00 0.000000e+00 4.598505e-03 1.476509e-04 0.000000e+00 0.000000e+00 4.317084e-04 0.000000e+00 5.254963e-04 0.000000e+00 2.098467e-03 4.358504e-03 0.000000e+00 8.374520e-01 -6.830078e-01
8.374060e-01 0.000000e+00 0.000000e+00 0.000000e+00 1.361994e-03 3.839696e-04 0.000000e+00 1.835496e-03 0.000000e+00 4.821077e-03 0.000000e+00 1.177696e-03 2.518076e-02 0.000000e+00 1.086578e-03 3.696629e-02 1.437915e-03 0.000000e+00 0.000000e+00 3.008039e-03 1.967979e-04 1.319628e-03 5.358467e-03 3.412401e-04 0.000000e+00 5.254963e-04 0.000000e+00 2.098467e-03 1.152373e-02 0.000000e+00 8.374060e-01 -6.711030e-01
8.366201e-01 2.111858e-02 0.000000e+00 2.857655e-03 0.000000e+00 3.589863e-04 0.000000e+00 0.000000e+00 1.672926e-03 1.168501e-04 0.000000e+00 2.779416e-05 9.129455e-03 0.000000e+00 0.000000e+00 1.265861e-02 0.000000e+00 1.305784e-02 6.185975e-04 0.000000e+00 2.742985e-04 8.685189e-06 0.000000e+00 0.000000e+00 1.250584e-02 2.330807e-04 0.000000e+00 0.000000e+00 1.315046e-02 0.000000e+00 8.366201e-01 -6.635927e-01
8.352899e-01 4.766281e-04 7.893436e-04 1.875750e-03 1.475949e-03 0.000000e+00 0.000000e+00 0.000000e+00 1.672926e-03 1.373117e-03 4.441940e-03 1.748555e-03 8.635831e-03 0.000000e+00 8.762495e-04 0.000000e+00 5.196058e-04 6.528920e-03 0.000000e+00 2.494782e-03 0.000000e+00 1.466613e-04 2.837817e-03 2.285515e-04 0.000000e+00 2.683488e-03 0.000000e+00 9.900862e-03 3.401728e-03 1.105180e-03 8.352899e-01 -6.526142e-01
8.343560e-01 4.766281e-04 2.638760e-03 2.158214e-03 1.504209e-03 1.249168e-05 3.250481e-03 1.441431e-03 1.672926e-03 0.000000e+00 0.000000e+00 1.748555e-03 7.639752e-04 0.000000e+00 1.058717e-03 1.954297e-02 6.502642e-05 0.000000e+00 0.000000e+00 1.854891e-03 1.116987e-04 2.132314e-04 0.000000e+00 0.000000e+00 0.000000e+00 2.683488e-03 0.000000e+00 0.000000e+00 9.802100e-03 1.105180e-03 8.343560e-01 -6.402179e-01
8.337103e-01 0.000000e+00 2.312575e-03 3.456294e-03 6.809970e-04 5.402231e-03 0.000000e+00 0.000000e+00 0.000000e+00 0.000000e+00 0.000000e+00 9.103214e-05 3.410532e-03 0.000000e+00 2.235316e-03 0.000000e+00 7.793091e-04 0.000000e+00 6.714524e-04 4.140984e-03 1.710471e-05 4.792479e-04 2.679234e-03 0.000000e+00 5.066298e-03 1.098263e-02 0.000000e+00 0.000000e+00 1.430000e-04 1.046788e-05 8.337103e-01 -6.327797e-01
8.327156e-01 0.000000e+00 1.940870e-03 4.800562e-03 1.381439e-03 1.249168e-05 1.625241e-03 0.000000e+00 1.494269e-03 4.783321e-05 0.000000e+00 1.748555e-03 7.639752e-04 0.000000e+00 0.000000e+00 1.067534e-02 3.656359e-04 8.169776e-03 6.714524e-04 0.000000e+00 1.751901e-04 7.997100e-04 3.024502e-03 0.000000e+00 5.066298e-03 0.000000e+00 0.000000e+00 0.000000e+00 2.109504e-03 5.525901e-04 8.327156e-01 -6.177816e-01
8.320267e-01 0.000000e+00 2.955424e-03 6.541231e-03 1.298635e-03 0.000000e+00 5.774282e-04 1.081073e-03 0.000000e+00 0.000000e+00 0.000000e+00 9.035176e-04 2.876449e-04 0.000000e+00 0.000000e+00 9.771484e-03 0.000000e+00 0.000000e+00 1.546494e-04 5.112350e-03 0.000000e+00 2.545161e-04 0.000000e+00 2.349002e-04 0.000000e+00 6.838744e-03 0.000000e+00 1.021919e-03 1.082893e-02 3.574999e-03 8.320267e-01 -6.063201e-01
8.313472e-01 7.512615e-03 0.000000e+00 9.876773e-04 0.000000e+00 0.000000e+00 0.000000e+00 0.000000e+00 3.573139e-04 9.852852e-04 5.922587e-03 2.622832e-03 9.854199e-03 0.000000e+00 1.923800e-03 3.564287e-04 0.000000e+00 0.000000e+00 0.000000e+00 3.114271e-03 0.000000e+00 4.004558e-05 6.314237e-03 0.000000e+00 0.000000e+00 4.888735e-03 0.000000e+00 9.960096e-03 9.163592e-03 0.000000e+00 8.313472e-01 -5.935776e-01
8.303829e-01 3.965940e-03 1.231131e-03 2.924453e-03 1.248652e-03 1.249168e-05 3.250481e-03 1.441431e-03 4.891107e-04 7.882441e-04 2.961293e-03 6.453599e-04 7.639752e-04 0.000000e+00 1.058717e-03 7.880985e-05 0.000000e+00 7.081582e-03 3.092987e-04 4.585655e-03 6.444842e-05 2.132314e-04 0.000000e+00 1.266556e-03 1.355436e-04 2.683488e-03 0.000000e+00 1.049233e-03 3.862849e-03 0.000000e+00 8.303829e-01 -5.817354e-01
8.300372e-01 0.000000e+00 4.521263e-03 4.645862e-03 1.066492e-03 2.008022e-03 2.987437e-04 3.603578e-04 0.000000e+00 9.566642e-05 2.961293e-03 1.215700e-04 0.000000e+00 0.000000e+00 2.173156e-03 0.000000e+00 3.331227e-04 0.000000e+00 1.546494e-04 4.821220e-03 1.069311e-04 2.820925e-04 6.905369e-04 2.349002e-04 0.000000e+00 6.570751e-03 0.000000e+00 2.008267e-03 1.476194e-02 3.022409e-03 8.300372e-01 -5.744615e-01
8.292489e-01 1.849472e-03 0.000000e+00 5.072296e-03 6.799695e-04 9.001206e-03 1.092060e-03 9.008946e-05 5.555951e-04 3.081829e-04 5.922587e-03 1.201949e-04 1.240796e-04 0.000000e+00 0.000000e+00 1.338196e-03 0.000000e+00 8.722438e-03 3.092987e-04 3.030451e-03 1.767297e-04 6.953135e-06 0.000000e+00 1.117363e-03 4.848184e-03 8.516206e-03 0.000000e+00 0.000000e+00 2.118963e-02 7.847440e-04 8.292489e-01 -5.571052e-01
8.280207e-01 0.000000e+00 6.214896e-04 4.215294e-03 6.293352e-04 0.000000e+00 0.000000e+00 0.000000e+00 8.364632e-04 3.081829e-04 0.000000e+00 2.379163e-05 3.773707e-04 0.000000e+00 0.000000e+00 1.082074e-03 3.331227e-04 8.169776e-03 0.000000e+00 5.820598e-04 1.193407e-04 7.131171e-04 7.065267e-03 0.000000e+00 1.807248e-04 1.082021e-04 0.000000e+00 4.148962e-03 0.000000e+00 0.000000e+00 8.280207e-01 -5.432988e-01
8.273024e-01 0.000000e+00 0.000000e+00 5.204801e-03 2.246283e-04 2.505969e-03 3.852877e-04 0.000000e+00 6.947049e-04 3.081829e-04 5.922587e-03 2.709342e-04 0.000000e+00 0.000000e+00 0.000000e+00 2.006528e-03 0.000000e+00 3.281712e-03 0.000000e+00 1.488098e-03 1.097846e-04 0.000000e+00 0.000000e+00 1.333217e-04 9.036240e-05 8.560392e-03 1.354630e-03 0.000000e+00 7.073300e-03 1.624097e-03 8.273024e-01 -5.283028e-01
8.273024e-01 6.526188e-04 1.671201e-04 5.204801e-03 2.246283e-04 2.505969e-03 1.519644e-03 0.000000e+00 3.196811e-04 3.081829e-04 5.922587e-03 5.609029e-04 0.000000e+00 0.000000e+00 1.791591e-04 2.064878e-04 0.000000e+00 3.281712e-03 0.000000e+00 1.375037e-03 1.097846e-04 0.000000e+00 0.000000e+00 1.333217e-04 3.833613e-02 0.000000e+00 6.773150e-04 0.000000e+00 7.163749e-03 1.624097e-03 8.273024e-01 -5.233210e-01
8.260807e-01 8.606999e-03 6.214896e-04 4.411020e-03 6.293352e-04 0.000000e+00 1.730880e-04 2.876597e-03 6.872978e-04 3.081829e-04 0.000000e+00 6.656549e-04 5.016625e-03 0.000000e+00 0.000000e+00 0.000000e+00 3.331227e-04 0.000000e+00 3.177788e-03 5.820598e-04 1.378820e-04 7.131171e-04 7.065267e-03 2.031569e-03 1.807248e-04 8.247046e-03 1.354630e-03 7.079344e-04 8.880565e-03 1.105180e-03 8.260807e-01 -5.025643e-01
8.252537e-01 1.849472e-03 3.943048e-04 4.522014e-03 8.893159e-04 5.104394e-04 9.091938e-04 9.008946e-05 6.872978e-04 5.287083e-04 2.961293e-03 2.379163e-05 4.466353e-04 0.000000e+00 0.000000e+00 6.690981e-04 4.164034e-04 0.000000e+00 7.732468e-05 3.772465e-04 1.396945e-04 7.131171e-04 3.532634e-03 0.000000e+00 0.000000e+00 3.120230e-03 1.354630e-03 7.079344e-04 8.802365e-03 0.000000e+00 8.252537e-01 -4.908860e-01
8.248943e-01 1.577355e-03 1.671201e-04 4.872648e-03 1.149297e-03 5.104394e-04 1.519644e-03 1.801789e-04 2.450984e-04 0.000000e+00 0.000000e+00 5.609029e-04 7.989280e-04 0.000000e+00 1.791591e-04 0.000000e+00 4.996841e-04 0.000000e+00 3.023139e-03 1.272631e-03 2.532309e-04 5.039852e-05 7.065267e-03 0.000000e+00 1.143283e-03 1.330909e-03 1.354630e-03 2.496662e-04 1.760473e-02 1.084244e-03 8.248943e-01 -4.816513e-01
8.239526e-01 0.000000e+00 2.018758e-03 8.000274e-03 1.162067e-02 0.000000e+00 1.077065e-04 0.000000e+00 7.722569e-04 0.000000e+00 2.961293e-03 2.023894e-03 1.886854e-04 0.000000e+00 0.000000e+00 8.758815e-05 3.331227e-04 9.783451e-03 6.218894e-03 1.326109e-03 1.127735e-04 7.131171e-04 8.939451e-03 0.000000e+00 2.259060e-04 8.516206e-03 0.000000e+00 0.000000e+00 3.536650e-03 8.120485e-04 8.239526e-01 -4.592302e-01
6.531746e-01 0.000000e+00 6.214896e-04 4.171380e-03 6.293352e-04 5.104394e-04 2.987437e-04 0.000000e+00 6.522254e-04 3.081829e-04 5.922587e-03 0.000000e+00 9.434268e-05 0.000000e+00 0.000000e+00 1.962734e-03 3.331227e-04 0.000000e+00 0.000000e+00 5.820598e-04 8.148112e-05 2.656415e-04 0.000000e+00 0.000000e+00 0.000000e+00 1.273617e-04 2.031945e-03 3.539672e-04 0.000000e+00 9.700142e-04 6.531746e-01 -4.544338e-01
6.531746e-01 0.000000e+00 6.214896e-04 4.171380e-03 6.293352e-04 5.104394e-04 2.987437e-04 0.000000e+00 6.522254e-04 3.081829e-04 5.922587e-03 0.000000e+00 9.434268e-05 0.000000e+00 0.000000e+00 1.962734e-03 3.331227e-04 0.000000e+00 0.000000e+00 5.820598e-04 8.148112e-05 2.656415e-04 0.000000e+00 0.000000e+00 0.000000e+00 1.273617e-04 2.031945e-03 3.539672e-04 0.000000e+00 9.700142e-04 6.531746e-01 -4.544338e-01
6.531746e-01 0.000000e+00 6.214896e-04 4.171380e-03 6.293352e-04 5.104394e-04 2.987437e-04 0.000000e+00 6.522254e-04 3.081829e-04 5.922587e-03 0.000000e+00 9.434268e-05 0.000000e+00 0.000000e+00 1.962734e-03 3.331227e-04 0.000000e+00 0.000000e+00 5.820598e-04 8.148112e-05 2.656415e-04 0.000000e+00 0.000000e+00 0.000000e+00 1.273617e-04 2.031945e-03 3.539672e-04 0.000000e+00 9.700142e-04 6.531746e-01 -4.544338e-01
6.531746e-01 0.000000e+00 6.214896e-04 4.171380e-03 6.293352e-04 5.104394e-04 2.987437e-04 0.000000e+00 6.522254e-04 3.081829e-04 5.922587e-03 0.000000e+00 9.434268e-05 0.000000e+00 0.000000e+00 1.962734e-03 3.331227e-04 0.000000e+00 0.000000e+00 5.820598e-04 8.148112e-05 2.656415e-04 0.000000e+00 0.000000e+00 0.000000e+00 1.273617e-04 2.031945e-03 3.539672e-04 0.000000e+00 9.700142e-04 6.531746e-01 -4.544338e-01
6.531746e-01 0.000000e+00 6.214896e-04 4.171380e-03 6.293352e-04 5.104394e-04 2.987437e-04 0.000000e+00 6.522254e-04 3.081829e-04 5.922587e-03 0.000000e+00 9.434268e-05 0.000000e+00 0.000000e+00 1.962734e-03 3.331227e-04 0.000000e+00 0.000000e+00 5.820598e-04 8.148112e-05 2.656415e-04 0.000000e+00 0.000000e+00 0.000000e+00 1.273617e-04 2.031945e-03 3.539672e-04 0.000000e+00 9.700142e-04 6.531746e-01 -4.544338e-01
6.468926e-01 0.000000e+00 1.546458e-03 3.760496e-03 0.000000e+00 7.818034e-04 1.698747e-04 0.000000e+00 7.592272e-04 1.020948e-03 0.000000e+00 0.000000e+00 1.886854e-04 0.000000e+00 0.000000e+00 3.257136e-03 0.000000e+00 0.000000e+00 0.000000e+00 0.000000e+00 1.229190e-04 0.000000e+00 2.131833e-03 8.934231e-04 0.000000e+00 0.000000e+00 1.693287e-03 1.635717e-03 0.000000e+00 7.669753e-04 6.468926e-01 -4.446305e-01
6.454579e-01 0.000000e+00 1.045099e-03 5.270653e-03 0.000000e+00 0.000000e+00 6.185712e-04 0.000000e+00 8.017067e-04 1.540914e-04 0.000000e+00 0.000000e+00 2.771424e-04 0.000000e+00 0.000000e+00 6.126927e-03 0.000000e+00 1.932189e-03 4.291382e-04 0.000000e+00 0.000000e+00 7.083967e-04 4.833946e-03 0.000000e+00 0.000000e+00 0.000000e+00 3.386575e-04 0.000000e+00 0.000000e+00 9.699606e-04 6.454579e-01 -4.379319e-01
6.420075e-01 0.000000e+00 3.351372e-04 1.735056e-03 1.225258e-03 2.552197e-04 0.000000e+00 0.000000e+00 3.782337e-03 1.879293e-03 8.989068e-03 0.000000e+00 0.000000e+00 1.085755e-04 0.000000e+00 1.962734e-03 0.000000e+00 4.647606e-03 0.000000e+00 1.216447e-03 3.118324e-05 1.398246e-03 0.000000e+00 0.000000e+00 3.150627e-04 0.000000e+00 1.354630e-03 0.000000e+00 2.157074e-03 0.000000e+00 6.420075e-01 -4.172801e-01
6.403373e-01 0.000000e+00 2.294309e-03 6.357248e-03 2.822854e-03 0.000000e+00 1.519644e-03 0.000000e+00 3.775769e-03 0.000000e+00 0.000000e+00 0.000000e+00 7.989280e-04 4.567399e-04 0.000000e+00 0.000000e+00 0.000000e+00 0.000000e+00 3.023139e-03 0.000000e+00 2.532309e-04 5.039852e-05 1.765316e-02 1.786846e-03 5.256675e-04 1.330909e-03 1.354630e-03 2.496662e-04 1.760473e-02 2.795142e-04 6.403373e-01 -3.996653e-01
6.385775e-01 0.000000e+00 4.446817e-03 1.037032e-02 3.024417e-03 4.855425e-03 3.608332e-04 0.000000e+00 1.984567e-03 3.159242e-03 0.000000e+00 1.164742e-04 1.149868e-04 0.000000e+00 0.000000e+00 2.778902e-03 0.000000e+00 4.647606e-03 0.000000e+00 0.000000e+00 2.958876e-04 1.129417e-02 9.940339e-03 0.000000e+00 2.341751e-03 0.000000e+00 0.000000e+00 0.000000e+00 0.000000e+00 6.538596e-04 6.385775e-01 -3.857243e-01
6.367202e-01 1.918700e-04 0.000000e+00 3.992864e-03 0.000000e+00 2.552197e-04 6.185712e-04 7.284866e-06 1.899608e-03 2.493951e-03 1.855781e-02 0.000000e+00 0.000000e+00 4.567399e-04 0.000000e+00 1.025161e-03 1.665614e-04 6.794499e-03 4.291382e-04 3.874651e-03 7.337788e-05 7.798658e-04 0.000000e+00 0.000000e+00 3.503885e-03 7.228663e-04 6.773150e-04 3.539672e-04 0.000000e+00 4.939030e-04 6.367202e-01 -3.711981e-01
6.346497e-01 0.000000e+00 0.000000e+00 3.760751e-03 1.947149e-03 2.588531e-03 3.608332e-04 0.000000e+00 2.113611e-03 3.081829e-04 0.000000e+00 0.000000e+00 1.267581e-04 0.000000e+00 0.000000e+00 6.245375e-04 3.331227e-04 6.903226e-03 1.511569e-03 5.820598e-04 1.562537e-04 0.000000e+00 2.225021e-03 1.786846e-03 0.000000e+00 8.837196e-05 2.709260e-03 4.788003e-04 0.000000e+00 0.000000e+00 6.346497e-01 -3.535717e-01
6.334426e-01 9.593501e-05 1.045099e-03 3.178624e-03 0.000000e+00 4.957098e-03 6.185712e-04 7.284866e-06 1.899608e-03 1.540914e-04 0.000000e+00 0.000000e+00 0.000000e+00 9.735655e-05 0.000000e+00 4.219608e-03 4.431869e-04 1.932189e-03 4.291382e-04 0.000000e+00 0.000000e+00 2.125190e-03 0.000000e+00 0.000000e+00 0.000000e+00 7.228663e-04 6.773150e-04 0.000000e+00 3.235611e-03 0.000000e+00 6.334426e-01 -3.407179e-01
6.317804e-01 0.000000e+00 9.951311e-04 6.781065e-03 7.885212e-04 0.000000e+00 3.608332e-04 0.000000e+00 2.198570e-03 1.579621e-03 0.000000e+00 0.000000e+00 3.036722e-04 0.000000e+00 0.000000e+00 6.364119e-03 0.000000e+00 6.934198e-03 0.000000e+00 0.000000e+00 2.146732e-04 1.416793e-03 7.629247e-03 0.000000e+00 0.000000e+00 8.837196e-05 0.000000e+00 1.458733e-03 0.000000e+00 4.059706e-04 6.317804e-01 -3.188982e-01
6.306454e-01 1.798937e-03 0.000000e+00 0.000000e+00 7.145546e-04 7.301995e-03 0.000000e+00 0.000000e+00 7.676157e-04 7.704572e-05 0.000000e+00 7.530535e-04 1.886854e-04 0.000000e+00 0.000000e+00 0.000000e+00 0.000000e+00 2.064258e-03 9.639567e-04 1.181926e-03 2.028611e-04 0.000000e+00 4.579469e-03 0.000000e+00 1.144653e-03 3.614331e-04 0.000000e+00 1.769836e-04 5.194341e-03 0.000000e+00 6.306454e-01 -3.065973e-01
6.289174e-01 3.837400e-04 0.000000e+00 5.085799e-03 2.341142e-03 0.000000e+00 3.581053e-04 0.000000e+00 7.405322e-03 2.339859e-03 0.000000e+00 0.000000e+00 0.000000e+00 4.455209e-04 0.000000e+00 4.379408e-05 0.000000e+00 4.956511e-04 0.000000e+00 1.363649e-03 1.064302e-05 6.722443e-04 0.000000e+00 0.000000e+00 2.067005e-03 3.614331e-04 3.386575e-04 0.000000e+00 2.157074e-03 1.486530e-04 6.289174e-01 -2.841045e-01
6.279292e-01 2.926329e-03 1.029824e-03 6.781065e-03 1.760613e-02 0.000000e+00 1.519644e-03 0.000000e+00 2.987922e-03 0.000000e+00 0.000000e+00 0.000000e+00 6.397546e-04 0.000000e+00 0.000000e+00 7.702316e-03 0.000000e+00 1.203389e-02 0.000000e+00 0.000000e+00 2.581902e-04 3.025917e-03 1.069817e-02 0.000000e+00 0.000000e+00 3.370644e-04 0.000000e+00 2.496662e-04 9.029162e-04 0.000000e+00 6.279292e-01 -2.624390e-01
6.271010e-01 6.236397e-03 1.517681e-03 8.264423e-03 2.035198e-03 3.277885e-03 7.833730e-04 3.034973e-05 2.725886e-02 2.292386e-03 5.218834e-04 1.240661e-03 6.721648e-04 0.000000e+00 0.000000e+00 1.294402e-03 0.000000e+00 0.000000e+00 4.660524e-03 2.335933e-03 9.012750e-05 0.000000e+00 1.471330e-05 0.000000e+00 1.751943e-03 9.977029e-03 3.386575e-04 1.401247e-02 2.597171e-03 7.081919e-04 6.271010e-01 -2.462967e-01
6.252385e-01 9.593501e-05 9.951311e-04 4.784633e-03 4.364611e-04 0.000000e+00 2.577380e-04 3.642433e-06 1.248767e-03 1.579621e-03 0.000000e+00 0.000000e+00 3.036722e-04 0.000000e+00 0.000000e+00 1.381990e-03 0.000000e+00 3.443629e-02 5.208824e-03 5.888082e-04 1.795311e-04 1.026861e-03 0.000000e+00 0.000000e+00 3.496258e-05 0.000000e+00 0.000000e+00 0.000000e+00 3.956691e-04 5.590284e-04 6.252385e-01 -2.260616e-01
6.239650e-01 1.275603e-02 1.517681e-03 6.781065e-03 3.395157e-04 0.000000e+00 0.000000e+00 0.000000e+00 2.826587e-02 1.656667e-03 9.278906e-03 3.324736e-04 3.036722e-04 4.567399e-04 0.000000e+00 0.000000e+00 2.215934e-04 0.000000e+00 2.731834e-03 1.844523e-03 2.498153e-04 0.000000e+00 8.011669e-03 8.934231e-04 1.751943e-03 4.498051e-04 0.000000e+00 0.000000e+00 0.000000e+00 4.414489e-04 6.239650e-01 -2.017909e-01
6.229903e-01 0.000000e+00 0.000000e+00 0.000000e+00 8.279105e-04 9.144302e-03 4.507005e-04 6.069947e-05 9.960811e-05 1.579621e-03 5.218834e-04 8.558003e-05 0.000000e+00 0.000000e+00 0.000000e+00 6.026405e-04 4.431869e-04 6.655400e-03 2.877486e-03 1.221107e-03 1.144583e-04 0.000000e+00 8.703348e-03 0.000000e+00 2.298295e-02 9.703968e-03 2.539931e-03 2.850374e-02 0.000000e+00 5.334860e-04 6.229903e-01 -1.827110e-01
6.206960e-01 1.703002e-03 0.000000e+00 0.000000e+00 6.369511e-04 2.667218e-03 6.314581e-04 0.000000e+00 7.676157e-04 0.000000e+00 5.566756e-03 2.216490e-04 0.000000e+00 1.866356e-03 0.000000e+00 0.000000e+00 0.000000e+00 0.000000e+00 7.493876e-04 1.123812e-03 3.864285e-05 1.287299e-03 0.000000e+00 0.000000e+00 3.496258e-05 0.000000e+00 0.000000e+00 0.000000e+00 0.000000e+00 8.537152e-04 6.206960e-01 -1.601534e-01
6.203484e-01 1.214436e-02 1.002768e-03 3.390532e-03 8.980110e-04 1.333609e-03 4.123808e-04 0.000000e+00 0.000000e+00 1.656667e-03 0.000000e+00 1.711601e-04 0.000000e+00 0.000000e+00 0.000000e+00 0.000000e+00 8.122703e-02 0.000000e+00 3.106528e-03 2.406429e-03 3.093690e-06 0.000000e+00 0.000000e+00 8.934231e-04 1.769424e-03 0.000000e+00 0.000000e+00 0.000000e+00 0.000000e+00 8.683065e-04 6.203484e-01 -1.366741e-01
4.551610e-01 3.837400e-04 0.000000e+00 0.000000e+00 7.483425e-04 0.000000e+00 5.412498e-04 1.456973e-05 0.000000e+00 0.000000e+00 0.000000e+00 2.552965e-04 0.000000e+00 0.000000e+00 0.000000e+00 0.000000e+00 0.000000e+00 0.000000e+00 4.291382e-04 1.856046e-04 3.093690e-06 0.000000e+00 0.000000e+00 0.000000e+00 0.000000e+00 0.000000e+00 0.000000e+00 0.000000e+00 7.913382e-04 7.598355e-04 4.551610e-01 -1.230017e-01
4.551610e-01 3.837400e-04 0.000000e+00 0.000000e+00 7.483425e-04 0.000000e+00 5.412498e-04 1.456973e-05 0.000000e+00 0.000000e+00 0.000000e+00 2.552965e-04 0.000000e+00 0.000000e+00 0.000000e+00 0.000000e+00 0.000000e+00 0.000000e+00 4.291382e-04 1.856046e-04 3.093690e-06 0.000000e+00 0.000000e+00 0.000000e+00 0.000000e+00 0.000000e+00 0.000000e+00 0.000000e+00 7.913382e-04 7.598355e-04 4.551610e-01 -1.230017e-01
4.551610e-01 3.837400e-04 0.000000e+00 0.000000e+00 7.483425e-04 0.000000e+00 5.412498e-04 1.456973e-05 0.000000e+00 0.000000e+00 0.000000e+00 2.552965e-04 0.000000e+00 0.000000e+00 0.000000e+00 0.000000e+00 0.000000e+00 0.000000e+00 4.291382e-04 1.856046e-04 3.093690e-06 0.000000e+00 0.000000e+00 0.000000e+00 0.000000e+00 0.000000e+00 0.000000e+00 0.000000e+00 7.913382e-04 7.598355e-04 4.551610e-01 -1.230017e-01
4.551610e-01 3.837400e-04 0.000000e+00 0.000000e+00 7.483425e-04 0.000000e+00 5.412498e-04 1.456973e-05 0.000000e+00 0.000000e+00 0.000000e+00 2.552965e-04 0.000000e+00 0.000000e+00 0.000000e+00 0.000000e+00 0.000000e+00 0.000000e+00 4.291382e-04 1.856046e-04 3.093690e-06 0.000000e+00 0.000000e+00 0.000000e+00 0.000000e+00 0.000000e+00 0.000000e+00 0.000000e+00 7.913382e-04 7.598355e-04 4.551610e-01 -1.230017e-01
4.551610e-01 3.837400e-04 0.000000e+00 0.000000e+00 7.483425e-04 0.000000e+00 5.412498e-04 1.456973e-05 0.000000e+00 0.000000e+00 0.000000e+00 2.552965e-04 0.000000e+00 0.000000e+00 0.000000e+00 0.000000e+00 0.000000e+00 0.000000e+00 4.291382e-04 1.856046e-04 3.093690e-06 0.000000e+00 0.000000e+00 0.000000e+00 0.000000e+00 0.000000e+00 0.000000e+00 0.000000e+00 7.913382e-04 7.598355e-04 4.551610e-01 -1.230017e-01
4.551610e-01 3.837400e-04 0.000000e+00 0.000000e+00 7.483425e-04 0.000000e+00 5.412498e-04 1.456973e-05 0.000000e+00 0.000000e+00 0.000000e+00 2.552965e-04 0.000000e+00 0.000000e+00 0.000000e+00 0.000000e+00 0.000000e+00 0.000000e+00 4.291382e-04 1.856046e-04 3.093690e-06 0.000000e+00 0.000000e+00 0.000000e+00 0.000000e+00 0.000000e+00 0.000000e+00 0.000000e+00 7.913382e-04 7.598355e-04 4.551610e-01 -1.230017e-01
4.551610e-01 3.837400e-04 0.000000e+00 0.000000e+00 7.483425e-04 0.000000e+00 5.412498e-04 1.456973e-05 0.000000e+00 0.000000e+00 0.000000e+00 2.552965e-04 0.000000e+00 0.000000e+00 0.000000e+00 0.000000e+00 0.000000e+00 0.000000e+00 4.291382e-04 1.856046e-04 3.093690e-06 0.000000e+00 0.000000e+00 0.000000e+00 0.000000e+00 0.000000e+00 0.000000e+00 0.000000e+00 7.913382e-04 7.598355e-04 4.551610e-01 -1.230017e-01
4.518276e-01 3.837400e-04 0.000000e+00 0.000000e+00 8.980110e-04 0.000000e+00 3.028421e-04 7.790759e-06 0.000000e+00 0.000000e+00 0.000000e+00 1.711601e-04 0.000000e+00 0.000000e+00 0.000000e+00 0.000000e+00 0.000000e+00 0.000000e+00 2.912619e-04 1.856046e-04 3.093690e-06 0.000000e+00 0.000000e+00 0.000000e+00 0.000000e+00 0.000000e+00 0.000000e+00 0.000000e+00 0.000000e+00 7.598355e-04 4.518276e-01 -1.226454e-01
4.451608e-01 0.000000e+00 0.000000e+00 0.000000e+00 0.000000e+00 6.459402e-04 0.000000e+00 1.456973e-05 1.336779e-04 0.000000e+00 1.043767e-03 1.711601e-04 0.000000e+00 0.000000e+00 0.000000e+00 0.000000e+00 0.000000e+00 0.000000e+00 1.021782e-03 3.817169e-04 3.517199e-06 0.000000e+00 0.000000e+00 0.000000e+00 0.000000e+00 0.000000e+00 0.000000e+00 0.000000e+00 7.913382e-04 0.000000e+00 4.451608e-01 -1.063596e-01
4.417567e-01 0.000000e+00 0.000000e+00 0.000000e+00 0.000000e+00 3.860133e-04 0.000000e+00 0.000000e+00 0.000000e+00 0.000000e+00 4.250996e-03 2.887107e-06 3.939157e-03 0.000000e+00 0.000000e+00 0.000000e+00 0.000000e+00 3.683975e-03 7.413724e-04 4.653644e-04 1.846580e-06 0.000000e+00 5.345066e-06 0.000000e+00 0.000000e+00 0.000000e+00 0.000000e+00 0.000000e+00 4.173763e-04 5.233386e-04 4.417567e-01 -8.868447e-02
4.377296e-01 0.000000e+00 0.000000e+00 0.000000e+00 5.986740e-04 6.786619e-03 3.092856e-04 2.185460e-05 0.000000e+00 0.000000e+00 5.566756e-03 1.154843e-05 0.000000e+00 0.000000e+00 0.000000e+00 0.000000e+00 0.000000e+00 0.000000e+00 2.910166e-05 0.000000e+00 1.489039e-06 0.000000e+00 0.000000e+00 0.000000e+00 8.412870e-05 0.000000e+00 0.000000e+00 0.000000e+00 4.740577e-03 5.433826e-04 4.377296e-01 -6.333333e-02
4.347700e-01 5.941588e-04 0.000000e+00 0.000000e+00 1.155254e-03 5.832419e-03 1.538549e-03 0.000000e+00 0.000000e+00 0.000000e+00 1.910257e-03 1.258438e-04 0.000000e+00 0.000000e+00 0.000000e+00 0.000000e+00 3.861593e-09 0.000000e+00 0.000000e+00 6.805260e-04 2.076749e-02 0.000000e+00 0.000000e+00 0.000000e+00 1.240079e-04 0.000000e+00 0.000000e+00 0.000000e+00 0.000000e+00 4.886264e-04 4.347700e-01 -3.839892e-02
4.316208e-01 3.622041e-04 0.000000e+00 0.000000e+00 0.000000e+00 2.533518e-03 3.786477e-02 3.642433e-05 0.000000e+00 0.000000e+00 0.000000e+00 0.000000e+00 0.000000e+00 0.000000e+00 0.000000e+00 0.000000e+00 7.723186e-09 0.000000e+00 1.508580e-04 1.195841e-03 1.554338e-06 0.000000e+00 0.000000e+00 0.000000e+00 9.450821e-05 0.000000e+00 0.000000e+00 0.000000e+00 9.424087e-04 1.096330e-03 4.316208e-01 -9.384481e-03
4.281607e-01 3.622041e-04 0.000000e+00 0.000000e+00 0.000000e+00 6.911044e-03 5.154760e-04 2.354934e-05 0.000000e+00 0.000000e+00 3.447889e-03 0.000000e+00 0.000000e+00 0.000000e+00 0.000000e+00 0.000000e+00 7.723186e-09 0.000000e+00 0.000000e+00 0.000000e+00 2.053985e-06 0.000000e+00 0.000000e+00 0.000000e+00 8.412870e-05 0.000000e+00 0.000000e+00 0.000000e+00 9.424087e-04 1.096330e-03 4.281607e-01 1.717967e-02
4.256177e-01 8.127823e-04 0.000000e+00 0.000000e+00 1.272182e-03 3.393309e-03 2.706249e-04 0.000000e+00 5.493075e-04 0.000000e+00 0.000000e+00 1.247612e-04 7.878314e-03 0.000000e+00 0.000000e+00 0.000000e+00 0.000000e+00 3.683975e-03 5.262019e-04 9.280228e-05 9.717291e-07 0.000000e+00 0.000000e+00 0.000000e+00 0.000000e+00 0.000000e+00 0.000000e+00 0.000000e+00 3.686116e-03 1.704775e-04 4.256177e-01 4.556690e-02
4.224059e-01 5.165781e-04 0.000000e+00 0.000000e+00 7.483425e-05 0.000000e+00 0.000000e+00 1.214144e-06 0.000000e+00 0.000000e+00 9.418666e-04 0.000000e+00 0.000000e+00 0.000000e+00 0.000000e+00 0.000000e+00 1.930797e-09 0.000000e+00 3.455822e-05 5.129733e-04 0.000000e+00 0.000000e+00 0.000000e+00 0.000000e+00 1.261930e-04 0.000000e+00 0.000000e+00 0.000000e+00 0.000000e+00 6.512876e-04 4.224059e-01 7.729173e-02
4.199984e-01 3.104561e-04 0.000000e+00 0.000000e+00 8.980110e-04 1.242484e-03 2.577380e-04 1.639095e-05 0.000000e+00 0.000000e+00 5.566756e-03 8.269293e-05 3.939157e-03 0.000000e+00 0.000000e+00 0.000000e+00 0.000000e+00 0.000000e+00 7.017526e-04 0.000000e+00 2.477494e-06 0.000000e+00 0.000000e+00 0.000000e+00 8.412870e-05 6.654678e-04 0.000000e+00 0.000000e+00 2.020336e-03 1.953039e-04 4.199984e-01 1.084306e-01
4.167756e-01 3.622041e-04 0.000000e+00 0.000000e+00 2.057942e-04 0.000000e+00 1.409680e-03 3.642433e-05 0.000000e+00 0.000000e+00 0.000000e+00 0.000000e+00 0.000000e+00 0.000000e+00 0.000000e+00 0.000000e+00 7.723186e-09 0.000000e+00 1.508580e-04 0.000000e+00 1.554338e-06 0.000000e+00 0.000000e+00 0.000000e+00 9.450821e-05 0.000000e+00 0.000000e+00 0.000000e+00 9.424087e-04 1.096330e-03 4.167756e-01 1.457008e-01
4.143791e-01 7.584001e-04 0.000000e+00 0.000000e+00 9.634910e-04 8.699055e-03 1.383906e-03 2.428289e-06 0.000000e+00 0.000000e+00 3.820514e-03 8.341470e-05 0.000000e+00 0.000000e+00 0.000000e+00 0.000000e+00 1.128162e-02 0.000000e+00 0.000000e+00 1.546657e-03 2.878657e-06 0.000000e+00 5.172644e-06 0.000000e+00 1.447669e-04 0.000000e+00 0.000000e+00 0.000000e+00 9.424087e-04 5.697962e-04 4.143791e-01 1.817543e-01
4.119289e-01 3.104561e-04 0.000000e+00 0.000000e+00 5.986740e-04 6.786619e-03 3.092856e-04 1.639095e-05 0.000000e+00 0.000000e+00 5.566756e-03 2.887107e-06 3.939157e-03 0.000000e+00 0.000000e+00 0.000000e+00 0.000000e+00 0.000000e+00 7.413724e-04 0.000000e+00 2.477494e-06 0.000000e+00 0.000000e+00 0.000000e+00 8.412870e-05 0.000000e+00 0.000000e+00 0.000000e+00 4.642016e-03 5.233386e-04 4.119289e-01 2.123600e-01
2.599491e-01 3.284826e-04 0.000000e+00 0.000000e+00 7.483425e-05 0.000000e+00 0.000000e+00 0.000000e+00 0.000000e+00 0.000000e+00 0.000000e+00 5.774214e-06 0.000000e+00 0.000000e+00 0.000000e+00 0.000000e+00 8.881664e-08 4.722997e-04 1.455083e-05 2.578861e-05 7.445195e-07 0.000000e+00 0.000000e+00 9.745591e-06 1.256468e-04 0.000000e+00 0.000000e+00 0.000000e+00 0.000000e+00 0.000000e+00 2.599491e-01 2.430382e-01
2.599491e-01 3.284826e-04 0.000000e+00 0.000000e+00 7.483425e-05 0.000000e+00 0.000000e+00 0.000000e+00 0.000000e+00 0.000000e+00 0.000000e+00 5.774214e-06 0.000000e+00 0.000000e+00 0.000000e+00 0.000000e+00 8.881664e-08 4.722997e-04 1.455083e-05 2.578861e-05 7.445195e-07 0.000000e+00 0.000000e+00 9.745591e-06 1.256468e-04 0.000000e+00 0.000000e+00 0.000000e+00 0.000000e+00 0.000000e+00 2.599491e-01 2.430382e-01
2.599491e-01 3.284826e-04 0.000000e+00 0.000000e+00 7.483425e-05 0.000000e+00 0.000000e+00 0.000000e+00 0.000000e+00 0.000000e+00 0.000000e+00 5.774214e-06 0.000000e+00 0.000000e+00 0.000000e+00 0.000000e+00 8.881664e-08 4.722997e-04 1.455083e-05 2.578861e-05 7.445195e-07 0.000000e+00 0.000000e+00 9.745591e-06 1.256468e-04 0.000000e+00 0.000000e+00 0.000000e+00 0.000000e+00 0.000000e+00 2.599491e-01 2.430382e-01
2.599491e-01 3.284826e-04 0.000000e+00 0.000000e+00 7.483425e-05 0.000000e+00 0.000000e+00 0.000000e+00 0.000000e+00 0.000000e+00 0.000000e+00 5.774214e-06 0.000000e+00 0.000000e+00 0.000000e+00 0.000000e+00 8.881664e-08 4.722997e-04 1.455083e-05 2.578861e-05 7.445195e-07 0.000000e+00 0.000000e+00 9.745591e-06 1.256468e-04 0.000000e+00 0.000000e+00 0.000000e+00 0.000000e+00 0.000000e+00 2.599491e-01 2.430382e-01
2.599491e-01 3.284826e-04 0.000000e+00 0.000000e+00 7.483425e-05 0.000000e+00 0.000000e+00 0.000000e+00 0.000000e+00 0.000000e+00 0.000000e+00 5.774214e-06 0.000000e+00 0.000000e+00 0.000000e+00 0.000000e+00 8.881664e-08 4.722997e-04 1.455083e-05 2.578861e-05 7.445195e-07 0.000000e+00 0.000000e+00 9.745591e-06 1.256468e-04 0.000000e+00 0.000000e+00 0.000000e+00 0.000000e+00 0.000000e+00 2.599491e-01 2.430382e-01
2.599491e-01 3.284826e-04 0.000000e+00 0.000000e+00 7.483425e-05 0.000000e+00 0.000000e+00 0.000000e+00 0.000000e+00 0.000000e+00 0.000000e+00 5.774214e-06 0.000000e+00 0.000000e+00 0.000000e+00 0.000000e+00 8.881664e-08 4.722997e-04 1.455083e-05 2.578861e-05 7.445195e-07 0.000000e+00 0.000000e+00 9.745591e-06 1.256468e-04 0.000000e+00 0.000000e+00 0.000000e+00 0.000000e+00 0.000000e+00 2.599491e-01 2.430382e-01
2.599491e-01 3.284826e-04 0.000000e+00 0.000000e+00 7.483425e-05 0.000000e+00 0.000000e+00 0.000000e+00 0.000000e+00 0.000000e+00 0.000000e+00 5.774214e-06 0.000000e+00 0.000000e+00 0.000000e+00 0.000000e+00 8.881664e-08 4.722997e-04 1.455083e-05 2.578861e-05 7.445195e-07 0.000000e+00 0.000000e+00 9.745591e-06 1.256468e-04 0.000000e+00 0.000000e+00 0.000000e+00 0.000000e+00 0.000000e+00 2.599491e-01 2.430382e-01
2.599491e-01 3.284826e-04 0.000000e+00 0.000000e+00 7.483425e-05 0.000000e+00 0.000000e+00 0.000000e+00 0.000000e+00 0.000000e+00 0.000000e+00 5.774214e-06 0.000000e+00 0.000000e+00 0.000000e+00 0.000000e+00 8.881664e-08 4.722997e-04 1.455083e-05 2.578861e-05 7.445195e-07 0.000000e+00 0.000000e+00 9.745591e-06 1.256468e-04 0.000000e+00 0.000000e+00 0.000000e+00 0.000000e+00 0.000000e+00 2.599491e-01 2.430382e-01
2.545510e-01 4.316452e-04 0.000000e+00 0.000000e+00 0.000000e+00 0.000000e+00 1.409680e-03 0.000000e+00 0.000000e+00 0.000000e+00 0.000000e+00 8.661321e-06 0.000000e+00 0.000000e+00 0.000000e+00 0.000000e+00 0.000000e+00 7.871661e-05 0.000000e+00 0.000000e+00 0.000000e+00 0.000000e+00 0.000000e+00 1.461839e-05 1.884701e-04 0.000000e+00 0.000000e+00 0.000000e+00 0.000000e+00 0.000000e+00 2.545510e-01 2.440105e-01
2.449750e-01 8.496970e-05 0.000000e+00 0.000000e+00 0.000000e+00 0.000000e+00 1.005462e-03 9.713155e-06 0.000000e+00 7.249471e-04 1.878759e-05 0.000000e+00 0.000000e+00 0.000000e+00 0.000000e+00 0.000000e+00 0.000000e+00 1.574332e-04 0.000000e+00 4.252543e-04 1.091623e-06 0.000000e+00 0.000000e+00 0.000000e+00 0.000000e+00 0.000000e+00 0.000000e+00 0.000000e+00 2.214562e-03 0.000000e+00 2.449750e-01 2.642061e-01
2.362301e-01 5.417244e-04 0.000000e+00 0.000000e+00 0.000000e+00 0.000000e+00 1.861419e-03 0.000000e+00 0.000000e+00 2.182511e-03 3.315457e-05 0.000000e+00 0.000000e+00 0.000000e+00 0.000000e+00 0.000000e+00 6.178549e-08 4.722997e-04 3.469012e-04 1.051607e-03 2.192345e-06 0.000000e+00 0.000000e+00 0.000000e+00 6.792000e-04 0.000000e+00 0.000000e+00 0.000000e+00 0.000000e+00 0.000000e+00 2.362301e-01 3.011809e-01
2.302261e-01 2.955724e-04 0.000000e+00 0.000000e+00 3.557565e-03 0.000000e+00 5.368244e-04 9.713155e-06 0.000000e+00 1.933192e-03 0.000000e+00 0.000000e+00 0.000000e+00 0.000000e+00 0.000000e+00 0.000000e+00 0.000000e+00 0.000000e+00 3.058700e-05 5.438110e-04 1.978249e-06 0.000000e+00 0.000000e+00 1.949118e-05 0.000000e+00 0.000000e+00 0.000000e+00 0.000000e+00 2.214562e-03 0.000000e+00 2.302261e-01 3.351254e-01
2.215404e-01 2.955724e-04 0.000000e+00 0.000000e+00 0.000000e+00 0.000000e+00 3.006217e-04 9.713155e-06 0.000000e+00 1.933192e-03 4.420610e-05 0.000000e+00 0.000000e+00 0.000000e+00 0.000000e+00 0.000000e+00 5.406230e-08 3.148665e-04 0.000000e+00 5.258037e-04 3.716710e-06 0.000000e+00 0.000000e+00 0.000000e+00 7.719084e-05 0.000000e+00 7.536470e-04 0.000000e+00 2.214562e-03 0.000000e+00 2.215404e-01 3.921195e-01
2.155897e-01 5.939161e-05 0.000000e+00 0.000000e+00 7.115131e-03 0.000000e+00 6.871353e-04 0.000000e+00 0.000000e+00 0.000000e+00 0.000000e+00 0.000000e+00 0.000000e+00 0.000000e+00 0.000000e+00 0.000000e+00 3.089274e-08 1.574332e-04 8.553630e-04 2.629019e-04 2.192345e-06 0.000000e+00 0.000000e+00 0.000000e+00 1.677111e-04 0.000000e+00 0.000000e+00 1.851840e-02 5.599236e-03 0.000000e+00 2.155897e-01 4.422375e-01
2.083777e-01 7.225862e-04 0.000000e+00 0.000000e+00 0.000000e+00 0.000000e+00 0.000000e+00 0.000000e+00 0.000000e+00 0.000000e+00 1.823501e-05 6.529007e-04 0.000000e+00 0.000000e+00 0.000000e+00 0.000000e+00 4.327546e-03 0.000000e+00 1.183201e-04 0.000000e+00 0.000000e+00 0.000000e+00 0.000000e+00 9.745591e-06 0.000000e+00 0.000000e+00 0.000000e+00 0.000000e+00 2.160678e-03 0.000000e+00 2.083777e-01 4.912222e-01
1.996279e-01 1.221574e-04 0.000000e+00 0.000000e+00 0.000000e+00 0.000000e+00 6.871353e-04 1.699802e-05 0.000000e+00 0.000000e+00 3.315457e-05 0.000000e+00 0.000000e+00 0.000000e+00 0.000000e+00 0.000000e+00 0.000000e+00 0.000000e+00 0.000000e+00 1.201749e-03 2.740431e-06 0.000000e+00 0.000000e+00 0.000000e+00 0.000000e+00 0.000000e+00 0.000000e+00 0.000000e+00 5.220837e-03 0.000000e+00 1.996279e-01 5.572923e-01
1.906818e-01 2.699943e-04 0.000000e+00 0.000000e+00 0.000000e+00 0.000000e+00 6.871353e-04 0.000000e+00 0.000000e+00 0.000000e+00 0.000000e+00 0.000000e+00 0.000000e+00 0.000000e+00 0.000000e+00 0.000000e+00 0.000000e+00 0.000000e+00 1.019378e-03 0.000000e+00 2.192345e-06 0.000000e+00 0.000000e+00 0.000000e+00 1.048877e-04 0.000000e+00 0.000000e+00 0.000000e+00 5.599236e-03 0.000000e+00 1.906818e-01 6.202193e-01
8.419087e-02 1.090786e-03 0.000000e+00 0.000000e+00 0.000000e+00 0.000000e+00 7.303689e-04 1.274852e-05 0.000000e+00 0.000000e+00 1.215668e-05 0.000000e+00 0.000000e+00 0.000000e+00 0.000000e+00 0.000000e+00 0.000000e+00 0.000000e+00 8.519044e-05 0.000000e+00 2.192345e-06 0.000000e+00 0.000000e+00 0.000000e+00 0.000000e+00 0.000000e+00 0.000000e+00 0.000000e+00 0.000000e+00 0.000000e+00 8.419087e-02 6.702402e-01
8.419087e-02 1.090786e-03 0.000000e+00 0.000000e+00 0.000000e+00 0.000000e+00 7.303689e-04 1.274852e-05 0.000000e+00 0.000000e+00 1.215668e-05 0.000000e+00 0.000000e+00 0.000000e+00 0.000000e+00 0.000000e+00 0.000000e+00 0.000000e+00 8.519044e-05 0.000000e+00 2.192345e-06 0.000000e+00 0.000000e+00 0.000000e+00 0.000000e+00 0.000000e+00 0.000000e+00 0.000000e+00 0.000000e+00 0.000000e+00 8.419087e-02 6.702402e-01
8.419087e-02 1.090786e-03 0.000000e+00 0.000000e+00 0.000000e+00 0.000000e+00 7.303689e-04 1.274852e-05 0.000000e+00 0.000000e+00 1.215668e-05 0.000000e+00 0.000000e+00 0.000000e+00 0.000000e+00 0.000000e+00 0.000000e+00 0.000000e+00 8.519044e-05 0.000000e+00 2.192345e-06 0.000000e+00 0.000000e+00 0.000000e+00 0.000000e+00 0.000000e+00 0.000000e+00 0.000000e+00 0.000000e+00 0.000000e+00 8.419087e-02 6.702402e-01
8.419087e-02 1.090786e-03 0.000000e+00 0.000000e+00 0.000000e+00 0.000000e+00 7.303689e-04 1.274852e-05 0.000000e+00 0.000000e+00 1.215668e-05 0.000000e+00 0.000000e+00 0.000000e+00 0.000000e+00 0.000000e+00 0.000000e+00 0.000000e+00 8.519044e-05 0.000000e+00 2.192345e-06 0.000000e+00 0.000000e+00 0.000000e+00 0.000000e+00 0.000000e+00 0.000000e+00 0.000000e+00 0.000000e+00 0.000000e+00 8.419087e-02 6.702402e-01
8.419087e-02 1.090786e-03 0.000000e+00 0.000000e+00 0.000000e+00 0.000000e+00 7.303689e-04 1.274852e-05 0.000000e+00 0.000000e+00 1.215668e-05 0.000000e+00 0.000000e+00 0.000000e+00 0.000000e+00 0.000000e+00 0.000000e+00 0.000000e+00 8.519044e-05 0.000000e+00 2.192345e-06 0.000000e+00 0.000000e+00 0.000000e+00 0.000000e+00 0.000000e+00 0.000000e+00 0.000000e+00 0.000000e+00 0.000000e+00 8.419087e-02 6.702402e-01
8.419087e-02 1.090786e-03 0.000000e+00 0.000000e+00 0.000000e+00 0.000000e+00 7.303689e-04 1.274852e-05 0.000000e+00 0.000000e+00 1.215668e-05 0.000000e+00 0.000000e+00 0.000000e+00 0.000000e+00 0.000000e+00 0.000000e+00 0.000000e+00 8.519044e-05 0.000000e+00 2.192345e-06 0.000000e+00 0.000000e+00 0.000000e+00 0.000000e+00 0.000000e+00 0.000000e+00 0.000000e+00 0.000000e+00 0.000000e+00 8.419087e-02 6.702402e-01
7.513816e-02 7.295504e-04 0.000000e+00 0.000000e+00 9.226354e-04 0.000000e+00 6.525484e-04 0.000000e+00 0.000000e+00 2.065521e-03 0.000000e+00 4.853448e-04 0.000000e+00 0.000000e+00 0.000000e+00 0.000000e+00 3.475434e-08 0.000000e+00 0.000000e+00 1.183058e-03 1.250322e-06 0.000000e+00 0.000000e+00 0.000000e+00 1.311856e-03 0.000000e+00 0.000000e+00 0.000000e+00 6.801893e-05 0.000000e+00 7.513816e-02 6.749743e-01
6.169977e-02 3.966883e-04 0.000000e+00 0.000000e+00 0.000000e+00 0.000000e+00 0.000000e+00 2.337228e-05 0.000000e+00 1.757951e-03 3.315457e-05 0.000000e+00 0.000000e+00 0.000000e+00 0.000000e+00 0.000000e+00 0.000000e+00 0.000000e+00 0.000000e+00 9.201565e-04 2.740431e-06 0.000000e+00 0.000000e+00 0.000000e+00 0.000000e+00 0.000000e+00 0.000000e+00 0.000000e+00 5.220837e-03 0.000000e+00 6.169977e-02 6.962980e-01
4.687057e-02 0.000000e+00 2.293789e-03 0.000000e+00 0.000000e+00 0.000000e+00 4.722617e-04 1.274852e-05 0.000000e+00 1.140042e-03 1.602471e-05 0.000000e+00 0.000000e+00 0.000000e+00 0.000000e+00 0.000000e+00 0.000000e+00 0.000000e+00 1.045763e-04 2.629019e-04 4.196285e-06 0.000000e+00 0.000000e+00 0.000000e+00 1.048877e-04 0.000000e+00 3.768235e-04 0.000000e+00 0.000000e+00 0.000000e+00 4.687057e-02 7.381848e-01
2.949934e-02 3.603223e-04 0.000000e+00 0.000000e+00 2.818081e-04 0.000000e+00 0.000000e+00 9.713155e-06 0.000000e+00 0.000000e+00 3.315457e-05 1.294253e-03 0.000000e+00 0.000000e+00 0.000000e+00 0.000000e+00 2.316956e-08 0.000000e+00 0.000000e+00 1.388729e-03 1.019835e-03 0.000000e+00 0.000000e+00 0.000000e+00 0.000000e+00 0.000000e+00 0.000000e+00 0.000000e+00 5.220837e-03 0.000000e+00 2.949934e-02 8.073826e-01
1.573871e-02 6.712243e-04 0.000000e+00 0.000000e+00 2.818081e-04 0.000000e+00 0.000000e+00 0.000000e+00 0.000000e+00 1.699213e-03 3.315457e-05 2.426724e-04 0.000000e+00 0.000000e+00 0.000000e+00 0.000000e+00 0.000000e+00 0.000000e+00 0.000000e+00 2.177434e-03 1.832663e-06 0.000000e+00 0.000000e+00 0.000000e+00 0.000000e+00 0.000000e+00 1.636789e-04 0.000000e+00 6.801893e-05 0.000000e+00 1.573871e-02 8.686303e-01
0.000000e+00 1.501182e-03 0.000000e+00 0.000000e+00 0.000000e+00 0.000000e+00 7.519857e-04 0.000000e+00 0.000000e+00 0.000000e+00 1.823501e-05 0.000000e+00 0.000000e+00 0.000000e+00 0.000000e+00 0.000000e+00 0.000000e+00 0.000000e+00 0.000000e+00 0.000000e+00 2.192345e-06 0.000000e+00 0.000000e+00 0.000000e+00 0.000000e+00 0.000000e+00 1.636789e-04 0.000000e+00 0.000000e+00 0.000000e+00 0.000000e+00 1.000756e+00
