8.500270e-01 4.103976e-02 1.950732e-02 2.502114e-02 2.355406e-02 3.437545e-03 0.000000e+00 5.123815e-02 4.821319e-04 6.968856e-02 3.616350e-02 4.030613e-02 2.013128e-02 0.000000e+00 2.186642e-02 1.311903e-01 1.636529e-01 4.092822e-03 1.518607e-03 0.000000e+00 4.999438e-03 6.836286e-03 1.172530e-01 3.963591e-04 8.416013e-03 4.665179e-02 0.000000e+00 0.000000e+00 3.204778e-03 9.992015e-03 8.500270e-01 -6.225807e-01
8.500270e-01 4.103976e-02 8.714670e-02 6.987835e-02 2.355406e-02 3.437545e-03 1.187936e-03 5.123815e-02 3.096948e-02 6.968856e-02 3.616350e-02 0.000000e+00 2.013128e-02 1.328289e-04 2.186642e-02 1.311903e-01 1.636529e-01 2.046411e-03 0.000000e+00 0.000000e+00 4.999438e-03 5.142232e-03 9.639982e-02 0.000000e+00 1.040928e-02 2.101899e-02 0.000000e+00 0.000000e+00 3.204778e-03 1.231437e-02 8.500270e-01 -6.122713e-01
8.500270e-01 4.103976e-02 5.393056e-02 6.987835e-02 2.355406e-02 3.428496e-02 1.187936e-03 5.123815e-02 4.621316e-02 6.968856e-02 3.616350e-02 0.000000e+00 2.013128e-02 1.992434e-04 2.194492e-02 1.311903e-01 1.636529e-01 2.077417e-03 0.000000e+00 0.000000e+00 5.687487e-03 4.295204e-03 9.639982e-02 0.000000e+00 1.074149e-02 1.848152e-02 0.000000e+00 3.272557e-03 3.204778e-03 1.231437e-02 8.500270e-01 -6.097018e-01
8.460563e-01 6.078040e-02 6.423933e-02 8.135802e-02 2.412649e-02 6.681575e-02 0.000000e+00 2.756211e-02 4.615204e-02 6.791858e-02 0.000000e+00 0.000000e+00 2.735893e-02 1.755330e-02 2.072461e-02 1.405415e-01 1.636529e-01 1.472796e-03 0.000000e+00 0.000000e+00 4.769631e-03 1.341871e-03 6.512001e-02 0.000000e+00 1.281036e-02 1.467532e-02 0.000000e+00 0.000000e+00 0.000000e+00 1.347555e-02 8.460563e-01 -5.964922e-01
8.404537e-01 5.091008e-02 0.000000e+00 5.370711e-02 2.355406e-02 0.000000e+00 0.000000e+00 5.123815e-02 3.109173e-02 6.836108e-02 3.616350e-02 1.041861e-02 2.013128e-02 0.000000e+00 2.564511e-02 1.124879e-01 1.636529e-01 3.255654e-03 2.277910e-03 0.000000e+00 7.523201e-03 2.927232e-03 8.075992e-02 5.945386e-04 9.661805e-03 2.863141e-02 0.000000e+00 0.000000e+00 3.204778e-03 9.992015e-03 8.404537e-01 -5.796257e-01
8.404537e-01 5.091008e-02 0.000000e+00 5.370711e-02 2.355406e-02 0.000000e+00 5.947974e-02 5.123815e-02 3.109173e-02 6.836108e-02 3.616350e-02 0.000000e+00 2.013128e-02 6.641447e-05 2.564511e-02 1.124879e-01 1.636529e-01 3.255654e-03 1.518607e-03 0.000000e+00 7.523201e-03 2.927232e-03 7.033331e-02 3.963591e-04 9.661805e-03 2.863141e-02 0.000000e+00 0.000000e+00 3.204778e-03 9.992015e-03 8.404537e-01 -5.727090e-01
8.404537e-01 5.091008e-02 0.000000e+00 5.370711e-02 2.355406e-02 0.000000e+00 5.947974e-02 5.123815e-02 3.109173e-02 6.836108e-02 3.616350e-02 0.000000e+00 2.013128e-02 6.641447e-05 2.564511e-02 1.124879e-01 1.636529e-01 3.255654e-03 1.518607e-03 0.000000e+00 7.523201e-03 2.927232e-03 7.033331e-02 3.963591e-04 9.661805e-03 2.863141e-02 0.000000e+00 0.000000e+00 3.204778e-03 9.992015e-03 8.404537e-01 -5.727090e-01
8.404537e-01 5.091008e-02 0.000000e+00 5.370711e-02 2.355406e-02 0.000000e+00 5.947974e-02 5.123815e-02 3.109173e-02 6.836108e-02 3.616350e-02 0.000000e+00 2.013128e-02 6.641447e-05 2.564511e-02 1.124879e-01 1.636529e-01 3.255654e-03 1.518607e-03 0.000000e+00 7.523201e-03 2.927232e-03 7.033331e-02 3.963591e-04 9.661805e-03 2.863141e-02 0.000000e+00 0.000000e+00 3.204778e-03 9.992015e-03 8.404537e-01 -5.727090e-01
8.404537e-01 5.091008e-02 0.000000e+00 5.370711e-02 2.355406e-02 0.000000e+00 5.947974e-02 5.123815e-02 3.109173e-02 6.836108e-02 3.616350e-02 0.000000e+00 2.013128e-02 6.641447e-05 2.564511e-02 1.124879e-01 1.636529e-01 3.255654e-03 1.518607e-03 0.000000e+00 7.523201e-03 2.927232e-03 7.033331e-02 3.963591e-04 9.661805e-03 2.863141e-02 0.000000e+00 0.000000e+00 3.204778e-03 9.992015e-03 8.404537e-01 -5.727090e-01
8.341440e-01 6.078040e-02 3.974198e-03 5.083720e-02 2.412649e-02 8.279515e-03 3.563809e-03 8.864790e-04 4.645765e-02 6.791858e-02 0.000000e+00 0.000000e+00 2.735893e-02 1.755330e-02 2.442479e-02 1.113995e-01 1.636529e-01 3.689741e-03 5.076903e-03 0.000000e+00 9.052505e-03 1.341871e-03 4.129060e-02 1.981795e-04 2.848307e-02 2.482520e-02 0.000000e+00 0.000000e+00 3.204778e-03 1.115319e-02 8.341440e-01 -5.159809e-01
8.341440e-01 6.078040e-02 3.974198e-03 5.083720e-02 2.412649e-02 8.279515e-03 3.563809e-03 8.864790e-04 4.645765e-02 6.791858e-02 0.000000e+00 0.000000e+00 2.735893e-02 1.755330e-02 2.442479e-02 1.113995e-01 1.636529e-01 3.689741e-03 5.076903e-03 0.000000e+00 9.052505e-03 1.341871e-03 4.129060e-02 1.981795e-04 2.848307e-02 2.482520e-02 0.000000e+00 0.000000e+00 3.204778e-03 1.115319e-02 8.341440e-01 -5.159809e-01
8.341440e-01 6.078040e-02 3.974198e-03 5.083720e-02 2.412649e-02 8.279515e-03 3.563809e-03 8.864790e-04 4.645765e-02 6.791858e-02 0.000000e+00 0.000000e+00 2.735893e-02 1.755330e-02 2.442479e-02 1.113995e-01 1.636529e-01 3.689741e-03 5.076903e-03 0.000000e+00 9.052505e-03 1.341871e-03 4.129060e-02 1.981795e-04 2.848307e-02 2.482520e-02 0.000000e+00 0.000000e+00 3.204778e-03 1.115319e-02 8.341440e-01 -5.159809e-01
8.325122e-01 6.324798e-02 4.967747e-03 4.796728e-02 2.426959e-02 1.034939e-02 0.000000e+00 2.606231e-02 5.029913e-02 6.858232e-02 1.808175e-02 0.000000e+00 2.374511e-02 1.758651e-02 2.503495e-02 1.111275e-01 1.636529e-01 2.046411e-03 6.156303e-03 0.000000e+00 8.287853e-03 5.142232e-03 5.432386e-02 3.963591e-04 2.885681e-02 2.387365e-02 0.000000e+00 1.636278e-03 3.204778e-03 1.231437e-02 8.325122e-01 -4.809158e-01
8.325122e-01 3.525267e-02 6.091547e-03 1.383075e-02 2.464813e-02 7.108013e-02 1.353469e-02 0.000000e+00 5.029913e-02 6.858232e-02 1.808175e-02 7.352827e-02 0.000000e+00 1.758651e-02 2.503495e-02 1.111275e-01 1.636529e-01 1.760239e-03 0.000000e+00 0.000000e+00 3.158795e-03 0.000000e+00 5.432386e-02 3.963591e-04 2.299945e-02 2.387365e-02 0.000000e+00 8.211834e-02 0.000000e+00 1.231437e-02 8.325122e-01 -4.639433e-01
8.325122e-01 3.525267e-02 6.091547e-03 1.383075e-02 2.464813e-02 7.108013e-02 1.353469e-02 0.000000e+00 5.029913e-02 6.858232e-02 1.808175e-02 7.352827e-02 0.000000e+00 1.758651e-02 2.503495e-02 1.111275e-01 1.636529e-01 1.760239e-03 0.000000e+00 0.000000e+00 3.158795e-03 0.000000e+00 5.432386e-02 3.963591e-04 2.299945e-02 2.387365e-02 0.000000e+00 8.211834e-02 0.000000e+00 1.231437e-02 8.325122e-01 -4.639433e-01
8.309076e-01 2.131030e-02 3.467525e-03 1.239579e-02 2.510822e-02 5.589745e-02 1.175278e-02 1.401951e-02 8.866576e-03 1.238262e-02 0.000000e+00 9.101717e-02 1.536136e-02 1.946073e-01 1.844280e-02 5.733705e-02 9.661848e-02 4.614600e-03 4.833385e-04 0.000000e+00 6.470337e-03 2.998257e-02 8.236944e-02 0.000000e+00 7.595445e-03 3.137620e-02 1.774212e-04 8.293648e-02 0.000000e+00 4.428830e-03 8.309076e-01 -4.396059e-01
8.309076e-01 2.131030e-02 3.467525e-03 1.239579e-02 2.510822e-02 5.589745e-02 1.175278e-02 1.401951e-02 8.866576e-03 1.238262e-02 0.000000e+00 9.101717e-02 1.536136e-02 1.946073e-01 1.844280e-02 5.733705e-02 9.661848e-02 4.614600e-03 4.833385e-04 0.000000e+00 6.470337e-03 2.998257e-02 8.236944e-02 0.000000e+00 7.595445e-03 3.137620e-02 1.774212e-04 8.293648e-02 0.000000e+00 4.428830e-03 8.309076e-01 -4.396059e-01
8.309076e-01 2.131030e-02 3.467525e-03 1.239579e-02 2.510822e-02 5.589745e-02 1.175278e-02 1.401951e-02 8.866576e-03 1.238262e-02 0.000000e+00 9.101717e-02 1.536136e-02 1.946073e-01 1.844280e-02 5.733705e-02 9.661848e-02 4.614600e-03 4.833385e-04 0.000000e+00 6.470337e-03 2.998257e-02 8.236944e-02 0.000000e+00 7.595445e-03 3.137620e-02 1.774212e-04 8.293648e-02 0.000000e+00 4.428830e-03 8.309076e-01 -4.396059e-01
8.268689e-01 1.521755e-02 4.779536e-03 1.239579e-02 2.559909e-02 7.211507e-02 1.175278e-02 0.000000e+00 2.958285e-02 1.238262e-02 0.000000e+00 2.595688e-02 7.967136e-03 3.135543e-02 1.844280e-02 3.030580e-02 6.310126e-02 3.187419e-03 7.220568e-04 3.016611e-02 6.999646e-03 1.499129e-02 1.425121e-01 0.000000e+00 1.348663e-01 2.754468e-02 0.000000e+00 7.531638e-02 1.243426e-02 4.428830e-03 8.268689e-01 -3.830617e-01
8.268689e-01 1.187347e-01 4.779536e-03 1.239579e-02 2.510822e-02 5.589745e-02 1.175278e-02 1.401951e-02 8.866576e-03 1.238262e-02 0.000000e+00 9.101717e-02 7.967136e-03 1.946073e-01 1.844280e-02 3.030580e-02 6.310126e-02 3.187419e-03 4.833385e-04 0.000000e+00 6.999646e-03 5.148879e-02 8.236944e-02 0.000000e+00 7.595445e-03 2.754468e-02 1.774212e-04 7.531638e-02 0.000000e+00 4.428830e-03 8.268689e-01 -3.617970e-01
8.268689e-01 1.187347e-01 4.779536e-03 1.239579e-02 2.510822e-02 5.589745e-02 1.175278e-02 1.401951e-02 8.866576e-03 1.238262e-02 0.000000e+00 9.101717e-02 7.967136e-03 1.946073e-01 1.844280e-02 3.030580e-02 6.310126e-02 3.187419e-03 4.833385e-04 0.000000e+00 6.999646e-03 5.148879e-02 8.236944e-02 0.000000e+00 7.595445e-03 2.754468e-02 1.774212e-04 7.531638e-02 0.000000e+00 4.428830e-03 8.268689e-01 -3.617970e-01
8.268689e-01 1.187347e-01 4.779536e-03 1.239579e-02 2.510822e-02 5.589745e-02 1.175278e-02 1.401951e-02 8.866576e-03 1.238262e-02 0.000000e+00 9.101717e-02 7.967136e-03 1.946073e-01 1.844280e-02 3.030580e-02 6.310126e-02 3.187419e-03 4.833385e-04 0.000000e+00 6.999646e-03 5.148879e-02 8.236944e-02 0.000000e+00 7.595445e-03 2.754468e-02 1.774212e-04 7.531638e-02 0.000000e+00 4.428830e-03 8.268689e-01 -3.617970e-01
6.443685e-01 7.867649e-03 2.405284e-02 2.798229e-02 4.102899e-02 5.496289e-02 5.415390e-03 0.000000e+00 0.000000e+00 0.000000e+00 0.000000e+00 4.399872e-02 4.458527e-03 0.000000e+00 1.207089e-02 3.461908e-02 6.393343e-02 3.667392e-03 4.239215e-03 0.000000e+00 9.111107e-03 5.109933e-04 1.734284e-01 1.187244e-03 8.101199e-02 2.102065e-02 1.330659e-03 4.855085e-02 6.217128e-03 0.000000e+00 6.443685e-01 -3.084912e-01
6.443685e-01 7.867649e-03 2.405284e-02 2.798229e-02 4.102899e-02 5.496289e-02 5.415390e-03 0.000000e+00 0.000000e+00 0.000000e+00 0.000000e+00 4.399872e-02 4.458527e-03 0.000000e+00 1.207089e-02 3.461908e-02 6.393343e-02 3.667392e-03 4.239215e-03 0.000000e+00 9.111107e-03 5.109933e-04 1.734284e-01 1.187244e-03 8.101199e-02 2.102065e-02 1.330659e-03 4.855085e-02 6.217128e-03 0.000000e+00 6.443685e-01 -3.084912e-01
6.443685e-01 7.867649e-03 2.405284e-02 2.798229e-02 4.102899e-02 5.496289e-02 5.415390e-03 0.000000e+00 0.000000e+00 0.000000e+00 0.000000e+00 4.399872e-02 4.458527e-03 0.000000e+00 1.207089e-02 3.461908e-02 6.393343e-02 3.667392e-03 4.239215e-03 0.000000e+00 9.111107e-03 5.109933e-04 1.734284e-01 1.187244e-03 8.101199e-02 2.102065e-02 1.330659e-03 4.855085e-02 6.217128e-03 0.000000e+00 6.443685e-01 -3.084912e-01
6.443685e-01 7.867649e-03 2.405284e-02 2.798229e-02 4.102899e-02 5.496289e-02 5.415390e-03 0.000000e+00 0.000000e+00 0.000000e+00 0.000000e+00 4.399872e-02 4.458527e-03 0.000000e+00 1.207089e-02 3.461908e-02 6.393343e-02 3.667392e-03 4.239215e-03 0.000000e+00 9.111107e-03 5.109933e-04 1.734284e-01 1.187244e-03 8.101199e-02 2.102065e-02 1.330659e-03 4.855085e-02 6.217128e-03 0.000000e+00 6.443685e-01 -3.084912e-01
6.443685e-01 7.867649e-03 2.405284e-02 2.798229e-02 4.102899e-02 5.496289e-02 5.415390e-03 0.000000e+00 0.000000e+00 0.000000e+00 0.000000e+00 4.399872e-02 4.458527e-03 0.000000e+00 1.207089e-02 3.461908e-02 6.393343e-02 3.667392e-03 4.239215e-03 0.000000e+00 9.111107e-03 5.109933e-04 1.734284e-01 1.187244e-03 8.101199e-02 2.102065e-02 1.330659e-03 4.855085e-02 6.217128e-03 0.000000e+00 6.443685e-01 -3.084912e-01
6.443685e-01 7.867649e-03 6.588321e-03 2.798229e-02 2.433114e-02 5.496289e-02 1.414156e-02 0.000000e+00 0.000000e+00 0.000000e+00 0.000000e+00 4.399872e-02 4.458527e-03 0.000000e+00 1.207089e-02 2.488599e-02 6.393343e-02 0.000000e+00 3.936663e-03 0.000000e+00 9.111107e-03 5.109933e-04 3.090163e-01 0.000000e+00 1.411618e-02 7.048220e-02 0.000000e+00 6.743270e-02 6.217128e-03 0.000000e+00 6.443685e-01 -2.896343e-01
6.443685e-01 7.867649e-03 6.588321e-03 2.798229e-02 2.433114e-02 5.496289e-02 1.414156e-02 0.000000e+00 0.000000e+00 0.000000e+00 0.000000e+00 4.399872e-02 4.458527e-03 0.000000e+00 1.207089e-02 2.488599e-02 6.393343e-02 0.000000e+00 3.936663e-03 0.000000e+00 9.111107e-03 5.109933e-04 3.090163e-01 0.000000e+00 1.411618e-02 7.048220e-02 0.000000e+00 6.743270e-02 6.217128e-03 0.000000e+00 6.443685e-01 -2.896343e-01
6.418844e-01 3.874872e-02 0.000000e+00 2.798229e-02 1.598222e-02 4.744198e-02 0.000000e+00 0.000000e+00 0.000000e+00 0.000000e+00 0.000000e+00 7.040212e-02 4.458527e-03 0.000000e+00 1.237135e-02 2.488599e-02 8.170212e-02 0.000000e+00 3.936663e-03 0.000000e+00 7.745555e-03 5.109933e-04 3.155937e-01 0.000000e+00 0.000000e+00 9.244834e-02 0.000000e+00 7.573607e-02 3.108564e-03 0.000000e+00 6.418844e-01 -2.633904e-01
6.418844e-01 3.874872e-02 0.000000e+00 2.798229e-02 1.598222e-02 4.744198e-02 0.000000e+00 0.000000e+00 0.000000e+00 0.000000e+00 0.000000e+00 7.040212e-02 4.458527e-03 0.000000e+00 1.237135e-02 2.488599e-02 8.170212e-02 0.000000e+00 3.936663e-03 0.000000e+00 7.745555e-03 5.109933e-04 3.155937e-01 0.000000e+00 0.000000e+00 9.244834e-02 0.000000e+00 7.573607e-02 3.108564e-03 0.000000e+00 6.418844e-01 -2.633904e-01
6.332352e-01 2.277943e-02 8.996654e-03 1.354355e-02 2.025381e-02 5.621637e-02 1.123487e-02 0.000000e+00 2.837388e-02 0.000000e+00 0.000000e+00 4.218915e-02 2.232724e-02 0.000000e+00 1.267182e-02 0.000000e+00 8.489271e-02 0.000000e+00 3.377091e-03 0.000000e+00 7.062779e-03 0.000000e+00 2.213214e-01 3.163542e-03 1.561777e-03 4.334268e-03 0.000000e+00 6.743270e-02 5.032598e-03 0.000000e+00 6.332352e-01 -2.206488e-01
6.319932e-01 3.821997e-02 6.588321e-03 1.515040e-02 0.000000e+00 4.493502e-02 0.000000e+00 0.000000e+00 9.630851e-03 0.000000e+00 0.000000e+00 8.179425e-02 3.035844e-02 0.000000e+00 1.267182e-02 4.977198e-02 1.115457e-01 9.385742e-04 2.540315e-03 0.000000e+00 6.380004e-03 0.000000e+00 1.734284e-01 5.945386e-04 1.411618e-02 3.187895e-02 0.000000e+00 6.515758e-02 0.000000e+00 0.000000e+00 6.319932e-01 -1.942395e-01
6.308213e-01 6.810144e-03 1.799331e-02 1.515040e-02 0.000000e+00 6.499076e-02 2.246974e-02 0.000000e+00 9.630851e-03 0.000000e+00 0.000000e+00 8.179425e-02 3.035844e-02 0.000000e+00 1.267182e-02 0.000000e+00 8.808331e-02 4.380013e-03 0.000000e+00 0.000000e+00 6.380004e-03 0.000000e+00 2.213214e-01 5.945386e-04 5.159230e-03 2.464629e-02 0.000000e+00 6.515758e-02 5.032598e-03 0.000000e+00 6.308213e-01 -1.822260e-01
6.332352e-01 2.277943e-02 8.996654e-03 1.354355e-02 2.025381e-02 5.621637e-02 1.123487e-02 0.000000e+00 2.837388e-02 0.000000e+00 0.000000e+00 4.218915e-02 2.232724e-02 0.000000e+00 1.267182e-02 0.000000e+00 8.489271e-02 0.000000e+00 3.377091e-03 0.000000e+00 7.062779e-03 0.000000e+00 2.213214e-01 3.163542e-03 1.561777e-03 4.334268e-03 0.000000e+00 6.743270e-02 5.032598e-03 0.000000e+00 6.332352e-01 -2.206488e-01
6.245861e-01 0.000000e+00 1.647843e-02 1.354355e-02 0.000000e+00 6.499076e-02 2.537642e-02 1.378177e-03 5.960352e-03 7.372505e-03 0.000000e+00 1.393881e-03 8.242776e-03 0.000000e+00 3.862678e-02 0.000000e+00 6.911581e-02 5.189608e-03 8.671718e-04 6.510672e-03 3.200686e-02 6.387416e-05 7.341606e-03 4.745312e-03 6.637552e-03 4.334268e-03 7.548022e-02 3.413757e-02 0.000000e+00 6.354770e-03 6.245861e-01 -1.426096e-01
6.245861e-01 0.000000e+00 1.647843e-02 1.354355e-02 0.000000e+00 6.499076e-02 2.537642e-02 1.378177e-03 5.960352e-03 7.372505e-03 0.000000e+00 1.393881e-03 8.242776e-03 0.000000e+00 3.862678e-02 0.000000e+00 6.911581e-02 5.189608e-03 8.671718e-04 6.510672e-03 3.200686e-02 6.387416e-05 7.341606e-03 4.745312e-03 6.637552e-03 4.334268e-03 7.548022e-02 3.413757e-02 0.000000e+00 6.354770e-03 6.245861e-01 -1.426096e-01
6.245861e-01 0.000000e+00 1.647843e-02 1.354355e-02 0.000000e+00 6.499076e-02 2.537642e-02 1.378177e-03 5.960352e-03 7.372505e-03 0.000000e+00 1.393881e-03 8.242776e-03 0.000000e+00 3.862678e-02 0.000000e+00 6.911581e-02 5.189608e-03 8.671718e-04 6.510672e-03 3.200686e-02 6.387416e-05 7.341606e-03 4.745312e-03 6.637552e-03 4.334268e-03 7.548022e-02 3.413757e-02 0.000000e+00 6.354770e-03 6.245861e-01 -1.426096e-01
6.245861e-01 0.000000e+00 1.647843e-02 1.354355e-02 0.000000e+00 6.499076e-02 2.537642e-02 1.378177e-03 5.960352e-03 7.372505e-03 0.000000e+00 1.393881e-03 8.242776e-03 0.000000e+00 3.862678e-02 0.000000e+00 6.911581e-02 5.189608e-03 8.671718e-04 6.510672e-03 3.200686e-02 6.387416e-05 7.341606e-03 4.745312e-03 6.637552e-03 4.334268e-03 7.548022e-02 3.413757e-02 0.000000e+00 6.354770e-03 6.245861e-01 -1.426096e-01
4.533873e-01 0.000000e+00 2.889390e-02 2.782486e-02 0.000000e+00 1.471229e-02 4.242467e-02 2.756355e-03 5.960352e-03 7.372505e-03 0.000000e+00 1.393881e-03 9.209329e-03 0.000000e+00 3.862678e-02 0.000000e+00 2.634215e-02 1.359678e-03 8.671718e-04 5.696838e-03 3.200686e-02 6.387416e-05 7.341606e-03 4.745312e-03 6.637552e-03 0.000000e+00 7.548022e-02 3.413757e-02 0.000000e+00 1.270954e-02 4.533873e-01 -4.344099e-02
4.533873e-01 0.000000e+00 2.889390e-02 2.782486e-02 0.000000e+00 1.471229e-02 4.242467e-02 2.756355e-03 5.960352e-03 7.372505e-03 0.000000e+00 1.393881e-03 9.209329e-03 0.000000e+00 3.862678e-02 0.000000e+00 2.634215e-02 1.359678e-03 8.671718e-04 5.696838e-03 3.200686e-02 6.387416e-05 7.341606e-03 4.745312e-03 6.637552e-03 0.000000e+00 7.548022e-02 3.413757e-02 0.000000e+00 1.270954e-02 4.533873e-01 -4.344099e-02
4.533873e-01 0.000000e+00 2.982286e-02 2.803775e-02 5.941316e-03 1.471229e-02 4.242467e-02 0.000000e+00 1.740623e-02 7.372505e-03 4.694797e-02 1.393881e-03 5.918860e-03 0.000000e+00 5.121030e-02 0.000000e+00 1.317108e-02 1.359678e-03 8.671718e-04 0.000000e+00 1.293785e-02 6.387416e-05 0.000000e+00 4.745312e-03 4.880553e-03 0.000000e+00 3.806936e-02 1.706878e-02 0.000000e+00 0.000000e+00 4.533873e-01 -5.236123e-02
4.533873e-01 0.000000e+00 2.982286e-02 2.803775e-02 5.941316e-03 1.471229e-02 4.242467e-02 0.000000e+00 1.740623e-02 7.372505e-03 4.694797e-02 1.393881e-03 5.918860e-03 0.000000e+00 5.121030e-02 0.000000e+00 1.317108e-02 1.359678e-03 8.671718e-04 0.000000e+00 1.293785e-02 6.387416e-05 0.000000e+00 4.745312e-03 4.880553e-03 0.000000e+00 3.806936e-02 1.706878e-02 0.000000e+00 0.000000e+00 4.533873e-01 -5.236123e-02
4.533873e-01 0.000000e+00 2.982286e-02 2.803775e-02 5.941316e-03 1.471229e-02 4.242467e-02 0.000000e+00 1.740623e-02 7.372505e-03 4.694797e-02 1.393881e-03 5.918860e-03 0.000000e+00 5.121030e-02 0.000000e+00 1.317108e-02 1.359678e-03 8.671718e-04 0.000000e+00 1.293785e-02 6.387416e-05 0.000000e+00 4.745312e-03 4.880553e-03 0.000000e+00 3.806936e-02 1.706878e-02 0.000000e+00 0.000000e+00 4.533873e-01 -5.236123e-02
4.533873e-01 0.000000e+00 2.982286e-02 2.803775e-02 5.941316e-03 1.471229e-02 4.242467e-02 0.000000e+00 1.740623e-02 7.372505e-03 4.694797e-02 1.393881e-03 5.918860e-03 0.000000e+00 5.121030e-02 0.000000e+00 1.317108e-02 1.359678e-03 8.671718e-04 0.000000e+00 1.293785e-02 6.387416e-05 0.000000e+00 4.745312e-03 4.880553e-03 0.000000e+00 3.806936e-02 1.706878e-02 0.000000e+00 0.000000e+00 4.533873e-01 -5.236123e-02
4.533873e-01 0.000000e+00 2.982286e-02 2.803775e-02 5.941316e-03 1.471229e-02 4.242467e-02 0.000000e+00 1.740623e-02 7.372505e-03 4.694797e-02 1.393881e-03 5.918860e-03 0.000000e+00 5.121030e-02 0.000000e+00 1.317108e-02 1.359678e-03 8.671718e-04 0.000000e+00 1.293785e-02 6.387416e-05 0.000000e+00 4.745312e-03 4.880553e-03 0.000000e+00 3.806936e-02 1.706878e-02 0.000000e+00 0.000000e+00 4.533873e-01 -5.236123e-02
4.403785e-01 0.000000e+00 2.982286e-02 2.803775e-02 5.941316e-03 0.000000e+00 2.262254e-02 0.000000e+00 1.740623e-02 3.686253e-03 4.694797e-02 6.969406e-04 5.918860e-03 3.211755e-02 2.213434e-02 0.000000e+00 1.317108e-02 2.906885e-03 4.335859e-04 0.000000e+00 1.293785e-02 0.000000e+00 3.670803e-03 2.372656e-03 4.880553e-03 0.000000e+00 3.806936e-02 1.706878e-02 0.000000e+00 0.000000e+00 4.403785e-01 -1.882677e-02
4.403785e-01 0.000000e+00 2.982286e-02 2.803775e-02 5.941316e-03 0.000000e+00 2.262254e-02 0.000000e+00 1.740623e-02 3.686253e-03 4.694797e-02 6.969406e-04 5.918860e-03 3.211755e-02 2.213434e-02 0.000000e+00 1.317108e-02 2.906885e-03 4.335859e-04 0.000000e+00 1.293785e-02 0.000000e+00 3.670803e-03 2.372656e-03 4.880553e-03 0.000000e+00 3.806936e-02 1.706878e-02 0.000000e+00 0.000000e+00 4.403785e-01 -1.882677e-02
4.403785e-01 0.000000e+00 2.982286e-02 2.803775e-02 5.941316e-03 0.000000e+00 2.262254e-02 0.000000e+00 1.740623e-02 3.686253e-03 4.694797e-02 6.969406e-04 5.918860e-03 3.211755e-02 2.213434e-02 0.000000e+00 1.317108e-02 2.906885e-03 4.335859e-04 0.000000e+00 1.293785e-02 0.000000e+00 3.670803e-03 2.372656e-03 4.880553e-03 0.000000e+00 3.806936e-02 1.706878e-02 0.000000e+00 0.000000e+00 4.403785e-01 -1.882677e-02
4.267935e-01 0.000000e+00 2.042914e-02 1.883375e-02 0.000000e+00 0.000000e+00 0.000000e+00 3.628928e-04 2.755549e-02 2.764690e-03 1.056329e-01 0.000000e+00 2.088821e-03 0.000000e+00 5.641909e-03 6.529621e-02 0.000000e+00 2.969394e-03 0.000000e+00 2.546125e-02 3.467991e-02 0.000000e+00 0.000000e+00 0.000000e+00 0.000000e+00 0.000000e+00 4.389960e-04 0.000000e+00 0.000000e+00 2.437059e-05 4.267935e-01 9.436890e-02
4.248422e-01 0.000000e+00 1.584039e-02 1.423176e-02 0.000000e+00 0.000000e+00 8.703374e-03 1.003052e-03 3.725092e-02 1.843126e-03 7.042195e-02 0.000000e+00 4.273625e-03 1.605878e-02 0.000000e+00 4.353080e-02 0.000000e+00 4.454091e-03 4.164116e-04 1.697417e-02 4.555095e-02 0.000000e+00 1.835401e-03 0.000000e+00 0.000000e+00 0.000000e+00 0.000000e+00 0.000000e+00 0.000000e+00 2.308793e-05 4.248422e-01 1.089665e-01
4.248422e-01 0.000000e+00 1.584039e-02 1.423176e-02 0.000000e+00 0.000000e+00 8.703374e-03 1.003052e-03 3.725092e-02 1.843126e-03 7.042195e-02 0.000000e+00 4.273625e-03 1.605878e-02 0.000000e+00 4.353080e-02 0.000000e+00 4.454091e-03 4.164116e-04 1.697417e-02 4.555095e-02 0.000000e+00 1.835401e-03 0.000000e+00 0.000000e+00 0.000000e+00 0.000000e+00 0.000000e+00 0.000000e+00 2.308793e-05 4.248422e-01 1.089665e-01
4.209395e-01 1.280313e-03 6.662894e-03 1.044872e-02 0.000000e+00 3.180703e-03 3.939748e-02 2.283371e-03 5.664178e-02 0.000000e+00 0.000000e+00 2.533649e-02 8.643234e-03 0.000000e+00 1.150145e-02 0.000000e+00 6.264372e-03 4.449537e-03 1.642748e-03 0.000000e+00 3.188339e-02 3.193708e-05 1.850526e-01 0.000000e+00 4.685331e-03 0.000000e+00 1.552566e-02 2.405280e-02 0.000000e+00 2.052260e-05 4.209395e-01 1.872892e-01
4.209395e-01 2.720666e-03 0.000000e+00 6.424576e-03 0.000000e+00 3.384970e-03 3.677068e-02 4.016286e-03 5.664178e-02 1.105876e-02 0.000000e+00 1.778038e-02 1.252895e-02 0.000000e+00 1.150145e-02 0.000000e+00 6.264372e-03 0.000000e+00 2.247328e-03 0.000000e+00 4.135616e-02 9.581124e-05 1.850526e-01 0.000000e+00 4.685331e-03 0.000000e+00 5.299139e-02 5.411881e-02 0.000000e+00 9.544981e-03 4.209395e-01 2.046452e-01
4.209395e-01 2.720666e-03 0.000000e+00 6.424576e-03 0.000000e+00 3.384970e-03 3.677068e-02 4.016286e-03 5.664178e-02 1.105876e-02 0.000000e+00 1.778038e-02 1.252895e-02 0.000000e+00 1.150145e-02 0.000000e+00 6.264372e-03 0.000000e+00 2.247328e-03 0.000000e+00 4.135616e-02 9.581124e-05 1.850526e-01 0.000000e+00 4.685331e-03 0.000000e+00 5.299139e-02 5.411881e-02 0.000000e+00 9.544981e-03 4.209395e-01 2.046452e-01
2.574904e-01 2.023818e-03 2.050121e-02 1.883375e-02 0.000000e+00 2.566030e-02 1.334310e-02 1.337403e-03 3.063602e-02 1.456250e-03 6.150248e-02 6.334122e-03 6.237296e-03 0.000000e+00 5.641909e-03 0.000000e+00 4.282691e-03 2.969394e-03 4.106869e-04 1.131611e-02 3.467991e-02 0.000000e+00 0.000000e+00 0.000000e+00 0.000000e+00 0.000000e+00 4.389960e-04 0.000000e+00 0.000000e+00 1.539195e-05 2.574904e-01 2.998819e-01
2.574904e-01 2.023818e-03 2.050121e-02 1.883375e-02 0.000000e+00 2.566030e-02 1.334310e-02 1.337403e-03 3.063602e-02 1.456250e-03 6.150248e-02 6.334122e-03 6.237296e-03 0.000000e+00 5.641909e-03 0.000000e+00 4.282691e-03 2.969394e-03 4.106869e-04 1.131611e-02 3.467991e-02 0.000000e+00 0.000000e+00 0.000000e+00 0.000000e+00 0.000000e+00 4.389960e-04 0.000000e+00 0.000000e+00 1.539195e-05 2.574904e-01 2.998819e-01
2.574904e-01 2.023818e-03 2.050121e-02 1.883375e-02 0.000000e+00 2.566030e-02 1.334310e-02 1.337403e-03 3.063602e-02 1.456250e-03 6.150248e-02 6.334122e-03 6.237296e-03 0.000000e+00 5.641909e-03 0.000000e+00 4.282691e-03 2.969394e-03 4.106869e-04 1.131611e-02 3.467991e-02 0.000000e+00 0.000000e+00 0.000000e+00 0.000000e+00 0.000000e+00 4.389960e-04 0.000000e+00 0.000000e+00 1.539195e-05 2.574904e-01 2.998819e-01
2.574904e-01 2.023818e-03 2.050121e-02 1.883375e-02 0.000000e+00 2.566030e-02 1.334310e-02 1.337403e-03 3.063602e-02 1.456250e-03 6.150248e-02 6.334122e-03 6.237296e-03 0.000000e+00 5.641909e-03 0.000000e+00 4.282691e-03 2.969394e-03 4.106869e-04 1.131611e-02 3.467991e-02 0.000000e+00 0.000000e+00 0.000000e+00 0.000000e+00 0.000000e+00 4.389960e-04 0.000000e+00 0.000000e+00 1.539195e-05 2.574904e-01 2.998819e-01
2.574904e-01 2.023818e-03 2.050121e-02 1.883375e-02 0.000000e+00 2.566030e-02 1.334310e-02 1.337403e-03 3.063602e-02 1.456250e-03 6.150248e-02 6.334122e-03 6.237296e-03 0.000000e+00 5.641909e-03 0.000000e+00 4.282691e-03 2.969394e-03 4.106869e-04 1.131611e-02 3.467991e-02 0.000000e+00 0.000000e+00 0.000000e+00 0.000000e+00 0.000000e+00 4.389960e-04 0.000000e+00 0.000000e+00 1.539195e-05 2.574904e-01 2.998819e-01
2.574904e-01 2.023818e-03 2.050121e-02 1.883375e-02 0.000000e+00 2.566030e-02 1.334310e-02 1.337403e-03 3.063602e-02 1.456250e-03 6.150248e-02 6.334122e-03 6.237296e-03 0.000000e+00 5.641909e-03 0.000000e+00 4.282691e-03 2.969394e-03 4.106869e-04 1.131611e-02 3.467991e-02 0.000000e+00 0.000000e+00 0.000000e+00 0.000000e+00 0.000000e+00 4.389960e-04 0.000000e+00 0.000000e+00 1.539195e-05 2.574904e-01 2.998819e-01
2.574904e-01 2.023818e-03 2.050121e-02 1.883375e-02 0.000000e+00 2.566030e-02 1.334310e-02 1.337403e-03 3.063602e-02 1.456250e-03 6.150248e-02 6.334122e-03 6.237296e-03 0.000000e+00 5.641909e-03 0.000000e+00 4.282691e-03 2.969394e-03 4.106869e-04 1.131611e-02 3.467991e-02 0.000000e+00 0.000000e+00 0.000000e+00 0.000000e+00 0.000000e+00 4.389960e-04 0.000000e+00 0.000000e+00 1.539195e-05 2.574904e-01 2.998819e-01
2.469393e-01 2.023818e-03 1.820568e-02 1.883375e-02 0.000000e+00 1.798528e-02 1.334310e-02 1.337403e-03 3.063602e-02 3.410963e-03 4.694797e-02 9.762510e-03 0.000000e+00 0.000000e+00 5.641909e-03 0.000000e+00 5.074395e-03 2.474495e-03 4.106869e-04 1.131611e-02 3.467991e-02 0.000000e+00 0.000000e+00 2.256686e-03 1.007414e-02 0.000000e+00 4.389960e-04 0.000000e+00 0.000000e+00 1.539195e-05 2.469393e-01 3.123696e-01
2.410761e-01 1.471868e-03 2.250793e-02 1.883375e-02 7.228008e-03 2.989416e-02 1.130798e-02 1.337403e-03 5.370687e-02 0.000000e+00 6.150248e-02 1.266824e-02 5.558512e-03 0.000000e+00 5.641909e-03 0.000000e+00 0.000000e+00 2.969394e-03 8.213738e-04 1.131611e-02 1.242778e-02 0.000000e+00 0.000000e+00 0.000000e+00 0.000000e+00 0.000000e+00 5.150597e-04 0.000000e+00 0.000000e+00 4.255326e-03 2.410761e-01 3.395454e-01
2.314180e-01 2.943735e-03 2.460146e-02 2.089744e-02 0.000000e+00 2.544563e-02 1.160504e-02 3.914350e-03 7.904247e-03 2.912499e-03 6.040768e-02 0.000000e+00 4.879727e-03 0.000000e+00 1.128382e-02 0.000000e+00 0.000000e+00 2.969394e-03 0.000000e+00 0.000000e+00 0.000000e+00 0.000000e+00 0.000000e+00 0.000000e+00 0.000000e+00 0.000000e+00 5.911234e-04 0.000000e+00 0.000000e+00 1.057931e-02 2.314180e-01 3.710562e-01
2.246619e-01 2.943735e-03 2.451465e-02 3.012305e-02 1.445602e-02 5.754381e-03 5.992875e-03 2.609566e-03 5.404594e-02 1.941666e-03 3.184605e-02 0.000000e+00 4.879727e-03 0.000000e+00 0.000000e+00 0.000000e+00 0.000000e+00 1.979596e-03 2.053434e-04 0.000000e+00 6.811970e-02 0.000000e+00 0.000000e+00 0.000000e+00 0.000000e+00 0.000000e+00 5.911234e-04 0.000000e+00 0.000000e+00 8.479867e-03 2.246619e-01 4.304258e-01
2.146878e-01 4.047636e-03 2.255134e-02 2.089744e-02 0.000000e+00 2.501628e-02 1.537821e-02 3.914350e-03 7.904247e-03 2.912499e-03 6.040768e-02 0.000000e+00 4.879727e-03 0.000000e+00 1.410477e-02 0.000000e+00 2.339072e-03 2.474495e-03 0.000000e+00 0.000000e+00 4.450427e-02 0.000000e+00 0.000000e+00 0.000000e+00 0.000000e+00 0.000000e+00 5.911234e-04 0.000000e+00 0.000000e+00 0.000000e+00 2.146878e-01 4.966618e-01
2.146878e-01 4.047636e-03 2.159138e-02 1.203180e-02 0.000000e+00 2.501628e-02 1.537821e-02 3.914350e-03 9.826551e-03 2.912499e-03 6.040768e-02 0.000000e+00 2.665912e-03 0.000000e+00 5.885603e-02 0.000000e+00 1.079713e-02 2.474495e-03 0.000000e+00 5.658055e-03 4.450427e-02 0.000000e+00 0.000000e+00 2.256686e-03 0.000000e+00 0.000000e+00 5.911234e-04 3.090470e-03 0.000000e+00 0.000000e+00 2.146878e-01 5.097086e-01
1.969637e-01 3.679669e-04 2.255134e-02 2.089744e-02 0.000000e+00 1.396609e-02 2.806083e-03 3.914350e-03 7.904247e-03 2.912499e-03 3.020384e-02 0.000000e+00 8.346991e-03 0.000000e+00 2.387346e-02 0.000000e+00 2.339072e-03 2.474495e-03 3.633477e-02 1.131611e-02 5.077974e-02 0.000000e+00 0.000000e+00 0.000000e+00 2.014828e-02 0.000000e+00 4.346495e-03 0.000000e+00 9.470059e-04 0.000000e+00 1.969637e-01 6.396553e-01
1.935856e-01 3.679669e-04 1.796026e-02 1.998832e-02 0.000000e+00 9.666236e-03 9.477632e-03 1.973485e-03 6.700498e-03 6.821927e-03 3.129864e-02 6.856776e-03 8.346991e-03 0.000000e+00 4.968793e-02 0.000000e+00 3.922480e-03 1.484697e-03 0.000000e+00 0.000000e+00 5.077974e-02 0.000000e+00 0.000000e+00 4.513372e-03 2.014828e-02 0.000000e+00 0.000000e+00 4.567385e-03 4.735030e-04 0.000000e+00 1.935856e-01 6.608315e-01
6.823452e-02 3.679669e-04 2.255134e-02 3.801959e-02 0.000000e+00 0.000000e+00 1.537821e-02 3.914350e-03 7.904247e-03 2.912499e-03 6.040768e-02 0.000000e+00 1.647735e-03 0.000000e+00 1.410477e-02 6.224109e-03 2.339072e-03 2.474495e-03 0.000000e+00 0.000000e+00 1.791937e-02 0.000000e+00 0.000000e+00 0.000000e+00 0.000000e+00 0.000000e+00 6.900061e-04 3.022150e-03 0.000000e+00 0.000000e+00 6.823452e-02 7.354923e-01
6.823452e-02 3.679669e-04 2.255134e-02 3.801959e-02 0.000000e+00 0.000000e+00 1.537821e-02 3.914350e-03 7.904247e-03 2.912499e-03 6.040768e-02 0.000000e+00 1.647735e-03 0.000000e+00 1.410477e-02 6.224109e-03 2.339072e-03 2.474495e-03 0.000000e+00 0.000000e+00 1.791937e-02 0.000000e+00 0.000000e+00 0.000000e+00 0.000000e+00 0.000000e+00 6.900061e-04 3.022150e-03 0.000000e+00 0.000000e+00 6.823452e-02 7.354923e-01
6.823452e-02 3.679669e-04 2.255134e-02 3.801959e-02 0.000000e+00 0.000000e+00 1.537821e-02 3.914350e-03 7.904247e-03 2.912499e-03 6.040768e-02 0.000000e+00 1.647735e-03 0.000000e+00 1.410477e-02 6.224109e-03 2.339072e-03 2.474495e-03 0.000000e+00 0.000000e+00 1.791937e-02 0.000000e+00 0.000000e+00 0.000000e+00 0.000000e+00 0.000000e+00 6.900061e-04 3.022150e-03 0.000000e+00 0.000000e+00 6.823452e-02 7.354923e-01
6.823452e-02 3.679669e-04 2.255134e-02 3.801959e-02 0.000000e+00 0.000000e+00 1.537821e-02 3.914350e-03 7.904247e-03 2.912499e-03 6.040768e-02 0.000000e+00 1.647735e-03 0.000000e+00 1.410477e-02 6.224109e-03 2.339072e-03 2.474495e-03 0.000000e+00 0.000000e+00 1.791937e-02 0.000000e+00 0.000000e+00 0.000000e+00 0.000000e+00 0.000000e+00 6.900061e-04 3.022150e-03 0.000000e+00 0.000000e+00 6.823452e-02 7.354923e-01
6.823452e-02 3.679669e-04 2.255134e-02 3.801959e-02 0.000000e+00 0.000000e+00 1.537821e-02 3.914350e-03 7.904247e-03 2.912499e-03 6.040768e-02 0.000000e+00 1.647735e-03 0.000000e+00 1.410477e-02 6.224109e-03 2.339072e-03 2.474495e-03 0.000000e+00 0.000000e+00 1.791937e-02 0.000000e+00 0.000000e+00 0.000000e+00 0.000000e+00 0.000000e+00 6.900061e-04 3.022150e-03 0.000000e+00 0.000000e+00 6.823452e-02 7.354923e-01
6.823452e-02 3.679669e-04 2.255134e-02 3.801959e-02 0.000000e+00 0.000000e+00 1.537821e-02 3.914350e-03 7.904247e-03 2.912499e-03 6.040768e-02 0.000000e+00 1.647735e-03 0.000000e+00 1.410477e-02 6.224109e-03 2.339072e-03 2.474495e-03 0.000000e+00 0.000000e+00 1.791937e-02 0.000000e+00 0.000000e+00 0.000000e+00 0.000000e+00 0.000000e+00 6.900061e-04 3.022150e-03 0.000000e+00 0.000000e+00 6.823452e-02 7.354923e-01
3.729350e-02 2.391785e-03 1.640097e-02 2.782486e-02 0.000000e+00 4.833118e-03 1.088067e-02 2.952072e-03 3.250565e-03 8.278176e-03 0.000000e+00 5.142582e-03 0.000000e+00 0.000000e+00 3.678069e-02 0.000000e+00 4.678144e-03 1.360972e-03 0.000000e+00 2.829028e-03 1.791937e-02 0.000000e+00 0.000000e+00 2.256686e-03 0.000000e+00 0.000000e+00 1.828245e-03 0.000000e+00 8.286302e-04 0.000000e+00 3.729350e-02 8.147540e-01
3.729350e-02 2.391785e-03 1.640097e-02 2.782486e-02 0.000000e+00 4.833118e-03 1.088067e-02 2.952072e-03 3.250565e-03 8.278176e-03 0.000000e+00 5.142582e-03 0.000000e+00 0.000000e+00 3.678069e-02 0.000000e+00 4.678144e-03 1.360972e-03 0.000000e+00 2.829028e-03 1.791937e-02 0.000000e+00 0.000000e+00 2.256686e-03 0.000000e+00 0.000000e+00 1.828245e-03 0.000000e+00 8.286302e-04 0.000000e+00 3.729350e-02 8.147540e-01
1.837733e-02 1.103901e-03 1.308037e-02 2.737030e-02 0.000000e+00 7.746984e-02 1.903543e-04 7.291371e-03 1.674593e-03 1.073135e-02 0.000000e+00 6.856776e-03 9.937542e-03 0.000000e+00 6.888999e-02 0.000000e+00 6.639384e-03 0.000000e+00 0.000000e+00 5.658055e-03 4.330924e-02 1.489474e-03 0.000000e+00 4.513372e-03 1.007414e-02 0.000000e+00 7.888889e-04 1.141846e-02 4.735030e-04 1.035862e-01 1.837733e-02 9.740216e-01
0.000000e+00 0.000000e+00 1.426404e-02 2.840566e-02 0.000000e+00 7.746984e-02 1.903543e-04 0.000000e+00 3.306693e-02 1.073135e-02 0.000000e+00 8.599423e-03 9.937542e-03 0.000000e+00 0.000000e+00 0.000000e+00 1.116522e-02 0.000000e+00 0.000000e+00 5.658055e-03 4.330924e-02 1.489474e-03 0.000000e+00 4.513372e-03 0.000000e+00 0.000000e+00 7.888889e-04 8.668848e-03 0.000000e+00 1.035862e-01 0.000000e+00 1.112297e+00
