8.548354e-01 3.133591e-03 1.049962e-02 2.802008e-02 1.179618e-02 1.198966e-01 0.000000e+00 5.153613e-02 4.680722e-04 0.000000e+00 6.849335e-03 7.220839e-03 7.472238e-05 1.414905e-01 4.256207e-02 0.000000e+00 3.653967e-03 0.000000e+00 2.087388e-02 3.401357e-03 0.000000e+00 4.345982e-02 2.599882e-02 0.000000e+00 7.107615e-03 0.000000e+00 0.000000e+00 2.797349e-03 0.000000e+00 0.000000e+00 8.548354e-01 -6.780771e-01
8.548354e-01 3.133591e-03 1.049962e-02 2.802008e-02 1.179618e-02 1.198966e-01 0.000000e+00 5.153613e-02 4.680722e-04 0.000000e+00 6.849335e-03 7.220839e-03 7.472238e-05 1.414905e-01 4.256207e-02 0.000000e+00 3.653967e-03 0.000000e+00 2.087388e-02 3.401357e-03 0.000000e+00 4.345982e-02 2.599882e-02 0.000000e+00 7.107615e-03 0.000000e+00 0.000000e+00 2.797349e-03 0.000000e+00 0.000000e+00 8.548354e-01 -6.780771e-01
8.548354e-01 3.133591e-03 1.049962e-02 2.802008e-02 1.179618e-02 1.198966e-01 0.000000e+00 5.153613e-02 4.680722e-04 0.000000e+00 6.849335e-03 7.220839e-03 7.472238e-05 1.414905e-01 4.256207e-02 0.000000e+00 3.653967e-03 0.000000e+00 2.087388e-02 3.401357e-03 0.000000e+00 4.345982e-02 2.599882e-02 0.000000e+00 7.107615e-03 0.000000e+00 0.000000e+00 2.797349e-03 0.000000e+00 0.000000e+00 8.548354e-01 -6.780771e-01
8.548354e-01 3.133591e-03 1.049962e-02 2.802008e-02 1.179618e-02 1.198966e-01 0.000000e+00 5.153613e-02 4.680722e-04 0.000000e+00 6.849335e-03 7.220839e-03 7.472238e-05 1.414905e-01 4.256207e-02 0.000000e+00 3.653967e-03 0.000000e+00 2.087388e-02 3.401357e-03 0.000000e+00 4.345982e-02 2.599882e-02 0.000000e+00 7.107615e-03 0.000000e+00 0.000000e+00 2.797349e-03 0.000000e+00 0.000000e+00 8.548354e-01 -6.780771e-01
8.471132e-01 1.253436e-02 1.397134e-02 2.365768e-02 2.605051e-03 9.481911e-02 0.000000e+00 5.382701e-02 0.000000e+00 3.963636e-02 0.000000e+00 3.929247e-02 2.857897e-04 1.200603e-01 6.677645e-02 0.000000e+00 5.313208e-03 0.000000e+00 4.506521e-02 3.723719e-03 0.000000e+00 4.631891e-02 2.599882e-02 0.000000e+00 6.894630e-03 0.000000e+00 1.843626e-04 1.986600e-02 0.000000e+00 0.000000e+00 8.471132e-01 -6.561109e-01
8.471132e-01 1.253436e-02 1.397134e-02 2.365768e-02 2.605051e-03 9.481911e-02 0.000000e+00 5.382701e-02 0.000000e+00 3.963636e-02 0.000000e+00 3.929247e-02 2.857897e-04 1.200603e-01 6.677645e-02 0.000000e+00 5.313208e-03 0.000000e+00 4.506521e-02 3.723719e-03 0.000000e+00 4.631891e-02 2.599882e-02 0.000000e+00 6.894630e-03 0.000000e+00 1.843626e-04 1.986600e-02 0.000000e+00 0.000000e+00 8.471132e-01 -6.561109e-01
8.437660e-01 1.566795e-03 1.049962e-02 1.929527e-02 1.179618e-02 1.621069e-01 0.000000e+00 2.730784e-02 0.000000e+00 0.000000e+00 2.825358e-03 0.000000e+00 1.583034e-04 1.991117e-01 9.099082e-02 0.000000e+00 6.972450e-03 0.000000e+00 4.506521e-02 2.756633e-03 0.000000e+00 4.722961e-02 2.599882e-02 3.650208e-04 7.107615e-03 0.000000e+00 1.106176e-03 0.000000e+00 0.000000e+00 0.000000e+00 8.437660e-01 -6.306623e-01
8.423076e-01 0.000000e+00 1.049962e-02 1.929527e-02 1.179618e-02 1.040072e-01 0.000000e+00 1.224307e-02 0.000000e+00 2.883004e-02 2.825358e-03 7.136411e-02 1.583034e-04 1.710120e-01 9.099082e-02 0.000000e+00 6.972450e-03 0.000000e+00 4.506521e-02 3.401357e-03 0.000000e+00 4.722961e-02 2.599882e-02 0.000000e+00 7.107615e-03 0.000000e+00 1.106176e-03 0.000000e+00 0.000000e+00 0.000000e+00 8.423076e-01 -6.204116e-01
8.423076e-01 0.000000e+00 1.049962e-02 1.929527e-02 1.179618e-02 1.040072e-01 0.000000e+00 1.224307e-02 0.000000e+00 2.883004e-02 2.825358e-03 7.136411e-02 1.583034e-04 1.710120e-01 9.099082e-02 0.000000e+00 6.972450e-03 0.000000e+00 4.506521e-02 3.401357e-03 0.000000e+00 4.722961e-02 2.599882e-02 0.000000e+00 7.107615e-03 0.000000e+00 1.106176e-03 0.000000e+00 0.000000e+00 0.000000e+00 8.423076e-01 -6.204116e-01
8.375021e-01 0.000000e+00 1.258265e-02 1.963332e-02 1.214282e-02 7.614398e-02 0.000000e+00 1.776831e-02 0.000000e+00 1.282574e-02 0.000000e+00 2.600517e-02 4.132760e-04 2.138725e-01 5.659959e-03 0.000000e+00 3.579312e-03 0.000000e+00 4.506521e-02 4.000777e-03 0.000000e+00 3.726575e-02 2.599882e-02 1.622314e-04 1.680015e-02 0.000000e+00 2.557003e-02 2.854261e-02 0.000000e+00 0.000000e+00 8.375021e-01 -5.871562e-01
8.375021e-01 4.228457e-02 1.258265e-02 1.963332e-02 1.162287e-02 7.614398e-02 0.000000e+00 7.189572e-03 2.340361e-04 1.282574e-02 0.000000e+00 6.462202e-02 4.132760e-04 2.138725e-01 5.659959e-03 0.000000e+00 3.579312e-03 0.000000e+00 3.296955e-02 4.000777e-03 0.000000e+00 3.726575e-02 2.599882e-02 1.013947e-04 2.474332e-03 1.271085e-02 0.000000e+00 0.000000e+00 0.000000e+00 0.000000e+00 8.375021e-01 -5.867693e-01
8.355715e-01 2.114228e-02 6.385220e-02 1.507619e-03 7.457954e-03 7.614398e-02 0.000000e+00 7.189572e-03 1.170181e-04 2.623105e-02 1.192449e-03 3.231101e-02 4.132760e-04 0.000000e+00 3.621820e-02 0.000000e+00 3.579312e-03 0.000000e+00 3.901738e-02 4.000777e-03 2.375366e-03 4.179233e-02 2.599882e-02 1.013947e-04 2.474332e-03 1.271085e-02 4.307381e-03 0.000000e+00 0.000000e+00 0.000000e+00 8.355715e-01 -5.944355e-01
8.355715e-01 2.114228e-02 6.385220e-02 1.507619e-03 7.457954e-03 7.614398e-02 0.000000e+00 7.189572e-03 1.170181e-04 2.623105e-02 1.192449e-03 3.231101e-02 4.132760e-04 0.000000e+00 3.621820e-02 0.000000e+00 3.579312e-03 0.000000e+00 3.901738e-02 4.000777e-03 2.375366e-03 4.179233e-02 2.599882e-02 1.013947e-04 2.474332e-03 1.271085e-02 4.307381e-03 0.000000e+00 0.000000e+00 0.000000e+00 8.355715e-01 -5.944355e-01
8.313810e-01 2.114228e-02 6.385220e-02 1.507619e-03 5.898092e-03 3.807199e-02 0.000000e+00 1.119387e-02 0.000000e+00 1.311552e-02 1.192449e-03 1.992735e-02 0.000000e+00 2.042522e-02 2.093908e-02 7.640081e-03 3.206450e-03 2.785478e-06 3.901738e-02 3.586062e-03 1.187683e-03 4.153422e-02 1.584065e-02 7.604599e-05 0.000000e+00 1.514184e-02 0.000000e+00 0.000000e+00 5.786808e-02 0.000000e+00 8.313810e-01 -5.353460e-01
8.313810e-01 2.114228e-02 6.385220e-02 1.507619e-03 5.898092e-03 3.807199e-02 0.000000e+00 1.119387e-02 0.000000e+00 1.311552e-02 1.192449e-03 1.992735e-02 0.000000e+00 2.042522e-02 2.093908e-02 7.640081e-03 3.206450e-03 2.785478e-06 3.901738e-02 3.586062e-03 1.187683e-03 4.153422e-02 1.584065e-02 7.604599e-05 0.000000e+00 1.514184e-02 0.000000e+00 0.000000e+00 5.786808e-02 0.000000e+00 8.313810e-01 -5.353460e-01
8.313810e-01 2.114228e-02 6.385220e-02 1.507619e-03 5.898092e-03 3.807199e-02 0.000000e+00 1.119387e-02 0.000000e+00 1.311552e-02 1.192449e-03 1.992735e-02 0.000000e+00 2.042522e-02 2.093908e-02 7.640081e-03 3.206450e-03 2.785478e-06 3.901738e-02 3.586062e-03 1.187683e-03 4.153422e-02 1.584065e-02 7.604599e-05 0.000000e+00 1.514184e-02 0.000000e+00 0.000000e+00 5.786808e-02 0.000000e+00 8.313810e-01 -5.353460e-01
8.271904e-01 0.000000e+00 6.385220e-02 1.507619e-03 7.457954e-03 2.784618e-02 0.000000e+00 1.103031e-02 0.000000e+00 0.000000e+00 2.384898e-03 0.000000e+00 4.132760e-04 0.000000e+00 5.659959e-03 0.000000e+00 2.833588e-03 0.000000e+00 4.506521e-02 3.171347e-03 0.000000e+00 4.127612e-02 9.745754e-03 3.650208e-04 1.062244e-02 2.542170e-02 4.307381e-03 0.000000e+00 0.000000e+00 0.000000e+00 8.271904e-01 -4.880210e-01
8.271904e-01 2.114228e-02 6.385220e-02 1.507619e-03 7.457954e-03 5.199508e-02 0.000000e+00 1.103031e-02 0.000000e+00 0.000000e+00 1.192449e-03 3.231101e-02 4.132760e-04 0.000000e+00 5.659959e-03 0.000000e+00 2.833588e-03 0.000000e+00 3.901738e-02 3.586062e-03 0.000000e+00 4.127612e-02 9.745754e-03 3.650208e-04 6.548387e-03 1.906627e-02 4.307381e-03 0.000000e+00 0.000000e+00 0.000000e+00 8.271904e-01 -4.774466e-01
8.271904e-01 2.114228e-02 6.385220e-02 1.507619e-03 4.338231e-03 0.000000e+00 0.000000e+00 1.519816e-02 0.000000e+00 0.000000e+00 1.192449e-03 7.543693e-03 4.901326e-04 2.042522e-02 5.659959e-03 1.528016e-02 2.833588e-03 5.570956e-06 3.901738e-02 3.586062e-03 0.000000e+00 4.127612e-02 5.682488e-03 7.604599e-05 9.666127e-03 1.757284e-02 0.000000e+00 0.000000e+00 1.157362e-01 0.000000e+00 8.271904e-01 -4.653114e-01
8.271904e-01 2.114228e-02 6.385220e-02 1.507619e-03 4.338231e-03 0.000000e+00 0.000000e+00 1.519816e-02 0.000000e+00 0.000000e+00 1.192449e-03 7.543693e-03 4.901326e-04 2.042522e-02 5.659959e-03 1.528016e-02 2.833588e-03 5.570956e-06 3.901738e-02 3.586062e-03 0.000000e+00 4.127612e-02 5.682488e-03 7.604599e-05 9.666127e-03 1.757284e-02 0.000000e+00 0.000000e+00 1.157362e-01 0.000000e+00 8.271904e-01 -4.653114e-01
8.271904e-01 2.114228e-02 6.385220e-02 1.507619e-03 4.338231e-03 0.000000e+00 0.000000e+00 1.519816e-02 0.000000e+00 0.000000e+00 1.192449e-03 7.543693e-03 4.901326e-04 2.042522e-02 5.659959e-03 1.528016e-02 2.833588e-03 5.570956e-06 3.901738e-02 3.586062e-03 0.000000e+00 4.127612e-02 5.682488e-03 7.604599e-05 9.666127e-03 1.757284e-02 0.000000e+00 0.000000e+00 1.157362e-01 0.000000e+00 8.271904e-01 -4.653114e-01
6.544590e-01 3.133591e-03 3.744157e-02 1.540528e-02 6.071410e-03 3.488379e-02 0.000000e+00 1.744564e-02 4.254637e-04 0.000000e+00 7.208041e-03 1.508739e-02 1.657330e-03 3.381733e-02 2.473752e-03 3.046277e-02 2.795182e-04 1.114191e-05 1.874020e-02 2.983158e-03 0.000000e+00 3.370117e-02 9.745754e-03 1.520920e-04 3.970034e-03 0.000000e+00 2.080888e-04 0.000000e+00 1.878312e-02 0.000000e+00 6.544590e-01 -4.018775e-01
6.544590e-01 3.133591e-03 3.744157e-02 1.540528e-02 6.071410e-03 3.488379e-02 0.000000e+00 1.744564e-02 4.254637e-04 0.000000e+00 7.208041e-03 1.508739e-02 1.657330e-03 3.381733e-02 2.473752e-03 3.046277e-02 2.795182e-04 1.114191e-05 1.874020e-02 2.983158e-03 0.000000e+00 3.370117e-02 9.745754e-03 1.520920e-04 3.970034e-03 0.000000e+00 2.080888e-04 0.000000e+00 1.878312e-02 0.000000e+00 6.544590e-01 -4.018775e-01
6.544590e-01 3.133591e-03 3.744157e-02 1.540528e-02 6.071410e-03 3.488379e-02 0.000000e+00 1.744564e-02 4.254637e-04 0.000000e+00 7.208041e-03 1.508739e-02 1.657330e-03 3.381733e-02 2.473752e-03 3.046277e-02 2.795182e-04 1.114191e-05 1.874020e-02 2.983158e-03 0.000000e+00 3.370117e-02 9.745754e-03 1.520920e-04 3.970034e-03 0.000000e+00 2.080888e-04 0.000000e+00 1.878312e-02 0.000000e+00 6.544590e-01 -4.018775e-01
6.544590e-01 3.133591e-03 3.744157e-02 1.540528e-02 6.071410e-03 3.488379e-02 0.000000e+00 1.744564e-02 4.254637e-04 0.000000e+00 7.208041e-03 1.508739e-02 1.657330e-03 3.381733e-02 2.473752e-03 3.046277e-02 2.795182e-04 1.114191e-05 1.874020e-02 2.983158e-03 0.000000e+00 3.370117e-02 9.745754e-03 1.520920e-04 3.970034e-03 0.000000e+00 2.080888e-04 0.000000e+00 1.878312e-02 0.000000e+00 6.544590e-01 -4.018775e-01
6.544590e-01 3.133591e-03 3.744157e-02 1.540528e-02 6.071410e-03 3.488379e-02 0.000000e+00 1.744564e-02 4.254637e-04 0.000000e+00 7.208041e-03 1.508739e-02 1.657330e-03 3.381733e-02 2.473752e-03 3.046277e-02 2.795182e-04 1.114191e-05 1.874020e-02 2.983158e-03 0.000000e+00 3.370117e-02 9.745754e-03 1.520920e-04 3.970034e-03 0.000000e+00 2.080888e-04 0.000000e+00 1.878312e-02 0.000000e+00 6.544590e-01 -4.018775e-01
6.544590e-01 3.133591e-03 1.872078e-02 1.540528e-02 6.071410e-03 3.488379e-02 0.000000e+00 2.095432e-02 4.254637e-04 0.000000e+00 7.208041e-03 1.508739e-02 1.113221e-03 3.381733e-02 0.000000e+00 4.546759e-02 2.795182e-04 1.114191e-05 1.874020e-02 2.983158e-03 0.000000e+00 3.415544e-02 9.745754e-03 1.520920e-04 3.970034e-03 0.000000e+00 2.080888e-04 8.397896e-02 1.878312e-02 0.000000e+00 6.544590e-01 -3.863779e-01
6.496927e-01 4.178121e-03 2.423625e-02 8.200323e-03 6.071410e-03 4.894914e-02 0.000000e+00 1.856938e-02 4.254637e-04 0.000000e+00 8.969880e-03 3.544180e-02 6.526850e-04 8.878739e-02 8.806479e-04 4.952084e-02 0.000000e+00 3.864711e-02 8.601608e-03 2.681705e-03 0.000000e+00 2.127689e-02 1.177739e-02 1.901150e-04 1.121988e-03 0.000000e+00 3.121332e-04 8.845232e-02 4.342466e-02 0.000000e+00 6.496927e-01 -3.586018e-01
6.496927e-01 4.178121e-03 2.423625e-02 8.200323e-03 6.071410e-03 4.894914e-02 0.000000e+00 1.856938e-02 4.254637e-04 0.000000e+00 8.969880e-03 3.544180e-02 6.526850e-04 8.878739e-02 8.806479e-04 4.952084e-02 0.000000e+00 3.864711e-02 8.601608e-03 2.681705e-03 0.000000e+00 2.127689e-02 1.177739e-02 1.901150e-04 1.121988e-03 0.000000e+00 3.121332e-04 8.845232e-02 4.342466e-02 0.000000e+00 6.496927e-01 -3.586018e-01
6.387520e-01 3.133591e-03 1.872078e-02 1.540528e-02 6.071410e-03 3.488379e-02 0.000000e+00 2.095432e-02 4.254637e-04 0.000000e+00 0.000000e+00 1.508739e-02 1.113221e-03 3.292546e-02 2.473752e-03 3.046277e-02 2.795182e-04 1.114191e-05 1.874020e-02 2.983158e-03 0.000000e+00 3.415544e-02 7.350144e-03 1.520920e-04 3.970034e-03 0.000000e+00 2.080888e-04 8.397896e-02 8.377937e-03 0.000000e+00 6.387520e-01 -3.337376e-01
6.387520e-01 3.133591e-03 1.872078e-02 1.540528e-02 6.071410e-03 3.488379e-02 0.000000e+00 2.095432e-02 4.254637e-04 0.000000e+00 0.000000e+00 1.508739e-02 1.113221e-03 3.292546e-02 2.473752e-03 3.046277e-02 2.795182e-04 1.114191e-05 1.874020e-02 2.983158e-03 0.000000e+00 3.415544e-02 7.350144e-03 1.520920e-04 3.970034e-03 0.000000e+00 2.080888e-04 8.397896e-02 8.377937e-03 0.000000e+00 6.387520e-01 -3.337376e-01
6.370693e-01 6.789447e-03 2.117210e-02 5.953614e-03 6.071410e-03 5.517279e-02 0.000000e+00 3.039971e-02 4.254637e-04 0.000000e+00 0.000000e+00 4.169794e-02 6.526850e-04 2.094122e-02 7.307404e-03 7.376099e-02 2.795182e-04 0.000000e+00 1.874020e-02 3.272412e-03 0.000000e+00 3.415544e-02 1.073559e-02 0.000000e+00 0.000000e+00 3.368550e-03 0.000000e+00 7.531705e-02 1.793917e-02 0.000000e+00 6.370693e-01 -3.007250e-01
6.370693e-01 6.789447e-03 2.117210e-02 5.953614e-03 6.071410e-03 5.517279e-02 0.000000e+00 3.039971e-02 4.254637e-04 0.000000e+00 0.000000e+00 4.169794e-02 6.526850e-04 2.094122e-02 7.307404e-03 7.376099e-02 2.795182e-04 0.000000e+00 1.874020e-02 3.272412e-03 0.000000e+00 3.415544e-02 1.073559e-02 0.000000e+00 0.000000e+00 3.368550e-03 0.000000e+00 7.531705e-02 1.793917e-02 0.000000e+00 6.370693e-01 -3.007250e-01
6.308985e-01 3.133591e-03 0.000000e+00 3.447128e-02 1.195677e-02 3.488379e-02 0.000000e+00 1.074018e-02 4.254637e-04 0.000000e+00 7.208041e-03 2.089220e-02 8.411666e-04 3.247952e-02 2.473752e-03 3.046277e-02 0.000000e+00 1.114191e-05 3.551925e-02 1.133988e-02 0.000000e+00 3.370117e-02 2.764217e-03 2.238901e-02 0.000000e+00 0.000000e+00 3.343109e-03 5.961677e-02 1.878312e-02 1.676133e-03 6.308985e-01 -2.427331e-01
6.308985e-01 3.133591e-03 0.000000e+00 3.447128e-02 1.195677e-02 3.488379e-02 0.000000e+00 1.074018e-02 4.254637e-04 0.000000e+00 7.208041e-03 2.089220e-02 8.411666e-04 3.247952e-02 2.473752e-03 3.046277e-02 0.000000e+00 1.114191e-05 3.551925e-02 1.133988e-02 0.000000e+00 3.370117e-02 2.764217e-03 2.238901e-02 0.000000e+00 0.000000e+00 3.343109e-03 5.961677e-02 1.878312e-02 1.676133e-03 6.308985e-01 -2.427331e-01
6.291472e-01 0.000000e+00 2.757733e-03 4.952937e-02 1.160123e-02 3.650183e-02 0.000000e+00 4.765856e-03 5.052382e-04 5.487728e-03 0.000000e+00 1.572680e-02 0.000000e+00 8.614233e-02 0.000000e+00 2.476042e-02 0.000000e+00 7.130824e-04 3.748040e-02 3.192257e-03 0.000000e+00 1.521242e-02 4.704207e-03 6.454197e-03 3.331077e-03 0.000000e+00 3.083919e-03 1.192335e-01 4.662287e-02 0.000000e+00 6.291472e-01 -2.005814e-01
6.278883e-01 0.000000e+00 0.000000e+00 4.763725e-02 1.160123e-02 7.898726e-03 0.000000e+00 0.000000e+00 1.595489e-04 1.126422e-02 0.000000e+00 1.783621e-02 5.020681e-03 8.614233e-02 0.000000e+00 0.000000e+00 0.000000e+00 1.086336e-03 3.748040e-02 1.860594e-02 0.000000e+00 1.051640e-02 0.000000e+00 3.719335e-02 3.331077e-03 1.547759e-02 3.083919e-03 1.228131e-01 2.587750e-02 1.955489e-03 6.278883e-01 -1.857248e-01
6.269735e-01 0.000000e+00 0.000000e+00 3.026581e-02 1.256498e-02 1.067656e-02 0.000000e+00 2.148035e-02 6.381956e-04 7.509483e-03 0.000000e+00 2.292952e-02 0.000000e+00 1.977284e-01 0.000000e+00 2.476042e-02 0.000000e+00 7.130824e-04 2.736320e-02 0.000000e+00 0.000000e+00 1.672854e-02 4.704207e-03 1.504768e-02 0.000000e+00 0.000000e+00 2.931924e-03 1.192335e-01 4.721452e-02 1.117422e-03 6.269735e-01 -1.533180e-01
6.269735e-01 0.000000e+00 0.000000e+00 0.000000e+00 0.000000e+00 1.067656e-02 0.000000e+00 4.113988e-02 5.584212e-04 0.000000e+00 0.000000e+00 2.292952e-02 4.844189e-04 1.977284e-01 7.307404e-03 8.614120e-02 0.000000e+00 7.130824e-04 3.985471e-02 0.000000e+00 0.000000e+00 1.672854e-02 4.456939e-03 0.000000e+00 0.000000e+00 0.000000e+00 2.931924e-03 1.192335e-01 4.721452e-02 3.023128e-02 6.269735e-01 -1.405371e-01
6.269735e-01 0.000000e+00 0.000000e+00 0.000000e+00 0.000000e+00 1.067656e-02 0.000000e+00 4.113988e-02 5.584212e-04 0.000000e+00 0.000000e+00 2.292952e-02 4.844189e-04 1.977284e-01 7.307404e-03 8.614120e-02 0.000000e+00 7.130824e-04 3.985471e-02 0.000000e+00 0.000000e+00 1.672854e-02 4.456939e-03 0.000000e+00 0.000000e+00 0.000000e+00 2.931924e-03 1.192335e-01 4.721452e-02 3.023128e-02 6.269735e-01 -1.405371e-01
6.202182e-01 0.000000e+00 0.000000e+00 5.239228e-02 8.764088e-03 2.219322e-02 0.000000e+00 0.000000e+00 1.595489e-04 7.509483e-03 0.000000e+00 1.885487e-02 3.024175e-03 1.281469e-01 0.000000e+00 0.000000e+00 0.000000e+00 1.114191e-03 1.869229e-02 3.192257e-03 1.385955e-03 1.824466e-02 1.318761e-03 3.506826e-02 3.331077e-03 1.122850e-03 7.770033e-03 6.484260e-02 7.053811e-02 1.117422e-03 6.202182e-01 -6.538461e-02
4.571428e-01 0.000000e+00 0.000000e+00 3.601668e-02 1.134856e-02 1.424401e-02 0.000000e+00 0.000000e+00 0.000000e+00 6.556955e-03 0.000000e+00 1.885487e-02 3.993013e-03 1.336873e-01 0.000000e+00 0.000000e+00 0.000000e+00 8.022177e-04 4.622843e-02 2.267975e-02 0.000000e+00 1.049836e-02 8.242259e-04 2.973034e-02 0.000000e+00 8.421376e-04 3.754293e-03 0.000000e+00 0.000000e+00 3.352267e-03 4.571428e-01 -5.034571e-02
4.571428e-01 0.000000e+00 0.000000e+00 3.601668e-02 1.134856e-02 1.424401e-02 0.000000e+00 0.000000e+00 0.000000e+00 6.556955e-03 0.000000e+00 1.885487e-02 3.993013e-03 1.336873e-01 0.000000e+00 0.000000e+00 0.000000e+00 8.022177e-04 4.622843e-02 2.267975e-02 0.000000e+00 1.049836e-02 8.242259e-04 2.973034e-02 0.000000e+00 8.421376e-04 3.754293e-03 0.000000e+00 0.000000e+00 3.352267e-03 4.571428e-01 -5.034571e-02
4.571428e-01 0.000000e+00 0.000000e+00 3.601668e-02 1.134856e-02 1.424401e-02 0.000000e+00 0.000000e+00 0.000000e+00 6.556955e-03 0.000000e+00 1.885487e-02 3.993013e-03 1.336873e-01 0.000000e+00 0.000000e+00 0.000000e+00 8.022177e-04 4.622843e-02 2.267975e-02 0.000000e+00 1.049836e-02 8.242259e-04 2.973034e-02 0.000000e+00 8.421376e-04 3.754293e-03 0.000000e+00 0.000000e+00 3.352267e-03 4.571428e-01 -5.034571e-02
4.571428e-01 0.000000e+00 0.000000e+00 3.601668e-02 1.134856e-02 1.424401e-02 0.000000e+00 0.000000e+00 0.000000e+00 6.556955e-03 0.000000e+00 1.885487e-02 3.993013e-03 1.336873e-01 0.000000e+00 0.000000e+00 0.000000e+00 8.022177e-04 4.622843e-02 2.267975e-02 0.000000e+00 1.049836e-02 8.242259e-04 2.973034e-02 0.000000e+00 8.421376e-04 3.754293e-03 0.000000e+00 0.000000e+00 3.352267e-03 4.571428e-01 -5.034571e-02
4.571428e-01 0.000000e+00 0.000000e+00 3.601668e-02 1.134856e-02 1.424401e-02 0.000000e+00 0.000000e+00 0.000000e+00 6.556955e-03 0.000000e+00 1.885487e-02 3.993013e-03 1.336873e-01 0.000000e+00 0.000000e+00 0.000000e+00 8.022177e-04 4.622843e-02 2.267975e-02 0.000000e+00 1.049836e-02 8.242259e-04 2.973034e-02 0.000000e+00 8.421376e-04 3.754293e-03 0.000000e+00 0.000000e+00 3.352267e-03 4.571428e-01 -5.034571e-02
4.571428e-01 0.000000e+00 0.000000e+00 3.601668e-02 1.134856e-02 1.424401e-02 0.000000e+00 0.000000e+00 0.000000e+00 6.556955e-03 0.000000e+00 1.885487e-02 3.993013e-03 1.336873e-01 0.000000e+00 0.000000e+00 0.000000e+00 8.022177e-04 4.622843e-02 2.267975e-02 0.000000e+00 1.049836e-02 8.242259e-04 2.973034e-02 0.000000e+00 8.421376e-04 3.754293e-03 0.000000e+00 0.000000e+00 3.352267e-03 4.571428e-01 -5.034571e-02
4.494728e-01 0.000000e+00 0.000000e+00 3.867675e-02 8.511421e-03 1.246028e-02 0.000000e+00 0.000000e+00 0.000000e+00 7.509483e-03 0.000000e+00 3.031963e-02 3.993013e-03 1.629377e-01 0.000000e+00 0.000000e+00 0.000000e+00 6.239471e-04 4.367530e-02 0.000000e+00 0.000000e+00 1.748660e-02 8.242259e-04 1.699026e-02 0.000000e+00 5.614251e-04 3.754293e-03 0.000000e+00 2.360726e-02 2.234845e-03 4.494728e-01 -4.157425e-02
4.494728e-01 0.000000e+00 0.000000e+00 2.404637e-02 0.000000e+00 1.037214e-02 0.000000e+00 0.000000e+00 0.000000e+00 5.128165e-03 5.209470e-02 4.713718e-03 0.000000e+00 1.147373e-01 0.000000e+00 0.000000e+00 0.000000e+00 6.298433e-03 4.367530e-02 3.708737e-02 0.000000e+00 1.748660e-02 1.050888e-03 3.716293e-02 0.000000e+00 2.066634e-02 1.877147e-03 8.135161e-03 2.391524e-02 2.234845e-03 4.494728e-01 -3.382835e-02
4.429104e-01 0.000000e+00 0.000000e+00 3.069654e-02 2.837140e-03 9.081511e-03 5.354268e-02 0.000000e+00 0.000000e+00 8.417921e-04 1.736490e-02 0.000000e+00 0.000000e+00 1.503083e-01 0.000000e+00 0.000000e+00 0.000000e+00 5.666062e-03 1.549314e-02 6.834501e-02 6.929773e-03 0.000000e+00 8.448316e-04 3.182414e-03 0.000000e+00 2.807125e-04 1.686737e-02 5.423440e-03 9.566096e-02 6.122939e-03 4.429104e-01 5.662528e-03
4.341328e-01 0.000000e+00 0.000000e+00 4.399688e-02 1.418570e-02 9.081511e-03 5.354268e-02 0.000000e+00 0.000000e+00 8.417921e-04 0.000000e+00 0.000000e+00 0.000000e+00 1.877748e-01 0.000000e+00 0.000000e+00 0.000000e+00 0.000000e+00 0.000000e+00 2.723430e-02 8.315727e-03 2.120168e-02 7.624090e-04 3.185543e-02 0.000000e+00 1.684275e-03 2.247193e-02 0.000000e+00 0.000000e+00 3.910978e-03 4.341328e-01 4.999817e-02
4.341328e-01 0.000000e+00 0.000000e+00 4.399688e-02 1.418570e-02 9.081511e-03 5.354268e-02 0.000000e+00 0.000000e+00 8.417921e-04 0.000000e+00 0.000000e+00 0.000000e+00 1.877748e-01 0.000000e+00 0.000000e+00 0.000000e+00 0.000000e+00 0.000000e+00 2.723430e-02 8.315727e-03 2.120168e-02 7.624090e-04 3.185543e-02 0.000000e+00 1.684275e-03 2.247193e-02 0.000000e+00 0.000000e+00 3.910978e-03 4.341328e-01 4.999817e-02
4.341328e-01 0.000000e+00 0.000000e+00 4.399688e-02 1.418570e-02 9.081511e-03 5.354268e-02 0.000000e+00 0.000000e+00 8.417921e-04 0.000000e+00 0.000000e+00 0.000000e+00 1.877748e-01 0.000000e+00 0.000000e+00 0.000000e+00 0.000000e+00 0.000000e+00 2.723430e-02 8.315727e-03 2.120168e-02 7.624090e-04 3.185543e-02 0.000000e+00 1.684275e-03 2.247193e-02 0.000000e+00 0.000000e+00 3.910978e-03 4.341328e-01 4.999817e-02
4.210080e-01 0.000000e+00 0.000000e+00 2.803647e-02 4.336809e-19 9.081511e-03 4.580894e-02 0.000000e+00 0.000000e+00 3.699374e-03 3.472980e-02 0.000000e+00 0.000000e+00 1.147578e-01 0.000000e+00 0.000000e+00 0.000000e+00 3.866510e-03 6.099081e-03 4.391680e-02 5.543818e-03 3.068188e-03 9.890711e-04 0.000000e+00 0.000000e+00 0.000000e+00 2.622616e-02 5.423440e-03 9.566096e-02 1.224588e-02 4.210080e-01 1.865121e-01
4.210080e-01 0.000000e+00 0.000000e+00 2.803647e-02 0.000000e+00 1.682526e-02 3.837194e-02 0.000000e+00 0.000000e+00 9.414537e-03 1.736490e-02 2.828231e-02 0.000000e+00 1.889290e-01 0.000000e+00 0.000000e+00 0.000000e+00 3.732807e-03 8.691797e-03 9.020881e-03 6.929773e-03 2.736699e-02 9.478598e-04 7.263557e-02 0.000000e+00 1.684275e-03 0.000000e+00 5.423440e-03 2.391524e-02 1.224588e-02 4.210080e-01 1.996328e-01
4.210080e-01 0.000000e+00 0.000000e+00 2.803647e-02 0.000000e+00 1.682526e-02 3.837194e-02 0.000000e+00 0.000000e+00 9.414537e-03 1.736490e-02 2.828231e-02 0.000000e+00 1.889290e-01 0.000000e+00 0.000000e+00 0.000000e+00 3.732807e-03 8.691797e-03 9.020881e-03 6.929773e-03 2.736699e-02 9.478598e-04 7.263557e-02 0.000000e+00 1.684275e-03 0.000000e+00 5.423440e-03 2.391524e-02 1.224588e-02 4.210080e-01 1.996328e-01
2.594944e-01 0.000000e+00 0.000000e+00 4.399688e-02 4.336809e-19 2.021770e-02 1.546748e-02 0.000000e+00 0.000000e+00 9.414537e-03 0.000000e+00 4.361713e-03 0.000000e+00 1.564616e-01 0.000000e+00 0.000000e+00 0.000000e+00 0.000000e+00 6.070088e-03 9.020881e-03 5.543818e-03 0.000000e+00 9.478598e-04 0.000000e+00 0.000000e+00 0.000000e+00 1.452535e-02 0.000000e+00 4.783048e-02 0.000000e+00 2.594944e-01 3.204292e-01
2.594944e-01 0.000000e+00 0.000000e+00 4.399688e-02 4.336809e-19 2.021770e-02 1.546748e-02 0.000000e+00 0.000000e+00 9.414537e-03 0.000000e+00 4.361713e-03 0.000000e+00 1.564616e-01 0.000000e+00 0.000000e+00 0.000000e+00 0.000000e+00 6.070088e-03 9.020881e-03 5.543818e-03 0.000000e+00 9.478598e-04 0.000000e+00 0.000000e+00 0.000000e+00 1.452535e-02 0.000000e+00 4.783048e-02 0.000000e+00 2.594944e-01 3.204292e-01
2.594944e-01 0.000000e+00 0.000000e+00 4.399688e-02 4.336809e-19 2.021770e-02 1.546748e-02 0.000000e+00 0.000000e+00 9.414537e-03 0.000000e+00 4.361713e-03 0.000000e+00 1.564616e-01 0.000000e+00 0.000000e+00 0.000000e+00 0.000000e+00 6.070088e-03 9.020881e-03 5.543818e-03 0.000000e+00 9.478598e-04 0.000000e+00 0.000000e+00 0.000000e+00 1.452535e-02 0.000000e+00 4.783048e-02 0.000000e+00 2.594944e-01 3.204292e-01
2.594944e-01 0.000000e+00 0.000000e+00 4.399688e-02 4.336809e-19 2.021770e-02 1.546748e-02 0.000000e+00 0.000000e+00 9.414537e-03 0.000000e+00 4.361713e-03 0.000000e+00 1.564616e-01 0.000000e+00 0.000000e+00 0.000000e+00 0.000000e+00 6.070088e-03 9.020881e-03 5.543818e-03 0.000000e+00 9.478598e-04 0.000000e+00 0.000000e+00 0.000000e+00 1.452535e-02 0.000000e+00 4.783048e-02 0.000000e+00 2.594944e-01 3.204292e-01
2.594944e-01 0.000000e+00 0.000000e+00 4.399688e-02 4.336809e-19 2.021770e-02 1.546748e-02 0.000000e+00 0.000000e+00 9.414537e-03 0.000000e+00 4.361713e-03 0.000000e+00 1.564616e-01 0.000000e+00 0.000000e+00 0.000000e+00 0.000000e+00 6.070088e-03 9.020881e-03 5.543818e-03 0.000000e+00 9.478598e-04 0.000000e+00 0.000000e+00 0.000000e+00 1.452535e-02 0.000000e+00 4.783048e-02 0.000000e+00 2.594944e-01 3.204292e-01
2.594944e-01 0.000000e+00 0.000000e+00 4.399688e-02 4.336809e-19 2.021770e-02 1.546748e-02 0.000000e+00 0.000000e+00 9.414537e-03 0.000000e+00 4.361713e-03 0.000000e+00 1.564616e-01 0.000000e+00 0.000000e+00 0.000000e+00 0.000000e+00 6.070088e-03 9.020881e-03 5.543818e-03 0.000000e+00 9.478598e-04 0.000000e+00 0.000000e+00 0.000000e+00 1.452535e-02 0.000000e+00 4.783048e-02 0.000000e+00 2.594944e-01 3.204292e-01
2.594944e-01 0.000000e+00 0.000000e+00 4.399688e-02 4.336809e-19 2.021770e-02 1.546748e-02 0.000000e+00 0.000000e+00 9.414537e-03 0.000000e+00 4.361713e-03 0.000000e+00 1.564616e-01 0.000000e+00 0.000000e+00 0.000000e+00 0.000000e+00 6.070088e-03 9.020881e-03 5.543818e-03 0.000000e+00 9.478598e-04 0.000000e+00 0.000000e+00 0.000000e+00 1.452535e-02 0.000000e+00 4.783048e-02 0.000000e+00 2.594944e-01 3.204292e-01
2.594944e-01 0.000000e+00 0.000000e+00 4.399688e-02 4.336809e-19 2.021770e-02 1.546748e-02 0.000000e+00 0.000000e+00 9.414537e-03 0.000000e+00 4.361713e-03 0.000000e+00 1.564616e-01 0.000000e+00 0.000000e+00 0.000000e+00 0.000000e+00 6.070088e-03 9.020881e-03 5.543818e-03 0.000000e+00 9.478598e-04 0.000000e+00 0.000000e+00 0.000000e+00 1.452535e-02 0.000000e+00 4.783048e-02 0.000000e+00 2.594944e-01 3.204292e-01
2.401141e-01 0.000000e+00 0.000000e+00 3.719061e-02 2.168404e-19 1.512904e-02 0.000000e+00 0.000000e+00 0.000000e+00 1.412181e-02 3.073279e-03 4.361713e-03 5.543049e-04 1.564616e-01 0.000000e+00 0.000000e+00 0.000000e+00 2.200661e-03 2.185599e-02 3.577631e-02 5.543818e-03 0.000000e+00 0.000000e+00 0.000000e+00 0.000000e+00 0.000000e+00 8.469379e-03 8.135161e-03 0.000000e+00 5.102449e-04 2.401141e-01 3.553401e-01
2.401141e-01 0.000000e+00 0.000000e+00 3.719061e-02 2.168404e-19 1.512904e-02 0.000000e+00 0.000000e+00 0.000000e+00 1.412181e-02 3.073279e-03 4.361713e-03 5.543049e-04 1.564616e-01 0.000000e+00 0.000000e+00 0.000000e+00 2.200661e-03 2.185599e-02 3.577631e-02 5.543818e-03 0.000000e+00 0.000000e+00 0.000000e+00 0.000000e+00 0.000000e+00 8.469379e-03 8.135161e-03 0.000000e+00 5.102449e-04 2.401141e-01 3.553401e-01
2.248116e-01 0.000000e+00 0.000000e+00 4.038812e-02 6.492415e-03 4.988366e-03 1.546748e-02 0.000000e+00 0.000000e+00 9.838333e-03 0.000000e+00 5.985820e-03 9.130810e-04 1.919991e-01 0.000000e+00 0.000000e+00 0.000000e+00 0.000000e+00 6.099081e-03 9.020881e-03 9.974581e-03 0.000000e+00 9.478598e-04 0.000000e+00 0.000000e+00 0.000000e+00 1.629973e-02 1.649420e-02 2.210195e-02 0.000000e+00 2.248116e-01 4.530544e-01
2.196797e-01 0.000000e+00 0.000000e+00 1.686914e-02 1.082069e-03 1.004038e-02 9.535628e-02 3.047488e-02 3.341230e-02 0.000000e+00 2.835223e-03 4.361713e-03 1.662915e-03 2.630741e-01 2.211394e-02 3.257113e-03 3.322164e-04 6.182802e-03 0.000000e+00 2.973913e-02 3.968778e-03 4.540142e-03 0.000000e+00 0.000000e+00 0.000000e+00 9.561227e-03 4.576662e-03 1.400636e-02 0.000000e+00 2.040980e-03 2.196797e-01 5.385415e-01
2.105263e-01 1.070168e-02 0.000000e+00 4.399688e-02 0.000000e+00 1.258961e-02 9.801849e-02 2.180558e-01 0.000000e+00 9.414537e-03 0.000000e+00 4.361713e-03 2.011007e-03 1.564616e-01 0.000000e+00 0.000000e+00 7.123684e-04 7.198209e-03 6.070088e-03 3.297078e-02 5.543818e-03 0.000000e+00 9.478598e-04 0.000000e+00 0.000000e+00 0.000000e+00 0.000000e+00 0.000000e+00 4.783048e-02 5.102449e-03 2.105263e-01 6.333231e-01
1.982843e-01 0.000000e+00 0.000000e+00 0.000000e+00 0.000000e+00 1.134075e-02 1.031269e-01 0.000000e+00 0.000000e+00 0.000000e+00 8.026105e-03 0.000000e+00 3.652324e-03 1.919991e-01 0.000000e+00 1.038119e-02 2.795265e-04 2.200661e-03 1.854225e-02 4.494573e-02 1.411099e-02 0.000000e+00 0.000000e+00 0.000000e+00 0.000000e+00 0.000000e+00 1.681368e-02 2.507711e-02 0.000000e+00 0.000000e+00 1.982843e-01 6.750906e-01
1.043434e-01 0.000000e+00 0.000000e+00 4.140789e-02 0.000000e+00 1.004038e-02 2.011003e-03 0.000000e+00 0.000000e+00 1.412181e-02 0.000000e+00 4.361713e-03 1.108610e-03 1.831148e-01 0.000000e+00 0.000000e+00 0.000000e+00 1.650496e-03 2.198646e-02 3.371775e-02 5.711950e-03 5.117215e-03 0.000000e+00 0.000000e+00 0.000000e+00 0.000000e+00 9.551005e-03 1.107076e-02 0.000000e+00 1.020490e-03 1.043434e-01 7.816479e-01
1.043434e-01 0.000000e+00 0.000000e+00 4.140789e-02 0.000000e+00 1.004038e-02 2.011003e-03 0.000000e+00 0.000000e+00 1.412181e-02 0.000000e+00 4.361713e-03 1.108610e-03 1.831148e-01 0.000000e+00 0.000000e+00 0.000000e+00 1.650496e-03 2.198646e-02 3.371775e-02 5.711950e-03 5.117215e-03 0.000000e+00 0.000000e+00 0.000000e+00 0.000000e+00 9.551005e-03 1.107076e-02 0.000000e+00 1.020490e-03 1.043434e-01 7.816479e-01
1.043434e-01 0.000000e+00 0.000000e+00 4.140789e-02 0.000000e+00 1.004038e-02 2.011003e-03 0.000000e+00 0.000000e+00 1.412181e-02 0.000000e+00 4.361713e-03 1.108610e-03 1.831148e-01 0.000000e+00 0.000000e+00 0.000000e+00 1.650496e-03 2.198646e-02 3.371775e-02 5.711950e-03 5.117215e-03 0.000000e+00 0.000000e+00 0.000000e+00 0.000000e+00 9.551005e-03 1.107076e-02 0.000000e+00 1.020490e-03 1.043434e-01 7.816479e-01
1.043434e-01 0.000000e+00 0.000000e+00 4.140789e-02 0.000000e+00 1.004038e-02 2.011003e-03 0.000000e+00 0.000000e+00 1.412181e-02 0.000000e+00 4.361713e-03 1.108610e-03 1.831148e-01 0.000000e+00 0.000000e+00 0.000000e+00 1.650496e-03 2.198646e-02 3.371775e-02 5.711950e-03 5.117215e-03 0.000000e+00 0.000000e+00 0.000000e+00 0.000000e+00 9.551005e-03 1.107076e-02 0.000000e+00 1.020490e-03 1.043434e-01 7.816479e-01
6.348748e-02 0.000000e+00 0.000000e+00 3.881890e-02 5.793552e-03 1.006843e-02 4.022006e-03 0.000000e+00 0.000000e+00 7.060903e-03 0.000000e+00 4.572040e-02 4.191716e-05 1.919991e-01 0.000000e+00 0.000000e+00 6.148795e-05 2.770391e-03 3.790283e-02 3.072401e-02 5.880082e-03 3.070329e-02 0.000000e+00 0.000000e+00 0.000000e+00 0.000000e+00 4.576662e-03 0.000000e+00 0.000000e+00 2.040980e-03 6.348748e-02 8.040896e-01
6.348748e-02 0.000000e+00 0.000000e+00 3.881890e-02 5.793552e-03 1.006843e-02 4.022006e-03 0.000000e+00 0.000000e+00 7.060903e-03 0.000000e+00 4.572040e-02 4.191716e-05 1.919991e-01 0.000000e+00 0.000000e+00 6.148795e-05 2.770391e-03 3.790283e-02 3.072401e-02 5.880082e-03 3.070329e-02 0.000000e+00 0.000000e+00 0.000000e+00 0.000000e+00 4.576662e-03 0.000000e+00 0.000000e+00 2.040980e-03 6.348748e-02 8.040896e-01
6.348748e-02 0.000000e+00 0.000000e+00 3.881890e-02 5.793552e-03 1.006843e-02 4.022006e-03 0.000000e+00 0.000000e+00 7.060903e-03 0.000000e+00 4.572040e-02 4.191716e-05 1.919991e-01 0.000000e+00 0.000000e+00 6.148795e-05 2.770391e-03 3.790283e-02 3.072401e-02 5.880082e-03 3.070329e-02 0.000000e+00 0.000000e+00 0.000000e+00 0.000000e+00 4.576662e-03 0.000000e+00 0.000000e+00 2.040980e-03 6.348748e-02 8.040896e-01
3.248535e-02 0.000000e+00 0.000000e+00 1.152726e-02 4.328277e-03 1.258961e-02 1.302184e-01 0.000000e+00 7.986784e-02 0.000000e+00 4.718033e-03 4.572040e-02 2.479875e-03 1.919991e-01 0.000000e+00 2.005081e-03 5.636542e-04 0.000000e+00 3.144931e-02 3.689341e-02 8.483355e-03 1.298481e-02 3.390265e-02 0.000000e+00 0.000000e+00 0.000000e+00 8.009159e-03 1.400636e-02 7.224379e-02 2.040980e-03 3.248535e-02 9.924169e-01
1.655382e-02 0.000000e+00 0.000000e+00 1.584996e-02 3.437811e-03 1.067187e-02 1.367621e-01 0.000000e+00 1.670615e-02 3.530451e-03 6.004476e-04 4.921379e-02 1.998818e-03 2.275366e-01 4.422788e-02 1.628557e-03 1.968522e-04 6.707964e-03 1.895142e-02 5.515819e-02 1.121336e-02 1.762171e-02 0.000000e+00 0.000000e+00 0.000000e+00 0.000000e+00 4.576662e-03 7.003178e-03 0.000000e+00 3.061470e-03 1.655382e-02 1.048557e+00
0.000000e+00 0.000000e+00 0.000000e+00 5.095920e-04 4.074647e-03 1.258961e-02 6.659102e-02 0.000000e+00 0.000000e+00 1.235658e-02 0.000000e+00 2.329436e-02 0.000000e+00 9.153993e-02 0.000000e+00 0.000000e+00 7.291558e-04 5.167395e-04 3.121737e-02 4.691550e-02 3.045313e-03 2.189243e-02 0.000000e+00 0.000000e+00 0.000000e+00 0.000000e+00 3.216808e-03 1.400636e-02 5.510169e-02 7.653674e-04 0.000000e+00 1.120526e+00
