6.493132e-01	7.147628e-02	0.000000e+00	1.253635e-03	0.000000e+00	0.000000e+00	0.000000e+00	0.000000e+00	1.426241e-02	1.503310e-02	2.589875e-01	2.166298e-03	1.821905e-02	2.554769e-01	2.789549e-03	2.718154e-02	0.000000e+00	0.000000e+00	1.456509e-03	0.000000e+00	7.644820e-03	1.422771e-02	0.000000e+00	0.000000e+00	8.559022e-03	0.000000e+00	5.421530e-02	2.950450e-02	4.033052e-04	0.000000e+00	6.493132e-01	-3.045758e-01
6.493132e-01	7.147628e-02	0.000000e+00	1.253635e-03	0.000000e+00	0.000000e+00	0.000000e+00	0.000000e+00	1.426241e-02	1.503310e-02	2.589875e-01	2.166298e-03	1.821905e-02	2.554769e-01	2.789549e-03	2.718154e-02	0.000000e+00	0.000000e+00	1.456509e-03	0.000000e+00	7.644820e-03	1.422771e-02	0.000000e+00	0.000000e+00	8.559022e-03	0.000000e+00	5.421530e-02	2.950450e-02	4.033052e-04	0.000000e+00	6.493132e-01	-3.045758e-01
6.493132e-01	7.147628e-02	0.000000e+00	1.253635e-03	0.000000e+00	0.000000e+00	0.000000e+00	0.000000e+00	1.426241e-02	1.503310e-02	2.589875e-01	2.166298e-03	1.821905e-02	2.554769e-01	2.789549e-03	0.000000e+00	0.000000e+00	0.000000e+00	1.456509e-03	0.000000e+00	7.644820e-03	1.422771e-02	0.000000e+00	0.000000e+00	5.623123e-02	0.000000e+00	5.421530e-02	2.950450e-02	4.033052e-04	0.000000e+00	6.493132e-01	-3.005118e-01
6.493132e-01	7.147628e-02	0.000000e+00	1.044696e-03	0.000000e+00	0.000000e+00	0.000000e+00	0.000000e+00	7.131204e-03	1.503310e-02	2.589875e-01	2.166298e-03	1.821905e-02	2.521631e-01	4.440707e-02	0.000000e+00	0.000000e+00	0.000000e+00	1.456509e-03	0.000000e+00	7.644820e-03	1.422771e-02	9.057260e-05	0.000000e+00	5.623123e-02	0.000000e+00	5.421530e-02	2.950450e-02	6.049578e-04	0.000000e+00	6.493132e-01	-2.943015e-01
6.439667e-01	7.147628e-02	0.000000e+00	1.044696e-03	0.000000e+00	0.000000e+00	0.000000e+00	0.000000e+00	7.131204e-03	1.503310e-02	2.589875e-01	7.900894e-03	1.821905e-02	2.521631e-01	6.521583e-02	0.000000e+00	0.000000e+00	0.000000e+00	1.456509e-03	0.000000e+00	3.822410e-03	1.497402e-02	1.358589e-04	0.000000e+00	5.623123e-02	0.000000e+00	0.000000e+00	2.950450e-02	6.049578e-04	0.000000e+00	6.439667e-01	-2.799575e-01
6.439667e-01	7.147628e-02	0.000000e+00	8.357569e-04	0.000000e+00	0.000000e+00	0.000000e+00	0.000000e+00	0.000000e+00	1.718069e-02	2.589875e-01	1.363549e-02	3.643811e-02	2.488492e-01	8.602459e-02	0.000000e+00	0.000000e+00	4.846665e-03	1.456509e-03	0.000000e+00	0.000000e+00	1.572033e-02	1.811452e-04	0.000000e+00	9.337115e-03	0.000000e+00	0.000000e+00	2.950450e-02	6.049578e-04	0.000000e+00	6.439667e-01	-2.817121e-01
6.439667e-01	7.147628e-02	0.000000e+00	8.357569e-04	0.000000e+00	0.000000e+00	0.000000e+00	0.000000e+00	0.000000e+00	1.718069e-02	2.589875e-01	1.363549e-02	3.643811e-02	2.488492e-01	8.602459e-02	0.000000e+00	0.000000e+00	4.846665e-03	1.456509e-03	0.000000e+00	0.000000e+00	1.572033e-02	1.811452e-04	0.000000e+00	9.337115e-03	0.000000e+00	0.000000e+00	2.950450e-02	6.049578e-04	0.000000e+00	6.439667e-01	-2.817121e-01
6.439667e-01	7.147628e-02	0.000000e+00	8.357569e-04	0.000000e+00	0.000000e+00	0.000000e+00	0.000000e+00	0.000000e+00	1.718069e-02	2.589875e-01	1.363549e-02	3.643811e-02	2.488492e-01	8.602459e-02	0.000000e+00	0.000000e+00	4.846665e-03	1.456509e-03	0.000000e+00	0.000000e+00	1.572033e-02	1.811452e-04	0.000000e+00	9.337115e-03	0.000000e+00	0.000000e+00	2.950450e-02	6.049578e-04	0.000000e+00	6.439667e-01	-2.817121e-01
6.439667e-01	7.147628e-02	0.000000e+00	8.357569e-04	0.000000e+00	0.000000e+00	0.000000e+00	0.000000e+00	0.000000e+00	1.718069e-02	2.589875e-01	1.363549e-02	3.643811e-02	2.488492e-01	8.602459e-02	0.000000e+00	0.000000e+00	4.846665e-03	1.456509e-03	0.000000e+00	0.000000e+00	1.572033e-02	1.811452e-04	0.000000e+00	9.337115e-03	0.000000e+00	0.000000e+00	2.950450e-02	6.049578e-04	0.000000e+00	6.439667e-01	-2.817121e-01
6.439667e-01	7.147628e-02	0.000000e+00	8.357569e-04	0.000000e+00	0.000000e+00	0.000000e+00	0.000000e+00	0.000000e+00	1.718069e-02	2.589875e-01	1.363549e-02	3.643811e-02	2.488492e-01	8.602459e-02	0.000000e+00	0.000000e+00	4.846665e-03	1.456509e-03	0.000000e+00	0.000000e+00	1.572033e-02	1.811452e-04	0.000000e+00	9.337115e-03	0.000000e+00	0.000000e+00	2.950450e-02	6.049578e-04	0.000000e+00	6.439667e-01	-2.817121e-01
6.386201e-01	7.147628e-02	0.000000e+00	8.357569e-04	0.000000e+00	0.000000e+00	0.000000e+00	0.000000e+00	0.000000e+00	1.718069e-02	2.589875e-01	1.363549e-02	3.643811e-02	2.488492e-01	8.602459e-02	0.000000e+00	0.000000e+00	4.846665e-03	2.226240e-02	0.000000e+00	0.000000e+00	1.572033e-02	1.811452e-04	0.000000e+00	9.337115e-03	0.000000e+00	0.000000e+00	2.989869e-02	8.066104e-04	0.000000e+00	6.386201e-01	-2.395240e-01
6.386201e-01	7.147628e-02	0.000000e+00	8.357569e-04	0.000000e+00	0.000000e+00	0.000000e+00	0.000000e+00	0.000000e+00	1.718069e-02	2.589875e-01	1.363549e-02	3.643811e-02	2.488492e-01	8.602459e-02	0.000000e+00	0.000000e+00	4.846665e-03	2.226240e-02	0.000000e+00	0.000000e+00	1.572033e-02	1.811452e-04	0.000000e+00	9.337115e-03	0.000000e+00	0.000000e+00	2.989869e-02	8.066104e-04	0.000000e+00	6.386201e-01	-2.395240e-01
6.386201e-01	1.200457e-01	0.000000e+00	8.357569e-04	0.000000e+00	0.000000e+00	0.000000e+00	0.000000e+00	0.000000e+00	1.718069e-02	2.589875e-01	1.363549e-02	3.643811e-02	2.488492e-01	8.602459e-02	0.000000e+00	0.000000e+00	0.000000e+00	2.226240e-02	0.000000e+00	0.000000e+00	1.572033e-02	1.811452e-04	0.000000e+00	9.337115e-03	0.000000e+00	0.000000e+00	2.989869e-02	8.066104e-04	0.000000e+00	6.386201e-01	-2.307847e-01
6.386201e-01	1.200457e-01	0.000000e+00	8.357569e-04	0.000000e+00	0.000000e+00	0.000000e+00	0.000000e+00	0.000000e+00	1.718069e-02	2.589875e-01	1.363549e-02	3.643811e-02	2.488492e-01	8.602459e-02	0.000000e+00	0.000000e+00	0.000000e+00	2.226240e-02	0.000000e+00	0.000000e+00	1.572033e-02	1.811452e-04	0.000000e+00	9.337115e-03	0.000000e+00	0.000000e+00	2.989869e-02	8.066104e-04	0.000000e+00	6.386201e-01	-2.307847e-01
6.386201e-01	1.200457e-01	0.000000e+00	8.357569e-04	0.000000e+00	0.000000e+00	0.000000e+00	0.000000e+00	0.000000e+00	1.718069e-02	2.589875e-01	1.363549e-02	3.643811e-02	2.488492e-01	8.602459e-02	0.000000e+00	0.000000e+00	0.000000e+00	2.226240e-02	0.000000e+00	0.000000e+00	1.572033e-02	1.811452e-04	0.000000e+00	9.337115e-03	0.000000e+00	0.000000e+00	2.989869e-02	8.066104e-04	0.000000e+00	6.386201e-01	-2.307847e-01
6.386201e-01	1.200457e-01	0.000000e+00	8.357569e-04	0.000000e+00	0.000000e+00	0.000000e+00	0.000000e+00	0.000000e+00	1.718069e-02	2.589875e-01	1.363549e-02	3.643811e-02	2.488492e-01	8.602459e-02	0.000000e+00	0.000000e+00	0.000000e+00	2.226240e-02	0.000000e+00	0.000000e+00	1.572033e-02	1.811452e-04	0.000000e+00	9.337115e-03	0.000000e+00	0.000000e+00	2.989869e-02	8.066104e-04	0.000000e+00	6.386201e-01	-2.307847e-01
6.386201e-01	1.200457e-01	0.000000e+00	8.357569e-04	0.000000e+00	0.000000e+00	0.000000e+00	0.000000e+00	0.000000e+00	1.718069e-02	2.589875e-01	1.363549e-02	3.643811e-02	2.488492e-01	8.602459e-02	0.000000e+00	0.000000e+00	0.000000e+00	2.226240e-02	0.000000e+00	0.000000e+00	1.572033e-02	1.811452e-04	0.000000e+00	9.337115e-03	0.000000e+00	0.000000e+00	2.989869e-02	8.066104e-04	0.000000e+00	6.386201e-01	-2.307847e-01
6.386201e-01	1.200457e-01	0.000000e+00	8.357569e-04	0.000000e+00	0.000000e+00	0.000000e+00	0.000000e+00	0.000000e+00	1.718069e-02	2.589875e-01	1.363549e-02	3.643811e-02	2.488492e-01	8.602459e-02	0.000000e+00	0.000000e+00	0.000000e+00	2.226240e-02	0.000000e+00	0.000000e+00	1.572033e-02	1.811452e-04	0.000000e+00	9.337115e-03	0.000000e+00	0.000000e+00	2.989869e-02	8.066104e-04	0.000000e+00	6.386201e-01	-2.307847e-01
6.386201e-01	1.200457e-01	0.000000e+00	8.357569e-04	0.000000e+00	0.000000e+00	0.000000e+00	0.000000e+00	0.000000e+00	1.718069e-02	2.589875e-01	1.363549e-02	3.643811e-02	2.488492e-01	8.602459e-02	0.000000e+00	0.000000e+00	0.000000e+00	2.226240e-02	0.000000e+00	0.000000e+00	1.572033e-02	1.811452e-04	0.000000e+00	9.337115e-03	0.000000e+00	0.000000e+00	2.989869e-02	8.066104e-04	0.000000e+00	6.386201e-01	-2.307847e-01
6.386201e-01	1.200457e-01	0.000000e+00	8.357569e-04	0.000000e+00	0.000000e+00	0.000000e+00	0.000000e+00	0.000000e+00	1.718069e-02	2.589875e-01	1.363549e-02	3.643811e-02	2.488492e-01	8.602459e-02	0.000000e+00	0.000000e+00	0.000000e+00	2.226240e-02	0.000000e+00	0.000000e+00	1.572033e-02	1.811452e-04	0.000000e+00	9.337115e-03	0.000000e+00	0.000000e+00	2.989869e-02	8.066104e-04	0.000000e+00	6.386201e-01	-2.307847e-01
6.386201e-01	1.200457e-01	0.000000e+00	8.357569e-04	0.000000e+00	0.000000e+00	0.000000e+00	0.000000e+00	0.000000e+00	1.718069e-02	2.589875e-01	1.363549e-02	3.643811e-02	2.488492e-01	8.602459e-02	0.000000e+00	0.000000e+00	0.000000e+00	2.226240e-02	0.000000e+00	0.000000e+00	1.572033e-02	1.811452e-04	0.000000e+00	9.337115e-03	0.000000e+00	0.000000e+00	2.989869e-02	8.066104e-04	0.000000e+00	6.386201e-01	-2.307847e-01
6.386201e-01	1.200457e-01	0.000000e+00	8.357569e-04	0.000000e+00	0.000000e+00	0.000000e+00	0.000000e+00	0.000000e+00	1.718069e-02	2.589875e-01	1.363549e-02	3.643811e-02	2.488492e-01	8.602459e-02	0.000000e+00	0.000000e+00	0.000000e+00	2.226240e-02	0.000000e+00	0.000000e+00	1.572033e-02	1.811452e-04	0.000000e+00	9.337115e-03	0.000000e+00	0.000000e+00	2.989869e-02	8.066104e-04	0.000000e+00	6.386201e-01	-2.307847e-01
6.279271e-01	4.238761e-02	9.825815e-03	8.357569e-04	6.435456e-03	0.000000e+00	0.000000e+00	0.000000e+00	0.000000e+00	1.718069e-02	2.589875e-01	1.363549e-02	0.000000e+00	1.503011e-01	9.452817e-02	0.000000e+00	5.774571e-02	0.000000e+00	0.000000e+00	0.000000e+00	5.499415e-03	3.930083e-03	9.717483e-03	6.544449e-02	0.000000e+00	1.379442e-02	0.000000e+00	2.989869e-02	0.000000e+00	0.000000e+00	6.279271e-01	-1.239449e-01
6.279271e-01	4.238761e-02	9.825815e-03	8.357569e-04	6.435456e-03	0.000000e+00	0.000000e+00	0.000000e+00	0.000000e+00	1.718069e-02	2.589875e-01	1.363549e-02	0.000000e+00	1.503011e-01	9.452817e-02	0.000000e+00	5.774571e-02	0.000000e+00	0.000000e+00	0.000000e+00	5.499415e-03	3.930083e-03	9.717483e-03	6.544449e-02	0.000000e+00	1.379442e-02	0.000000e+00	2.989869e-02	0.000000e+00	0.000000e+00	6.279271e-01	-1.239449e-01
6.279271e-01	4.238761e-02	9.825815e-03	8.357569e-04	6.435456e-03	0.000000e+00	0.000000e+00	0.000000e+00	0.000000e+00	1.718069e-02	2.589875e-01	1.363549e-02	0.000000e+00	1.503011e-01	9.452817e-02	0.000000e+00	5.774571e-02	0.000000e+00	0.000000e+00	0.000000e+00	5.499415e-03	3.930083e-03	9.717483e-03	6.544449e-02	0.000000e+00	1.379442e-02	0.000000e+00	2.989869e-02	0.000000e+00	0.000000e+00	6.279271e-01	-1.239449e-01
6.279271e-01	2.784327e-02	9.825815e-03	4.178784e-04	6.435456e-03	0.000000e+00	0.000000e+00	0.000000e+00	2.652103e-02	2.201801e-02	9.170379e-02	6.523048e-03	5.616429e-03	1.503011e-01	9.452817e-02	0.000000e+00	0.000000e+00	0.000000e+00	0.000000e+00	1.180990e-02	1.099883e-02	0.000000e+00	3.832650e-02	6.544449e-02	0.000000e+00	1.379442e-02	2.271420e-03	2.292458e-03	1.688664e-02	6.264174e-02	6.279271e-01	-1.466454e-01
6.279271e-01	2.784327e-02	9.825815e-03	4.178784e-04	6.435456e-03	0.000000e+00	0.000000e+00	0.000000e+00	2.652103e-02	2.201801e-02	9.170379e-02	6.523048e-03	5.616429e-03	1.503011e-01	9.452817e-02	0.000000e+00	0.000000e+00	0.000000e+00	0.000000e+00	1.180990e-02	1.099883e-02	0.000000e+00	3.832650e-02	6.544449e-02	0.000000e+00	1.379442e-02	2.271420e-03	2.292458e-03	1.688664e-02	6.264174e-02	6.279271e-01	-1.466454e-01
6.279271e-01	2.784327e-02	9.825815e-03	4.178784e-04	6.435456e-03	0.000000e+00	0.000000e+00	0.000000e+00	2.652103e-02	2.201801e-02	9.170379e-02	6.523048e-03	5.616429e-03	1.503011e-01	9.452817e-02	0.000000e+00	0.000000e+00	0.000000e+00	0.000000e+00	1.180990e-02	1.099883e-02	0.000000e+00	3.832650e-02	6.544449e-02	0.000000e+00	1.379442e-02	2.271420e-03	2.292458e-03	1.688664e-02	6.264174e-02	6.279271e-01	-1.466454e-01
6.279271e-01	2.784327e-02	9.825815e-03	4.178784e-04	6.435456e-03	0.000000e+00	0.000000e+00	0.000000e+00	2.652103e-02	2.201801e-02	9.170379e-02	6.523048e-03	5.616429e-03	1.503011e-01	9.452817e-02	0.000000e+00	0.000000e+00	0.000000e+00	0.000000e+00	1.180990e-02	1.099883e-02	0.000000e+00	3.832650e-02	6.544449e-02	0.000000e+00	1.379442e-02	2.271420e-03	2.292458e-03	1.688664e-02	6.264174e-02	6.279271e-01	-1.466454e-01
6.279271e-01	2.784327e-02	9.825815e-03	4.178784e-04	6.435456e-03	0.000000e+00	0.000000e+00	0.000000e+00	2.652103e-02	2.201801e-02	9.170379e-02	6.523048e-03	5.616429e-03	1.503011e-01	9.452817e-02	0.000000e+00	0.000000e+00	0.000000e+00	0.000000e+00	1.180990e-02	1.099883e-02	0.000000e+00	3.832650e-02	6.544449e-02	0.000000e+00	1.379442e-02	2.271420e-03	2.292458e-03	1.688664e-02	6.264174e-02	6.279271e-01	-1.466454e-01
6.279271e-01	2.784327e-02	9.825815e-03	4.178784e-04	6.435456e-03	0.000000e+00	0.000000e+00	0.000000e+00	2.652103e-02	2.201801e-02	9.170379e-02	6.523048e-03	5.616429e-03	1.503011e-01	9.452817e-02	0.000000e+00	0.000000e+00	0.000000e+00	0.000000e+00	1.180990e-02	1.099883e-02	0.000000e+00	3.832650e-02	6.544449e-02	0.000000e+00	1.379442e-02	2.271420e-03	2.292458e-03	1.688664e-02	6.264174e-02	6.279271e-01	-1.466454e-01
6.279271e-01	2.784327e-02	9.825815e-03	4.178784e-04	6.435456e-03	0.000000e+00	0.000000e+00	0.000000e+00	2.652103e-02	2.201801e-02	9.170379e-02	6.523048e-03	5.616429e-03	1.503011e-01	9.452817e-02	0.000000e+00	0.000000e+00	0.000000e+00	0.000000e+00	1.180990e-02	1.099883e-02	0.000000e+00	3.832650e-02	6.544449e-02	0.000000e+00	1.379442e-02	2.271420e-03	2.292458e-03	1.688664e-02	6.264174e-02	6.279271e-01	-1.466454e-01
6.279271e-01	2.784327e-02	9.825815e-03	4.178784e-04	6.435456e-03	0.000000e+00	0.000000e+00	0.000000e+00	2.652103e-02	2.201801e-02	9.170379e-02	6.523048e-03	5.616429e-03	1.503011e-01	9.452817e-02	0.000000e+00	0.000000e+00	0.000000e+00	0.000000e+00	1.180990e-02	1.099883e-02	0.000000e+00	3.832650e-02	6.544449e-02	0.000000e+00	1.379442e-02	2.271420e-03	2.292458e-03	1.688664e-02	6.264174e-02	6.279271e-01	-1.466454e-01
4.521242e-01	2.784327e-02	0.000000e+00	0.000000e+00	0.000000e+00	0.000000e+00	0.000000e+00	0.000000e+00	2.652103e-02	2.385800e-02	9.170379e-02	6.523048e-03	5.616429e-03	1.484640e-01	5.141507e-02	0.000000e+00	0.000000e+00	0.000000e+00	0.000000e+00	1.180990e-02	1.099883e-02	0.000000e+00	3.832650e-02	6.544449e-02	0.000000e+00	1.379442e-02	0.000000e+00	2.292458e-03	1.688664e-02	6.264174e-02	4.521242e-01	3.643478e-03
4.521242e-01	2.784327e-02	0.000000e+00	0.000000e+00	0.000000e+00	0.000000e+00	0.000000e+00	0.000000e+00	2.652103e-02	2.385800e-02	9.170379e-02	6.523048e-03	5.616429e-03	1.484640e-01	5.141507e-02	0.000000e+00	0.000000e+00	0.000000e+00	0.000000e+00	1.180990e-02	1.099883e-02	0.000000e+00	3.832650e-02	6.544449e-02	0.000000e+00	1.379442e-02	0.000000e+00	2.292458e-03	1.688664e-02	6.264174e-02	4.521242e-01	3.643478e-03
4.521242e-01	2.784327e-02	0.000000e+00	0.000000e+00	0.000000e+00	0.000000e+00	0.000000e+00	0.000000e+00	2.652103e-02	2.385800e-02	9.170379e-02	6.523048e-03	5.616429e-03	1.484640e-01	5.141507e-02	0.000000e+00	0.000000e+00	0.000000e+00	0.000000e+00	1.180990e-02	1.099883e-02	0.000000e+00	3.832650e-02	6.544449e-02	0.000000e+00	1.379442e-02	0.000000e+00	2.292458e-03	1.688664e-02	6.264174e-02	4.521242e-01	3.643478e-03
4.521242e-01	2.784327e-02	0.000000e+00	0.000000e+00	0.000000e+00	0.000000e+00	0.000000e+00	0.000000e+00	2.652103e-02	2.385800e-02	9.170379e-02	6.523048e-03	5.616429e-03	1.484640e-01	5.141507e-02	0.000000e+00	0.000000e+00	0.000000e+00	0.000000e+00	1.180990e-02	1.099883e-02	0.000000e+00	3.832650e-02	6.544449e-02	0.000000e+00	1.379442e-02	0.000000e+00	2.292458e-03	1.688664e-02	6.264174e-02	4.521242e-01	3.643478e-03
4.521242e-01	2.784327e-02	0.000000e+00	0.000000e+00	0.000000e+00	0.000000e+00	0.000000e+00	0.000000e+00	2.652103e-02	2.385800e-02	9.170379e-02	6.523048e-03	5.616429e-03	1.484640e-01	5.141507e-02	0.000000e+00	0.000000e+00	0.000000e+00	0.000000e+00	1.180990e-02	1.099883e-02	0.000000e+00	3.832650e-02	6.544449e-02	0.000000e+00	1.379442e-02	0.000000e+00	2.292458e-03	1.688664e-02	6.264174e-02	4.521242e-01	3.643478e-03
4.521242e-01	2.784327e-02	0.000000e+00	0.000000e+00	0.000000e+00	0.000000e+00	0.000000e+00	0.000000e+00	2.652103e-02	2.385800e-02	9.170379e-02	6.523048e-03	5.616429e-03	1.484640e-01	5.141507e-02	0.000000e+00	0.000000e+00	0.000000e+00	0.000000e+00	1.180990e-02	1.099883e-02	0.000000e+00	3.832650e-02	6.544449e-02	0.000000e+00	1.379442e-02	0.000000e+00	2.292458e-03	1.688664e-02	6.264174e-02	4.521242e-01	3.643478e-03
4.521242e-01	2.784327e-02	0.000000e+00	0.000000e+00	0.000000e+00	0.000000e+00	0.000000e+00	0.000000e+00	2.652103e-02	2.385800e-02	9.170379e-02	6.523048e-03	5.616429e-03	1.484640e-01	5.141507e-02	0.000000e+00	0.000000e+00	0.000000e+00	0.000000e+00	1.180990e-02	1.099883e-02	0.000000e+00	3.832650e-02	6.544449e-02	0.000000e+00	1.379442e-02	0.000000e+00	2.292458e-03	1.688664e-02	6.264174e-02	4.521242e-01	3.643478e-03
4.521242e-01	2.784327e-02	0.000000e+00	0.000000e+00	0.000000e+00	0.000000e+00	0.000000e+00	0.000000e+00	2.652103e-02	2.385800e-02	9.170379e-02	6.523048e-03	5.616429e-03	1.484640e-01	5.141507e-02	0.000000e+00	0.000000e+00	0.000000e+00	0.000000e+00	1.180990e-02	1.099883e-02	0.000000e+00	3.832650e-02	6.544449e-02	0.000000e+00	1.379442e-02	0.000000e+00	2.292458e-03	1.688664e-02	6.264174e-02	4.521242e-01	3.643478e-03
4.446462e-01	1.392164e-02	1.804124e-02	0.000000e+00	2.700202e-02	0.000000e+00	0.000000e+00	0.000000e+00	1.326052e-02	2.201801e-02	6.382317e-02	0.000000e+00	6.966021e-02	8.827092e-02	0.000000e+00	2.368581e-02	0.000000e+00	0.000000e+00	0.000000e+00	1.554530e-02	2.486886e-02	0.000000e+00	3.832650e-02	3.568329e-02	2.607895e-02	1.379442e-02	0.000000e+00	4.584916e-03	1.688664e-02	2.686727e-02	4.446462e-01	9.182808e-03
4.446462e-01	1.392164e-02	1.804124e-02	0.000000e+00	2.700202e-02	0.000000e+00	0.000000e+00	0.000000e+00	1.326052e-02	2.201801e-02	6.382317e-02	0.000000e+00	6.966021e-02	8.827092e-02	0.000000e+00	2.368581e-02	0.000000e+00	0.000000e+00	0.000000e+00	1.554530e-02	2.486886e-02	0.000000e+00	3.832650e-02	3.568329e-02	2.607895e-02	1.379442e-02	0.000000e+00	4.584916e-03	1.688664e-02	2.686727e-02	4.446462e-01	9.182808e-03
4.414937e-01	2.784327e-02	1.804124e-02	0.000000e+00	5.400405e-02	0.000000e+00	0.000000e+00	0.000000e+00	0.000000e+00	2.253711e-02	2.201968e-02	0.000000e+00	9.102859e-03	1.070037e-01	5.141507e-02	0.000000e+00	0.000000e+00	0.000000e+00	0.000000e+00	1.461145e-02	1.839698e-02	0.000000e+00	3.832650e-02	9.647471e-02	9.779863e-03	2.069164e-02	0.000000e+00	2.292458e-03	1.688664e-02	3.288735e-02	4.414937e-01	2.859184e-02
4.414937e-01	2.784327e-02	1.804124e-02	0.000000e+00	5.400405e-02	0.000000e+00	0.000000e+00	0.000000e+00	0.000000e+00	2.253711e-02	2.201968e-02	0.000000e+00	9.102859e-03	1.070037e-01	5.141507e-02	0.000000e+00	0.000000e+00	0.000000e+00	0.000000e+00	1.461145e-02	1.839698e-02	0.000000e+00	3.832650e-02	9.647471e-02	9.779863e-03	2.069164e-02	0.000000e+00	2.292458e-03	1.688664e-02	3.288735e-02	4.414937e-01	2.859184e-02
4.414937e-01	2.784327e-02	1.804124e-02	0.000000e+00	5.400405e-02	0.000000e+00	0.000000e+00	0.000000e+00	0.000000e+00	2.253711e-02	2.201968e-02	0.000000e+00	9.102859e-03	1.070037e-01	5.141507e-02	0.000000e+00	0.000000e+00	0.000000e+00	0.000000e+00	1.461145e-02	1.839698e-02	0.000000e+00	3.832650e-02	9.647471e-02	9.779863e-03	2.069164e-02	0.000000e+00	2.292458e-03	1.688664e-02	3.288735e-02	4.414937e-01	2.859184e-02
4.361784e-01	2.784327e-02	1.804124e-02	0.000000e+00	5.400405e-02	0.000000e+00	0.000000e+00	0.000000e+00	1.326052e-02	2.201801e-02	6.382317e-02	0.000000e+00	5.616429e-03	8.827092e-02	0.000000e+00	7.822003e-02	0.000000e+00	0.000000e+00	0.000000e+00	1.554530e-02	1.839698e-02	0.000000e+00	3.832650e-02	6.544449e-02	2.607895e-02	1.379442e-02	0.000000e+00	3.438687e-03	1.688664e-02	2.686727e-02	4.361784e-01	7.031098e-02
4.361784e-01	2.784327e-02	1.804124e-02	0.000000e+00	5.400405e-02	0.000000e+00	0.000000e+00	0.000000e+00	1.326052e-02	2.201801e-02	6.382317e-02	0.000000e+00	5.616429e-03	8.827092e-02	0.000000e+00	7.822003e-02	0.000000e+00	0.000000e+00	0.000000e+00	1.554530e-02	1.839698e-02	0.000000e+00	3.832650e-02	6.544449e-02	2.607895e-02	1.379442e-02	0.000000e+00	3.438687e-03	1.688664e-02	2.686727e-02	4.361784e-01	7.031098e-02
4.308631e-01	0.000000e+00	1.804124e-02	0.000000e+00	5.400405e-02	0.000000e+00	0.000000e+00	0.000000e+00	0.000000e+00	2.201801e-02	6.384060e-02	1.019226e-03	1.260990e-02	8.827092e-02	8.744851e-02	8.261603e-03	0.000000e+00	0.000000e+00	0.000000e+00	5.722717e-02	1.238822e-02	0.000000e+00	3.832650e-02	3.384047e-03	0.000000e+00	1.379442e-02	0.000000e+00	3.438687e-03	1.688664e-02	3.399449e-02	4.308631e-01	1.019079e-01
4.308631e-01	0.000000e+00	1.804124e-02	0.000000e+00	5.400405e-02	0.000000e+00	0.000000e+00	0.000000e+00	0.000000e+00	2.201801e-02	6.384060e-02	1.019226e-03	1.260990e-02	8.827092e-02	8.744851e-02	8.261603e-03	0.000000e+00	0.000000e+00	0.000000e+00	5.722717e-02	1.238822e-02	0.000000e+00	3.832650e-02	3.384047e-03	0.000000e+00	1.379442e-02	0.000000e+00	3.438687e-03	1.688664e-02	3.399449e-02	4.308631e-01	1.019079e-01
4.308631e-01	0.000000e+00	1.804124e-02	0.000000e+00	5.400405e-02	0.000000e+00	0.000000e+00	0.000000e+00	0.000000e+00	2.201801e-02	6.384060e-02	1.019226e-03	1.260990e-02	8.827092e-02	8.744851e-02	8.261603e-03	0.000000e+00	0.000000e+00	0.000000e+00	5.722717e-02	1.238822e-02	0.000000e+00	3.832650e-02	3.384047e-03	0.000000e+00	1.379442e-02	0.000000e+00	3.438687e-03	1.688664e-02	3.399449e-02	4.308631e-01	1.019079e-01
4.308631e-01	0.000000e+00	1.804124e-02	0.000000e+00	5.400405e-02	0.000000e+00	0.000000e+00	0.000000e+00	0.000000e+00	2.201801e-02	6.384060e-02	1.019226e-03	1.260990e-02	8.827092e-02	8.744851e-02	8.261603e-03	0.000000e+00	0.000000e+00	0.000000e+00	5.722717e-02	1.238822e-02	0.000000e+00	3.832650e-02	3.384047e-03	0.000000e+00	1.379442e-02	0.000000e+00	3.438687e-03	1.688664e-02	3.399449e-02	4.308631e-01	1.019079e-01
4.308631e-01	0.000000e+00	1.804124e-02	0.000000e+00	5.400405e-02	0.000000e+00	0.000000e+00	0.000000e+00	0.000000e+00	2.201801e-02	6.384060e-02	1.019226e-03	1.260990e-02	8.827092e-02	8.744851e-02	8.261603e-03	0.000000e+00	0.000000e+00	0.000000e+00	5.722717e-02	1.238822e-02	0.000000e+00	3.832650e-02	3.384047e-03	0.000000e+00	1.379442e-02	0.000000e+00	3.438687e-03	1.688664e-02	3.399449e-02	4.308631e-01	1.019079e-01
4.308631e-01	0.000000e+00	1.804124e-02	0.000000e+00	5.400405e-02	0.000000e+00	0.000000e+00	0.000000e+00	0.000000e+00	2.201801e-02	6.384060e-02	1.019226e-03	1.260990e-02	8.827092e-02	8.744851e-02	8.261603e-03	0.000000e+00	0.000000e+00	0.000000e+00	5.722717e-02	1.238822e-02	0.000000e+00	3.832650e-02	3.384047e-03	0.000000e+00	1.379442e-02	0.000000e+00	3.438687e-03	1.688664e-02	3.399449e-02	4.308631e-01	1.019079e-01
4.308631e-01	0.000000e+00	1.804124e-02	0.000000e+00	5.400405e-02	0.000000e+00	0.000000e+00	0.000000e+00	0.000000e+00	2.201801e-02	6.384060e-02	1.019226e-03	1.260990e-02	8.827092e-02	8.744851e-02	8.261603e-03	0.000000e+00	0.000000e+00	0.000000e+00	5.722717e-02	1.238822e-02	0.000000e+00	3.832650e-02	3.384047e-03	0.000000e+00	1.379442e-02	0.000000e+00	3.438687e-03	1.688664e-02	3.399449e-02	4.308631e-01	1.019079e-01
4.214055e-01	0.000000e+00	1.804124e-02	0.000000e+00	5.400405e-02	0.000000e+00	0.000000e+00	0.000000e+00	4.456742e-02	2.201801e-02	1.056528e-01	6.919009e-02	1.794053e-02	2.326177e-02	8.744851e-02	8.261603e-03	0.000000e+00	0.000000e+00	0.000000e+00	5.722717e-02	1.238822e-02	1.721766e-02	0.000000e+00	2.749539e-03	0.000000e+00	1.150346e-02	0.000000e+00	0.000000e+00	2.532997e-02	3.786948e-02	4.214055e-01	2.198838e-01
4.214055e-01	0.000000e+00	1.226951e-02	0.000000e+00	8.371497e-02	0.000000e+00	0.000000e+00	0.000000e+00	4.456742e-02	2.201801e-02	1.056528e-01	6.919009e-02	1.794053e-02	2.326177e-02	8.744851e-02	5.150242e-02	0.000000e+00	0.000000e+00	0.000000e+00	5.722717e-02	4.112765e-02	1.721766e-02	0.000000e+00	2.749539e-03	0.000000e+00	9.212488e-03	0.000000e+00	0.000000e+00	2.532997e-02	4.174446e-02	4.214055e-01	2.411994e-01
4.182529e-01	0.000000e+00	1.226951e-02	0.000000e+00	5.400405e-02	0.000000e+00	0.000000e+00	0.000000e+00	0.000000e+00	3.458585e-02	1.265589e-01	1.019226e-03	1.141776e-02	2.326177e-02	8.744851e-02	4.159980e-02	0.000000e+00	0.000000e+00	0.000000e+00	5.218237e-03	6.986707e-02	0.000000e+00	0.000000e+00	3.384047e-03	7.344709e-04	9.212488e-03	5.354802e-02	0.000000e+00	1.688664e-02	4.174446e-02	4.182529e-01	2.533494e-01
4.182529e-01	0.000000e+00	1.226951e-02	0.000000e+00	5.400405e-02	0.000000e+00	0.000000e+00	0.000000e+00	0.000000e+00	3.458585e-02	1.265589e-01	1.019226e-03	1.141776e-02	2.326177e-02	8.744851e-02	4.159980e-02	0.000000e+00	0.000000e+00	0.000000e+00	5.218237e-03	6.986707e-02	0.000000e+00	0.000000e+00	3.384047e-03	7.344709e-04	9.212488e-03	5.354802e-02	0.000000e+00	1.688664e-02	4.174446e-02	4.182529e-01	2.533494e-01
4.182529e-01	0.000000e+00	1.226951e-02	0.000000e+00	5.400405e-02	0.000000e+00	0.000000e+00	0.000000e+00	0.000000e+00	3.458585e-02	1.265589e-01	1.019226e-03	1.141776e-02	2.326177e-02	8.744851e-02	4.159980e-02	0.000000e+00	0.000000e+00	0.000000e+00	5.218237e-03	6.986707e-02	0.000000e+00	0.000000e+00	3.384047e-03	7.344709e-04	9.212488e-03	5.354802e-02	0.000000e+00	1.688664e-02	4.174446e-02	4.182529e-01	2.533494e-01
4.182529e-01	0.000000e+00	1.226951e-02	0.000000e+00	5.400405e-02	0.000000e+00	0.000000e+00	0.000000e+00	0.000000e+00	3.458585e-02	1.265589e-01	1.019226e-03	1.141776e-02	2.326177e-02	8.744851e-02	4.159980e-02	0.000000e+00	0.000000e+00	0.000000e+00	5.218237e-03	6.986707e-02	0.000000e+00	0.000000e+00	3.384047e-03	7.344709e-04	9.212488e-03	5.354802e-02	0.000000e+00	1.688664e-02	4.174446e-02	4.182529e-01	2.533494e-01
4.182529e-01	0.000000e+00	1.226951e-02	0.000000e+00	5.400405e-02	0.000000e+00	0.000000e+00	0.000000e+00	0.000000e+00	3.458585e-02	1.265589e-01	1.019226e-03	1.141776e-02	2.326177e-02	8.744851e-02	4.159980e-02	0.000000e+00	0.000000e+00	0.000000e+00	5.218237e-03	6.986707e-02	0.000000e+00	0.000000e+00	3.384047e-03	7.344709e-04	9.212488e-03	5.354802e-02	0.000000e+00	1.688664e-02	4.174446e-02	4.182529e-01	2.533494e-01
2.598192e-01	0.000000e+00	0.000000e+00	0.000000e+00	6.949598e-02	0.000000e+00	0.000000e+00	0.000000e+00	0.000000e+00	2.407992e-02	1.474650e-01	3.261524e-03	9.566334e-03	1.503011e-01	9.537167e-02	3.574091e-02	6.151303e-04	0.000000e+00	0.000000e+00	5.218237e-03	1.540842e-02	0.000000e+00	0.000000e+00	2.769418e-02	3.584224e-03	1.035797e-02	0.000000e+00	2.594372e-02	0.000000e+00	0.000000e+00	2.598192e-01	3.892280e-01
2.598192e-01	8.583782e-03	0.000000e+00	0.000000e+00	1.090272e-01	0.000000e+00	0.000000e+00	0.000000e+00	0.000000e+00	2.407992e-02	8.917511e-02	3.261524e-03	9.566334e-03	1.503011e-01	9.537167e-02	3.574091e-02	6.151303e-04	0.000000e+00	0.000000e+00	4.565957e-03	0.000000e+00	0.000000e+00	0.000000e+00	1.927809e-02	3.584224e-03	3.081119e-02	0.000000e+00	2.594372e-02	4.229389e-03	0.000000e+00	2.598192e-01	3.868563e-01
2.598192e-01	8.583782e-03	0.000000e+00	0.000000e+00	1.090272e-01	0.000000e+00	0.000000e+00	0.000000e+00	0.000000e+00	2.407992e-02	8.917511e-02	3.261524e-03	9.566334e-03	1.503011e-01	9.537167e-02	3.574091e-02	6.151303e-04	0.000000e+00	0.000000e+00	4.565957e-03	0.000000e+00	0.000000e+00	0.000000e+00	1.927809e-02	3.584224e-03	3.081119e-02	0.000000e+00	2.594372e-02	4.229389e-03	0.000000e+00	2.598192e-01	3.868563e-01
2.598192e-01	8.583782e-03	0.000000e+00	0.000000e+00	1.090272e-01	0.000000e+00	0.000000e+00	0.000000e+00	0.000000e+00	2.407992e-02	8.917511e-02	3.261524e-03	9.566334e-03	1.503011e-01	9.537167e-02	3.574091e-02	6.151303e-04	0.000000e+00	0.000000e+00	4.565957e-03	0.000000e+00	0.000000e+00	0.000000e+00	1.927809e-02	3.584224e-03	3.081119e-02	0.000000e+00	2.594372e-02	4.229389e-03	0.000000e+00	2.598192e-01	3.868563e-01
2.598192e-01	8.583782e-03	0.000000e+00	0.000000e+00	1.090272e-01	0.000000e+00	0.000000e+00	0.000000e+00	0.000000e+00	2.407992e-02	8.917511e-02	3.261524e-03	9.566334e-03	1.503011e-01	9.537167e-02	3.574091e-02	6.151303e-04	0.000000e+00	0.000000e+00	4.565957e-03	0.000000e+00	0.000000e+00	0.000000e+00	1.927809e-02	3.584224e-03	3.081119e-02	0.000000e+00	2.594372e-02	4.229389e-03	0.000000e+00	2.598192e-01	3.868563e-01
2.598192e-01	8.583782e-03	0.000000e+00	0.000000e+00	1.090272e-01	0.000000e+00	0.000000e+00	0.000000e+00	0.000000e+00	2.407992e-02	8.917511e-02	3.261524e-03	9.566334e-03	1.503011e-01	9.537167e-02	3.574091e-02	6.151303e-04	0.000000e+00	0.000000e+00	4.565957e-03	0.000000e+00	0.000000e+00	0.000000e+00	1.927809e-02	3.584224e-03	3.081119e-02	0.000000e+00	2.594372e-02	4.229389e-03	0.000000e+00	2.598192e-01	3.868563e-01
2.598192e-01	8.583782e-03	0.000000e+00	0.000000e+00	1.090272e-01	0.000000e+00	0.000000e+00	0.000000e+00	0.000000e+00	2.407992e-02	8.917511e-02	3.261524e-03	9.566334e-03	1.503011e-01	9.537167e-02	3.574091e-02	6.151303e-04	0.000000e+00	0.000000e+00	4.565957e-03	0.000000e+00	0.000000e+00	0.000000e+00	1.927809e-02	3.584224e-03	3.081119e-02	0.000000e+00	2.594372e-02	4.229389e-03	0.000000e+00	2.598192e-01	3.868563e-01
2.598192e-01	8.583782e-03	0.000000e+00	0.000000e+00	1.090272e-01	0.000000e+00	0.000000e+00	0.000000e+00	0.000000e+00	2.407992e-02	8.917511e-02	3.261524e-03	9.566334e-03	1.503011e-01	9.537167e-02	3.574091e-02	6.151303e-04	0.000000e+00	0.000000e+00	4.565957e-03	0.000000e+00	0.000000e+00	0.000000e+00	1.927809e-02	3.584224e-03	3.081119e-02	0.000000e+00	2.594372e-02	4.229389e-03	0.000000e+00	2.598192e-01	3.868563e-01
2.598192e-01	8.583782e-03	0.000000e+00	0.000000e+00	1.090272e-01	0.000000e+00	0.000000e+00	0.000000e+00	0.000000e+00	2.407992e-02	8.917511e-02	3.261524e-03	9.566334e-03	1.503011e-01	9.537167e-02	3.574091e-02	6.151303e-04	0.000000e+00	0.000000e+00	4.565957e-03	0.000000e+00	0.000000e+00	0.000000e+00	1.927809e-02	3.584224e-03	3.081119e-02	0.000000e+00	2.594372e-02	4.229389e-03	0.000000e+00	2.598192e-01	3.868563e-01
2.598192e-01	8.583782e-03	0.000000e+00	0.000000e+00	1.090272e-01	0.000000e+00	0.000000e+00	0.000000e+00	0.000000e+00	2.407992e-02	8.917511e-02	3.261524e-03	9.566334e-03	1.503011e-01	9.537167e-02	3.574091e-02	6.151303e-04	0.000000e+00	0.000000e+00	4.565957e-03	0.000000e+00	0.000000e+00	0.000000e+00	1.927809e-02	3.584224e-03	3.081119e-02	0.000000e+00	2.594372e-02	4.229389e-03	0.000000e+00	2.598192e-01	3.868563e-01
2.598192e-01	8.583782e-03	0.000000e+00	0.000000e+00	1.090272e-01	0.000000e+00	0.000000e+00	0.000000e+00	0.000000e+00	2.407992e-02	8.917511e-02	3.261524e-03	9.566334e-03	1.503011e-01	9.537167e-02	3.574091e-02	6.151303e-04	0.000000e+00	0.000000e+00	4.565957e-03	0.000000e+00	0.000000e+00	0.000000e+00	1.927809e-02	3.584224e-03	3.081119e-02	0.000000e+00	2.594372e-02	4.229389e-03	0.000000e+00	2.598192e-01	3.868563e-01
2.395437e-01	0.000000e+00	0.000000e+00	0.000000e+00	0.000000e+00	0.000000e+00	4.317448e-02	0.000000e+00	0.000000e+00	2.228216e-02	1.783502e-01	1.041440e-02	0.000000e+00	7.240348e-02	1.408767e-02	1.399963e-02	6.151303e-04	0.000000e+00	0.000000e+00	5.218237e-03	5.929104e-02	0.000000e+00	0.000000e+00	1.086200e-02	0.000000e+00	3.921045e-02	0.000000e+00	7.146088e-02	0.000000e+00	0.000000e+00	2.395437e-01	4.123247e-01
2.395437e-01	0.000000e+00	0.000000e+00	0.000000e+00	0.000000e+00	0.000000e+00	0.000000e+00	0.000000e+00	1.018727e-02	2.228216e-02	1.783502e-01	1.041440e-02	0.000000e+00	7.240348e-02	1.408767e-02	1.399963e-02	4.452282e-03	0.000000e+00	0.000000e+00	5.218237e-03	5.929104e-02	2.493143e-03	0.000000e+00	1.086200e-02	0.000000e+00	3.921045e-02	0.000000e+00	7.146088e-02	8.458779e-03	0.000000e+00	2.395437e-01	4.079574e-01
2.395437e-01	0.000000e+00	0.000000e+00	0.000000e+00	0.000000e+00	0.000000e+00	4.317448e-02	0.000000e+00	0.000000e+00	2.228216e-02	1.783502e-01	3.261524e-03	0.000000e+00	7.240348e-02	1.408767e-02	1.399963e-02	6.151303e-04	0.000000e+00	0.000000e+00	5.218237e-03	5.929104e-02	0.000000e+00	7.446688e-02	1.086200e-02	0.000000e+00	4.103780e-02	0.000000e+00	7.146088e-02	0.000000e+00	0.000000e+00	2.395437e-01	4.289457e-01
2.250842e-01	0.000000e+00	0.000000e+00	0.000000e+00	6.949598e-02	0.000000e+00	0.000000e+00	0.000000e+00	8.177820e-03	1.769781e-02	0.000000e+00	3.261524e-03	0.000000e+00	1.503011e-01	7.641761e-02	1.399963e-02	6.151303e-04	0.000000e+00	0.000000e+00	5.218237e-03	1.540842e-02	0.000000e+00	0.000000e+00	7.470240e-03	3.584224e-03	1.035797e-02	0.000000e+00	2.594372e-02	5.140103e-03	0.000000e+00	2.250842e-01	4.646968e-01
2.250842e-01	0.000000e+00	0.000000e+00	0.000000e+00	6.949598e-02	0.000000e+00	1.459439e-02	0.000000e+00	8.177820e-03	1.769781e-02	0.000000e+00	8.715151e-03	0.000000e+00	1.503011e-01	7.641761e-02	1.399963e-02	6.151303e-04	0.000000e+00	0.000000e+00	5.218237e-03	7.559275e-02	0.000000e+00	0.000000e+00	7.470240e-03	0.000000e+00	1.035797e-02	0.000000e+00	2.594372e-02	0.000000e+00	0.000000e+00	2.250842e-01	4.819569e-01
2.250842e-01	0.000000e+00	0.000000e+00	0.000000e+00	6.949598e-02	0.000000e+00	1.459439e-02	0.000000e+00	8.177820e-03	1.769781e-02	0.000000e+00	8.715151e-03	0.000000e+00	1.503011e-01	7.641761e-02	1.399963e-02	6.151303e-04	0.000000e+00	0.000000e+00	5.218237e-03	7.559275e-02	0.000000e+00	0.000000e+00	7.470240e-03	0.000000e+00	1.035797e-02	0.000000e+00	2.594372e-02	0.000000e+00	0.000000e+00	2.250842e-01	4.819569e-01
2.250842e-01	0.000000e+00	0.000000e+00	0.000000e+00	6.949598e-02	0.000000e+00	1.459439e-02	0.000000e+00	8.177820e-03	1.769781e-02	0.000000e+00	8.715151e-03	0.000000e+00	1.503011e-01	7.641761e-02	1.399963e-02	6.151303e-04	0.000000e+00	0.000000e+00	5.218237e-03	7.559275e-02	0.000000e+00	0.000000e+00	7.470240e-03	0.000000e+00	1.035797e-02	0.000000e+00	2.594372e-02	0.000000e+00	0.000000e+00	2.250842e-01	4.819569e-01
2.078415e-01	0.000000e+00	0.000000e+00	0.000000e+00	5.476465e-02	0.000000e+00	0.000000e+00	0.000000e+00	1.376398e-02	1.769781e-02	2.172102e-01	8.153810e-04	0.000000e+00	1.018979e-01	7.641761e-02	0.000000e+00	5.526289e-03	0.000000e+00	0.000000e+00	6.264284e-03	2.042666e-03	0.000000e+00	0.000000e+00	1.860376e-03	0.000000e+00	3.900729e-03	0.000000e+00	4.036608e-02	7.254798e-03	0.000000e+00	2.078415e-01	6.266784e-01
2.078415e-01	0.000000e+00	0.000000e+00	0.000000e+00	5.476465e-02	0.000000e+00	0.000000e+00	0.000000e+00	1.376398e-02	1.769781e-02	2.172102e-01	8.153810e-04	0.000000e+00	1.018979e-01	4.525264e-02	0.000000e+00	5.526289e-03	0.000000e+00	0.000000e+00	0.000000e+00	5.741962e-02	0.000000e+00	0.000000e+00	0.000000e+00	0.000000e+00	3.900729e-03	0.000000e+00	4.036608e-02	7.254798e-03	0.000000e+00	2.078415e-01	6.306203e-01
2.078415e-01	0.000000e+00	0.000000e+00	0.000000e+00	5.476465e-02	0.000000e+00	0.000000e+00	0.000000e+00	1.376398e-02	1.769781e-02	2.172102e-01	8.153810e-04	0.000000e+00	1.018979e-01	4.525264e-02	0.000000e+00	5.526289e-03	0.000000e+00	0.000000e+00	0.000000e+00	5.741962e-02	0.000000e+00	0.000000e+00	0.000000e+00	0.000000e+00	3.900729e-03	0.000000e+00	4.036608e-02	7.254798e-03	0.000000e+00	2.078415e-01	6.306203e-01
2.011365e-01	0.000000e+00	0.000000e+00	0.000000e+00	8.578434e-02	0.000000e+00	1.398571e-02	0.000000e+00	2.870974e-02	2.888533e-02	4.813528e-02	6.660016e-03	0.000000e+00	1.503011e-01	1.926253e-01	3.169719e-02	1.562534e-04	0.000000e+00	0.000000e+00	1.070698e-02	6.643076e-03	0.000000e+00	0.000000e+00	8.460119e-03	1.264467e-02	9.212488e-03	0.000000e+00	1.632881e-02	1.092158e-01	0.000000e+00	2.011365e-01	7.301446e-01
8.911565e-02	0.000000e+00	0.000000e+00	0.000000e+00	3.474799e-02	0.000000e+00	0.000000e+00	0.000000e+00	1.018727e-02	2.501064e-02	8.917511e-02	9.564774e-03	0.000000e+00	7.240348e-02	1.408767e-02	1.399963e-02	2.533706e-03	0.000000e+00	0.000000e+00	0.000000e+00	3.802952e-02	0.000000e+00	0.000000e+00	4.078483e-03	0.000000e+00	3.921045e-02	0.000000e+00	3.075117e-02	8.458779e-03	0.000000e+00	8.911565e-02	7.756770e-01
8.911565e-02	0.000000e+00	0.000000e+00	0.000000e+00	3.474799e-02	0.000000e+00	0.000000e+00	0.000000e+00	1.018727e-02	2.501064e-02	8.917511e-02	9.564774e-03	0.000000e+00	7.240348e-02	1.408767e-02	1.399963e-02	2.533706e-03	0.000000e+00	0.000000e+00	0.000000e+00	3.802952e-02	0.000000e+00	0.000000e+00	4.078483e-03	0.000000e+00	3.921045e-02	0.000000e+00	3.075117e-02	8.458779e-03	0.000000e+00	8.911565e-02	7.756770e-01
8.911565e-02	0.000000e+00	0.000000e+00	0.000000e+00	3.474799e-02	0.000000e+00	0.000000e+00	0.000000e+00	1.018727e-02	2.501064e-02	8.917511e-02	9.564774e-03	0.000000e+00	7.240348e-02	1.408767e-02	1.399963e-02	2.533706e-03	0.000000e+00	0.000000e+00	0.000000e+00	3.802952e-02	0.000000e+00	0.000000e+00	4.078483e-03	0.000000e+00	3.921045e-02	0.000000e+00	3.075117e-02	8.458779e-03	0.000000e+00	8.911565e-02	7.756770e-01
8.911565e-02	0.000000e+00	0.000000e+00	0.000000e+00	3.474799e-02	0.000000e+00	0.000000e+00	0.000000e+00	1.018727e-02	2.501064e-02	8.917511e-02	9.564774e-03	0.000000e+00	7.240348e-02	1.408767e-02	1.399963e-02	2.533706e-03	0.000000e+00	0.000000e+00	0.000000e+00	3.802952e-02	0.000000e+00	0.000000e+00	4.078483e-03	0.000000e+00	3.921045e-02	0.000000e+00	3.075117e-02	8.458779e-03	0.000000e+00	8.911565e-02	7.756770e-01
8.911565e-02	0.000000e+00	0.000000e+00	0.000000e+00	3.474799e-02	0.000000e+00	0.000000e+00	0.000000e+00	1.018727e-02	2.501064e-02	8.917511e-02	9.564774e-03	0.000000e+00	7.240348e-02	1.408767e-02	1.399963e-02	2.533706e-03	0.000000e+00	0.000000e+00	0.000000e+00	3.802952e-02	0.000000e+00	0.000000e+00	4.078483e-03	0.000000e+00	3.921045e-02	0.000000e+00	3.075117e-02	8.458779e-03	0.000000e+00	8.911565e-02	7.756770e-01
8.911565e-02	0.000000e+00	0.000000e+00	0.000000e+00	3.474799e-02	0.000000e+00	0.000000e+00	0.000000e+00	1.018727e-02	2.501064e-02	8.917511e-02	9.564774e-03	0.000000e+00	7.240348e-02	1.408767e-02	1.399963e-02	2.533706e-03	0.000000e+00	0.000000e+00	0.000000e+00	3.802952e-02	0.000000e+00	0.000000e+00	4.078483e-03	0.000000e+00	3.921045e-02	0.000000e+00	3.075117e-02	8.458779e-03	0.000000e+00	8.911565e-02	7.756770e-01
8.911565e-02	0.000000e+00	0.000000e+00	0.000000e+00	3.474799e-02	0.000000e+00	0.000000e+00	0.000000e+00	1.018727e-02	2.501064e-02	8.917511e-02	9.564774e-03	0.000000e+00	7.240348e-02	1.408767e-02	1.399963e-02	2.533706e-03	0.000000e+00	0.000000e+00	0.000000e+00	3.802952e-02	0.000000e+00	0.000000e+00	4.078483e-03	0.000000e+00	3.921045e-02	0.000000e+00	3.075117e-02	8.458779e-03	0.000000e+00	8.911565e-02	7.756770e-01
8.911565e-02	0.000000e+00	0.000000e+00	0.000000e+00	3.474799e-02	0.000000e+00	0.000000e+00	0.000000e+00	1.018727e-02	2.501064e-02	8.917511e-02	9.564774e-03	0.000000e+00	7.240348e-02	1.408767e-02	1.399963e-02	2.533706e-03	0.000000e+00	0.000000e+00	0.000000e+00	3.802952e-02	0.000000e+00	0.000000e+00	4.078483e-03	0.000000e+00	3.921045e-02	0.000000e+00	3.075117e-02	8.458779e-03	0.000000e+00	8.911565e-02	7.756770e-01
8.108780e-02	0.000000e+00	0.000000e+00	0.000000e+00	0.000000e+00	0.000000e+00	2.485310e-02	4.700774e-03	1.018727e-02	2.744825e-02	2.622374e-01	1.041440e-02	0.000000e+00	7.240348e-02	1.408767e-02	1.521225e-02	4.452282e-03	0.000000e+00	0.000000e+00	0.000000e+00	2.679028e-02	0.000000e+00	0.000000e+00	4.078483e-03	0.000000e+00	3.921045e-02	0.000000e+00	3.555863e-02	8.458779e-03	0.000000e+00	8.108780e-02	8.199123e-01
4.096732e-02	0.000000e+00	0.000000e+00	0.000000e+00	7.764016e-02	0.000000e+00	0.000000e+00	0.000000e+00	1.944850e-02	2.501064e-02	8.917511e-02	9.564774e-03	0.000000e+00	7.240348e-02	7.043837e-03	1.399963e-02	2.883722e-02	0.000000e+00	0.000000e+00	0.000000e+00	3.802952e-02	0.000000e+00	0.000000e+00	6.269301e-03	0.000000e+00	0.000000e+00	0.000000e+00	3.075117e-02	8.458779e-03	0.000000e+00	4.096732e-02	8.776873e-01
4.096732e-02	0.000000e+00	0.000000e+00	0.000000e+00	7.764016e-02	0.000000e+00	0.000000e+00	0.000000e+00	1.944850e-02	2.501064e-02	8.917511e-02	9.564774e-03	0.000000e+00	7.240348e-02	7.043837e-03	1.399963e-02	2.883722e-02	0.000000e+00	0.000000e+00	0.000000e+00	3.802952e-02	0.000000e+00	0.000000e+00	6.269301e-03	0.000000e+00	0.000000e+00	0.000000e+00	3.075117e-02	8.458779e-03	0.000000e+00	4.096732e-02	8.776873e-01
4.096732e-02	0.000000e+00	0.000000e+00	0.000000e+00	7.764016e-02	0.000000e+00	0.000000e+00	0.000000e+00	1.944850e-02	2.501064e-02	8.917511e-02	9.564774e-03	0.000000e+00	7.240348e-02	7.043837e-03	1.399963e-02	2.883722e-02	0.000000e+00	0.000000e+00	0.000000e+00	3.802952e-02	0.000000e+00	0.000000e+00	6.269301e-03	0.000000e+00	0.000000e+00	0.000000e+00	3.075117e-02	8.458779e-03	0.000000e+00	4.096732e-02	8.776873e-01
4.096732e-02	0.000000e+00	0.000000e+00	0.000000e+00	7.764016e-02	0.000000e+00	0.000000e+00	0.000000e+00	1.944850e-02	2.501064e-02	8.917511e-02	9.564774e-03	0.000000e+00	7.240348e-02	7.043837e-03	1.399963e-02	2.883722e-02	0.000000e+00	0.000000e+00	0.000000e+00	3.802952e-02	0.000000e+00	0.000000e+00	6.269301e-03	0.000000e+00	0.000000e+00	0.000000e+00	3.075117e-02	8.458779e-03	0.000000e+00	4.096732e-02	8.776873e-01
1.524351e-02	2.007042e-02	0.000000e+00	0.000000e+00	7.585184e-02	0.000000e+00	1.398571e-02	2.686157e-03	1.815499e-02	2.135422e-02	1.531926e-01	1.277216e-02	0.000000e+00	3.746269e-02	1.408767e-02	4.005253e-03	0.000000e+00	0.000000e+00	0.000000e+00	0.000000e+00	4.398133e-02	4.986286e-03	0.000000e+00	2.039241e-03	0.000000e+00	3.477805e-02	0.000000e+00	3.555863e-02	7.254798e-03	0.000000e+00	1.524351e-02	1.016100e+00
1.717190e-03	0.000000e+00	0.000000e+00	0.000000e+00	3.474799e-02	0.000000e+00	0.000000e+00	1.640291e-02	1.636663e-02	2.501064e-02	8.917511e-02	9.564774e-03	0.000000e+00	7.240348e-02	7.043837e-03	1.399963e-02	2.883722e-02	0.000000e+00	0.000000e+00	0.000000e+00	3.802952e-02	0.000000e+00	0.000000e+00	4.078483e-03	0.000000e+00	3.921045e-02	0.000000e+00	3.075117e-02	8.458779e-03	0.000000e+00	1.717190e-03	1.090480e+00
0.000000e+00	8.946639e-03	0.000000e+00	0.000000e+00	2.144609e-02	0.000000e+00	2.485310e-02	1.400271e-02	9.443650e-03	2.444169e-02	2.622374e-01	1.277216e-02	0.000000e+00	1.237082e-03	0.000000e+00	1.490909e-02	0.000000e+00	0.000000e+00	1.504014e-02	1.152574e-02	4.398133e-02	0.000000e+00	0.000000e+00	5.173892e-03	0.000000e+00	3.477805e-02	0.000000e+00	3.555863e-02	7.254798e-03	0.000000e+00	0.000000e+00	1.169945e+00
