8.519225e-01	4.348896e-03	0.000000e+00	2.538285e-02	2.827030e-02	7.791396e-02	0.000000e+00	4.485584e-02	0.000000e+00	1.125409e-02	0.000000e+00	3.965100e-02	0.000000e+00	1.419375e-02	9.336236e-02	0.000000e+00	0.000000e+00	3.311851e-01	2.921795e-03	1.320174e-02	0.000000e+00	2.285643e-03	0.000000e+00	0.000000e+00	1.355740e-01	0.000000e+00	5.081622e-02	1.602510e-02	2.842149e-01	3.656342e-03	8.519225e-01	-5.631718e-01
8.519225e-01	4.348896e-03	0.000000e+00	2.538285e-02	2.827030e-02	7.791396e-02	0.000000e+00	4.485584e-02	0.000000e+00	1.125409e-02	0.000000e+00	3.965100e-02	0.000000e+00	1.419375e-02	9.336236e-02	0.000000e+00	0.000000e+00	3.311851e-01	2.921795e-03	1.320174e-02	0.000000e+00	2.285643e-03	0.000000e+00	0.000000e+00	1.355740e-01	0.000000e+00	5.081622e-02	1.602510e-02	2.842149e-01	3.656342e-03	8.519225e-01	-5.631718e-01
8.519225e-01	9.301806e-03	0.000000e+00	1.018383e-02	2.167759e-02	7.791396e-02	0.000000e+00	4.485584e-02	0.000000e+00	1.125409e-02	0.000000e+00	6.066972e-02	0.000000e+00	1.419375e-02	4.774298e-02	0.000000e+00	0.000000e+00	3.311851e-01	2.921795e-03	1.320174e-02	0.000000e+00	2.285643e-03	6.348729e-02	8.252685e-03	1.349583e-01	0.000000e+00	5.271074e-02	2.780767e-02	3.259107e-01	3.656342e-03	8.519225e-01	-5.471481e-01
8.519225e-01	9.301806e-03	0.000000e+00	1.018383e-02	2.167759e-02	7.791396e-02	0.000000e+00	4.485584e-02	0.000000e+00	1.125409e-02	0.000000e+00	6.066972e-02	0.000000e+00	1.419375e-02	4.774298e-02	0.000000e+00	0.000000e+00	3.311851e-01	2.921795e-03	1.320174e-02	0.000000e+00	2.285643e-03	6.348729e-02	8.252685e-03	1.349583e-01	0.000000e+00	5.271074e-02	2.780767e-02	3.259107e-01	3.656342e-03	8.519225e-01	-5.471481e-01
8.519225e-01	9.301806e-03	0.000000e+00	1.018383e-02	2.167759e-02	7.791396e-02	0.000000e+00	4.485584e-02	0.000000e+00	1.125409e-02	0.000000e+00	6.066972e-02	0.000000e+00	1.419375e-02	4.774298e-02	0.000000e+00	0.000000e+00	3.311851e-01	2.921795e-03	1.320174e-02	0.000000e+00	2.285643e-03	6.348729e-02	8.252685e-03	1.349583e-01	0.000000e+00	5.271074e-02	2.780767e-02	3.259107e-01	3.656342e-03	8.519225e-01	-5.471481e-01
8.441229e-01	1.425472e-02	0.000000e+00	1.018383e-02	2.827030e-02	7.791396e-02	0.000000e+00	4.485584e-02	0.000000e+00	2.927364e-03	0.000000e+00	6.066972e-02	0.000000e+00	1.253653e-02	0.000000e+00	0.000000e+00	7.439134e-03	3.097495e-01	2.939556e-02	3.296876e-02	0.000000e+00	2.285643e-03	0.000000e+00	0.000000e+00	1.349583e-01	0.000000e+00	6.149642e-02	6.818912e-02	3.467586e-01	3.107891e-02	8.441229e-01	-5.193279e-01
8.441229e-01	1.425472e-02	0.000000e+00	1.018383e-02	2.827030e-02	7.791396e-02	0.000000e+00	4.485584e-02	0.000000e+00	2.927364e-03	0.000000e+00	6.066972e-02	0.000000e+00	1.253653e-02	0.000000e+00	0.000000e+00	7.439134e-03	3.097495e-01	2.939556e-02	3.296876e-02	0.000000e+00	2.285643e-03	0.000000e+00	0.000000e+00	1.349583e-01	0.000000e+00	6.149642e-02	6.818912e-02	3.467586e-01	3.107891e-02	8.441229e-01	-5.193279e-01
8.441229e-01	1.425472e-02	0.000000e+00	1.018383e-02	2.827030e-02	7.791396e-02	0.000000e+00	4.485584e-02	0.000000e+00	2.927364e-03	0.000000e+00	6.066972e-02	0.000000e+00	1.253653e-02	0.000000e+00	0.000000e+00	7.439134e-03	3.097495e-01	2.939556e-02	3.296876e-02	0.000000e+00	2.285643e-03	0.000000e+00	0.000000e+00	1.349583e-01	0.000000e+00	6.149642e-02	6.818912e-02	3.467586e-01	3.107891e-02	8.441229e-01	-5.193279e-01
8.441229e-01	1.425472e-02	0.000000e+00	1.018383e-02	2.827030e-02	1.168709e-01	0.000000e+00	4.485584e-02	0.000000e+00	2.927364e-03	0.000000e+00	6.066972e-02	0.000000e+00	1.253653e-02	0.000000e+00	0.000000e+00	7.439134e-03	3.097495e-01	1.107839e-01	3.296876e-02	0.000000e+00	2.285643e-03	0.000000e+00	0.000000e+00	1.349583e-01	0.000000e+00	6.149642e-02	6.818912e-02	3.363347e-01	3.107891e-02	8.441229e-01	-4.983979e-01
8.441229e-01	1.425472e-02	0.000000e+00	1.018383e-02	2.827030e-02	1.168709e-01	0.000000e+00	4.485584e-02	0.000000e+00	2.927364e-03	0.000000e+00	6.066972e-02	0.000000e+00	1.253653e-02	0.000000e+00	0.000000e+00	7.439134e-03	3.097495e-01	1.107839e-01	3.296876e-02	0.000000e+00	2.285643e-03	0.000000e+00	0.000000e+00	1.349583e-01	0.000000e+00	6.149642e-02	6.818912e-02	3.363347e-01	3.107891e-02	8.441229e-01	-4.983979e-01
8.441229e-01	1.425472e-02	0.000000e+00	1.018383e-02	2.827030e-02	1.168709e-01	0.000000e+00	4.485584e-02	0.000000e+00	2.927364e-03	0.000000e+00	6.066972e-02	0.000000e+00	1.253653e-02	0.000000e+00	0.000000e+00	7.439134e-03	3.097495e-01	1.107839e-01	3.296876e-02	0.000000e+00	2.285643e-03	0.000000e+00	0.000000e+00	1.349583e-01	0.000000e+00	6.149642e-02	6.818912e-02	3.363347e-01	3.107891e-02	8.441229e-01	-4.983979e-01
8.390686e-01	1.425472e-02	2.133360e-03	1.018383e-02	1.508487e-02	0.000000e+00	0.000000e+00	3.364188e-02	0.000000e+00	1.951576e-03	5.387547e-02	3.965100e-02	0.000000e+00	1.210133e-02	2.123603e-03	7.432403e-03	7.439134e-03	2.719224e-01	1.072916e-01	3.296876e-02	1.154052e-01	9.102144e-03	0.000000e+00	1.650537e-02	1.352661e-01	0.000000e+00	0.000000e+00	6.818912e-02	3.676066e-01	2.650848e-02	8.390686e-01	-4.621368e-01
8.390686e-01	1.425472e-02	2.133360e-03	1.018383e-02	1.508487e-02	0.000000e+00	0.000000e+00	3.364188e-02	0.000000e+00	1.951576e-03	5.387547e-02	3.965100e-02	0.000000e+00	1.210133e-02	2.123603e-03	7.432403e-03	7.439134e-03	2.719224e-01	1.072916e-01	3.296876e-02	1.154052e-01	9.102144e-03	0.000000e+00	1.650537e-02	1.352661e-01	0.000000e+00	0.000000e+00	6.818912e-02	3.676066e-01	2.650848e-02	8.390686e-01	-4.621368e-01
8.390686e-01	1.425472e-02	2.133360e-03	1.018383e-02	1.508487e-02	0.000000e+00	0.000000e+00	3.364188e-02	0.000000e+00	1.951576e-03	5.387547e-02	3.965100e-02	0.000000e+00	1.210133e-02	2.123603e-03	7.432403e-03	7.439134e-03	2.719224e-01	1.072916e-01	3.296876e-02	1.154052e-01	9.102144e-03	0.000000e+00	1.650537e-02	1.352661e-01	0.000000e+00	0.000000e+00	6.818912e-02	3.676066e-01	2.650848e-02	8.390686e-01	-4.621368e-01
8.390686e-01	1.425472e-02	2.133360e-03	1.018383e-02	1.508487e-02	0.000000e+00	0.000000e+00	3.364188e-02	0.000000e+00	1.951576e-03	5.387547e-02	3.965100e-02	0.000000e+00	1.210133e-02	2.123603e-03	7.432403e-03	7.439134e-03	2.719224e-01	1.072916e-01	3.296876e-02	1.154052e-01	9.102144e-03	0.000000e+00	1.650537e-02	1.352661e-01	0.000000e+00	0.000000e+00	6.818912e-02	3.676066e-01	2.650848e-02	8.390686e-01	-4.621368e-01
8.390686e-01	1.425472e-02	2.133360e-03	1.018383e-02	1.508487e-02	0.000000e+00	0.000000e+00	3.364188e-02	0.000000e+00	1.951576e-03	5.387547e-02	3.965100e-02	0.000000e+00	1.210133e-02	2.123603e-03	7.432403e-03	7.439134e-03	2.719224e-01	1.072916e-01	3.296876e-02	1.154052e-01	9.102144e-03	0.000000e+00	1.650537e-02	1.352661e-01	0.000000e+00	0.000000e+00	6.818912e-02	3.676066e-01	2.650848e-02	8.390686e-01	-4.621368e-01
8.390686e-01	1.425472e-02	2.133360e-03	1.018383e-02	1.508487e-02	0.000000e+00	0.000000e+00	3.364188e-02	0.000000e+00	1.951576e-03	5.387547e-02	3.965100e-02	0.000000e+00	1.210133e-02	2.123603e-03	7.432403e-03	7.439134e-03	2.719224e-01	1.072916e-01	3.296876e-02	1.154052e-01	9.102144e-03	0.000000e+00	1.650537e-02	1.352661e-01	0.000000e+00	0.000000e+00	6.818912e-02	3.676066e-01	2.650848e-02	8.390686e-01	-4.621368e-01
8.390686e-01	1.425472e-02	2.133360e-03	1.018383e-02	1.508487e-02	0.000000e+00	0.000000e+00	3.364188e-02	0.000000e+00	1.951576e-03	5.387547e-02	3.965100e-02	0.000000e+00	1.210133e-02	2.123603e-03	7.432403e-03	7.439134e-03	2.719224e-01	1.072916e-01	3.296876e-02	1.154052e-01	9.102144e-03	0.000000e+00	1.650537e-02	1.352661e-01	0.000000e+00	0.000000e+00	6.818912e-02	3.676066e-01	2.650848e-02	8.390686e-01	-4.621368e-01
8.340142e-01	1.503993e-02	4.266720e-03	0.000000e+00	1.508487e-02	0.000000e+00	0.000000e+00	5.958347e-02	0.000000e+00	0.000000e+00	3.973472e-02	2.015573e-02	0.000000e+00	7.314596e-02	6.893314e-02	1.486481e-02	1.049967e-02	3.202432e-01	1.037993e-01	3.296876e-02	0.000000e+00	0.000000e+00	0.000000e+00	7.795614e-02	6.359128e-02	0.000000e+00	8.703246e-03	6.818912e-02	3.676066e-01	2.188019e-02	8.340142e-01	-3.929799e-01
8.340142e-01	1.503993e-02	4.266720e-03	0.000000e+00	1.508487e-02	0.000000e+00	0.000000e+00	5.958347e-02	0.000000e+00	0.000000e+00	3.973472e-02	2.015573e-02	0.000000e+00	7.314596e-02	6.893314e-02	1.486481e-02	1.049967e-02	3.202432e-01	1.037993e-01	3.296876e-02	0.000000e+00	0.000000e+00	0.000000e+00	7.795614e-02	6.359128e-02	0.000000e+00	8.703246e-03	6.818912e-02	3.676066e-01	2.188019e-02	8.340142e-01	-3.929799e-01
8.340142e-01	1.503993e-02	4.266720e-03	0.000000e+00	1.508487e-02	0.000000e+00	0.000000e+00	5.958347e-02	0.000000e+00	0.000000e+00	3.973472e-02	2.015573e-02	0.000000e+00	7.314596e-02	6.893314e-02	1.486481e-02	1.049967e-02	3.202432e-01	1.037993e-01	3.296876e-02	0.000000e+00	0.000000e+00	0.000000e+00	7.795614e-02	6.359128e-02	0.000000e+00	8.703246e-03	6.818912e-02	3.676066e-01	2.188019e-02	8.340142e-01	-3.929799e-01
8.340142e-01	1.503993e-02	4.266720e-03	0.000000e+00	1.508487e-02	0.000000e+00	0.000000e+00	5.958347e-02	0.000000e+00	0.000000e+00	3.973472e-02	2.015573e-02	0.000000e+00	7.314596e-02	6.893314e-02	1.486481e-02	1.049967e-02	3.202432e-01	1.037993e-01	3.296876e-02	0.000000e+00	0.000000e+00	0.000000e+00	7.795614e-02	6.359128e-02	0.000000e+00	8.703246e-03	6.818912e-02	3.676066e-01	2.188019e-02	8.340142e-01	-3.929799e-01
8.340142e-01	1.503993e-02	4.266720e-03	0.000000e+00	1.508487e-02	0.000000e+00	0.000000e+00	5.958347e-02	0.000000e+00	0.000000e+00	3.973472e-02	2.015573e-02	0.000000e+00	7.314596e-02	6.893314e-02	1.486481e-02	1.049967e-02	3.202432e-01	1.037993e-01	3.296876e-02	0.000000e+00	0.000000e+00	0.000000e+00	7.795614e-02	6.359128e-02	0.000000e+00	8.703246e-03	6.818912e-02	3.676066e-01	2.188019e-02	8.340142e-01	-3.929799e-01
8.340142e-01	1.503993e-02	4.266720e-03	0.000000e+00	1.508487e-02	0.000000e+00	0.000000e+00	5.958347e-02	0.000000e+00	0.000000e+00	3.973472e-02	2.015573e-02	0.000000e+00	7.314596e-02	6.893314e-02	1.486481e-02	1.049967e-02	3.202432e-01	1.037993e-01	3.296876e-02	0.000000e+00	0.000000e+00	0.000000e+00	7.795614e-02	6.359128e-02	0.000000e+00	8.703246e-03	6.818912e-02	3.676066e-01	2.188019e-02	8.340142e-01	-3.929799e-01
8.340142e-01	1.503993e-02	4.266720e-03	0.000000e+00	1.508487e-02	0.000000e+00	0.000000e+00	5.958347e-02	0.000000e+00	0.000000e+00	3.973472e-02	2.015573e-02	0.000000e+00	7.314596e-02	6.893314e-02	1.486481e-02	1.049967e-02	3.202432e-01	1.037993e-01	3.296876e-02	0.000000e+00	0.000000e+00	0.000000e+00	7.795614e-02	6.359128e-02	0.000000e+00	8.703246e-03	6.818912e-02	3.676066e-01	2.188019e-02	8.340142e-01	-3.929799e-01
8.340142e-01	1.503993e-02	4.266720e-03	0.000000e+00	1.508487e-02	0.000000e+00	0.000000e+00	5.958347e-02	0.000000e+00	0.000000e+00	3.973472e-02	2.015573e-02	0.000000e+00	7.314596e-02	6.893314e-02	1.486481e-02	1.049967e-02	3.202432e-01	1.037993e-01	3.296876e-02	0.000000e+00	0.000000e+00	0.000000e+00	7.795614e-02	6.359128e-02	0.000000e+00	8.703246e-03	6.818912e-02	3.676066e-01	2.188019e-02	8.340142e-01	-3.929799e-01
8.340142e-01	1.503993e-02	4.266720e-03	0.000000e+00	1.508487e-02	0.000000e+00	0.000000e+00	5.958347e-02	0.000000e+00	0.000000e+00	3.973472e-02	2.015573e-02	0.000000e+00	7.314596e-02	6.893314e-02	1.486481e-02	1.049967e-02	3.202432e-01	1.037993e-01	3.296876e-02	0.000000e+00	0.000000e+00	0.000000e+00	7.795614e-02	6.359128e-02	0.000000e+00	8.703246e-03	6.818912e-02	3.676066e-01	2.188019e-02	8.340142e-01	-3.929799e-01
8.340142e-01	1.503993e-02	4.266720e-03	0.000000e+00	1.508487e-02	0.000000e+00	0.000000e+00	5.958347e-02	0.000000e+00	0.000000e+00	3.973472e-02	2.015573e-02	0.000000e+00	7.314596e-02	6.893314e-02	1.486481e-02	1.049967e-02	3.202432e-01	1.037993e-01	3.296876e-02	0.000000e+00	0.000000e+00	0.000000e+00	7.795614e-02	6.359128e-02	0.000000e+00	8.703246e-03	6.818912e-02	3.676066e-01	2.188019e-02	8.340142e-01	-3.929799e-01
6.460675e-01	0.000000e+00	0.000000e+00	1.400682e-02	2.363746e-02	7.918688e-02	4.989301e-02	0.000000e+00	0.000000e+00	0.000000e+00	3.885369e-02	1.706026e-02	1.668444e-02	8.080406e-03	2.643851e-02	0.000000e+00	3.272569e-03	2.296293e-01	6.631008e-02	3.287829e-03	2.508571e-02	2.338890e-03	0.000000e+00	0.000000e+00	0.000000e+00	7.192109e-03	0.000000e+00	0.000000e+00	3.881046e-01	1.279720e-02	6.460675e-01	-2.485022e-01
6.460675e-01	0.000000e+00	0.000000e+00	1.400682e-02	2.363746e-02	7.918688e-02	4.989301e-02	0.000000e+00	0.000000e+00	0.000000e+00	3.885369e-02	1.706026e-02	1.668444e-02	8.080406e-03	2.643851e-02	0.000000e+00	3.272569e-03	2.296293e-01	6.631008e-02	3.287829e-03	2.508571e-02	2.338890e-03	0.000000e+00	0.000000e+00	0.000000e+00	7.192109e-03	0.000000e+00	0.000000e+00	3.881046e-01	1.279720e-02	6.460675e-01	-2.485022e-01
6.460675e-01	0.000000e+00	0.000000e+00	1.400682e-02	2.363746e-02	7.918688e-02	4.989301e-02	0.000000e+00	0.000000e+00	0.000000e+00	3.885369e-02	1.706026e-02	1.668444e-02	8.080406e-03	2.643851e-02	0.000000e+00	3.272569e-03	2.296293e-01	6.631008e-02	3.287829e-03	2.508571e-02	2.338890e-03	0.000000e+00	0.000000e+00	0.000000e+00	7.192109e-03	0.000000e+00	0.000000e+00	3.881046e-01	1.279720e-02	6.460675e-01	-2.485022e-01
6.460675e-01	0.000000e+00	0.000000e+00	1.400682e-02	2.363746e-02	7.918688e-02	4.989301e-02	0.000000e+00	0.000000e+00	0.000000e+00	3.885369e-02	1.706026e-02	1.668444e-02	8.080406e-03	2.643851e-02	0.000000e+00	3.272569e-03	2.296293e-01	6.631008e-02	3.287829e-03	2.508571e-02	2.338890e-03	0.000000e+00	0.000000e+00	0.000000e+00	7.192109e-03	0.000000e+00	0.000000e+00	3.881046e-01	1.279720e-02	6.460675e-01	-2.485022e-01
6.460675e-01	0.000000e+00	0.000000e+00	1.400682e-02	2.363746e-02	7.918688e-02	4.989301e-02	0.000000e+00	0.000000e+00	0.000000e+00	3.885369e-02	1.706026e-02	1.668444e-02	8.080406e-03	2.643851e-02	0.000000e+00	3.272569e-03	2.296293e-01	6.631008e-02	3.287829e-03	2.508571e-02	2.338890e-03	0.000000e+00	0.000000e+00	0.000000e+00	7.192109e-03	0.000000e+00	0.000000e+00	3.881046e-01	1.279720e-02	6.460675e-01	-2.485022e-01
6.460675e-01	0.000000e+00	0.000000e+00	1.400682e-02	2.363746e-02	7.918688e-02	4.989301e-02	0.000000e+00	0.000000e+00	0.000000e+00	3.885369e-02	1.706026e-02	1.668444e-02	8.080406e-03	2.643851e-02	0.000000e+00	3.272569e-03	2.296293e-01	6.631008e-02	3.287829e-03	2.508571e-02	2.338890e-03	0.000000e+00	0.000000e+00	0.000000e+00	7.192109e-03	0.000000e+00	0.000000e+00	3.881046e-01	1.279720e-02	6.460675e-01	-2.485022e-01
6.460675e-01	0.000000e+00	0.000000e+00	1.566512e-02	2.239050e-02	7.918688e-02	5.166331e-02	0.000000e+00	0.000000e+00	0.000000e+00	3.885369e-02	1.706026e-02	6.400236e-02	8.080406e-03	2.989073e-02	8.964325e-02	0.000000e+00	2.296293e-01	6.631008e-02	3.287829e-03	2.508571e-02	2.338890e-03	0.000000e+00	0.000000e+00	0.000000e+00	7.866369e-03	0.000000e+00	0.000000e+00	3.622393e-01	1.279720e-02	6.460675e-01	-2.254176e-01
6.460675e-01	0.000000e+00	0.000000e+00	1.566512e-02	2.239050e-02	7.918688e-02	5.166331e-02	0.000000e+00	0.000000e+00	0.000000e+00	3.885369e-02	1.706026e-02	6.400236e-02	8.080406e-03	2.989073e-02	8.964325e-02	0.000000e+00	2.296293e-01	6.631008e-02	3.287829e-03	2.508571e-02	2.338890e-03	0.000000e+00	0.000000e+00	0.000000e+00	7.866369e-03	0.000000e+00	0.000000e+00	3.622393e-01	1.279720e-02	6.460675e-01	-2.254176e-01
6.460675e-01	4.948866e-02	0.000000e+00	1.566512e-02	2.613137e-02	7.918688e-02	4.635239e-02	0.000000e+00	7.370568e-02	3.903152e-03	3.568686e-02	1.706026e-02	6.400236e-02	8.080406e-03	1.953406e-02	1.427124e-01	1.529331e-01	0.000000e+00	6.631008e-02	3.287829e-03	2.508571e-02	2.338890e-03	0.000000e+00	0.000000e+00	0.000000e+00	7.866369e-03	0.000000e+00	0.000000e+00	3.622393e-01	1.279720e-02	6.460675e-01	-2.074315e-01
6.460675e-01	4.948866e-02	0.000000e+00	1.566512e-02	2.613137e-02	7.918688e-02	4.635239e-02	0.000000e+00	7.370568e-02	3.903152e-03	3.568686e-02	1.706026e-02	6.400236e-02	8.080406e-03	1.953406e-02	1.427124e-01	1.529331e-01	0.000000e+00	6.631008e-02	3.287829e-03	2.508571e-02	2.338890e-03	0.000000e+00	0.000000e+00	0.000000e+00	7.866369e-03	0.000000e+00	0.000000e+00	3.622393e-01	1.279720e-02	6.460675e-01	-2.074315e-01
6.460675e-01	4.948866e-02	0.000000e+00	1.566512e-02	2.613137e-02	7.918688e-02	4.635239e-02	0.000000e+00	7.370568e-02	3.903152e-03	3.568686e-02	1.706026e-02	6.400236e-02	8.080406e-03	1.953406e-02	1.427124e-01	1.529331e-01	0.000000e+00	6.631008e-02	3.287829e-03	2.508571e-02	2.338890e-03	0.000000e+00	0.000000e+00	0.000000e+00	7.866369e-03	0.000000e+00	0.000000e+00	3.622393e-01	1.279720e-02	6.460675e-01	-2.074315e-01
6.460675e-01	4.948866e-02	0.000000e+00	1.566512e-02	2.613137e-02	7.918688e-02	4.635239e-02	0.000000e+00	7.370568e-02	3.903152e-03	3.568686e-02	1.706026e-02	6.400236e-02	8.080406e-03	1.953406e-02	1.427124e-01	1.529331e-01	0.000000e+00	6.631008e-02	3.287829e-03	2.508571e-02	2.338890e-03	0.000000e+00	0.000000e+00	0.000000e+00	7.866369e-03	0.000000e+00	0.000000e+00	3.622393e-01	1.279720e-02	6.460675e-01	-2.074315e-01
6.460675e-01	4.948866e-02	0.000000e+00	1.566512e-02	2.613137e-02	7.918688e-02	4.635239e-02	0.000000e+00	7.370568e-02	3.903152e-03	3.568686e-02	1.706026e-02	6.400236e-02	8.080406e-03	1.953406e-02	1.427124e-01	1.529331e-01	0.000000e+00	6.631008e-02	3.287829e-03	2.508571e-02	2.338890e-03	0.000000e+00	0.000000e+00	0.000000e+00	7.866369e-03	0.000000e+00	0.000000e+00	3.622393e-01	1.279720e-02	6.460675e-01	-2.074315e-01
6.277572e-01	0.000000e+00	0.000000e+00	1.069023e-02	2.363746e-02	3.959344e-02	4.635239e-02	0.000000e+00	0.000000e+00	3.903152e-03	3.568686e-02	1.706026e-02	1.668444e-02	0.000000e+00	1.953406e-02	0.000000e+00	1.512968e-01	0.000000e+00	6.631008e-02	3.287829e-03	2.508571e-02	2.338890e-03	1.581453e-03	0.000000e+00	0.000000e+00	5.843588e-03	0.000000e+00	0.000000e+00	3.601839e-01	0.000000e+00	6.277572e-01	-1.117448e-01
6.277572e-01	0.000000e+00	0.000000e+00	1.069023e-02	2.363746e-02	3.959344e-02	4.635239e-02	0.000000e+00	0.000000e+00	3.903152e-03	3.568686e-02	1.706026e-02	1.668444e-02	0.000000e+00	1.953406e-02	0.000000e+00	1.512968e-01	0.000000e+00	6.631008e-02	3.287829e-03	2.508571e-02	2.338890e-03	1.581453e-03	0.000000e+00	0.000000e+00	5.843588e-03	0.000000e+00	0.000000e+00	3.601839e-01	0.000000e+00	6.277572e-01	-1.117448e-01
6.277572e-01	0.000000e+00	0.000000e+00	1.069023e-02	2.363746e-02	3.959344e-02	4.635239e-02	0.000000e+00	0.000000e+00	3.903152e-03	3.568686e-02	1.706026e-02	1.668444e-02	0.000000e+00	1.953406e-02	0.000000e+00	1.512968e-01	0.000000e+00	6.631008e-02	3.287829e-03	2.508571e-02	2.338890e-03	1.581453e-03	0.000000e+00	0.000000e+00	5.843588e-03	0.000000e+00	0.000000e+00	3.601839e-01	0.000000e+00	6.277572e-01	-1.117448e-01
6.277572e-01	0.000000e+00	0.000000e+00	1.069023e-02	2.363746e-02	3.959344e-02	4.635239e-02	0.000000e+00	0.000000e+00	3.903152e-03	3.568686e-02	1.706026e-02	1.668444e-02	0.000000e+00	1.953406e-02	0.000000e+00	1.512968e-01	0.000000e+00	6.631008e-02	3.287829e-03	2.508571e-02	2.338890e-03	1.581453e-03	0.000000e+00	0.000000e+00	5.843588e-03	0.000000e+00	0.000000e+00	3.601839e-01	0.000000e+00	6.277572e-01	-1.117448e-01
6.277572e-01	0.000000e+00	0.000000e+00	1.069023e-02	2.363746e-02	3.959344e-02	4.635239e-02	6.293397e-04	0.000000e+00	3.903152e-03	3.568686e-02	1.395691e-01	1.668444e-02	0.000000e+00	1.953406e-02	0.000000e+00	1.512968e-01	9.069463e-02	6.631008e-02	3.287829e-03	2.508571e-02	2.338890e-03	1.581453e-03	0.000000e+00	0.000000e+00	5.843588e-03	6.260988e-02	1.071143e-02	3.601839e-01	0.000000e+00	6.277572e-01	-5.357425e-02
6.277572e-01	0.000000e+00	0.000000e+00	1.069023e-02	2.363746e-02	3.959344e-02	4.635239e-02	6.293397e-04	0.000000e+00	3.903152e-03	3.568686e-02	1.395691e-01	1.668444e-02	0.000000e+00	1.953406e-02	0.000000e+00	1.512968e-01	9.069463e-02	6.631008e-02	3.287829e-03	2.508571e-02	2.338890e-03	1.581453e-03	0.000000e+00	0.000000e+00	5.843588e-03	6.260988e-02	1.071143e-02	3.601839e-01	0.000000e+00	6.277572e-01	-5.357425e-02
4.562369e-01	3.299173e-02	0.000000e+00	1.069023e-02	0.000000e+00	0.000000e+00	3.476430e-02	0.000000e+00	0.000000e+00	3.903152e-03	3.568686e-02	1.706026e-02	1.668444e-02	0.000000e+00	1.953406e-02	0.000000e+00	5.261399e-02	0.000000e+00	0.000000e+00	3.287829e-03	0.000000e+00	2.338890e-03	1.581453e-03	0.000000e+00	0.000000e+00	5.843588e-03	0.000000e+00	0.000000e+00	3.601839e-01	0.000000e+00	4.562369e-01	2.435707e-03
4.562369e-01	1.871725e-02	0.000000e+00	1.069023e-02	0.000000e+00	0.000000e+00	3.476430e-02	0.000000e+00	6.864588e-03	3.903152e-03	3.568686e-02	1.706026e-02	1.668444e-02	0.000000e+00	2.263392e-02	0.000000e+00	5.261399e-02	0.000000e+00	0.000000e+00	2.876851e-03	0.000000e+00	2.338890e-03	2.372179e-03	0.000000e+00	0.000000e+00	5.843588e-03	0.000000e+00	0.000000e+00	3.601839e-01	0.000000e+00	4.562369e-01	1.594430e-03
4.562369e-01	1.871725e-02	0.000000e+00	1.069023e-02	0.000000e+00	0.000000e+00	3.476430e-02	0.000000e+00	6.864588e-03	3.903152e-03	3.568686e-02	1.706026e-02	1.668444e-02	0.000000e+00	2.263392e-02	0.000000e+00	5.261399e-02	0.000000e+00	0.000000e+00	2.876851e-03	0.000000e+00	2.338890e-03	2.372179e-03	0.000000e+00	0.000000e+00	5.843588e-03	0.000000e+00	0.000000e+00	3.601839e-01	0.000000e+00	4.562369e-01	1.594430e-03
4.562369e-01	1.871725e-02	0.000000e+00	1.069023e-02	0.000000e+00	0.000000e+00	3.476430e-02	0.000000e+00	6.864588e-03	3.903152e-03	3.568686e-02	1.706026e-02	1.668444e-02	0.000000e+00	2.263392e-02	0.000000e+00	5.261399e-02	0.000000e+00	0.000000e+00	2.876851e-03	0.000000e+00	2.338890e-03	2.372179e-03	0.000000e+00	0.000000e+00	5.843588e-03	0.000000e+00	0.000000e+00	3.601839e-01	0.000000e+00	4.562369e-01	1.594430e-03
4.562369e-01	1.871725e-02	0.000000e+00	1.069023e-02	0.000000e+00	0.000000e+00	3.476430e-02	0.000000e+00	6.864588e-03	3.903152e-03	3.568686e-02	1.706026e-02	1.668444e-02	0.000000e+00	2.263392e-02	0.000000e+00	5.261399e-02	0.000000e+00	0.000000e+00	2.876851e-03	0.000000e+00	2.338890e-03	2.372179e-03	0.000000e+00	0.000000e+00	5.843588e-03	0.000000e+00	0.000000e+00	3.601839e-01	0.000000e+00	4.562369e-01	1.594430e-03
4.562369e-01	1.871725e-02	0.000000e+00	1.069023e-02	0.000000e+00	0.000000e+00	3.476430e-02	0.000000e+00	6.864588e-03	3.903152e-03	3.568686e-02	1.706026e-02	1.668444e-02	0.000000e+00	2.263392e-02	0.000000e+00	5.261399e-02	0.000000e+00	0.000000e+00	2.876851e-03	0.000000e+00	2.338890e-03	2.372179e-03	0.000000e+00	0.000000e+00	5.843588e-03	0.000000e+00	0.000000e+00	3.601839e-01	0.000000e+00	4.562369e-01	1.594430e-03
4.562369e-01	1.871725e-02	0.000000e+00	1.069023e-02	0.000000e+00	0.000000e+00	3.476430e-02	0.000000e+00	6.864588e-03	3.903152e-03	3.568686e-02	1.706026e-02	1.668444e-02	0.000000e+00	2.263392e-02	0.000000e+00	5.261399e-02	0.000000e+00	0.000000e+00	2.876851e-03	0.000000e+00	2.338890e-03	2.372179e-03	0.000000e+00	0.000000e+00	5.843588e-03	0.000000e+00	0.000000e+00	3.601839e-01	0.000000e+00	4.562369e-01	1.594430e-03
4.562369e-01	1.871725e-02	0.000000e+00	1.069023e-02	0.000000e+00	0.000000e+00	3.476430e-02	0.000000e+00	6.864588e-03	3.903152e-03	3.568686e-02	1.706026e-02	1.668444e-02	0.000000e+00	2.263392e-02	0.000000e+00	5.261399e-02	0.000000e+00	0.000000e+00	2.876851e-03	0.000000e+00	2.338890e-03	2.372179e-03	0.000000e+00	0.000000e+00	5.843588e-03	0.000000e+00	0.000000e+00	3.601839e-01	0.000000e+00	4.562369e-01	1.594430e-03
4.562369e-01	1.871725e-02	0.000000e+00	1.069023e-02	0.000000e+00	0.000000e+00	3.476430e-02	0.000000e+00	6.864588e-03	3.903152e-03	3.568686e-02	1.706026e-02	1.668444e-02	0.000000e+00	2.263392e-02	0.000000e+00	5.261399e-02	0.000000e+00	0.000000e+00	2.876851e-03	0.000000e+00	2.338890e-03	2.372179e-03	0.000000e+00	0.000000e+00	5.843588e-03	0.000000e+00	0.000000e+00	3.601839e-01	0.000000e+00	4.562369e-01	1.594430e-03
4.562369e-01	1.871725e-02	0.000000e+00	1.069023e-02	0.000000e+00	0.000000e+00	3.476430e-02	0.000000e+00	6.864588e-03	3.903152e-03	3.568686e-02	1.706026e-02	1.668444e-02	0.000000e+00	2.263392e-02	0.000000e+00	5.261399e-02	0.000000e+00	0.000000e+00	2.876851e-03	0.000000e+00	2.338890e-03	2.372179e-03	0.000000e+00	0.000000e+00	8.303618e-02	0.000000e+00	1.071143e-02	3.601839e-01	0.000000e+00	4.562369e-01	2.045633e-02
4.490753e-01	3.919046e-02	0.000000e+00	2.276719e-02	0.000000e+00	0.000000e+00	3.476430e-02	1.258679e-03	0.000000e+00	1.951576e-03	3.568686e-02	1.565513e-02	1.668444e-02	7.883700e-03	1.953406e-02	0.000000e+00	0.000000e+00	8.986782e-02	0.000000e+00	2.876851e-03	3.163147e-02	0.000000e+00	1.581453e-03	0.000000e+00	0.000000e+00	8.303618e-02	0.000000e+00	1.071143e-02	3.624821e-01	0.000000e+00	4.490753e-01	4.580596e-02
4.490753e-01	3.919046e-02	0.000000e+00	2.276719e-02	0.000000e+00	0.000000e+00	3.476430e-02	1.258679e-03	0.000000e+00	1.951576e-03	3.568686e-02	1.565513e-02	1.668444e-02	7.883700e-03	1.953406e-02	0.000000e+00	0.000000e+00	8.986782e-02	0.000000e+00	2.876851e-03	3.163147e-02	0.000000e+00	1.581453e-03	0.000000e+00	0.000000e+00	8.303618e-02	0.000000e+00	1.071143e-02	3.624821e-01	0.000000e+00	4.490753e-01	4.580596e-02
4.490753e-01	3.919046e-02	0.000000e+00	2.276719e-02	0.000000e+00	0.000000e+00	3.476430e-02	1.258679e-03	0.000000e+00	1.951576e-03	3.568686e-02	1.565513e-02	1.668444e-02	7.883700e-03	1.953406e-02	0.000000e+00	0.000000e+00	8.986782e-02	0.000000e+00	2.876851e-03	3.163147e-02	0.000000e+00	1.581453e-03	0.000000e+00	0.000000e+00	8.303618e-02	0.000000e+00	1.071143e-02	3.624821e-01	0.000000e+00	4.490753e-01	4.580596e-02
4.347523e-01	3.919046e-02	0.000000e+00	2.276719e-02	0.000000e+00	3.633628e-04	3.476430e-02	1.258679e-03	0.000000e+00	1.951576e-03	0.000000e+00	0.000000e+00	1.668444e-02	7.883700e-03	1.953406e-02	0.000000e+00	2.630699e-02	8.986782e-02	0.000000e+00	2.876851e-03	3.163147e-02	0.000000e+00	1.581453e-03	0.000000e+00	0.000000e+00	8.303618e-02	0.000000e+00	1.138089e-02	3.442387e-01	0.000000e+00	4.347523e-01	1.116545e-01
4.347523e-01	3.919046e-02	0.000000e+00	2.276719e-02	0.000000e+00	3.633628e-04	6.952859e-02	1.258679e-03	0.000000e+00	1.951576e-03	3.568686e-02	1.565513e-02	1.668444e-02	6.102574e-02	1.953406e-02	0.000000e+00	2.630699e-02	4.741433e-02	0.000000e+00	2.876851e-03	3.163147e-02	1.169445e-03	1.581453e-03	0.000000e+00	0.000000e+00	8.303618e-02	0.000000e+00	0.000000e+00	3.442387e-01	0.000000e+00	4.347523e-01	1.305750e-01
4.347523e-01	3.919046e-02	0.000000e+00	2.276719e-02	0.000000e+00	3.633628e-04	6.952859e-02	1.258679e-03	0.000000e+00	1.951576e-03	3.568686e-02	1.565513e-02	1.668444e-02	6.102574e-02	1.953406e-02	0.000000e+00	2.630699e-02	4.741433e-02	0.000000e+00	2.876851e-03	3.163147e-02	1.169445e-03	1.581453e-03	0.000000e+00	0.000000e+00	8.303618e-02	0.000000e+00	0.000000e+00	3.442387e-01	0.000000e+00	4.347523e-01	1.305750e-01
4.347523e-01	3.919046e-02	0.000000e+00	2.276719e-02	0.000000e+00	3.633628e-04	6.952859e-02	1.258679e-03	0.000000e+00	1.951576e-03	3.568686e-02	1.565513e-02	1.668444e-02	6.102574e-02	1.953406e-02	0.000000e+00	2.630699e-02	4.741433e-02	0.000000e+00	2.876851e-03	3.163147e-02	1.169445e-03	1.581453e-03	0.000000e+00	0.000000e+00	8.303618e-02	0.000000e+00	0.000000e+00	3.442387e-01	0.000000e+00	4.347523e-01	1.305750e-01
4.347523e-01	3.919046e-02	0.000000e+00	2.276719e-02	0.000000e+00	3.633628e-04	6.952859e-02	1.258679e-03	0.000000e+00	1.951576e-03	3.568686e-02	1.565513e-02	1.668444e-02	6.102574e-02	1.953406e-02	0.000000e+00	2.630699e-02	4.741433e-02	0.000000e+00	2.876851e-03	3.163147e-02	1.169445e-03	1.581453e-03	0.000000e+00	0.000000e+00	8.303618e-02	0.000000e+00	0.000000e+00	3.442387e-01	0.000000e+00	4.347523e-01	1.305750e-01
4.347523e-01	3.919046e-02	0.000000e+00	2.276719e-02	0.000000e+00	3.633628e-04	6.952859e-02	1.258679e-03	0.000000e+00	1.951576e-03	3.568686e-02	1.565513e-02	1.668444e-02	6.102574e-02	1.953406e-02	0.000000e+00	2.630699e-02	4.741433e-02	0.000000e+00	2.876851e-03	3.163147e-02	1.169445e-03	1.581453e-03	0.000000e+00	0.000000e+00	8.303618e-02	0.000000e+00	0.000000e+00	3.442387e-01	0.000000e+00	4.347523e-01	1.305750e-01
4.347523e-01	3.919046e-02	0.000000e+00	2.276719e-02	0.000000e+00	3.633628e-04	6.952859e-02	1.258679e-03	0.000000e+00	1.951576e-03	3.568686e-02	1.565513e-02	1.668444e-02	6.102574e-02	1.953406e-02	0.000000e+00	2.630699e-02	4.741433e-02	0.000000e+00	2.876851e-03	3.163147e-02	1.169445e-03	1.581453e-03	0.000000e+00	0.000000e+00	8.303618e-02	0.000000e+00	0.000000e+00	3.442387e-01	0.000000e+00	4.347523e-01	1.305750e-01
4.204293e-01	1.443454e-01	0.000000e+00	5.345115e-03	3.111919e-02	6.301751e-03	6.952859e-02	0.000000e+00	2.230991e-02	1.951576e-03	0.000000e+00	1.971915e-01	1.668444e-02	7.883700e-03	1.953406e-02	0.000000e+00	0.000000e+00	1.110567e-01	0.000000e+00	3.287829e-03	5.000168e-03	3.813716e-02	1.255123e-02	0.000000e+00	0.000000e+00	6.293095e-03	0.000000e+00	9.372498e-03	3.442387e-01	0.000000e+00	4.204293e-01	3.280380e-01
4.204293e-01	1.443454e-01	7.411156e-03	5.345115e-03	3.111919e-02	6.301751e-03	6.952859e-02	0.000000e+00	3.003257e-02	0.000000e+00	0.000000e+00	2.015261e-01	1.668444e-02	7.883700e-03	1.953406e-02	0.000000e+00	0.000000e+00	1.110567e-01	0.000000e+00	3.287829e-03	5.000168e-03	3.755244e-02	1.255123e-02	0.000000e+00	0.000000e+00	6.293095e-03	0.000000e+00	1.138089e-02	3.442387e-01	0.000000e+00	4.204293e-01	3.322633e-01
2.610245e-01	8.666008e-03	1.482231e-02	2.276719e-02	0.000000e+00	0.000000e+00	6.952859e-02	1.258679e-03	1.544532e-02	0.000000e+00	0.000000e+00	2.432434e-02	1.668444e-02	3.745550e-03	0.000000e+00	0.000000e+00	2.630699e-02	9.234824e-02	0.000000e+00	1.232936e-03	3.675399e-03	0.000000e+00	1.581453e-03	0.000000e+00	0.000000e+00	0.000000e+00	0.000000e+00	4.016785e-03	3.087960e-01	0.000000e+00	2.610245e-01	3.878509e-01
2.610245e-01	8.666008e-03	1.482231e-02	2.276719e-02	0.000000e+00	0.000000e+00	6.952859e-02	1.258679e-03	1.544532e-02	0.000000e+00	0.000000e+00	2.432434e-02	1.668444e-02	3.745550e-03	0.000000e+00	0.000000e+00	2.630699e-02	9.234824e-02	0.000000e+00	1.232936e-03	3.675399e-03	0.000000e+00	1.581453e-03	0.000000e+00	0.000000e+00	0.000000e+00	0.000000e+00	4.016785e-03	3.087960e-01	0.000000e+00	2.610245e-01	3.878509e-01
2.610245e-01	8.666008e-03	1.482231e-02	2.276719e-02	0.000000e+00	0.000000e+00	6.952859e-02	1.258679e-03	1.544532e-02	0.000000e+00	0.000000e+00	2.432434e-02	1.668444e-02	3.745550e-03	0.000000e+00	0.000000e+00	2.630699e-02	9.234824e-02	0.000000e+00	1.232936e-03	3.675399e-03	0.000000e+00	1.581453e-03	0.000000e+00	0.000000e+00	0.000000e+00	0.000000e+00	4.016785e-03	3.087960e-01	0.000000e+00	2.610245e-01	3.878509e-01
2.610245e-01	8.666008e-03	1.482231e-02	2.276719e-02	0.000000e+00	0.000000e+00	6.952859e-02	1.258679e-03	1.544532e-02	0.000000e+00	0.000000e+00	2.432434e-02	1.668444e-02	3.745550e-03	0.000000e+00	0.000000e+00	2.630699e-02	9.234824e-02	0.000000e+00	1.232936e-03	3.675399e-03	0.000000e+00	1.581453e-03	0.000000e+00	0.000000e+00	0.000000e+00	0.000000e+00	4.016785e-03	3.087960e-01	0.000000e+00	2.610245e-01	3.878509e-01
2.610245e-01	8.666008e-03	1.482231e-02	2.276719e-02	0.000000e+00	0.000000e+00	6.952859e-02	1.258679e-03	1.544532e-02	0.000000e+00	0.000000e+00	2.432434e-02	1.668444e-02	3.745550e-03	0.000000e+00	0.000000e+00	2.630699e-02	9.234824e-02	0.000000e+00	1.232936e-03	3.675399e-03	0.000000e+00	1.581453e-03	0.000000e+00	0.000000e+00	0.000000e+00	0.000000e+00	4.016785e-03	3.087960e-01	0.000000e+00	2.610245e-01	3.878509e-01
2.610245e-01	8.666008e-03	1.482231e-02	2.276719e-02	0.000000e+00	0.000000e+00	6.952859e-02	1.258679e-03	1.544532e-02	0.000000e+00	0.000000e+00	2.432434e-02	1.668444e-02	3.745550e-03	0.000000e+00	0.000000e+00	2.630699e-02	9.234824e-02	0.000000e+00	1.232936e-03	3.675399e-03	0.000000e+00	1.581453e-03	0.000000e+00	0.000000e+00	0.000000e+00	0.000000e+00	4.016785e-03	3.087960e-01	0.000000e+00	2.610245e-01	3.878509e-01
2.610245e-01	8.666008e-03	1.482231e-02	2.276719e-02	0.000000e+00	0.000000e+00	6.952859e-02	1.258679e-03	1.544532e-02	0.000000e+00	0.000000e+00	2.432434e-02	1.668444e-02	3.745550e-03	0.000000e+00	0.000000e+00	2.630699e-02	9.234824e-02	0.000000e+00	1.232936e-03	3.675399e-03	0.000000e+00	1.581453e-03	0.000000e+00	0.000000e+00	0.000000e+00	0.000000e+00	4.016785e-03	3.087960e-01	0.000000e+00	2.610245e-01	3.878509e-01
2.610245e-01	8.666008e-03	1.482231e-02	2.276719e-02	0.000000e+00	0.000000e+00	6.952859e-02	1.258679e-03	1.544532e-02	0.000000e+00	0.000000e+00	2.432434e-02	1.668444e-02	3.745550e-03	0.000000e+00	0.000000e+00	2.630699e-02	9.234824e-02	0.000000e+00	1.232936e-03	3.675399e-03	0.000000e+00	1.581453e-03	0.000000e+00	0.000000e+00	0.000000e+00	0.000000e+00	4.016785e-03	3.087960e-01	0.000000e+00	2.610245e-01	3.878509e-01
2.610245e-01	8.666008e-03	2.223347e-02	2.276719e-02	0.000000e+00	0.000000e+00	6.952859e-02	1.258679e-03	2.316798e-02	0.000000e+00	0.000000e+00	2.305392e-02	1.668444e-02	3.745550e-03	0.000000e+00	0.000000e+00	2.630699e-02	9.234824e-02	0.000000e+00	1.232936e-03	0.000000e+00	0.000000e+00	1.581453e-03	0.000000e+00	0.000000e+00	0.000000e+00	0.000000e+00	4.016785e-03	3.087960e-01	0.000000e+00	2.610245e-01	3.902730e-01
2.610245e-01	8.666008e-03	2.223347e-02	2.276719e-02	0.000000e+00	0.000000e+00	6.952859e-02	1.258679e-03	2.316798e-02	0.000000e+00	0.000000e+00	2.305392e-02	1.668444e-02	3.745550e-03	0.000000e+00	0.000000e+00	2.865697e-02	9.234824e-02	0.000000e+00	1.232936e-03	0.000000e+00	0.000000e+00	1.581453e-03	0.000000e+00	0.000000e+00	0.000000e+00	0.000000e+00	4.016785e-03	3.087960e-01	0.000000e+00	2.610245e-01	3.908319e-01
2.610245e-01	8.666008e-03	2.223347e-02	2.276719e-02	0.000000e+00	0.000000e+00	6.952859e-02	1.258679e-03	2.316798e-02	0.000000e+00	0.000000e+00	2.305392e-02	1.668444e-02	3.745550e-03	0.000000e+00	0.000000e+00	2.865697e-02	9.234824e-02	0.000000e+00	1.232936e-03	0.000000e+00	0.000000e+00	1.581453e-03	0.000000e+00	0.000000e+00	0.000000e+00	0.000000e+00	4.016785e-03	3.087960e-01	0.000000e+00	2.610245e-01	3.908319e-01
2.410229e-01	6.499506e-03	0.000000e+00	0.000000e+00	2.651444e-02	0.000000e+00	0.000000e+00	0.000000e+00	0.000000e+00	1.260841e-03	0.000000e+00	2.627348e-01	0.000000e+00	2.981106e-03	0.000000e+00	0.000000e+00	1.347943e-01	9.093974e-02	0.000000e+00	0.000000e+00	0.000000e+00	0.000000e+00	3.162906e-03	0.000000e+00	0.000000e+00	1.048136e-02	0.000000e+00	0.000000e+00	3.569118e-01	0.000000e+00	2.410229e-01	4.916190e-01
2.410229e-01	6.499506e-03	1.482231e-02	3.653131e-02	2.651444e-02	0.000000e+00	0.000000e+00	0.000000e+00	1.544532e-02	1.260841e-03	0.000000e+00	2.627348e-01	1.668444e-02	3.745550e-03	2.545696e-03	0.000000e+00	1.347943e-01	9.234824e-02	0.000000e+00	1.232936e-03	3.675399e-03	0.000000e+00	1.581453e-03	0.000000e+00	0.000000e+00	5.240679e-03	1.775032e-02	0.000000e+00	3.569118e-01	0.000000e+00	2.410229e-01	5.169401e-01
2.287384e-01	9.749259e-03	7.411156e-03	1.138359e-02	2.495618e-02	0.000000e+00	6.952859e-02	7.276645e-02	1.544532e-02	0.000000e+00	0.000000e+00	0.000000e+00	0.000000e+00	0.000000e+00	0.000000e+00	0.000000e+00	7.209711e-02	1.346857e-01	0.000000e+00	0.000000e+00	3.675399e-03	8.176758e-02	3.162906e-03	0.000000e+00	2.213317e-03	4.794739e-03	0.000000e+00	0.000000e+00	3.735418e-01	0.000000e+00	2.287384e-01	5.556424e-01
2.287384e-01	9.749259e-03	7.411156e-03	1.138359e-02	2.495618e-02	0.000000e+00	6.952859e-02	7.276645e-02	1.544532e-02	0.000000e+00	0.000000e+00	0.000000e+00	0.000000e+00	0.000000e+00	0.000000e+00	0.000000e+00	7.209711e-02	1.346857e-01	0.000000e+00	0.000000e+00	3.675399e-03	8.176758e-02	3.162906e-03	0.000000e+00	2.213317e-03	4.794739e-03	0.000000e+00	0.000000e+00	3.735418e-01	0.000000e+00	2.287384e-01	5.556424e-01
2.287384e-01	9.749259e-03	7.411156e-03	1.138359e-02	2.495618e-02	0.000000e+00	6.952859e-02	7.276645e-02	1.544532e-02	0.000000e+00	0.000000e+00	0.000000e+00	0.000000e+00	0.000000e+00	0.000000e+00	0.000000e+00	7.209711e-02	1.346857e-01	0.000000e+00	0.000000e+00	3.675399e-03	8.176758e-02	3.162906e-03	0.000000e+00	2.213317e-03	4.794739e-03	0.000000e+00	0.000000e+00	3.735418e-01	0.000000e+00	2.287384e-01	5.556424e-01
2.064531e-01	2.733025e-02	0.000000e+00	0.000000e+00	2.651444e-02	0.000000e+00	0.000000e+00	0.000000e+00	0.000000e+00	1.260841e-03	0.000000e+00	2.627348e-01	0.000000e+00	2.981106e-03	0.000000e+00	0.000000e+00	1.347943e-01	9.093974e-02	0.000000e+00	0.000000e+00	1.837699e-03	0.000000e+00	3.953632e-03	0.000000e+00	0.000000e+00	1.048136e-02	0.000000e+00	0.000000e+00	3.569118e-01	0.000000e+00	2.064531e-01	7.287160e-01
2.064531e-01	2.733025e-02	0.000000e+00	0.000000e+00	2.651444e-02	0.000000e+00	0.000000e+00	0.000000e+00	0.000000e+00	1.260841e-03	0.000000e+00	2.627348e-01	0.000000e+00	2.981106e-03	0.000000e+00	0.000000e+00	1.347943e-01	9.093974e-02	0.000000e+00	0.000000e+00	1.837699e-03	0.000000e+00	3.953632e-03	0.000000e+00	0.000000e+00	1.048136e-02	0.000000e+00	0.000000e+00	3.569118e-01	0.000000e+00	2.064531e-01	7.287160e-01
1.899316e-01	1.733202e-02	0.000000e+00	0.000000e+00	2.413156e-02	0.000000e+00	0.000000e+00	0.000000e+00	0.000000e+00	2.453964e-02	0.000000e+00	2.510435e-01	0.000000e+00	2.701172e-03	2.545696e-03	0.000000e+00	1.796177e-01	6.906677e-02	0.000000e+00	0.000000e+00	0.000000e+00	0.000000e+00	3.162906e-03	0.000000e+00	0.000000e+00	4.794739e-03	1.775032e-02	0.000000e+00	3.137533e-01	0.000000e+00	1.899316e-01	8.480749e-01
8.845789e-02	0.000000e+00	0.000000e+00	0.000000e+00	2.573531e-02	0.000000e+00	0.000000e+00	3.638322e-02	0.000000e+00	6.304204e-04	0.000000e+00	0.000000e+00	0.000000e+00	1.490553e-03	2.545696e-03	0.000000e+00	1.347943e-01	8.928249e-02	0.000000e+00	0.000000e+00	0.000000e+00	4.088379e-02	3.162906e-03	0.000000e+00	0.000000e+00	1.048136e-02	1.775032e-02	0.000000e+00	3.236518e-01	0.000000e+00	8.845789e-02	8.541802e-01
8.845789e-02	0.000000e+00	0.000000e+00	0.000000e+00	2.573531e-02	0.000000e+00	0.000000e+00	3.638322e-02	0.000000e+00	6.304204e-04	0.000000e+00	0.000000e+00	0.000000e+00	1.490553e-03	2.545696e-03	0.000000e+00	1.347943e-01	8.928249e-02	0.000000e+00	0.000000e+00	0.000000e+00	4.088379e-02	3.162906e-03	0.000000e+00	0.000000e+00	1.048136e-02	1.775032e-02	0.000000e+00	3.236518e-01	0.000000e+00	8.845789e-02	8.541802e-01
8.845789e-02	0.000000e+00	0.000000e+00	0.000000e+00	2.573531e-02	0.000000e+00	0.000000e+00	3.638322e-02	0.000000e+00	6.304204e-04	0.000000e+00	0.000000e+00	0.000000e+00	1.490553e-03	2.545696e-03	0.000000e+00	1.347943e-01	8.928249e-02	0.000000e+00	0.000000e+00	0.000000e+00	4.088379e-02	3.162906e-03	0.000000e+00	0.000000e+00	1.048136e-02	1.775032e-02	0.000000e+00	3.236518e-01	0.000000e+00	8.845789e-02	8.541802e-01
8.845789e-02	0.000000e+00	0.000000e+00	0.000000e+00	2.573531e-02	0.000000e+00	0.000000e+00	3.638322e-02	0.000000e+00	6.304204e-04	0.000000e+00	0.000000e+00	0.000000e+00	1.490553e-03	2.545696e-03	0.000000e+00	1.347943e-01	8.928249e-02	0.000000e+00	0.000000e+00	0.000000e+00	4.088379e-02	3.162906e-03	0.000000e+00	0.000000e+00	1.048136e-02	1.775032e-02	0.000000e+00	3.236518e-01	0.000000e+00	8.845789e-02	8.541802e-01
8.845789e-02	0.000000e+00	0.000000e+00	0.000000e+00	2.573531e-02	0.000000e+00	0.000000e+00	3.638322e-02	0.000000e+00	6.304204e-04	0.000000e+00	0.000000e+00	0.000000e+00	1.490553e-03	2.545696e-03	0.000000e+00	1.347943e-01	8.928249e-02	0.000000e+00	0.000000e+00	0.000000e+00	4.088379e-02	3.162906e-03	0.000000e+00	0.000000e+00	1.048136e-02	1.775032e-02	0.000000e+00	3.236518e-01	0.000000e+00	8.845789e-02	8.541802e-01
8.845789e-02	0.000000e+00	0.000000e+00	0.000000e+00	2.573531e-02	0.000000e+00	0.000000e+00	3.638322e-02	0.000000e+00	6.304204e-04	0.000000e+00	0.000000e+00	0.000000e+00	1.490553e-03	2.545696e-03	0.000000e+00	1.347943e-01	8.928249e-02	0.000000e+00	0.000000e+00	0.000000e+00	4.088379e-02	3.162906e-03	0.000000e+00	0.000000e+00	1.048136e-02	1.775032e-02	0.000000e+00	3.236518e-01	0.000000e+00	8.845789e-02	8.541802e-01
3.772103e-02	0.000000e+00	0.000000e+00	0.000000e+00	0.000000e+00	0.000000e+00	0.000000e+00	0.000000e+00	0.000000e+00	1.983387e-02	0.000000e+00	0.000000e+00	0.000000e+00	1.490553e-03	0.000000e+00	0.000000e+00	1.161745e-01	6.906677e-02	0.000000e+00	0.000000e+00	0.000000e+00	0.000000e+00	3.162906e-03	0.000000e+00	0.000000e+00	1.048136e-02	0.000000e+00	0.000000e+00	3.130570e-01	9.095575e-03	3.772103e-02	9.234412e-01
3.772103e-02	0.000000e+00	0.000000e+00	0.000000e+00	0.000000e+00	0.000000e+00	0.000000e+00	0.000000e+00	0.000000e+00	1.983387e-02	0.000000e+00	0.000000e+00	0.000000e+00	1.490553e-03	0.000000e+00	0.000000e+00	1.161745e-01	6.906677e-02	0.000000e+00	0.000000e+00	0.000000e+00	0.000000e+00	3.162906e-03	0.000000e+00	0.000000e+00	1.048136e-02	0.000000e+00	0.000000e+00	3.130570e-01	9.095575e-03	3.772103e-02	9.234412e-01
3.772103e-02	0.000000e+00	0.000000e+00	0.000000e+00	0.000000e+00	0.000000e+00	0.000000e+00	0.000000e+00	0.000000e+00	1.983387e-02	0.000000e+00	0.000000e+00	0.000000e+00	1.490553e-03	0.000000e+00	0.000000e+00	1.161745e-01	6.906677e-02	0.000000e+00	0.000000e+00	0.000000e+00	0.000000e+00	3.162906e-03	0.000000e+00	0.000000e+00	1.048136e-02	0.000000e+00	0.000000e+00	3.130570e-01	9.095575e-03	3.772103e-02	9.234412e-01
2.579094e-02	0.000000e+00	0.000000e+00	0.000000e+00	2.972193e-02	0.000000e+00	0.000000e+00	0.000000e+00	0.000000e+00	0.000000e+00	0.000000e+00	2.510435e-01	0.000000e+00	7.188612e-03	0.000000e+00	0.000000e+00	1.347943e-01	9.093974e-02	0.000000e+00	0.000000e+00	0.000000e+00	1.462687e-02	3.162906e-03	0.000000e+00	0.000000e+00	1.048136e-02	0.000000e+00	0.000000e+00	3.130570e-01	0.000000e+00	2.579094e-02	1.066015e+00
1.368089e-02	1.083251e-03	0.000000e+00	0.000000e+00	2.770588e-02	0.000000e+00	1.738215e-02	0.000000e+00	7.168608e-02	0.000000e+00	0.000000e+00	1.972865e-01	0.000000e+00	1.490553e-03	0.000000e+00	0.000000e+00	1.403253e-02	1.018762e-01	0.000000e+00	0.000000e+00	1.970176e-02	9.954659e-02	3.162906e-03	1.141601e-02	0.000000e+00	7.638048e-03	0.000000e+00	2.008393e-03	2.934093e-01	2.188357e-03	1.368089e-02	1.132961e+00
0.000000e+00	0.000000e+00	0.000000e+00	0.000000e+00	0.000000e+00	0.000000e+00	0.000000e+00	0.000000e+00	0.000000e+00	1.983387e-02	0.000000e+00	2.627348e-01	0.000000e+00	2.981106e-03	0.000000e+00	0.000000e+00	1.161745e-01	6.906677e-02	0.000000e+00	0.000000e+00	0.000000e+00	0.000000e+00	3.162906e-03	0.000000e+00	0.000000e+00	1.048136e-02	0.000000e+00	0.000000e+00	3.130570e-01	1.364336e-02	0.000000e+00	1.251732e+00
