8.469186e-01	1.483165e-02	0.000000e+00	1.868981e-01	3.643382e-03	3.787167e-01	0.000000e+00	4.188756e-03	8.609741e-04	4.579590e-03	4.716861e-03	0.000000e+00	0.000000e+00	1.509463e-02	0.000000e+00	0.000000e+00	8.569603e-03	0.000000e+00	2.765781e-02	0.000000e+00	4.299381e-01	4.939828e-02	1.102367e-02	3.254307e-04	0.000000e+00	8.858616e-02	0.000000e+00	6.739244e-03	5.412285e-02	9.306539e-03	8.469186e-01	-5.298896e-01
8.453725e-01	0.000000e+00	0.000000e+00	1.868981e-01	3.643382e-03	3.787167e-01	0.000000e+00	0.000000e+00	0.000000e+00	0.000000e+00	4.716861e-03	0.000000e+00	0.000000e+00	3.207608e-02	3.723699e-05	0.000000e+00	8.569603e-03	0.000000e+00	2.765781e-02	0.000000e+00	3.684358e-01	4.939828e-02	1.102367e-02	8.135767e-05	0.000000e+00	8.858616e-02	0.000000e+00	8.712540e-02	5.412285e-02	0.000000e+00	8.453725e-01	-5.220364e-01
8.453725e-01	0.000000e+00	0.000000e+00	1.868981e-01	3.643382e-03	3.787167e-01	0.000000e+00	0.000000e+00	0.000000e+00	0.000000e+00	4.716861e-03	0.000000e+00	0.000000e+00	3.207608e-02	3.723699e-05	0.000000e+00	8.569603e-03	0.000000e+00	2.765781e-02	0.000000e+00	3.684358e-01	4.939828e-02	1.102367e-02	8.135767e-05	0.000000e+00	8.858616e-02	0.000000e+00	8.712540e-02	5.412285e-02	0.000000e+00	8.453725e-01	-5.220364e-01
8.453725e-01	0.000000e+00	0.000000e+00	1.868981e-01	3.643382e-03	3.787167e-01	0.000000e+00	0.000000e+00	0.000000e+00	0.000000e+00	4.716861e-03	0.000000e+00	0.000000e+00	3.207608e-02	3.723699e-05	0.000000e+00	8.569603e-03	0.000000e+00	2.765781e-02	0.000000e+00	3.684358e-01	4.939828e-02	1.102367e-02	8.135767e-05	0.000000e+00	8.858616e-02	0.000000e+00	8.712540e-02	5.412285e-02	0.000000e+00	8.453725e-01	-5.220364e-01
8.453725e-01	0.000000e+00	0.000000e+00	1.868981e-01	3.643382e-03	3.787167e-01	0.000000e+00	0.000000e+00	0.000000e+00	0.000000e+00	4.716861e-03	0.000000e+00	0.000000e+00	3.207608e-02	3.723699e-05	0.000000e+00	8.569603e-03	0.000000e+00	2.765781e-02	0.000000e+00	3.684358e-01	4.939828e-02	1.102367e-02	8.135767e-05	0.000000e+00	8.858616e-02	0.000000e+00	8.712540e-02	5.412285e-02	0.000000e+00	8.453725e-01	-5.220364e-01
8.407340e-01	1.483165e-02	0.000000e+00	1.868981e-01	3.643382e-03	3.787167e-01	0.000000e+00	4.188756e-03	8.609741e-04	4.579590e-03	4.716861e-03	0.000000e+00	0.000000e+00	1.509463e-02	0.000000e+00	0.000000e+00	8.569603e-03	0.000000e+00	2.765781e-02	0.000000e+00	4.203072e-01	4.939828e-02	1.102367e-02	3.254307e-04	0.000000e+00	8.858616e-02	0.000000e+00	6.739244e-03	5.412285e-02	9.306539e-03	8.407340e-01	-4.901437e-01
8.407340e-01	1.483165e-02	0.000000e+00	1.868981e-01	3.643382e-03	3.787167e-01	0.000000e+00	4.188756e-03	8.609741e-04	4.579590e-03	4.716861e-03	0.000000e+00	0.000000e+00	5.036842e-02	0.000000e+00	0.000000e+00	8.569603e-03	0.000000e+00	2.765781e-02	0.000000e+00	3.991869e-01	4.939828e-02	1.102367e-02	3.254307e-04	0.000000e+00	8.858616e-02	0.000000e+00	4.693232e-02	5.412285e-02	9.306539e-03	8.407340e-01	-4.797926e-01
8.391879e-01	1.483165e-02	0.000000e+00	1.868981e-01	3.643382e-03	3.787167e-01	0.000000e+00	0.000000e+00	8.609741e-04	0.000000e+00	4.716861e-03	0.000000e+00	0.000000e+00	3.207608e-02	0.000000e+00	0.000000e+00	8.569603e-03	0.000000e+00	2.765781e-02	0.000000e+00	3.684358e-01	4.939828e-02	1.102367e-02	8.135767e-05	0.000000e+00	8.858616e-02	0.000000e+00	8.712540e-02	5.412285e-02	0.000000e+00	8.391879e-01	-4.698475e-01
8.345495e-01	0.000000e+00	0.000000e+00	1.880083e-01	3.643382e-03	3.553893e-01	0.000000e+00	5.333708e-03	8.609741e-04	5.842322e-03	4.716861e-03	0.000000e+00	1.308218e-02	2.081106e-02	0.000000e+00	0.000000e+00	8.569603e-03	0.000000e+00	1.240917e-01	0.000000e+00	1.518049e-01	4.939828e-02	1.099472e-02	1.220365e-04	0.000000e+00	3.321981e-02	0.000000e+00	6.739244e-03	5.412285e-02	1.385376e-02	8.345495e-01	-4.640786e-01
8.322303e-01	0.000000e+00	0.000000e+00	1.880083e-01	3.643382e-03	3.553893e-01	0.000000e+00	0.000000e+00	8.609741e-04	5.842322e-03	4.716861e-03	0.000000e+00	2.943489e-02	2.366927e-02	0.000000e+00	0.000000e+00	8.569603e-03	0.000000e+00	1.240917e-01	0.000000e+00	4.348943e-02	3.123994e-02	1.098025e-02	1.220365e-04	0.000000e+00	3.321981e-02	0.000000e+00	6.739244e-03	5.412285e-02	1.385376e-02	8.322303e-01	-4.513589e-01
8.322303e-01	2.224748e-02	0.000000e+00	1.880083e-01	3.643382e-03	3.942683e-01	0.000000e+00	0.000000e+00	8.609741e-04	5.842322e-03	4.716861e-03	1.434182e-02	0.000000e+00	2.264194e-02	0.000000e+00	0.000000e+00	8.569603e-03	0.000000e+00	1.240917e-01	0.000000e+00	4.348943e-02	3.123994e-02	1.098025e-02	1.220365e-04	0.000000e+00	3.321981e-02	0.000000e+00	6.739244e-03	5.412285e-02	1.385376e-02	8.322303e-01	-4.429833e-01
8.322303e-01	2.224748e-02	0.000000e+00	1.880083e-01	3.643382e-03	3.942683e-01	0.000000e+00	0.000000e+00	8.609741e-04	5.842322e-03	4.716861e-03	1.434182e-02	0.000000e+00	2.264194e-02	0.000000e+00	0.000000e+00	8.569603e-03	0.000000e+00	1.240917e-01	0.000000e+00	4.348943e-02	3.123994e-02	1.098025e-02	1.220365e-04	0.000000e+00	3.321981e-02	0.000000e+00	6.739244e-03	5.412285e-02	1.385376e-02	8.322303e-01	-4.429833e-01
8.322303e-01	2.224748e-02	0.000000e+00	1.880083e-01	3.643382e-03	3.942683e-01	0.000000e+00	0.000000e+00	8.609741e-04	5.842322e-03	4.716861e-03	1.434182e-02	0.000000e+00	2.264194e-02	0.000000e+00	0.000000e+00	8.569603e-03	0.000000e+00	1.240917e-01	0.000000e+00	4.348943e-02	3.123994e-02	1.098025e-02	1.220365e-04	0.000000e+00	3.321981e-02	0.000000e+00	6.739244e-03	5.412285e-02	1.385376e-02	8.322303e-01	-4.429833e-01
8.322303e-01	2.224748e-02	0.000000e+00	1.880083e-01	3.643382e-03	3.942683e-01	0.000000e+00	0.000000e+00	8.609741e-04	5.842322e-03	4.716861e-03	1.434182e-02	0.000000e+00	2.264194e-02	0.000000e+00	0.000000e+00	8.569603e-03	0.000000e+00	1.240917e-01	0.000000e+00	4.348943e-02	3.123994e-02	1.098025e-02	1.220365e-04	0.000000e+00	3.321981e-02	0.000000e+00	6.739244e-03	5.412285e-02	1.385376e-02	8.322303e-01	-4.429833e-01
8.322303e-01	2.224748e-02	0.000000e+00	1.880083e-01	3.643382e-03	3.942683e-01	0.000000e+00	0.000000e+00	8.609741e-04	5.842322e-03	4.716861e-03	1.434182e-02	0.000000e+00	2.264194e-02	0.000000e+00	0.000000e+00	8.569603e-03	0.000000e+00	1.240917e-01	0.000000e+00	4.348943e-02	3.123994e-02	1.098025e-02	1.220365e-04	0.000000e+00	3.321981e-02	0.000000e+00	6.739244e-03	5.412285e-02	1.385376e-02	8.322303e-01	-4.429833e-01
8.322303e-01	2.224748e-02	0.000000e+00	1.880083e-01	3.643382e-03	3.942683e-01	0.000000e+00	0.000000e+00	8.609741e-04	5.842322e-03	4.716861e-03	1.434182e-02	0.000000e+00	2.264194e-02	0.000000e+00	0.000000e+00	8.569603e-03	0.000000e+00	1.240917e-01	0.000000e+00	4.348943e-02	3.123994e-02	1.098025e-02	1.220365e-04	0.000000e+00	3.321981e-02	0.000000e+00	6.739244e-03	5.412285e-02	1.385376e-02	8.322303e-01	-4.429833e-01
8.314572e-01	1.483165e-02	0.000000e+00	1.868981e-01	3.643382e-03	3.787167e-01	0.000000e+00	5.170143e-03	8.609741e-04	2.033622e-03	4.716861e-03	1.229299e-02	0.000000e+00	1.509463e-02	0.000000e+00	0.000000e+00	8.569603e-03	0.000000e+00	2.765781e-02	0.000000e+00	4.299381e-01	3.377831e-02	1.102367e-02	3.254307e-04	0.000000e+00	8.858616e-02	6.151622e-04	6.739244e-03	5.412285e-02	9.306539e-03	8.314572e-01	-3.720791e-01
8.314572e-01	1.483165e-02	0.000000e+00	1.868981e-01	3.643382e-03	3.787167e-01	0.000000e+00	5.170143e-03	8.609741e-04	2.033622e-03	4.716861e-03	1.229299e-02	0.000000e+00	1.509463e-02	0.000000e+00	0.000000e+00	8.569603e-03	0.000000e+00	2.765781e-02	0.000000e+00	4.299381e-01	3.377831e-02	1.102367e-02	3.254307e-04	0.000000e+00	8.858616e-02	6.151622e-04	6.739244e-03	5.412285e-02	9.306539e-03	8.314572e-01	-3.720791e-01
8.314572e-01	0.000000e+00	0.000000e+00	1.868981e-01	3.643382e-03	3.787167e-01	0.000000e+00	5.170143e-03	8.609741e-04	2.033622e-03	4.716861e-03	1.229299e-02	0.000000e+00	1.509463e-02	0.000000e+00	0.000000e+00	8.569603e-03	0.000000e+00	1.240917e-01	0.000000e+00	4.299381e-01	3.377831e-02	1.102367e-02	3.254307e-04	0.000000e+00	8.858616e-02	6.151622e-04	6.739244e-03	5.412285e-02	9.306539e-03	8.314572e-01	-3.564624e-01
8.283649e-01	0.000000e+00	9.119140e-03	1.868981e-01	8.407804e-04	4.098199e-01	0.000000e+00	2.585072e-03	2.960587e-03	6.483940e-03	4.716861e-03	0.000000e+00	0.000000e+00	1.509463e-02	0.000000e+00	0.000000e+00	1.672917e-02	0.000000e+00	1.766403e-01	0.000000e+00	2.413056e-01	1.048166e-02	7.716569e-03	3.254307e-04	0.000000e+00	2.234536e-02	1.013156e-04	2.427084e-02	5.636298e-02	2.749543e-02	8.283649e-01	-3.338648e-01
8.283649e-01	0.000000e+00	9.119140e-03	1.868981e-01	8.407804e-04	4.098199e-01	3.679289e-02	0.000000e+00	1.842296e-02	6.483940e-03	4.716861e-03	0.000000e+00	0.000000e+00	1.509463e-02	0.000000e+00	0.000000e+00	1.672917e-02	0.000000e+00	1.766403e-01	0.000000e+00	2.413056e-01	1.048166e-02	7.498588e-03	3.254307e-04	0.000000e+00	2.234536e-02	1.013156e-04	2.767531e-02	5.636298e-02	2.476491e-03	8.283649e-01	-3.285678e-01
8.283649e-01	0.000000e+00	9.119140e-03	1.868981e-01	8.407804e-04	4.098199e-01	3.679289e-02	0.000000e+00	1.842296e-02	6.483940e-03	4.716861e-03	0.000000e+00	0.000000e+00	1.509463e-02	0.000000e+00	0.000000e+00	1.672917e-02	0.000000e+00	1.766403e-01	0.000000e+00	2.413056e-01	1.048166e-02	7.498588e-03	3.254307e-04	0.000000e+00	2.234536e-02	1.013156e-04	2.767531e-02	5.636298e-02	2.476491e-03	8.283649e-01	-3.285678e-01
8.283649e-01	0.000000e+00	9.119140e-03	1.868981e-01	8.407804e-04	4.098199e-01	3.679289e-02	0.000000e+00	1.842296e-02	6.483940e-03	4.716861e-03	0.000000e+00	0.000000e+00	1.509463e-02	0.000000e+00	0.000000e+00	1.672917e-02	0.000000e+00	1.766403e-01	0.000000e+00	2.413056e-01	1.048166e-02	7.498588e-03	3.254307e-04	0.000000e+00	2.234536e-02	1.013156e-04	2.767531e-02	5.636298e-02	2.476491e-03	8.283649e-01	-3.285678e-01
6.554395e-01	0.000000e+00	9.761175e-03	1.758465e-01	0.000000e+00	3.476135e-01	7.860380e-03	0.000000e+00	6.383763e-03	0.000000e+00	7.408044e-04	0.000000e+00	0.000000e+00	2.311435e-02	0.000000e+00	0.000000e+00	0.000000e+00	0.000000e+00	0.000000e+00	0.000000e+00	2.550764e-01	0.000000e+00	1.615841e-03	8.135767e-05	0.000000e+00	0.000000e+00	1.230324e-03	2.411051e-02	3.572663e-02	1.081614e-02	6.554395e-01	-2.822889e-01
6.554395e-01	0.000000e+00	9.761175e-03	1.758465e-01	0.000000e+00	3.476135e-01	7.860380e-03	0.000000e+00	6.383763e-03	0.000000e+00	7.408044e-04	0.000000e+00	0.000000e+00	2.311435e-02	0.000000e+00	0.000000e+00	0.000000e+00	0.000000e+00	0.000000e+00	0.000000e+00	2.550764e-01	0.000000e+00	1.615841e-03	8.135767e-05	0.000000e+00	0.000000e+00	1.230324e-03	2.411051e-02	3.572663e-02	1.081614e-02	6.554395e-01	-2.822889e-01
6.554395e-01	0.000000e+00	9.761175e-03	1.758465e-01	0.000000e+00	3.476135e-01	7.860380e-03	0.000000e+00	6.383763e-03	0.000000e+00	7.408044e-04	0.000000e+00	0.000000e+00	2.311435e-02	0.000000e+00	0.000000e+00	0.000000e+00	0.000000e+00	0.000000e+00	0.000000e+00	2.550764e-01	0.000000e+00	1.615841e-03	8.135767e-05	0.000000e+00	0.000000e+00	1.230324e-03	2.411051e-02	3.572663e-02	1.081614e-02	6.554395e-01	-2.822889e-01
6.554395e-01	0.000000e+00	9.761175e-03	1.758465e-01	0.000000e+00	3.476135e-01	7.860380e-03	0.000000e+00	6.383763e-03	0.000000e+00	7.408044e-04	0.000000e+00	0.000000e+00	2.311435e-02	0.000000e+00	0.000000e+00	0.000000e+00	0.000000e+00	0.000000e+00	0.000000e+00	2.550764e-01	0.000000e+00	1.615841e-03	8.135767e-05	0.000000e+00	0.000000e+00	1.230324e-03	2.411051e-02	3.572663e-02	1.081614e-02	6.554395e-01	-2.822889e-01
6.554395e-01	0.000000e+00	9.761175e-03	1.758465e-01	0.000000e+00	3.476135e-01	7.860380e-03	0.000000e+00	6.383763e-03	0.000000e+00	7.408044e-04	0.000000e+00	0.000000e+00	2.311435e-02	0.000000e+00	0.000000e+00	0.000000e+00	0.000000e+00	0.000000e+00	0.000000e+00	2.550764e-01	0.000000e+00	1.615841e-03	8.135767e-05	0.000000e+00	0.000000e+00	1.230324e-03	2.411051e-02	3.572663e-02	1.081614e-02	6.554395e-01	-2.822889e-01
6.554395e-01	0.000000e+00	9.761175e-03	1.693491e-01	0.000000e+00	3.324013e-01	7.860380e-03	4.911778e-03	6.383763e-03	0.000000e+00	7.408044e-04	0.000000e+00	4.935165e-02	2.311435e-02	0.000000e+00	1.162069e-02	0.000000e+00	0.000000e+00	0.000000e+00	0.000000e+00	2.550764e-01	0.000000e+00	1.615841e-03	2.033942e-04	0.000000e+00	0.000000e+00	1.677861e-02	0.000000e+00	3.572663e-02	1.081614e-02	6.554395e-01	-2.751593e-01
6.546664e-01	0.000000e+00	7.616355e-02	1.670720e-01	0.000000e+00	3.092252e-01	0.000000e+00	0.000000e+00	0.000000e+00	0.000000e+00	7.408044e-04	1.392582e-02	0.000000e+00	0.000000e+00	3.625557e-02	5.810346e-03	7.219269e-03	0.000000e+00	0.000000e+00	3.269264e-02	2.550764e-01	0.000000e+00	7.571248e-03	8.135767e-05	0.000000e+00	0.000000e+00	2.663280e-03	3.252079e-02	3.368675e-02	1.081614e-02	6.546664e-01	-2.651960e-01
6.531203e-01	0.000000e+00	2.138489e-01	1.638233e-01	1.865177e-02	2.816941e-01	7.860380e-03	0.000000e+00	2.059558e-02	1.622996e-02	0.000000e+00	1.044437e-02	0.000000e+00	1.155718e-02	1.812778e-02	2.324138e-02	0.000000e+00	0.000000e+00	0.000000e+00	0.000000e+00	2.550764e-01	0.000000e+00	7.571248e-03	8.135767e-05	0.000000e+00	0.000000e+00	1.677861e-02	0.000000e+00	1.265365e-02	1.081614e-02	6.531203e-01	-2.468095e-01
6.531203e-01	0.000000e+00	2.138489e-01	1.638233e-01	1.865177e-02	2.816941e-01	7.860380e-03	0.000000e+00	0.000000e+00	1.622996e-02	0.000000e+00	1.044437e-02	0.000000e+00	1.155718e-02	1.812778e-02	2.324138e-02	0.000000e+00	0.000000e+00	0.000000e+00	0.000000e+00	2.550764e-01	0.000000e+00	7.571248e-03	8.135767e-05	0.000000e+00	2.528864e-02	1.853337e-02	0.000000e+00	1.265365e-02	1.352017e-02	6.531203e-01	-2.449609e-01
6.531203e-01	0.000000e+00	2.138489e-01	8.191164e-02	7.294637e-04	2.556248e-01	3.930190e-03	0.000000e+00	0.000000e+00	0.000000e+00	0.000000e+00	1.044437e-02	0.000000e+00	5.778588e-03	1.812778e-02	8.720830e-02	0.000000e+00	0.000000e+00	0.000000e+00	0.000000e+00	2.550764e-01	0.000000e+00	7.571248e-03	8.135767e-05	0.000000e+00	2.528864e-02	1.853337e-02	0.000000e+00	1.265365e-02	9.464121e-03	6.531203e-01	-2.634817e-01
6.531203e-01	0.000000e+00	2.138489e-01	8.191164e-02	7.294637e-04	2.556248e-01	3.930190e-03	0.000000e+00	0.000000e+00	0.000000e+00	0.000000e+00	1.044437e-02	0.000000e+00	5.778588e-03	1.812778e-02	8.720830e-02	0.000000e+00	0.000000e+00	0.000000e+00	0.000000e+00	2.550764e-01	0.000000e+00	7.571248e-03	8.135767e-05	0.000000e+00	2.528864e-02	1.853337e-02	0.000000e+00	1.265365e-02	9.464121e-03	6.531203e-01	-2.634817e-01
6.531203e-01	0.000000e+00	2.138489e-01	8.191164e-02	7.294637e-04	2.556248e-01	3.930190e-03	0.000000e+00	0.000000e+00	0.000000e+00	0.000000e+00	1.044437e-02	0.000000e+00	5.778588e-03	1.812778e-02	8.720830e-02	0.000000e+00	0.000000e+00	0.000000e+00	0.000000e+00	2.550764e-01	0.000000e+00	7.571248e-03	8.135767e-05	0.000000e+00	2.528864e-02	1.853337e-02	0.000000e+00	1.265365e-02	9.464121e-03	6.531203e-01	-2.634817e-01
6.531203e-01	0.000000e+00	1.069244e-01	8.191164e-02	7.294637e-04	2.556248e-01	3.930190e-03	0.000000e+00	0.000000e+00	1.081997e-02	2.144992e-04	5.222183e-03	0.000000e+00	5.778588e-03	1.812778e-02	8.720830e-02	0.000000e+00	0.000000e+00	0.000000e+00	0.000000e+00	1.275382e-01	0.000000e+00	4.732030e-03	1.029600e-01	0.000000e+00	1.264432e-02	1.853337e-02	0.000000e+00	1.265365e-02	9.464121e-03	6.531203e-01	-2.917249e-01
6.531203e-01	0.000000e+00	1.069244e-01	8.191164e-02	7.294637e-04	2.556248e-01	3.930190e-03	0.000000e+00	0.000000e+00	1.081997e-02	2.144992e-04	5.222183e-03	0.000000e+00	5.778588e-03	1.812778e-02	8.720830e-02	0.000000e+00	0.000000e+00	0.000000e+00	0.000000e+00	1.275382e-01	0.000000e+00	4.732030e-03	1.029600e-01	0.000000e+00	1.264432e-02	1.853337e-02	0.000000e+00	1.265365e-02	9.464121e-03	6.531203e-01	-2.917249e-01
6.531203e-01	0.000000e+00	1.069244e-01	8.191164e-02	7.294637e-04	2.556248e-01	3.930190e-03	0.000000e+00	0.000000e+00	1.081997e-02	2.144992e-04	5.222183e-03	0.000000e+00	5.778588e-03	1.812778e-02	8.720830e-02	0.000000e+00	0.000000e+00	0.000000e+00	0.000000e+00	1.275382e-01	0.000000e+00	4.732030e-03	1.029600e-01	0.000000e+00	1.264432e-02	1.853337e-02	0.000000e+00	1.265365e-02	9.464121e-03	6.531203e-01	-2.917249e-01
6.531203e-01	0.000000e+00	1.069244e-01	8.191164e-02	7.294637e-04	2.556248e-01	3.930190e-03	0.000000e+00	0.000000e+00	1.081997e-02	2.144992e-04	5.222183e-03	0.000000e+00	5.778588e-03	1.812778e-02	8.720830e-02	0.000000e+00	0.000000e+00	0.000000e+00	0.000000e+00	1.275382e-01	0.000000e+00	4.732030e-03	1.029600e-01	0.000000e+00	1.264432e-02	1.853337e-02	0.000000e+00	1.265365e-02	9.464121e-03	6.531203e-01	-2.917249e-01
6.531203e-01	0.000000e+00	1.069244e-01	8.191164e-02	7.294637e-04	2.556248e-01	3.930190e-03	0.000000e+00	0.000000e+00	1.081997e-02	2.144992e-04	5.222183e-03	0.000000e+00	5.778588e-03	1.812778e-02	8.720830e-02	0.000000e+00	0.000000e+00	0.000000e+00	0.000000e+00	1.275382e-01	0.000000e+00	4.732030e-03	1.029600e-01	0.000000e+00	1.264432e-02	1.853337e-02	0.000000e+00	1.265365e-02	9.464121e-03	6.531203e-01	-2.917249e-01
6.531203e-01	0.000000e+00	1.069244e-01	8.191164e-02	7.294637e-04	2.556248e-01	3.930190e-03	0.000000e+00	0.000000e+00	1.081997e-02	2.144992e-04	5.222183e-03	0.000000e+00	5.778588e-03	1.812778e-02	8.720830e-02	0.000000e+00	0.000000e+00	0.000000e+00	0.000000e+00	1.275382e-01	0.000000e+00	4.732030e-03	1.029600e-01	0.000000e+00	1.264432e-02	1.853337e-02	0.000000e+00	1.265365e-02	9.464121e-03	6.531203e-01	-2.917249e-01
6.531203e-01	0.000000e+00	1.069244e-01	8.191164e-02	7.294637e-04	2.556248e-01	3.930190e-03	0.000000e+00	0.000000e+00	1.081997e-02	2.144992e-04	5.222183e-03	0.000000e+00	5.778588e-03	1.812778e-02	8.720830e-02	0.000000e+00	0.000000e+00	0.000000e+00	0.000000e+00	1.275382e-01	0.000000e+00	4.732030e-03	1.029600e-01	0.000000e+00	1.264432e-02	1.853337e-02	0.000000e+00	1.265365e-02	9.464121e-03	6.531203e-01	-2.917249e-01
6.531203e-01	0.000000e+00	1.069244e-01	8.191164e-02	7.294637e-04	2.556248e-01	3.930190e-03	0.000000e+00	0.000000e+00	1.081997e-02	2.144992e-04	5.222183e-03	0.000000e+00	5.778588e-03	1.812778e-02	8.720830e-02	0.000000e+00	0.000000e+00	0.000000e+00	0.000000e+00	1.275382e-01	0.000000e+00	4.732030e-03	1.029600e-01	0.000000e+00	1.264432e-02	1.853337e-02	0.000000e+00	1.265365e-02	9.464121e-03	6.531203e-01	-2.917249e-01
6.531203e-01	0.000000e+00	1.069244e-01	8.191164e-02	7.294637e-04	2.556248e-01	3.930190e-03	0.000000e+00	0.000000e+00	1.081997e-02	2.144992e-04	5.222183e-03	0.000000e+00	5.778588e-03	1.812778e-02	8.720830e-02	0.000000e+00	0.000000e+00	0.000000e+00	0.000000e+00	1.275382e-01	0.000000e+00	4.732030e-03	1.029600e-01	0.000000e+00	1.264432e-02	1.853337e-02	0.000000e+00	1.265365e-02	9.464121e-03	6.531203e-01	-2.917249e-01
6.531203e-01	0.000000e+00	1.069244e-01	8.191164e-02	7.294637e-04	2.556248e-01	3.930190e-03	0.000000e+00	0.000000e+00	1.081997e-02	2.144992e-04	5.222183e-03	0.000000e+00	5.778588e-03	1.812778e-02	8.720830e-02	0.000000e+00	0.000000e+00	0.000000e+00	0.000000e+00	1.275382e-01	0.000000e+00	4.732030e-03	1.029600e-01	0.000000e+00	1.264432e-02	1.853337e-02	0.000000e+00	1.265365e-02	9.464121e-03	6.531203e-01	-2.917249e-01
4.400570e-01	0.000000e+00	0.000000e+00	0.000000e+00	0.000000e+00	2.295555e-01	0.000000e+00	1.964711e-02	1.373247e-02	2.163995e-02	4.289985e-04	0.000000e+00	0.000000e+00	0.000000e+00	2.337301e-03	7.475038e-03	0.000000e+00	1.091381e-02	1.746704e-02	0.000000e+00	0.000000e+00	1.791731e-02	1.892812e-03	3.562034e-03	5.670122e-02	0.000000e+00	1.326907e-02	0.000000e+00	0.000000e+00	5.408069e-03	4.400570e-01	6.721723e-03
4.400570e-01	0.000000e+00	0.000000e+00	0.000000e+00	0.000000e+00	2.295555e-01	0.000000e+00	1.964711e-02	1.373247e-02	2.163995e-02	4.289985e-04	0.000000e+00	0.000000e+00	0.000000e+00	2.337301e-03	7.475038e-03	0.000000e+00	1.091381e-02	1.746704e-02	0.000000e+00	0.000000e+00	1.791731e-02	1.892812e-03	3.562034e-03	5.670122e-02	0.000000e+00	1.326907e-02	0.000000e+00	0.000000e+00	5.408069e-03	4.400570e-01	6.721723e-03
4.400570e-01	0.000000e+00	0.000000e+00	0.000000e+00	0.000000e+00	2.295555e-01	0.000000e+00	1.964711e-02	1.373247e-02	2.163995e-02	4.289985e-04	0.000000e+00	0.000000e+00	0.000000e+00	2.337301e-03	7.475038e-03	0.000000e+00	1.091381e-02	1.746704e-02	0.000000e+00	0.000000e+00	1.791731e-02	1.892812e-03	3.562034e-03	5.670122e-02	0.000000e+00	1.326907e-02	0.000000e+00	0.000000e+00	5.408069e-03	4.400570e-01	6.721723e-03
4.400570e-01	0.000000e+00	0.000000e+00	0.000000e+00	0.000000e+00	2.295555e-01	0.000000e+00	1.964711e-02	1.373247e-02	2.163995e-02	4.289985e-04	0.000000e+00	0.000000e+00	0.000000e+00	2.337301e-03	7.475038e-03	0.000000e+00	1.091381e-02	1.746704e-02	0.000000e+00	0.000000e+00	1.791731e-02	1.892812e-03	3.562034e-03	5.670122e-02	0.000000e+00	1.326907e-02	0.000000e+00	0.000000e+00	5.408069e-03	4.400570e-01	6.721723e-03
4.400570e-01	0.000000e+00	0.000000e+00	0.000000e+00	0.000000e+00	2.295555e-01	0.000000e+00	1.964711e-02	1.373247e-02	2.163995e-02	4.289985e-04	0.000000e+00	0.000000e+00	0.000000e+00	2.337301e-03	7.475038e-03	0.000000e+00	1.091381e-02	1.746704e-02	0.000000e+00	0.000000e+00	1.791731e-02	1.892812e-03	3.562034e-03	5.670122e-02	0.000000e+00	1.326907e-02	0.000000e+00	0.000000e+00	5.408069e-03	4.400570e-01	6.721723e-03
4.400570e-01	0.000000e+00	0.000000e+00	0.000000e+00	0.000000e+00	2.295555e-01	0.000000e+00	1.964711e-02	1.373247e-02	2.163995e-02	4.289985e-04	0.000000e+00	0.000000e+00	0.000000e+00	2.337301e-03	7.475038e-03	0.000000e+00	1.091381e-02	1.746704e-02	0.000000e+00	0.000000e+00	1.791731e-02	1.892812e-03	3.562034e-03	5.670122e-02	0.000000e+00	1.326907e-02	0.000000e+00	0.000000e+00	5.408069e-03	4.400570e-01	6.721723e-03
4.400570e-01	0.000000e+00	0.000000e+00	0.000000e+00	0.000000e+00	2.295555e-01	0.000000e+00	1.964711e-02	1.373247e-02	2.163995e-02	4.289985e-04	0.000000e+00	0.000000e+00	0.000000e+00	2.337301e-03	7.475038e-03	0.000000e+00	1.091381e-02	1.746704e-02	0.000000e+00	0.000000e+00	1.791731e-02	1.892812e-03	3.562034e-03	5.670122e-02	0.000000e+00	1.326907e-02	0.000000e+00	0.000000e+00	5.408069e-03	4.400570e-01	6.721723e-03
4.400570e-01	0.000000e+00	0.000000e+00	0.000000e+00	0.000000e+00	2.295555e-01	0.000000e+00	1.964711e-02	1.373247e-02	2.163995e-02	4.289985e-04	0.000000e+00	0.000000e+00	0.000000e+00	2.337301e-03	7.475038e-03	0.000000e+00	1.091381e-02	1.746704e-02	0.000000e+00	0.000000e+00	1.791731e-02	1.892812e-03	3.562034e-03	5.670122e-02	0.000000e+00	1.326907e-02	0.000000e+00	0.000000e+00	5.408069e-03	4.400570e-01	6.721723e-03
4.400570e-01	0.000000e+00	0.000000e+00	0.000000e+00	0.000000e+00	2.295555e-01	0.000000e+00	1.964711e-02	1.373247e-02	2.163995e-02	4.289985e-04	0.000000e+00	0.000000e+00	0.000000e+00	2.337301e-03	7.475038e-03	0.000000e+00	1.091381e-02	1.746704e-02	0.000000e+00	0.000000e+00	1.791731e-02	1.892812e-03	3.562034e-03	5.670122e-02	0.000000e+00	1.326907e-02	0.000000e+00	0.000000e+00	5.408069e-03	4.400570e-01	6.721723e-03
4.400570e-01	0.000000e+00	0.000000e+00	0.000000e+00	0.000000e+00	2.295555e-01	0.000000e+00	1.964711e-02	1.373247e-02	2.163995e-02	4.289985e-04	0.000000e+00	0.000000e+00	0.000000e+00	2.337301e-03	7.475038e-03	0.000000e+00	1.091381e-02	1.746704e-02	0.000000e+00	0.000000e+00	1.791731e-02	1.892812e-03	3.562034e-03	5.670122e-02	0.000000e+00	1.326907e-02	0.000000e+00	0.000000e+00	5.408069e-03	4.400570e-01	6.721723e-03
4.400570e-01	8.058834e-03	0.000000e+00	0.000000e+00	0.000000e+00	2.295555e-01	0.000000e+00	1.964711e-02	1.373247e-02	2.163995e-02	4.289985e-04	0.000000e+00	0.000000e+00	0.000000e+00	2.337301e-03	7.475038e-03	0.000000e+00	1.091381e-02	1.746704e-02	0.000000e+00	0.000000e+00	1.791731e-02	1.892812e-03	3.562034e-03	5.670122e-02	0.000000e+00	1.326907e-02	0.000000e+00	0.000000e+00	5.408069e-03	4.400570e-01	8.443127e-03
4.363760e-01	1.314202e-03	0.000000e+00	0.000000e+00	0.000000e+00	2.295555e-01	0.000000e+00	1.422918e-02	3.686869e-04	2.704993e-03	0.000000e+00	0.000000e+00	0.000000e+00	0.000000e+00	4.674602e-03	1.963490e-03	0.000000e+00	0.000000e+00	0.000000e+00	8.384278e-03	0.000000e+00	1.791731e-02	0.000000e+00	6.233560e-03	6.074314e-02	3.628886e-02	5.717051e-02	0.000000e+00	0.000000e+00	0.000000e+00	4.363760e-01	3.562455e-02
4.363760e-01	1.314202e-03	0.000000e+00	0.000000e+00	0.000000e+00	2.295555e-01	0.000000e+00	1.422918e-02	3.686869e-04	2.704993e-03	0.000000e+00	0.000000e+00	0.000000e+00	0.000000e+00	4.674602e-03	1.963490e-03	0.000000e+00	0.000000e+00	0.000000e+00	8.384278e-03	0.000000e+00	1.791731e-02	0.000000e+00	6.233560e-03	6.074314e-02	3.628886e-02	5.717051e-02	0.000000e+00	0.000000e+00	0.000000e+00	4.363760e-01	3.562455e-02
4.296262e-01	0.000000e+00	6.030593e-03	0.000000e+00	5.980600e-04	1.311688e-01	8.642728e-02	1.558366e-02	3.686869e-04	0.000000e+00	2.144992e-04	0.000000e+00	0.000000e+00	0.000000e+00	3.895502e-03	1.963490e-03	0.000000e+00	1.237189e-02	1.145163e-02	0.000000e+00	0.000000e+00	0.000000e+00	4.732030e-04	6.010933e-03	6.525671e-02	1.671037e-02	3.214594e-02	0.000000e+00	0.000000e+00	0.000000e+00	4.296262e-01	8.260023e-02
4.296262e-01	4.528334e-03	6.030593e-03	0.000000e+00	5.980600e-04	1.311688e-01	8.642728e-02	1.558366e-02	3.686869e-04	8.104785e-03	2.144992e-04	0.000000e+00	0.000000e+00	0.000000e+00	3.895502e-03	1.963490e-03	0.000000e+00	1.237189e-02	1.145163e-02	0.000000e+00	0.000000e+00	0.000000e+00	4.732030e-04	6.010933e-03	6.525671e-02	1.671037e-02	3.214594e-02	0.000000e+00	0.000000e+00	0.000000e+00	4.296262e-01	8.530846e-02
4.296262e-01	4.528334e-03	6.030593e-03	0.000000e+00	5.980600e-04	1.311688e-01	8.642728e-02	1.558366e-02	3.686869e-04	8.104785e-03	2.144992e-04	0.000000e+00	0.000000e+00	0.000000e+00	3.895502e-03	1.963490e-03	0.000000e+00	1.237189e-02	1.145163e-02	0.000000e+00	0.000000e+00	0.000000e+00	4.732030e-04	6.010933e-03	6.525671e-02	1.671037e-02	3.214594e-02	0.000000e+00	0.000000e+00	0.000000e+00	4.296262e-01	8.530846e-02
4.296262e-01	4.528334e-03	6.030593e-03	0.000000e+00	5.980600e-04	1.311688e-01	8.642728e-02	1.558366e-02	3.686869e-04	8.104785e-03	2.144992e-04	0.000000e+00	0.000000e+00	0.000000e+00	3.895502e-03	1.963490e-03	0.000000e+00	1.237189e-02	1.145163e-02	0.000000e+00	0.000000e+00	0.000000e+00	4.732030e-04	6.010933e-03	6.525671e-02	1.671037e-02	3.214594e-02	0.000000e+00	0.000000e+00	0.000000e+00	4.296262e-01	8.530846e-02
4.296262e-01	4.528334e-03	6.030593e-03	0.000000e+00	5.980600e-04	1.311688e-01	8.642728e-02	1.558366e-02	3.686869e-04	8.104785e-03	2.144992e-04	0.000000e+00	0.000000e+00	0.000000e+00	3.895502e-03	1.963490e-03	0.000000e+00	1.237189e-02	1.145163e-02	0.000000e+00	0.000000e+00	0.000000e+00	4.732030e-04	6.010933e-03	6.525671e-02	1.671037e-02	3.214594e-02	0.000000e+00	0.000000e+00	0.000000e+00	4.296262e-01	8.530846e-02
4.296262e-01	8.692431e-03	6.030593e-03	0.000000e+00	5.980600e-04	1.311688e-01	0.000000e+00	1.558366e-02	3.686869e-04	8.104785e-03	2.144992e-04	0.000000e+00	0.000000e+00	0.000000e+00	3.116401e-03	2.104583e-02	0.000000e+00	1.237189e-02	1.145163e-02	0.000000e+00	0.000000e+00	0.000000e+00	4.732030e-04	6.010933e-03	6.525671e-02	1.671037e-02	3.214594e-02	0.000000e+00	0.000000e+00	0.000000e+00	4.296262e-01	7.161893e-02
4.296262e-01	8.692431e-03	6.030593e-03	0.000000e+00	5.980600e-04	1.311688e-01	0.000000e+00	1.558366e-02	3.686869e-04	8.104785e-03	2.144992e-04	0.000000e+00	0.000000e+00	0.000000e+00	3.116401e-03	2.104583e-02	0.000000e+00	1.237189e-02	1.145163e-02	0.000000e+00	0.000000e+00	0.000000e+00	4.732030e-04	6.010933e-03	6.525671e-02	1.671037e-02	3.214594e-02	0.000000e+00	0.000000e+00	0.000000e+00	4.296262e-01	7.161893e-02
4.296262e-01	8.692431e-03	6.030593e-03	0.000000e+00	5.980600e-04	1.311688e-01	0.000000e+00	1.558366e-02	3.686869e-04	8.104785e-03	2.144992e-04	0.000000e+00	0.000000e+00	0.000000e+00	3.116401e-03	2.104583e-02	0.000000e+00	1.237189e-02	1.145163e-02	0.000000e+00	0.000000e+00	0.000000e+00	4.732030e-04	6.010933e-03	6.525671e-02	1.671037e-02	3.214594e-02	0.000000e+00	0.000000e+00	0.000000e+00	4.296262e-01	7.161893e-02
2.513464e-01	8.692431e-03	6.030593e-03	0.000000e+00	5.980600e-04	1.311688e-01	0.000000e+00	1.558366e-02	3.686869e-04	8.104785e-03	2.144992e-04	0.000000e+00	0.000000e+00	0.000000e+00	3.116401e-03	2.104583e-02	0.000000e+00	1.237189e-02	1.145163e-02	0.000000e+00	0.000000e+00	0.000000e+00	4.732030e-04	6.010933e-03	6.525671e-02	1.671037e-02	3.214594e-02	0.000000e+00	0.000000e+00	0.000000e+00	2.513464e-01	3.271091e-01
2.513464e-01	8.692431e-03	6.030593e-03	0.000000e+00	5.980600e-04	1.311688e-01	0.000000e+00	1.558366e-02	3.686869e-04	8.104785e-03	2.144992e-04	0.000000e+00	0.000000e+00	0.000000e+00	3.116401e-03	2.104583e-02	0.000000e+00	1.237189e-02	1.145163e-02	0.000000e+00	0.000000e+00	0.000000e+00	4.732030e-04	6.010933e-03	6.525671e-02	1.671037e-02	3.214594e-02	0.000000e+00	0.000000e+00	0.000000e+00	2.513464e-01	3.271091e-01
2.513464e-01	8.692431e-03	6.030593e-03	0.000000e+00	5.980600e-04	1.311688e-01	0.000000e+00	1.558366e-02	3.686869e-04	8.104785e-03	2.144992e-04	0.000000e+00	0.000000e+00	0.000000e+00	3.116401e-03	2.104583e-02	0.000000e+00	1.237189e-02	1.145163e-02	0.000000e+00	0.000000e+00	0.000000e+00	4.732030e-04	6.010933e-03	6.525671e-02	1.671037e-02	3.214594e-02	0.000000e+00	0.000000e+00	0.000000e+00	2.513464e-01	3.271091e-01
2.513464e-01	8.692431e-03	6.030593e-03	0.000000e+00	5.980600e-04	1.311688e-01	0.000000e+00	1.558366e-02	3.686869e-04	8.104785e-03	2.144992e-04	0.000000e+00	0.000000e+00	0.000000e+00	3.116401e-03	2.104583e-02	0.000000e+00	1.237189e-02	1.145163e-02	0.000000e+00	0.000000e+00	0.000000e+00	4.732030e-04	6.010933e-03	6.525671e-02	1.671037e-02	3.214594e-02	0.000000e+00	0.000000e+00	0.000000e+00	2.513464e-01	3.271091e-01
2.513464e-01	8.692431e-03	6.030593e-03	0.000000e+00	5.980600e-04	1.311688e-01	0.000000e+00	1.558366e-02	3.686869e-04	8.104785e-03	2.144992e-04	0.000000e+00	0.000000e+00	0.000000e+00	3.116401e-03	2.104583e-02	0.000000e+00	1.237189e-02	1.145163e-02	0.000000e+00	0.000000e+00	0.000000e+00	4.732030e-04	6.010933e-03	6.525671e-02	1.671037e-02	3.214594e-02	0.000000e+00	0.000000e+00	0.000000e+00	2.513464e-01	3.271091e-01
2.513464e-01	8.692431e-03	6.030593e-03	0.000000e+00	5.980600e-04	1.311688e-01	0.000000e+00	1.558366e-02	3.686869e-04	8.104785e-03	2.144992e-04	0.000000e+00	0.000000e+00	0.000000e+00	3.116401e-03	2.104583e-02	0.000000e+00	1.237189e-02	1.145163e-02	0.000000e+00	0.000000e+00	0.000000e+00	4.732030e-04	6.010933e-03	6.525671e-02	1.671037e-02	3.214594e-02	0.000000e+00	0.000000e+00	0.000000e+00	2.513464e-01	3.271091e-01
2.513464e-01	8.692431e-03	6.030593e-03	0.000000e+00	5.980600e-04	1.311688e-01	0.000000e+00	1.558366e-02	3.686869e-04	8.104785e-03	2.144992e-04	0.000000e+00	0.000000e+00	0.000000e+00	3.116401e-03	2.104583e-02	0.000000e+00	1.237189e-02	1.145163e-02	0.000000e+00	0.000000e+00	0.000000e+00	4.732030e-04	6.010933e-03	6.525671e-02	1.671037e-02	3.214594e-02	0.000000e+00	0.000000e+00	0.000000e+00	2.513464e-01	3.271091e-01
2.513464e-01	8.692431e-03	6.030593e-03	0.000000e+00	5.980600e-04	1.311688e-01	0.000000e+00	1.558366e-02	3.686869e-04	8.104785e-03	2.144992e-04	0.000000e+00	0.000000e+00	0.000000e+00	3.116401e-03	2.104583e-02	0.000000e+00	1.237189e-02	1.145163e-02	0.000000e+00	0.000000e+00	0.000000e+00	4.732030e-04	6.010933e-03	6.525671e-02	1.671037e-02	3.214594e-02	0.000000e+00	0.000000e+00	0.000000e+00	2.513464e-01	3.271091e-01
2.513464e-01	8.692431e-03	6.030593e-03	0.000000e+00	5.980600e-04	1.311688e-01	0.000000e+00	1.558366e-02	3.686869e-04	8.104785e-03	2.144992e-04	0.000000e+00	0.000000e+00	0.000000e+00	3.116401e-03	2.104583e-02	0.000000e+00	1.237189e-02	1.145163e-02	0.000000e+00	0.000000e+00	0.000000e+00	4.732030e-04	6.010933e-03	6.525671e-02	1.671037e-02	3.214594e-02	0.000000e+00	0.000000e+00	0.000000e+00	2.513464e-01	3.271091e-01
2.513464e-01	8.692431e-03	6.030593e-03	0.000000e+00	5.980600e-04	1.311688e-01	0.000000e+00	1.558366e-02	3.686869e-04	8.104785e-03	2.144992e-04	0.000000e+00	0.000000e+00	0.000000e+00	3.116401e-03	2.104583e-02	0.000000e+00	1.237189e-02	1.145163e-02	0.000000e+00	0.000000e+00	0.000000e+00	4.732030e-04	6.010933e-03	6.525671e-02	1.671037e-02	3.214594e-02	0.000000e+00	0.000000e+00	0.000000e+00	2.513464e-01	3.271091e-01
2.513464e-01	8.692431e-03	6.030593e-03	0.000000e+00	5.980600e-04	1.311688e-01	0.000000e+00	1.558366e-02	3.686869e-04	8.104785e-03	2.144992e-04	0.000000e+00	0.000000e+00	0.000000e+00	3.116401e-03	2.104583e-02	0.000000e+00	1.237189e-02	1.145163e-02	0.000000e+00	0.000000e+00	0.000000e+00	4.732030e-04	6.010933e-03	6.525671e-02	1.671037e-02	3.214594e-02	0.000000e+00	0.000000e+00	0.000000e+00	2.513464e-01	3.271091e-01
2.513464e-01	8.692431e-03	6.030593e-03	0.000000e+00	5.980600e-04	1.311688e-01	0.000000e+00	1.558366e-02	3.953189e-02	8.104785e-03	2.144992e-04	0.000000e+00	5.019578e-05	2.745815e-02	3.116401e-03	2.104583e-02	0.000000e+00	1.237189e-02	1.145163e-02	0.000000e+00	0.000000e+00	0.000000e+00	4.732030e-04	6.010933e-03	6.525671e-02	1.671037e-02	8.951053e-03	0.000000e+00	0.000000e+00	2.428177e-02	2.513464e-01	3.431473e-01
2.390336e-01	0.000000e+00	1.759959e-02	0.000000e+00	4.549200e-02	1.557102e-01	0.000000e+00	0.000000e+00	0.000000e+00	1.215718e-02	0.000000e+00	0.000000e+00	0.000000e+00	2.051207e-03	0.000000e+00	0.000000e+00	0.000000e+00	0.000000e+00	2.769370e-03	0.000000e+00	0.000000e+00	0.000000e+00	0.000000e+00	2.671526e-03	5.885651e-02	0.000000e+00	9.708381e-03	6.115522e-02	9.676233e-02	0.000000e+00	2.390336e-01	3.963073e-01
2.390336e-01	0.000000e+00	1.759959e-02	0.000000e+00	4.549200e-02	1.557102e-01	0.000000e+00	0.000000e+00	0.000000e+00	1.215718e-02	0.000000e+00	0.000000e+00	0.000000e+00	2.051207e-03	0.000000e+00	0.000000e+00	0.000000e+00	0.000000e+00	2.769370e-03	0.000000e+00	0.000000e+00	0.000000e+00	0.000000e+00	2.671526e-03	5.885651e-02	0.000000e+00	9.708381e-03	6.115522e-02	9.676233e-02	0.000000e+00	2.390336e-01	3.963073e-01
2.390336e-01	2.391059e-02	5.499255e-02	0.000000e+00	4.549200e-02	1.557102e-01	0.000000e+00	0.000000e+00	0.000000e+00	1.215718e-02	0.000000e+00	0.000000e+00	0.000000e+00	2.051207e-03	0.000000e+00	2.194456e-02	0.000000e+00	0.000000e+00	2.769370e-03	1.058724e-01	0.000000e+00	0.000000e+00	0.000000e+00	2.671526e-03	5.885651e-02	0.000000e+00	9.708381e-03	6.115522e-02	9.676233e-02	2.991861e-02	2.390336e-01	4.489745e-01
2.216950e-01	6.376158e-03	1.239258e-02	0.000000e+00	4.549200e-02	2.128512e-01	3.709847e-03	3.478748e-02	0.000000e+00	0.000000e+00	0.000000e+00	0.000000e+00	0.000000e+00	1.164354e-02	4.674602e-03	0.000000e+00	0.000000e+00	1.181109e-02	2.680676e-03	0.000000e+00	4.637300e-02	0.000000e+00	0.000000e+00	0.000000e+00	0.000000e+00	1.028245e-01	5.827869e-03	0.000000e+00	0.000000e+00	0.000000e+00	2.216950e-01	5.097930e-01
2.216950e-01	6.376158e-03	1.239258e-02	0.000000e+00	4.549200e-02	2.128512e-01	3.709847e-03	3.478748e-02	0.000000e+00	0.000000e+00	0.000000e+00	0.000000e+00	0.000000e+00	1.164354e-02	4.674602e-03	0.000000e+00	0.000000e+00	1.181109e-02	2.680676e-03	0.000000e+00	4.637300e-02	0.000000e+00	0.000000e+00	0.000000e+00	0.000000e+00	1.028245e-01	5.827869e-03	0.000000e+00	0.000000e+00	0.000000e+00	2.216950e-01	5.097930e-01
2.132624e-01	0.000000e+00	1.056032e-02	0.000000e+00	0.000000e+00	2.864754e-01	0.000000e+00	2.337549e-02	1.929871e-02	0.000000e+00	0.000000e+00	0.000000e+00	0.000000e+00	0.000000e+00	4.674602e-03	1.462971e-02	0.000000e+00	0.000000e+00	2.783183e-03	7.212398e-03	0.000000e+00	0.000000e+00	0.000000e+00	0.000000e+00	2.604963e-02	0.000000e+00	3.276912e-02	0.000000e+00	4.838116e-02	0.000000e+00	2.132624e-01	5.667296e-01
2.132624e-01	0.000000e+00	1.056032e-02	0.000000e+00	0.000000e+00	2.864754e-01	0.000000e+00	2.337549e-02	1.929871e-02	0.000000e+00	0.000000e+00	0.000000e+00	0.000000e+00	0.000000e+00	4.674602e-03	1.462971e-02	0.000000e+00	0.000000e+00	2.783183e-03	7.212398e-03	0.000000e+00	0.000000e+00	0.000000e+00	0.000000e+00	2.604963e-02	0.000000e+00	3.276912e-02	0.000000e+00	4.838116e-02	0.000000e+00	2.132624e-01	5.667296e-01
2.008335e-01	2.823727e-02	1.239258e-02	0.000000e+00	6.034049e-04	2.128512e-01	2.923815e-02	1.964711e-02	0.000000e+00	0.000000e+00	8.316228e-03	0.000000e+00	0.000000e+00	1.164354e-02	0.000000e+00	5.258333e-02	0.000000e+00	4.034962e-02	1.397524e-03	0.000000e+00	2.327035e-02	0.000000e+00	0.000000e+00	0.000000e+00	0.000000e+00	2.792304e-02	5.669875e-03	0.000000e+00	0.000000e+00	1.907853e-02	2.008335e-01	6.665837e-01
1.956002e-01	0.000000e+00	7.075987e-02	0.000000e+00	9.849361e-03	2.282365e-01	1.393904e-03	0.000000e+00	7.449904e-03	0.000000e+00	3.572337e-02	0.000000e+00	0.000000e+00	3.360092e-02	0.000000e+00	4.793741e-02	5.569660e-02	0.000000e+00	2.783183e-03	7.212398e-03	0.000000e+00	0.000000e+00	0.000000e+00	0.000000e+00	5.169257e-02	4.334671e-02	6.174473e-03	0.000000e+00	0.000000e+00	1.560971e-02	1.956002e-01	7.357918e-01
1.040496e-01	1.594040e-02	5.043098e-02	0.000000e+00	1.604407e-02	2.864754e-01	8.006491e-03	0.000000e+00	0.000000e+00	0.000000e+00	0.000000e+00	0.000000e+00	5.019578e-05	2.051207e-03	0.000000e+00	1.462971e-02	0.000000e+00	0.000000e+00	1.391592e-03	0.000000e+00	0.000000e+00	0.000000e+00	0.000000e+00	0.000000e+00	2.604963e-02	6.885998e-02	1.435578e-02	0.000000e+00	5.505260e-03	1.777773e-02	1.040496e-01	8.289566e-01
1.040496e-01	1.594040e-02	5.043098e-02	0.000000e+00	1.604407e-02	2.864754e-01	8.006491e-03	0.000000e+00	0.000000e+00	0.000000e+00	0.000000e+00	0.000000e+00	5.019578e-05	2.051207e-03	0.000000e+00	1.462971e-02	0.000000e+00	0.000000e+00	1.391592e-03	0.000000e+00	0.000000e+00	0.000000e+00	0.000000e+00	0.000000e+00	2.604963e-02	6.885998e-02	1.435578e-02	0.000000e+00	5.505260e-03	1.777773e-02	1.040496e-01	8.289566e-01
1.040496e-01	1.594040e-02	5.043098e-02	0.000000e+00	1.604407e-02	2.864754e-01	8.006491e-03	0.000000e+00	0.000000e+00	0.000000e+00	0.000000e+00	0.000000e+00	5.019578e-05	2.051207e-03	0.000000e+00	1.462971e-02	0.000000e+00	0.000000e+00	1.391592e-03	0.000000e+00	0.000000e+00	0.000000e+00	0.000000e+00	0.000000e+00	2.604963e-02	6.885998e-02	1.435578e-02	0.000000e+00	5.505260e-03	1.777773e-02	1.040496e-01	8.289566e-01
1.040496e-01	1.594040e-02	5.043098e-02	0.000000e+00	1.604407e-02	2.864754e-01	8.006491e-03	0.000000e+00	0.000000e+00	0.000000e+00	0.000000e+00	0.000000e+00	5.019578e-05	2.051207e-03	0.000000e+00	1.462971e-02	0.000000e+00	0.000000e+00	1.391592e-03	0.000000e+00	0.000000e+00	0.000000e+00	0.000000e+00	0.000000e+00	2.604963e-02	6.885998e-02	1.435578e-02	0.000000e+00	5.505260e-03	1.777773e-02	1.040496e-01	8.289566e-01
1.040496e-01	1.594040e-02	5.043098e-02	0.000000e+00	1.604407e-02	2.864754e-01	8.006491e-03	0.000000e+00	0.000000e+00	0.000000e+00	0.000000e+00	0.000000e+00	5.019578e-05	2.051207e-03	0.000000e+00	1.462971e-02	0.000000e+00	0.000000e+00	1.391592e-03	0.000000e+00	0.000000e+00	0.000000e+00	0.000000e+00	0.000000e+00	2.604963e-02	6.885998e-02	1.435578e-02	0.000000e+00	5.505260e-03	1.777773e-02	1.040496e-01	8.289566e-01
1.040496e-01	9.564237e-03	2.126411e-02	0.000000e+00	1.604407e-02	2.619340e-01	2.923815e-02	0.000000e+00	7.449904e-03	0.000000e+00	0.000000e+00	0.000000e+00	3.764683e-05	3.360092e-02	0.000000e+00	1.220114e-02	6.709111e-03	0.000000e+00	1.281853e-04	0.000000e+00	0.000000e+00	0.000000e+00	0.000000e+00	1.187345e-03	3.697585e-02	5.257442e-02	1.435578e-02	0.000000e+00	2.479878e-02	1.777773e-02	1.040496e-01	8.337807e-01
5.827434e-02	0.000000e+00	2.841241e-02	0.000000e+00	2.843350e-02	3.155949e-01	2.923815e-02	0.000000e+00	8.197645e-02	0.000000e+00	3.572337e-02	0.000000e+00	0.000000e+00	3.360092e-02	0.000000e+00	1.220114e-02	5.569660e-02	0.000000e+00	1.281853e-04	0.000000e+00	0.000000e+00	0.000000e+00	0.000000e+00	1.187345e-03	1.322816e-02	5.257442e-02	3.100216e-02	0.000000e+00	8.257890e-03	1.214089e-02	5.827434e-02	9.054828e-01
5.827434e-02	0.000000e+00	2.841241e-02	0.000000e+00	2.843350e-02	3.155949e-01	2.923815e-02	0.000000e+00	8.197645e-02	0.000000e+00	3.572337e-02	0.000000e+00	0.000000e+00	3.360092e-02	0.000000e+00	1.220114e-02	5.569660e-02	0.000000e+00	1.281853e-04	0.000000e+00	0.000000e+00	0.000000e+00	0.000000e+00	1.187345e-03	1.322816e-02	5.257442e-02	3.100216e-02	0.000000e+00	8.257890e-03	1.214089e-02	5.827434e-02	9.054828e-01
5.827434e-02	0.000000e+00	2.841241e-02	0.000000e+00	2.843350e-02	3.155949e-01	2.923815e-02	0.000000e+00	8.197645e-02	0.000000e+00	3.572337e-02	0.000000e+00	0.000000e+00	3.360092e-02	0.000000e+00	1.220114e-02	5.569660e-02	0.000000e+00	1.281853e-04	0.000000e+00	0.000000e+00	0.000000e+00	0.000000e+00	1.187345e-03	1.322816e-02	5.257442e-02	3.100216e-02	0.000000e+00	8.257890e-03	1.214089e-02	5.827434e-02	9.054828e-01
4.522696e-02	1.275232e-02	7.075987e-02	0.000000e+00	9.849361e-03	3.036203e-01	2.923815e-02	0.000000e+00	7.449904e-03	0.000000e+00	1.663246e-02	0.000000e+00	0.000000e+00	3.360092e-02	0.000000e+00	1.220114e-02	6.709111e-03	0.000000e+00	1.281853e-04	7.212398e-03	0.000000e+00	0.000000e+00	0.000000e+00	0.000000e+00	3.697585e-02	4.334671e-02	6.174473e-03	0.000000e+00	5.505260e-03	1.560971e-02	4.522696e-02	9.148419e-01
2.612688e-02	1.275232e-02	4.252823e-02	0.000000e+00	4.591367e-03	2.864754e-01	0.000000e+00	0.000000e+00	1.489981e-02	0.000000e+00	2.494868e-02	8.302704e-02	5.019578e-05	2.051207e-03	0.000000e+00	2.103379e-02	0.000000e+00	0.000000e+00	2.783183e-03	7.058162e-02	0.000000e+00	0.000000e+00	0.000000e+00	0.000000e+00	2.604963e-02	6.885998e-02	6.174473e-03	0.000000e+00	5.505260e-03	4.075869e-02	2.612688e-02	1.023551e+00
1.318963e-02	9.564237e-03	2.126411e-02	0.000000e+00	1.077533e-02	2.619340e-01	2.923815e-02	0.000000e+00	7.449904e-03	0.000000e+00	1.663246e-02	0.000000e+00	3.764683e-05	3.360092e-02	0.000000e+00	1.220114e-02	6.709111e-03	0.000000e+00	1.281853e-04	5.194353e-02	0.000000e+00	0.000000e+00	0.000000e+00	1.187345e-03	3.697585e-02	5.257442e-02	7.704702e-03	0.000000e+00	2.479878e-02	1.214089e-02	1.318963e-02	1.054891e+00
0.000000e+00	1.275232e-02	4.087673e-02	0.000000e+00	9.849361e-03	3.036203e-01	2.923815e-02	0.000000e+00	5.606525e-03	0.000000e+00	1.663246e-02	0.000000e+00	2.007831e-04	3.360092e-02	0.000000e+00	1.220114e-02	3.354555e-03	0.000000e+00	1.281853e-04	2.305606e-03	0.000000e+00	0.000000e+00	0.000000e+00	1.187345e-03	3.697585e-02	1.216351e-01	6.174473e-03	0.000000e+00	3.073472e-02	3.121942e-02	0.000000e+00	1.216712e+00
