8.285079e-01	1.905068e-03	0.000000e+00	0.000000e+00	0.000000e+00	0.000000e+00	3.645609e-03	2.034593e-03	2.107182e-03	4.940273e-03	0.000000e+00	2.025194e-02	4.663302e-03	0.000000e+00	0.000000e+00	6.354890e-03	0.000000e+00	0.000000e+00	1.969371e-03	6.065621e-03	0.000000e+00	5.856956e-02	8.629620e-03	0.000000e+00	1.319995e-03	1.671365e-02	0.000000e+00	5.751665e-03	0.000000e+00	3.664680e-05	8.285079e-01	-5.322078e-01
8.285079e-01	2.923665e-03	0.000000e+00	0.000000e+00	0.000000e+00	0.000000e+00	2.566378e-03	1.151244e-02	2.121886e-03	4.940273e-03	0.000000e+00	2.025194e-02	4.663302e-03	0.000000e+00	1.634224e-03	6.354890e-03	0.000000e+00	0.000000e+00	2.954056e-03	6.065621e-03	0.000000e+00	3.864467e-03	6.489378e-03	0.000000e+00	1.319995e-03	1.077216e-02	0.000000e+00	5.751665e-03	7.861138e-02	3.664680e-05	8.285079e-01	-5.274003e-01
8.285079e-01	2.923665e-03	0.000000e+00	0.000000e+00	0.000000e+00	0.000000e+00	2.566378e-03	1.151244e-02	2.121886e-03	4.940273e-03	0.000000e+00	2.025194e-02	4.663302e-03	0.000000e+00	1.634224e-03	6.354890e-03	0.000000e+00	0.000000e+00	2.954056e-03	6.065621e-03	0.000000e+00	3.864467e-03	6.489378e-03	0.000000e+00	1.319995e-03	1.077216e-02	0.000000e+00	5.751665e-03	7.861138e-02	3.664680e-05	8.285079e-01	-5.274003e-01
8.285079e-01	2.923665e-03	0.000000e+00	0.000000e+00	0.000000e+00	0.000000e+00	2.566378e-03	1.151244e-02	2.121886e-03	4.940273e-03	0.000000e+00	2.025194e-02	4.663302e-03	0.000000e+00	1.634224e-03	6.354890e-03	0.000000e+00	0.000000e+00	2.954056e-03	6.065621e-03	0.000000e+00	3.864467e-03	6.489378e-03	0.000000e+00	1.319995e-03	1.077216e-02	0.000000e+00	5.751665e-03	7.861138e-02	3.664680e-05	8.285079e-01	-5.274003e-01
8.285079e-01	2.923665e-03	0.000000e+00	0.000000e+00	0.000000e+00	0.000000e+00	2.566378e-03	1.151244e-02	2.121886e-03	4.940273e-03	0.000000e+00	2.025194e-02	4.663302e-03	0.000000e+00	1.634224e-03	6.354890e-03	0.000000e+00	0.000000e+00	2.954056e-03	6.065621e-03	0.000000e+00	3.864467e-03	6.489378e-03	0.000000e+00	1.319995e-03	1.077216e-02	0.000000e+00	5.751665e-03	7.861138e-02	3.664680e-05	8.285079e-01	-5.274003e-01
8.285079e-01	2.923665e-03	0.000000e+00	0.000000e+00	0.000000e+00	0.000000e+00	2.566378e-03	1.151244e-02	2.121886e-03	4.940273e-03	0.000000e+00	2.025194e-02	4.663302e-03	0.000000e+00	1.634224e-03	6.354890e-03	0.000000e+00	0.000000e+00	2.954056e-03	6.065621e-03	0.000000e+00	3.864467e-03	6.489378e-03	0.000000e+00	1.319995e-03	1.077216e-02	0.000000e+00	5.751665e-03	7.861138e-02	3.664680e-05	8.285079e-01	-5.274003e-01
6.420980e-01	2.923665e-03	0.000000e+00	0.000000e+00	0.000000e+00	0.000000e+00	2.454493e-03	1.151244e-02	2.151294e-03	4.940273e-03	0.000000e+00	2.025194e-02	5.620990e-03	0.000000e+00	1.634224e-03	6.354890e-03	0.000000e+00	0.000000e+00	1.969371e-03	6.065621e-03	0.000000e+00	3.864467e-03	6.489378e-03	0.000000e+00	1.319995e-03	1.077216e-02	2.472880e-04	5.751665e-03	7.861138e-02	3.664680e-05	6.420980e-01	-3.912695e-01
6.420980e-01	2.923665e-03	0.000000e+00	0.000000e+00	0.000000e+00	0.000000e+00	2.454493e-03	1.151244e-02	2.151294e-03	4.940273e-03	0.000000e+00	2.025194e-02	5.620990e-03	0.000000e+00	1.634224e-03	6.354890e-03	0.000000e+00	0.000000e+00	1.969371e-03	6.065621e-03	0.000000e+00	3.864467e-03	6.489378e-03	0.000000e+00	1.319995e-03	1.077216e-02	2.472880e-04	5.751665e-03	7.861138e-02	3.664680e-05	6.420980e-01	-3.912695e-01
6.396866e-01	7.884523e-03	0.000000e+00	2.129835e-04	0.000000e+00	1.489280e-02	1.227246e-03	1.151244e-02	2.165998e-03	2.931412e-02	0.000000e+00	2.025194e-02	6.578677e-03	0.000000e+00	1.225668e-03	6.905797e-03	2.464564e-02	0.000000e+00	1.266600e-03	6.065621e-03	0.000000e+00	3.864467e-03	7.559499e-03	0.000000e+00	1.319995e-03	5.781826e-03	9.891519e-04	5.751665e-03	0.000000e+00	2.443120e-05	6.396866e-01	-3.762740e-01
6.372753e-01	3.465995e-03	0.000000e+00	4.259669e-04	0.000000e+00	0.000000e+00	0.000000e+00	1.151244e-02	2.165998e-03	4.940273e-03	0.000000e+00	3.132895e-03	5.620990e-03	0.000000e+00	8.171121e-04	7.456705e-03	4.929129e-02	0.000000e+00	5.638292e-04	6.065621e-03	0.000000e+00	3.864467e-03	8.629620e-03	0.000000e+00	1.319995e-03	7.914894e-04	2.472880e-04	5.751665e-03	7.861138e-02	3.053900e-05	6.372753e-01	-3.486637e-01
6.372753e-01	3.465995e-03	0.000000e+00	4.259669e-04	0.000000e+00	0.000000e+00	0.000000e+00	1.151244e-02	2.165998e-03	5.368796e-02	0.000000e+00	1.491264e-02	5.620990e-03	0.000000e+00	8.171121e-04	7.456705e-03	4.929129e-02	0.000000e+00	5.638292e-04	6.064338e-03	0.000000e+00	3.864467e-03	8.629620e-03	0.000000e+00	6.599974e-04	7.914894e-04	0.000000e+00	2.875833e-03	7.861138e-02	1.526950e-05	6.372753e-01	-3.378544e-01
6.372753e-01	3.465995e-03	0.000000e+00	4.259669e-04	0.000000e+00	0.000000e+00	0.000000e+00	1.151244e-02	2.165998e-03	5.368796e-02	0.000000e+00	1.491264e-02	5.620990e-03	0.000000e+00	8.171121e-04	7.456705e-03	4.929129e-02	0.000000e+00	5.638292e-04	6.064338e-03	0.000000e+00	3.864467e-03	8.629620e-03	0.000000e+00	6.599974e-04	7.914894e-04	0.000000e+00	2.875833e-03	7.861138e-02	1.526950e-05	6.372753e-01	-3.378544e-01
6.372753e-01	3.465995e-03	0.000000e+00	4.259669e-04	0.000000e+00	0.000000e+00	0.000000e+00	1.151244e-02	2.165998e-03	5.368796e-02	0.000000e+00	1.491264e-02	5.620990e-03	0.000000e+00	8.171121e-04	7.456705e-03	4.929129e-02	0.000000e+00	5.638292e-04	6.064338e-03	0.000000e+00	3.864467e-03	8.629620e-03	0.000000e+00	6.599974e-04	7.914894e-04	0.000000e+00	2.875833e-03	7.861138e-02	1.526950e-05	6.372753e-01	-3.378544e-01
6.372753e-01	3.465995e-03	0.000000e+00	4.259669e-04	0.000000e+00	0.000000e+00	0.000000e+00	1.151244e-02	2.165998e-03	5.368796e-02	0.000000e+00	1.491264e-02	5.620990e-03	0.000000e+00	8.171121e-04	7.456705e-03	4.929129e-02	0.000000e+00	5.638292e-04	6.064338e-03	0.000000e+00	3.864467e-03	8.629620e-03	0.000000e+00	6.599974e-04	7.914894e-04	0.000000e+00	2.875833e-03	7.861138e-02	1.526950e-05	6.372753e-01	-3.378544e-01
6.372753e-01	3.465995e-03	0.000000e+00	4.259669e-04	0.000000e+00	0.000000e+00	0.000000e+00	1.151244e-02	2.165998e-03	5.368796e-02	0.000000e+00	1.491264e-02	5.620990e-03	0.000000e+00	8.171121e-04	7.456705e-03	4.929129e-02	0.000000e+00	5.638292e-04	6.064338e-03	0.000000e+00	3.864467e-03	8.629620e-03	0.000000e+00	6.599974e-04	7.914894e-04	0.000000e+00	2.875833e-03	7.861138e-02	1.526950e-05	6.372753e-01	-3.378544e-01
6.372753e-01	3.465995e-03	0.000000e+00	4.259669e-04	0.000000e+00	0.000000e+00	0.000000e+00	1.151244e-02	2.165998e-03	5.368796e-02	0.000000e+00	1.491264e-02	5.620990e-03	0.000000e+00	8.171121e-04	7.456705e-03	4.929129e-02	0.000000e+00	5.638292e-04	6.064338e-03	0.000000e+00	3.864467e-03	8.629620e-03	0.000000e+00	6.599974e-04	7.914894e-04	0.000000e+00	2.875833e-03	7.861138e-02	1.526950e-05	6.372753e-01	-3.378544e-01
4.556880e-01	7.884523e-03	0.000000e+00	5.349066e-04	0.000000e+00	0.000000e+00	3.421838e-03	2.034593e-03	2.165998e-03	4.940273e-03	0.000000e+00	2.025194e-02	6.578677e-03	0.000000e+00	0.000000e+00	6.354890e-03	0.000000e+00	0.000000e+00	0.000000e+00	6.065621e-03	0.000000e+00	3.864467e-03	4.349136e-03	0.000000e+00	1.319995e-03	4.830676e-03	9.891519e-04	5.751665e-03	0.000000e+00	2.443120e-05	4.556880e-01	-1.066976e-01
4.556880e-01	7.884523e-03	0.000000e+00	5.349066e-04	0.000000e+00	0.000000e+00	3.421838e-03	2.034593e-03	2.165998e-03	4.940273e-03	0.000000e+00	2.025194e-02	6.578677e-03	0.000000e+00	0.000000e+00	6.354890e-03	0.000000e+00	0.000000e+00	0.000000e+00	6.065621e-03	0.000000e+00	3.864467e-03	4.349136e-03	0.000000e+00	1.319995e-03	4.830676e-03	9.891519e-04	5.751665e-03	0.000000e+00	2.443120e-05	4.556880e-01	-1.066976e-01
4.556880e-01	7.884523e-03	0.000000e+00	5.349066e-04	0.000000e+00	0.000000e+00	3.421838e-03	2.034593e-03	2.165998e-03	4.940273e-03	0.000000e+00	2.025194e-02	6.578677e-03	0.000000e+00	0.000000e+00	6.354890e-03	0.000000e+00	0.000000e+00	0.000000e+00	6.065621e-03	0.000000e+00	3.864467e-03	4.349136e-03	0.000000e+00	1.319995e-03	4.830676e-03	9.891519e-04	5.751665e-03	0.000000e+00	2.443120e-05	4.556880e-01	-1.066976e-01
4.556880e-01	5.675259e-03	0.000000e+00	4.804368e-04	0.000000e+00	0.000000e+00	1.227246e-03	2.034593e-03	2.388232e-03	4.940273e-03	0.000000e+00	4.592236e-02	6.578677e-03	0.000000e+00	2.269756e-03	6.224844e-03	2.464564e-02	0.000000e+00	2.819146e-04	6.065621e-03	0.000000e+00	3.864467e-03	6.489378e-03	0.000000e+00	9.899961e-04	5.461169e-03	9.891519e-04	2.875833e-03	3.930569e-02	1.985035e-05	4.556880e-01	-8.856275e-02
4.482559e-01	4.418528e-03	0.000000e+00	4.259669e-04	0.000000e+00	0.000000e+00	2.454493e-03	1.151244e-02	2.165998e-03	4.940273e-03	0.000000e+00	2.025194e-02	5.620990e-03	0.000000e+00	1.634224e-03	7.456705e-03	5.342172e-02	0.000000e+00	5.638292e-04	6.065621e-03	0.000000e+00	3.864467e-03	4.349136e-03	0.000000e+00	1.319995e-03	7.914894e-04	4.945759e-04	5.751665e-03	7.861138e-02	3.053900e-05	4.482559e-01	-7.211361e-02
4.419801e-01	7.735219e-03	0.000000e+00	5.446983e-05	7.333889e-03	0.000000e+00	1.293930e-02	0.000000e+00	1.546238e-03	7.020273e-03	0.000000e+00	2.669239e-02	6.069914e-03	0.000000e+00	8.260722e-03	3.728352e-03	2.504525e-02	1.157261e-02	5.638292e-04	6.065621e-03	0.000000e+00	3.241996e-03	4.314810e-03	0.000000e+00	2.121880e-03	2.076941e-03	0.000000e+00	3.274199e-03	3.930569e-02	2.466002e-03	4.419801e-01	-5.499580e-02
4.419801e-01	7.735219e-03	0.000000e+00	5.446983e-05	7.333889e-03	0.000000e+00	1.293930e-02	0.000000e+00	1.546238e-03	7.020273e-03	0.000000e+00	2.669239e-02	6.069914e-03	0.000000e+00	8.260722e-03	3.728352e-03	2.504525e-02	1.157261e-02	5.638292e-04	6.065621e-03	0.000000e+00	3.241996e-03	4.314810e-03	0.000000e+00	2.121880e-03	2.076941e-03	0.000000e+00	3.274199e-03	3.930569e-02	2.466002e-03	4.419801e-01	-5.499580e-02
4.419801e-01	7.735219e-03	0.000000e+00	5.446983e-05	7.333889e-03	0.000000e+00	1.293930e-02	0.000000e+00	1.546238e-03	7.020273e-03	0.000000e+00	2.669239e-02	6.069914e-03	0.000000e+00	8.260722e-03	3.728352e-03	2.504525e-02	1.157261e-02	5.638292e-04	6.065621e-03	0.000000e+00	3.241996e-03	4.314810e-03	0.000000e+00	2.121880e-03	2.076941e-03	0.000000e+00	3.274199e-03	3.930569e-02	2.466002e-03	4.419801e-01	-5.499580e-02
4.245595e-01	2.073189e-03	3.364652e-04	5.041131e-04	0.000000e+00	0.000000e+00	2.930043e-02	8.634333e-03	2.612809e-03	3.901357e-04	0.000000e+00	3.108995e-02	6.544161e-03	0.000000e+00	1.634224e-03	0.000000e+00	5.342172e-02	5.786304e-03	1.805772e-03	3.906576e-03	0.000000e+00	3.494720e-03	5.795534e-03	0.000000e+00	6.599974e-04	1.252938e-03	4.306883e-03	1.176953e-02	8.245391e-02	1.461490e-04	4.245595e-01	1.068597e-01
4.245595e-01	2.073189e-03	3.364652e-04	5.041131e-04	0.000000e+00	0.000000e+00	2.930043e-02	8.634333e-03	2.612809e-03	3.901357e-04	0.000000e+00	3.108995e-02	6.544161e-03	0.000000e+00	1.634224e-03	0.000000e+00	5.342172e-02	5.786304e-03	1.805772e-03	3.906576e-03	0.000000e+00	3.494720e-03	5.795534e-03	0.000000e+00	6.599974e-04	1.252938e-03	4.306883e-03	1.176953e-02	8.245391e-02	1.461490e-04	4.245595e-01	1.068597e-01
2.639157e-01	4.762669e-04	0.000000e+00	4.259669e-04	0.000000e+00	1.698900e-03	1.818158e-03	4.224537e-03	5.203720e-05	0.000000e+00	0.000000e+00	5.497812e-03	0.000000e+00	0.000000e+00	0.000000e+00	7.151572e-03	0.000000e+00	0.000000e+00	5.048799e-03	4.318090e-03	0.000000e+00	6.479627e-03	4.349136e-03	0.000000e+00	1.319995e-03	0.000000e+00	0.000000e+00	0.000000e+00	0.000000e+00	0.000000e+00	2.639157e-01	2.570741e-01
2.639157e-01	4.762669e-04	0.000000e+00	4.259669e-04	0.000000e+00	1.698900e-03	1.818158e-03	4.224537e-03	5.203720e-05	0.000000e+00	0.000000e+00	5.497812e-03	0.000000e+00	0.000000e+00	0.000000e+00	7.151572e-03	0.000000e+00	0.000000e+00	5.048799e-03	4.318090e-03	0.000000e+00	6.479627e-03	4.349136e-03	0.000000e+00	1.319995e-03	0.000000e+00	0.000000e+00	0.000000e+00	0.000000e+00	0.000000e+00	2.639157e-01	2.570741e-01
2.639157e-01	4.762669e-04	0.000000e+00	4.259669e-04	0.000000e+00	1.698900e-03	1.818158e-03	4.224537e-03	5.203720e-05	0.000000e+00	0.000000e+00	5.497812e-03	0.000000e+00	0.000000e+00	0.000000e+00	7.151572e-03	0.000000e+00	0.000000e+00	5.048799e-03	4.318090e-03	0.000000e+00	6.479627e-03	4.349136e-03	0.000000e+00	1.319995e-03	0.000000e+00	0.000000e+00	0.000000e+00	0.000000e+00	0.000000e+00	2.639157e-01	2.570741e-01
2.639157e-01	4.762669e-04	0.000000e+00	4.259669e-04	0.000000e+00	1.698900e-03	1.818158e-03	4.224537e-03	5.203720e-05	0.000000e+00	0.000000e+00	5.497812e-03	0.000000e+00	0.000000e+00	0.000000e+00	7.151572e-03	0.000000e+00	0.000000e+00	5.048799e-03	4.318090e-03	0.000000e+00	6.479627e-03	4.349136e-03	0.000000e+00	1.319995e-03	0.000000e+00	0.000000e+00	0.000000e+00	0.000000e+00	0.000000e+00	2.639157e-01	2.570741e-01
2.476220e-01	8.597773e-03	0.000000e+00	3.027811e-04	0.000000e+00	1.698900e-03	1.818158e-03	1.588242e-04	5.203720e-05	0.000000e+00	0.000000e+00	0.000000e+00	0.000000e+00	0.000000e+00	7.570588e-03	2.041321e-03	1.036437e-03	0.000000e+00	5.048799e-03	1.079522e-03	0.000000e+00	6.479627e-03	4.349136e-03	3.411152e-02	1.319995e-03	0.000000e+00	0.000000e+00	0.000000e+00	0.000000e+00	0.000000e+00	2.476220e-01	2.731261e-01
2.364997e-01	4.762669e-04	0.000000e+00	6.746943e-04	0.000000e+00	0.000000e+00	1.818158e-03	4.224537e-03	3.442216e-03	0.000000e+00	0.000000e+00	5.497812e-03	0.000000e+00	0.000000e+00	0.000000e+00	9.268599e-04	7.992020e-04	3.617006e-03	1.523857e-03	4.318090e-03	0.000000e+00	6.479627e-03	0.000000e+00	0.000000e+00	2.330124e-03	0.000000e+00	1.549652e-02	0.000000e+00	0.000000e+00	3.957363e-03	2.364997e-01	3.112151e-01
2.163363e-01	0.000000e+00	0.000000e+00	3.402737e-04	0.000000e+00	4.917832e-03	3.152643e-03	2.226089e-02	1.957849e-03	2.999222e-03	0.000000e+00	5.797700e-04	4.040111e-04	0.000000e+00	3.785294e-03	3.744738e-03	0.000000e+00	0.000000e+00	1.762471e-03	3.238567e-03	0.000000e+00	3.124973e-03	6.303088e-03	0.000000e+00	0.000000e+00	1.714386e-03	8.119191e-03	1.256813e-02	7.685061e-03	0.000000e+00	2.163363e-01	4.498219e-01
1.952654e-01	5.727273e-03	6.729304e-04	4.018666e-04	0.000000e+00	8.494499e-04	0.000000e+00	5.756222e-03	3.059620e-03	1.498075e-02	0.000000e+00	4.192795e-02	2.863868e-03	0.000000e+00	0.000000e+00	3.728352e-03	2.164879e-04	1.157261e-02	3.047715e-03	0.000000e+00	0.000000e+00	3.124973e-03	7.241933e-03	0.000000e+00	0.000000e+00	1.714386e-03	8.119191e-03	1.203573e-02	7.685061e-03	2.617589e-04	1.952654e-01	6.197806e-01
7.514898e-02	0.000000e+00	0.000000e+00	3.438431e-04	0.000000e+00	1.274175e-03	3.152643e-03	2.226089e-02	1.957849e-03	2.999222e-03	0.000000e+00	5.797700e-04	4.040111e-04	0.000000e+00	5.047058e-03	3.744738e-03	0.000000e+00	0.000000e+00	3.737418e-03	3.238567e-03	0.000000e+00	2.636206e-03	6.303088e-03	0.000000e+00	0.000000e+00	6.343890e-03	0.000000e+00	1.097467e-02	7.685061e-03	0.000000e+00	7.514898e-02	6.951432e-01
7.514898e-02	0.000000e+00	0.000000e+00	3.438431e-04	0.000000e+00	1.274175e-03	3.152643e-03	2.226089e-02	1.957849e-03	2.999222e-03	0.000000e+00	5.797700e-04	4.040111e-04	0.000000e+00	5.047058e-03	3.744738e-03	0.000000e+00	0.000000e+00	3.737418e-03	3.238567e-03	0.000000e+00	2.636206e-03	6.303088e-03	0.000000e+00	0.000000e+00	6.343890e-03	0.000000e+00	1.097467e-02	7.685061e-03	0.000000e+00	7.514898e-02	6.951432e-01
7.514898e-02	0.000000e+00	0.000000e+00	3.438431e-04	0.000000e+00	1.274175e-03	3.152643e-03	2.226089e-02	1.957849e-03	2.999222e-03	0.000000e+00	5.797700e-04	4.040111e-04	0.000000e+00	5.047058e-03	3.744738e-03	0.000000e+00	0.000000e+00	3.737418e-03	3.238567e-03	0.000000e+00	2.636206e-03	6.303088e-03	0.000000e+00	0.000000e+00	6.343890e-03	0.000000e+00	1.097467e-02	7.685061e-03	0.000000e+00	7.514898e-02	6.951432e-01
6.021639e-02	3.981513e-03	0.000000e+00	3.438431e-04	8.800667e-03	4.247249e-04	3.152643e-03	4.542185e-03	0.000000e+00	0.000000e+00	0.000000e+00	5.797700e-04	0.000000e+00	0.000000e+00	5.047058e-03	3.744738e-03	6.909581e-04	0.000000e+00	5.701239e-03	0.000000e+00	0.000000e+00	6.172561e-03	0.000000e+00	2.274101e-02	0.000000e+00	1.401904e-03	0.000000e+00	2.614042e-02	0.000000e+00	0.000000e+00	6.021639e-02	7.229413e-01
2.774930e-02	6.845149e-03	0.000000e+00	3.438431e-04	8.800667e-03	0.000000e+00	3.152643e-03	0.000000e+00	0.000000e+00	2.999222e-03	0.000000e+00	5.797700e-04	0.000000e+00	0.000000e+00	5.047058e-03	3.744738e-03	6.909581e-04	0.000000e+00	5.979290e-03	3.238567e-03	0.000000e+00	3.870581e-03	0.000000e+00	2.274101e-02	0.000000e+00	1.401904e-03	1.143715e-03	2.614042e-02	0.000000e+00	0.000000e+00	2.774930e-02	8.397124e-01
0.000000e+00	1.384725e-02	0.000000e+00	1.437889e-04	0.000000e+00	1.296194e-04	1.818158e-03	4.224537e-03	3.188050e-03	0.000000e+00	0.000000e+00	5.497812e-03	1.075854e-02	2.835879e-03	0.000000e+00	6.171161e-03	0.000000e+00	0.000000e+00	8.648456e-04	4.318090e-03	0.000000e+00	2.817301e-03	4.349136e-03	0.000000e+00	1.319995e-03	7.664919e-03	0.000000e+00	9.617950e-03	0.000000e+00	0.000000e+00	0.000000e+00	1.024693e+00
