6.470421e-01	0.000000e+00	0.000000e+00	8.289283e-05	0.000000e+00	0.000000e+00	2.539490e-02	8.060328e-03	3.923891e-04	0.000000e+00	2.511457e-03	0.000000e+00	0.000000e+00	3.922818e-03	0.000000e+00	0.000000e+00	0.000000e+00	0.000000e+00	1.093226e-03	2.131200e-02	3.999881e-03	3.682797e-03	0.000000e+00	8.999759e-04	2.051941e-02	0.000000e+00	2.479579e-02	7.739167e-05	0.000000e+00	0.000000e+00	6.470421e-01	-4.268509e-01
6.470421e-01	1.210756e-03	0.000000e+00	0.000000e+00	0.000000e+00	8.323383e-03	2.284938e-02	0.000000e+00	3.432559e-04	5.230165e-03	5.263548e-03	1.053770e-04	1.268532e-02	1.448720e-02	0.000000e+00	3.368707e-03	0.000000e+00	1.236099e-02	0.000000e+00	0.000000e+00	0.000000e+00	9.709545e-03	5.486579e-04	5.128822e-03	0.000000e+00	0.000000e+00	0.000000e+00	2.502220e-02	3.808891e-02	0.000000e+00	6.470421e-01	-4.178225e-01
6.470421e-01	1.210756e-03	0.000000e+00	0.000000e+00	0.000000e+00	8.323383e-03	2.284938e-02	0.000000e+00	3.432559e-04	5.230165e-03	5.263548e-03	1.053770e-04	1.268532e-02	1.448720e-02	0.000000e+00	3.368707e-03	0.000000e+00	1.236099e-02	0.000000e+00	0.000000e+00	0.000000e+00	9.709545e-03	5.486579e-04	5.128822e-03	0.000000e+00	0.000000e+00	0.000000e+00	2.502220e-02	3.808891e-02	0.000000e+00	6.470421e-01	-4.178225e-01
6.395927e-01	7.581744e-04	3.627232e-03	5.591460e-05	8.861857e-03	1.433074e-02	1.579529e-02	0.000000e+00	7.345561e-04	5.857284e-04	3.890403e-03	0.000000e+00	1.068237e-02	8.945486e-04	0.000000e+00	0.000000e+00	0.000000e+00	1.366699e-02	0.000000e+00	6.955087e-02	0.000000e+00	4.035045e-03	4.441759e-04	9.696476e-04	0.000000e+00	8.432494e-04	8.138872e-05	0.000000e+00	0.000000e+00	0.000000e+00	6.395927e-01	-3.773431e-01
6.358679e-01	0.000000e+00	8.310000e-03	4.844012e-04	0.000000e+00	1.109784e-02	4.153560e-03	0.000000e+00	6.836365e-04	3.514371e-03	0.000000e+00	0.000000e+00	1.068237e-02	3.987687e-03	0.000000e+00	1.113300e-04	0.000000e+00	0.000000e+00	0.000000e+00	2.148132e-03	0.000000e+00	1.889969e-02	2.884784e-03	0.000000e+00	0.000000e+00	2.698398e-04	0.000000e+00	0.000000e+00	0.000000e+00	0.000000e+00	6.358679e-01	-3.590468e-01
6.358679e-01	0.000000e+00	3.375109e-02	0.000000e+00	0.000000e+00	6.081026e-03	0.000000e+00	9.446890e-03	6.836365e-04	5.857284e-04	2.365097e-03	5.736409e-03	9.998090e-03	6.071585e-03	0.000000e+00	1.927126e-03	0.000000e+00	0.000000e+00	0.000000e+00	2.148132e-03	3.054381e-03	6.473030e-03	2.449097e-03	2.571875e-02	5.129853e-03	0.000000e+00	0.000000e+00	0.000000e+00	0.000000e+00	0.000000e+00	6.358679e-01	-3.488003e-01
6.339740e-01	0.000000e+00	1.007201e-03	8.289283e-05	0.000000e+00	8.323383e-03	2.539490e-02	0.000000e+00	0.000000e+00	5.523029e-03	6.456271e-03	0.000000e+00	5.341187e-03	1.013716e-02	8.503586e-03	1.454723e-03	0.000000e+00	0.000000e+00	0.000000e+00	5.829239e-03	3.910789e-03	7.178067e-03	0.000000e+00	1.211833e-02	5.129853e-03	0.000000e+00	2.479579e-02	0.000000e+00	0.000000e+00	0.000000e+00	6.339740e-01	-3.268643e-01
6.320801e-01	3.224795e-03	1.527191e-02	5.094583e-04	8.861857e-03	1.171845e-02	6.243932e-04	0.000000e+00	6.348405e-02	3.514371e-03	4.124898e-03	0.000000e+00	6.342660e-03	7.227174e-03	0.000000e+00	9.194322e-04	0.000000e+00	0.000000e+00	1.870135e-02	4.940227e-03	4.831479e-03	4.165420e-03	0.000000e+00	7.461259e-04	1.025971e-02	1.992177e-04	2.285236e-03	0.000000e+00	7.925166e-03	0.000000e+00	6.320801e-01	-2.956337e-01
6.293269e-01	1.223814e-03	3.627232e-03	3.541245e-04	8.861857e-03	1.433074e-02	4.174266e-03	0.000000e+00	5.073997e-04	2.342914e-03	3.890403e-03	3.051819e-02	7.121583e-03	8.220041e-03	0.000000e+00	2.094630e-03	4.200350e-03	1.366699e-02	7.588696e-04	1.788369e-03	0.000000e+00	4.035045e-03	1.923190e-03	9.700334e-03	0.000000e+00	8.432494e-04	0.000000e+00	2.340836e-03	1.585033e-02	0.000000e+00	6.293269e-01	-2.676536e-01
6.293269e-01	1.363553e-03	0.000000e+00	5.422809e-04	8.861857e-03	1.545192e-02	2.721998e-02	5.664016e-04	5.238584e-04	5.975356e-03	5.339628e-03	0.000000e+00	2.781868e-03	5.102353e-03	0.000000e+00	3.169731e-03	9.816006e-03	1.984749e-02	0.000000e+00	2.192532e-03	4.828933e-02	5.653303e-03	2.545571e-02	0.000000e+00	0.000000e+00	8.432494e-04	5.109482e-03	1.251110e-02	0.000000e+00	0.000000e+00	6.293269e-01	-2.554188e-01
6.269787e-01	3.603882e-03	2.345843e-02	5.374156e-04	1.329279e-02	1.109784e-02	1.912260e-02	7.219045e-04	6.350951e-02	2.342914e-03	5.083006e-03	0.000000e+00	6.684802e-03	4.638656e-03	0.000000e+00	4.194682e-04	0.000000e+00	1.366699e-02	0.000000e+00	0.000000e+00	1.514785e-03	1.149323e-03	0.000000e+00	0.000000e+00	7.694780e-03	6.208424e-04	2.667192e-03	3.791546e-02	7.925166e-03	0.000000e+00	6.269787e-01	-2.186858e-01
6.269787e-01	3.603882e-03	2.345843e-02	5.374156e-04	1.329279e-02	1.109784e-02	1.912260e-02	7.219045e-04	6.350951e-02	2.342914e-03	5.083006e-03	0.000000e+00	6.684802e-03	4.638656e-03	0.000000e+00	4.194682e-04	0.000000e+00	1.366699e-02	0.000000e+00	0.000000e+00	1.514785e-03	1.149323e-03	0.000000e+00	0.000000e+00	7.694780e-03	6.208424e-04	2.667192e-03	3.791546e-02	7.925166e-03	0.000000e+00	6.269787e-01	-2.186858e-01
6.213599e-01	0.000000e+00	0.000000e+00	2.465592e-04	0.000000e+00	2.079653e-02	1.634434e-02	1.195511e-03	3.923891e-04	0.000000e+00	3.890643e-03	2.107539e-04	2.893143e-03	1.626231e-02	0.000000e+00	4.463549e-03	9.816006e-03	1.105499e-02	1.093226e-03	1.074066e-03	3.960631e-04	1.149323e-03	1.097316e-03	1.790842e-02	0.000000e+00	5.554906e-04	2.249021e-04	1.212894e-02	3.962583e-03	0.000000e+00	6.213599e-01	-1.505676e-01
6.213599e-01	1.174009e-03	0.000000e+00	2.465592e-04	0.000000e+00	1.576222e-02	1.797088e-02	2.054493e-04	3.923891e-04	0.000000e+00	3.890643e-03	0.000000e+00	2.893143e-03	6.396613e-03	0.000000e+00	3.419713e-03	9.816006e-03	1.301399e-02	1.093226e-03	1.074066e-03	4.994768e-02	1.149323e-03	2.545571e-02	3.730629e-04	1.282463e-03	6.324371e-04	4.918504e-03	1.212894e-02	3.962583e-03	0.000000e+00	6.213599e-01	-1.410186e-01
4.506449e-01	4.001963e-03	4.475556e-02	5.572269e-04	0.000000e+00	1.109784e-02	9.244596e-03	2.912408e-03	0.000000e+00	2.342914e-03	4.359633e-03	1.550682e-03	1.335297e-03	1.427658e-02	0.000000e+00	2.113154e-03	0.000000e+00	1.366699e-02	0.000000e+00	4.385065e-03	1.005902e-02	1.410072e-03	1.501569e-03	0.000000e+00	0.000000e+00	8.854119e-05	4.795375e-03	0.000000e+00	0.000000e+00	0.000000e+00	4.506449e-01	-9.398876e-02
4.506449e-01	4.001963e-03	4.475556e-02	5.572269e-04	0.000000e+00	1.109784e-02	9.244596e-03	2.912408e-03	0.000000e+00	2.342914e-03	4.359633e-03	1.550682e-03	1.335297e-03	1.427658e-02	0.000000e+00	2.113154e-03	0.000000e+00	1.366699e-02	0.000000e+00	4.385065e-03	1.005902e-02	1.410072e-03	1.501569e-03	0.000000e+00	0.000000e+00	8.854119e-05	4.795375e-03	0.000000e+00	0.000000e+00	0.000000e+00	4.506449e-01	-9.398876e-02
4.506449e-01	4.001963e-03	4.475556e-02	5.572269e-04	0.000000e+00	1.109784e-02	9.244596e-03	2.912408e-03	0.000000e+00	2.342914e-03	4.359633e-03	1.550682e-03	1.335297e-03	1.427658e-02	0.000000e+00	2.113154e-03	0.000000e+00	1.366699e-02	0.000000e+00	4.385065e-03	1.005902e-02	1.410072e-03	1.501569e-03	0.000000e+00	0.000000e+00	8.854119e-05	4.795375e-03	0.000000e+00	0.000000e+00	0.000000e+00	4.506449e-01	-9.398876e-02
4.483214e-01	6.609844e-03	5.213562e-02	7.869209e-04	5.120097e-03	1.733442e-02	9.244596e-03	3.195609e-03	0.000000e+00	2.569077e-03	1.131497e-03	1.550682e-03	1.335297e-03	1.427658e-02	0.000000e+00	0.000000e+00	0.000000e+00	1.708374e-02	0.000000e+00	2.566711e-03	1.005902e-02	0.000000e+00	1.501569e-03	0.000000e+00	0.000000e+00	8.854119e-05	4.795375e-03	0.000000e+00	0.000000e+00	0.000000e+00	4.483214e-01	-8.583281e-02
4.423292e-01	2.421513e-03	1.739089e-02	4.049014e-04	0.000000e+00	1.064207e-03	2.450438e-02	0.000000e+00	6.373700e-02	0.000000e+00	5.864829e-03	0.000000e+00	1.335297e-03	2.521346e-03	0.000000e+00	2.273865e-03	0.000000e+00	1.366699e-02	6.030016e-03	1.945754e-03	0.000000e+00	2.322639e-03	0.000000e+00	1.063767e-04	7.694780e-03	0.000000e+00	2.752285e-04	3.791546e-02	9.295931e-03	0.000000e+00	4.423292e-01	-5.272428e-02
4.357456e-01	2.617346e-03	2.420168e-02	2.209822e-04	0.000000e+00	1.458526e-02	1.058773e-02	2.511740e-03	0.000000e+00	3.946528e-03	1.260606e-02	1.302350e-02	6.676484e-04	6.145423e-03	0.000000e+00	1.558093e-03	0.000000e+00	0.000000e+00	0.000000e+00	9.344964e-03	9.860990e-03	0.000000e+00	9.529107e-04	2.709447e-02	0.000000e+00	4.427059e-05	0.000000e+00	0.000000e+00	7.208618e-03	0.000000e+00	4.357456e-01	-2.212069e-02
4.313165e-01	1.277503e-02	9.330624e-04	3.776484e-04	0.000000e+00	5.029153e-02	2.539490e-02	0.000000e+00	3.057929e-04	0.000000e+00	2.119795e-03	1.686031e-03	0.000000e+00	4.988025e-03	0.000000e+00	0.000000e+00	0.000000e+00	1.807249e-03	0.000000e+00	2.707435e-03	0.000000e+00	1.029078e-04	0.000000e+00	2.567394e-02	0.000000e+00	1.349199e-04	0.000000e+00	0.000000e+00	5.662242e-02	0.000000e+00	4.313165e-01	2.314515e-02
4.284354e-01	6.609844e-03	5.213562e-02	0.000000e+00	5.120097e-03	1.733442e-02	2.290345e-02	3.941736e-04	4.549684e-04	2.569077e-03	1.131497e-03	2.315639e-02	1.335297e-03	1.427658e-02	0.000000e+00	0.000000e+00	5.500385e-03	0.000000e+00	3.442954e-04	2.566711e-03	1.005902e-02	3.817164e-03	0.000000e+00	0.000000e+00	0.000000e+00	2.318936e-05	4.795375e-03	2.340836e-03	1.541604e-02	0.000000e+00	4.284354e-01	5.205833e-02
4.228483e-01	1.384618e-03	0.000000e+00	1.637664e-04	2.560048e-03	1.351655e-02	1.045441e-02	3.753406e-03	1.236998e-04	1.401979e-03	1.980417e-02	1.618356e-03	1.059504e-01	7.138290e-03	0.000000e+00	5.015162e-04	0.000000e+00	5.125122e-03	0.000000e+00	4.589822e-03	9.860990e-03	0.000000e+00	7.507843e-04	2.563218e-04	7.374164e-03	4.427059e-05	1.479558e-02	9.582600e-04	7.925166e-03	0.000000e+00	4.228483e-01	1.180674e-01
4.188396e-01	0.000000e+00	1.213508e-02	1.985490e-03	0.000000e+00	0.000000e+00	1.213988e-02	4.690299e-03	0.000000e+00	5.745772e-04	1.582545e-02	2.393173e-02	0.000000e+00	4.234620e-03	0.000000e+00	1.123531e-03	5.500385e-03	0.000000e+00	0.000000e+00	1.541426e-02	9.870142e-02	1.470533e-03	4.807974e-04	1.220244e-02	0.000000e+00	0.000000e+00	5.172284e-04	2.340836e-03	1.267451e-02	0.000000e+00	4.188396e-01	1.669624e-01
4.146850e-01	1.277503e-02	5.478181e-02	1.137624e-03	0.000000e+00	9.735915e-03	1.094146e-02	3.056531e-03	7.822411e-07	2.397275e-03	1.577303e-02	1.438278e-02	1.335297e-03	8.812045e-02	0.000000e+00	7.774991e-03	0.000000e+00	1.889099e-02	1.022238e-04	1.144235e-03	1.005902e-02	6.557166e-03	1.501569e-03	2.563218e-04	0.000000e+00	8.854119e-05	2.192555e-02	8.475774e-03	7.933987e-04	0.000000e+00	4.146850e-01	2.335190e-01
2.600280e-01	1.375153e-03	3.732250e-03	2.176500e-03	0.000000e+00	8.135104e-03	4.509989e-03	4.877605e-03	0.000000e+00	6.872080e-04	1.552771e-02	1.686031e-03	0.000000e+00	0.000000e+00	0.000000e+00	3.674848e-03	0.000000e+00	0.000000e+00	0.000000e+00	1.572474e-02	0.000000e+00	4.506874e-03	1.231582e-03	5.126435e-04	0.000000e+00	0.000000e+00	2.777301e-03	1.916520e-03	1.433096e-03	0.000000e+00	2.600280e-01	2.600960e-01
2.600280e-01	1.375153e-03	3.732250e-03	2.176500e-03	0.000000e+00	8.135104e-03	4.509989e-03	4.877605e-03	0.000000e+00	6.872080e-04	1.552771e-02	1.686031e-03	0.000000e+00	0.000000e+00	0.000000e+00	3.674848e-03	0.000000e+00	0.000000e+00	0.000000e+00	1.572474e-02	0.000000e+00	4.506874e-03	1.231582e-03	5.126435e-04	0.000000e+00	0.000000e+00	2.777301e-03	1.916520e-03	1.433096e-03	0.000000e+00	2.600280e-01	2.600960e-01
2.600280e-01	1.375153e-03	3.732250e-03	2.176500e-03	0.000000e+00	8.135104e-03	4.509989e-03	4.877605e-03	0.000000e+00	6.872080e-04	1.552771e-02	1.686031e-03	0.000000e+00	0.000000e+00	0.000000e+00	3.674848e-03	0.000000e+00	0.000000e+00	0.000000e+00	1.572474e-02	0.000000e+00	4.506874e-03	1.231582e-03	5.126435e-04	0.000000e+00	0.000000e+00	2.777301e-03	1.916520e-03	1.433096e-03	0.000000e+00	2.600280e-01	2.600960e-01
2.600280e-01	1.375153e-03	3.732250e-03	2.176500e-03	0.000000e+00	8.135104e-03	4.509989e-03	4.877605e-03	0.000000e+00	6.872080e-04	1.552771e-02	1.686031e-03	0.000000e+00	0.000000e+00	0.000000e+00	3.674848e-03	0.000000e+00	0.000000e+00	0.000000e+00	1.572474e-02	0.000000e+00	4.506874e-03	1.231582e-03	5.126435e-04	0.000000e+00	0.000000e+00	2.777301e-03	1.916520e-03	1.433096e-03	0.000000e+00	2.600280e-01	2.600960e-01
2.465566e-01	0.000000e+00	2.281473e-03	9.083395e-04	0.000000e+00	4.734295e-03	1.204030e-02	0.000000e+00	1.786047e-04	1.221256e-02	4.560076e-04	2.529047e-03	0.000000e+00	4.857414e-03	0.000000e+00	0.000000e+00	0.000000e+00	0.000000e+00	0.000000e+00	7.290254e-03	0.000000e+00	7.105166e-03	0.000000e+00	0.000000e+00	6.069401e-03	0.000000e+00	0.000000e+00	0.000000e+00	1.665547e-03	0.000000e+00	2.465566e-01	2.729039e-01
2.355111e-01	1.644411e-04	1.812753e-03	0.000000e+00	0.000000e+00	0.000000e+00	3.077173e-02	0.000000e+00	7.176788e-03	0.000000e+00	0.000000e+00	0.000000e+00	0.000000e+00	4.235191e-03	0.000000e+00	4.192861e-04	0.000000e+00	0.000000e+00	6.885907e-04	1.574919e-02	0.000000e+00	0.000000e+00	0.000000e+00	1.361900e-02	3.238831e-03	1.349199e-04	0.000000e+00	0.000000e+00	2.145099e-03	0.000000e+00	2.355111e-01	3.220503e-01
2.182882e-01	1.375153e-03	3.732250e-03	6.476037e-04	0.000000e+00	4.127598e-03	9.195631e-03	7.038252e-03	2.632664e-04	1.918622e-03	0.000000e+00	1.790174e-02	0.000000e+00	3.519789e-03	0.000000e+00	3.674848e-03	1.562534e-04	0.000000e+00	0.000000e+00	1.312722e-04	0.000000e+00	0.000000e+00	0.000000e+00	0.000000e+00	0.000000e+00	0.000000e+00	0.000000e+00	8.460071e-03	0.000000e+00	0.000000e+00	2.182882e-01	4.289603e-01
2.058887e-01	2.709646e-03	1.431701e-02	3.350990e-04	1.334125e-03	6.918376e-03	1.533003e-02	0.000000e+00	1.701850e-04	3.141238e-03	0.000000e+00	0.000000e+00	0.000000e+00	4.784944e-03	0.000000e+00	0.000000e+00	0.000000e+00	0.000000e+00	7.689779e-03	2.976226e-03	0.000000e+00	3.004583e-03	0.000000e+00	0.000000e+00	9.395480e-04	0.000000e+00	7.634071e-03	0.000000e+00	1.694727e-03	0.000000e+00	2.058887e-01	5.259173e-01
1.912185e-01	2.008516e-03	9.024631e-03	7.014062e-04	6.670626e-04	0.000000e+00	1.237167e-02	4.599449e-03	2.489641e-04	3.436040e-04	1.307584e-03	2.735023e-02	0.000000e+00	5.912261e-03	0.000000e+00	1.837424e-03	0.000000e+00	3.614497e-03	2.044476e-04	1.312722e-04	0.000000e+00	1.301816e-03	0.000000e+00	0.000000e+00	5.514941e-03	0.000000e+00	0.000000e+00	7.501811e-03	1.308153e-04	0.000000e+00	1.912185e-01	6.353949e-01
8.554724e-02	2.379411e-03	8.838765e-03	0.000000e+00	0.000000e+00	5.534701e-03	3.066006e-02	6.098304e-03	1.859408e-04	0.000000e+00	5.786664e-04	1.686031e-03	0.000000e+00	2.252825e-03	0.000000e+00	0.000000e+00	0.000000e+00	0.000000e+00	0.000000e+00	0.000000e+00	0.000000e+00	0.000000e+00	0.000000e+00	0.000000e+00	0.000000e+00	0.000000e+00	3.004795e-02	0.000000e+00	3.389454e-03	0.000000e+00	8.554724e-02	6.943071e-01
8.554724e-02	2.379411e-03	8.838765e-03	0.000000e+00	0.000000e+00	5.534701e-03	3.066006e-02	6.098304e-03	1.859408e-04	0.000000e+00	5.786664e-04	1.686031e-03	0.000000e+00	2.252825e-03	0.000000e+00	0.000000e+00	0.000000e+00	0.000000e+00	0.000000e+00	0.000000e+00	0.000000e+00	0.000000e+00	0.000000e+00	0.000000e+00	0.000000e+00	0.000000e+00	3.004795e-02	0.000000e+00	3.389454e-03	0.000000e+00	8.554724e-02	6.943071e-01
8.554724e-02	2.379411e-03	8.838765e-03	0.000000e+00	0.000000e+00	5.534701e-03	3.066006e-02	6.098304e-03	1.859408e-04	0.000000e+00	5.786664e-04	1.686031e-03	0.000000e+00	2.252825e-03	0.000000e+00	0.000000e+00	0.000000e+00	0.000000e+00	0.000000e+00	0.000000e+00	0.000000e+00	0.000000e+00	0.000000e+00	0.000000e+00	0.000000e+00	0.000000e+00	3.004795e-02	0.000000e+00	3.389454e-03	0.000000e+00	8.554724e-02	6.943071e-01
6.107137e-02	2.008516e-03	2.332656e-03	2.152097e-04	2.668250e-03	0.000000e+00	0.000000e+00	4.730830e-03	2.489641e-04	3.436040e-04	1.307584e-03	2.735023e-02	0.000000e+00	7.317062e-03	0.000000e+00	0.000000e+00	0.000000e+00	3.614497e-03	2.044476e-04	1.292120e-02	3.388744e-04	1.301816e-03	0.000000e+00	1.309329e-02	5.514941e-03	6.745995e-05	2.955962e-02	9.582600e-04	0.000000e+00	0.000000e+00	6.107137e-02	7.270770e-01
3.166931e-02	2.668986e-03	8.838765e-03	0.000000e+00	0.000000e+00	0.000000e+00	0.000000e+00	8.423311e-03	2.137844e-04	0.000000e+00	3.619282e-03	2.529047e-03	0.000000e+00	4.012720e-03	0.000000e+00	0.000000e+00	0.000000e+00	1.460531e-02	3.066713e-04	6.723868e-04	0.000000e+00	0.000000e+00	0.000000e+00	0.000000e+00	5.707485e-03	0.000000e+00	4.218724e-02	9.582600e-04	7.749732e-04	0.000000e+00	3.166931e-02	8.225049e-01
0.000000e+00	2.379411e-03	8.070500e-03	3.889014e-04	0.000000e+00	5.534701e-03	1.525603e-02	3.410566e-03	1.859408e-04	1.306760e-02	5.786664e-04	2.209311e-02	0.000000e+00	2.252825e-03	0.000000e+00	0.000000e+00	0.000000e+00	0.000000e+00	0.000000e+00	0.000000e+00	0.000000e+00	1.382000e-03	0.000000e+00	0.000000e+00	6.069401e-03	0.000000e+00	5.007992e-03	0.000000e+00	1.345698e-03	0.000000e+00	0.000000e+00	1.027007e+00
