6.511510e-01	2.007752e-02	0.000000e+00	1.170425e-03	0.000000e+00	3.122474e-02	1.043235e-02	0.000000e+00	0.000000e+00	1.458889e-02	0.000000e+00	1.091045e-01	4.935573e-02	0.000000e+00	0.000000e+00	2.407488e-03	2.572170e-07	1.275409e-02	0.000000e+00	0.000000e+00	7.805575e-03	4.955417e-03	0.000000e+00	0.000000e+00	0.000000e+00	1.082464e-02	1.916765e-03	2.999562e-03	8.376020e-02	2.737952e-03	6.511510e-01	-3.886524e-01
6.511510e-01	2.007752e-02	0.000000e+00	1.170425e-03	0.000000e+00	3.122474e-02	1.043235e-02	0.000000e+00	0.000000e+00	1.458889e-02	0.000000e+00	1.091045e-01	4.935573e-02	0.000000e+00	0.000000e+00	2.407488e-03	2.572170e-07	1.275409e-02	0.000000e+00	0.000000e+00	7.805575e-03	4.955417e-03	0.000000e+00	0.000000e+00	0.000000e+00	1.082464e-02	1.916765e-03	2.999562e-03	8.376020e-02	2.737952e-03	6.511510e-01	-3.886524e-01
6.511510e-01	2.007752e-02	0.000000e+00	1.170425e-03	0.000000e+00	3.122474e-02	1.043235e-02	0.000000e+00	0.000000e+00	1.458889e-02	0.000000e+00	1.091045e-01	4.935573e-02	0.000000e+00	0.000000e+00	2.407488e-03	2.572170e-07	1.275409e-02	0.000000e+00	0.000000e+00	7.805575e-03	4.955417e-03	0.000000e+00	0.000000e+00	0.000000e+00	1.082464e-02	1.916765e-03	2.999562e-03	8.376020e-02	2.737952e-03	6.511510e-01	-3.886524e-01
6.511510e-01	2.007752e-02	0.000000e+00	1.170425e-03	0.000000e+00	3.122474e-02	1.043235e-02	0.000000e+00	0.000000e+00	1.458889e-02	0.000000e+00	1.091045e-01	4.935573e-02	0.000000e+00	0.000000e+00	2.407488e-03	2.572170e-07	1.275409e-02	0.000000e+00	0.000000e+00	7.805575e-03	4.955417e-03	0.000000e+00	0.000000e+00	0.000000e+00	1.082464e-02	1.916765e-03	2.999562e-03	8.376020e-02	2.737952e-03	6.511510e-01	-3.886524e-01
6.373870e-01	1.338198e-02	1.328801e-03	0.000000e+00	3.703490e-03	1.432856e-02	2.535871e-02	0.000000e+00	0.000000e+00	1.403972e-02	0.000000e+00	2.117641e-02	6.095123e-02	4.865163e-05	0.000000e+00	0.000000e+00	7.575735e-02	5.766861e-03	1.132909e-02	1.310748e-02	1.174948e-02	0.000000e+00	4.365439e-03	1.542342e-02	0.000000e+00	1.994717e-02	6.405714e-03	3.607894e-03	0.000000e+00	6.844879e-03	6.373870e-01	-3.241011e-01
6.373870e-01	1.338198e-02	1.328801e-03	0.000000e+00	3.703490e-03	1.432856e-02	2.535871e-02	0.000000e+00	0.000000e+00	1.403972e-02	0.000000e+00	2.117641e-02	6.095123e-02	4.865163e-05	0.000000e+00	0.000000e+00	7.575735e-02	5.766861e-03	1.132909e-02	1.310748e-02	1.174948e-02	0.000000e+00	4.365439e-03	1.542342e-02	0.000000e+00	1.994717e-02	6.405714e-03	3.607894e-03	0.000000e+00	6.844879e-03	6.373870e-01	-3.241011e-01
6.333779e-01	2.431416e-02	3.088433e-03	0.000000e+00	2.502504e-03	0.000000e+00	2.668674e-02	0.000000e+00	0.000000e+00	2.105502e-02	0.000000e+00	2.117641e-02	6.469190e-02	4.865163e-05	0.000000e+00	0.000000e+00	7.575774e-02	5.766861e-03	1.132909e-02	2.617499e-02	5.226312e-03	0.000000e+00	8.730878e-03	3.060297e-02	0.000000e+00	1.994717e-02	9.280862e-03	3.738261e-03	0.000000e+00	5.816535e-03	6.333779e-01	-2.752238e-01
6.333779e-01	2.431416e-02	3.088433e-03	0.000000e+00	2.502504e-03	0.000000e+00	2.668674e-02	0.000000e+00	0.000000e+00	2.105502e-02	0.000000e+00	2.117641e-02	6.469190e-02	4.865163e-05	0.000000e+00	0.000000e+00	7.575774e-02	5.766861e-03	1.132909e-02	2.617499e-02	5.226312e-03	0.000000e+00	8.730878e-03	3.060297e-02	0.000000e+00	1.994717e-02	9.280862e-03	3.738261e-03	0.000000e+00	5.816535e-03	6.333779e-01	-2.752238e-01
6.300374e-01	2.978025e-02	8.960561e-03	0.000000e+00	0.000000e+00	0.000000e+00	1.135132e-02	0.000000e+00	1.200450e-03	2.566980e-02	0.000000e+00	0.000000e+00	6.151291e-02	5.436222e-04	1.278656e-03	5.376757e-02	1.674168e-02	0.000000e+00	6.776754e-04	3.922253e-02	1.358178e-03	3.364255e-03	1.418768e-02	3.914229e-02	0.000000e+00	5.326505e-03	6.708678e-03	3.162406e-03	2.736517e-02	0.000000e+00	6.300374e-01	-2.370162e-01
6.300374e-01	2.978025e-02	8.960561e-03	0.000000e+00	0.000000e+00	0.000000e+00	1.135132e-02	0.000000e+00	1.200450e-03	2.566980e-02	0.000000e+00	0.000000e+00	6.151291e-02	5.436222e-04	1.278656e-03	5.376757e-02	1.674168e-02	0.000000e+00	6.776754e-04	3.922253e-02	1.358178e-03	3.364255e-03	1.418768e-02	3.914229e-02	0.000000e+00	5.326505e-03	6.708678e-03	3.162406e-03	2.736517e-02	0.000000e+00	6.300374e-01	-2.370162e-01
6.300374e-01	2.978025e-02	8.960561e-03	0.000000e+00	0.000000e+00	0.000000e+00	1.135132e-02	0.000000e+00	1.200450e-03	2.566980e-02	0.000000e+00	0.000000e+00	6.151291e-02	5.436222e-04	1.278656e-03	5.376757e-02	1.674168e-02	0.000000e+00	6.776754e-04	3.922253e-02	1.358178e-03	3.364255e-03	1.418768e-02	3.914229e-02	0.000000e+00	5.326505e-03	6.708678e-03	3.162406e-03	2.736517e-02	0.000000e+00	6.300374e-01	-2.370162e-01
6.300374e-01	2.978025e-02	8.960561e-03	0.000000e+00	0.000000e+00	0.000000e+00	1.135132e-02	0.000000e+00	1.200450e-03	2.566980e-02	0.000000e+00	0.000000e+00	6.151291e-02	5.436222e-04	1.278656e-03	5.376757e-02	1.674168e-02	0.000000e+00	6.776754e-04	3.922253e-02	1.358178e-03	3.364255e-03	1.418768e-02	3.914229e-02	0.000000e+00	5.326505e-03	6.708678e-03	3.162406e-03	2.736517e-02	0.000000e+00	6.300374e-01	-2.370162e-01
6.300374e-01	2.978025e-02	8.960561e-03	0.000000e+00	0.000000e+00	0.000000e+00	1.135132e-02	0.000000e+00	1.200450e-03	2.566980e-02	0.000000e+00	0.000000e+00	6.151291e-02	5.436222e-04	1.278656e-03	5.376757e-02	1.674168e-02	0.000000e+00	6.776754e-04	3.922253e-02	1.358178e-03	3.364255e-03	1.418768e-02	3.914229e-02	0.000000e+00	5.326505e-03	6.708678e-03	3.162406e-03	2.736517e-02	0.000000e+00	6.300374e-01	-2.370162e-01
6.300374e-01	2.978025e-02	8.960561e-03	0.000000e+00	0.000000e+00	0.000000e+00	1.135132e-02	0.000000e+00	1.200450e-03	2.566980e-02	0.000000e+00	0.000000e+00	6.151291e-02	5.436222e-04	1.278656e-03	5.376757e-02	1.674168e-02	0.000000e+00	6.776754e-04	3.922253e-02	1.358178e-03	3.364255e-03	1.418768e-02	3.914229e-02	0.000000e+00	5.326505e-03	6.708678e-03	3.162406e-03	2.736517e-02	0.000000e+00	6.300374e-01	-2.370162e-01
4.528975e-01	2.431416e-02	1.328801e-03	0.000000e+00	2.502504e-03	1.546133e-02	2.680036e-02	0.000000e+00	8.002997e-04	8.689479e-03	0.000000e+00	0.000000e+00	5.870741e-02	4.865163e-05	0.000000e+00	0.000000e+00	3.348362e-02	2.929073e-02	0.000000e+00	2.617499e-02	6.000838e-04	4.948908e-03	1.091360e-02	3.060297e-02	0.000000e+00	1.022381e-03	0.000000e+00	2.803782e-03	1.824344e-02	0.000000e+00	4.528975e-01	-6.221327e-02
4.528975e-01	2.431416e-02	1.328801e-03	0.000000e+00	2.502504e-03	1.546133e-02	2.680036e-02	0.000000e+00	8.002997e-04	8.689479e-03	0.000000e+00	0.000000e+00	5.870741e-02	4.865163e-05	0.000000e+00	0.000000e+00	3.348362e-02	2.929073e-02	0.000000e+00	2.617499e-02	6.000838e-04	4.948908e-03	1.091360e-02	3.060297e-02	0.000000e+00	1.022381e-03	0.000000e+00	2.803782e-03	1.824344e-02	0.000000e+00	4.528975e-01	-6.221327e-02
4.528975e-01	2.431416e-02	1.328801e-03	0.000000e+00	2.502504e-03	1.546133e-02	2.680036e-02	0.000000e+00	8.002997e-04	8.689479e-03	0.000000e+00	0.000000e+00	5.870741e-02	4.865163e-05	0.000000e+00	0.000000e+00	3.348362e-02	2.929073e-02	0.000000e+00	2.617499e-02	6.000838e-04	4.948908e-03	1.091360e-02	3.060297e-02	0.000000e+00	1.022381e-03	0.000000e+00	2.803782e-03	1.824344e-02	0.000000e+00	4.528975e-01	-6.221327e-02
4.528975e-01	2.431416e-02	1.328801e-03	0.000000e+00	2.502504e-03	1.546133e-02	2.680036e-02	0.000000e+00	8.002997e-04	8.689479e-03	0.000000e+00	0.000000e+00	5.870741e-02	4.865163e-05	0.000000e+00	0.000000e+00	3.348362e-02	2.929073e-02	0.000000e+00	2.617499e-02	6.000838e-04	4.948908e-03	1.091360e-02	3.060297e-02	0.000000e+00	1.022381e-03	0.000000e+00	2.803782e-03	1.824344e-02	0.000000e+00	4.528975e-01	-6.221327e-02
4.414375e-01	1.345361e-02	8.960561e-03	0.000000e+00	2.044584e-04	0.000000e+00	1.135132e-02	2.521588e-02	3.329876e-02	9.140759e-03	0.000000e+00	1.091045e-01	2.985347e-02	3.786320e-04	0.000000e+00	5.376757e-02	0.000000e+00	1.422484e-03	1.490552e-02	3.995842e-05	1.358178e-03	5.358721e-03	0.000000e+00	3.721046e-04	0.000000e+00	5.306366e-03	0.000000e+00	8.064941e-03	2.737909e-03	0.000000e+00	4.414375e-01	-1.983758e-02
4.359540e-01	1.489013e-02	0.000000e+00	0.000000e+00	5.068746e-04	7.512417e-04	5.675661e-03	2.709512e-02	1.482040e-02	2.861951e-02	0.000000e+00	0.000000e+00	5.308287e-02	5.668839e-04	1.278656e-03	1.178810e-04	0.000000e+00	0.000000e+00	6.776754e-04	1.961127e-02	1.644506e-03	0.000000e+00	8.730878e-03	2.010714e-02	6.227045e-04	1.022763e-02	7.667061e-03	3.260296e-03	0.000000e+00	1.362530e-03	4.359540e-01	-8.076215e-03
4.359540e-01	1.489013e-02	0.000000e+00	0.000000e+00	5.068746e-04	7.512417e-04	5.675661e-03	2.709512e-02	1.482040e-02	2.861951e-02	0.000000e+00	0.000000e+00	5.308287e-02	5.668839e-04	1.278656e-03	1.178810e-04	0.000000e+00	0.000000e+00	6.776754e-04	1.961127e-02	1.644506e-03	0.000000e+00	8.730878e-03	2.010714e-02	6.227045e-04	1.022763e-02	7.667061e-03	3.260296e-03	0.000000e+00	1.362530e-03	4.359540e-01	-8.076215e-03
4.257940e-01	1.345361e-02	8.960561e-03	0.000000e+00	0.000000e+00	3.004967e-03	0.000000e+00	2.521588e-02	1.488094e-02	2.092317e-03	0.000000e+00	1.091045e-01	2.985347e-02	0.000000e+00	0.000000e+00	5.376757e-02	1.115410e-05	1.422484e-03	1.490552e-02	3.995842e-05	0.000000e+00	2.240359e-03	0.000000e+00	3.721046e-04	2.134959e-02	2.490495e-05	0.000000e+00	8.064941e-03	0.000000e+00	0.000000e+00	4.257940e-01	1.042484e-01
4.359540e-01	1.489013e-02	0.000000e+00	0.000000e+00	5.068746e-04	7.512417e-04	5.675661e-03	2.709512e-02	1.482040e-02	2.861951e-02	0.000000e+00	0.000000e+00	5.308287e-02	5.668839e-04	1.278656e-03	1.178810e-04	0.000000e+00	0.000000e+00	6.776754e-04	1.961127e-02	1.644506e-03	0.000000e+00	8.730878e-03	2.010714e-02	6.227045e-04	1.022763e-02	7.667061e-03	3.260296e-03	0.000000e+00	1.362530e-03	4.359540e-01	-8.076215e-03
4.175549e-01	8.852462e-03	0.000000e+00	0.000000e+00	6.331652e-03	4.837739e-03	1.259932e-02	1.851550e-02	8.002997e-04	1.740146e-03	0.000000e+00	2.373934e-01	5.292378e-02	9.805156e-04	0.000000e+00	2.465774e-03	2.057736e-06	1.614278e-02	1.259019e-03	7.991685e-05	0.000000e+00	6.248518e-03	0.000000e+00	1.559714e-03	1.012229e-02	0.000000e+00	3.227602e-03	5.762797e-03	4.787860e-05	0.000000e+00	4.175549e-01	2.184833e-01
2.609954e-01	0.000000e+00	0.000000e+00	0.000000e+00	1.013749e-03	1.502483e-03	0.000000e+00	4.011529e-02	2.844036e-02	1.610166e-02	0.000000e+00	0.000000e+00	4.465282e-02	5.901456e-04	3.790838e-03	0.000000e+00	4.262777e-06	0.000000e+00	0.000000e+00	0.000000e+00	1.930834e-03	1.846050e-03	0.000000e+00	1.071990e-03	0.000000e+00	5.138722e-03	0.000000e+00	6.893657e-03	8.378755e-05	1.059466e-03	2.609954e-01	2.793269e-01
2.609954e-01	0.000000e+00	0.000000e+00	0.000000e+00	1.013749e-03	1.502483e-03	0.000000e+00	4.011529e-02	2.844036e-02	1.610166e-02	0.000000e+00	0.000000e+00	4.465282e-02	5.901456e-04	3.790838e-03	0.000000e+00	4.262777e-06	0.000000e+00	0.000000e+00	0.000000e+00	1.930834e-03	1.846050e-03	0.000000e+00	1.071990e-03	0.000000e+00	5.138722e-03	0.000000e+00	6.893657e-03	8.378755e-05	1.059466e-03	2.609954e-01	2.793269e-01
2.609954e-01	0.000000e+00	0.000000e+00	0.000000e+00	1.013749e-03	1.502483e-03	0.000000e+00	4.011529e-02	2.844036e-02	1.610166e-02	0.000000e+00	0.000000e+00	4.465282e-02	5.901456e-04	3.790838e-03	0.000000e+00	4.262777e-06	0.000000e+00	0.000000e+00	0.000000e+00	1.930834e-03	1.846050e-03	0.000000e+00	1.071990e-03	0.000000e+00	5.138722e-03	0.000000e+00	6.893657e-03	8.378755e-05	1.059466e-03	2.609954e-01	2.793269e-01
2.609954e-01	0.000000e+00	0.000000e+00	0.000000e+00	1.013749e-03	1.502483e-03	0.000000e+00	4.011529e-02	2.844036e-02	1.610166e-02	0.000000e+00	0.000000e+00	4.465282e-02	5.901456e-04	3.790838e-03	0.000000e+00	4.262777e-06	0.000000e+00	0.000000e+00	0.000000e+00	1.930834e-03	1.846050e-03	0.000000e+00	1.071990e-03	0.000000e+00	5.138722e-03	0.000000e+00	6.893657e-03	8.378755e-05	1.059466e-03	2.609954e-01	2.793269e-01
2.609954e-01	0.000000e+00	0.000000e+00	0.000000e+00	1.013749e-03	1.502483e-03	0.000000e+00	4.011529e-02	2.844036e-02	1.610166e-02	0.000000e+00	0.000000e+00	4.465282e-02	5.901456e-04	3.790838e-03	0.000000e+00	4.262777e-06	0.000000e+00	0.000000e+00	0.000000e+00	1.930834e-03	1.846050e-03	0.000000e+00	1.071990e-03	0.000000e+00	5.138722e-03	0.000000e+00	6.893657e-03	8.378755e-05	1.059466e-03	2.609954e-01	2.793269e-01
2.488900e-01	1.557927e-02	1.674390e-03	0.000000e+00	1.013749e-03	0.000000e+00	5.675661e-03	1.445088e-02	2.079976e-02	8.860847e-03	0.000000e+00	1.147165e-01	3.846205e-02	2.060980e-05	2.557312e-03	1.424549e-03	0.000000e+00	0.000000e+00	3.413178e-02	0.000000e+00	4.300898e-03	3.427196e-03	8.730878e-03	1.646111e-03	0.000000e+00	1.085551e-02	0.000000e+00	6.578571e-03	6.796894e-03	1.362530e-03	2.488900e-01	3.234933e-01
2.288302e-01	6.486707e-03	3.316961e-03	0.000000e+00	0.000000e+00	3.756208e-03	1.386757e-02	0.000000e+00	1.804874e-02	7.941830e-03	0.000000e+00	1.100406e-01	5.130561e-02	0.000000e+00	3.835967e-03	1.753499e-03	1.328549e-05	0.000000e+00	0.000000e+00	1.997921e-05	0.000000e+00	3.206221e-03	0.000000e+00	0.000000e+00	0.000000e+00	1.499543e-03	1.613801e-03	6.663319e-03	5.984825e-05	8.703653e-04	2.288302e-01	3.972046e-01
2.227775e-01	1.427634e-02	2.481028e-02	0.000000e+00	1.836350e-03	3.004967e-03	1.670540e-02	1.778415e-02	2.280116e-03	4.321422e-03	0.000000e+00	1.673989e-01	5.628019e-02	9.805156e-04	1.278656e-03	2.465774e-03	1.115410e-05	7.112419e-04	1.259019e-03	1.997921e-05	0.000000e+00	6.248518e-03	0.000000e+00	1.892565e-03	1.067480e-02	4.357937e-03	3.227602e-03	6.505775e-03	3.590895e-05	1.021897e-03	2.227775e-01	4.653535e-01
2.087583e-01	0.000000e+00	8.292402e-04	0.000000e+00	1.244107e-03	2.629346e-03	0.000000e+00	3.689308e-02	2.960341e-02	9.650511e-04	0.000000e+00	1.077335e-01	1.228707e-02	5.901456e-04	2.655091e-03	2.136823e-03	6.474404e-06	6.233012e-03	6.367197e-04	9.841561e-05	0.000000e+00	0.000000e+00	0.000000e+00	1.059498e-01	0.000000e+00	6.211763e-03	0.000000e+00	1.190615e-02	2.058661e-02	1.097264e-02	2.087583e-01	5.732987e-01
1.923706e-01	0.000000e+00	6.363852e-05	0.000000e+00	1.244107e-03	1.075660e-03	1.670540e-02	1.778415e-02	4.922968e-02	4.321422e-03	0.000000e+00	1.342891e-01	0.000000e+00	0.000000e+00	0.000000e+00	3.749208e-03	8.205261e-06	4.441152e-02	1.855469e-03	0.000000e+00	0.000000e+00	0.000000e+00	0.000000e+00	4.765539e-03	1.012229e-02	0.000000e+00	5.607771e-03	0.000000e+00	0.000000e+00	1.663697e-03	1.923706e-01	6.794468e-01
8.683962e-02	7.138171e-03	3.316961e-03	0.000000e+00	0.000000e+00	1.502483e-03	0.000000e+00	2.722644e-02	1.804874e-02	6.010588e-03	0.000000e+00	0.000000e+00	5.130561e-02	0.000000e+00	3.835967e-03	0.000000e+00	6.971228e-06	0.000000e+00	1.537722e-04	0.000000e+00	0.000000e+00	3.206221e-03	0.000000e+00	0.000000e+00	0.000000e+00	2.490495e-05	1.613801e-03	5.028885e-03	5.984825e-05	1.211946e-03	8.683962e-02	7.048022e-01
8.683962e-02	7.138171e-03	3.316961e-03	0.000000e+00	0.000000e+00	1.502483e-03	0.000000e+00	2.722644e-02	1.804874e-02	6.010588e-03	0.000000e+00	0.000000e+00	5.130561e-02	0.000000e+00	3.835967e-03	0.000000e+00	6.971228e-06	0.000000e+00	1.537722e-04	0.000000e+00	0.000000e+00	3.206221e-03	0.000000e+00	0.000000e+00	0.000000e+00	2.490495e-05	1.613801e-03	5.028885e-03	5.984825e-05	1.211946e-03	8.683962e-02	7.048022e-01
8.683962e-02	7.138171e-03	3.316961e-03	0.000000e+00	0.000000e+00	1.502483e-03	0.000000e+00	2.722644e-02	1.804874e-02	6.010588e-03	0.000000e+00	0.000000e+00	5.130561e-02	0.000000e+00	3.835967e-03	0.000000e+00	6.971228e-06	0.000000e+00	1.537722e-04	0.000000e+00	0.000000e+00	3.206221e-03	0.000000e+00	0.000000e+00	0.000000e+00	2.490495e-05	1.613801e-03	5.028885e-03	5.984825e-05	1.211946e-03	8.683962e-02	7.048022e-01
6.111435e-02	0.000000e+00	2.271495e-03	0.000000e+00	1.013749e-03	0.000000e+00	1.670540e-02	4.266927e-02	4.010240e-02	2.891347e-03	0.000000e+00	1.990117e-01	5.709871e-02	8.944218e-04	1.744989e-03	0.000000e+00	1.315319e-05	0.000000e+00	6.264030e-04	0.000000e+00	0.000000e+00	3.730133e-03	0.000000e+00	0.000000e+00	0.000000e+00	0.000000e+00	0.000000e+00	2.998771e-03	4.757639e-03	1.362530e-03	6.111435e-02	7.985427e-01
3.277551e-02	0.000000e+00	1.080166e-03	0.000000e+00	0.000000e+00	0.000000e+00	1.392640e-02	2.521588e-02	0.000000e+00	2.092317e-03	0.000000e+00	1.673989e-01	2.985347e-02	6.854429e-04	1.301220e-03	2.465774e-03	1.250832e-05	1.422484e-03	1.490552e-02	3.995842e-05	2.484644e-03	2.240359e-03	0.000000e+00	1.356569e-03	2.134959e-02	2.490495e-05	6.455203e-03	6.728748e-03	2.393930e-05	0.000000e+00	3.277551e-02	8.760319e-01
0.000000e+00	0.000000e+00	7.924857e-03	0.000000e+00	1.425050e-03	1.502483e-03	6.621646e-03	2.337926e-02	8.519993e-03	2.891347e-03	0.000000e+00	2.914719e-02	0.000000e+00	1.057142e-03	4.069134e-03	0.000000e+00	0.000000e+00	0.000000e+00	1.281359e-04	1.960128e-02	0.000000e+00	2.004079e-03	8.730878e-03	0.000000e+00	0.000000e+00	1.239415e-02	9.280862e-03	2.998771e-03	4.757639e-03	1.211946e-03	0.000000e+00	1.045821e+00
