8.548836e-01	2.686934e-02	6.502515e-05	2.620319e-03	2.730034e-03	4.152874e-04	0.000000e+00	0.000000e+00	7.000130e-03	2.794254e-02	3.535404e-02	0.000000e+00	9.857404e-04	0.000000e+00	0.000000e+00	0.000000e+00	1.684732e-03	2.687009e-03	0.000000e+00	2.691460e-04	4.749895e-04	0.000000e+00	0.000000e+00	0.000000e+00	4.633170e-03	5.646859e-03	1.500522e-03	1.346316e-02	2.071639e-02	0.000000e+00	8.548836e-01	-7.433047e-01
8.548836e-01	3.501583e-02	6.502515e-05	2.620319e-03	2.730034e-03	6.186217e-03	0.000000e+00	9.167287e-03	7.000130e-03	1.307307e-02	3.535404e-02	0.000000e+00	3.719083e-03	1.333916e-02	0.000000e+00	0.000000e+00	0.000000e+00	2.687009e-03	1.363872e-02	0.000000e+00	4.749895e-04	0.000000e+00	0.000000e+00	0.000000e+00	4.633170e-03	5.646859e-03	1.500522e-03	1.346316e-02	2.071639e-02	0.000000e+00	8.548836e-01	-7.371686e-01
8.447840e-01	6.223752e-02	0.000000e+00	1.144032e-04	3.572371e-03	1.086609e-02	2.454448e-03	8.825740e-02	3.920010e-03	2.263710e-02	0.000000e+00	0.000000e+00	4.022845e-03	5.372032e-03	0.000000e+00	0.000000e+00	0.000000e+00	0.000000e+00	1.084093e-02	0.000000e+00	5.757448e-05	1.508324e-02	0.000000e+00	0.000000e+00	1.193066e-02	4.039351e-03	0.000000e+00	1.585862e-02	0.000000e+00	0.000000e+00	8.447840e-01	-7.080428e-01
8.392884e-01	0.000000e+00	3.060876e-03	2.620319e-03	1.018996e-02	0.000000e+00	3.087975e-03	6.875465e-03	2.113779e-03	2.794254e-02	3.535404e-02	0.000000e+00	9.857404e-04	0.000000e+00	0.000000e+00	3.165847e-02	1.684732e-03	4.520381e-03	1.371963e-02	0.000000e+00	5.253672e-04	0.000000e+00	0.000000e+00	0.000000e+00	4.633170e-03	0.000000e+00	1.050365e-02	4.279633e-03	2.071639e-02	0.000000e+00	8.392884e-01	-6.769499e-01
8.380722e-01	0.000000e+00	0.000000e+00	1.144032e-04	6.971052e-03	0.000000e+00	1.122674e-03	4.583644e-03	1.010692e-02	2.263710e-02	4.682564e-03	4.902099e-03	1.478611e-03	1.841911e-02	0.000000e+00	6.077559e-02	2.308959e-04	0.000000e+00	4.694696e-02	0.000000e+00	6.477130e-04	0.000000e+00	0.000000e+00	0.000000e+00	1.193066e-02	0.000000e+00	0.000000e+00	3.803976e-02	0.000000e+00	0.000000e+00	8.380722e-01	-6.554893e-01
8.355761e-01	2.102061e-02	6.502515e-05	1.310077e-03	9.438487e-04	0.000000e+00	0.000000e+00	4.583644e-03	6.691838e-03	0.000000e+00	0.000000e+00	0.000000e+00	2.526849e-03	2.766107e-02	0.000000e+00	0.000000e+00	1.357963e-03	2.687009e-03	4.974475e-02	0.000000e+00	4.605959e-04	0.000000e+00	0.000000e+00	0.000000e+00	0.000000e+00	1.922836e-02	1.500522e-03	1.167800e-02	2.814402e-02	0.000000e+00	8.355761e-01	-6.347368e-01
8.355761e-01	2.102061e-02	6.502515e-05	1.310077e-03	1.500676e-02	0.000000e+00	0.000000e+00	0.000000e+00	6.691838e-03	0.000000e+00	0.000000e+00	0.000000e+00	3.070050e-03	1.084007e-02	0.000000e+00	1.473577e-01	1.357963e-03	0.000000e+00	4.974475e-02	2.380868e-02	0.000000e+00	0.000000e+00	0.000000e+00	0.000000e+00	0.000000e+00	9.314637e-03	1.500522e-03	6.731578e-03	2.814402e-02	0.000000e+00	8.355761e-01	-6.093066e-01
8.355761e-01	2.102061e-02	6.502515e-05	1.310077e-03	1.500676e-02	0.000000e+00	0.000000e+00	0.000000e+00	6.691838e-03	0.000000e+00	0.000000e+00	0.000000e+00	3.070050e-03	1.084007e-02	0.000000e+00	1.473577e-01	1.357963e-03	0.000000e+00	4.974475e-02	2.380868e-02	0.000000e+00	0.000000e+00	0.000000e+00	0.000000e+00	0.000000e+00	9.314637e-03	1.500522e-03	6.731578e-03	2.814402e-02	0.000000e+00	8.355761e-01	-6.093066e-01
8.304995e-01	0.000000e+00	2.040584e-03	1.310077e-03	9.279949e-03	0.000000e+00	1.122674e-03	9.167287e-03	3.637467e-04	2.142184e-02	4.154020e-03	4.902099e-03	4.928702e-04	2.154507e-02	0.000000e+00	6.077559e-02	0.000000e+00	0.000000e+00	0.000000e+00	4.070606e-02	5.757448e-04	0.000000e+00	0.000000e+00	0.000000e+00	0.000000e+00	0.000000e+00	1.018480e-02	8.454138e-03	2.441775e-02	0.000000e+00	8.304995e-01	-5.529447e-01
8.263682e-01	1.425761e-02	0.000000e+00	0.000000e+00	1.420708e-02	0.000000e+00	1.155034e-03	0.000000e+00	0.000000e+00	1.056045e-02	0.000000e+00	6.616237e-03	1.673802e-03	0.000000e+00	0.000000e+00	0.000000e+00	2.246157e-04	4.216031e-03	3.211531e-03	2.169626e-02	0.000000e+00	0.000000e+00	0.000000e+00	1.029390e-03	0.000000e+00	0.000000e+00	1.285363e-03	0.000000e+00	1.362215e-02	0.000000e+00	8.263682e-01	-5.019813e-01
8.263682e-01	1.425761e-02	0.000000e+00	0.000000e+00	1.420708e-02	0.000000e+00	1.155034e-03	0.000000e+00	0.000000e+00	1.056045e-02	0.000000e+00	6.616237e-03	1.673802e-03	0.000000e+00	0.000000e+00	0.000000e+00	2.246157e-04	4.216031e-03	3.211531e-03	2.169626e-02	0.000000e+00	0.000000e+00	0.000000e+00	1.029390e-03	0.000000e+00	0.000000e+00	1.285363e-03	0.000000e+00	1.362215e-02	0.000000e+00	8.263682e-01	-5.019813e-01
6.502012e-01	3.424709e-02	0.000000e+00	0.000000e+00	0.000000e+00	0.000000e+00	0.000000e+00	0.000000e+00	3.303426e-03	5.669745e-02	0.000000e+00	0.000000e+00	1.638377e-03	2.549665e-03	0.000000e+00	0.000000e+00	2.715927e-03	0.000000e+00	0.000000e+00	0.000000e+00	2.878724e-05	0.000000e+00	0.000000e+00	0.000000e+00	0.000000e+00	3.764573e-03	0.000000e+00	1.228830e-02	1.485527e-02	0.000000e+00	6.502012e-01	-4.319070e-01
6.502012e-01	3.424709e-02	0.000000e+00	0.000000e+00	0.000000e+00	0.000000e+00	0.000000e+00	0.000000e+00	3.303426e-03	5.669745e-02	0.000000e+00	0.000000e+00	1.638377e-03	2.549665e-03	0.000000e+00	0.000000e+00	2.715927e-03	0.000000e+00	0.000000e+00	0.000000e+00	2.878724e-05	0.000000e+00	0.000000e+00	0.000000e+00	0.000000e+00	3.764573e-03	0.000000e+00	1.228830e-02	1.485527e-02	0.000000e+00	6.502012e-01	-4.319070e-01
6.484178e-01	0.000000e+00	2.040584e-03	0.000000e+00	1.309983e-02	0.000000e+00	6.223377e-03	0.000000e+00	4.015883e-03	2.142184e-02	1.145209e-02	0.000000e+00	1.211398e-03	1.179162e-02	0.000000e+00	8.342419e-03	2.872990e-03	0.000000e+00	0.000000e+00	4.224834e-03	0.000000e+00	0.000000e+00	0.000000e+00	1.170339e-04	0.000000e+00	0.000000e+00	3.536146e-03	1.346316e-02	2.876106e-02	0.000000e+00	6.484178e-01	-4.281156e-01
6.484178e-01	0.000000e+00	3.739732e-02	0.000000e+00	1.134368e-02	0.000000e+00	6.223377e-03	2.291822e-03	0.000000e+00	2.127137e-02	2.077010e-03	9.067286e-03	1.211398e-03	5.352499e-03	0.000000e+00	0.000000e+00	0.000000e+00	3.005831e-03	2.469726e-02	3.014495e-02	2.878724e-04	0.000000e+00	0.000000e+00	0.000000e+00	0.000000e+00	0.000000e+00	5.627500e-03	8.612795e-04	2.876106e-02	0.000000e+00	6.484178e-01	-4.173677e-01
6.387939e-01	0.000000e+00	6.454392e-03	7.276833e-04	1.419569e-02	5.685212e-03	9.204180e-04	0.000000e+00	9.101422e-04	2.125171e-02	1.213624e-02	3.480659e-02	4.928702e-04	2.320246e-02	0.000000e+00	3.297461e-02	2.523632e-02	3.635086e-03	5.595580e-03	3.866093e-02	6.211747e-04	0.000000e+00	0.000000e+00	2.340678e-04	0.000000e+00	3.303304e-03	7.614071e-03	6.002192e-03	2.476016e-02	0.000000e+00	6.387939e-01	-3.479907e-01
6.344532e-01	0.000000e+00	6.380864e-03	0.000000e+00	0.000000e+00	1.278772e-02	0.000000e+00	7.152051e-03	3.915857e-03	6.946366e-03	0.000000e+00	0.000000e+00	1.516822e-03	2.298613e-03	7.808279e-03	4.171209e-03	3.598635e-03	1.795632e-03	6.267410e-03	1.636673e-02	0.000000e+00	2.092383e-02	0.000000e+00	0.000000e+00	2.716039e-02	0.000000e+00	0.000000e+00	6.719090e-03	1.242184e-04	0.000000e+00	6.344532e-01	-3.312380e-01
6.305227e-01	6.673044e-03	0.000000e+00	0.000000e+00	1.005568e-02	1.278772e-02	1.620062e-02	0.000000e+00	1.424913e-03	6.776242e-03	0.000000e+00	0.000000e+00	2.016593e-03	0.000000e+00	0.000000e+00	1.238608e-02	0.000000e+00	3.005831e-03	0.000000e+00	0.000000e+00	5.186202e-04	0.000000e+00	0.000000e+00	0.000000e+00	0.000000e+00	0.000000e+00	0.000000e+00	4.267144e-03	2.232982e-02	0.000000e+00	6.305227e-01	-2.916629e-01
6.271947e-01	3.618974e-02	0.000000e+00	5.823938e-04	2.330956e-02	0.000000e+00	1.155034e-03	0.000000e+00	1.848352e-03	7.568416e-03	1.748348e-02	0.000000e+00	2.384468e-03	1.057191e-02	7.207642e-03	5.005451e-02	1.807195e-03	2.420399e-03	3.975501e-03	4.258578e-03	5.199696e-04	9.669813e-03	0.000000e+00	2.058781e-03	4.520390e-02	6.588056e-03	4.071248e-03	0.000000e+00	1.485527e-02	0.000000e+00	6.271947e-01	-2.167862e-01
6.230845e-01	4.396037e-02	0.000000e+00	0.000000e+00	2.198652e-02	0.000000e+00	1.155034e-03	0.000000e+00	1.848352e-03	0.000000e+00	8.552339e-03	3.308118e-03	1.145507e-03	0.000000e+00	6.907324e-03	2.502726e-02	5.523595e-04	0.000000e+00	5.581267e-03	2.294544e-02	5.199696e-04	9.669813e-03	0.000000e+00	2.012221e-03	4.024544e-02	3.526594e-03	1.773628e-03	0.000000e+00	2.154213e-02	0.000000e+00	6.230845e-01	-1.604418e-01
4.529825e-01	0.000000e+00	1.698080e-02	0.000000e+00	0.000000e+00	4.894381e-03	6.683586e-03	8.785479e-03	4.470954e-03	6.919861e-04	8.589067e-03	0.000000e+00	1.145507e-03	0.000000e+00	1.141210e-02	8.342419e-03	2.734286e-03	0.000000e+00	2.797790e-03	0.000000e+00	4.542987e-05	9.602711e-03	0.000000e+00	0.000000e+00	0.000000e+00	0.000000e+00	0.000000e+00	1.346316e-02	2.484368e-04	0.000000e+00	4.529825e-01	-1.031804e-01
4.529825e-01	0.000000e+00	1.698080e-02	0.000000e+00	0.000000e+00	4.894381e-03	6.683586e-03	8.785479e-03	4.470954e-03	6.919861e-04	8.589067e-03	0.000000e+00	1.145507e-03	0.000000e+00	1.141210e-02	8.342419e-03	2.734286e-03	0.000000e+00	2.797790e-03	0.000000e+00	4.542987e-05	9.602711e-03	0.000000e+00	0.000000e+00	0.000000e+00	0.000000e+00	0.000000e+00	1.346316e-02	2.484368e-04	0.000000e+00	4.529825e-01	-1.031804e-01
4.529825e-01	0.000000e+00	1.698080e-02	0.000000e+00	0.000000e+00	4.894381e-03	6.683586e-03	8.785479e-03	4.470954e-03	6.919861e-04	8.589067e-03	0.000000e+00	1.145507e-03	0.000000e+00	1.141210e-02	8.342419e-03	2.734286e-03	0.000000e+00	2.797790e-03	0.000000e+00	4.542987e-05	9.602711e-03	0.000000e+00	0.000000e+00	0.000000e+00	0.000000e+00	0.000000e+00	1.346316e-02	2.484368e-04	0.000000e+00	4.529825e-01	-1.031804e-01
4.529825e-01	0.000000e+00	2.547119e-02	0.000000e+00	0.000000e+00	0.000000e+00	5.645860e-03	4.886373e-03	6.706431e-03	6.919861e-04	7.922791e-03	9.067286e-03	8.079345e-04	0.000000e+00	0.000000e+00	0.000000e+00	2.734286e-03	1.795632e-03	2.797790e-03	2.801566e-02	0.000000e+00	9.602711e-03	0.000000e+00	0.000000e+00	0.000000e+00	0.000000e+00	0.000000e+00	9.650321e-03	2.133343e-02	0.000000e+00	4.529825e-01	-9.565000e-02
4.383773e-01	0.000000e+00	3.396159e-02	6.653340e-04	0.000000e+00	1.143212e-02	8.987653e-03	6.684561e-03	9.367936e-03	7.908664e-03	0.000000e+00	3.541697e-03	1.600050e-03	0.000000e+00	4.654935e-03	4.171209e-03	2.975323e-03	0.000000e+00	1.554557e-02	4.090261e-03	2.662820e-04	1.529500e-02	0.000000e+00	0.000000e+00	0.000000e+00	0.000000e+00	0.000000e+00	1.638190e-02	1.825014e-02	0.000000e+00	4.383773e-01	-3.694704e-02
4.322127e-01	7.770627e-03	6.380864e-03	0.000000e+00	0.000000e+00	2.051775e-03	0.000000e+00	7.152051e-03	3.915857e-03	1.291852e-02	9.651119e-03	0.000000e+00	1.516822e-03	0.000000e+00	7.808279e-03	4.171209e-03	3.598635e-03	0.000000e+00	6.267410e-03	1.636673e-02	0.000000e+00	0.000000e+00	0.000000e+00	0.000000e+00	3.852343e-03	0.000000e+00	0.000000e+00	6.295458e-03	1.242184e-04	0.000000e+00	4.322127e-01	-3.019784e-03
4.267081e-01	0.000000e+00	9.634871e-02	0.000000e+00	1.291277e-02	3.427983e-03	0.000000e+00	5.378308e-03	9.676657e-03	4.205964e-02	8.571155e-03	0.000000e+00	7.671961e-04	0.000000e+00	4.204458e-03	0.000000e+00	2.975323e-03	6.011662e-03	1.196523e-02	0.000000e+00	1.979123e-04	3.149961e-02	0.000000e+00	9.311919e-05	1.036852e-02	9.302622e-04	1.297689e-02	8.297871e-03	1.710950e-02	0.000000e+00	4.267081e-01	8.963046e-02
4.181245e-01	0.000000e+00	4.219068e-03	6.107311e-02	1.150904e-02	0.000000e+00	4.421637e-03	4.859581e-03	1.405190e-02	2.371047e-02	0.000000e+00	0.000000e+00	7.597959e-04	0.000000e+00	1.801911e-03	2.085605e-03	7.438307e-04	0.000000e+00	0.000000e+00	3.839630e-02	1.979123e-04	4.713345e-02	0.000000e+00	9.311919e-05	7.663681e-03	0.000000e+00	2.287139e-02	0.000000e+00	3.193774e-02	0.000000e+00	4.181245e-01	1.868107e-01
2.545410e-01	1.554125e-02	0.000000e+00	0.000000e+00	2.807456e-03	0.000000e+00	0.000000e+00	5.189102e-03	0.000000e+00	2.809046e-02	2.679343e-02	0.000000e+00	1.577542e-03	0.000000e+00	2.102229e-03	0.000000e+00	4.091069e-03	0.000000e+00	9.562953e-03	0.000000e+00	2.662820e-04	0.000000e+00	0.000000e+00	0.000000e+00	3.852343e-03	4.256771e-03	0.000000e+00	0.000000e+00	0.000000e+00	0.000000e+00	2.545410e-01	2.677534e-01
2.545410e-01	1.554125e-02	0.000000e+00	0.000000e+00	2.807456e-03	0.000000e+00	0.000000e+00	5.189102e-03	0.000000e+00	2.809046e-02	2.679343e-02	0.000000e+00	1.577542e-03	0.000000e+00	2.102229e-03	0.000000e+00	4.091069e-03	0.000000e+00	9.562953e-03	0.000000e+00	2.662820e-04	0.000000e+00	0.000000e+00	0.000000e+00	3.852343e-03	4.256771e-03	0.000000e+00	0.000000e+00	0.000000e+00	0.000000e+00	2.545410e-01	2.677534e-01
2.545410e-01	1.554125e-02	0.000000e+00	0.000000e+00	2.807456e-03	0.000000e+00	0.000000e+00	5.189102e-03	0.000000e+00	2.809046e-02	2.679343e-02	0.000000e+00	1.577542e-03	0.000000e+00	2.102229e-03	0.000000e+00	4.091069e-03	0.000000e+00	9.562953e-03	0.000000e+00	2.662820e-04	0.000000e+00	0.000000e+00	0.000000e+00	3.852343e-03	4.256771e-03	0.000000e+00	0.000000e+00	0.000000e+00	0.000000e+00	2.545410e-01	2.677534e-01
2.545410e-01	1.554125e-02	0.000000e+00	0.000000e+00	2.807456e-03	0.000000e+00	0.000000e+00	5.189102e-03	0.000000e+00	2.809046e-02	2.679343e-02	0.000000e+00	1.577542e-03	0.000000e+00	2.102229e-03	0.000000e+00	4.091069e-03	0.000000e+00	9.562953e-03	0.000000e+00	2.662820e-04	0.000000e+00	0.000000e+00	0.000000e+00	3.852343e-03	4.256771e-03	0.000000e+00	0.000000e+00	0.000000e+00	0.000000e+00	2.545410e-01	2.677534e-01
2.381000e-01	5.900993e-02	4.219068e-03	1.997815e-03	0.000000e+00	1.713991e-03	0.000000e+00	4.859581e-03	6.602321e-03	1.291852e-02	0.000000e+00	0.000000e+00	6.941930e-04	0.000000e+00	0.000000e+00	0.000000e+00	7.438307e-04	2.510694e-02	0.000000e+00	3.839630e-02	1.331410e-04	4.713345e-02	0.000000e+00	0.000000e+00	0.000000e+00	0.000000e+00	2.287139e-02	0.000000e+00	1.026570e-02	0.000000e+00	2.381000e-01	3.462369e-01
2.182502e-01	0.000000e+00	1.609688e-02	0.000000e+00	1.150904e-02	0.000000e+00	0.000000e+00	4.789423e-03	9.367936e-03	3.447367e-02	0.000000e+00	0.000000e+00	4.200996e-04	0.000000e+00	0.000000e+00	0.000000e+00	2.975323e-03	0.000000e+00	5.820778e-03	4.439639e-02	6.477130e-05	7.118319e-03	0.000000e+00	9.311919e-05	8.442351e-03	1.699657e-03	8.142496e-03	6.718885e-03	2.281267e-02	4.531492e-02	2.182502e-01	4.694933e-01
2.009138e-01	0.000000e+00	0.000000e+00	0.000000e+00	2.807456e-03	0.000000e+00	1.443793e-04	1.092285e-02	0.000000e+00	3.260435e-02	0.000000e+00	0.000000e+00	1.789206e-03	1.328811e-02	8.408916e-03	0.000000e+00	3.905111e-03	2.510694e-02	0.000000e+00	2.653773e-02	2.662820e-04	0.000000e+00	0.000000e+00	0.000000e+00	3.852343e-03	2.563338e-03	0.000000e+00	3.188359e-04	9.757494e-03	0.000000e+00	2.009138e-01	5.803636e-01
7.082548e-02	0.000000e+00	6.867543e-03	2.996804e-03	6.299933e-03	2.447190e-03	6.683586e-03	1.131642e-02	5.588692e-03	0.000000e+00	8.589067e-03	0.000000e+00	6.941930e-04	5.500780e-03	0.000000e+00	0.000000e+00	2.734286e-03	0.000000e+00	2.797790e-03	0.000000e+00	5.678733e-05	3.656253e-02	0.000000e+00	0.000000e+00	0.000000e+00	4.102127e-03	0.000000e+00	3.391822e-03	0.000000e+00	0.000000e+00	7.082548e-02	7.063935e-01
7.082548e-02	0.000000e+00	6.867543e-03	2.996804e-03	6.299933e-03	2.447190e-03	6.683586e-03	1.131642e-02	5.588692e-03	0.000000e+00	8.589067e-03	0.000000e+00	6.941930e-04	5.500780e-03	0.000000e+00	0.000000e+00	2.734286e-03	0.000000e+00	2.797790e-03	0.000000e+00	5.678733e-05	3.656253e-02	0.000000e+00	0.000000e+00	0.000000e+00	4.102127e-03	0.000000e+00	3.391822e-03	0.000000e+00	0.000000e+00	7.082548e-02	7.063935e-01
7.082548e-02	0.000000e+00	6.867543e-03	2.996804e-03	6.299933e-03	2.447190e-03	6.683586e-03	1.131642e-02	5.588692e-03	0.000000e+00	8.589067e-03	0.000000e+00	6.941930e-04	5.500780e-03	0.000000e+00	0.000000e+00	2.734286e-03	0.000000e+00	2.797790e-03	0.000000e+00	5.678733e-05	3.656253e-02	0.000000e+00	0.000000e+00	0.000000e+00	4.102127e-03	0.000000e+00	3.391822e-03	0.000000e+00	0.000000e+00	7.082548e-02	7.063935e-01
3.862862e-02	1.007100e-03	0.000000e+00	9.886943e-07	0.000000e+00	4.894381e-03	8.351482e-03	5.767240e-03	0.000000e+00	0.000000e+00	2.255510e-03	4.533643e-03	6.548717e-04	1.328811e-02	7.207642e-03	0.000000e+00	2.148874e-03	7.974826e-04	4.196685e-03	5.266370e-02	0.000000e+00	1.440407e-02	0.000000e+00	0.000000e+00	0.000000e+00	2.786963e-03	1.581791e-02	1.627364e-02	0.000000e+00	0.000000e+00	3.862862e-02	8.112756e-01
0.000000e+00	6.223999e-03	0.000000e+00	0.000000e+00	2.807456e-03	0.000000e+00	1.443793e-04	7.842521e-03	0.000000e+00	3.260435e-02	0.000000e+00	0.000000e+00	5.190745e-03	1.328811e-02	0.000000e+00	0.000000e+00	4.924335e-04	2.510694e-02	2.233105e-02	0.000000e+00	2.662820e-04	0.000000e+00	0.000000e+00	0.000000e+00	3.852343e-03	2.563338e-03	1.988916e-02	4.148935e-03	0.000000e+00	0.000000e+00	0.000000e+00	1.045544e+00
