8.467669e-01 1.595567e-01 3.590481e-02 3.113309e-02 0.000000e+00 0.000000e+00 0.000000e+00 0.000000e+00 0.000000e+00 1.282839e-02 1.215140e-01 7.096301e-03 2.906484e-03 3.328990e-02 2.810049e-02 1.051524e-03 9.565191e-05 1.745579e-03 1.388347e-02 8.385375e-03 3.402870e-02 2.585713e-03 1.404972e-03 2.533974e-02 2.155592e-03 2.948961e-02 5.891206e-04 1.141166e-01 0.000000e+00 2.939241e-02 8.467669e-01 -6.410213e-01
8.467669e-01 1.595567e-01 3.590481e-02 3.113309e-02 0.000000e+00 0.000000e+00 0.000000e+00 0.000000e+00 0.000000e+00 1.282839e-02 1.215140e-01 7.096301e-03 2.906484e-03 3.328990e-02 2.810049e-02 1.051524e-03 9.565191e-05 1.745579e-03 1.388347e-02 8.385375e-03 3.402870e-02 2.585713e-03 1.404972e-03 2.533974e-02 2.155592e-03 2.948961e-02 5.891206e-04 1.141166e-01 0.000000e+00 2.939241e-02 8.467669e-01 -6.410213e-01
8.467669e-01 1.595567e-01 3.590481e-02 3.113309e-02 2.843296e-03 0.000000e+00 0.000000e+00 0.000000e+00 0.000000e+00 1.282839e-02 1.215140e-01 0.000000e+00 3.788227e-03 3.328990e-02 3.457513e-02 1.051524e-03 9.565191e-05 6.865945e-03 2.196445e-02 8.385375e-03 3.402870e-02 2.585713e-03 2.887192e-04 2.533974e-02 2.155592e-03 8.690936e-02 5.891206e-04 1.141166e-01 0.000000e+00 2.939241e-02 8.467669e-01 -6.278457e-01
8.467669e-01 1.499877e-01 3.590481e-02 3.113309e-02 0.000000e+00 0.000000e+00 0.000000e+00 0.000000e+00 0.000000e+00 3.769965e-02 1.215140e-01 7.299134e-02 2.906484e-03 3.328990e-02 3.886196e-02 7.122363e-03 9.565191e-05 1.070622e-02 1.388347e-02 4.009889e-03 7.700520e-02 2.585713e-03 1.404972e-03 2.956303e-02 2.155592e-03 2.948961e-02 0.000000e+00 7.023649e-02 2.991242e-02 2.328567e-02 8.467669e-01 -6.175266e-01
8.467669e-01 1.499877e-01 3.590481e-02 3.113309e-02 0.000000e+00 0.000000e+00 0.000000e+00 0.000000e+00 0.000000e+00 3.769965e-02 1.215140e-01 7.299134e-02 2.906484e-03 3.328990e-02 3.886196e-02 7.122363e-03 9.565191e-05 1.070622e-02 1.388347e-02 4.009889e-03 7.700520e-02 2.585713e-03 1.404972e-03 2.956303e-02 2.155592e-03 2.948961e-02 0.000000e+00 7.023649e-02 2.991242e-02 2.328567e-02 8.467669e-01 -6.175266e-01
8.467669e-01 9.535235e-02 3.414545e-02 3.390494e-02 1.023453e-01 0.000000e+00 0.000000e+00 0.000000e+00 0.000000e+00 5.589453e-02 1.215140e-01 7.299134e-02 2.906484e-03 3.966170e-02 3.886196e-02 4.218503e-02 0.000000e+00 5.353110e-03 1.310667e-02 4.267314e-03 7.700520e-02 0.000000e+00 1.404972e-03 2.164436e-02 2.155592e-03 2.948961e-02 0.000000e+00 5.795875e-02 2.991242e-02 3.377671e-02 8.467669e-01 -6.009811e-01
8.440208e-01 1.499877e-01 4.478742e-02 4.939569e-02 4.646284e-02 0.000000e+00 0.000000e+00 0.000000e+00 0.000000e+00 3.769965e-02 0.000000e+00 7.299134e-02 4.310741e-03 7.932340e-02 3.886196e-02 4.086944e-03 4.782596e-05 1.070622e-02 1.310667e-02 4.009889e-03 7.700520e-02 3.687370e-02 4.505204e-03 2.956303e-02 1.620371e-02 2.572619e-02 0.000000e+00 8.875091e-02 2.991242e-02 2.328567e-02 8.440208e-01 -5.912642e-01
8.440208e-01 1.499877e-01 4.478742e-02 4.939569e-02 8.434967e-02 0.000000e+00 0.000000e+00 0.000000e+00 0.000000e+00 3.769965e-02 0.000000e+00 7.299134e-02 4.310741e-03 7.932340e-02 3.886196e-02 7.122363e-03 0.000000e+00 1.070622e-02 1.310667e-02 4.009889e-03 7.700520e-02 0.000000e+00 4.505204e-03 2.956303e-02 1.620371e-02 2.196277e-02 0.000000e+00 8.875091e-02 2.991242e-02 2.328567e-02 8.440208e-01 -5.912205e-01
8.467669e-01 9.535235e-02 2.526284e-02 3.390494e-02 1.023453e-01 0.000000e+00 0.000000e+00 0.000000e+00 0.000000e+00 6.819907e-02 4.792407e-02 5.832212e-02 2.906484e-03 0.000000e+00 2.104742e-02 0.000000e+00 0.000000e+00 4.203659e-04 8.682221e-03 3.937353e-03 3.548549e-02 0.000000e+00 1.169489e-03 2.164436e-02 2.155592e-03 2.416104e-02 0.000000e+00 5.795875e-02 0.000000e+00 2.113154e-02 8.467669e-01 -6.526675e-01
8.406595e-01 1.398389e-01 1.728137e-02 3.846006e-02 1.013976e-01 0.000000e+00 0.000000e+00 0.000000e+00 0.000000e+00 6.819907e-02 0.000000e+00 8.596817e-03 2.204356e-03 0.000000e+00 4.102723e-02 5.212782e-02 0.000000e+00 6.271021e-03 2.926865e-02 3.937353e-03 4.435897e-02 0.000000e+00 8.463154e-04 1.768503e-02 2.155592e-03 2.344262e-02 0.000000e+00 5.388889e-02 0.000000e+00 2.113154e-02 8.406595e-01 -6.041107e-01
8.406595e-01 1.398389e-01 1.728137e-02 3.846006e-02 1.013976e-01 0.000000e+00 0.000000e+00 0.000000e+00 0.000000e+00 6.819907e-02 0.000000e+00 8.596817e-03 2.204356e-03 0.000000e+00 4.102723e-02 5.212782e-02 0.000000e+00 6.271021e-03 2.926865e-02 3.937353e-03 4.435897e-02 0.000000e+00 8.463154e-04 1.768503e-02 2.155592e-03 2.344262e-02 0.000000e+00 5.388889e-02 0.000000e+00 2.113154e-02 8.406595e-01 -6.041107e-01
8.406595e-01 1.398389e-01 1.728137e-02 3.846006e-02 1.013976e-01 0.000000e+00 0.000000e+00 0.000000e+00 0.000000e+00 6.819907e-02 0.000000e+00 8.596817e-03 2.204356e-03 0.000000e+00 4.102723e-02 5.212782e-02 0.000000e+00 6.271021e-03 2.926865e-02 3.937353e-03 4.435897e-02 0.000000e+00 8.463154e-04 1.768503e-02 2.155592e-03 2.344262e-02 0.000000e+00 5.388889e-02 0.000000e+00 2.113154e-02 8.406595e-01 -6.041107e-01
8.401694e-01 1.434939e-01 2.526284e-02 2.864193e-02 1.028177e-01 0.000000e+00 0.000000e+00 0.000000e+00 0.000000e+00 6.230872e-02 0.000000e+00 2.517192e-02 4.571998e-03 1.781918e-02 4.453896e-02 7.117687e-02 0.000000e+00 1.120377e-02 2.744038e-02 4.090325e-03 8.857838e-02 0.000000e+00 1.522184e-03 1.372569e-02 1.886143e-03 3.848033e-02 0.000000e+00 5.253227e-02 0.000000e+00 2.076629e-02 8.401694e-01 -5.787899e-01
8.369331e-01 1.245923e-01 4.122579e-02 1.953170e-02 6.445849e-02 0.000000e+00 0.000000e+00 0.000000e+00 0.000000e+00 1.282839e-02 1.694381e-01 5.832212e-02 5.061855e-03 0.000000e+00 3.886196e-02 3.809809e-02 4.782596e-05 7.609299e-03 1.310667e-02 4.323490e-03 7.700520e-02 2.154761e-03 4.505204e-03 1.768503e-02 0.000000e+00 3.991717e-02 0.000000e+00 5.524551e-02 2.991242e-02 2.213387e-02 8.369331e-01 -5.327800e-01
8.369331e-01 1.245923e-01 4.122579e-02 1.953170e-02 6.445849e-02 0.000000e+00 0.000000e+00 0.000000e+00 0.000000e+00 1.282839e-02 1.694381e-01 5.832212e-02 5.061855e-03 0.000000e+00 3.886196e-02 3.809809e-02 4.782596e-05 7.609299e-03 1.310667e-02 4.323490e-03 7.700520e-02 2.154761e-03 4.505204e-03 1.768503e-02 0.000000e+00 3.991717e-02 0.000000e+00 5.524551e-02 2.991242e-02 2.213387e-02 8.369331e-01 -5.327800e-01
8.401694e-01 1.434939e-01 2.526284e-02 2.864193e-02 1.028177e-01 0.000000e+00 0.000000e+00 0.000000e+00 0.000000e+00 6.230872e-02 0.000000e+00 2.517192e-02 4.571998e-03 1.781918e-02 4.453896e-02 7.117687e-02 0.000000e+00 1.120377e-02 2.744038e-02 4.090325e-03 8.857838e-02 0.000000e+00 1.522184e-03 1.372569e-02 1.886143e-03 3.848033e-02 0.000000e+00 5.253227e-02 0.000000e+00 2.076629e-02 8.401694e-01 -5.787899e-01
8.325915e-01 1.398389e-01 1.728137e-02 3.582855e-02 1.013976e-01 0.000000e+00 0.000000e+00 0.000000e+00 0.000000e+00 6.819907e-02 0.000000e+00 5.832212e-02 3.037113e-03 0.000000e+00 4.102723e-02 5.212782e-02 0.000000e+00 6.271021e-03 2.926865e-02 3.937353e-03 3.996746e-02 0.000000e+00 3.226616e-03 1.372569e-02 1.077796e-03 3.060227e-02 0.000000e+00 5.388889e-02 0.000000e+00 2.113154e-02 8.325915e-01 -4.969450e-01
8.325915e-01 1.398389e-01 1.728137e-02 3.582855e-02 1.013976e-01 0.000000e+00 0.000000e+00 0.000000e+00 0.000000e+00 6.819907e-02 0.000000e+00 5.832212e-02 3.037113e-03 0.000000e+00 4.102723e-02 5.212782e-02 0.000000e+00 6.271021e-03 2.926865e-02 3.937353e-03 3.996746e-02 0.000000e+00 3.226616e-03 1.372569e-02 1.077796e-03 3.060227e-02 0.000000e+00 5.388889e-02 0.000000e+00 2.113154e-02 8.325915e-01 -4.969450e-01
8.325915e-01 1.398389e-01 1.728137e-02 3.582855e-02 1.013976e-01 0.000000e+00 0.000000e+00 0.000000e+00 0.000000e+00 6.819907e-02 0.000000e+00 5.832212e-02 3.037113e-03 0.000000e+00 4.102723e-02 5.212782e-02 0.000000e+00 6.271021e-03 2.926865e-02 3.937353e-03 3.996746e-02 0.000000e+00 3.226616e-03 1.372569e-02 1.077796e-03 3.060227e-02 0.000000e+00 5.388889e-02 0.000000e+00 2.113154e-02 8.325915e-01 -4.969450e-01
8.306308e-01 1.508039e-01 2.526284e-02 3.355099e-02 8.245414e-02 0.000000e+00 0.000000e+00 0.000000e+00 0.000000e+00 6.819907e-02 0.000000e+00 5.832212e-02 3.037113e-03 0.000000e+00 4.102723e-02 7.117687e-02 0.000000e+00 2.740436e-03 2.926865e-02 3.937353e-03 3.996746e-02 0.000000e+00 3.226616e-03 1.372569e-02 0.000000e+00 3.848033e-02 0.000000e+00 5.388889e-02 1.874168e-03 2.211519e-02 8.306308e-01 -4.619615e-01
8.306308e-01 1.510180e-01 1.532073e-02 5.537587e-02 8.434967e-02 0.000000e+00 0.000000e+00 3.559911e-03 2.308659e-03 2.856888e-02 0.000000e+00 1.520721e-01 4.064622e-03 0.000000e+00 0.000000e+00 7.117687e-02 0.000000e+00 0.000000e+00 1.310667e-02 3.937353e-03 5.094350e-02 0.000000e+00 2.729561e-03 1.372569e-02 0.000000e+00 2.782320e-02 6.266899e-02 5.253227e-02 0.000000e+00 2.193257e-02 8.306308e-01 -4.483576e-01
8.306308e-01 1.510180e-01 1.532073e-02 5.537587e-02 8.434967e-02 0.000000e+00 0.000000e+00 3.559911e-03 2.308659e-03 2.856888e-02 0.000000e+00 1.520721e-01 4.064622e-03 0.000000e+00 0.000000e+00 7.117687e-02 0.000000e+00 0.000000e+00 1.310667e-02 3.937353e-03 5.094350e-02 0.000000e+00 2.729561e-03 1.372569e-02 0.000000e+00 2.782320e-02 6.266899e-02 5.253227e-02 0.000000e+00 2.193257e-02 8.306308e-01 -4.483576e-01
8.306308e-01 1.510180e-01 1.532073e-02 5.537587e-02 8.434967e-02 0.000000e+00 0.000000e+00 3.559911e-03 2.308659e-03 2.856888e-02 0.000000e+00 1.520721e-01 4.064622e-03 0.000000e+00 0.000000e+00 7.117687e-02 0.000000e+00 0.000000e+00 1.310667e-02 3.937353e-03 5.094350e-02 0.000000e+00 2.729561e-03 1.372569e-02 0.000000e+00 2.782320e-02 6.266899e-02 5.253227e-02 0.000000e+00 2.193257e-02 8.306308e-01 -4.483576e-01
8.306308e-01 1.510180e-01 1.532073e-02 5.537587e-02 8.434967e-02 0.000000e+00 0.000000e+00 3.559911e-03 2.308659e-03 2.856888e-02 0.000000e+00 1.520721e-01 4.064622e-03 0.000000e+00 0.000000e+00 7.117687e-02 0.000000e+00 0.000000e+00 1.310667e-02 3.937353e-03 5.094350e-02 0.000000e+00 2.729561e-03 1.372569e-02 0.000000e+00 2.782320e-02 6.266899e-02 5.253227e-02 0.000000e+00 2.193257e-02 8.306308e-01 -4.483576e-01
8.306308e-01 1.510180e-01 1.532073e-02 5.537587e-02 8.434967e-02 0.000000e+00 0.000000e+00 3.559911e-03 2.308659e-03 2.856888e-02 0.000000e+00 1.520721e-01 4.064622e-03 0.000000e+00 0.000000e+00 7.117687e-02 0.000000e+00 0.000000e+00 1.310667e-02 3.937353e-03 5.094350e-02 0.000000e+00 2.729561e-03 1.372569e-02 0.000000e+00 2.782320e-02 6.266899e-02 5.253227e-02 0.000000e+00 2.193257e-02 8.306308e-01 -4.483576e-01
8.306308e-01 1.510180e-01 1.532073e-02 5.537587e-02 8.434967e-02 0.000000e+00 0.000000e+00 3.559911e-03 2.308659e-03 2.856888e-02 0.000000e+00 1.520721e-01 4.064622e-03 0.000000e+00 0.000000e+00 7.117687e-02 0.000000e+00 0.000000e+00 1.310667e-02 3.937353e-03 5.094350e-02 0.000000e+00 2.729561e-03 1.372569e-02 0.000000e+00 2.782320e-02 6.266899e-02 5.253227e-02 0.000000e+00 2.193257e-02 8.306308e-01 -4.483576e-01
8.306308e-01 1.510180e-01 1.532073e-02 5.537587e-02 8.434967e-02 0.000000e+00 0.000000e+00 3.559911e-03 2.308659e-03 2.856888e-02 0.000000e+00 1.520721e-01 4.064622e-03 0.000000e+00 0.000000e+00 7.117687e-02 0.000000e+00 0.000000e+00 1.310667e-02 3.937353e-03 5.094350e-02 0.000000e+00 2.729561e-03 1.372569e-02 0.000000e+00 2.782320e-02 6.266899e-02 5.253227e-02 0.000000e+00 2.193257e-02 8.306308e-01 -4.483576e-01
8.258466e-01 1.368689e-01 2.048823e-02 2.864193e-02 8.434967e-02 0.000000e+00 0.000000e+00 3.559911e-03 0.000000e+00 5.713776e-02 0.000000e+00 2.608486e-01 4.571998e-03 1.584457e-02 3.239437e-02 7.117687e-02 0.000000e+00 1.220423e-02 1.310667e-02 8.863473e-03 1.244090e-02 0.000000e+00 5.459122e-03 1.372569e-02 0.000000e+00 3.507735e-02 0.000000e+00 5.253227e-02 0.000000e+00 1.105760e-02 8.258466e-01 -3.514895e-01
8.258466e-01 1.368689e-01 2.048823e-02 2.864193e-02 8.434967e-02 0.000000e+00 0.000000e+00 3.559911e-03 0.000000e+00 5.713776e-02 0.000000e+00 2.608486e-01 4.571998e-03 1.584457e-02 3.239437e-02 7.117687e-02 0.000000e+00 1.220423e-02 1.310667e-02 8.863473e-03 1.244090e-02 0.000000e+00 5.459122e-03 1.372569e-02 0.000000e+00 3.507735e-02 0.000000e+00 5.253227e-02 0.000000e+00 1.105760e-02 8.258466e-01 -3.514895e-01
8.258466e-01 1.368689e-01 2.048823e-02 2.864193e-02 8.434967e-02 0.000000e+00 0.000000e+00 3.559911e-03 0.000000e+00 5.713776e-02 0.000000e+00 2.608486e-01 4.571998e-03 1.584457e-02 3.239437e-02 7.117687e-02 0.000000e+00 1.220423e-02 1.310667e-02 8.863473e-03 1.244090e-02 0.000000e+00 5.459122e-03 1.372569e-02 0.000000e+00 3.507735e-02 0.000000e+00 5.253227e-02 0.000000e+00 1.105760e-02 8.258466e-01 -3.514895e-01
8.258466e-01 1.368689e-01 2.048823e-02 2.864193e-02 8.434967e-02 0.000000e+00 0.000000e+00 3.559911e-03 0.000000e+00 5.713776e-02 0.000000e+00 2.608486e-01 4.571998e-03 1.584457e-02 3.239437e-02 7.117687e-02 0.000000e+00 1.220423e-02 1.310667e-02 8.863473e-03 1.244090e-02 0.000000e+00 5.459122e-03 1.372569e-02 0.000000e+00 3.507735e-02 0.000000e+00 5.253227e-02 0.000000e+00 1.105760e-02 8.258466e-01 -3.514895e-01
6.456489e-01 1.544589e-01 0.000000e+00 2.864193e-02 8.434967e-02 0.000000e+00 0.000000e+00 3.559911e-03 0.000000e+00 5.713776e-02 0.000000e+00 1.246225e-01 4.571998e-03 0.000000e+00 3.239437e-02 7.117687e-02 0.000000e+00 0.000000e+00 1.310667e-02 5.136627e-03 7.700520e-02 0.000000e+00 5.459122e-03 1.372569e-02 0.000000e+00 2.782320e-02 0.000000e+00 5.253227e-02 0.000000e+00 2.174994e-02 6.456489e-01 -2.935739e-01
6.456489e-01 1.544589e-01 0.000000e+00 2.864193e-02 8.434967e-02 0.000000e+00 0.000000e+00 3.559911e-03 0.000000e+00 5.713776e-02 0.000000e+00 1.246225e-01 4.571998e-03 0.000000e+00 3.239437e-02 7.117687e-02 0.000000e+00 0.000000e+00 1.310667e-02 5.136627e-03 7.700520e-02 0.000000e+00 5.459122e-03 1.372569e-02 0.000000e+00 2.782320e-02 0.000000e+00 5.253227e-02 0.000000e+00 2.174994e-02 6.456489e-01 -2.935739e-01
6.456489e-01 1.544589e-01 0.000000e+00 2.864193e-02 8.434967e-02 0.000000e+00 0.000000e+00 3.559911e-03 0.000000e+00 5.713776e-02 0.000000e+00 1.246225e-01 4.571998e-03 0.000000e+00 3.239437e-02 7.117687e-02 0.000000e+00 0.000000e+00 1.310667e-02 5.136627e-03 7.700520e-02 0.000000e+00 5.459122e-03 1.372569e-02 0.000000e+00 2.782320e-02 0.000000e+00 5.253227e-02 0.000000e+00 2.174994e-02 6.456489e-01 -2.935739e-01
6.456489e-01 1.544589e-01 0.000000e+00 2.864193e-02 8.434967e-02 0.000000e+00 0.000000e+00 3.559911e-03 0.000000e+00 5.713776e-02 0.000000e+00 1.246225e-01 4.571998e-03 0.000000e+00 3.239437e-02 7.117687e-02 0.000000e+00 0.000000e+00 1.310667e-02 5.136627e-03 7.700520e-02 0.000000e+00 5.459122e-03 1.372569e-02 0.000000e+00 2.782320e-02 0.000000e+00 5.253227e-02 0.000000e+00 2.174994e-02 6.456489e-01 -2.935739e-01
6.456489e-01 1.544589e-01 0.000000e+00 2.864193e-02 8.434967e-02 0.000000e+00 0.000000e+00 3.559911e-03 0.000000e+00 5.713776e-02 0.000000e+00 1.246225e-01 4.571998e-03 0.000000e+00 3.239437e-02 7.117687e-02 0.000000e+00 0.000000e+00 1.310667e-02 5.136627e-03 7.700520e-02 0.000000e+00 5.459122e-03 1.372569e-02 0.000000e+00 2.782320e-02 0.000000e+00 5.253227e-02 0.000000e+00 2.174994e-02 6.456489e-01 -2.935739e-01
6.456489e-01 1.544589e-01 0.000000e+00 2.864193e-02 8.434967e-02 0.000000e+00 0.000000e+00 3.559911e-03 0.000000e+00 5.713776e-02 0.000000e+00 1.246225e-01 4.571998e-03 0.000000e+00 3.239437e-02 7.117687e-02 0.000000e+00 0.000000e+00 1.310667e-02 5.136627e-03 7.700520e-02 0.000000e+00 5.459122e-03 1.372569e-02 0.000000e+00 2.782320e-02 0.000000e+00 5.253227e-02 0.000000e+00 2.174994e-02 6.456489e-01 -2.935739e-01
6.360805e-01 1.261607e-01 1.033500e-02 0.000000e+00 8.434967e-02 0.000000e+00 0.000000e+00 3.559911e-03 6.925978e-03 0.000000e+00 0.000000e+00 7.388005e-02 0.000000e+00 3.168915e-02 0.000000e+00 0.000000e+00 0.000000e+00 2.440846e-02 1.310667e-02 1.498887e-02 0.000000e+00 1.209108e-02 5.459122e-03 1.377672e-02 0.000000e+00 4.233150e-02 0.000000e+00 5.253227e-02 7.689071e-04 0.000000e+00 6.360805e-01 -2.750515e-01
6.360805e-01 1.261607e-01 1.033500e-02 0.000000e+00 8.434967e-02 0.000000e+00 0.000000e+00 3.559911e-03 6.925978e-03 0.000000e+00 0.000000e+00 7.388005e-02 0.000000e+00 3.168915e-02 0.000000e+00 0.000000e+00 0.000000e+00 2.440846e-02 1.310667e-02 1.498887e-02 0.000000e+00 1.209108e-02 5.459122e-03 1.377672e-02 0.000000e+00 4.233150e-02 0.000000e+00 5.253227e-02 7.689071e-04 0.000000e+00 6.360805e-01 -2.750515e-01
6.360805e-01 1.261607e-01 1.033500e-02 0.000000e+00 8.434967e-02 0.000000e+00 0.000000e+00 3.559911e-03 0.000000e+00 5.713776e-02 0.000000e+00 1.246225e-01 0.000000e+00 0.000000e+00 0.000000e+00 7.117687e-02 0.000000e+00 2.440846e-02 4.806924e-02 1.498887e-02 0.000000e+00 0.000000e+00 5.459122e-03 1.377672e-02 0.000000e+00 2.782320e-02 0.000000e+00 5.253227e-02 7.689071e-04 0.000000e+00 6.360805e-01 -2.458005e-01
6.360805e-01 1.261607e-01 1.033500e-02 0.000000e+00 8.434967e-02 0.000000e+00 0.000000e+00 3.559911e-03 0.000000e+00 5.713776e-02 0.000000e+00 1.246225e-01 0.000000e+00 0.000000e+00 0.000000e+00 7.117687e-02 0.000000e+00 2.440846e-02 4.806924e-02 1.498887e-02 0.000000e+00 0.000000e+00 5.459122e-03 1.377672e-02 0.000000e+00 2.782320e-02 0.000000e+00 5.253227e-02 7.689071e-04 0.000000e+00 6.360805e-01 -2.458005e-01
6.360805e-01 1.261607e-01 1.033500e-02 0.000000e+00 8.434967e-02 0.000000e+00 0.000000e+00 3.559911e-03 0.000000e+00 5.713776e-02 0.000000e+00 1.246225e-01 0.000000e+00 0.000000e+00 0.000000e+00 7.117687e-02 0.000000e+00 2.440846e-02 4.806924e-02 1.498887e-02 0.000000e+00 0.000000e+00 5.459122e-03 1.377672e-02 0.000000e+00 2.782320e-02 0.000000e+00 5.253227e-02 7.689071e-04 0.000000e+00 6.360805e-01 -2.458005e-01
6.360805e-01 1.261607e-01 1.033500e-02 0.000000e+00 8.434967e-02 0.000000e+00 0.000000e+00 3.559911e-03 0.000000e+00 5.713776e-02 0.000000e+00 1.246225e-01 0.000000e+00 0.000000e+00 0.000000e+00 7.117687e-02 0.000000e+00 2.440846e-02 4.806924e-02 1.498887e-02 0.000000e+00 0.000000e+00 5.459122e-03 1.377672e-02 0.000000e+00 2.782320e-02 0.000000e+00 5.253227e-02 7.689071e-04 0.000000e+00 6.360805e-01 -2.458005e-01
6.360805e-01 1.261607e-01 1.033500e-02 0.000000e+00 8.434967e-02 0.000000e+00 0.000000e+00 3.559911e-03 0.000000e+00 5.713776e-02 0.000000e+00 1.246225e-01 0.000000e+00 0.000000e+00 0.000000e+00 7.117687e-02 0.000000e+00 2.440846e-02 4.806924e-02 1.498887e-02 0.000000e+00 0.000000e+00 5.459122e-03 1.377672e-02 0.000000e+00 2.782320e-02 0.000000e+00 5.253227e-02 7.689071e-04 0.000000e+00 6.360805e-01 -2.458005e-01
6.293069e-01 1.526957e-02 0.000000e+00 0.000000e+00 0.000000e+00 0.000000e+00 6.448131e-03 0.000000e+00 0.000000e+00 0.000000e+00 1.330166e-01 1.246225e-01 0.000000e+00 0.000000e+00 0.000000e+00 1.286452e-01 0.000000e+00 0.000000e+00 4.806924e-02 1.498887e-02 0.000000e+00 0.000000e+00 5.459122e-03 1.377672e-02 0.000000e+00 2.782320e-02 6.218503e-02 5.253227e-02 7.448788e-04 4.443681e-02 6.293069e-01 -1.632947e-01
6.293069e-01 1.526957e-02 0.000000e+00 0.000000e+00 0.000000e+00 0.000000e+00 6.448131e-03 0.000000e+00 0.000000e+00 0.000000e+00 1.330166e-01 1.246225e-01 0.000000e+00 0.000000e+00 0.000000e+00 1.286452e-01 0.000000e+00 0.000000e+00 4.806924e-02 1.498887e-02 0.000000e+00 0.000000e+00 5.459122e-03 1.377672e-02 0.000000e+00 2.782320e-02 6.218503e-02 5.253227e-02 7.448788e-04 4.443681e-02 6.293069e-01 -1.632947e-01
6.293069e-01 1.526957e-02 0.000000e+00 0.000000e+00 0.000000e+00 0.000000e+00 6.448131e-03 0.000000e+00 0.000000e+00 0.000000e+00 1.330166e-01 1.246225e-01 0.000000e+00 0.000000e+00 0.000000e+00 1.286452e-01 0.000000e+00 0.000000e+00 4.806924e-02 1.498887e-02 0.000000e+00 0.000000e+00 5.459122e-03 1.377672e-02 0.000000e+00 2.782320e-02 6.218503e-02 5.253227e-02 7.448788e-04 4.443681e-02 6.293069e-01 -1.632947e-01
6.293069e-01 1.526957e-02 0.000000e+00 0.000000e+00 0.000000e+00 0.000000e+00 6.448131e-03 0.000000e+00 0.000000e+00 0.000000e+00 1.330166e-01 1.246225e-01 0.000000e+00 0.000000e+00 0.000000e+00 1.286452e-01 0.000000e+00 0.000000e+00 4.806924e-02 1.498887e-02 0.000000e+00 0.000000e+00 5.459122e-03 1.377672e-02 0.000000e+00 2.782320e-02 6.218503e-02 5.253227e-02 7.448788e-04 4.443681e-02 6.293069e-01 -1.632947e-01
6.245227e-01 1.120463e-03 0.000000e+00 0.000000e+00 0.000000e+00 0.000000e+00 6.630871e-03 0.000000e+00 3.462989e-03 0.000000e+00 1.854118e-01 0.000000e+00 0.000000e+00 7.336845e-02 2.627901e-02 8.724948e-02 1.250051e-03 3.920883e-03 2.924935e-02 2.798963e-02 3.520437e-02 0.000000e+00 1.832063e-02 9.094367e-03 0.000000e+00 1.622885e-02 9.128258e-02 5.917887e-02 7.689071e-04 8.887361e-02 6.245227e-01 -7.662848e-02
6.226620e-01 8.403470e-04 0.000000e+00 0.000000e+00 0.000000e+00 0.000000e+00 4.568514e-04 0.000000e+00 0.000000e+00 0.000000e+00 1.047904e-01 5.759421e-02 5.040594e-04 7.336845e-02 7.628102e-02 2.069788e-02 2.500102e-03 0.000000e+00 3.431128e-02 3.341383e-02 1.459002e-02 0.000000e+00 1.494900e-02 6.419723e-03 0.000000e+00 6.118000e-02 5.492330e-02 5.253227e-02 9.611339e-04 1.110920e-01 6.226620e-01 -5.587027e-02
6.226620e-01 8.403470e-04 0.000000e+00 0.000000e+00 0.000000e+00 0.000000e+00 4.568514e-04 0.000000e+00 0.000000e+00 0.000000e+00 1.047904e-01 5.759421e-02 5.040594e-04 7.336845e-02 7.628102e-02 2.069788e-02 2.500102e-03 0.000000e+00 3.431128e-02 3.341383e-02 1.459002e-02 0.000000e+00 1.494900e-02 6.419723e-03 0.000000e+00 6.118000e-02 5.492330e-02 5.253227e-02 9.611339e-04 1.110920e-01 6.226620e-01 -5.587027e-02
6.226620e-01 8.403470e-04 0.000000e+00 0.000000e+00 0.000000e+00 0.000000e+00 4.568514e-04 0.000000e+00 0.000000e+00 0.000000e+00 1.047904e-01 5.759421e-02 5.040594e-04 7.336845e-02 7.628102e-02 2.069788e-02 2.500102e-03 0.000000e+00 3.431128e-02 3.341383e-02 1.459002e-02 0.000000e+00 1.494900e-02 6.419723e-03 0.000000e+00 6.118000e-02 5.492330e-02 5.253227e-02 9.611339e-04 1.110920e-01 6.226620e-01 -5.587027e-02
4.504309e-01 8.403470e-04 0.000000e+00 0.000000e+00 1.461892e-02 0.000000e+00 3.654811e-04 0.000000e+00 0.000000e+00 5.856503e-04 1.047904e-01 5.759421e-02 5.040594e-04 7.336845e-02 5.255802e-02 0.000000e+00 2.500102e-03 4.776902e-03 1.042946e-02 5.149697e-02 7.040874e-02 0.000000e+00 1.335712e-02 4.412012e-03 0.000000e+00 4.634496e-03 5.819510e-02 7.981660e-02 3.363969e-04 8.887361e-02 4.504309e-01 2.519486e-02
4.504309e-01 8.403470e-04 0.000000e+00 0.000000e+00 1.461892e-02 0.000000e+00 3.654811e-04 0.000000e+00 0.000000e+00 5.856503e-04 1.047904e-01 5.759421e-02 5.040594e-04 7.336845e-02 5.255802e-02 0.000000e+00 2.500102e-03 4.776902e-03 1.042946e-02 5.149697e-02 7.040874e-02 0.000000e+00 1.335712e-02 4.412012e-03 0.000000e+00 4.634496e-03 5.819510e-02 7.981660e-02 3.363969e-04 8.887361e-02 4.504309e-01 2.519486e-02
4.504309e-01 8.403470e-04 0.000000e+00 0.000000e+00 1.461892e-02 0.000000e+00 3.654811e-04 0.000000e+00 0.000000e+00 5.856503e-04 1.047904e-01 5.759421e-02 5.040594e-04 7.336845e-02 5.255802e-02 0.000000e+00 2.500102e-03 4.776902e-03 1.042946e-02 5.149697e-02 7.040874e-02 0.000000e+00 1.335712e-02 4.412012e-03 0.000000e+00 4.634496e-03 5.819510e-02 7.981660e-02 3.363969e-04 8.887361e-02 4.504309e-01 2.519486e-02
4.504309e-01 8.403470e-04 0.000000e+00 0.000000e+00 1.461892e-02 0.000000e+00 3.654811e-04 0.000000e+00 0.000000e+00 5.856503e-04 1.047904e-01 5.759421e-02 5.040594e-04 7.336845e-02 5.255802e-02 0.000000e+00 2.500102e-03 4.776902e-03 1.042946e-02 5.149697e-02 7.040874e-02 0.000000e+00 1.335712e-02 4.412012e-03 0.000000e+00 4.634496e-03 5.819510e-02 7.981660e-02 3.363969e-04 8.887361e-02 4.504309e-01 2.519486e-02
4.504309e-01 8.403470e-04 0.000000e+00 0.000000e+00 1.461892e-02 0.000000e+00 3.654811e-04 0.000000e+00 0.000000e+00 5.856503e-04 1.047904e-01 5.759421e-02 5.040594e-04 7.336845e-02 5.255802e-02 0.000000e+00 2.500102e-03 4.776902e-03 1.042946e-02 5.149697e-02 7.040874e-02 0.000000e+00 1.335712e-02 4.412012e-03 0.000000e+00 4.634496e-03 5.819510e-02 7.981660e-02 3.363969e-04 8.887361e-02 4.504309e-01 2.519486e-02
4.504309e-01 8.403470e-04 0.000000e+00 0.000000e+00 1.461892e-02 0.000000e+00 3.654811e-04 0.000000e+00 0.000000e+00 5.856503e-04 1.047904e-01 5.759421e-02 5.040594e-04 7.336845e-02 5.255802e-02 0.000000e+00 2.500102e-03 4.776902e-03 1.042946e-02 5.149697e-02 7.040874e-02 0.000000e+00 1.335712e-02 4.412012e-03 0.000000e+00 4.634496e-03 5.819510e-02 7.981660e-02 3.363969e-04 8.887361e-02 4.504309e-01 2.519486e-02
4.504309e-01 8.403470e-04 0.000000e+00 0.000000e+00 1.461892e-02 0.000000e+00 3.654811e-04 0.000000e+00 0.000000e+00 5.856503e-04 1.047904e-01 5.759421e-02 5.040594e-04 7.336845e-02 5.255802e-02 0.000000e+00 2.500102e-03 4.776902e-03 1.042946e-02 5.149697e-02 7.040874e-02 0.000000e+00 1.335712e-02 4.412012e-03 0.000000e+00 4.634496e-03 5.819510e-02 7.981660e-02 3.363969e-04 8.887361e-02 4.504309e-01 2.519486e-02
4.504309e-01 8.403470e-04 0.000000e+00 0.000000e+00 1.461892e-02 0.000000e+00 3.654811e-04 0.000000e+00 0.000000e+00 5.856503e-04 1.047904e-01 5.759421e-02 5.040594e-04 7.336845e-02 5.255802e-02 0.000000e+00 2.500102e-03 4.776902e-03 1.042946e-02 5.149697e-02 7.040874e-02 0.000000e+00 1.335712e-02 4.412012e-03 0.000000e+00 4.634496e-03 5.819510e-02 7.981660e-02 3.363969e-04 8.887361e-02 4.504309e-01 2.519486e-02
4.441514e-01 1.260520e-03 0.000000e+00 1.653407e-02 0.000000e+00 4.043694e-03 1.050758e-03 3.746644e-02 0.000000e+00 2.378761e-03 1.642032e-01 7.860502e-02 0.000000e+00 1.237644e-02 3.116140e-02 5.311123e-02 3.750152e-03 8.325604e-04 0.000000e+00 0.000000e+00 1.180255e-01 0.000000e+00 3.827039e-02 6.411722e-03 0.000000e+00 0.000000e+00 6.079378e-02 5.351533e-03 3.809338e-03 0.000000e+00 4.441514e-01 3.218743e-02
4.441514e-01 1.260520e-03 0.000000e+00 1.653407e-02 0.000000e+00 4.043694e-03 1.050758e-03 3.746644e-02 0.000000e+00 2.378761e-03 1.642032e-01 7.860502e-02 0.000000e+00 1.237644e-02 3.116140e-02 5.311123e-02 3.750152e-03 8.325604e-04 0.000000e+00 0.000000e+00 1.180255e-01 0.000000e+00 3.827039e-02 6.411722e-03 0.000000e+00 0.000000e+00 6.079378e-02 5.351533e-03 3.809338e-03 0.000000e+00 4.441514e-01 3.218743e-02
4.441514e-01 1.260520e-03 0.000000e+00 1.653407e-02 0.000000e+00 4.043694e-03 1.050758e-03 3.746644e-02 0.000000e+00 2.378761e-03 1.642032e-01 7.860502e-02 0.000000e+00 1.237644e-02 3.116140e-02 5.311123e-02 3.750152e-03 8.325604e-04 0.000000e+00 0.000000e+00 1.180255e-01 0.000000e+00 3.827039e-02 6.411722e-03 0.000000e+00 0.000000e+00 6.079378e-02 5.351533e-03 3.809338e-03 0.000000e+00 4.441514e-01 3.218743e-02
4.441514e-01 1.260520e-03 0.000000e+00 1.653407e-02 0.000000e+00 4.043694e-03 1.050758e-03 3.746644e-02 0.000000e+00 2.378761e-03 1.642032e-01 7.860502e-02 0.000000e+00 1.237644e-02 3.116140e-02 5.311123e-02 3.750152e-03 8.325604e-04 0.000000e+00 0.000000e+00 1.180255e-01 0.000000e+00 3.827039e-02 6.411722e-03 0.000000e+00 0.000000e+00 6.079378e-02 5.351533e-03 3.809338e-03 0.000000e+00 4.441514e-01 3.218743e-02
4.346725e-01 8.403470e-04 0.000000e+00 1.132643e-01 1.461892e-02 0.000000e+00 3.654811e-04 0.000000e+00 0.000000e+00 2.085936e-03 1.047904e-01 8.405072e-02 5.040594e-04 3.975550e-02 5.255802e-02 1.635390e-02 2.500102e-03 4.382065e-03 1.042946e-02 6.264866e-03 1.304316e-01 3.644648e-03 1.679473e-01 1.082373e-02 0.000000e+00 0.000000e+00 5.819510e-02 1.516334e-02 2.710425e-03 0.000000e+00 4.346725e-01 1.355512e-01
4.314730e-01 0.000000e+00 0.000000e+00 1.414101e-02 0.000000e+00 7.486349e-02 9.137027e-04 0.000000e+00 0.000000e+00 0.000000e+00 0.000000e+00 5.718510e-02 5.374163e-02 1.012136e-01 9.535128e-02 6.005925e-02 0.000000e+00 6.276161e-03 0.000000e+00 3.879794e-02 9.522091e-02 0.000000e+00 1.259042e-02 0.000000e+00 0.000000e+00 0.000000e+00 5.934717e-02 7.547163e-02 0.000000e+00 8.887361e-02 4.314730e-01 1.614235e-01
4.253132e-01 2.192411e-03 0.000000e+00 1.132643e-01 0.000000e+00 0.000000e+00 1.050758e-03 5.619967e-02 0.000000e+00 2.085936e-03 1.642032e-01 6.157007e-02 4.905742e-03 1.656265e-02 0.000000e+00 3.608241e-02 9.636246e-03 3.187839e-03 0.000000e+00 3.279535e-03 4.567182e-02 4.290036e-02 0.000000e+00 8.617728e-03 0.000000e+00 0.000000e+00 6.111766e-02 1.776238e-02 3.152733e-03 0.000000e+00 4.253132e-01 1.838695e-01
4.253132e-01 2.192411e-03 0.000000e+00 1.132643e-01 0.000000e+00 0.000000e+00 1.050758e-03 5.619967e-02 0.000000e+00 2.085936e-03 1.642032e-01 6.157007e-02 4.905742e-03 1.656265e-02 0.000000e+00 3.608241e-02 9.636246e-03 3.187839e-03 0.000000e+00 3.279535e-03 4.567182e-02 4.290036e-02 0.000000e+00 8.617728e-03 0.000000e+00 0.000000e+00 6.111766e-02 1.776238e-02 3.152733e-03 0.000000e+00 4.253132e-01 1.838695e-01
4.253132e-01 2.192411e-03 0.000000e+00 1.132643e-01 0.000000e+00 0.000000e+00 1.050758e-03 5.619967e-02 0.000000e+00 2.085936e-03 1.642032e-01 6.157007e-02 4.905742e-03 1.656265e-02 0.000000e+00 3.608241e-02 9.636246e-03 3.187839e-03 0.000000e+00 3.279535e-03 4.567182e-02 4.290036e-02 0.000000e+00 8.617728e-03 0.000000e+00 0.000000e+00 6.111766e-02 1.776238e-02 3.152733e-03 0.000000e+00 4.253132e-01 1.838695e-01
4.253132e-01 2.192411e-03 0.000000e+00 1.132643e-01 0.000000e+00 0.000000e+00 1.050758e-03 5.619967e-02 0.000000e+00 2.085936e-03 1.642032e-01 6.157007e-02 4.905742e-03 1.656265e-02 0.000000e+00 3.608241e-02 9.636246e-03 3.187839e-03 0.000000e+00 3.279535e-03 4.567182e-02 4.290036e-02 0.000000e+00 8.617728e-03 0.000000e+00 0.000000e+00 6.111766e-02 1.776238e-02 3.152733e-03 0.000000e+00 4.253132e-01 1.838695e-01
4.253132e-01 2.192411e-03 0.000000e+00 1.132643e-01 0.000000e+00 0.000000e+00 1.050758e-03 5.619967e-02 0.000000e+00 2.085936e-03 1.642032e-01 6.157007e-02 4.905742e-03 1.656265e-02 0.000000e+00 3.608241e-02 9.636246e-03 3.187839e-03 0.000000e+00 3.279535e-03 4.567182e-02 4.290036e-02 0.000000e+00 8.617728e-03 0.000000e+00 0.000000e+00 6.111766e-02 1.776238e-02 3.152733e-03 0.000000e+00 4.253132e-01 1.838695e-01
2.546059e-01 0.000000e+00 0.000000e+00 2.972193e-02 0.000000e+00 0.000000e+00 0.000000e+00 2.809983e-02 0.000000e+00 2.918325e-03 0.000000e+00 7.306608e-02 4.882791e-02 5.500859e-03 0.000000e+00 1.389922e-02 9.307725e-03 3.774347e-02 3.678714e-03 2.344483e-02 3.119355e-02 4.646147e-02 2.025657e-02 1.292659e-02 2.750050e-02 1.306590e-02 5.950292e-02 6.745820e-02 3.293790e-03 0.000000e+00 2.546059e-01 3.746645e-01
2.546059e-01 0.000000e+00 0.000000e+00 2.972193e-02 0.000000e+00 0.000000e+00 0.000000e+00 2.809983e-02 0.000000e+00 2.918325e-03 0.000000e+00 7.306608e-02 4.882791e-02 5.500859e-03 0.000000e+00 1.389922e-02 9.307725e-03 3.774347e-02 3.678714e-03 2.344483e-02 3.119355e-02 4.646147e-02 2.025657e-02 1.292659e-02 2.750050e-02 1.306590e-02 5.950292e-02 6.745820e-02 3.293790e-03 0.000000e+00 2.546059e-01 3.746645e-01
2.546059e-01 0.000000e+00 0.000000e+00 2.972193e-02 0.000000e+00 0.000000e+00 0.000000e+00 2.809983e-02 0.000000e+00 2.918325e-03 0.000000e+00 7.306608e-02 4.882791e-02 5.500859e-03 0.000000e+00 1.389922e-02 9.307725e-03 3.774347e-02 3.678714e-03 2.344483e-02 3.119355e-02 4.646147e-02 2.025657e-02 1.292659e-02 2.750050e-02 1.306590e-02 5.950292e-02 6.745820e-02 3.293790e-03 0.000000e+00 2.546059e-01 3.746645e-01
2.546059e-01 0.000000e+00 0.000000e+00 2.972193e-02 0.000000e+00 0.000000e+00 0.000000e+00 2.809983e-02 0.000000e+00 2.918325e-03 0.000000e+00 7.306608e-02 4.882791e-02 5.500859e-03 0.000000e+00 1.389922e-02 9.307725e-03 3.774347e-02 3.678714e-03 2.344483e-02 3.119355e-02 4.646147e-02 2.025657e-02 1.292659e-02 2.750050e-02 1.306590e-02 5.950292e-02 6.745820e-02 3.293790e-03 0.000000e+00 2.546059e-01 3.746645e-01
2.546059e-01 0.000000e+00 0.000000e+00 2.972193e-02 0.000000e+00 0.000000e+00 0.000000e+00 2.809983e-02 0.000000e+00 2.918325e-03 0.000000e+00 7.306608e-02 4.882791e-02 5.500859e-03 0.000000e+00 1.389922e-02 9.307725e-03 3.774347e-02 3.678714e-03 2.344483e-02 3.119355e-02 4.646147e-02 2.025657e-02 1.292659e-02 2.750050e-02 1.306590e-02 5.950292e-02 6.745820e-02 3.293790e-03 0.000000e+00 2.546059e-01 3.746645e-01
2.546059e-01 0.000000e+00 0.000000e+00 2.972193e-02 0.000000e+00 0.000000e+00 0.000000e+00 2.809983e-02 0.000000e+00 2.918325e-03 0.000000e+00 7.306608e-02 4.882791e-02 5.500859e-03 0.000000e+00 1.389922e-02 9.307725e-03 3.774347e-02 3.678714e-03 2.344483e-02 3.119355e-02 4.646147e-02 2.025657e-02 1.292659e-02 2.750050e-02 1.306590e-02 5.950292e-02 6.745820e-02 3.293790e-03 0.000000e+00 2.546059e-01 3.746645e-01
2.546059e-01 0.000000e+00 0.000000e+00 2.972193e-02 0.000000e+00 0.000000e+00 0.000000e+00 2.809983e-02 0.000000e+00 2.918325e-03 0.000000e+00 7.306608e-02 4.882791e-02 5.500859e-03 0.000000e+00 1.389922e-02 9.307725e-03 3.774347e-02 3.678714e-03 2.344483e-02 3.119355e-02 4.646147e-02 2.025657e-02 1.292659e-02 2.750050e-02 1.306590e-02 5.950292e-02 6.745820e-02 3.293790e-03 0.000000e+00 2.546059e-01 3.746645e-01
2.546059e-01 0.000000e+00 0.000000e+00 2.972193e-02 0.000000e+00 0.000000e+00 0.000000e+00 2.809983e-02 0.000000e+00 2.918325e-03 0.000000e+00 7.306608e-02 4.882791e-02 5.500859e-03 0.000000e+00 1.389922e-02 9.307725e-03 3.774347e-02 3.678714e-03 2.344483e-02 3.119355e-02 4.646147e-02 2.025657e-02 1.292659e-02 2.750050e-02 1.306590e-02 5.950292e-02 6.745820e-02 3.293790e-03 0.000000e+00 2.546059e-01 3.746645e-01
2.546059e-01 0.000000e+00 0.000000e+00 2.972193e-02 0.000000e+00 0.000000e+00 0.000000e+00 2.809983e-02 0.000000e+00 2.918325e-03 0.000000e+00 7.306608e-02 4.882791e-02 5.500859e-03 0.000000e+00 1.389922e-02 9.307725e-03 3.774347e-02 3.678714e-03 2.344483e-02 3.119355e-02 4.646147e-02 2.025657e-02 1.292659e-02 2.750050e-02 1.306590e-02 5.950292e-02 6.745820e-02 3.293790e-03 0.000000e+00 2.546059e-01 3.746645e-01
2.545934e-01 2.192411e-03 0.000000e+00 9.682911e-02 0.000000e+00 0.000000e+00 0.000000e+00 5.619967e-02 7.820035e-03 2.689666e-03 1.041116e-01 8.606111e-02 9.811485e-03 5.099845e-02 0.000000e+00 0.000000e+00 9.968984e-03 3.578295e-02 0.000000e+00 7.455530e-03 7.668371e-02 4.025241e-02 2.436450e-02 0.000000e+00 7.857285e-03 0.000000e+00 7.825617e-02 0.000000e+00 2.288614e-03 0.000000e+00 2.545934e-01 4.085161e-01
2.416178e-01 3.288617e-03 0.000000e+00 1.132643e-01 0.000000e+00 0.000000e+00 2.364206e-03 0.000000e+00 0.000000e+00 2.003690e-03 2.165984e-01 6.262222e-02 2.452871e-03 8.251289e-03 0.000000e+00 3.730975e-02 9.307725e-03 4.748586e-03 0.000000e+00 5.628837e-03 3.119355e-02 6.390176e-02 2.048120e-02 1.264400e-03 0.000000e+00 0.000000e+00 6.547901e-02 0.000000e+00 2.632366e-03 4.172755e-02 2.416178e-01 4.403149e-01
2.299668e-01 0.000000e+00 0.000000e+00 3.793951e-02 0.000000e+00 1.263654e-04 0.000000e+00 0.000000e+00 0.000000e+00 2.689666e-03 0.000000e+00 6.109152e-02 4.514861e-02 0.000000e+00 0.000000e+00 3.160296e-02 6.874231e-03 2.222629e-02 3.678714e-03 2.253148e-02 7.051765e-02 1.158088e-02 1.788166e-02 3.625098e-02 2.357186e-02 1.306590e-02 5.064141e-02 7.323668e-02 4.616637e-03 0.000000e+00 2.299668e-01 4.623631e-01
2.284187e-01 0.000000e+00 0.000000e+00 1.999993e-01 0.000000e+00 0.000000e+00 0.000000e+00 6.079030e-02 0.000000e+00 1.497763e-02 1.474494e-01 6.109703e-02 3.336957e-02 5.432161e-03 0.000000e+00 2.039570e-02 7.685396e-03 0.000000e+00 0.000000e+00 4.221628e-03 7.771139e-02 1.964664e-02 2.738129e-02 0.000000e+00 1.571457e-02 9.799425e-03 7.250734e-02 0.000000e+00 2.288614e-03 0.000000e+00 2.284187e-01 5.316374e-01
2.284187e-01 0.000000e+00 0.000000e+00 1.999993e-01 0.000000e+00 0.000000e+00 0.000000e+00 6.079030e-02 0.000000e+00 1.497763e-02 1.474494e-01 6.109703e-02 3.336957e-02 5.432161e-03 0.000000e+00 2.039570e-02 7.685396e-03 0.000000e+00 0.000000e+00 4.221628e-03 7.771139e-02 1.964664e-02 2.738129e-02 0.000000e+00 1.571457e-02 9.799425e-03 7.250734e-02 0.000000e+00 2.288614e-03 0.000000e+00 2.284187e-01 5.316374e-01
2.019288e-01 7.308037e-04 0.000000e+00 9.682911e-02 0.000000e+00 4.075285e-03 0.000000e+00 5.619967e-02 3.910018e-03 2.127059e-03 5.608452e-02 6.758903e-02 9.811485e-03 5.099845e-02 0.000000e+00 0.000000e+00 5.188333e-03 2.124603e-02 2.069277e-03 7.455530e-03 7.668371e-02 8.476354e-03 2.436450e-02 0.000000e+00 1.375025e-02 6.532950e-03 0.000000e+00 4.005667e-02 2.288614e-03 0.000000e+00 2.019288e-01 6.738464e-01
2.019288e-01 7.308037e-04 0.000000e+00 9.682911e-02 0.000000e+00 1.502169e-02 0.000000e+00 4.748831e-02 0.000000e+00 1.904028e-02 2.228415e-02 5.785103e-02 9.811485e-03 0.000000e+00 0.000000e+00 2.841446e-02 5.188333e-03 0.000000e+00 2.069277e-03 2.604677e-03 7.591295e-02 8.476354e-03 2.436450e-02 3.625098e-02 1.669673e-02 9.799425e-03 8.090798e-02 0.000000e+00 2.288614e-03 0.000000e+00 2.019288e-01 6.752149e-01
1.966468e-01 1.096206e-03 0.000000e+00 7.560188e-02 0.000000e+00 6.318272e-05 0.000000e+00 0.000000e+00 1.173005e-02 0.000000e+00 2.088588e-01 6.109703e-02 2.748005e-02 9.935056e-03 2.527101e-03 3.350522e-02 5.421074e-03 5.971018e-04 3.486427e-02 0.000000e+00 7.257300e-02 4.588024e-02 3.129290e-02 0.000000e+00 1.540433e-02 6.532950e-03 5.558728e-02 1.229150e-01 4.034631e-03 0.000000e+00 1.966468e-01 7.802232e-01
8.697713e-02 0.000000e+00 0.000000e+00 1.597827e-01 0.000000e+00 1.137289e-02 0.000000e+00 5.039210e-02 0.000000e+00 0.000000e+00 3.355094e-02 6.109703e-02 3.336957e-02 5.432161e-03 0.000000e+00 2.039570e-02 7.685396e-03 0.000000e+00 0.000000e+00 4.221628e-03 0.000000e+00 1.964664e-02 2.738129e-02 2.416732e-02 1.571457e-02 9.799425e-03 5.393865e-02 0.000000e+00 4.034631e-03 0.000000e+00 8.697713e-02 8.148432e-01
8.697713e-02 0.000000e+00 0.000000e+00 1.597827e-01 0.000000e+00 1.137289e-02 0.000000e+00 5.039210e-02 0.000000e+00 0.000000e+00 3.355094e-02 6.109703e-02 3.336957e-02 5.432161e-03 0.000000e+00 2.039570e-02 7.685396e-03 0.000000e+00 0.000000e+00 4.221628e-03 0.000000e+00 1.964664e-02 2.738129e-02 2.416732e-02 1.571457e-02 9.799425e-03 5.393865e-02 0.000000e+00 4.034631e-03 0.000000e+00 8.697713e-02 8.148432e-01
8.697713e-02 0.000000e+00 0.000000e+00 1.597827e-01 0.000000e+00 1.137289e-02 0.000000e+00 5.039210e-02 0.000000e+00 0.000000e+00 3.355094e-02 6.109703e-02 3.336957e-02 5.432161e-03 0.000000e+00 2.039570e-02 7.685396e-03 0.000000e+00 0.000000e+00 4.221628e-03 0.000000e+00 1.964664e-02 2.738129e-02 2.416732e-02 1.571457e-02 9.799425e-03 5.393865e-02 0.000000e+00 4.034631e-03 0.000000e+00 8.697713e-02 8.148432e-01
8.697713e-02 0.000000e+00 0.000000e+00 1.597827e-01 0.000000e+00 1.137289e-02 0.000000e+00 5.039210e-02 0.000000e+00 0.000000e+00 3.355094e-02 6.109703e-02 3.336957e-02 5.432161e-03 0.000000e+00 2.039570e-02 7.685396e-03 0.000000e+00 0.000000e+00 4.221628e-03 0.000000e+00 1.964664e-02 2.738129e-02 2.416732e-02 1.571457e-02 9.799425e-03 5.393865e-02 0.000000e+00 4.034631e-03 0.000000e+00 8.697713e-02 8.148432e-01
8.697713e-02 0.000000e+00 0.000000e+00 1.597827e-01 0.000000e+00 1.137289e-02 0.000000e+00 5.039210e-02 0.000000e+00 0.000000e+00 3.355094e-02 6.109703e-02 3.336957e-02 5.432161e-03 0.000000e+00 2.039570e-02 7.685396e-03 0.000000e+00 0.000000e+00 4.221628e-03 0.000000e+00 1.964664e-02 2.738129e-02 2.416732e-02 1.571457e-02 9.799425e-03 5.393865e-02 0.000000e+00 4.034631e-03 0.000000e+00 8.697713e-02 8.148432e-01
8.697713e-02 0.000000e+00 0.000000e+00 1.597827e-01 0.000000e+00 1.137289e-02 0.000000e+00 5.039210e-02 0.000000e+00 0.000000e+00 3.355094e-02 6.109703e-02 3.336957e-02 5.432161e-03 0.000000e+00 2.039570e-02 7.685396e-03 0.000000e+00 0.000000e+00 4.221628e-03 0.000000e+00 1.964664e-02 2.738129e-02 2.416732e-02 1.571457e-02 9.799425e-03 5.393865e-02 0.000000e+00 4.034631e-03 0.000000e+00 8.697713e-02 8.148432e-01
6.783169e-02 7.377080e-02 0.000000e+00 1.570435e-01 0.000000e+00 1.500590e-02 0.000000e+00 5.299695e-02 0.000000e+00 0.000000e+00 0.000000e+00 0.000000e+00 3.336957e-02 2.360376e-04 0.000000e+00 2.744534e-02 7.281565e-03 0.000000e+00 1.720815e-02 5.523966e-03 0.000000e+00 2.217694e-02 0.000000e+00 4.185577e-02 1.816997e-02 4.355300e-03 9.439264e-02 0.000000e+00 2.870619e-03 1.909524e-02 6.783169e-02 8.431167e-01
6.080244e-02 0.000000e+00 0.000000e+00 1.341288e-01 0.000000e+00 1.301564e-02 8.517015e-04 5.498273e-02 3.910018e-03 1.429910e-02 1.121690e-01 9.164554e-02 6.326024e-03 2.903009e-02 0.000000e+00 1.282684e-02 9.132340e-03 1.828954e-02 4.669966e-02 7.265489e-03 7.565603e-02 1.752243e-02 1.257304e-02 1.208366e-02 1.571457e-02 1.088825e-02 4.818982e-02 0.000000e+00 2.870619e-03 0.000000e+00 6.080244e-02 9.016650e-01
2.950132e-02 0.000000e+00 0.000000e+00 1.912595e-01 0.000000e+00 1.137289e-02 0.000000e+00 4.748831e-02 0.000000e+00 0.000000e+00 3.355094e-02 5.785103e-02 4.514861e-02 0.000000e+00 0.000000e+00 2.039570e-02 7.685396e-03 0.000000e+00 0.000000e+00 2.604677e-03 0.000000e+00 2.523178e-02 2.738129e-02 3.625098e-02 1.669673e-02 1.143266e-02 8.090798e-02 0.000000e+00 4.907639e-03 0.000000e+00 2.950132e-02 9.813114e-01
2.950132e-02 0.000000e+00 0.000000e+00 1.912595e-01 0.000000e+00 1.137289e-02 0.000000e+00 4.748831e-02 0.000000e+00 0.000000e+00 3.355094e-02 5.785103e-02 4.514861e-02 0.000000e+00 0.000000e+00 2.039570e-02 7.685396e-03 0.000000e+00 0.000000e+00 2.604677e-03 0.000000e+00 2.523178e-02 2.738129e-02 3.625098e-02 1.669673e-02 1.143266e-02 8.090798e-02 0.000000e+00 4.907639e-03 0.000000e+00 2.950132e-02 9.813114e-01
1.548230e-02 0.000000e+00 0.000000e+00 1.341288e-01 0.000000e+00 1.301564e-02 1.703403e-03 6.217823e-02 7.820035e-03 1.793111e-03 1.121690e-01 6.109703e-02 6.326024e-03 3.811297e-02 0.000000e+00 9.921396e-03 1.017545e-02 3.548440e-02 4.669966e-02 7.265489e-03 7.565603e-02 1.752243e-02 1.257304e-02 0.000000e+00 1.571457e-02 8.710600e-03 3.260135e-02 0.000000e+00 2.870619e-03 1.472679e-02 1.548230e-02 1.081003e+00
0.000000e+00 3.654019e-04 0.000000e+00 1.498672e-01 0.000000e+00 7.724088e-03 0.000000e+00 5.039210e-02 1.955009e-03 1.793111e-03 1.121690e-01 6.109703e-02 3.336957e-02 3.539689e-02 0.000000e+00 1.019785e-02 6.436864e-03 3.548440e-02 9.145201e-02 7.265489e-03 3.834186e-02 2.031500e-02 1.257304e-02 2.416732e-02 1.571457e-02 9.799425e-03 4.608601e-02 2.002834e-02 3.307124e-03 0.000000e+00 0.000000e+00 1.246817e+00
