8.553584e-01 0.000000e+00 0.000000e+00 0.000000e+00 1.109412e-01 9.445916e-03 8.495613e-03 1.096285e-02 0.000000e+00 1.782233e-01 1.448341e-02 4.142804e-03 0.000000e+00 0.000000e+00 0.000000e+00 0.000000e+00 0.000000e+00 2.100838e-01 0.000000e+00 3.543909e-02 2.695132e-02 2.339521e-01 4.933724e-02 0.000000e+00 1.486283e-02 4.153159e-02 6.855386e-02 0.000000e+00 6.290935e-02 0.000000e+00 8.553584e-01 -5.767041e-01
8.500524e-01 0.000000e+00 0.000000e+00 0.000000e+00 1.109412e-01 5.304793e-02 8.495613e-03 1.096285e-02 0.000000e+00 2.100043e-01 1.735492e-02 4.142804e-03 0.000000e+00 0.000000e+00 0.000000e+00 0.000000e+00 0.000000e+00 1.591175e-01 0.000000e+00 3.620588e-02 3.593510e-02 2.339521e-01 4.933724e-02 0.000000e+00 1.486283e-02 4.153159e-02 6.855386e-02 0.000000e+00 6.290935e-02 0.000000e+00 8.500524e-01 -5.732490e-01
8.500524e-01 0.000000e+00 0.000000e+00 0.000000e+00 1.109412e-01 5.304793e-02 8.495613e-03 1.096285e-02 0.000000e+00 2.100043e-01 1.735492e-02 4.142804e-03 0.000000e+00 0.000000e+00 0.000000e+00 0.000000e+00 0.000000e+00 1.591175e-01 0.000000e+00 3.620588e-02 3.593510e-02 2.339521e-01 4.933724e-02 0.000000e+00 1.486283e-02 4.153159e-02 6.855386e-02 0.000000e+00 6.290935e-02 0.000000e+00 8.500524e-01 -5.732490e-01
8.500524e-01 0.000000e+00 0.000000e+00 0.000000e+00 1.109412e-01 5.304793e-02 8.495613e-03 1.096285e-02 0.000000e+00 2.100043e-01 1.735492e-02 4.142804e-03 0.000000e+00 0.000000e+00 0.000000e+00 0.000000e+00 0.000000e+00 1.591175e-01 0.000000e+00 3.620588e-02 3.593510e-02 2.339521e-01 4.933724e-02 0.000000e+00 1.486283e-02 4.153159e-02 6.855386e-02 0.000000e+00 6.290935e-02 0.000000e+00 8.500524e-01 -5.732490e-01
8.424023e-01 0.000000e+00 0.000000e+00 0.000000e+00 1.109412e-01 5.804237e-03 8.495613e-03 1.386066e-03 0.000000e+00 8.682577e-02 1.756960e-02 4.142804e-03 1.143045e-01 0.000000e+00 4.727039e-03 0.000000e+00 0.000000e+00 1.797894e-01 0.000000e+00 2.320052e-02 1.796755e-02 2.339521e-01 4.801727e-02 0.000000e+00 1.486283e-02 5.327006e-02 7.411264e-02 3.846809e-03 5.305804e-02 0.000000e+00 8.424023e-01 -5.483253e-01
8.402568e-01 0.000000e+00 0.000000e+00 0.000000e+00 1.109412e-01 9.445916e-03 9.019812e-03 1.386066e-03 6.240012e-04 1.361903e-01 2.190146e-02 1.035701e-03 0.000000e+00 0.000000e+00 0.000000e+00 0.000000e+00 0.000000e+00 2.151489e-01 0.000000e+00 3.490234e-02 4.491887e-03 2.339521e-01 4.933724e-02 0.000000e+00 1.486283e-02 4.255597e-02 6.855386e-02 3.846809e-03 6.290935e-02 0.000000e+00 8.402568e-01 -5.362225e-01
8.402568e-01 0.000000e+00 0.000000e+00 0.000000e+00 9.197154e-02 9.445916e-03 5.337060e-03 1.386066e-03 6.240012e-04 1.361903e-01 1.813135e-02 1.035701e-03 1.153201e-01 0.000000e+00 7.090558e-03 0.000000e+00 0.000000e+00 1.591175e-01 0.000000e+00 3.490234e-02 2.695132e-02 2.339521e-01 4.933724e-02 0.000000e+00 1.486283e-02 4.255597e-02 6.855386e-02 1.923405e-03 4.813239e-02 0.000000e+00 8.402568e-01 -5.276861e-01
8.386242e-01 4.713166e-04 0.000000e+00 0.000000e+00 1.109412e-01 1.448367e-02 8.888762e-03 1.386066e-03 0.000000e+00 1.582678e-01 2.249969e-02 2.071402e-03 0.000000e+00 0.000000e+00 0.000000e+00 0.000000e+00 1.907085e-02 2.174971e-01 0.000000e+00 0.000000e+00 1.347566e-02 2.339521e-01 4.950399e-02 0.000000e+00 0.000000e+00 4.255597e-02 7.411264e-02 1.923405e-03 7.401485e-02 0.000000e+00 8.386242e-01 -5.151536e-01
8.386242e-01 4.713166e-04 0.000000e+00 0.000000e+00 1.109412e-01 1.448367e-02 8.888762e-03 1.386066e-03 0.000000e+00 1.582678e-01 2.249969e-02 2.071402e-03 0.000000e+00 0.000000e+00 0.000000e+00 0.000000e+00 1.907085e-02 2.174971e-01 0.000000e+00 0.000000e+00 1.347566e-02 2.339521e-01 4.950399e-02 0.000000e+00 0.000000e+00 4.255597e-02 7.411264e-02 1.923405e-03 7.401485e-02 0.000000e+00 8.386242e-01 -5.151536e-01
8.386242e-01 4.713166e-04 0.000000e+00 0.000000e+00 1.109412e-01 1.448367e-02 8.888762e-03 1.386066e-03 0.000000e+00 1.582678e-01 2.249969e-02 2.071402e-03 0.000000e+00 0.000000e+00 0.000000e+00 0.000000e+00 1.907085e-02 2.174971e-01 0.000000e+00 0.000000e+00 1.347566e-02 2.339521e-01 4.950399e-02 0.000000e+00 0.000000e+00 4.255597e-02 7.411264e-02 1.923405e-03 7.401485e-02 0.000000e+00 8.386242e-01 -5.151536e-01
8.357147e-01 0.000000e+00 0.000000e+00 0.000000e+00 1.061988e-01 1.448367e-02 1.291815e-02 0.000000e+00 6.240012e-04 1.165840e-01 1.280837e-02 2.071402e-03 0.000000e+00 0.000000e+00 2.363519e-03 0.000000e+00 0.000000e+00 2.050186e-01 0.000000e+00 3.482566e-02 2.157135e-02 2.339521e-01 3.468996e-02 0.000000e+00 1.486283e-02 4.255597e-02 7.088863e-02 3.846809e-03 9.862705e-02 0.000000e+00 8.357147e-01 -4.836788e-01
8.357147e-01 0.000000e+00 0.000000e+00 0.000000e+00 1.061988e-01 1.448367e-02 1.291815e-02 0.000000e+00 6.240012e-04 1.165840e-01 1.280837e-02 2.071402e-03 0.000000e+00 0.000000e+00 2.363519e-03 0.000000e+00 0.000000e+00 2.050186e-01 0.000000e+00 3.482566e-02 2.157135e-02 2.339521e-01 3.468996e-02 0.000000e+00 1.486283e-02 4.255597e-02 7.088863e-02 3.846809e-03 9.862705e-02 0.000000e+00 8.357147e-01 -4.836788e-01
8.344378e-01 0.000000e+00 0.000000e+00 0.000000e+00 1.109412e-01 2.134227e-02 8.495613e-03 5.943449e-03 0.000000e+00 1.980601e-01 1.735492e-02 4.142804e-03 0.000000e+00 0.000000e+00 4.727039e-03 0.000000e+00 0.000000e+00 1.591175e-01 0.000000e+00 3.882986e-02 1.796755e-02 2.339521e-01 4.933724e-02 0.000000e+00 1.486283e-02 4.153159e-02 6.855386e-02 3.846809e-03 5.305804e-02 0.000000e+00 8.344378e-01 -4.622662e-01
8.318841e-01 0.000000e+00 0.000000e+00 0.000000e+00 0.000000e+00 3.323862e-02 0.000000e+00 1.096285e-02 0.000000e+00 1.242433e-01 1.983820e-02 3.107103e-03 3.046701e-03 0.000000e+00 2.718047e-02 7.977513e-04 2.681550e-03 1.591175e-01 1.555912e-02 0.000000e+00 2.302735e-02 2.339521e-01 4.218035e-02 9.287544e-03 0.000000e+00 3.467728e-02 8.167940e-02 2.201522e-02 4.320674e-02 0.000000e+00 8.318841e-01 -4.549527e-01
8.318841e-01 0.000000e+00 0.000000e+00 0.000000e+00 0.000000e+00 3.323862e-02 0.000000e+00 1.096285e-02 0.000000e+00 1.242433e-01 1.983820e-02 3.107103e-03 3.046701e-03 0.000000e+00 2.718047e-02 7.977513e-04 2.681550e-03 1.591175e-01 1.555912e-02 0.000000e+00 2.302735e-02 2.339521e-01 4.218035e-02 9.287544e-03 0.000000e+00 3.467728e-02 8.167940e-02 2.201522e-02 4.320674e-02 0.000000e+00 8.318841e-01 -4.549527e-01
8.318841e-01 0.000000e+00 0.000000e+00 0.000000e+00 0.000000e+00 3.323862e-02 0.000000e+00 1.096285e-02 0.000000e+00 1.242433e-01 1.983820e-02 3.107103e-03 3.046701e-03 0.000000e+00 2.718047e-02 7.977513e-04 2.681550e-03 1.591175e-01 1.555912e-02 0.000000e+00 2.302735e-02 2.339521e-01 4.218035e-02 9.287544e-03 0.000000e+00 3.467728e-02 8.167940e-02 2.201522e-02 4.320674e-02 0.000000e+00 8.318841e-01 -4.549527e-01
8.318841e-01 0.000000e+00 0.000000e+00 0.000000e+00 0.000000e+00 3.323862e-02 0.000000e+00 1.096285e-02 0.000000e+00 1.242433e-01 1.983820e-02 3.107103e-03 3.046701e-03 0.000000e+00 2.718047e-02 7.977513e-04 2.681550e-03 1.591175e-01 1.555912e-02 0.000000e+00 2.302735e-02 2.339521e-01 4.218035e-02 9.287544e-03 0.000000e+00 3.467728e-02 8.167940e-02 2.201522e-02 4.320674e-02 0.000000e+00 8.318841e-01 -4.549527e-01
8.318841e-01 0.000000e+00 0.000000e+00 0.000000e+00 0.000000e+00 3.323862e-02 0.000000e+00 1.096285e-02 0.000000e+00 1.242433e-01 1.983820e-02 3.107103e-03 3.046701e-03 0.000000e+00 2.718047e-02 7.977513e-04 2.681550e-03 1.591175e-01 1.555912e-02 0.000000e+00 2.302735e-02 2.339521e-01 4.218035e-02 9.287544e-03 0.000000e+00 3.467728e-02 8.167940e-02 2.201522e-02 4.320674e-02 0.000000e+00 8.318841e-01 -4.549527e-01
8.275930e-01 0.000000e+00 0.000000e+00 0.000000e+00 2.491367e-02 1.009652e-02 0.000000e+00 0.000000e+00 3.906031e-02 2.762376e-01 3.770459e-02 1.013886e-02 4.709016e-03 0.000000e+00 2.215800e-02 6.457987e-04 0.000000e+00 1.427945e-01 6.778920e-03 2.532569e-02 1.363836e-02 3.645642e-02 6.872710e-02 1.160943e-03 1.016824e-02 1.482245e-02 5.388550e-02 2.626494e-02 0.000000e+00 0.000000e+00 8.275930e-01 -3.942640e-01
8.275930e-01 0.000000e+00 0.000000e+00 0.000000e+00 2.491367e-02 1.009652e-02 0.000000e+00 0.000000e+00 3.906031e-02 2.762376e-01 3.770459e-02 1.013886e-02 4.709016e-03 0.000000e+00 2.215800e-02 6.457987e-04 0.000000e+00 1.427945e-01 6.778920e-03 2.532569e-02 1.363836e-02 3.645642e-02 6.872710e-02 1.160943e-03 1.016824e-02 1.482245e-02 5.388550e-02 2.626494e-02 0.000000e+00 0.000000e+00 8.275930e-01 -3.942640e-01
8.275930e-01 0.000000e+00 0.000000e+00 0.000000e+00 2.491367e-02 1.009652e-02 0.000000e+00 0.000000e+00 3.906031e-02 2.762376e-01 3.770459e-02 1.013886e-02 4.709016e-03 0.000000e+00 2.215800e-02 6.457987e-04 0.000000e+00 1.427945e-01 6.778920e-03 2.532569e-02 1.363836e-02 3.645642e-02 6.872710e-02 1.160943e-03 1.016824e-02 1.482245e-02 5.388550e-02 2.626494e-02 0.000000e+00 0.000000e+00 8.275930e-01 -3.942640e-01
8.275930e-01 0.000000e+00 0.000000e+00 0.000000e+00 2.491367e-02 1.009652e-02 0.000000e+00 0.000000e+00 3.906031e-02 2.762376e-01 3.770459e-02 1.013886e-02 4.709016e-03 0.000000e+00 2.215800e-02 6.457987e-04 0.000000e+00 1.427945e-01 6.778920e-03 2.532569e-02 1.363836e-02 3.645642e-02 6.872710e-02 1.160943e-03 1.016824e-02 1.482245e-02 5.388550e-02 2.626494e-02 0.000000e+00 0.000000e+00 8.275930e-01 -3.942640e-01
8.275930e-01 0.000000e+00 0.000000e+00 0.000000e+00 2.491367e-02 1.009652e-02 0.000000e+00 0.000000e+00 3.906031e-02 2.762376e-01 3.770459e-02 1.013886e-02 4.709016e-03 0.000000e+00 2.215800e-02 6.457987e-04 0.000000e+00 1.427945e-01 6.778920e-03 2.532569e-02 1.363836e-02 3.645642e-02 6.872710e-02 1.160943e-03 1.016824e-02 1.482245e-02 5.388550e-02 2.626494e-02 0.000000e+00 0.000000e+00 8.275930e-01 -3.942640e-01
8.275930e-01 0.000000e+00 0.000000e+00 0.000000e+00 2.491367e-02 1.009652e-02 0.000000e+00 0.000000e+00 3.906031e-02 2.762376e-01 3.770459e-02 1.013886e-02 4.709016e-03 0.000000e+00 2.215800e-02 6.457987e-04 0.000000e+00 1.427945e-01 6.778920e-03 2.532569e-02 1.363836e-02 3.645642e-02 6.872710e-02 1.160943e-03 1.016824e-02 1.482245e-02 5.388550e-02 2.626494e-02 0.000000e+00 0.000000e+00 8.275930e-01 -3.942640e-01
6.479106e-01 6.962468e-03 0.000000e+00 7.306849e-04 2.332359e-02 2.208412e-02 0.000000e+00 9.822759e-03 3.842295e-02 2.001306e-01 1.216175e-02 4.676964e-02 1.257440e-03 0.000000e+00 1.890816e-02 2.374260e-04 8.322052e-04 1.378489e-01 1.072509e-02 1.502464e-03 1.477762e-02 0.000000e+00 7.277134e-03 1.934905e-04 0.000000e+00 8.119733e-03 7.270633e-02 4.313503e-02 1.119478e-03 0.000000e+00 6.479106e-01 -3.214683e-01
6.479106e-01 6.962468e-03 0.000000e+00 7.306849e-04 2.332359e-02 2.208412e-02 0.000000e+00 9.822759e-03 3.842295e-02 2.001306e-01 1.216175e-02 4.676964e-02 1.257440e-03 0.000000e+00 1.890816e-02 2.374260e-04 8.322052e-04 1.378489e-01 1.072509e-02 1.502464e-03 1.477762e-02 0.000000e+00 7.277134e-03 1.934905e-04 0.000000e+00 8.119733e-03 7.270633e-02 4.313503e-02 1.119478e-03 0.000000e+00 6.479106e-01 -3.214683e-01
6.479106e-01 6.962468e-03 0.000000e+00 7.306849e-04 2.332359e-02 2.208412e-02 0.000000e+00 9.822759e-03 3.842295e-02 2.001306e-01 1.216175e-02 4.676964e-02 1.257440e-03 0.000000e+00 1.890816e-02 2.374260e-04 8.322052e-04 1.378489e-01 1.072509e-02 1.502464e-03 1.477762e-02 0.000000e+00 7.277134e-03 1.934905e-04 0.000000e+00 8.119733e-03 7.270633e-02 4.313503e-02 1.119478e-03 0.000000e+00 6.479106e-01 -3.214683e-01
6.479106e-01 6.962468e-03 0.000000e+00 7.306849e-04 2.332359e-02 2.208412e-02 0.000000e+00 9.822759e-03 3.842295e-02 2.001306e-01 1.216175e-02 4.676964e-02 1.257440e-03 0.000000e+00 1.890816e-02 2.374260e-04 8.322052e-04 1.378489e-01 1.072509e-02 1.502464e-03 1.477762e-02 0.000000e+00 7.277134e-03 1.934905e-04 0.000000e+00 8.119733e-03 7.270633e-02 4.313503e-02 1.119478e-03 0.000000e+00 6.479106e-01 -3.214683e-01
6.479106e-01 6.962468e-03 0.000000e+00 7.306849e-04 2.332359e-02 2.208412e-02 0.000000e+00 9.822759e-03 3.842295e-02 2.001306e-01 1.216175e-02 4.676964e-02 1.257440e-03 0.000000e+00 1.890816e-02 2.374260e-04 8.322052e-04 1.378489e-01 1.072509e-02 1.502464e-03 1.477762e-02 0.000000e+00 7.277134e-03 1.934905e-04 0.000000e+00 8.119733e-03 7.270633e-02 4.313503e-02 1.119478e-03 0.000000e+00 6.479106e-01 -3.214683e-01
6.479106e-01 6.962468e-03 0.000000e+00 7.306849e-04 2.332359e-02 2.208412e-02 0.000000e+00 9.822759e-03 3.842295e-02 2.001306e-01 1.216175e-02 4.676964e-02 1.257440e-03 0.000000e+00 1.890816e-02 2.374260e-04 8.322052e-04 1.378489e-01 1.072509e-02 1.502464e-03 1.477762e-02 0.000000e+00 7.277134e-03 1.934905e-04 0.000000e+00 8.119733e-03 7.270633e-02 4.313503e-02 1.119478e-03 0.000000e+00 6.479106e-01 -3.214683e-01
6.479106e-01 6.962468e-03 0.000000e+00 1.461370e-03 2.332359e-02 2.208412e-02 0.000000e+00 4.440795e-02 3.906031e-02 2.001306e-01 1.216175e-02 7.015446e-02 1.069150e-04 0.000000e+00 2.245344e-02 2.374260e-04 0.000000e+00 1.378489e-01 1.037275e-02 0.000000e+00 1.477762e-02 9.107952e-02 0.000000e+00 1.934905e-04 1.258517e-02 8.119733e-03 1.250895e-02 4.313503e-02 1.119478e-03 0.000000e+00 6.479106e-01 -3.026577e-01
6.479106e-01 6.962468e-03 0.000000e+00 1.461370e-03 2.332359e-02 2.208412e-02 0.000000e+00 4.440795e-02 3.906031e-02 2.001306e-01 1.216175e-02 7.015446e-02 1.069150e-04 0.000000e+00 2.245344e-02 2.374260e-04 0.000000e+00 1.378489e-01 1.037275e-02 0.000000e+00 1.477762e-02 9.107952e-02 0.000000e+00 1.934905e-04 1.258517e-02 8.119733e-03 1.250895e-02 4.313503e-02 1.119478e-03 0.000000e+00 6.479106e-01 -3.026577e-01
6.479106e-01 6.962468e-03 0.000000e+00 1.461370e-03 2.332359e-02 2.208412e-02 0.000000e+00 4.440795e-02 3.906031e-02 2.001306e-01 1.216175e-02 7.015446e-02 1.069150e-04 0.000000e+00 2.245344e-02 2.374260e-04 0.000000e+00 1.378489e-01 1.037275e-02 0.000000e+00 1.477762e-02 9.107952e-02 0.000000e+00 1.934905e-04 1.258517e-02 8.119733e-03 1.250895e-02 4.313503e-02 1.119478e-03 0.000000e+00 6.479106e-01 -3.026577e-01
6.418504e-01 4.641645e-03 0.000000e+00 4.871233e-04 1.158542e-02 1.781055e-02 0.000000e+00 1.118548e-03 3.969767e-02 2.255728e-01 1.216175e-02 1.169241e-02 8.766025e-04 0.000000e+00 1.890816e-02 1.082663e-03 1.664410e-03 1.424343e-01 9.372107e-03 1.557288e-02 1.651416e-02 1.728118e-01 5.987818e-02 3.869810e-03 6.778828e-03 4.723370e-04 5.944428e-02 1.342238e-02 4.477913e-03 0.000000e+00 6.418504e-01 -2.573137e-01
6.418504e-01 4.641645e-03 0.000000e+00 4.871233e-04 5.177477e-03 1.781055e-02 0.000000e+00 1.118548e-03 3.101369e-02 3.580643e-01 1.216175e-02 3.751640e-02 8.766025e-04 8.746809e-05 1.713552e-02 1.082663e-03 1.664410e-03 1.280916e-01 9.372107e-03 1.557288e-02 1.765384e-02 1.728118e-01 1.819284e-02 0.000000e+00 6.778828e-03 0.000000e+00 5.825275e-02 1.342238e-02 5.597392e-04 0.000000e+00 6.418504e-01 -2.418500e-01
6.355311e-01 1.160411e-02 0.000000e+00 1.461370e-03 1.296864e-02 2.401263e-02 0.000000e+00 1.118548e-03 3.906031e-02 2.117853e-01 1.293704e-02 7.015446e-02 1.069150e-04 0.000000e+00 2.245344e-02 8.737277e-04 0.000000e+00 1.397720e-01 1.037275e-02 0.000000e+00 1.270617e-02 2.271361e-02 0.000000e+00 3.869810e-03 1.258517e-02 9.446739e-04 1.250895e-02 9.507564e-02 4.477913e-03 0.000000e+00 6.355311e-01 -2.286233e-01
6.355311e-01 1.160411e-02 0.000000e+00 1.461370e-03 1.296864e-02 2.401263e-02 0.000000e+00 1.118548e-03 3.906031e-02 2.117853e-01 1.293704e-02 7.015446e-02 1.069150e-04 0.000000e+00 2.245344e-02 8.737277e-04 0.000000e+00 1.397720e-01 1.037275e-02 0.000000e+00 1.270617e-02 2.271361e-02 0.000000e+00 3.869810e-03 1.258517e-02 9.446739e-04 1.250895e-02 9.507564e-02 4.477913e-03 0.000000e+00 6.355311e-01 -2.286233e-01
6.355311e-01 1.160411e-02 0.000000e+00 1.461370e-03 1.296864e-02 2.401263e-02 0.000000e+00 4.440795e-02 3.906031e-02 2.117853e-01 1.293704e-02 7.015446e-02 1.069150e-04 0.000000e+00 2.245344e-02 8.737277e-04 0.000000e+00 1.397720e-01 1.037275e-02 0.000000e+00 1.270617e-02 2.271361e-02 0.000000e+00 3.869810e-03 1.258517e-02 3.889420e-02 1.250895e-02 9.507564e-02 0.000000e+00 0.000000e+00 6.355311e-01 -2.133405e-01
6.355311e-01 1.160411e-02 0.000000e+00 1.461370e-03 1.296864e-02 2.401263e-02 0.000000e+00 4.440795e-02 3.906031e-02 2.117853e-01 1.293704e-02 7.015446e-02 1.069150e-04 0.000000e+00 2.245344e-02 8.737277e-04 0.000000e+00 1.397720e-01 1.037275e-02 0.000000e+00 1.270617e-02 2.271361e-02 0.000000e+00 3.869810e-03 1.258517e-02 3.889420e-02 1.250895e-02 9.507564e-02 0.000000e+00 0.000000e+00 6.355311e-01 -2.133405e-01
6.322675e-01 9.283290e-03 0.000000e+00 0.000000e+00 0.000000e+00 7.831417e-04 0.000000e+00 2.591021e-04 3.133237e-02 3.638916e-01 1.216175e-02 4.920881e-02 1.603095e-02 8.746809e-05 6.443252e-02 0.000000e+00 4.921108e-02 1.290531e-01 1.221054e-02 6.948042e-03 1.661811e-02 6.654845e-02 0.000000e+00 1.547924e-03 1.161269e-02 9.446739e-04 0.000000e+00 1.511478e-03 2.238957e-03 0.000000e+00 6.322675e-01 -1.675946e-01
6.322675e-01 9.283290e-03 0.000000e+00 0.000000e+00 0.000000e+00 7.831417e-04 0.000000e+00 2.591021e-04 3.133237e-02 3.638916e-01 1.216175e-02 4.920881e-02 1.603095e-02 8.746809e-05 6.443252e-02 0.000000e+00 4.921108e-02 1.290531e-01 1.221054e-02 6.948042e-03 1.661811e-02 6.654845e-02 0.000000e+00 1.547924e-03 1.161269e-02 9.446739e-04 0.000000e+00 1.511478e-03 2.238957e-03 0.000000e+00 6.322675e-01 -1.675946e-01
6.322675e-01 9.283290e-03 0.000000e+00 0.000000e+00 0.000000e+00 7.831417e-04 0.000000e+00 2.591021e-04 3.133237e-02 3.638916e-01 1.216175e-02 4.920881e-02 1.603095e-02 8.746809e-05 6.443252e-02 0.000000e+00 4.921108e-02 1.290531e-01 1.221054e-02 6.948042e-03 1.661811e-02 6.654845e-02 0.000000e+00 1.547924e-03 1.161269e-02 9.446739e-04 0.000000e+00 1.511478e-03 2.238957e-03 0.000000e+00 6.322675e-01 -1.675946e-01
6.322675e-01 9.283290e-03 0.000000e+00 0.000000e+00 0.000000e+00 7.831417e-04 0.000000e+00 2.591021e-04 3.133237e-02 3.638916e-01 1.216175e-02 4.920881e-02 1.603095e-02 8.746809e-05 6.443252e-02 0.000000e+00 4.921108e-02 1.290531e-01 1.221054e-02 6.948042e-03 1.661811e-02 6.654845e-02 0.000000e+00 1.547924e-03 1.161269e-02 9.446739e-04 0.000000e+00 1.511478e-03 2.238957e-03 0.000000e+00 6.322675e-01 -1.675946e-01
6.250912e-01 1.160411e-02 0.000000e+00 1.461370e-03 1.296864e-02 3.485683e-02 0.000000e+00 1.938817e-02 4.605794e-02 1.637408e-01 1.293704e-02 8.525391e-02 1.069150e-04 0.000000e+00 2.245344e-02 8.737277e-04 2.373326e-03 1.547449e-01 1.095482e-02 0.000000e+00 1.270617e-02 0.000000e+00 0.000000e+00 3.869810e-03 1.258517e-02 9.446739e-04 1.250895e-02 9.507564e-02 4.477913e-03 0.000000e+00 6.250912e-01 -9.394460e-02
6.215031e-01 9.283290e-03 0.000000e+00 0.000000e+00 0.000000e+00 2.324209e-02 0.000000e+00 3.454695e-04 6.556700e-02 6.366537e-02 1.374720e-02 0.000000e+00 7.630632e-03 4.373405e-05 1.442312e-02 6.837869e-04 0.000000e+00 8.562691e-02 0.000000e+00 6.948042e-03 1.373654e-02 0.000000e+00 0.000000e+00 1.547924e-03 6.829317e-02 1.417011e-03 1.016575e-02 4.260333e-02 5.771798e-02 0.000000e+00 6.215031e-01 -8.339460e-02
6.215031e-01 9.283290e-03 0.000000e+00 0.000000e+00 0.000000e+00 2.324209e-02 0.000000e+00 3.454695e-04 6.556700e-02 6.366537e-02 1.374720e-02 0.000000e+00 7.630632e-03 4.373405e-05 1.442312e-02 6.837869e-04 0.000000e+00 8.562691e-02 0.000000e+00 6.948042e-03 1.373654e-02 0.000000e+00 0.000000e+00 1.547924e-03 6.829317e-02 1.417011e-03 1.016575e-02 4.260333e-02 5.771798e-02 0.000000e+00 6.215031e-01 -8.339460e-02
6.215031e-01 9.283290e-03 0.000000e+00 0.000000e+00 0.000000e+00 2.324209e-02 0.000000e+00 3.454695e-04 6.556700e-02 6.366537e-02 1.374720e-02 0.000000e+00 7.630632e-03 4.373405e-05 1.442312e-02 6.837869e-04 0.000000e+00 8.562691e-02 0.000000e+00 6.948042e-03 1.373654e-02 0.000000e+00 0.000000e+00 1.547924e-03 6.829317e-02 1.417011e-03 1.016575e-02 4.260333e-02 5.771798e-02 0.000000e+00 6.215031e-01 -8.339460e-02
6.215031e-01 7.403141e-02 0.000000e+00 7.306849e-04 1.120317e-02 2.324209e-02 0.000000e+00 9.737270e-03 6.556700e-02 2.126421e-01 1.479254e-02 0.000000e+00 2.311637e-02 1.312021e-04 1.442312e-02 6.837869e-04 9.388510e-03 1.910452e-01 3.047715e-03 6.948042e-03 2.821525e-03 0.000000e+00 0.000000e+00 1.160943e-03 6.402920e-03 1.417011e-03 6.254477e-03 6.199084e-02 5.771798e-02 0.000000e+00 6.215031e-01 -2.146243e-02
6.215031e-01 7.403141e-02 0.000000e+00 7.306849e-04 1.120317e-02 2.324209e-02 0.000000e+00 9.737270e-03 6.556700e-02 2.126421e-01 1.479254e-02 0.000000e+00 2.311637e-02 1.312021e-04 1.442312e-02 6.837869e-04 9.388510e-03 1.910452e-01 3.047715e-03 6.948042e-03 2.821525e-03 0.000000e+00 0.000000e+00 1.160943e-03 6.402920e-03 1.417011e-03 6.254477e-03 6.199084e-02 5.771798e-02 0.000000e+00 6.215031e-01 -2.146243e-02
6.215031e-01 7.403141e-02 0.000000e+00 7.306849e-04 1.120317e-02 2.324209e-02 0.000000e+00 9.737270e-03 6.556700e-02 2.126421e-01 1.479254e-02 0.000000e+00 2.311637e-02 1.312021e-04 1.442312e-02 6.837869e-04 9.388510e-03 1.910452e-01 3.047715e-03 6.948042e-03 2.821525e-03 0.000000e+00 0.000000e+00 1.160943e-03 6.402920e-03 1.417011e-03 6.254477e-03 6.199084e-02 5.771798e-02 0.000000e+00 6.215031e-01 -2.146243e-02
4.485111e-01 7.529442e-02 0.000000e+00 0.000000e+00 7.078276e-03 1.278946e-02 0.000000e+00 1.727347e-04 1.040570e-02 3.127175e-01 1.440489e-02 0.000000e+00 3.739666e-02 1.749362e-04 0.000000e+00 0.000000e+00 5.794814e-02 9.053498e-02 3.675575e-03 1.041506e-02 0.000000e+00 7.483159e-02 0.000000e+00 0.000000e+00 5.916680e-03 0.000000e+00 0.000000e+00 2.281314e-02 3.165768e-02 0.000000e+00 4.485111e-01 4.511427e-02
4.485111e-01 7.529442e-02 0.000000e+00 0.000000e+00 7.078276e-03 1.278946e-02 0.000000e+00 1.727347e-04 1.040570e-02 3.127175e-01 1.440489e-02 0.000000e+00 3.739666e-02 1.749362e-04 0.000000e+00 0.000000e+00 5.794814e-02 9.053498e-02 3.675575e-03 1.041506e-02 0.000000e+00 7.483159e-02 0.000000e+00 0.000000e+00 5.916680e-03 0.000000e+00 0.000000e+00 2.281314e-02 3.165768e-02 0.000000e+00 4.485111e-01 4.511427e-02
4.485111e-01 7.529442e-02 0.000000e+00 0.000000e+00 7.078276e-03 1.278946e-02 0.000000e+00 1.727347e-04 1.040570e-02 3.127175e-01 1.440489e-02 0.000000e+00 3.739666e-02 1.749362e-04 0.000000e+00 0.000000e+00 5.794814e-02 9.053498e-02 3.675575e-03 1.041506e-02 0.000000e+00 7.483159e-02 0.000000e+00 0.000000e+00 5.916680e-03 0.000000e+00 0.000000e+00 2.281314e-02 3.165768e-02 0.000000e+00 4.485111e-01 4.511427e-02
4.485111e-01 7.529442e-02 0.000000e+00 0.000000e+00 7.078276e-03 1.278946e-02 0.000000e+00 1.727347e-04 1.040570e-02 3.127175e-01 1.440489e-02 0.000000e+00 3.739666e-02 1.749362e-04 0.000000e+00 0.000000e+00 5.794814e-02 9.053498e-02 3.675575e-03 1.041506e-02 0.000000e+00 7.483159e-02 0.000000e+00 0.000000e+00 5.916680e-03 0.000000e+00 0.000000e+00 2.281314e-02 3.165768e-02 0.000000e+00 4.485111e-01 4.511427e-02
4.485111e-01 7.529442e-02 0.000000e+00 0.000000e+00 7.078276e-03 1.278946e-02 0.000000e+00 1.727347e-04 1.040570e-02 3.127175e-01 1.440489e-02 0.000000e+00 3.739666e-02 1.749362e-04 0.000000e+00 0.000000e+00 5.794814e-02 9.053498e-02 3.675575e-03 1.041506e-02 0.000000e+00 7.483159e-02 0.000000e+00 0.000000e+00 5.916680e-03 0.000000e+00 0.000000e+00 2.281314e-02 3.165768e-02 0.000000e+00 4.485111e-01 4.511427e-02
4.485111e-01 7.529442e-02 0.000000e+00 0.000000e+00 7.078276e-03 1.278946e-02 0.000000e+00 1.727347e-04 1.040570e-02 3.127175e-01 1.440489e-02 0.000000e+00 3.739666e-02 1.749362e-04 0.000000e+00 0.000000e+00 5.794814e-02 9.053498e-02 3.675575e-03 1.041506e-02 0.000000e+00 7.483159e-02 0.000000e+00 0.000000e+00 5.916680e-03 0.000000e+00 0.000000e+00 2.281314e-02 3.165768e-02 0.000000e+00 4.485111e-01 4.511427e-02
4.485111e-01 7.529442e-02 0.000000e+00 0.000000e+00 7.078276e-03 1.278946e-02 0.000000e+00 1.727347e-04 1.040570e-02 3.127175e-01 1.440489e-02 0.000000e+00 3.739666e-02 1.749362e-04 0.000000e+00 0.000000e+00 5.794814e-02 9.053498e-02 3.675575e-03 1.041506e-02 0.000000e+00 7.483159e-02 0.000000e+00 0.000000e+00 5.916680e-03 0.000000e+00 0.000000e+00 2.281314e-02 3.165768e-02 0.000000e+00 4.485111e-01 4.511427e-02
4.485111e-01 7.529442e-02 0.000000e+00 0.000000e+00 7.078276e-03 1.278946e-02 0.000000e+00 1.727347e-04 1.040570e-02 3.127175e-01 1.440489e-02 0.000000e+00 3.739666e-02 1.749362e-04 0.000000e+00 0.000000e+00 5.794814e-02 9.053498e-02 3.675575e-03 1.041506e-02 0.000000e+00 7.483159e-02 0.000000e+00 0.000000e+00 5.916680e-03 0.000000e+00 0.000000e+00 2.281314e-02 3.165768e-02 0.000000e+00 4.485111e-01 4.511427e-02
4.485111e-01 7.529442e-02 0.000000e+00 0.000000e+00 7.078276e-03 1.278946e-02 0.000000e+00 1.727347e-04 1.040570e-02 3.127175e-01 1.440489e-02 0.000000e+00 3.739666e-02 1.749362e-04 0.000000e+00 0.000000e+00 5.794814e-02 9.053498e-02 3.675575e-03 1.041506e-02 0.000000e+00 7.483159e-02 0.000000e+00 0.000000e+00 5.916680e-03 0.000000e+00 0.000000e+00 2.281314e-02 3.165768e-02 0.000000e+00 4.485111e-01 4.511427e-02
4.438429e-01 6.427832e-02 0.000000e+00 2.144695e-03 0.000000e+00 2.131576e-03 0.000000e+00 2.339116e-04 1.658072e-02 2.124265e-01 1.800612e-02 8.253174e-05 8.564741e-03 1.749362e-04 2.084802e-03 3.002019e-02 4.484255e-02 2.804745e-01 5.972809e-03 1.041506e-02 1.430583e-02 4.964820e-02 0.000000e+00 3.724941e-03 2.691023e-02 0.000000e+00 0.000000e+00 7.665139e-03 3.165768e-02 0.000000e+00 4.438429e-01 7.542457e-02
4.391746e-01 7.287100e-02 0.000000e+00 0.000000e+00 4.718850e-03 8.526304e-03 0.000000e+00 1.727347e-04 2.912819e-02 2.872753e-01 0.000000e+00 4.878337e-03 4.549333e-02 1.749362e-04 2.847535e-03 0.000000e+00 3.280739e-02 1.781994e-01 3.675575e-03 1.041506e-02 4.777499e-03 2.529700e-02 0.000000e+00 0.000000e+00 5.916680e-03 0.000000e+00 0.000000e+00 1.520876e-02 3.165768e-02 0.000000e+00 4.391746e-01 8.600004e-02
4.391746e-01 7.287100e-02 0.000000e+00 4.289390e-03 0.000000e+00 8.526304e-03 5.904314e-03 2.950885e-04 3.114054e-02 1.121355e-01 2.160734e-02 1.650635e-04 5.270081e-02 1.749362e-04 3.050930e-03 6.004038e-02 3.173697e-02 2.366423e-01 8.270043e-03 1.041506e-02 4.777499e-03 2.446480e-02 0.000000e+00 6.907610e-02 4.790378e-02 0.000000e+00 0.000000e+00 2.661533e-02 3.165768e-02 0.000000e+00 4.391746e-01 1.079383e-01
4.345063e-01 7.064953e-02 0.000000e+00 8.578780e-03 1.088389e-01 0.000000e+00 1.180863e-02 0.000000e+00 7.254672e-02 0.000000e+00 0.000000e+00 2.938258e-04 5.666545e-03 1.749362e-04 0.000000e+00 6.719229e-02 2.281154e-02 3.220169e-01 8.992781e-03 1.041506e-02 7.750101e-03 5.353335e-02 0.000000e+00 8.600385e-02 0.000000e+00 0.000000e+00 0.000000e+00 0.000000e+00 3.738074e-02 0.000000e+00 4.345063e-01 1.485272e-01
4.345063e-01 7.064953e-02 0.000000e+00 8.578780e-03 1.088389e-01 0.000000e+00 1.180863e-02 0.000000e+00 7.254672e-02 0.000000e+00 0.000000e+00 2.938258e-04 5.666545e-03 1.749362e-04 0.000000e+00 6.719229e-02 2.281154e-02 3.220169e-01 8.992781e-03 1.041506e-02 7.750101e-03 5.353335e-02 0.000000e+00 8.600385e-02 0.000000e+00 0.000000e+00 0.000000e+00 0.000000e+00 3.738074e-02 0.000000e+00 4.345063e-01 1.485272e-01
4.345063e-01 7.064953e-02 0.000000e+00 8.578780e-03 1.088389e-01 0.000000e+00 1.180863e-02 0.000000e+00 7.254672e-02 0.000000e+00 0.000000e+00 2.938258e-04 5.666545e-03 1.749362e-04 0.000000e+00 6.719229e-02 2.281154e-02 3.220169e-01 8.992781e-03 1.041506e-02 7.750101e-03 5.353335e-02 0.000000e+00 8.600385e-02 0.000000e+00 0.000000e+00 0.000000e+00 0.000000e+00 3.738074e-02 0.000000e+00 4.345063e-01 1.485272e-01
4.345063e-01 7.064953e-02 0.000000e+00 8.578780e-03 1.088389e-01 0.000000e+00 1.180863e-02 0.000000e+00 7.254672e-02 0.000000e+00 0.000000e+00 2.938258e-04 5.666545e-03 1.749362e-04 0.000000e+00 6.719229e-02 2.281154e-02 3.220169e-01 8.992781e-03 1.041506e-02 7.750101e-03 5.353335e-02 0.000000e+00 8.600385e-02 0.000000e+00 0.000000e+00 0.000000e+00 0.000000e+00 3.738074e-02 0.000000e+00 4.345063e-01 1.485272e-01
4.345063e-01 7.064953e-02 0.000000e+00 8.578780e-03 1.088389e-01 0.000000e+00 1.180863e-02 0.000000e+00 7.254672e-02 0.000000e+00 0.000000e+00 2.938258e-04 5.666545e-03 1.749362e-04 0.000000e+00 6.719229e-02 2.281154e-02 3.220169e-01 8.992781e-03 1.041506e-02 7.750101e-03 5.353335e-02 0.000000e+00 8.600385e-02 0.000000e+00 0.000000e+00 0.000000e+00 0.000000e+00 3.738074e-02 0.000000e+00 4.345063e-01 1.485272e-01
4.345063e-01 7.064953e-02 0.000000e+00 8.578780e-03 1.088389e-01 0.000000e+00 1.180863e-02 0.000000e+00 7.254672e-02 0.000000e+00 0.000000e+00 2.938258e-04 5.666545e-03 1.749362e-04 0.000000e+00 6.719229e-02 2.281154e-02 3.220169e-01 8.992781e-03 1.041506e-02 7.750101e-03 5.353335e-02 0.000000e+00 8.600385e-02 0.000000e+00 0.000000e+00 0.000000e+00 0.000000e+00 3.738074e-02 0.000000e+00 4.345063e-01 1.485272e-01
4.345063e-01 7.064953e-02 0.000000e+00 8.578780e-03 1.088389e-01 0.000000e+00 1.180863e-02 0.000000e+00 7.254672e-02 0.000000e+00 0.000000e+00 2.938258e-04 5.666545e-03 1.749362e-04 0.000000e+00 6.719229e-02 2.281154e-02 3.220169e-01 8.992781e-03 1.041506e-02 7.750101e-03 5.353335e-02 0.000000e+00 8.600385e-02 0.000000e+00 0.000000e+00 0.000000e+00 0.000000e+00 3.738074e-02 0.000000e+00 4.345063e-01 1.485272e-01
2.566557e-01 7.448661e-02 0.000000e+00 8.578780e-03 0.000000e+00 0.000000e+00 1.180863e-02 0.000000e+00 3.348829e-02 0.000000e+00 0.000000e+00 2.938258e-04 3.794329e-03 1.749362e-04 0.000000e+00 6.004038e-02 3.731051e-02 3.220169e-01 0.000000e+00 1.041506e-02 7.750101e-03 5.353335e-02 0.000000e+00 3.140307e-02 0.000000e+00 0.000000e+00 0.000000e+00 0.000000e+00 3.738074e-02 0.000000e+00 2.566557e-01 4.054388e-01
2.566557e-01 7.448661e-02 0.000000e+00 8.578780e-03 0.000000e+00 0.000000e+00 1.180863e-02 0.000000e+00 3.348829e-02 0.000000e+00 0.000000e+00 2.938258e-04 3.794329e-03 1.749362e-04 0.000000e+00 6.004038e-02 3.731051e-02 3.220169e-01 0.000000e+00 1.041506e-02 7.750101e-03 5.353335e-02 0.000000e+00 3.140307e-02 0.000000e+00 0.000000e+00 0.000000e+00 0.000000e+00 3.738074e-02 0.000000e+00 2.566557e-01 4.054388e-01
2.566557e-01 7.448661e-02 0.000000e+00 8.578780e-03 0.000000e+00 0.000000e+00 1.180863e-02 0.000000e+00 3.348829e-02 0.000000e+00 0.000000e+00 2.938258e-04 3.794329e-03 1.749362e-04 0.000000e+00 6.004038e-02 3.731051e-02 3.220169e-01 0.000000e+00 1.041506e-02 7.750101e-03 5.353335e-02 0.000000e+00 3.140307e-02 0.000000e+00 0.000000e+00 0.000000e+00 0.000000e+00 3.738074e-02 0.000000e+00 2.566557e-01 4.054388e-01
2.566557e-01 7.448661e-02 0.000000e+00 8.578780e-03 0.000000e+00 0.000000e+00 1.180863e-02 0.000000e+00 3.348829e-02 0.000000e+00 0.000000e+00 2.938258e-04 3.794329e-03 1.749362e-04 0.000000e+00 6.004038e-02 3.731051e-02 3.220169e-01 0.000000e+00 1.041506e-02 7.750101e-03 5.353335e-02 0.000000e+00 3.140307e-02 0.000000e+00 0.000000e+00 0.000000e+00 0.000000e+00 3.738074e-02 0.000000e+00 2.566557e-01 4.054388e-01
2.566557e-01 7.448661e-02 0.000000e+00 8.578780e-03 0.000000e+00 0.000000e+00 1.180863e-02 0.000000e+00 3.348829e-02 0.000000e+00 0.000000e+00 2.938258e-04 3.794329e-03 1.749362e-04 0.000000e+00 6.004038e-02 3.731051e-02 3.220169e-01 0.000000e+00 1.041506e-02 7.750101e-03 5.353335e-02 0.000000e+00 3.140307e-02 0.000000e+00 0.000000e+00 0.000000e+00 0.000000e+00 3.738074e-02 0.000000e+00 2.566557e-01 4.054388e-01
2.566557e-01 7.448661e-02 0.000000e+00 8.578780e-03 0.000000e+00 0.000000e+00 1.180863e-02 0.000000e+00 3.348829e-02 0.000000e+00 0.000000e+00 2.938258e-04 3.794329e-03 1.749362e-04 0.000000e+00 6.004038e-02 3.731051e-02 3.220169e-01 0.000000e+00 1.041506e-02 7.750101e-03 5.353335e-02 0.000000e+00 3.140307e-02 0.000000e+00 0.000000e+00 0.000000e+00 0.000000e+00 3.738074e-02 0.000000e+00 2.566557e-01 4.054388e-01
2.566557e-01 7.448661e-02 0.000000e+00 8.578780e-03 0.000000e+00 0.000000e+00 1.180863e-02 0.000000e+00 3.348829e-02 0.000000e+00 0.000000e+00 2.938258e-04 3.794329e-03 1.749362e-04 0.000000e+00 6.004038e-02 3.731051e-02 3.220169e-01 0.000000e+00 1.041506e-02 7.750101e-03 5.353335e-02 0.000000e+00 3.140307e-02 0.000000e+00 0.000000e+00 0.000000e+00 0.000000e+00 3.738074e-02 0.000000e+00 2.566557e-01 4.054388e-01
2.566557e-01 7.448661e-02 0.000000e+00 8.578780e-03 0.000000e+00 0.000000e+00 1.180863e-02 0.000000e+00 3.348829e-02 0.000000e+00 0.000000e+00 2.938258e-04 3.794329e-03 1.749362e-04 0.000000e+00 6.004038e-02 3.731051e-02 3.220169e-01 0.000000e+00 1.041506e-02 7.750101e-03 5.353335e-02 0.000000e+00 3.140307e-02 0.000000e+00 0.000000e+00 0.000000e+00 0.000000e+00 3.738074e-02 0.000000e+00 2.566557e-01 4.054388e-01
2.566557e-01 7.448661e-02 0.000000e+00 8.578780e-03 0.000000e+00 0.000000e+00 1.180863e-02 0.000000e+00 3.348829e-02 0.000000e+00 0.000000e+00 2.938258e-04 3.794329e-03 1.749362e-04 0.000000e+00 6.004038e-02 3.731051e-02 3.220169e-01 0.000000e+00 1.041506e-02 7.750101e-03 5.353335e-02 0.000000e+00 3.140307e-02 0.000000e+00 0.000000e+00 0.000000e+00 0.000000e+00 3.738074e-02 0.000000e+00 2.566557e-01 4.054388e-01
2.566557e-01 7.448661e-02 0.000000e+00 8.578780e-03 0.000000e+00 0.000000e+00 1.180863e-02 0.000000e+00 3.348829e-02 0.000000e+00 0.000000e+00 2.938258e-04 3.794329e-03 1.749362e-04 0.000000e+00 6.004038e-02 3.731051e-02 3.220169e-01 0.000000e+00 1.041506e-02 7.750101e-03 5.353335e-02 0.000000e+00 3.140307e-02 0.000000e+00 0.000000e+00 0.000000e+00 0.000000e+00 3.738074e-02 0.000000e+00 2.566557e-01 4.054388e-01
2.512617e-01 5.994608e-02 2.987733e-03 8.578780e-03 0.000000e+00 0.000000e+00 1.180863e-02 0.000000e+00 3.670825e-02 2.025320e-02 0.000000e+00 0.000000e+00 4.918574e-03 1.749362e-04 0.000000e+00 0.000000e+00 4.590098e-02 3.426009e-01 0.000000e+00 7.499596e-03 1.033347e-02 6.719892e-02 0.000000e+00 2.819675e-02 4.543850e-02 0.000000e+00 1.104980e-02 0.000000e+00 3.165768e-02 1.039309e-03 2.512617e-01 4.218538e-01
2.461722e-01 7.287100e-02 0.000000e+00 0.000000e+00 3.448026e-02 0.000000e+00 8.856471e-03 0.000000e+00 3.348829e-02 1.290970e-01 0.000000e+00 9.606667e-03 8.431842e-04 8.746809e-05 5.257975e-04 0.000000e+00 3.708906e-02 2.530121e-01 1.911781e-02 1.229258e-02 1.356268e-02 1.298453e-01 0.000000e+00 1.155046e-02 0.000000e+00 6.405316e-03 3.928917e-03 3.500620e-02 3.171351e-02 0.000000e+00 2.461722e-01 4.600247e-01
2.378734e-01 8.781543e-02 2.987733e-03 1.072348e-02 4.006734e-03 0.000000e+00 1.771294e-02 1.439456e-05 3.670825e-02 2.025320e-02 7.503633e-03 0.000000e+00 0.000000e+00 2.624043e-04 0.000000e+00 6.004038e-02 4.590098e-02 3.610267e-01 0.000000e+00 1.041506e-02 3.875050e-03 6.719892e-02 0.000000e+00 6.580775e-03 4.543850e-02 0.000000e+00 0.000000e+00 8.751549e-03 3.165768e-02 0.000000e+00 2.378734e-01 4.895507e-01
2.361745e-01 7.287100e-02 0.000000e+00 1.930226e-02 0.000000e+00 1.129620e-02 2.361726e-02 2.015239e-04 1.088206e-02 1.290970e-01 0.000000e+00 1.481993e-02 5.550963e-03 1.749362e-04 0.000000e+00 0.000000e+00 9.928457e-02 3.509684e-01 3.254517e-02 1.277429e-02 1.485150e-02 5.198536e-02 0.000000e+00 1.155046e-02 1.085932e-03 1.543985e-02 3.928917e-03 7.800611e-02 4.736413e-02 0.000000e+00 2.361745e-01 5.416568e-01
2.190912e-01 7.287100e-02 0.000000e+00 8.578780e-03 0.000000e+00 1.162357e-02 1.180863e-02 0.000000e+00 3.348829e-02 1.290970e-01 0.000000e+00 1.877366e-02 1.686368e-03 0.000000e+00 1.785838e-03 3.157750e-03 3.832909e-02 3.164660e-01 1.215736e-02 1.041506e-02 0.000000e+00 5.198536e-02 0.000000e+00 2.550866e-02 2.171865e-03 3.087970e-02 0.000000e+00 3.500620e-02 2.548799e-02 0.000000e+00 2.190912e-01 6.117847e-01
2.190912e-01 7.287100e-02 0.000000e+00 1.286817e-02 6.094704e-02 1.162357e-02 2.952157e-03 0.000000e+00 3.348829e-02 1.290970e-01 0.000000e+00 1.877366e-02 1.686368e-03 8.746809e-05 1.045933e-03 3.157750e-03 3.832909e-02 3.164660e-01 1.215736e-02 1.229258e-02 1.937525e-02 5.198536e-02 0.000000e+00 2.550866e-02 0.000000e+00 1.896806e-02 0.000000e+00 3.500620e-02 2.548799e-02 0.000000e+00 2.190912e-01 6.272520e-01
2.082425e-01 6.608542e-02 0.000000e+00 0.000000e+00 6.094704e-02 0.000000e+00 1.771294e-02 1.151565e-04 3.892932e-02 1.290970e-01 1.218098e-02 2.332096e-02 1.686368e-03 8.746809e-05 5.309704e-03 0.000000e+00 2.935725e-02 3.261803e-01 2.066228e-02 1.229258e-02 1.937525e-02 7.414117e-03 0.000000e+00 1.155046e-02 0.000000e+00 4.305492e-02 0.000000e+00 3.500620e-02 2.240314e-02 0.000000e+00 2.082425e-01 7.055734e-01
2.003089e-01 7.965658e-02 0.000000e+00 2.144695e-03 3.959443e-02 1.743535e-02 2.952157e-03 0.000000e+00 3.348829e-02 0.000000e+00 0.000000e+00 1.422636e-02 6.323881e-04 0.000000e+00 4.080077e-02 0.000000e+00 3.674260e-02 2.432978e-01 1.823604e-02 1.531614e-02 1.487439e-02 5.198536e-02 0.000000e+00 1.819954e-02 0.000000e+00 6.792842e-03 0.000000e+00 3.500620e-02 1.954161e-02 0.000000e+00 2.003089e-01 7.192668e-01
1.850571e-01 7.804096e-02 0.000000e+00 8.578780e-03 0.000000e+00 1.007868e-03 0.000000e+00 0.000000e+00 0.000000e+00 5.735659e-02 0.000000e+00 9.533210e-03 1.264776e-03 2.186702e-04 4.029298e-03 0.000000e+00 9.286569e-02 2.720383e-01 1.693681e-02 1.579785e-02 1.939529e-02 4.276954e-02 0.000000e+00 1.317750e-02 2.215735e-04 6.405316e-03 0.000000e+00 0.000000e+00 4.483201e-02 0.000000e+00 1.850571e-01 8.224656e-01
9.001540e-02 7.571852e-02 0.000000e+00 0.000000e+00 6.094704e-02 4.910499e-04 2.066510e-02 5.757825e-05 1.088206e-02 1.290970e-01 0.000000e+00 1.877366e-02 2.529553e-03 8.746809e-05 7.518097e-03 0.000000e+00 2.935725e-02 2.340237e-01 2.944895e-02 1.229258e-02 1.937525e-02 1.614686e-03 0.000000e+00 5.443735e-03 0.000000e+00 3.390491e-02 2.619278e-03 3.500620e-02 3.506293e-02 0.000000e+00 9.001540e-02 8.758707e-01
9.001540e-02 7.571852e-02 0.000000e+00 0.000000e+00 6.094704e-02 4.910499e-04 2.066510e-02 5.757825e-05 1.088206e-02 1.290970e-01 0.000000e+00 1.877366e-02 2.529553e-03 8.746809e-05 7.518097e-03 0.000000e+00 2.935725e-02 2.340237e-01 2.944895e-02 1.229258e-02 1.937525e-02 1.614686e-03 0.000000e+00 5.443735e-03 0.000000e+00 3.390491e-02 2.619278e-03 3.500620e-02 3.506293e-02 0.000000e+00 9.001540e-02 8.758707e-01
9.001540e-02 7.571852e-02 0.000000e+00 0.000000e+00 6.094704e-02 4.910499e-04 2.066510e-02 5.757825e-05 1.088206e-02 1.290970e-01 0.000000e+00 1.877366e-02 2.529553e-03 8.746809e-05 7.518097e-03 0.000000e+00 2.935725e-02 2.340237e-01 2.944895e-02 1.229258e-02 1.937525e-02 1.614686e-03 0.000000e+00 5.443735e-03 0.000000e+00 3.390491e-02 2.619278e-03 3.500620e-02 3.506293e-02 0.000000e+00 9.001540e-02 8.758707e-01
9.001540e-02 7.571852e-02 0.000000e+00 0.000000e+00 6.094704e-02 4.910499e-04 2.066510e-02 5.757825e-05 1.088206e-02 1.290970e-01 0.000000e+00 1.877366e-02 2.529553e-03 8.746809e-05 7.518097e-03 0.000000e+00 2.935725e-02 2.340237e-01 2.944895e-02 1.229258e-02 1.937525e-02 1.614686e-03 0.000000e+00 5.443735e-03 0.000000e+00 3.390491e-02 2.619278e-03 3.500620e-02 3.506293e-02 0.000000e+00 9.001540e-02 8.758707e-01
9.001540e-02 7.571852e-02 0.000000e+00 0.000000e+00 6.094704e-02 4.910499e-04 2.066510e-02 5.757825e-05 1.088206e-02 1.290970e-01 0.000000e+00 1.877366e-02 2.529553e-03 8.746809e-05 7.518097e-03 0.000000e+00 2.935725e-02 2.340237e-01 2.944895e-02 1.229258e-02 1.937525e-02 1.614686e-03 0.000000e+00 5.443735e-03 0.000000e+00 3.390491e-02 2.619278e-03 3.500620e-02 3.506293e-02 0.000000e+00 9.001540e-02 8.758707e-01
9.001540e-02 7.571852e-02 0.000000e+00 0.000000e+00 6.094704e-02 4.910499e-04 2.066510e-02 5.757825e-05 1.088206e-02 1.290970e-01 0.000000e+00 1.877366e-02 2.529553e-03 8.746809e-05 7.518097e-03 0.000000e+00 2.935725e-02 2.340237e-01 2.944895e-02 1.229258e-02 1.937525e-02 1.614686e-03 0.000000e+00 5.443735e-03 0.000000e+00 3.390491e-02 2.619278e-03 3.500620e-02 3.506293e-02 0.000000e+00 9.001540e-02 8.758707e-01
6.256921e-02 7.804096e-02 0.000000e+00 1.286817e-02 4.871533e-02 5.576361e-03 0.000000e+00 0.000000e+00 0.000000e+00 6.179240e-02 0.000000e+00 9.533210e-03 1.264776e-03 0.000000e+00 4.029298e-03 3.157750e-03 4.412796e-02 2.948751e-01 2.107974e-03 1.229258e-02 1.285959e-03 1.137967e-01 0.000000e+00 2.484861e-02 0.000000e+00 1.268669e-02 2.619278e-03 0.000000e+00 4.483201e-02 0.000000e+00 6.256921e-02 9.051134e-01
6.256921e-02 7.804096e-02 0.000000e+00 1.286817e-02 4.871533e-02 5.576361e-03 0.000000e+00 0.000000e+00 0.000000e+00 6.179240e-02 0.000000e+00 9.533210e-03 1.264776e-03 0.000000e+00 4.029298e-03 3.157750e-03 4.412796e-02 2.948751e-01 2.107974e-03 1.229258e-02 1.285959e-03 1.137967e-01 0.000000e+00 2.484861e-02 0.000000e+00 1.268669e-02 2.619278e-03 0.000000e+00 4.483201e-02 0.000000e+00 6.256921e-02 9.051134e-01
4.087194e-02 6.446980e-02 0.000000e+00 8.578780e-03 9.142056e-02 9.607833e-03 1.180863e-02 2.303130e-04 1.088206e-02 3.235202e-01 2.436197e-02 1.862781e-02 0.000000e+00 0.000000e+00 0.000000e+00 0.000000e+00 2.935725e-02 3.143037e-01 1.911781e-02 6.245466e-03 1.028768e-02 2.465424e-02 0.000000e+00 1.155046e-02 2.371503e-03 3.703713e-02 0.000000e+00 0.000000e+00 3.866232e-02 4.263833e-04 4.087194e-02 1.056000e+00
2.438516e-02 7.198241e-02 0.000000e+00 0.000000e+00 5.894367e-02 0.000000e+00 2.656941e-02 0.000000e+00 0.000000e+00 2.637062e-01 0.000000e+00 2.808756e-02 1.686368e-03 8.746809e-05 5.309704e-03 0.000000e+00 2.549134e-02 2.198974e-01 2.867671e-02 1.229258e-02 1.937525e-02 6.222596e-03 0.000000e+00 1.046577e-02 6.427854e-04 1.896806e-02 0.000000e+00 3.500620e-02 4.802852e-02 0.000000e+00 2.438516e-02 1.080417e+00
1.309961e-02 4.702116e-02 0.000000e+00 8.578780e-03 0.000000e+00 1.129620e-02 1.918902e-02 1.439456e-04 8.161542e-03 1.290970e-01 2.589067e-02 1.877366e-02 0.000000e+00 0.000000e+00 0.000000e+00 0.000000e+00 3.921483e-02 2.260199e-01 1.977178e-02 7.623436e-03 1.543151e-02 4.171130e-02 0.000000e+00 1.371985e-02 0.000000e+00 4.472149e-02 5.893375e-03 0.000000e+00 7.411405e-02 9.593623e-04 1.309961e-02 1.102600e+00
0.000000e+00 6.039037e-02 0.000000e+00 1.286817e-02 5.894367e-02 3.273666e-04 2.361726e-02 0.000000e+00 0.000000e+00 3.079614e-01 1.218098e-02 2.808756e-02 0.000000e+00 0.000000e+00 8.929192e-04 3.157750e-03 3.902202e-02 3.641571e-01 0.000000e+00 1.145745e-02 1.131654e-02 1.081555e-01 0.000000e+00 2.376392e-02 7.645398e-04 1.318122e-02 2.619278e-03 3.500620e-02 4.833433e-02 0.000000e+00 0.000000e+00 1.361926e+00
