8.576679e-01 0.000000e+00 0.000000e+00 0.000000e+00 4.129650e-02 0.000000e+00 4.701625e-02 1.596317e-03 1.318205e-02 5.032214e-03 3.202677e-04 2.042255e-02 2.159273e-02 0.000000e+00 0.000000e+00 0.000000e+00 0.000000e+00 7.301779e-02 0.000000e+00 3.781296e-02 7.778240e-03 8.616926e-02 1.707272e-02 0.000000e+00 5.245638e-02 0.000000e+00 3.394489e-01 3.410697e-01 2.404230e-02 1.084009e-01 8.576679e-01 -5.383294e-01
8.576679e-01 0.000000e+00 0.000000e+00 0.000000e+00 4.129650e-02 0.000000e+00 4.701625e-02 1.596317e-03 1.318205e-02 5.032214e-03 3.202677e-04 2.042255e-02 2.159273e-02 0.000000e+00 0.000000e+00 0.000000e+00 0.000000e+00 7.301779e-02 0.000000e+00 3.781296e-02 7.778240e-03 8.616926e-02 1.707272e-02 0.000000e+00 5.245638e-02 0.000000e+00 3.394489e-01 3.410697e-01 2.404230e-02 1.084009e-01 8.576679e-01 -5.383294e-01
8.576679e-01 0.000000e+00 0.000000e+00 0.000000e+00 4.129650e-02 0.000000e+00 4.701625e-02 1.596317e-03 1.318205e-02 5.032214e-03 3.202677e-04 2.042255e-02 2.159273e-02 0.000000e+00 0.000000e+00 0.000000e+00 0.000000e+00 7.301779e-02 0.000000e+00 3.781296e-02 7.778240e-03 8.616926e-02 1.707272e-02 0.000000e+00 5.245638e-02 0.000000e+00 3.394489e-01 3.410697e-01 2.404230e-02 1.084009e-01 8.576679e-01 -5.383294e-01
8.496486e-01 0.000000e+00 0.000000e+00 0.000000e+00 4.357997e-02 0.000000e+00 9.811968e-02 1.637929e-02 0.000000e+00 7.664873e-02 3.202677e-04 1.675696e-02 1.007661e-02 4.296817e-03 0.000000e+00 0.000000e+00 3.288224e-04 7.301779e-02 5.094962e-02 3.781296e-02 5.185493e-03 1.500561e-02 1.933964e-02 0.000000e+00 5.336405e-02 3.561741e-03 3.432349e-01 2.103787e-01 2.404230e-02 1.093961e-01 8.496486e-01 -5.548084e-01
8.496486e-01 0.000000e+00 0.000000e+00 0.000000e+00 4.357997e-02 0.000000e+00 9.811968e-02 1.637929e-02 0.000000e+00 7.664873e-02 3.202677e-04 1.675696e-02 1.007661e-02 4.296817e-03 0.000000e+00 0.000000e+00 3.288224e-04 7.301779e-02 5.094962e-02 3.781296e-02 5.185493e-03 1.500561e-02 1.933964e-02 0.000000e+00 5.336405e-02 3.561741e-03 3.432349e-01 2.103787e-01 2.404230e-02 1.093961e-01 8.496486e-01 -5.548084e-01
8.496486e-01 0.000000e+00 0.000000e+00 0.000000e+00 4.357997e-02 0.000000e+00 9.811968e-02 1.637929e-02 0.000000e+00 7.664873e-02 3.202677e-04 1.675696e-02 1.007661e-02 4.296817e-03 0.000000e+00 0.000000e+00 3.288224e-04 7.301779e-02 5.094962e-02 3.781296e-02 5.185493e-03 1.500561e-02 1.933964e-02 0.000000e+00 5.336405e-02 3.561741e-03 3.432349e-01 2.103787e-01 2.404230e-02 1.093961e-01 8.496486e-01 -5.548084e-01
8.406861e-01 2.350788e-02 0.000000e+00 3.455846e-02 4.129650e-02 0.000000e+00 1.441027e-01 7.236963e-03 8.788036e-03 7.287457e-02 3.165146e-04 1.675696e-02 2.159273e-02 1.253238e-03 8.062179e-03 0.000000e+00 5.754392e-04 7.301779e-02 0.000000e+00 3.781296e-02 3.240933e-03 1.500561e-02 5.738753e-02 0.000000e+00 5.404481e-02 0.000000e+00 3.394489e-01 1.641470e-01 0.000000e+00 1.093339e-01 8.406861e-01 -5.001773e-01
8.406861e-01 2.350788e-02 0.000000e+00 3.455846e-02 4.129650e-02 0.000000e+00 1.441027e-01 7.236963e-03 8.788036e-03 7.287457e-02 3.165146e-04 1.675696e-02 2.159273e-02 1.253238e-03 8.062179e-03 0.000000e+00 5.754392e-04 7.301779e-02 0.000000e+00 3.781296e-02 3.240933e-03 1.500561e-02 5.738753e-02 0.000000e+00 5.404481e-02 0.000000e+00 3.394489e-01 1.641470e-01 0.000000e+00 1.093339e-01 8.406861e-01 -5.001773e-01
8.406861e-01 2.350788e-02 0.000000e+00 3.455846e-02 4.129650e-02 0.000000e+00 1.441027e-01 7.236963e-03 8.788036e-03 7.287457e-02 3.165146e-04 1.675696e-02 2.159273e-02 1.253238e-03 8.062179e-03 0.000000e+00 5.754392e-04 7.301779e-02 0.000000e+00 3.781296e-02 3.240933e-03 1.500561e-02 5.738753e-02 0.000000e+00 5.404481e-02 0.000000e+00 3.394489e-01 1.641470e-01 0.000000e+00 1.093339e-01 8.406861e-01 -5.001773e-01
8.376018e-01 1.175394e-02 0.000000e+00 9.634691e-02 3.901304e-02 0.000000e+00 1.419444e-01 0.000000e+00 7.689532e-03 7.061146e-02 0.000000e+00 1.858976e-02 1.583467e-02 1.074204e-03 4.031090e-03 0.000000e+00 5.548878e-04 7.301779e-02 0.000000e+00 3.781296e-02 1.620467e-03 1.500561e-02 2.869377e-02 0.000000e+00 5.381789e-02 0.000000e+00 2.998750e-01 1.611168e-01 1.202115e-02 1.094894e-01 8.376018e-01 -4.746314e-01
8.376018e-01 1.175394e-02 0.000000e+00 9.634691e-02 3.901304e-02 0.000000e+00 1.419444e-01 0.000000e+00 7.689532e-03 7.061146e-02 0.000000e+00 1.858976e-02 1.583467e-02 1.074204e-03 4.031090e-03 0.000000e+00 5.548878e-04 7.301779e-02 0.000000e+00 3.781296e-02 1.620467e-03 1.500561e-02 2.869377e-02 0.000000e+00 5.381789e-02 0.000000e+00 2.998750e-01 1.611168e-01 1.202115e-02 1.094894e-01 8.376018e-01 -4.746314e-01
8.345176e-01 4.502528e-03 0.000000e+00 1.387982e-01 3.901304e-02 0.000000e+00 1.655697e-01 0.000000e+00 3.778968e-03 6.834835e-02 3.202677e-04 2.354578e-02 1.583467e-02 1.521789e-03 4.031090e-03 0.000000e+00 5.343364e-04 7.301779e-02 0.000000e+00 3.781296e-02 0.000000e+00 1.500561e-02 0.000000e+00 0.000000e+00 3.145546e-02 0.000000e+00 2.603011e-01 6.915469e-02 3.217248e-02 1.105469e-01 8.345176e-01 -4.552630e-01
8.345176e-01 4.502528e-03 0.000000e+00 1.387982e-01 3.901304e-02 0.000000e+00 1.655697e-01 0.000000e+00 3.778968e-03 6.834835e-02 3.202677e-04 2.354578e-02 1.583467e-02 1.521789e-03 4.031090e-03 0.000000e+00 5.343364e-04 7.301779e-02 0.000000e+00 3.781296e-02 0.000000e+00 1.500561e-02 0.000000e+00 0.000000e+00 3.145546e-02 0.000000e+00 2.603011e-01 6.915469e-02 3.217248e-02 1.105469e-01 8.345176e-01 -4.552630e-01
8.345176e-01 4.502528e-03 0.000000e+00 1.387982e-01 3.901304e-02 0.000000e+00 1.655697e-01 0.000000e+00 3.778968e-03 6.834835e-02 3.202677e-04 2.354578e-02 1.583467e-02 1.521789e-03 4.031090e-03 0.000000e+00 5.343364e-04 7.301779e-02 0.000000e+00 3.781296e-02 0.000000e+00 1.500561e-02 0.000000e+00 0.000000e+00 3.145546e-02 0.000000e+00 2.603011e-01 6.915469e-02 3.217248e-02 1.105469e-01 8.345176e-01 -4.552630e-01
8.345176e-01 4.502528e-03 0.000000e+00 1.387982e-01 3.901304e-02 0.000000e+00 1.655697e-01 0.000000e+00 3.778968e-03 6.834835e-02 3.202677e-04 2.354578e-02 1.583467e-02 1.521789e-03 4.031090e-03 0.000000e+00 5.343364e-04 7.301779e-02 0.000000e+00 3.781296e-02 0.000000e+00 1.500561e-02 0.000000e+00 0.000000e+00 3.145546e-02 0.000000e+00 2.603011e-01 6.915469e-02 3.217248e-02 1.105469e-01 8.345176e-01 -4.552630e-01
8.345176e-01 4.502528e-03 0.000000e+00 1.387982e-01 3.901304e-02 0.000000e+00 1.655697e-01 0.000000e+00 3.778968e-03 6.834835e-02 3.202677e-04 2.354578e-02 1.583467e-02 1.521789e-03 4.031090e-03 0.000000e+00 5.343364e-04 7.301779e-02 0.000000e+00 3.781296e-02 0.000000e+00 1.500561e-02 0.000000e+00 0.000000e+00 3.145546e-02 0.000000e+00 2.603011e-01 6.915469e-02 3.217248e-02 1.105469e-01 8.345176e-01 -4.552630e-01
8.325039e-01 1.648262e-02 0.000000e+00 1.175726e-01 5.742606e-02 0.000000e+00 1.307655e-01 1.596317e-03 2.987989e-03 6.834835e-02 2.142951e-02 2.106777e-02 0.000000e+00 2.170788e-03 2.015545e-03 0.000000e+00 0.000000e+00 1.233932e-01 0.000000e+00 3.781296e-02 0.000000e+00 1.500561e-02 8.536358e-03 0.000000e+00 3.604385e-02 0.000000e+00 2.621941e-01 9.716660e-02 7.393380e-02 1.100337e-01 8.325039e-01 -4.052276e-01
8.304901e-01 0.000000e+00 0.000000e+00 9.634691e-02 3.958391e-02 0.000000e+00 1.307655e-01 1.596317e-03 2.987989e-03 6.834835e-02 3.221443e-04 2.106777e-02 1.007661e-02 2.819786e-03 2.015545e-03 0.000000e+00 4.726822e-04 1.233932e-01 0.000000e+00 3.781296e-02 0.000000e+00 1.500561e-02 8.536358e-03 0.000000e+00 4.063224e-02 0.000000e+00 2.621941e-01 1.251785e-01 3.411797e-02 1.100337e-01 8.304901e-01 -3.871229e-01
8.304901e-01 0.000000e+00 0.000000e+00 9.634691e-02 3.958391e-02 0.000000e+00 1.307655e-01 1.596317e-03 2.987989e-03 6.834835e-02 3.221443e-04 2.106777e-02 1.007661e-02 2.819786e-03 2.015545e-03 0.000000e+00 4.726822e-04 1.233932e-01 0.000000e+00 3.781296e-02 4.216851e-02 1.500561e-02 8.536358e-03 0.000000e+00 4.063224e-02 0.000000e+00 2.621941e-01 1.251785e-01 7.393380e-02 1.100337e-01 8.304901e-01 -3.716048e-01
8.304901e-01 0.000000e+00 0.000000e+00 9.634691e-02 3.958391e-02 0.000000e+00 1.307655e-01 1.596317e-03 2.987989e-03 6.834835e-02 3.221443e-04 2.106777e-02 1.007661e-02 2.819786e-03 2.015545e-03 0.000000e+00 4.726822e-04 1.233932e-01 0.000000e+00 3.781296e-02 4.216851e-02 1.500561e-02 8.536358e-03 0.000000e+00 4.063224e-02 0.000000e+00 2.621941e-01 1.251785e-01 7.393380e-02 1.100337e-01 8.304901e-01 -3.716048e-01
8.304901e-01 0.000000e+00 0.000000e+00 9.634691e-02 3.958391e-02 0.000000e+00 1.307655e-01 1.596317e-03 2.987989e-03 6.834835e-02 3.221443e-04 2.106777e-02 1.007661e-02 2.819786e-03 2.015545e-03 0.000000e+00 4.726822e-04 1.233932e-01 0.000000e+00 3.781296e-02 4.216851e-02 1.500561e-02 8.536358e-03 0.000000e+00 4.063224e-02 0.000000e+00 2.621941e-01 1.251785e-01 7.393380e-02 1.100337e-01 8.304901e-01 -3.716048e-01
8.304901e-01 0.000000e+00 0.000000e+00 9.634691e-02 3.958391e-02 0.000000e+00 1.307655e-01 1.596317e-03 2.987989e-03 6.834835e-02 3.221443e-04 2.106777e-02 1.007661e-02 2.819786e-03 2.015545e-03 0.000000e+00 4.726822e-04 1.233932e-01 0.000000e+00 3.781296e-02 4.216851e-02 1.500561e-02 8.536358e-03 0.000000e+00 4.063224e-02 0.000000e+00 2.621941e-01 1.251785e-01 7.393380e-02 1.100337e-01 8.304901e-01 -3.716048e-01
8.240505e-01 0.000000e+00 4.062735e-02 5.961771e-02 0.000000e+00 6.131542e-03 6.538276e-02 2.971802e-04 2.987989e-03 1.799918e-02 3.221443e-04 2.106777e-02 5.038304e-03 2.819786e-03 2.015545e-03 0.000000e+00 4.726822e-04 1.233932e-01 0.000000e+00 1.890648e-02 0.000000e+00 1.500561e-02 1.082598e-03 8.752669e-03 1.127723e-02 7.718996e-03 1.523115e-01 1.774777e-01 1.980309e-02 1.074056e-01 8.240505e-01 -3.184469e-01
8.240505e-01 0.000000e+00 4.062735e-02 5.961771e-02 0.000000e+00 6.131542e-03 6.538276e-02 2.971802e-04 2.987989e-03 1.799918e-02 3.221443e-04 2.106777e-02 5.038304e-03 2.819786e-03 2.015545e-03 0.000000e+00 4.726822e-04 1.233932e-01 0.000000e+00 1.890648e-02 0.000000e+00 1.500561e-02 1.082598e-03 8.752669e-03 1.127723e-02 7.718996e-03 1.523115e-01 1.774777e-01 1.980309e-02 1.074056e-01 8.240505e-01 -3.184469e-01
8.240505e-01 0.000000e+00 4.062735e-02 5.961771e-02 0.000000e+00 6.131542e-03 6.538276e-02 2.971802e-04 2.987989e-03 1.799918e-02 3.221443e-04 2.106777e-02 5.038304e-03 2.819786e-03 2.015545e-03 0.000000e+00 4.726822e-04 1.233932e-01 0.000000e+00 1.890648e-02 0.000000e+00 1.500561e-02 1.082598e-03 8.752669e-03 1.127723e-02 7.718996e-03 1.523115e-01 1.774777e-01 1.980309e-02 1.074056e-01 8.240505e-01 -3.184469e-01
8.240505e-01 0.000000e+00 4.062735e-02 5.961771e-02 0.000000e+00 6.131542e-03 6.538276e-02 2.971802e-04 2.987989e-03 1.799918e-02 3.221443e-04 2.106777e-02 5.038304e-03 2.819786e-03 2.015545e-03 0.000000e+00 4.726822e-04 1.233932e-01 0.000000e+00 1.890648e-02 0.000000e+00 1.500561e-02 1.082598e-03 8.752669e-03 1.127723e-02 7.718996e-03 1.523115e-01 1.774777e-01 1.980309e-02 1.074056e-01 8.240505e-01 -3.184469e-01
8.240505e-01 0.000000e+00 4.062735e-02 5.961771e-02 0.000000e+00 6.131542e-03 6.538276e-02 2.971802e-04 2.987989e-03 1.799918e-02 3.221443e-04 2.106777e-02 5.038304e-03 2.819786e-03 2.015545e-03 0.000000e+00 4.726822e-04 1.233932e-01 0.000000e+00 1.890648e-02 0.000000e+00 1.500561e-02 1.082598e-03 8.752669e-03 1.127723e-02 7.718996e-03 1.523115e-01 1.774777e-01 1.980309e-02 1.074056e-01 8.240505e-01 -3.184469e-01
8.240505e-01 0.000000e+00 4.062735e-02 5.961771e-02 0.000000e+00 6.131542e-03 6.538276e-02 2.971802e-04 2.987989e-03 1.799918e-02 3.221443e-04 2.106777e-02 5.038304e-03 2.819786e-03 2.015545e-03 0.000000e+00 4.726822e-04 1.233932e-01 0.000000e+00 1.890648e-02 0.000000e+00 1.500561e-02 1.082598e-03 8.752669e-03 1.127723e-02 7.718996e-03 1.523115e-01 1.774777e-01 1.980309e-02 1.074056e-01 8.240505e-01 -3.184469e-01
6.389631e-01 0.000000e+00 4.692470e-02 3.359686e-02 0.000000e+00 1.226308e-02 0.000000e+00 6.744654e-03 0.000000e+00 3.338118e-02 0.000000e+00 0.000000e+00 0.000000e+00 1.432272e-03 3.724996e-02 0.000000e+00 0.000000e+00 0.000000e+00 0.000000e+00 0.000000e+00 0.000000e+00 2.736496e-02 0.000000e+00 0.000000e+00 1.127723e-02 3.303762e-02 1.283308e-01 4.107317e-01 5.765088e-02 5.093450e-03 6.389631e-01 -2.367473e-01
6.389631e-01 0.000000e+00 4.692470e-02 3.359686e-02 0.000000e+00 1.226308e-02 0.000000e+00 6.744654e-03 0.000000e+00 3.338118e-02 0.000000e+00 0.000000e+00 0.000000e+00 1.432272e-03 3.724996e-02 0.000000e+00 0.000000e+00 0.000000e+00 0.000000e+00 0.000000e+00 0.000000e+00 2.736496e-02 0.000000e+00 0.000000e+00 1.127723e-02 3.303762e-02 1.283308e-01 4.107317e-01 5.765088e-02 5.093450e-03 6.389631e-01 -2.367473e-01
6.389631e-01 0.000000e+00 4.692470e-02 3.359686e-02 0.000000e+00 1.226308e-02 0.000000e+00 6.744654e-03 0.000000e+00 3.338118e-02 0.000000e+00 0.000000e+00 0.000000e+00 1.432272e-03 3.724996e-02 0.000000e+00 0.000000e+00 0.000000e+00 0.000000e+00 0.000000e+00 0.000000e+00 2.736496e-02 0.000000e+00 0.000000e+00 1.127723e-02 3.303762e-02 1.283308e-01 4.107317e-01 5.765088e-02 5.093450e-03 6.389631e-01 -2.367473e-01
6.389631e-01 0.000000e+00 4.692470e-02 3.359686e-02 0.000000e+00 1.226308e-02 0.000000e+00 6.744654e-03 0.000000e+00 3.338118e-02 0.000000e+00 0.000000e+00 0.000000e+00 1.432272e-03 3.724996e-02 0.000000e+00 0.000000e+00 0.000000e+00 0.000000e+00 0.000000e+00 0.000000e+00 2.736496e-02 0.000000e+00 0.000000e+00 1.127723e-02 3.303762e-02 1.283308e-01 4.107317e-01 5.765088e-02 5.093450e-03 6.389631e-01 -2.367473e-01
6.389631e-01 0.000000e+00 4.692470e-02 3.359686e-02 0.000000e+00 1.226308e-02 0.000000e+00 6.744654e-03 0.000000e+00 3.338118e-02 0.000000e+00 0.000000e+00 0.000000e+00 1.432272e-03 3.724996e-02 0.000000e+00 0.000000e+00 0.000000e+00 0.000000e+00 0.000000e+00 0.000000e+00 2.736496e-02 0.000000e+00 0.000000e+00 1.127723e-02 3.303762e-02 1.283308e-01 4.107317e-01 5.765088e-02 5.093450e-03 6.389631e-01 -2.367473e-01
6.389631e-01 0.000000e+00 4.692470e-02 3.359686e-02 0.000000e+00 1.226308e-02 0.000000e+00 6.744654e-03 0.000000e+00 3.338118e-02 0.000000e+00 0.000000e+00 0.000000e+00 1.432272e-03 3.724996e-02 0.000000e+00 0.000000e+00 0.000000e+00 0.000000e+00 0.000000e+00 0.000000e+00 2.736496e-02 0.000000e+00 0.000000e+00 1.127723e-02 3.303762e-02 1.283308e-01 4.107317e-01 5.765088e-02 5.093450e-03 6.389631e-01 -2.367473e-01
6.389631e-01 0.000000e+00 4.692470e-02 3.359686e-02 0.000000e+00 1.226308e-02 0.000000e+00 6.744654e-03 0.000000e+00 3.338118e-02 0.000000e+00 0.000000e+00 0.000000e+00 1.432272e-03 3.724996e-02 0.000000e+00 0.000000e+00 0.000000e+00 0.000000e+00 0.000000e+00 0.000000e+00 2.736496e-02 0.000000e+00 0.000000e+00 1.127723e-02 3.303762e-02 1.283308e-01 4.107317e-01 5.765088e-02 5.093450e-03 6.389631e-01 -2.367473e-01
6.389631e-01 0.000000e+00 3.497322e-02 3.359686e-02 5.885222e-02 1.226308e-02 0.000000e+00 6.744654e-03 0.000000e+00 3.338118e-02 0.000000e+00 2.169428e-03 0.000000e+00 1.432272e-03 4.088343e-02 0.000000e+00 0.000000e+00 0.000000e+00 0.000000e+00 0.000000e+00 0.000000e+00 1.910268e-02 0.000000e+00 0.000000e+00 1.127723e-02 3.303762e-02 1.283308e-01 4.756929e-01 5.765088e-02 4.074760e-03 6.389631e-01 -2.149980e-01
6.389631e-01 0.000000e+00 3.497322e-02 3.359686e-02 5.885222e-02 1.226308e-02 0.000000e+00 6.744654e-03 0.000000e+00 3.338118e-02 0.000000e+00 2.169428e-03 0.000000e+00 1.432272e-03 4.088343e-02 0.000000e+00 0.000000e+00 0.000000e+00 0.000000e+00 0.000000e+00 0.000000e+00 1.910268e-02 0.000000e+00 0.000000e+00 1.127723e-02 3.303762e-02 1.283308e-01 4.756929e-01 5.765088e-02 4.074760e-03 6.389631e-01 -2.149980e-01
6.389631e-01 0.000000e+00 3.497322e-02 3.359686e-02 5.885222e-02 1.226308e-02 0.000000e+00 6.744654e-03 0.000000e+00 3.338118e-02 0.000000e+00 2.169428e-03 0.000000e+00 1.432272e-03 4.088343e-02 0.000000e+00 0.000000e+00 0.000000e+00 0.000000e+00 0.000000e+00 0.000000e+00 1.910268e-02 0.000000e+00 0.000000e+00 1.127723e-02 3.303762e-02 1.283308e-01 4.756929e-01 5.765088e-02 4.074760e-03 6.389631e-01 -2.149980e-01
6.389631e-01 0.000000e+00 3.497322e-02 3.359686e-02 5.885222e-02 1.226308e-02 0.000000e+00 6.744654e-03 0.000000e+00 3.338118e-02 0.000000e+00 2.169428e-03 0.000000e+00 1.432272e-03 4.088343e-02 0.000000e+00 0.000000e+00 0.000000e+00 0.000000e+00 0.000000e+00 0.000000e+00 1.910268e-02 0.000000e+00 0.000000e+00 1.127723e-02 3.303762e-02 1.283308e-01 4.756929e-01 5.765088e-02 4.074760e-03 6.389631e-01 -2.149980e-01
6.267131e-01 0.000000e+00 4.039844e-02 2.488300e-02 0.000000e+00 1.226308e-02 0.000000e+00 3.927525e-03 0.000000e+00 2.797892e-02 0.000000e+00 4.338857e-03 0.000000e+00 0.000000e+00 5.473734e-02 0.000000e+00 0.000000e+00 0.000000e+00 0.000000e+00 0.000000e+00 0.000000e+00 2.736496e-02 1.081561e-02 0.000000e+00 1.327013e-02 3.303762e-02 0.000000e+00 2.808093e-01 4.503495e-02 0.000000e+00 6.267131e-01 -1.465298e-01
6.389631e-01 0.000000e+00 3.497322e-02 3.359686e-02 5.885222e-02 1.226308e-02 0.000000e+00 6.744654e-03 0.000000e+00 3.338118e-02 0.000000e+00 2.169428e-03 0.000000e+00 1.432272e-03 4.088343e-02 0.000000e+00 0.000000e+00 0.000000e+00 0.000000e+00 0.000000e+00 0.000000e+00 1.910268e-02 0.000000e+00 0.000000e+00 1.127723e-02 3.303762e-02 1.283308e-01 4.756929e-01 5.765088e-02 4.074760e-03 6.389631e-01 -2.149980e-01
6.249632e-01 0.000000e+00 5.561306e-02 6.964676e-03 0.000000e+00 1.226308e-02 0.000000e+00 3.927525e-03 0.000000e+00 2.839131e-02 0.000000e+00 4.338857e-03 0.000000e+00 0.000000e+00 4.088343e-02 0.000000e+00 0.000000e+00 0.000000e+00 0.000000e+00 0.000000e+00 0.000000e+00 2.233025e-02 5.407804e-03 0.000000e+00 1.227368e-02 3.303762e-02 4.732564e-02 2.808093e-01 4.082964e-02 2.037380e-03 6.249632e-01 -1.169105e-01
6.249632e-01 0.000000e+00 5.561306e-02 6.964676e-03 0.000000e+00 1.226308e-02 0.000000e+00 3.927525e-03 0.000000e+00 2.839131e-02 0.000000e+00 4.338857e-03 0.000000e+00 0.000000e+00 4.088343e-02 0.000000e+00 0.000000e+00 0.000000e+00 0.000000e+00 0.000000e+00 0.000000e+00 2.233025e-02 5.407804e-03 0.000000e+00 1.227368e-02 3.303762e-02 4.732564e-02 2.808093e-01 4.082964e-02 2.037380e-03 6.249632e-01 -1.169105e-01
6.249632e-01 0.000000e+00 5.561306e-02 6.964676e-03 0.000000e+00 1.226308e-02 0.000000e+00 3.927525e-03 0.000000e+00 2.839131e-02 0.000000e+00 4.338857e-03 0.000000e+00 0.000000e+00 4.088343e-02 0.000000e+00 0.000000e+00 0.000000e+00 0.000000e+00 0.000000e+00 0.000000e+00 2.233025e-02 5.407804e-03 0.000000e+00 1.227368e-02 3.303762e-02 4.732564e-02 2.808093e-01 4.082964e-02 2.037380e-03 6.249632e-01 -1.169105e-01
6.223382e-01 0.000000e+00 4.692470e-02 1.144426e-02 0.000000e+00 1.226308e-02 0.000000e+00 6.744654e-03 0.000000e+00 3.338118e-02 0.000000e+00 4.338857e-03 0.000000e+00 0.000000e+00 4.815038e-02 0.000000e+00 0.000000e+00 0.000000e+00 0.000000e+00 0.000000e+00 0.000000e+00 7.709716e-04 4.076210e-02 0.000000e+00 0.000000e+00 3.303762e-02 0.000000e+00 4.107317e-01 3.662433e-02 2.037380e-03 6.223382e-01 -5.743780e-02
6.223382e-01 0.000000e+00 4.692470e-02 1.144426e-02 0.000000e+00 1.226308e-02 0.000000e+00 6.744654e-03 0.000000e+00 3.338118e-02 0.000000e+00 4.338857e-03 0.000000e+00 0.000000e+00 4.815038e-02 0.000000e+00 0.000000e+00 0.000000e+00 0.000000e+00 0.000000e+00 0.000000e+00 7.709716e-04 4.076210e-02 0.000000e+00 0.000000e+00 3.303762e-02 0.000000e+00 4.107317e-01 3.662433e-02 2.037380e-03 6.223382e-01 -5.743780e-02
6.223382e-01 0.000000e+00 4.692470e-02 1.144426e-02 0.000000e+00 1.226308e-02 0.000000e+00 6.744654e-03 0.000000e+00 3.338118e-02 0.000000e+00 4.338857e-03 0.000000e+00 0.000000e+00 4.815038e-02 0.000000e+00 0.000000e+00 0.000000e+00 0.000000e+00 0.000000e+00 0.000000e+00 7.709716e-04 4.076210e-02 0.000000e+00 0.000000e+00 3.303762e-02 0.000000e+00 4.107317e-01 3.662433e-02 2.037380e-03 6.223382e-01 -5.743780e-02
4.480920e-01 0.000000e+00 1.016327e-01 2.252056e-02 0.000000e+00 1.226308e-02 0.000000e+00 2.518960e-03 5.684667e-02 2.839131e-02 0.000000e+00 1.084714e-03 0.000000e+00 0.000000e+00 4.088343e-02 0.000000e+00 0.000000e+00 0.000000e+00 0.000000e+00 0.000000e+00 0.000000e+00 2.233025e-02 2.703902e-03 0.000000e+00 1.177546e-02 0.000000e+00 6.823051e-03 1.833675e-01 4.082964e-02 2.037380e-03 4.480920e-01 -3.871890e-03
4.480920e-01 0.000000e+00 1.016327e-01 2.252056e-02 0.000000e+00 1.226308e-02 0.000000e+00 2.518960e-03 5.684667e-02 2.839131e-02 0.000000e+00 1.084714e-03 0.000000e+00 0.000000e+00 4.088343e-02 0.000000e+00 0.000000e+00 0.000000e+00 0.000000e+00 0.000000e+00 0.000000e+00 2.233025e-02 2.703902e-03 0.000000e+00 1.177546e-02 0.000000e+00 6.823051e-03 1.833675e-01 4.082964e-02 2.037380e-03 4.480920e-01 -3.871890e-03
4.480920e-01 0.000000e+00 1.016327e-01 2.252056e-02 0.000000e+00 1.226308e-02 0.000000e+00 2.518960e-03 5.684667e-02 2.839131e-02 0.000000e+00 1.084714e-03 0.000000e+00 0.000000e+00 4.088343e-02 0.000000e+00 0.000000e+00 0.000000e+00 0.000000e+00 0.000000e+00 0.000000e+00 2.233025e-02 2.703902e-03 0.000000e+00 1.177546e-02 0.000000e+00 6.823051e-03 1.833675e-01 4.082964e-02 2.037380e-03 4.480920e-01 -3.871890e-03
4.480920e-01 0.000000e+00 1.016327e-01 2.252056e-02 0.000000e+00 1.226308e-02 0.000000e+00 2.518960e-03 5.684667e-02 2.839131e-02 0.000000e+00 1.084714e-03 0.000000e+00 0.000000e+00 4.088343e-02 0.000000e+00 0.000000e+00 0.000000e+00 0.000000e+00 0.000000e+00 0.000000e+00 2.233025e-02 2.703902e-03 0.000000e+00 1.177546e-02 0.000000e+00 6.823051e-03 1.833675e-01 4.082964e-02 2.037380e-03 4.480920e-01 -3.871890e-03
4.480920e-01 0.000000e+00 1.016327e-01 2.252056e-02 0.000000e+00 1.226308e-02 0.000000e+00 2.518960e-03 5.684667e-02 2.839131e-02 0.000000e+00 1.084714e-03 0.000000e+00 0.000000e+00 4.088343e-02 0.000000e+00 0.000000e+00 0.000000e+00 0.000000e+00 0.000000e+00 0.000000e+00 2.233025e-02 2.703902e-03 0.000000e+00 1.177546e-02 0.000000e+00 6.823051e-03 1.833675e-01 4.082964e-02 2.037380e-03 4.480920e-01 -3.871890e-03
4.480920e-01 0.000000e+00 1.016327e-01 2.252056e-02 0.000000e+00 1.226308e-02 0.000000e+00 2.518960e-03 5.684667e-02 2.839131e-02 0.000000e+00 1.084714e-03 0.000000e+00 0.000000e+00 4.088343e-02 0.000000e+00 0.000000e+00 0.000000e+00 0.000000e+00 0.000000e+00 0.000000e+00 2.233025e-02 2.703902e-03 0.000000e+00 1.177546e-02 0.000000e+00 6.823051e-03 1.833675e-01 4.082964e-02 2.037380e-03 4.480920e-01 -3.871890e-03
4.480920e-01 0.000000e+00 1.016327e-01 2.252056e-02 0.000000e+00 1.226308e-02 0.000000e+00 2.518960e-03 5.684667e-02 2.839131e-02 0.000000e+00 1.084714e-03 0.000000e+00 0.000000e+00 4.088343e-02 0.000000e+00 0.000000e+00 0.000000e+00 0.000000e+00 0.000000e+00 0.000000e+00 2.233025e-02 2.703902e-03 0.000000e+00 1.177546e-02 0.000000e+00 6.823051e-03 1.833675e-01 4.082964e-02 2.037380e-03 4.480920e-01 -3.871890e-03
4.480920e-01 0.000000e+00 1.016327e-01 3.695655e-02 0.000000e+00 1.226308e-02 0.000000e+00 2.518960e-03 5.684667e-02 2.839131e-02 0.000000e+00 0.000000e+00 0.000000e+00 0.000000e+00 4.103663e-02 0.000000e+00 0.000000e+00 0.000000e+00 0.000000e+00 0.000000e+00 0.000000e+00 2.162004e-02 1.197884e-03 0.000000e+00 5.638615e-03 0.000000e+00 5.856192e-03 1.833675e-01 3.886574e-02 2.037380e-03 4.480920e-01 -3.396273e-03
4.480920e-01 0.000000e+00 6.694322e-02 2.252056e-02 0.000000e+00 1.226308e-02 0.000000e+00 1.259480e-03 5.684667e-02 2.839131e-02 0.000000e+00 1.084714e-03 1.411593e-02 0.000000e+00 4.088343e-02 0.000000e+00 0.000000e+00 0.000000e+00 0.000000e+00 0.000000e+00 0.000000e+00 2.233025e-02 2.549835e-03 0.000000e+00 1.177546e-02 0.000000e+00 0.000000e+00 2.258231e-01 4.082964e-02 1.247388e-02 4.480920e-01 1.289330e-03
4.422250e-01 0.000000e+00 5.993904e-02 4.523311e-02 0.000000e+00 3.065771e-03 0.000000e+00 3.778440e-03 8.527001e-02 2.762676e-02 0.000000e+00 0.000000e+00 0.000000e+00 0.000000e+00 4.111324e-02 0.000000e+00 0.000000e+00 0.000000e+00 0.000000e+00 0.000000e+00 0.000000e+00 2.484761e-02 2.857968e-03 0.000000e+00 0.000000e+00 1.975402e-02 1.023458e-02 1.505373e-01 3.788379e-02 0.000000e+00 4.422250e-01 1.394259e-02
4.422250e-01 0.000000e+00 5.993904e-02 4.523311e-02 0.000000e+00 3.065771e-03 0.000000e+00 3.778440e-03 8.527001e-02 2.762676e-02 0.000000e+00 0.000000e+00 0.000000e+00 0.000000e+00 4.111324e-02 0.000000e+00 0.000000e+00 0.000000e+00 0.000000e+00 0.000000e+00 0.000000e+00 2.484761e-02 2.857968e-03 0.000000e+00 0.000000e+00 1.975402e-02 1.023458e-02 1.505373e-01 3.788379e-02 0.000000e+00 4.422250e-01 1.394259e-02
4.422250e-01 0.000000e+00 5.993904e-02 4.523311e-02 0.000000e+00 3.065771e-03 0.000000e+00 3.778440e-03 8.527001e-02 2.762676e-02 0.000000e+00 0.000000e+00 0.000000e+00 0.000000e+00 4.111324e-02 0.000000e+00 0.000000e+00 0.000000e+00 0.000000e+00 0.000000e+00 0.000000e+00 2.484761e-02 2.857968e-03 0.000000e+00 0.000000e+00 1.975402e-02 1.023458e-02 1.505373e-01 3.788379e-02 0.000000e+00 4.422250e-01 1.394259e-02
4.422250e-01 0.000000e+00 5.993904e-02 4.523311e-02 0.000000e+00 3.065771e-03 0.000000e+00 3.778440e-03 8.527001e-02 2.762676e-02 0.000000e+00 0.000000e+00 0.000000e+00 0.000000e+00 4.111324e-02 0.000000e+00 0.000000e+00 0.000000e+00 0.000000e+00 0.000000e+00 0.000000e+00 2.484761e-02 2.857968e-03 0.000000e+00 0.000000e+00 1.975402e-02 1.023458e-02 1.505373e-01 3.788379e-02 0.000000e+00 4.422250e-01 1.394259e-02
4.293580e-01 0.000000e+00 3.504206e-02 3.583665e-02 0.000000e+00 6.131542e-03 0.000000e+00 0.000000e+00 0.000000e+00 2.992040e-02 0.000000e+00 0.000000e+00 0.000000e+00 8.034915e-03 2.559600e-02 3.013102e-02 0.000000e+00 0.000000e+00 0.000000e+00 1.807300e-02 0.000000e+00 1.729554e-02 0.000000e+00 0.000000e+00 3.813457e-02 1.424044e-02 0.000000e+00 2.407774e-01 3.683246e-02 2.265211e-02 4.293580e-01 1.214003e-01
4.293580e-01 0.000000e+00 4.259431e-02 3.135707e-02 5.493928e-03 3.065771e-03 0.000000e+00 0.000000e+00 5.574547e-02 2.992040e-02 0.000000e+00 0.000000e+00 1.411593e-02 8.034915e-03 2.551940e-02 3.569550e-02 0.000000e+00 0.000000e+00 0.000000e+00 2.710949e-02 0.000000e+00 1.788985e-02 2.395769e-03 0.000000e+00 5.638615e-03 0.000000e+00 0.000000e+00 2.490278e-01 3.683246e-02 2.265211e-02 4.293580e-01 1.331930e-01
4.293580e-01 0.000000e+00 4.259431e-02 3.135707e-02 5.493928e-03 3.065771e-03 0.000000e+00 0.000000e+00 5.574547e-02 2.992040e-02 0.000000e+00 0.000000e+00 1.411593e-02 8.034915e-03 2.551940e-02 3.569550e-02 0.000000e+00 0.000000e+00 0.000000e+00 2.710949e-02 0.000000e+00 1.788985e-02 2.395769e-03 0.000000e+00 5.638615e-03 0.000000e+00 0.000000e+00 2.490278e-01 3.683246e-02 2.265211e-02 4.293580e-01 1.331930e-01
4.293580e-01 0.000000e+00 4.259431e-02 3.135707e-02 5.493928e-03 3.065771e-03 0.000000e+00 0.000000e+00 5.574547e-02 2.992040e-02 0.000000e+00 0.000000e+00 1.411593e-02 8.034915e-03 2.551940e-02 3.569550e-02 0.000000e+00 0.000000e+00 0.000000e+00 2.710949e-02 0.000000e+00 1.788985e-02 2.395769e-03 0.000000e+00 5.638615e-03 0.000000e+00 0.000000e+00 2.490278e-01 3.683246e-02 2.265211e-02 4.293580e-01 1.331930e-01
4.229245e-01 0.000000e+00 3.014582e-02 3.135707e-02 5.493928e-03 4.598657e-03 0.000000e+00 0.000000e+00 5.574547e-02 2.992040e-02 0.000000e+00 0.000000e+00 1.411593e-02 1.205237e-02 1.776078e-02 3.569550e-02 0.000000e+00 0.000000e+00 0.000000e+00 3.614599e-02 0.000000e+00 1.411381e-02 9.667846e-04 0.000000e+00 5.638615e-03 0.000000e+00 0.000000e+00 2.941479e-01 3.683246e-02 2.265211e-02 4.229245e-01 2.093130e-01
4.229245e-01 0.000000e+00 3.776121e-03 2.463770e-02 2.070519e-02 4.598657e-03 0.000000e+00 3.778440e-03 5.574547e-02 2.992040e-02 0.000000e+00 0.000000e+00 2.117390e-02 0.000000e+00 2.735301e-02 3.569550e-02 0.000000e+00 0.000000e+00 0.000000e+00 3.614599e-02 0.000000e+00 4.906549e-02 2.857968e-03 0.000000e+00 7.650595e-02 0.000000e+00 5.430663e-03 2.941479e-01 3.678043e-02 1.743386e-02 4.229245e-01 2.308398e-01
4.229245e-01 0.000000e+00 3.776121e-03 2.463770e-02 2.070519e-02 4.598657e-03 0.000000e+00 3.778440e-03 5.574547e-02 2.992040e-02 0.000000e+00 0.000000e+00 2.117390e-02 0.000000e+00 2.735301e-02 3.569550e-02 0.000000e+00 0.000000e+00 0.000000e+00 3.614599e-02 0.000000e+00 4.906549e-02 2.857968e-03 0.000000e+00 7.650595e-02 0.000000e+00 5.430663e-03 2.941479e-01 3.678043e-02 1.743386e-02 4.229245e-01 2.308398e-01
4.229245e-01 0.000000e+00 3.776121e-03 2.463770e-02 2.070519e-02 4.598657e-03 0.000000e+00 3.778440e-03 5.574547e-02 2.992040e-02 0.000000e+00 0.000000e+00 2.117390e-02 0.000000e+00 2.735301e-02 3.569550e-02 0.000000e+00 0.000000e+00 0.000000e+00 3.614599e-02 0.000000e+00 4.906549e-02 2.857968e-03 0.000000e+00 7.650595e-02 0.000000e+00 5.430663e-03 2.941479e-01 3.678043e-02 1.743386e-02 4.229245e-01 2.308398e-01
2.738538e-01 0.000000e+00 1.702088e-02 0.000000e+00 1.795823e-02 4.959539e-04 3.116191e-02 0.000000e+00 0.000000e+00 2.992040e-02 0.000000e+00 0.000000e+00 2.117390e-02 7.641679e-03 5.608335e-02 3.257880e-02 0.000000e+00 0.000000e+00 3.223312e-04 4.331928e-03 0.000000e+00 4.144472e-02 4.791537e-03 0.000000e+00 0.000000e+00 0.000000e+00 8.145994e-03 0.000000e+00 3.677175e-02 3.414446e-02 2.738538e-01 3.557300e-01
2.738538e-01 0.000000e+00 1.702088e-02 0.000000e+00 1.795823e-02 4.959539e-04 3.116191e-02 0.000000e+00 0.000000e+00 2.992040e-02 0.000000e+00 0.000000e+00 2.117390e-02 7.641679e-03 5.608335e-02 3.257880e-02 0.000000e+00 0.000000e+00 3.223312e-04 4.331928e-03 0.000000e+00 4.144472e-02 4.791537e-03 0.000000e+00 0.000000e+00 0.000000e+00 8.145994e-03 0.000000e+00 3.677175e-02 3.414446e-02 2.738538e-01 3.557300e-01
2.738538e-01 0.000000e+00 1.702088e-02 0.000000e+00 1.795823e-02 4.959539e-04 3.116191e-02 0.000000e+00 0.000000e+00 2.992040e-02 0.000000e+00 0.000000e+00 2.117390e-02 7.641679e-03 5.608335e-02 3.257880e-02 0.000000e+00 0.000000e+00 3.223312e-04 4.331928e-03 0.000000e+00 4.144472e-02 4.791537e-03 0.000000e+00 0.000000e+00 0.000000e+00 8.145994e-03 0.000000e+00 3.677175e-02 3.414446e-02 2.738538e-01 3.557300e-01
2.738538e-01 0.000000e+00 0.000000e+00 3.224456e-03 1.795823e-02 2.330189e-03 3.116191e-02 0.000000e+00 0.000000e+00 2.992040e-02 0.000000e+00 0.000000e+00 1.411593e-02 8.034915e-03 5.860304e-02 3.569550e-02 0.000000e+00 0.000000e+00 0.000000e+00 4.331928e-03 0.000000e+00 3.332909e-02 4.791537e-03 0.000000e+00 0.000000e+00 0.000000e+00 8.145994e-03 0.000000e+00 3.677175e-02 3.924765e-02 2.738538e-01 3.519251e-01
2.738538e-01 0.000000e+00 0.000000e+00 3.224456e-03 1.795823e-02 2.330189e-03 3.116191e-02 0.000000e+00 0.000000e+00 2.992040e-02 0.000000e+00 0.000000e+00 1.411593e-02 8.034915e-03 5.860304e-02 3.569550e-02 0.000000e+00 0.000000e+00 0.000000e+00 4.331928e-03 0.000000e+00 3.332909e-02 4.791537e-03 0.000000e+00 0.000000e+00 0.000000e+00 8.145994e-03 0.000000e+00 3.677175e-02 3.924765e-02 2.738538e-01 3.519251e-01
2.738538e-01 0.000000e+00 0.000000e+00 3.224456e-03 1.795823e-02 2.330189e-03 3.116191e-02 0.000000e+00 0.000000e+00 2.992040e-02 0.000000e+00 0.000000e+00 1.411593e-02 8.034915e-03 5.860304e-02 3.569550e-02 0.000000e+00 0.000000e+00 0.000000e+00 4.331928e-03 0.000000e+00 3.332909e-02 4.791537e-03 0.000000e+00 0.000000e+00 0.000000e+00 8.145994e-03 0.000000e+00 3.677175e-02 3.924765e-02 2.738538e-01 3.519251e-01
2.738538e-01 0.000000e+00 0.000000e+00 3.224456e-03 1.795823e-02 2.330189e-03 3.116191e-02 0.000000e+00 0.000000e+00 2.992040e-02 0.000000e+00 0.000000e+00 1.411593e-02 8.034915e-03 5.860304e-02 3.569550e-02 0.000000e+00 0.000000e+00 0.000000e+00 4.331928e-03 0.000000e+00 3.332909e-02 4.791537e-03 0.000000e+00 0.000000e+00 0.000000e+00 8.145994e-03 0.000000e+00 3.677175e-02 3.924765e-02 2.738538e-01 3.519251e-01
2.738538e-01 0.000000e+00 0.000000e+00 3.224456e-03 1.795823e-02 2.330189e-03 3.116191e-02 0.000000e+00 0.000000e+00 2.992040e-02 0.000000e+00 0.000000e+00 1.411593e-02 8.034915e-03 5.860304e-02 3.569550e-02 0.000000e+00 0.000000e+00 0.000000e+00 4.331928e-03 0.000000e+00 3.332909e-02 4.791537e-03 0.000000e+00 0.000000e+00 0.000000e+00 8.145994e-03 0.000000e+00 3.677175e-02 3.924765e-02 2.738538e-01 3.519251e-01
2.738538e-01 0.000000e+00 0.000000e+00 3.224456e-03 1.795823e-02 2.330189e-03 3.116191e-02 0.000000e+00 0.000000e+00 2.992040e-02 0.000000e+00 0.000000e+00 1.411593e-02 8.034915e-03 5.860304e-02 3.569550e-02 0.000000e+00 0.000000e+00 0.000000e+00 4.331928e-03 0.000000e+00 3.332909e-02 4.791537e-03 0.000000e+00 0.000000e+00 0.000000e+00 8.145994e-03 0.000000e+00 3.677175e-02 3.924765e-02 2.738538e-01 3.519251e-01
2.507101e-01 0.000000e+00 0.000000e+00 0.000000e+00 1.795823e-02 0.000000e+00 0.000000e+00 0.000000e+00 0.000000e+00 2.992040e-02 0.000000e+00 0.000000e+00 3.124408e-02 8.034915e-03 2.739131e-02 4.125997e-02 0.000000e+00 0.000000e+00 0.000000e+00 0.000000e+00 0.000000e+00 7.964683e-02 3.593653e-03 0.000000e+00 6.883168e-02 0.000000e+00 0.000000e+00 2.002303e-01 3.679777e-02 2.074349e-02 2.507101e-01 3.820169e-01
2.507101e-01 0.000000e+00 0.000000e+00 0.000000e+00 1.795823e-02 0.000000e+00 0.000000e+00 0.000000e+00 0.000000e+00 2.992040e-02 0.000000e+00 0.000000e+00 3.124408e-02 8.034915e-03 2.739131e-02 4.125997e-02 0.000000e+00 0.000000e+00 0.000000e+00 0.000000e+00 0.000000e+00 7.964683e-02 3.593653e-03 0.000000e+00 6.883168e-02 0.000000e+00 0.000000e+00 2.002303e-01 3.679777e-02 2.074349e-02 2.507101e-01 3.820169e-01
2.468529e-01 0.000000e+00 0.000000e+00 2.687749e-02 3.958451e-02 1.532886e-03 3.618425e-02 0.000000e+00 0.000000e+00 2.992040e-02 0.000000e+00 0.000000e+00 1.411593e-02 8.034915e-03 2.739131e-02 2.860346e-02 0.000000e+00 0.000000e+00 0.000000e+00 9.054400e-02 1.534199e-03 7.964683e-02 2.395769e-03 0.000000e+00 0.000000e+00 0.000000e+00 4.072997e-03 2.002303e-01 4.604358e-02 3.924765e-02 2.468529e-01 4.176558e-01
2.377647e-01 0.000000e+00 0.000000e+00 4.031623e-02 2.693734e-02 2.330189e-03 3.116191e-02 0.000000e+00 0.000000e+00 1.057854e-01 0.000000e+00 0.000000e+00 1.411593e-02 8.034915e-03 5.710332e-03 2.306976e-02 0.000000e+00 0.000000e+00 0.000000e+00 5.205303e-02 0.000000e+00 3.332909e-02 5.055552e-02 0.000000e+00 0.000000e+00 0.000000e+00 0.000000e+00 3.288694e-01 3.677175e-02 3.254717e-02 2.377647e-01 4.810304e-01
2.198519e-01 0.000000e+00 6.418758e-02 0.000000e+00 6.121078e-02 9.301870e-04 4.120660e-02 0.000000e+00 0.000000e+00 3.154045e-02 0.000000e+00 0.000000e+00 2.823187e-02 1.126590e-02 1.272140e-02 2.946211e-02 0.000000e+00 0.000000e+00 6.446624e-04 3.614599e-02 3.068397e-03 3.034507e-02 0.000000e+00 0.000000e+00 0.000000e+00 0.000000e+00 0.000000e+00 0.000000e+00 5.531541e-02 1.244572e-02 2.198519e-01 5.031328e-01
2.198519e-01 0.000000e+00 6.418758e-02 0.000000e+00 6.121078e-02 9.301870e-04 4.120660e-02 0.000000e+00 0.000000e+00 3.154045e-02 0.000000e+00 0.000000e+00 2.823187e-02 1.126590e-02 1.272140e-02 2.946211e-02 0.000000e+00 0.000000e+00 6.446624e-04 3.614599e-02 3.068397e-03 3.034507e-02 0.000000e+00 0.000000e+00 0.000000e+00 0.000000e+00 0.000000e+00 0.000000e+00 5.531541e-02 1.244572e-02 2.198519e-01 5.031328e-01
2.198519e-01 0.000000e+00 6.418758e-02 0.000000e+00 6.121078e-02 9.301870e-04 4.120660e-02 0.000000e+00 0.000000e+00 3.154045e-02 0.000000e+00 0.000000e+00 2.823187e-02 1.126590e-02 1.272140e-02 2.946211e-02 0.000000e+00 0.000000e+00 6.446624e-04 3.614599e-02 3.068397e-03 3.034507e-02 0.000000e+00 0.000000e+00 0.000000e+00 0.000000e+00 0.000000e+00 0.000000e+00 5.531541e-02 1.244572e-02 2.198519e-01 5.031328e-01
2.056774e-01 0.000000e+00 6.869496e-02 0.000000e+00 7.446125e-02 0.000000e+00 4.120660e-02 0.000000e+00 0.000000e+00 6.293601e-02 0.000000e+00 1.155073e-03 2.672576e-02 8.034915e-03 4.395228e-02 3.076061e-02 1.261785e-02 3.002543e-03 0.000000e+00 1.494999e-02 0.000000e+00 1.848415e-02 9.410480e-03 0.000000e+00 0.000000e+00 0.000000e+00 0.000000e+00 0.000000e+00 9.174754e-03 9.094290e-02 2.056774e-01 6.352908e-01
1.969803e-01 0.000000e+00 5.014655e-03 0.000000e+00 3.591646e-02 0.000000e+00 3.116191e-02 0.000000e+00 0.000000e+00 2.992040e-02 3.347855e-03 0.000000e+00 3.124408e-02 2.698651e-03 0.000000e+00 4.125997e-02 0.000000e+00 0.000000e+00 0.000000e+00 0.000000e+00 0.000000e+00 2.772623e-02 1.457580e-01 0.000000e+00 6.883168e-02 0.000000e+00 0.000000e+00 0.000000e+00 3.676308e-02 2.074349e-02 1.969803e-01 6.919845e-01
1.896706e-01 0.000000e+00 3.209379e-02 0.000000e+00 5.458555e-02 9.301870e-04 4.120660e-02 0.000000e+00 0.000000e+00 1.584267e-02 0.000000e+00 0.000000e+00 2.898492e-02 1.288139e-02 0.000000e+00 2.881286e-02 0.000000e+00 0.000000e+00 9.669936e-04 4.674399e-02 4.602596e-03 3.627552e-02 0.000000e+00 1.469485e-03 0.000000e+00 0.000000e+00 0.000000e+00 0.000000e+00 4.604358e-02 1.244572e-02 1.896706e-01 7.139593e-01
1.054875e-01 0.000000e+00 6.418758e-02 0.000000e+00 4.866490e-02 0.000000e+00 4.120660e-02 0.000000e+00 0.000000e+00 1.609664e-02 0.000000e+00 0.000000e+00 0.000000e+00 2.516941e-02 2.930152e-02 2.946211e-02 0.000000e+00 0.000000e+00 6.446624e-04 1.494999e-02 3.068397e-03 0.000000e+00 0.000000e+00 2.938971e-03 0.000000e+00 0.000000e+00 0.000000e+00 0.000000e+00 5.531541e-02 9.094290e-02 1.054875e-01 8.036454e-01
1.054875e-01 0.000000e+00 6.418758e-02 0.000000e+00 4.866490e-02 0.000000e+00 4.120660e-02 0.000000e+00 0.000000e+00 1.609664e-02 0.000000e+00 0.000000e+00 0.000000e+00 2.516941e-02 2.930152e-02 2.946211e-02 0.000000e+00 0.000000e+00 6.446624e-04 1.494999e-02 3.068397e-03 0.000000e+00 0.000000e+00 2.938971e-03 0.000000e+00 0.000000e+00 0.000000e+00 0.000000e+00 5.531541e-02 9.094290e-02 1.054875e-01 8.036454e-01
1.054875e-01 0.000000e+00 6.418758e-02 0.000000e+00 4.866490e-02 0.000000e+00 4.120660e-02 0.000000e+00 0.000000e+00 1.609664e-02 0.000000e+00 0.000000e+00 0.000000e+00 2.516941e-02 2.930152e-02 2.946211e-02 0.000000e+00 0.000000e+00 6.446624e-04 1.494999e-02 3.068397e-03 0.000000e+00 0.000000e+00 2.938971e-03 0.000000e+00 0.000000e+00 0.000000e+00 0.000000e+00 5.531541e-02 9.094290e-02 1.054875e-01 8.036454e-01
1.054875e-01 0.000000e+00 6.418758e-02 0.000000e+00 4.866490e-02 0.000000e+00 4.120660e-02 0.000000e+00 0.000000e+00 1.609664e-02 0.000000e+00 0.000000e+00 0.000000e+00 2.516941e-02 2.930152e-02 2.946211e-02 0.000000e+00 0.000000e+00 6.446624e-04 1.494999e-02 3.068397e-03 0.000000e+00 0.000000e+00 2.938971e-03 0.000000e+00 0.000000e+00 0.000000e+00 0.000000e+00 5.531541e-02 9.094290e-02 1.054875e-01 8.036454e-01
1.054875e-01 0.000000e+00 6.418758e-02 0.000000e+00 4.866490e-02 0.000000e+00 4.120660e-02 0.000000e+00 0.000000e+00 1.609664e-02 0.000000e+00 0.000000e+00 0.000000e+00 2.516941e-02 2.930152e-02 2.946211e-02 0.000000e+00 0.000000e+00 6.446624e-04 1.494999e-02 3.068397e-03 0.000000e+00 0.000000e+00 2.938971e-03 0.000000e+00 0.000000e+00 0.000000e+00 0.000000e+00 5.531541e-02 9.094290e-02 1.054875e-01 8.036454e-01
1.054875e-01 0.000000e+00 6.418758e-02 0.000000e+00 6.131206e-02 0.000000e+00 4.622894e-02 0.000000e+00 0.000000e+00 1.609664e-02 0.000000e+00 0.000000e+00 0.000000e+00 2.945304e-02 2.930152e-02 2.356318e-02 0.000000e+00 0.000000e+00 6.446624e-04 3.302299e-02 4.602596e-03 1.309418e-03 0.000000e+00 2.938971e-03 0.000000e+00 0.000000e+00 0.000000e+00 0.000000e+00 6.459157e-02 8.679402e-02 1.054875e-01 8.147209e-01
6.204787e-02 0.000000e+00 4.814069e-02 0.000000e+00 7.185321e-02 4.650935e-04 4.622894e-02 0.000000e+00 0.000000e+00 7.427898e-02 0.000000e+00 0.000000e+00 2.559618e-02 2.945304e-02 2.930152e-02 2.356318e-02 0.000000e+00 6.005086e-03 0.000000e+00 1.494999e-02 3.068397e-03 1.309418e-03 0.000000e+00 2.938971e-03 0.000000e+00 0.000000e+00 0.000000e+00 0.000000e+00 5.531541e-02 9.094290e-02 6.204787e-02 8.362173e-01
6.204787e-02 0.000000e+00 4.814069e-02 0.000000e+00 7.185321e-02 4.650935e-04 4.622894e-02 0.000000e+00 0.000000e+00 7.427898e-02 0.000000e+00 0.000000e+00 2.559618e-02 2.945304e-02 2.930152e-02 2.356318e-02 0.000000e+00 6.005086e-03 0.000000e+00 1.494999e-02 3.068397e-03 1.309418e-03 0.000000e+00 2.938971e-03 0.000000e+00 0.000000e+00 0.000000e+00 0.000000e+00 5.531541e-02 9.094290e-02 6.204787e-02 8.362173e-01
5.127560e-02 0.000000e+00 7.083391e-03 3.095365e-02 6.300031e-02 4.092665e-03 2.856508e-02 0.000000e+00 0.000000e+00 4.122099e-02 3.905831e-03 1.347585e-03 2.540576e-02 0.000000e+00 2.197614e-02 6.694560e-02 7.009919e-04 0.000000e+00 0.000000e+00 2.289278e-02 0.000000e+00 6.070273e-02 2.052447e-01 2.168404e-19 0.000000e+00 0.000000e+00 0.000000e+00 4.233387e-02 1.837480e-02 0.000000e+00 5.127560e-02 9.007959e-01
4.313165e-02 0.000000e+00 5.014655e-03 1.140369e-01 7.145358e-02 3.053795e-03 4.154921e-02 0.000000e+00 2.997462e-01 3.764230e-02 0.000000e+00 0.000000e+00 3.545633e-02 0.000000e+00 0.000000e+00 4.547975e-02 1.121587e-02 2.241277e-02 0.000000e+00 5.988579e-03 3.068397e-03 4.289877e-02 2.800931e-02 0.000000e+00 2.194809e-03 0.000000e+00 4.338787e-03 0.000000e+00 2.647544e-02 1.260426e-01 4.313165e-02 1.009629e+00
1.712733e-02 0.000000e+00 8.781933e-02 4.721050e-02 6.937453e-02 4.092665e-03 2.484115e-02 2.466975e-04 0.000000e+00 5.266791e-02 0.000000e+00 0.000000e+00 2.220744e-02 1.123538e-02 4.395228e-02 9.743319e-02 0.000000e+00 3.002543e-03 6.446624e-04 1.453583e-02 4.602596e-03 0.000000e+00 0.000000e+00 2.938971e-03 0.000000e+00 0.000000e+00 0.000000e+00 0.000000e+00 5.013690e-02 1.037174e-02 1.712733e-02 1.019528e+00
1.712733e-02 0.000000e+00 8.781933e-02 4.721050e-02 6.937453e-02 4.092665e-03 2.484115e-02 2.466975e-04 0.000000e+00 5.266791e-02 0.000000e+00 0.000000e+00 2.220744e-02 1.123538e-02 4.395228e-02 9.743319e-02 0.000000e+00 3.002543e-03 6.446624e-04 1.453583e-02 4.602596e-03 0.000000e+00 0.000000e+00 2.938971e-03 0.000000e+00 0.000000e+00 0.000000e+00 0.000000e+00 5.013690e-02 1.037174e-02 1.712733e-02 1.019528e+00
0.000000e+00 0.000000e+00 3.666985e-02 7.348397e-03 6.937453e-02 2.046332e-03 3.674781e-02 0.000000e+00 1.310377e-01 2.293536e-02 3.905831e-03 1.347585e-03 1.430204e-02 1.123538e-02 1.465076e-02 3.296006e-02 1.401984e-02 0.000000e+00 0.000000e+00 0.000000e+00 1.534199e-03 6.070273e-02 2.052447e-01 4.898285e-04 0.000000e+00 0.000000e+00 0.000000e+00 4.233387e-02 2.096406e-02 4.028558e-02 0.000000e+00 1.239008e+00
