8.501364e-01 8.864001e-02 0.000000e+00 1.336806e-02 0.000000e+00 4.937560e-02 1.154718e-02 1.181107e-02 2.649585e-02 3.405023e-02 3.177165e-02 3.524307e-04 7.467551e-04 7.085177e-03 1.100889e-02 7.268654e-02 2.930355e-02 0.000000e+00 1.578779e-02 7.909049e-03 6.016999e-05 3.778582e-03 5.662495e-02 1.832543e-02 0.000000e+00 6.988986e-02 0.000000e+00 0.000000e+00 3.943822e-02 3.137477e-02 8.501364e-01 -6.624975e-01
8.501364e-01 8.864001e-02 0.000000e+00 1.336806e-02 0.000000e+00 4.937560e-02 1.154718e-02 1.181107e-02 2.649585e-02 3.405023e-02 3.177165e-02 3.524307e-04 7.467551e-04 7.085177e-03 1.100889e-02 7.268654e-02 2.930355e-02 0.000000e+00 1.578779e-02 7.909049e-03 6.016999e-05 3.778582e-03 5.662495e-02 1.832543e-02 0.000000e+00 6.988986e-02 0.000000e+00 0.000000e+00 3.943822e-02 3.137477e-02 8.501364e-01 -6.624975e-01
8.501364e-01 9.736775e-02 0.000000e+00 1.336806e-02 0.000000e+00 3.291707e-02 5.773591e-03 1.181107e-02 2.864580e-02 3.393411e-02 4.326569e-02 8.810768e-04 7.467551e-04 9.250919e-03 1.100889e-02 9.581012e-02 3.358624e-02 0.000000e+00 1.810624e-02 7.909049e-03 6.016999e-05 1.613314e-02 4.469601e-02 1.832543e-02 0.000000e+00 6.405614e-02 0.000000e+00 0.000000e+00 4.469505e-02 3.046691e-02 8.501364e-01 -6.568553e-01
8.501364e-01 9.736775e-02 0.000000e+00 1.336806e-02 0.000000e+00 3.291707e-02 5.773591e-03 1.181107e-02 2.864580e-02 3.393411e-02 4.326569e-02 8.810768e-04 7.467551e-04 9.250919e-03 1.100889e-02 9.581012e-02 3.358624e-02 0.000000e+00 1.810624e-02 7.909049e-03 6.016999e-05 1.613314e-02 4.469601e-02 1.832543e-02 0.000000e+00 6.405614e-02 0.000000e+00 0.000000e+00 4.469505e-02 3.046691e-02 8.501364e-01 -6.568553e-01
8.501364e-01 0.000000e+00 0.000000e+00 0.000000e+00 0.000000e+00 3.291707e-02 8.916176e-02 8.028415e-03 2.864580e-02 3.393411e-02 4.326569e-02 3.263893e-02 7.467551e-04 9.250919e-03 1.100889e-02 9.972765e-02 0.000000e+00 0.000000e+00 5.605847e-03 7.909049e-03 0.000000e+00 1.613314e-02 4.469601e-02 1.466034e-02 0.000000e+00 6.405614e-02 0.000000e+00 0.000000e+00 2.299565e-02 3.046691e-02 8.501364e-01 -6.688744e-01
8.501364e-01 0.000000e+00 0.000000e+00 0.000000e+00 0.000000e+00 3.291707e-02 8.916176e-02 8.028415e-03 2.864580e-02 3.393411e-02 4.326569e-02 3.263893e-02 7.467551e-04 9.250919e-03 1.100889e-02 9.972765e-02 0.000000e+00 0.000000e+00 5.605847e-03 7.909049e-03 0.000000e+00 1.613314e-02 4.469601e-02 1.466034e-02 0.000000e+00 6.405614e-02 0.000000e+00 0.000000e+00 2.299565e-02 3.046691e-02 8.501364e-01 -6.688744e-01
8.501364e-01 0.000000e+00 0.000000e+00 0.000000e+00 0.000000e+00 3.291707e-02 8.916176e-02 8.028415e-03 2.864580e-02 3.393411e-02 4.326569e-02 3.263893e-02 7.467551e-04 9.250919e-03 1.100889e-02 9.972765e-02 0.000000e+00 0.000000e+00 5.605847e-03 7.909049e-03 0.000000e+00 1.613314e-02 4.469601e-02 1.466034e-02 0.000000e+00 6.405614e-02 0.000000e+00 0.000000e+00 2.299565e-02 3.046691e-02 8.501364e-01 -6.688744e-01
8.501364e-01 0.000000e+00 0.000000e+00 0.000000e+00 0.000000e+00 3.291707e-02 8.916176e-02 8.028415e-03 2.864580e-02 3.393411e-02 4.326569e-02 3.263893e-02 7.467551e-04 9.250919e-03 1.100889e-02 9.972765e-02 0.000000e+00 0.000000e+00 5.605847e-03 7.909049e-03 0.000000e+00 1.613314e-02 4.469601e-02 1.466034e-02 0.000000e+00 6.405614e-02 0.000000e+00 0.000000e+00 2.299565e-02 3.046691e-02 8.501364e-01 -6.688744e-01
8.501364e-01 0.000000e+00 0.000000e+00 0.000000e+00 0.000000e+00 3.291707e-02 8.916176e-02 8.028415e-03 2.864580e-02 3.393411e-02 4.326569e-02 3.263893e-02 7.467551e-04 9.250919e-03 1.100889e-02 9.972765e-02 0.000000e+00 0.000000e+00 5.605847e-03 7.909049e-03 0.000000e+00 1.613314e-02 4.469601e-02 1.466034e-02 0.000000e+00 6.405614e-02 0.000000e+00 0.000000e+00 2.299565e-02 3.046691e-02 8.501364e-01 -6.688744e-01
8.501364e-01 0.000000e+00 0.000000e+00 0.000000e+00 0.000000e+00 3.291707e-02 8.916176e-02 8.028415e-03 2.864580e-02 3.393411e-02 4.326569e-02 3.263893e-02 7.467551e-04 9.250919e-03 1.100889e-02 9.972765e-02 0.000000e+00 0.000000e+00 5.605847e-03 7.909049e-03 0.000000e+00 1.613314e-02 4.469601e-02 1.466034e-02 0.000000e+00 6.405614e-02 0.000000e+00 0.000000e+00 2.299565e-02 3.046691e-02 8.501364e-01 -6.688744e-01
8.366477e-01 0.000000e+00 3.347778e-02 5.164943e-04 0.000000e+00 0.000000e+00 0.000000e+00 9.289301e-03 2.864580e-02 0.000000e+00 3.674985e-02 2.205298e-02 0.000000e+00 3.666558e-03 0.000000e+00 1.016864e-01 0.000000e+00 0.000000e+00 9.772645e-03 7.909049e-03 0.000000e+00 2.579233e-03 3.157418e-02 8.430005e-03 0.000000e+00 6.600071e-02 0.000000e+00 0.000000e+00 3.022878e-02 3.137477e-02 8.366477e-01 -6.055404e-01
8.366477e-01 0.000000e+00 3.347778e-02 5.164943e-04 0.000000e+00 0.000000e+00 0.000000e+00 9.289301e-03 2.864580e-02 0.000000e+00 3.674985e-02 2.205298e-02 0.000000e+00 3.666558e-03 0.000000e+00 1.016864e-01 0.000000e+00 0.000000e+00 9.772645e-03 7.909049e-03 0.000000e+00 2.579233e-03 3.157418e-02 8.430005e-03 0.000000e+00 6.600071e-02 0.000000e+00 0.000000e+00 3.022878e-02 3.137477e-02 8.366477e-01 -6.055404e-01
8.344637e-01 0.000000e+00 0.000000e+00 1.336806e-02 0.000000e+00 0.000000e+00 9.622652e-03 2.901228e-02 2.864580e-02 0.000000e+00 3.177165e-02 4.860597e-02 6.222959e-04 9.611876e-03 1.100889e-02 1.016864e-01 0.000000e+00 0.000000e+00 1.578779e-02 7.909049e-03 0.000000e+00 3.778582e-03 5.662495e-02 1.588204e-02 0.000000e+00 6.988986e-02 0.000000e+00 0.000000e+00 1.214595e-02 3.137477e-02 8.344637e-01 -5.641338e-01
8.344637e-01 0.000000e+00 0.000000e+00 1.336806e-02 0.000000e+00 0.000000e+00 9.622652e-03 2.901228e-02 2.864580e-02 0.000000e+00 3.177165e-02 4.860597e-02 6.222959e-04 9.611876e-03 1.100889e-02 1.016864e-01 0.000000e+00 0.000000e+00 1.578779e-02 7.909049e-03 0.000000e+00 3.778582e-03 5.662495e-02 1.588204e-02 0.000000e+00 6.988986e-02 0.000000e+00 0.000000e+00 1.214595e-02 3.137477e-02 8.344637e-01 -5.641338e-01
8.344637e-01 0.000000e+00 0.000000e+00 1.336806e-02 0.000000e+00 0.000000e+00 9.622652e-03 2.901228e-02 2.864580e-02 0.000000e+00 3.177165e-02 4.860597e-02 6.222959e-04 9.611876e-03 1.100889e-02 1.016864e-01 0.000000e+00 0.000000e+00 1.578779e-02 7.909049e-03 0.000000e+00 3.778582e-03 5.662495e-02 1.588204e-02 0.000000e+00 6.988986e-02 0.000000e+00 0.000000e+00 1.214595e-02 3.137477e-02 8.344637e-01 -5.641338e-01
8.344637e-01 0.000000e+00 0.000000e+00 1.336806e-02 0.000000e+00 0.000000e+00 9.622652e-03 2.901228e-02 2.864580e-02 0.000000e+00 3.177165e-02 4.860597e-02 6.222959e-04 9.611876e-03 1.100889e-02 1.016864e-01 0.000000e+00 0.000000e+00 1.578779e-02 7.909049e-03 0.000000e+00 3.778582e-03 5.662495e-02 1.588204e-02 0.000000e+00 6.988986e-02 0.000000e+00 0.000000e+00 1.214595e-02 3.137477e-02 8.344637e-01 -5.641338e-01
8.326755e-01 8.864001e-02 0.000000e+00 4.730288e-03 0.000000e+00 3.291707e-02 7.698122e-03 9.289301e-03 2.864580e-02 3.393411e-02 3.943434e-02 7.048615e-04 9.956735e-04 8.529005e-03 6.192501e-03 9.581012e-02 3.628058e-02 0.000000e+00 1.733342e-02 5.272699e-03 6.016999e-05 1.613314e-02 4.469601e-02 1.221695e-02 0.000000e+00 6.600071e-02 0.000000e+00 0.000000e+00 4.469505e-02 3.046691e-02 8.326755e-01 -5.144573e-01
8.326755e-01 8.516912e-02 0.000000e+00 4.988536e-03 0.000000e+00 1.713847e-02 8.179254e-03 0.000000e+00 2.864580e-02 3.405023e-02 4.192344e-02 1.048868e-01 7.467551e-04 4.478711e-03 6.192501e-03 7.268654e-02 2.721043e-02 0.000000e+00 1.226192e-02 2.594046e-03 6.016999e-05 1.304450e-02 4.469601e-02 4.009590e-03 0.000000e+00 6.988986e-02 0.000000e+00 1.185898e-03 3.943822e-02 2.624109e-02 8.326755e-01 -5.110106e-01
8.326755e-01 8.516912e-02 0.000000e+00 4.988536e-03 0.000000e+00 1.713847e-02 8.179254e-03 0.000000e+00 2.864580e-02 3.405023e-02 4.192344e-02 1.048868e-01 7.467551e-04 4.478711e-03 6.192501e-03 7.268654e-02 2.721043e-02 0.000000e+00 1.226192e-02 2.594046e-03 6.016999e-05 1.304450e-02 4.469601e-02 4.009590e-03 0.000000e+00 6.988986e-02 0.000000e+00 1.185898e-03 3.943822e-02 2.624109e-02 8.326755e-01 -5.110106e-01
8.326755e-01 8.516912e-02 0.000000e+00 4.988536e-03 0.000000e+00 1.713847e-02 8.179254e-03 0.000000e+00 2.864580e-02 3.405023e-02 4.192344e-02 1.048868e-01 7.467551e-04 4.478711e-03 6.192501e-03 7.268654e-02 2.721043e-02 0.000000e+00 1.226192e-02 2.594046e-03 6.016999e-05 1.304450e-02 4.469601e-02 4.009590e-03 0.000000e+00 6.988986e-02 0.000000e+00 1.185898e-03 3.943822e-02 2.624109e-02 8.326755e-01 -5.110106e-01
8.300955e-01 1.073291e-01 1.673889e-02 2.494268e-03 0.000000e+00 2.948237e-02 2.490814e-02 0.000000e+00 2.864580e-02 1.814016e-02 4.441255e-02 9.161026e-02 8.410521e-03 3.125123e-03 3.096250e-03 5.302347e-02 0.000000e+00 0.000000e+00 2.957596e-02 1.011925e-02 3.008499e-05 6.177280e-03 7.571125e-02 8.113271e-03 0.000000e+00 3.877672e-02 0.000000e+00 1.778848e-03 1.971911e-02 2.624109e-02 8.300955e-01 -4.704938e-01
8.300955e-01 1.609937e-01 0.000000e+00 3.741402e-03 0.000000e+00 2.948237e-02 2.490814e-02 0.000000e+00 3.509565e-02 1.814016e-02 6.661882e-02 9.161026e-02 8.410521e-03 3.125123e-03 4.644375e-03 5.302347e-02 0.000000e+00 0.000000e+00 2.091894e-02 1.011925e-02 3.008499e-05 0.000000e+00 7.571125e-02 6.061430e-03 0.000000e+00 3.877672e-02 0.000000e+00 1.778848e-03 1.971911e-02 2.790007e-02 8.300955e-01 -4.608322e-01
8.300955e-01 1.609937e-01 0.000000e+00 3.741402e-03 0.000000e+00 2.948237e-02 2.490814e-02 0.000000e+00 3.509565e-02 1.814016e-02 6.661882e-02 9.161026e-02 8.410521e-03 3.125123e-03 4.644375e-03 5.302347e-02 0.000000e+00 0.000000e+00 2.091894e-02 1.011925e-02 3.008499e-05 0.000000e+00 7.571125e-02 6.061430e-03 0.000000e+00 3.877672e-02 0.000000e+00 1.778848e-03 1.971911e-02 2.790007e-02 8.300955e-01 -4.608322e-01
8.300955e-01 1.609937e-01 0.000000e+00 3.741402e-03 0.000000e+00 2.948237e-02 2.490814e-02 0.000000e+00 3.509565e-02 1.814016e-02 6.661882e-02 9.161026e-02 8.410521e-03 3.125123e-03 4.644375e-03 5.302347e-02 0.000000e+00 0.000000e+00 2.091894e-02 1.011925e-02 3.008499e-05 0.000000e+00 7.571125e-02 6.061430e-03 0.000000e+00 3.877672e-02 0.000000e+00 1.778848e-03 1.971911e-02 2.790007e-02 8.300955e-01 -4.608322e-01
8.300955e-01 1.609937e-01 0.000000e+00 3.741402e-03 0.000000e+00 2.948237e-02 2.490814e-02 0.000000e+00 3.509565e-02 1.814016e-02 6.661882e-02 9.161026e-02 8.410521e-03 3.125123e-03 4.644375e-03 5.302347e-02 0.000000e+00 0.000000e+00 2.091894e-02 1.011925e-02 3.008499e-05 0.000000e+00 7.571125e-02 6.061430e-03 0.000000e+00 3.877672e-02 0.000000e+00 1.778848e-03 1.971911e-02 2.790007e-02 8.300955e-01 -4.608322e-01
8.250744e-01 0.000000e+00 1.673889e-02 3.483155e-03 0.000000e+00 2.948237e-02 2.541752e-02 1.087626e-02 1.574610e-02 1.115051e-03 2.209553e-02 1.040196e-01 1.588760e-02 1.909511e-03 4.644375e-03 4.852283e-02 0.000000e+00 0.000000e+00 1.255922e-02 1.011925e-02 7.521248e-06 0.000000e+00 7.571125e-02 9.092146e-03 0.000000e+00 3.294300e-02 1.454302e-02 2.223559e-03 2.893253e-02 2.292311e-02 8.250744e-01 -4.042637e-01
6.498029e-01 0.000000e+00 0.000000e+00 1.999824e-03 0.000000e+00 0.000000e+00 6.679360e-03 1.087626e-02 1.574610e-02 1.115051e-03 1.467498e-02 2.205298e-02 1.588760e-02 2.788034e-03 0.000000e+00 4.852283e-02 0.000000e+00 0.000000e+00 1.116593e-02 1.388185e-02 4.512749e-05 9.594794e-03 9.121887e-02 4.546073e-03 0.000000e+00 1.933100e-02 1.454302e-02 1.482373e-03 2.893253e-02 2.292311e-02 6.498029e-01 -3.883902e-01
6.498029e-01 0.000000e+00 0.000000e+00 1.999824e-03 0.000000e+00 0.000000e+00 6.679360e-03 1.087626e-02 1.574610e-02 1.115051e-03 1.467498e-02 2.205298e-02 1.588760e-02 2.788034e-03 0.000000e+00 4.852283e-02 0.000000e+00 0.000000e+00 1.116593e-02 1.388185e-02 4.512749e-05 9.594794e-03 9.121887e-02 4.546073e-03 0.000000e+00 1.933100e-02 1.454302e-02 1.482373e-03 2.893253e-02 2.292311e-02 6.498029e-01 -3.883902e-01
6.498029e-01 0.000000e+00 0.000000e+00 1.999824e-03 0.000000e+00 0.000000e+00 6.679360e-03 1.087626e-02 1.574610e-02 1.115051e-03 1.467498e-02 2.205298e-02 1.588760e-02 2.788034e-03 0.000000e+00 4.852283e-02 0.000000e+00 0.000000e+00 1.116593e-02 1.388185e-02 4.512749e-05 9.594794e-03 9.121887e-02 4.546073e-03 0.000000e+00 1.933100e-02 1.454302e-02 1.482373e-03 2.893253e-02 2.292311e-02 6.498029e-01 -3.883902e-01
6.498029e-01 0.000000e+00 0.000000e+00 1.999824e-03 0.000000e+00 0.000000e+00 6.679360e-03 1.087626e-02 1.574610e-02 1.115051e-03 1.467498e-02 2.205298e-02 1.588760e-02 2.788034e-03 0.000000e+00 4.852283e-02 0.000000e+00 0.000000e+00 1.116593e-02 1.388185e-02 4.512749e-05 9.594794e-03 9.121887e-02 4.546073e-03 0.000000e+00 1.933100e-02 1.454302e-02 1.482373e-03 2.893253e-02 2.292311e-02 6.498029e-01 -3.883902e-01
6.498029e-01 0.000000e+00 0.000000e+00 1.999824e-03 0.000000e+00 0.000000e+00 6.679360e-03 1.087626e-02 1.574610e-02 1.115051e-03 1.467498e-02 2.205298e-02 1.588760e-02 2.788034e-03 0.000000e+00 4.852283e-02 0.000000e+00 0.000000e+00 1.116593e-02 1.388185e-02 4.512749e-05 9.594794e-03 9.121887e-02 4.546073e-03 0.000000e+00 1.933100e-02 1.454302e-02 1.482373e-03 2.893253e-02 2.292311e-02 6.498029e-01 -3.883902e-01
6.498029e-01 0.000000e+00 0.000000e+00 1.999824e-03 0.000000e+00 0.000000e+00 6.679360e-03 1.087626e-02 1.574610e-02 1.115051e-03 1.467498e-02 2.205298e-02 1.588760e-02 2.788034e-03 0.000000e+00 4.852283e-02 0.000000e+00 0.000000e+00 1.116593e-02 1.388185e-02 4.512749e-05 9.594794e-03 9.121887e-02 4.546073e-03 0.000000e+00 1.933100e-02 1.454302e-02 1.482373e-03 2.893253e-02 2.292311e-02 6.498029e-01 -3.883902e-01
6.464309e-01 0.000000e+00 0.000000e+00 9.033918e-03 0.000000e+00 0.000000e+00 3.032406e-02 1.087626e-02 1.574610e-02 1.115051e-03 1.885455e-03 4.687166e-02 9.956735e-04 2.788034e-03 0.000000e+00 4.852283e-02 3.628058e-02 0.000000e+00 1.029438e-02 1.388185e-02 4.512749e-05 9.594794e-03 1.067265e-01 4.546073e-03 0.000000e+00 1.933100e-02 0.000000e+00 1.482373e-03 2.893253e-02 2.292311e-02 6.464309e-01 -3.664066e-01
6.464309e-01 0.000000e+00 0.000000e+00 9.033918e-03 0.000000e+00 0.000000e+00 3.032406e-02 1.087626e-02 1.574610e-02 1.115051e-03 1.885455e-03 4.687166e-02 9.956735e-04 2.788034e-03 0.000000e+00 4.852283e-02 3.628058e-02 0.000000e+00 1.029438e-02 1.388185e-02 4.512749e-05 9.594794e-03 1.067265e-01 4.546073e-03 0.000000e+00 1.933100e-02 0.000000e+00 1.482373e-03 2.893253e-02 2.292311e-02 6.464309e-01 -3.664066e-01
6.464309e-01 0.000000e+00 0.000000e+00 9.033918e-03 0.000000e+00 0.000000e+00 3.032406e-02 1.087626e-02 1.574610e-02 1.115051e-03 1.885455e-03 4.687166e-02 9.956735e-04 2.788034e-03 0.000000e+00 4.852283e-02 3.628058e-02 0.000000e+00 1.029438e-02 1.388185e-02 4.512749e-05 9.594794e-03 1.067265e-01 4.546073e-03 0.000000e+00 1.933100e-02 0.000000e+00 1.482373e-03 2.893253e-02 2.292311e-02 6.464309e-01 -3.664066e-01
6.455141e-01 0.000000e+00 3.347778e-02 2.612854e-03 4.710047e-03 6.974322e-02 4.163703e-02 1.087626e-02 1.574610e-02 3.393411e-02 7.254436e-03 2.463402e-02 1.871083e-02 3.798062e-03 0.000000e+00 3.336041e-02 1.814029e-02 0.000000e+00 4.689001e-02 1.563792e-02 0.000000e+00 4.060570e-02 1.067265e-01 3.772930e-02 6.247108e-03 7.663576e-03 7.573717e-03 2.604357e-03 0.000000e+00 1.893125e-02 6.455141e-01 -3.261466e-01
6.397608e-01 0.000000e+00 3.347778e-02 0.000000e+00 0.000000e+00 4.182628e-02 7.698122e-03 1.087626e-02 1.574610e-02 3.393411e-02 7.254436e-03 4.687166e-02 9.956735e-04 1.235334e-03 0.000000e+00 3.336041e-02 3.628058e-02 0.000000e+00 9.772645e-03 1.764445e-02 0.000000e+00 1.918959e-02 1.067265e-01 1.221695e-02 0.000000e+00 7.663576e-03 1.454302e-02 2.371797e-03 2.893253e-02 2.292311e-02 6.397608e-01 -3.091946e-01
6.397608e-01 0.000000e+00 3.347778e-02 0.000000e+00 0.000000e+00 4.182628e-02 1.952047e-02 1.087626e-02 1.574610e-02 3.393411e-02 8.596713e-04 5.928100e-02 0.000000e+00 0.000000e+00 0.000000e+00 3.336041e-02 5.442087e-02 0.000000e+00 9.336867e-03 1.764445e-02 0.000000e+00 1.918959e-02 1.067265e-01 1.221695e-02 0.000000e+00 7.663576e-03 1.454302e-02 2.371797e-03 2.893253e-02 2.292311e-02 6.397608e-01 -3.026890e-01
6.397608e-01 0.000000e+00 3.347778e-02 0.000000e+00 0.000000e+00 4.182628e-02 1.952047e-02 1.087626e-02 1.574610e-02 3.393411e-02 8.596713e-04 5.928100e-02 0.000000e+00 0.000000e+00 0.000000e+00 3.336041e-02 5.442087e-02 0.000000e+00 9.336867e-03 1.764445e-02 0.000000e+00 1.918959e-02 1.067265e-01 1.221695e-02 0.000000e+00 7.663576e-03 1.454302e-02 2.371797e-03 2.893253e-02 2.292311e-02 6.397608e-01 -3.026890e-01
6.347398e-01 0.000000e+00 3.347778e-02 1.034034e-02 4.710047e-03 3.644155e-02 3.032406e-02 1.087626e-02 1.574610e-02 3.393411e-02 1.467498e-02 3.317180e-02 7.030018e-03 1.972257e-05 0.000000e+00 4.852283e-02 9.070145e-03 0.000000e+00 1.029438e-02 0.000000e+00 0.000000e+00 0.000000e+00 9.121887e-02 1.221695e-02 0.000000e+00 1.933100e-02 1.802767e-02 2.604357e-03 4.339880e-02 2.491904e-02 6.347398e-01 -2.622788e-01
6.347398e-01 0.000000e+00 3.347778e-02 4.516959e-03 4.710047e-03 3.644155e-02 3.032406e-02 1.087626e-02 1.574610e-02 3.393411e-02 1.467498e-02 4.066699e-02 7.030018e-03 1.972257e-05 0.000000e+00 6.613684e-02 2.721043e-02 0.000000e+00 1.029438e-02 1.576315e-02 0.000000e+00 0.000000e+00 6.738947e-02 8.381513e-03 1.844753e-02 1.349729e-02 7.271509e-03 2.604357e-03 2.893253e-02 2.292311e-02 6.347398e-01 -2.601432e-01
6.347398e-01 0.000000e+00 3.347778e-02 4.516959e-03 4.710047e-03 3.644155e-02 3.032406e-02 1.087626e-02 1.574610e-02 3.393411e-02 1.467498e-02 4.066699e-02 7.030018e-03 1.972257e-05 0.000000e+00 6.613684e-02 2.721043e-02 0.000000e+00 1.029438e-02 1.576315e-02 0.000000e+00 0.000000e+00 6.738947e-02 8.381513e-03 1.844753e-02 1.349729e-02 7.271509e-03 2.604357e-03 2.893253e-02 2.292311e-02 6.347398e-01 -2.601432e-01
6.312572e-01 0.000000e+00 4.424066e-02 2.612854e-03 0.000000e+00 7.702945e-02 5.139727e-02 1.516182e-03 5.786910e-03 2.517182e-02 1.607589e-03 5.427452e-02 0.000000e+00 3.772931e-04 0.000000e+00 4.463398e-02 9.070145e-03 0.000000e+00 0.000000e+00 1.862049e-02 0.000000e+00 5.020050e-02 1.162605e-01 0.000000e+00 0.000000e+00 1.158140e-02 1.168622e-02 2.371797e-03 1.287344e-02 1.707489e-02 6.312572e-01 -2.122671e-01
6.312572e-01 0.000000e+00 4.424066e-02 2.612854e-03 0.000000e+00 7.702945e-02 5.139727e-02 1.516182e-03 5.786910e-03 2.517182e-02 1.607589e-03 5.427452e-02 0.000000e+00 3.772931e-04 0.000000e+00 4.463398e-02 9.070145e-03 0.000000e+00 0.000000e+00 1.862049e-02 0.000000e+00 5.020050e-02 1.162605e-01 0.000000e+00 0.000000e+00 1.158140e-02 1.168622e-02 2.371797e-03 1.287344e-02 1.707489e-02 6.312572e-01 -2.122671e-01
6.312572e-01 0.000000e+00 4.424066e-02 2.612854e-03 0.000000e+00 7.702945e-02 5.139727e-02 1.516182e-03 5.786910e-03 2.517182e-02 1.607589e-03 5.427452e-02 0.000000e+00 3.772931e-04 0.000000e+00 4.463398e-02 9.070145e-03 0.000000e+00 0.000000e+00 1.862049e-02 0.000000e+00 5.020050e-02 1.162605e-01 0.000000e+00 0.000000e+00 1.158140e-02 1.168622e-02 2.371797e-03 1.287344e-02 1.707489e-02 6.312572e-01 -2.122671e-01
6.287466e-01 0.000000e+00 1.195201e-02 0.000000e+00 1.054784e-01 3.105682e-02 7.698122e-03 1.087626e-02 1.574610e-02 8.204764e-03 2.802024e-02 2.396373e-03 1.871083e-02 1.235334e-03 0.000000e+00 3.336041e-02 9.070145e-03 3.787542e-02 7.887086e-03 1.363138e-02 0.000000e+00 6.474441e-02 1.067265e-01 6.324165e-02 6.247108e-03 0.000000e+00 7.573717e-03 2.371797e-03 2.893253e-02 1.493939e-02 6.287466e-01 -1.636221e-01
6.270053e-01 0.000000e+00 3.347778e-02 4.516959e-03 9.420094e-03 3.834305e-02 6.505213e-18 2.959642e-02 1.646875e-02 0.000000e+00 3.271810e-02 4.186518e-02 1.638543e-02 0.000000e+00 0.000000e+00 4.168287e-02 0.000000e+00 4.734428e-03 1.042087e-02 1.722721e-02 0.000000e+00 3.237220e-02 1.993079e-01 0.000000e+00 0.000000e+00 1.349729e-02 1.499972e-02 2.371797e-03 4.339880e-02 1.593735e-02 6.270053e-01 -1.428954e-01
6.261347e-01 0.000000e+00 1.195201e-02 0.000000e+00 0.000000e+00 2.725383e-02 0.000000e+00 0.000000e+00 1.430081e-02 8.342454e-02 5.434783e-03 7.370937e-02 8.192717e-03 0.000000e+00 0.000000e+00 8.226836e-02 0.000000e+00 2.840657e-02 4.217645e-03 1.070327e-02 0.000000e+00 0.000000e+00 1.720852e-01 9.634304e-02 0.000000e+00 1.833004e-02 0.000000e+00 2.139237e-03 3.457284e-02 1.643634e-02 6.261347e-01 -1.160517e-01
6.237150e-01 0.000000e+00 0.000000e+00 0.000000e+00 9.420094e-03 3.359215e-02 1.671423e-03 2.772465e-02 3.899697e-03 8.342454e-02 1.209338e-02 2.995466e-03 8.192717e-03 0.000000e+00 0.000000e+00 5.117091e-02 2.117077e-02 3.787542e-02 7.196010e-03 1.010869e-02 1.404259e-02 0.000000e+00 1.254014e-01 8.196545e-02 3.123554e-03 0.000000e+00 1.322463e-02 2.139237e-03 0.000000e+00 6.140687e-02 6.237150e-01 -9.447221e-02
6.237150e-01 0.000000e+00 0.000000e+00 0.000000e+00 9.420094e-03 3.359215e-02 1.671423e-03 2.772465e-02 3.899697e-03 8.342454e-02 1.209338e-02 2.995466e-03 8.192717e-03 0.000000e+00 0.000000e+00 5.117091e-02 2.117077e-02 3.787542e-02 7.196010e-03 1.010869e-02 1.404259e-02 0.000000e+00 1.254014e-01 8.196545e-02 3.123554e-03 0.000000e+00 1.322463e-02 2.139237e-03 0.000000e+00 6.140687e-02 6.237150e-01 -9.447221e-02
6.237150e-01 0.000000e+00 0.000000e+00 0.000000e+00 9.420094e-03 3.359215e-02 1.671423e-03 2.772465e-02 3.899697e-03 8.342454e-02 1.209338e-02 2.995466e-03 8.192717e-03 0.000000e+00 0.000000e+00 5.117091e-02 2.117077e-02 3.787542e-02 7.196010e-03 1.010869e-02 1.404259e-02 0.000000e+00 1.254014e-01 8.196545e-02 3.123554e-03 0.000000e+00 1.322463e-02 2.139237e-03 0.000000e+00 6.140687e-02 6.237150e-01 -9.447221e-02
4.497341e-01 0.000000e+00 1.195201e-02 0.000000e+00 9.420094e-03 2.598617e-02 0.000000e+00 2.772465e-02 0.000000e+00 0.000000e+00 3.154888e-02 2.995466e-03 0.000000e+00 3.500975e-03 0.000000e+00 5.117091e-02 0.000000e+00 3.787542e-02 0.000000e+00 1.539273e-02 1.404259e-02 0.000000e+00 8.765849e-02 7.133852e-02 0.000000e+00 0.000000e+00 1.322463e-02 3.185757e-03 0.000000e+00 0.000000e+00 4.497341e-01 -3.512078e-02
4.497341e-01 0.000000e+00 1.195201e-02 0.000000e+00 9.420094e-03 2.598617e-02 0.000000e+00 2.772465e-02 0.000000e+00 0.000000e+00 3.154888e-02 2.995466e-03 0.000000e+00 3.500975e-03 0.000000e+00 5.117091e-02 0.000000e+00 3.787542e-02 0.000000e+00 1.539273e-02 1.404259e-02 0.000000e+00 8.765849e-02 7.133852e-02 0.000000e+00 0.000000e+00 1.322463e-02 3.185757e-03 0.000000e+00 0.000000e+00 4.497341e-01 -3.512078e-02
4.497341e-01 0.000000e+00 1.195201e-02 0.000000e+00 9.420094e-03 2.598617e-02 0.000000e+00 2.772465e-02 0.000000e+00 0.000000e+00 3.154888e-02 2.995466e-03 0.000000e+00 3.500975e-03 0.000000e+00 5.117091e-02 0.000000e+00 3.787542e-02 0.000000e+00 1.539273e-02 1.404259e-02 0.000000e+00 8.765849e-02 7.133852e-02 0.000000e+00 0.000000e+00 1.322463e-02 3.185757e-03 0.000000e+00 0.000000e+00 4.497341e-01 -3.512078e-02
4.497341e-01 0.000000e+00 1.195201e-02 0.000000e+00 9.420094e-03 2.598617e-02 0.000000e+00 2.772465e-02 0.000000e+00 0.000000e+00 3.154888e-02 2.995466e-03 0.000000e+00 3.500975e-03 0.000000e+00 5.117091e-02 0.000000e+00 3.787542e-02 0.000000e+00 1.539273e-02 1.404259e-02 0.000000e+00 8.765849e-02 7.133852e-02 0.000000e+00 0.000000e+00 1.322463e-02 3.185757e-03 0.000000e+00 0.000000e+00 4.497341e-01 -3.512078e-02
4.497341e-01 0.000000e+00 1.195201e-02 0.000000e+00 9.420094e-03 2.598617e-02 0.000000e+00 2.772465e-02 0.000000e+00 0.000000e+00 3.154888e-02 2.995466e-03 0.000000e+00 3.500975e-03 0.000000e+00 5.117091e-02 0.000000e+00 3.787542e-02 0.000000e+00 1.539273e-02 1.404259e-02 0.000000e+00 8.765849e-02 7.133852e-02 0.000000e+00 0.000000e+00 1.322463e-02 3.185757e-03 0.000000e+00 0.000000e+00 4.497341e-01 -3.512078e-02
4.497341e-01 0.000000e+00 1.195201e-02 0.000000e+00 9.420094e-03 2.598617e-02 0.000000e+00 2.772465e-02 0.000000e+00 0.000000e+00 3.154888e-02 2.995466e-03 0.000000e+00 3.500975e-03 0.000000e+00 5.117091e-02 0.000000e+00 3.787542e-02 0.000000e+00 1.539273e-02 1.404259e-02 0.000000e+00 8.765849e-02 7.133852e-02 0.000000e+00 0.000000e+00 1.322463e-02 3.185757e-03 0.000000e+00 0.000000e+00 4.497341e-01 -3.512078e-02
4.497341e-01 0.000000e+00 1.195201e-02 0.000000e+00 9.420094e-03 2.598617e-02 0.000000e+00 2.772465e-02 0.000000e+00 0.000000e+00 3.154888e-02 2.995466e-03 0.000000e+00 3.500975e-03 0.000000e+00 5.117091e-02 0.000000e+00 3.787542e-02 0.000000e+00 1.539273e-02 1.404259e-02 0.000000e+00 8.765849e-02 7.133852e-02 0.000000e+00 0.000000e+00 1.322463e-02 3.185757e-03 0.000000e+00 0.000000e+00 4.497341e-01 -3.512078e-02
4.497341e-01 0.000000e+00 1.195201e-02 0.000000e+00 9.420094e-03 2.598617e-02 0.000000e+00 2.772465e-02 0.000000e+00 0.000000e+00 3.154888e-02 2.995466e-03 0.000000e+00 3.500975e-03 0.000000e+00 5.117091e-02 0.000000e+00 3.787542e-02 0.000000e+00 1.539273e-02 1.404259e-02 0.000000e+00 8.765849e-02 7.133852e-02 0.000000e+00 0.000000e+00 1.322463e-02 3.185757e-03 0.000000e+00 0.000000e+00 4.497341e-01 -3.512078e-02
4.480889e-01 0.000000e+00 0.000000e+00 0.000000e+00 9.420094e-03 2.361072e-02 8.357113e-04 2.772465e-02 3.566449e-02 0.000000e+00 2.506371e-02 2.995466e-03 0.000000e+00 3.500975e-03 0.000000e+00 5.591493e-02 1.058538e-02 3.787542e-02 1.985577e-03 1.363138e-02 1.404259e-02 0.000000e+00 8.765849e-02 7.133852e-02 0.000000e+00 0.000000e+00 1.322463e-02 2.720637e-03 0.000000e+00 3.749139e-02 4.480889e-01 -1.684503e-02
4.448948e-01 0.000000e+00 1.195201e-02 0.000000e+00 1.177512e-02 2.420458e-02 3.342845e-03 1.386232e-02 4.935159e-03 0.000000e+00 3.838092e-02 2.995466e-03 0.000000e+00 3.500975e-03 0.000000e+00 3.315150e-04 7.939037e-03 4.379346e-02 7.942306e-03 1.451206e-02 1.404259e-02 2.288923e-02 1.752679e-01 8.390315e-02 0.000000e+00 0.000000e+00 1.564114e-02 1.592878e-03 0.000000e+00 1.874569e-02 4.448948e-01 3.714047e-03
4.448948e-01 0.000000e+00 1.195201e-02 0.000000e+00 1.177512e-02 2.420458e-02 3.342845e-03 1.386232e-02 4.935159e-03 0.000000e+00 3.838092e-02 2.995466e-03 0.000000e+00 3.500975e-03 0.000000e+00 3.315150e-04 7.939037e-03 4.379346e-02 7.942306e-03 1.451206e-02 1.404259e-02 2.288923e-02 1.752679e-01 8.390315e-02 0.000000e+00 0.000000e+00 1.564114e-02 1.592878e-03 0.000000e+00 1.874569e-02 4.448948e-01 3.714047e-03
4.448948e-01 0.000000e+00 1.195201e-02 0.000000e+00 1.177512e-02 2.420458e-02 3.342845e-03 1.386232e-02 4.935159e-03 0.000000e+00 3.838092e-02 2.995466e-03 0.000000e+00 3.500975e-03 0.000000e+00 3.315150e-04 7.939037e-03 4.379346e-02 7.942306e-03 1.451206e-02 1.404259e-02 2.288923e-02 1.752679e-01 8.390315e-02 0.000000e+00 0.000000e+00 1.564114e-02 1.592878e-03 0.000000e+00 1.874569e-02 4.448948e-01 3.714047e-03
4.314601e-01 3.035232e-02 0.000000e+00 0.000000e+00 0.000000e+00 2.504856e-02 1.369953e-03 4.120909e-03 1.342154e-02 2.107485e-02 0.000000e+00 0.000000e+00 6.994877e-03 1.300594e-03 1.714345e-02 7.641282e-03 1.143208e-02 0.000000e+00 3.298763e-03 7.309919e-03 1.616517e-02 4.231846e-03 8.434525e-02 5.795990e-02 0.000000e+00 0.000000e+00 0.000000e+00 5.741967e-03 0.000000e+00 1.985616e-01 4.314601e-01 9.264614e-02
4.314601e-01 3.035232e-02 0.000000e+00 0.000000e+00 0.000000e+00 2.504856e-02 1.369953e-03 4.120909e-03 1.342154e-02 2.107485e-02 0.000000e+00 0.000000e+00 6.994877e-03 1.300594e-03 1.714345e-02 7.641282e-03 1.143208e-02 0.000000e+00 3.298763e-03 7.309919e-03 1.616517e-02 4.231846e-03 8.434525e-02 5.795990e-02 0.000000e+00 0.000000e+00 0.000000e+00 5.741967e-03 0.000000e+00 1.985616e-01 4.314601e-01 9.264614e-02
4.271460e-01 1.517616e-02 0.000000e+00 0.000000e+00 0.000000e+00 2.598617e-02 9.450927e-04 3.072422e-02 2.263463e-02 5.940476e-02 0.000000e+00 1.497733e-03 6.994877e-03 1.750488e-03 1.475093e-02 6.307012e-02 1.552466e-03 0.000000e+00 4.603310e-02 8.091582e-02 1.404259e-02 0.000000e+00 8.765849e-02 1.439069e-02 0.000000e+00 0.000000e+00 0.000000e+00 2.591691e-02 1.494476e-02 0.000000e+00 4.271460e-01 1.371668e-01
4.271460e-01 2.276424e-02 0.000000e+00 0.000000e+00 0.000000e+00 2.598617e-02 1.369953e-03 4.120909e-03 2.263463e-02 5.940476e-02 1.253186e-02 1.497733e-03 6.994877e-03 8.752438e-04 9.767988e-03 6.307012e-02 7.621390e-03 1.893771e-02 4.603310e-02 8.091582e-02 1.616517e-02 0.000000e+00 8.434525e-02 1.439069e-02 0.000000e+00 0.000000e+00 6.612315e-03 0.000000e+00 0.000000e+00 2.002656e-01 4.271460e-01 1.758516e-01
4.214889e-01 3.035232e-02 0.000000e+00 0.000000e+00 0.000000e+00 2.504856e-02 1.424643e-03 4.120909e-03 1.924254e-02 2.526034e-02 0.000000e+00 2.058759e-03 8.370567e-03 0.000000e+00 1.714345e-02 7.641282e-03 3.104931e-03 0.000000e+00 3.298763e-03 7.309919e-03 1.616517e-02 4.231846e-03 1.533487e-01 5.795990e-02 0.000000e+00 1.680286e-04 0.000000e+00 5.741967e-03 0.000000e+00 1.528568e-01 4.214889e-01 2.037046e-01
4.214889e-01 3.035232e-02 0.000000e+00 0.000000e+00 0.000000e+00 2.504856e-02 1.424643e-03 4.120909e-03 1.924254e-02 2.526034e-02 0.000000e+00 2.058759e-03 8.370567e-03 0.000000e+00 1.714345e-02 7.641282e-03 3.104931e-03 0.000000e+00 3.298763e-03 7.309919e-03 1.616517e-02 4.231846e-03 1.533487e-01 5.795990e-02 0.000000e+00 1.680286e-04 0.000000e+00 5.741967e-03 0.000000e+00 1.528568e-01 4.214889e-01 2.037046e-01
4.185176e-01 1.517616e-02 0.000000e+00 2.612854e-03 6.894072e-02 2.786138e-02 1.369953e-03 4.120909e-03 2.123181e-03 0.000000e+00 1.253186e-02 1.497733e-03 6.994877e-03 2.454376e-05 4.848103e-03 6.672500e-02 0.000000e+00 0.000000e+00 4.275755e-03 0.000000e+00 1.616517e-02 2.923700e-02 8.434525e-02 6.574985e-02 0.000000e+00 8.401430e-05 4.037396e-03 2.074544e-03 0.000000e+00 2.036735e-01 4.185176e-01 2.569894e-01
4.185176e-01 1.517616e-02 0.000000e+00 2.612854e-03 6.894072e-02 2.786138e-02 1.369953e-03 4.120909e-03 2.123181e-03 0.000000e+00 1.253186e-02 1.497733e-03 6.994877e-03 2.454376e-05 4.848103e-03 6.672500e-02 0.000000e+00 0.000000e+00 4.275755e-03 0.000000e+00 1.616517e-02 2.923700e-02 8.434525e-02 6.574985e-02 0.000000e+00 8.401430e-05 4.037396e-03 2.074544e-03 0.000000e+00 2.036735e-01 4.185176e-01 2.569894e-01
2.538532e-01 3.667421e-02 7.551571e-03 0.000000e+00 0.000000e+00 0.000000e+00 8.904020e-04 4.690879e-03 2.207782e-02 2.944583e-02 0.000000e+00 2.058759e-03 1.674113e-02 0.000000e+00 1.397030e-02 4.057452e-02 3.104931e-03 0.000000e+00 0.000000e+00 6.712680e-03 1.389381e-01 0.000000e+00 8.434525e-02 1.914525e-02 2.805841e-02 0.000000e+00 6.884026e-03 4.044950e-03 0.000000e+00 0.000000e+00 2.538532e-01 3.535622e-01
2.538532e-01 3.667421e-02 7.551571e-03 0.000000e+00 0.000000e+00 0.000000e+00 8.904020e-04 4.690879e-03 2.207782e-02 2.944583e-02 0.000000e+00 2.058759e-03 1.674113e-02 0.000000e+00 1.397030e-02 4.057452e-02 3.104931e-03 0.000000e+00 0.000000e+00 6.712680e-03 1.389381e-01 0.000000e+00 8.434525e-02 1.914525e-02 2.805841e-02 0.000000e+00 6.884026e-03 4.044950e-03 0.000000e+00 0.000000e+00 2.538532e-01 3.535622e-01
2.538532e-01 3.667421e-02 7.551571e-03 0.000000e+00 0.000000e+00 0.000000e+00 8.904020e-04 4.690879e-03 2.207782e-02 2.944583e-02 0.000000e+00 2.058759e-03 1.674113e-02 0.000000e+00 1.397030e-02 4.057452e-02 3.104931e-03 0.000000e+00 0.000000e+00 6.712680e-03 1.389381e-01 0.000000e+00 8.434525e-02 1.914525e-02 2.805841e-02 0.000000e+00 6.884026e-03 4.044950e-03 0.000000e+00 0.000000e+00 2.538532e-01 3.535622e-01
2.538532e-01 3.667421e-02 7.551571e-03 0.000000e+00 0.000000e+00 0.000000e+00 8.904020e-04 4.690879e-03 2.207782e-02 2.944583e-02 0.000000e+00 2.058759e-03 1.674113e-02 0.000000e+00 1.397030e-02 4.057452e-02 3.104931e-03 0.000000e+00 0.000000e+00 6.712680e-03 1.389381e-01 0.000000e+00 8.434525e-02 1.914525e-02 2.805841e-02 0.000000e+00 6.884026e-03 4.044950e-03 0.000000e+00 0.000000e+00 2.538532e-01 3.535622e-01
2.538532e-01 3.667421e-02 7.551571e-03 0.000000e+00 0.000000e+00 0.000000e+00 8.904020e-04 4.690879e-03 2.207782e-02 2.944583e-02 0.000000e+00 2.058759e-03 1.674113e-02 0.000000e+00 1.397030e-02 4.057452e-02 3.104931e-03 0.000000e+00 0.000000e+00 6.712680e-03 1.389381e-01 0.000000e+00 8.434525e-02 1.914525e-02 2.805841e-02 0.000000e+00 6.884026e-03 4.044950e-03 0.000000e+00 0.000000e+00 2.538532e-01 3.535622e-01
2.538532e-01 3.667421e-02 7.551571e-03 0.000000e+00 0.000000e+00 0.000000e+00 8.904020e-04 4.690879e-03 2.207782e-02 2.944583e-02 0.000000e+00 2.058759e-03 1.674113e-02 0.000000e+00 1.397030e-02 4.057452e-02 3.104931e-03 0.000000e+00 0.000000e+00 6.712680e-03 1.389381e-01 0.000000e+00 8.434525e-02 1.914525e-02 2.805841e-02 0.000000e+00 6.884026e-03 4.044950e-03 0.000000e+00 0.000000e+00 2.538532e-01 3.535622e-01
2.538532e-01 3.667421e-02 7.551571e-03 0.000000e+00 0.000000e+00 0.000000e+00 8.904020e-04 4.690879e-03 2.207782e-02 2.944583e-02 0.000000e+00 2.058759e-03 1.674113e-02 0.000000e+00 1.397030e-02 4.057452e-02 3.104931e-03 0.000000e+00 0.000000e+00 6.712680e-03 1.389381e-01 0.000000e+00 8.434525e-02 1.914525e-02 2.805841e-02 0.000000e+00 6.884026e-03 4.044950e-03 0.000000e+00 0.000000e+00 2.538532e-01 3.535622e-01
2.538532e-01 3.667421e-02 7.551571e-03 0.000000e+00 0.000000e+00 0.000000e+00 8.904020e-04 4.690879e-03 2.207782e-02 2.944583e-02 0.000000e+00 2.058759e-03 1.674113e-02 0.000000e+00 1.397030e-02 4.057452e-02 3.104931e-03 0.000000e+00 0.000000e+00 6.712680e-03 1.389381e-01 0.000000e+00 8.434525e-02 1.914525e-02 2.805841e-02 0.000000e+00 6.884026e-03 4.044950e-03 0.000000e+00 0.000000e+00 2.538532e-01 3.535622e-01
2.538532e-01 3.667421e-02 7.551571e-03 0.000000e+00 0.000000e+00 0.000000e+00 8.904020e-04 4.690879e-03 2.207782e-02 2.944583e-02 0.000000e+00 2.058759e-03 1.674113e-02 0.000000e+00 1.397030e-02 4.057452e-02 3.104931e-03 0.000000e+00 0.000000e+00 6.712680e-03 1.389381e-01 0.000000e+00 8.434525e-02 1.914525e-02 2.805841e-02 0.000000e+00 6.884026e-03 4.044950e-03 0.000000e+00 0.000000e+00 2.538532e-01 3.535622e-01
2.538532e-01 3.667421e-02 7.551571e-03 0.000000e+00 0.000000e+00 0.000000e+00 8.904020e-04 4.690879e-03 2.207782e-02 2.944583e-02 0.000000e+00 2.058759e-03 1.674113e-02 0.000000e+00 1.397030e-02 4.057452e-02 3.104931e-03 0.000000e+00 0.000000e+00 6.712680e-03 1.389381e-01 0.000000e+00 8.434525e-02 1.914525e-02 2.805841e-02 0.000000e+00 6.884026e-03 4.044950e-03 0.000000e+00 0.000000e+00 2.538532e-01 3.535622e-01
2.383828e-01 3.035232e-02 7.551571e-03 0.000000e+00 0.000000e+00 0.000000e+00 1.424643e-03 5.620692e-03 2.506354e-02 2.944583e-02 0.000000e+00 4.117517e-03 1.674113e-02 0.000000e+00 1.343538e-02 7.641282e-03 3.104931e-03 0.000000e+00 3.298763e-03 6.712680e-03 1.355129e-01 0.000000e+00 8.434525e-02 1.252863e-01 0.000000e+00 1.680286e-04 0.000000e+00 4.044950e-03 0.000000e+00 9.011026e-02 2.383828e-01 4.303125e-01
2.383828e-01 3.351326e-02 7.551571e-03 0.000000e+00 0.000000e+00 1.280486e-02 1.424643e-03 5.155786e-03 2.506354e-02 2.526034e-02 0.000000e+00 4.117517e-03 1.674113e-02 0.000000e+00 1.343538e-02 2.410790e-02 3.104931e-03 0.000000e+00 1.649382e-03 6.712680e-03 1.355129e-01 2.058606e-02 8.434525e-02 1.252863e-01 0.000000e+00 0.000000e+00 0.000000e+00 4.044950e-03 0.000000e+00 9.011026e-02 2.383828e-01 4.415284e-01
2.273846e-01 1.770854e-02 7.551571e-03 0.000000e+00 0.000000e+00 5.121946e-02 1.424643e-03 5.620692e-03 2.506354e-02 2.944583e-02 1.159090e-03 4.117517e-03 1.398975e-02 0.000000e+00 1.343538e-02 7.641282e-03 3.104931e-03 0.000000e+00 3.298763e-03 6.712680e-03 1.413607e-01 0.000000e+00 8.434525e-02 7.278527e-02 9.070133e-03 1.680286e-04 0.000000e+00 4.044950e-03 0.000000e+00 9.842250e-02 2.273846e-01 4.948981e-01
2.174134e-01 2.911438e-02 3.775785e-03 0.000000e+00 0.000000e+00 0.000000e+00 1.068482e-03 5.000817e-03 2.307306e-02 4.199103e-02 5.795449e-04 4.436145e-03 0.000000e+00 0.000000e+00 1.379199e-02 7.453581e-03 1.854678e-02 8.144766e-02 4.859135e-04 1.290059e-02 1.377963e-01 0.000000e+00 6.325894e-02 8.990597e-02 6.597587e-03 0.000000e+00 4.589351e-03 0.000000e+00 0.000000e+00 1.380304e-01 2.174134e-01 5.857588e-01
2.174134e-01 2.911438e-02 3.775785e-03 0.000000e+00 0.000000e+00 0.000000e+00 1.068482e-03 5.000817e-03 2.307306e-02 4.199103e-02 5.795449e-04 4.436145e-03 0.000000e+00 0.000000e+00 1.379199e-02 7.453581e-03 1.854678e-02 8.144766e-02 4.859135e-04 1.290059e-02 1.377963e-01 0.000000e+00 6.325894e-02 8.990597e-02 6.597587e-03 0.000000e+00 4.589351e-03 0.000000e+00 0.000000e+00 1.380304e-01 2.174134e-01 5.857588e-01
1.964439e-01 5.290748e-02 0.000000e+00 0.000000e+00 4.074790e-03 7.682919e-02 0.000000e+00 2.010996e-02 9.705970e-03 1.364910e-02 0.000000e+00 7.597779e-03 8.625975e-03 0.000000e+00 1.213658e-02 9.991192e-03 3.104931e-03 0.000000e+00 2.135295e-03 1.908851e-02 5.188836e-02 0.000000e+00 1.569612e-02 5.452561e-02 1.319517e-02 3.418897e-03 0.000000e+00 2.655670e-03 5.618135e-03 0.000000e+00 1.964439e-01 6.729115e-01
1.964439e-01 2.650828e-02 0.000000e+00 0.000000e+00 1.132851e-02 3.201216e-02 7.123216e-04 8.138271e-03 2.221939e-02 3.618541e-02 5.795449e-04 6.176276e-03 1.427260e-02 0.000000e+00 1.414861e-02 9.991192e-03 1.854678e-02 8.144766e-02 2.135295e-03 1.908851e-02 1.630390e-01 5.289807e-04 4.217263e-02 5.452561e-02 1.319517e-02 8.401430e-05 2.294675e-03 4.044950e-03 0.000000e+00 9.297531e-02 1.964439e-01 7.442806e-01
8.352562e-02 2.911438e-02 7.551571e-03 0.000000e+00 0.000000e+00 0.000000e+00 1.068482e-03 5.000817e-03 2.307306e-02 0.000000e+00 0.000000e+00 4.311755e-03 6.699094e-03 0.000000e+00 1.379199e-02 7.453581e-03 4.657397e-03 0.000000e+00 4.859135e-04 1.201304e-02 1.377963e-01 0.000000e+00 6.325894e-02 5.452561e-02 1.870561e-02 0.000000e+00 4.589351e-03 0.000000e+00 0.000000e+00 1.089437e-02 8.352562e-02 7.777290e-01
8.352562e-02 2.911438e-02 7.551571e-03 0.000000e+00 0.000000e+00 0.000000e+00 1.068482e-03 5.000817e-03 2.307306e-02 0.000000e+00 0.000000e+00 4.311755e-03 6.699094e-03 0.000000e+00 1.379199e-02 7.453581e-03 4.657397e-03 0.000000e+00 4.859135e-04 1.201304e-02 1.377963e-01 0.000000e+00 6.325894e-02 5.452561e-02 1.870561e-02 0.000000e+00 4.589351e-03 0.000000e+00 0.000000e+00 1.089437e-02 8.352562e-02 7.777290e-01
8.352562e-02 2.911438e-02 7.551571e-03 0.000000e+00 0.000000e+00 0.000000e+00 1.068482e-03 5.000817e-03 2.307306e-02 0.000000e+00 0.000000e+00 4.311755e-03 6.699094e-03 0.000000e+00 1.379199e-02 7.453581e-03 4.657397e-03 0.000000e+00 4.859135e-04 1.201304e-02 1.377963e-01 0.000000e+00 6.325894e-02 5.452561e-02 1.870561e-02 0.000000e+00 4.589351e-03 0.000000e+00 0.000000e+00 1.089437e-02 8.352562e-02 7.777290e-01
8.352562e-02 2.911438e-02 7.551571e-03 0.000000e+00 0.000000e+00 0.000000e+00 1.068482e-03 5.000817e-03 2.307306e-02 0.000000e+00 0.000000e+00 4.311755e-03 6.699094e-03 0.000000e+00 1.379199e-02 7.453581e-03 4.657397e-03 0.000000e+00 4.859135e-04 1.201304e-02 1.377963e-01 0.000000e+00 6.325894e-02 5.452561e-02 1.870561e-02 0.000000e+00 4.589351e-03 0.000000e+00 0.000000e+00 1.089437e-02 8.352562e-02 7.777290e-01
8.352562e-02 2.911438e-02 7.551571e-03 0.000000e+00 0.000000e+00 0.000000e+00 1.068482e-03 5.000817e-03 2.307306e-02 0.000000e+00 0.000000e+00 4.311755e-03 6.699094e-03 0.000000e+00 1.379199e-02 7.453581e-03 4.657397e-03 0.000000e+00 4.859135e-04 1.201304e-02 1.377963e-01 0.000000e+00 6.325894e-02 5.452561e-02 1.870561e-02 0.000000e+00 4.589351e-03 0.000000e+00 0.000000e+00 1.089437e-02 8.352562e-02 7.777290e-01
8.352562e-02 2.911438e-02 7.551571e-03 0.000000e+00 0.000000e+00 0.000000e+00 1.068482e-03 5.000817e-03 2.307306e-02 0.000000e+00 0.000000e+00 4.311755e-03 6.699094e-03 0.000000e+00 1.379199e-02 7.453581e-03 4.657397e-03 0.000000e+00 4.859135e-04 1.201304e-02 1.377963e-01 0.000000e+00 6.325894e-02 5.452561e-02 1.870561e-02 0.000000e+00 4.589351e-03 0.000000e+00 0.000000e+00 1.089437e-02 8.352562e-02 7.777290e-01
5.808634e-02 2.911438e-02 7.551571e-03 0.000000e+00 0.000000e+00 0.000000e+00 1.068482e-03 5.000817e-03 2.307306e-02 3.370505e-03 0.000000e+00 4.311755e-03 3.349547e-03 0.000000e+00 0.000000e+00 7.453581e-03 4.657397e-03 0.000000e+00 6.073918e-04 1.201304e-02 1.266582e-01 0.000000e+00 6.325894e-02 5.452561e-02 1.870561e-02 0.000000e+00 3.442013e-03 0.000000e+00 0.000000e+00 5.447184e-03 5.808634e-02 8.051253e-01
5.808634e-02 2.911438e-02 7.551571e-03 0.000000e+00 0.000000e+00 0.000000e+00 1.068482e-03 5.000817e-03 2.307306e-02 3.370505e-03 0.000000e+00 4.311755e-03 3.349547e-03 0.000000e+00 0.000000e+00 7.453581e-03 4.657397e-03 0.000000e+00 6.073918e-04 1.201304e-02 1.266582e-01 0.000000e+00 6.325894e-02 5.452561e-02 1.870561e-02 0.000000e+00 3.442013e-03 0.000000e+00 0.000000e+00 5.447184e-03 5.808634e-02 8.051253e-01
4.886778e-02 3.289429e-02 7.551571e-03 0.000000e+00 0.000000e+00 0.000000e+00 5.488038e-03 9.417567e-03 2.207782e-02 1.472292e-02 0.000000e+00 4.408874e-03 1.172011e-02 0.000000e+00 1.783093e-04 7.359730e-03 3.881164e-03 0.000000e+00 2.429567e-04 9.362858e-03 1.185235e-01 0.000000e+00 5.271578e-02 1.914525e-02 2.338201e-02 0.000000e+00 5.736688e-03 6.483154e-06 3.489335e-03 5.447184e-03 4.886778e-02 8.291803e-01
3.264706e-02 6.142821e-03 9.669589e-03 0.000000e+00 0.000000e+00 1.447211e-03 0.000000e+00 2.010629e-02 1.935749e-02 6.741010e-03 7.217078e-03 2.871338e-03 1.118796e-02 0.000000e+00 1.022239e-02 3.982250e-02 5.433630e-03 0.000000e+00 0.000000e+00 8.563867e-03 1.823488e-01 0.000000e+00 8.721070e-02 0.000000e+00 0.000000e+00 0.000000e+00 2.294675e-03 4.041708e-03 0.000000e+00 0.000000e+00 3.264706e-02 9.116588e-01
1.476772e-02 0.000000e+00 3.315535e-03 0.000000e+00 0.000000e+00 5.121946e-02 5.488038e-03 9.417567e-03 2.851371e-02 5.536949e-03 9.037025e-03 2.416489e-03 1.780544e-02 0.000000e+00 2.128781e-02 8.957620e-03 0.000000e+00 0.000000e+00 2.135295e-03 8.310663e-03 1.051048e-01 0.000000e+00 6.278446e-02 2.479770e-01 1.153942e-01 0.000000e+00 0.000000e+00 6.483154e-06 3.489335e-03 1.509948e-02 1.476772e-02 1.083392e+00
0.000000e+00 0.000000e+00 7.551571e-03 0.000000e+00 0.000000e+00 0.000000e+00 5.488038e-03 9.417567e-03 2.207782e-02 5.536949e-03 9.037025e-03 4.408874e-03 0.000000e+00 0.000000e+00 1.783093e-04 7.359730e-03 0.000000e+00 0.000000e+00 0.000000e+00 8.310663e-03 1.185235e-01 0.000000e+00 5.271578e-02 1.914525e-02 2.805841e-02 0.000000e+00 5.736688e-03 6.483154e-06 3.489335e-03 5.888417e-02 0.000000e+00 1.113563e+00
