6.412358e-01	0.000000e+00	0.000000e+00	2.180498e-03	4.934128e-03	1.680466e-02	0.000000e+00	5.458145e-03	8.466290e-02	2.111665e-01	1.706481e-02	4.343783e-02	0.000000e+00	0.000000e+00	5.161254e-03	8.332353e-03	4.059169e-02	3.994894e-03	2.355591e-03	1.866898e-03	0.000000e+00	3.446518e-04	0.000000e+00	0.000000e+00	6.653531e-04	5.039354e-02	0.000000e+00	1.295790e-02	0.000000e+00	9.102850e-03	6.412358e-01	-3.183862e-01
6.412358e-01	0.000000e+00	0.000000e+00	2.180498e-03	4.934128e-03	1.680466e-02	0.000000e+00	5.458145e-03	8.466290e-02	2.111665e-01	1.706481e-02	4.343783e-02	0.000000e+00	0.000000e+00	5.161254e-03	8.332353e-03	4.059169e-02	3.994894e-03	2.355591e-03	1.866898e-03	0.000000e+00	3.446518e-04	0.000000e+00	0.000000e+00	6.653531e-04	5.039354e-02	0.000000e+00	1.295790e-02	0.000000e+00	9.102850e-03	6.412358e-01	-3.183862e-01
6.412358e-01	0.000000e+00	0.000000e+00	2.180498e-03	4.934128e-03	1.680466e-02	0.000000e+00	5.458145e-03	8.466290e-02	2.111665e-01	1.706481e-02	4.343783e-02	0.000000e+00	0.000000e+00	5.161254e-03	8.332353e-03	4.059169e-02	3.994894e-03	2.355591e-03	1.866898e-03	0.000000e+00	3.446518e-04	0.000000e+00	0.000000e+00	6.653531e-04	5.039354e-02	0.000000e+00	1.295790e-02	0.000000e+00	9.102850e-03	6.412358e-01	-3.183862e-01
6.412358e-01	0.000000e+00	0.000000e+00	2.180498e-03	4.934128e-03	1.680466e-02	0.000000e+00	5.458145e-03	8.466290e-02	2.111665e-01	1.706481e-02	4.343783e-02	0.000000e+00	0.000000e+00	5.161254e-03	8.332353e-03	4.059169e-02	3.994894e-03	2.355591e-03	1.866898e-03	0.000000e+00	3.446518e-04	0.000000e+00	0.000000e+00	6.653531e-04	5.039354e-02	0.000000e+00	1.295790e-02	0.000000e+00	9.102850e-03	6.412358e-01	-3.183862e-01
6.412358e-01	0.000000e+00	0.000000e+00	2.180498e-03	4.934128e-03	2.177708e-02	0.000000e+00	5.458145e-03	8.466290e-02	2.111665e-01	1.706481e-02	4.343783e-02	2.414595e-02	0.000000e+00	5.161254e-03	8.332353e-03	4.059169e-02	3.994894e-03	2.355591e-03	1.866898e-03	0.000000e+00	3.446518e-04	0.000000e+00	0.000000e+00	6.653531e-04	5.039354e-02	0.000000e+00	1.295790e-02	0.000000e+00	9.102850e-03	6.412358e-01	-3.126997e-01
6.412358e-01	0.000000e+00	0.000000e+00	2.180498e-03	4.934128e-03	2.177708e-02	0.000000e+00	5.458145e-03	8.466290e-02	2.111665e-01	1.706481e-02	4.343783e-02	2.414595e-02	0.000000e+00	5.161254e-03	8.332353e-03	4.059169e-02	3.994894e-03	2.355591e-03	1.866898e-03	0.000000e+00	3.446518e-04	0.000000e+00	0.000000e+00	6.653531e-04	5.039354e-02	0.000000e+00	1.295790e-02	0.000000e+00	9.102850e-03	6.412358e-01	-3.126997e-01
6.412358e-01	0.000000e+00	0.000000e+00	2.180498e-03	4.934128e-03	2.177708e-02	0.000000e+00	5.458145e-03	8.367996e-02	2.111665e-01	1.706481e-02	4.343783e-02	2.414595e-02	0.000000e+00	5.161254e-03	8.332353e-03	4.059169e-02	3.994894e-03	2.355591e-03	1.866898e-03	0.000000e+00	7.271147e-02	0.000000e+00	0.000000e+00	6.653531e-04	5.039354e-02	0.000000e+00	1.295790e-02	0.000000e+00	9.102850e-03	6.412358e-01	-2.987049e-01
6.394662e-01	0.000000e+00	0.000000e+00	2.180498e-03	4.934128e-03	2.177708e-02	0.000000e+00	5.458145e-03	8.367996e-02	2.111665e-01	1.706481e-02	4.343783e-02	2.414595e-02	0.000000e+00	5.161254e-03	8.332353e-03	4.059169e-02	3.994894e-03	2.355591e-03	1.866898e-03	0.000000e+00	7.271147e-02	0.000000e+00	0.000000e+00	6.653531e-04	5.039354e-02	0.000000e+00	1.295790e-02	0.000000e+00	9.102850e-03	6.394662e-01	-2.851837e-01
6.394662e-01	0.000000e+00	0.000000e+00	2.180498e-03	4.934128e-03	2.177708e-02	0.000000e+00	5.458145e-03	8.367996e-02	2.111665e-01	1.706481e-02	4.343783e-02	2.414595e-02	0.000000e+00	5.161254e-03	8.332353e-03	4.059169e-02	3.994894e-03	2.355591e-03	1.866898e-03	0.000000e+00	7.271147e-02	0.000000e+00	0.000000e+00	6.653531e-04	5.039354e-02	0.000000e+00	1.295790e-02	0.000000e+00	9.102850e-03	6.394662e-01	-2.851837e-01
6.394662e-01	0.000000e+00	0.000000e+00	2.180498e-03	0.000000e+00	2.177708e-02	0.000000e+00	5.458145e-03	8.367996e-02	2.111665e-01	1.706481e-02	4.343783e-02	2.414595e-02	0.000000e+00	5.161254e-03	8.332353e-03	4.059169e-02	3.994894e-03	2.355591e-03	1.866898e-03	0.000000e+00	7.271147e-02	4.207765e-02	0.000000e+00	6.653531e-04	5.039354e-02	0.000000e+00	1.295790e-02	0.000000e+00	9.102850e-03	6.394662e-01	-2.778660e-01
6.394662e-01	0.000000e+00	0.000000e+00	2.180498e-03	0.000000e+00	2.177708e-02	0.000000e+00	0.000000e+00	8.367996e-02	1.977112e-01	1.706481e-02	4.343783e-02	2.414595e-02	0.000000e+00	5.161254e-03	8.332353e-03	4.059169e-02	3.994894e-03	2.355591e-03	1.866898e-03	0.000000e+00	7.271147e-02	4.207765e-02	0.000000e+00	6.653531e-04	5.039354e-02	0.000000e+00	1.295790e-02	0.000000e+00	0.000000e+00	6.394662e-01	-2.833874e-01
6.394662e-01	0.000000e+00	4.143079e-03	1.145861e-03	8.248395e-03	2.177708e-02	0.000000e+00	5.491593e-03	4.621825e-02	1.615924e-01	8.953391e-03	2.691795e-02	1.207297e-02	9.937429e-03	1.141353e-02	8.332353e-03	0.000000e+00	2.663262e-03	4.858407e-03	1.866898e-03	5.214406e-02	7.271147e-02	2.180286e-02	0.000000e+00	3.326766e-04	1.385259e-01	0.000000e+00	1.367778e-02	0.000000e+00	0.000000e+00	6.394662e-01	-2.826546e-01
6.394662e-01	0.000000e+00	4.143079e-03	1.145861e-03	8.248395e-03	2.177708e-02	0.000000e+00	5.491593e-03	4.621825e-02	1.615924e-01	8.953391e-03	2.691795e-02	1.207297e-02	9.937429e-03	1.141353e-02	8.332353e-03	0.000000e+00	2.663262e-03	4.858407e-03	1.866898e-03	5.214406e-02	7.271147e-02	2.180286e-02	0.000000e+00	3.326766e-04	1.385259e-01	0.000000e+00	1.367778e-02	0.000000e+00	0.000000e+00	6.394662e-01	-2.826546e-01
6.394662e-01	0.000000e+00	4.143079e-03	0.000000e+00	8.248395e-03	1.029032e-01	0.000000e+00	1.372898e-02	4.621825e-02	1.615924e-01	8.953391e-03	2.691795e-02	0.000000e+00	2.484357e-02	1.141353e-02	0.000000e+00	1.239361e-03	6.658156e-04	4.858407e-03	1.324354e-03	0.000000e+00	7.271147e-02	0.000000e+00	0.000000e+00	0.000000e+00	1.385259e-01	0.000000e+00	1.475761e-02	0.000000e+00	0.000000e+00	6.394662e-01	-2.810358e-01
6.394662e-01	0.000000e+00	4.143079e-03	0.000000e+00	8.248395e-03	1.029032e-01	0.000000e+00	1.372898e-02	4.621825e-02	1.615924e-01	8.953391e-03	2.691795e-02	0.000000e+00	2.484357e-02	1.141353e-02	0.000000e+00	1.239361e-03	6.658156e-04	4.858407e-03	1.324354e-03	0.000000e+00	7.271147e-02	0.000000e+00	0.000000e+00	0.000000e+00	1.385259e-01	0.000000e+00	1.475761e-02	0.000000e+00	0.000000e+00	6.394662e-01	-2.810358e-01
6.394662e-01	0.000000e+00	4.143079e-03	0.000000e+00	8.248395e-03	1.029032e-01	0.000000e+00	1.372898e-02	4.621825e-02	1.615924e-01	8.953391e-03	2.691795e-02	0.000000e+00	2.484357e-02	1.141353e-02	0.000000e+00	1.239361e-03	0.000000e+00	4.858407e-03	1.324354e-03	0.000000e+00	7.271147e-02	0.000000e+00	0.000000e+00	0.000000e+00	1.385259e-01	0.000000e+00	1.475761e-02	0.000000e+00	0.000000e+00	6.394662e-01	-2.811670e-01
6.394662e-01	0.000000e+00	4.143079e-03	0.000000e+00	8.248395e-03	1.029032e-01	0.000000e+00	1.372898e-02	4.621825e-02	1.615924e-01	0.000000e+00	2.691795e-02	0.000000e+00	2.484357e-02	1.141353e-02	0.000000e+00	1.239361e-03	0.000000e+00	4.858407e-03	1.324354e-03	0.000000e+00	7.271147e-02	0.000000e+00	0.000000e+00	0.000000e+00	1.385259e-01	0.000000e+00	1.475761e-02	0.000000e+00	0.000000e+00	6.394662e-01	-2.829306e-01
6.394662e-01	0.000000e+00	4.143079e-03	0.000000e+00	8.248395e-03	1.029032e-01	0.000000e+00	1.372898e-02	4.621825e-02	1.615924e-01	0.000000e+00	2.691795e-02	0.000000e+00	2.484357e-02	1.141353e-02	0.000000e+00	1.239361e-03	0.000000e+00	4.858407e-03	1.324354e-03	0.000000e+00	7.271147e-02	0.000000e+00	0.000000e+00	0.000000e+00	1.385259e-01	0.000000e+00	1.475761e-02	0.000000e+00	0.000000e+00	6.394662e-01	-2.829306e-01
6.394662e-01	0.000000e+00	4.143079e-03	0.000000e+00	8.248395e-03	1.029032e-01	0.000000e+00	1.372898e-02	4.621825e-02	1.615924e-01	0.000000e+00	2.691795e-02	0.000000e+00	2.484357e-02	1.141353e-02	0.000000e+00	1.239361e-03	0.000000e+00	4.858407e-03	1.324354e-03	0.000000e+00	7.271147e-02	0.000000e+00	0.000000e+00	0.000000e+00	1.385259e-01	0.000000e+00	1.475761e-02	0.000000e+00	0.000000e+00	6.394662e-01	-2.829306e-01
6.394662e-01	0.000000e+00	4.143079e-03	0.000000e+00	8.248395e-03	1.029032e-01	0.000000e+00	1.372898e-02	4.621825e-02	1.615924e-01	0.000000e+00	2.691795e-02	0.000000e+00	2.484357e-02	1.141353e-02	0.000000e+00	1.239361e-03	0.000000e+00	4.858407e-03	1.324354e-03	0.000000e+00	7.271147e-02	0.000000e+00	0.000000e+00	0.000000e+00	1.385259e-01	0.000000e+00	1.475761e-02	0.000000e+00	0.000000e+00	6.394662e-01	-2.829306e-01
6.394662e-01	0.000000e+00	4.143079e-03	0.000000e+00	8.248395e-03	1.029032e-01	0.000000e+00	1.372898e-02	4.621825e-02	1.615924e-01	0.000000e+00	2.691795e-02	0.000000e+00	2.484357e-02	1.141353e-02	0.000000e+00	1.239361e-03	0.000000e+00	4.858407e-03	1.324354e-03	0.000000e+00	7.271147e-02	0.000000e+00	0.000000e+00	0.000000e+00	1.385259e-01	0.000000e+00	1.475761e-02	0.000000e+00	0.000000e+00	6.394662e-01	-2.829306e-01
6.394662e-01	0.000000e+00	4.143079e-03	0.000000e+00	8.248395e-03	1.029032e-01	0.000000e+00	1.372898e-02	4.621825e-02	1.615924e-01	0.000000e+00	2.691795e-02	0.000000e+00	2.484357e-02	1.141353e-02	0.000000e+00	1.239361e-03	0.000000e+00	4.858407e-03	1.324354e-03	0.000000e+00	7.271147e-02	0.000000e+00	0.000000e+00	0.000000e+00	1.385259e-01	0.000000e+00	1.475761e-02	0.000000e+00	0.000000e+00	6.394662e-01	-2.829306e-01
6.394662e-01	0.000000e+00	4.143079e-03	0.000000e+00	8.248395e-03	1.029032e-01	0.000000e+00	1.372898e-02	4.621825e-02	1.615924e-01	0.000000e+00	2.691795e-02	0.000000e+00	2.484357e-02	1.141353e-02	0.000000e+00	1.239361e-03	0.000000e+00	4.858407e-03	1.324354e-03	0.000000e+00	7.271147e-02	0.000000e+00	0.000000e+00	0.000000e+00	1.385259e-01	0.000000e+00	1.475761e-02	0.000000e+00	0.000000e+00	6.394662e-01	-2.829306e-01
6.394662e-01	0.000000e+00	4.143079e-03	0.000000e+00	8.248395e-03	1.029032e-01	0.000000e+00	1.372898e-02	4.621825e-02	1.615924e-01	0.000000e+00	2.691795e-02	0.000000e+00	2.484357e-02	1.141353e-02	0.000000e+00	1.239361e-03	0.000000e+00	4.858407e-03	1.324354e-03	0.000000e+00	7.271147e-02	0.000000e+00	0.000000e+00	0.000000e+00	1.385259e-01	0.000000e+00	1.475761e-02	0.000000e+00	0.000000e+00	6.394662e-01	-2.829306e-01
6.394662e-01	0.000000e+00	4.143079e-03	0.000000e+00	8.248395e-03	1.029032e-01	0.000000e+00	1.372898e-02	4.621825e-02	1.615924e-01	0.000000e+00	2.691795e-02	0.000000e+00	2.484357e-02	1.141353e-02	0.000000e+00	1.239361e-03	0.000000e+00	4.858407e-03	1.324354e-03	0.000000e+00	7.271147e-02	0.000000e+00	0.000000e+00	0.000000e+00	1.385259e-01	0.000000e+00	1.475761e-02	0.000000e+00	0.000000e+00	6.394662e-01	-2.829306e-01
6.394662e-01	0.000000e+00	4.143079e-03	0.000000e+00	8.248395e-03	1.029032e-01	0.000000e+00	1.372898e-02	4.621825e-02	1.615924e-01	0.000000e+00	2.691795e-02	0.000000e+00	2.484357e-02	1.141353e-02	0.000000e+00	1.239361e-03	0.000000e+00	4.858407e-03	1.324354e-03	0.000000e+00	7.271147e-02	0.000000e+00	0.000000e+00	0.000000e+00	1.385259e-01	0.000000e+00	1.475761e-02	0.000000e+00	0.000000e+00	6.394662e-01	-2.829306e-01
4.563069e-01	0.000000e+00	8.286157e-03	1.112234e-04	1.649679e-02	7.586114e-02	0.000000e+00	1.098319e-02	8.756545e-03	1.254735e-01	8.419719e-04	1.039808e-02	0.000000e+00	1.987486e-02	1.766581e-02	0.000000e+00	8.262408e-04	1.331631e-03	7.361223e-03	1.505202e-03	0.000000e+00	2.216480e-03	1.528077e-03	0.000000e+00	0.000000e+00	3.526769e-02	0.000000e+00	1.439767e-02	0.000000e+00	0.000000e+00	4.563069e-01	-4.806848e-02
4.563069e-01	0.000000e+00	8.286157e-03	1.112234e-04	1.649679e-02	7.586114e-02	0.000000e+00	1.098319e-02	8.756545e-03	1.254735e-01	8.419719e-04	1.039808e-02	0.000000e+00	1.987486e-02	1.766581e-02	0.000000e+00	8.262408e-04	1.331631e-03	7.361223e-03	1.505202e-03	0.000000e+00	2.216480e-03	1.528077e-03	0.000000e+00	0.000000e+00	3.526769e-02	0.000000e+00	1.439767e-02	0.000000e+00	0.000000e+00	4.563069e-01	-4.806848e-02
4.563069e-01	0.000000e+00	8.286157e-03	1.112234e-04	1.879051e-02	7.586114e-02	1.907793e-03	0.000000e+00	8.756545e-03	1.178402e-01	8.419719e-04	1.039808e-02	0.000000e+00	2.968438e-02	1.766581e-02	0.000000e+00	8.262408e-04	1.331631e-03	9.422365e-03	1.505202e-03	0.000000e+00	2.216480e-03	6.424640e-03	0.000000e+00	0.000000e+00	3.255682e-02	0.000000e+00	1.439767e-02	0.000000e+00	0.000000e+00	4.563069e-01	-4.814413e-02
4.563069e-01	0.000000e+00	8.286157e-03	1.112234e-04	1.879051e-02	7.586114e-02	1.907793e-03	0.000000e+00	8.756545e-03	1.178402e-01	8.419719e-04	1.039808e-02	0.000000e+00	2.968438e-02	1.766581e-02	0.000000e+00	8.262408e-04	1.331631e-03	9.422365e-03	1.505202e-03	0.000000e+00	2.216480e-03	6.424640e-03	0.000000e+00	0.000000e+00	3.255682e-02	0.000000e+00	1.439767e-02	0.000000e+00	0.000000e+00	4.563069e-01	-4.814413e-02
4.563069e-01	0.000000e+00	8.286157e-03	1.112234e-04	1.879051e-02	7.586114e-02	1.907793e-03	0.000000e+00	8.756545e-03	1.178402e-01	8.419719e-04	1.039808e-02	0.000000e+00	2.968438e-02	1.766581e-02	0.000000e+00	8.262408e-04	1.331631e-03	9.422365e-03	1.505202e-03	0.000000e+00	2.216480e-03	6.424640e-03	0.000000e+00	0.000000e+00	3.255682e-02	0.000000e+00	1.439767e-02	0.000000e+00	0.000000e+00	4.563069e-01	-4.814413e-02
4.563069e-01	0.000000e+00	8.286157e-03	1.112234e-04	1.879051e-02	7.586114e-02	1.907793e-03	0.000000e+00	8.756545e-03	1.178402e-01	8.419719e-04	1.039808e-02	0.000000e+00	2.968438e-02	1.766581e-02	0.000000e+00	8.262408e-04	1.331631e-03	9.422365e-03	1.505202e-03	0.000000e+00	2.216480e-03	6.424640e-03	0.000000e+00	0.000000e+00	3.255682e-02	0.000000e+00	1.439767e-02	0.000000e+00	0.000000e+00	4.563069e-01	-4.814413e-02
4.457756e-01	0.000000e+00	8.286157e-03	2.002757e-03	2.685851e-02	0.000000e+00	5.988389e-03	6.140828e-03	3.830988e-03	1.090140e-01	1.524947e-03	2.385705e-02	0.000000e+00	2.361738e-02	0.000000e+00	0.000000e+00	1.913356e-02	4.993617e-04	1.354465e-02	1.505202e-03	8.524547e-03	4.209285e-02	7.098337e-03	0.000000e+00	0.000000e+00	1.356754e-02	1.199337e-03	2.099618e-02	3.985041e-03	9.690767e-03	4.457756e-01	-3.559859e-02
4.457756e-01	0.000000e+00	8.286157e-03	2.002757e-03	2.685851e-02	0.000000e+00	5.988389e-03	6.140828e-03	3.830988e-03	1.090140e-01	1.524947e-03	2.385705e-02	0.000000e+00	2.361738e-02	0.000000e+00	0.000000e+00	1.913356e-02	4.993617e-04	1.354465e-02	1.505202e-03	8.524547e-03	4.209285e-02	7.098337e-03	0.000000e+00	0.000000e+00	1.356754e-02	1.199337e-03	2.099618e-02	3.985041e-03	9.690767e-03	4.457756e-01	-3.559859e-02
4.433208e-01	0.000000e+00	8.286157e-03	0.000000e+00	2.337796e-02	9.917035e-02	1.022504e-03	6.823235e-03	2.009754e-02	1.025734e-01	0.000000e+00	2.385705e-02	0.000000e+00	3.307798e-02	1.766581e-02	0.000000e+00	0.000000e+00	9.987234e-04	1.354465e-02	1.505202e-03	7.467521e-03	2.216480e-03	6.424640e-03	0.000000e+00	0.000000e+00	2.713508e-02	0.000000e+00	1.457764e-02	0.000000e+00	0.000000e+00	4.433208e-01	-1.330893e-02
4.433208e-01	0.000000e+00	8.286157e-03	0.000000e+00	2.337796e-02	9.917035e-02	1.022504e-03	6.823235e-03	2.009754e-02	1.025734e-01	0.000000e+00	2.385705e-02	0.000000e+00	3.307798e-02	1.766581e-02	0.000000e+00	0.000000e+00	9.987234e-04	1.354465e-02	1.505202e-03	7.467521e-03	2.216480e-03	6.424640e-03	0.000000e+00	0.000000e+00	2.713508e-02	0.000000e+00	1.457764e-02	0.000000e+00	0.000000e+00	4.433208e-01	-1.330893e-02
4.352443e-01	0.000000e+00	4.143079e-03	1.198243e-03	3.311552e-02	5.628476e-02	1.392403e-02	6.140690e-03	1.915800e-02	8.730670e-02	3.049893e-03	0.000000e+00	0.000000e+00	1.805637e-02	1.545298e-02	0.000000e+00	6.653267e-03	6.658156e-04	1.766693e-02	1.505202e-03	3.341607e-03	2.493133e-03	3.212320e-03	0.000000e+00	0.000000e+00	1.356754e-02	2.398675e-03	2.741472e-02	6.831499e-03	0.000000e+00	4.352443e-01	2.330531e-02
4.352443e-01	0.000000e+00	4.143079e-03	4.181060e-03	3.492652e-02	5.628476e-02	1.297013e-02	1.228166e-02	1.915800e-02	1.001878e-01	3.049893e-03	0.000000e+00	0.000000e+00	1.805637e-02	1.434656e-02	0.000000e+00	6.653267e-03	9.987234e-04	1.766693e-02	1.505202e-03	3.341607e-03	2.822447e-03	3.212320e-03	0.000000e+00	0.000000e+00	1.356754e-02	2.398675e-03	2.741472e-02	1.138583e-02	1.938153e-02	4.352443e-01	3.319458e-02
4.352443e-01	0.000000e+00	4.143079e-03	4.181060e-03	3.492652e-02	5.628476e-02	1.297013e-02	1.228166e-02	1.915800e-02	1.001878e-01	3.049893e-03	0.000000e+00	0.000000e+00	1.805637e-02	1.434656e-02	0.000000e+00	6.653267e-03	9.987234e-04	1.766693e-02	1.505202e-03	3.341607e-03	2.822447e-03	3.212320e-03	0.000000e+00	0.000000e+00	1.356754e-02	2.398675e-03	2.741472e-02	1.138583e-02	1.938153e-02	4.352443e-01	3.319458e-02
4.303347e-01	0.000000e+00	0.000000e+00	1.198243e-03	2.796540e-02	5.628476e-02	1.406125e-02	1.364647e-02	4.378272e-03	8.730670e-02	0.000000e+00	0.000000e+00	0.000000e+00	3.697757e-02	1.545298e-02	0.000000e+00	0.000000e+00	1.997447e-03	1.766693e-02	1.505202e-03	1.827665e-02	2.632885e-03	1.864926e-03	0.000000e+00	1.660401e-02	2.171334e-02	0.000000e+00	1.475761e-02	2.277166e-03	0.000000e+00	4.303347e-01	6.852715e-02
4.270886e-01	0.000000e+00	8.286157e-03	2.002757e-03	2.685851e-02	0.000000e+00	5.988389e-03	8.187218e-03	3.830988e-03	1.401039e-01	1.840686e-03	0.000000e+00	0.000000e+00	1.567275e-02	0.000000e+00	0.000000e+00	1.913356e-02	9.987234e-04	1.015849e-02	1.505202e-03	8.524547e-03	4.086229e-03	4.818480e-03	0.000000e+00	0.000000e+00	1.356754e-02	1.199337e-03	2.099618e-02	3.985041e-03	0.000000e+00	4.270886e-01	8.906164e-02
4.270886e-01	0.000000e+00	8.286157e-03	1.688273e-03	2.324728e-02	0.000000e+00	5.988389e-03	3.411617e-03	1.818204e-02	1.401039e-01	3.023018e-04	0.000000e+00	0.000000e+00	3.367389e-02	2.152905e-02	0.000000e+00	1.913356e-02	9.154964e-04	1.523773e-02	1.505202e-03	8.524547e-03	4.086229e-03	4.818480e-03	0.000000e+00	0.000000e+00	2.713508e-02	1.199337e-03	6.534458e-02	3.985041e-03	0.000000e+00	4.270886e-01	1.118745e-01
4.270886e-01	0.000000e+00	8.286157e-03	1.688273e-03	2.324728e-02	0.000000e+00	5.988389e-03	3.411617e-03	1.818204e-02	1.401039e-01	3.023018e-04	0.000000e+00	0.000000e+00	3.367389e-02	2.152905e-02	0.000000e+00	1.913356e-02	9.154964e-04	1.523773e-02	1.505202e-03	8.524547e-03	4.086229e-03	4.818480e-03	0.000000e+00	0.000000e+00	2.713508e-02	1.199337e-03	6.534458e-02	3.985041e-03	0.000000e+00	4.270886e-01	1.118745e-01
4.228941e-01	0.000000e+00	0.000000e+00	1.200500e-02	2.659716e-02	3.166555e-02	0.000000e+00	1.363983e-03	0.000000e+00	8.905595e-02	5.467190e-03	0.000000e+00	0.000000e+00	1.670417e-03	5.586548e-02	0.000000e+00	1.289341e-02	0.000000e+00	0.000000e+00	4.016248e-05	3.119850e-02	4.328452e-03	1.476777e-03	0.000000e+00	2.187992e-02	2.710871e-03	2.168180e-03	7.431209e-02	9.108665e-03	0.000000e+00	4.228941e-01	1.525613e-01
4.206747e-01	0.000000e+00	0.000000e+00	8.220866e-03	3.959391e-02	0.000000e+00	0.000000e+00	1.228193e-02	2.462778e-03	1.060279e-01	5.889293e-03	0.000000e+00	0.000000e+00	3.080232e-02	4.813899e-02	0.000000e+00	3.348304e-03	1.331631e-03	1.354465e-02	0.000000e+00	9.138324e-03	2.875109e-03	6.424640e-03	0.000000e+00	1.660401e-02	2.713508e-02	0.000000e+00	2.052094e-02	9.108665e-03	0.000000e+00	4.206747e-01	1.741739e-01
4.188162e-01	0.000000e+00	8.286157e-03	2.002757e-03	2.685851e-02	0.000000e+00	5.988389e-03	8.187218e-03	3.830988e-03	1.401039e-01	3.495508e-03	0.000000e+00	0.000000e+00	4.335054e-02	4.813899e-02	0.000000e+00	1.913356e-02	1.498085e-03	1.015849e-02	0.000000e+00	8.524547e-03	5.090978e-03	4.818480e-03	0.000000e+00	8.302006e-03	2.713508e-02	0.000000e+00	2.099618e-02	7.685436e-03	0.000000e+00	4.188162e-01	2.053513e-01
4.188162e-01	0.000000e+00	8.286157e-03	2.002757e-03	2.685851e-02	0.000000e+00	5.988389e-03	8.187218e-03	3.830988e-03	1.401039e-01	3.495508e-03	0.000000e+00	0.000000e+00	4.335054e-02	4.813899e-02	0.000000e+00	1.913356e-02	1.498085e-03	1.015849e-02	0.000000e+00	8.524547e-03	5.090978e-03	4.818480e-03	0.000000e+00	8.302006e-03	2.713508e-02	0.000000e+00	2.099618e-02	7.685436e-03	0.000000e+00	4.188162e-01	2.053513e-01
4.144941e-01	6.819092e-04	0.000000e+00	1.047326e-02	4.840599e-02	5.249138e-04	4.769482e-04	5.458145e-03	0.000000e+00	9.384110e-02	6.844104e-03	0.000000e+00	0.000000e+00	3.322258e-03	3.456802e-02	6.560622e-03	1.686808e-02	6.658156e-04	0.000000e+00	4.016248e-05	4.569162e-03	3.601781e-03	0.000000e+00	0.000000e+00	2.844493e-02	1.356754e-02	1.568512e-03	4.901861e-02	9.108665e-03	0.000000e+00	4.144941e-01	2.460079e-01
4.144941e-01	6.819092e-04	0.000000e+00	1.047326e-02	4.840599e-02	5.249138e-04	4.769482e-04	5.458145e-03	0.000000e+00	9.384110e-02	6.844104e-03	0.000000e+00	0.000000e+00	3.322258e-03	3.456802e-02	6.560622e-03	1.686808e-02	6.658156e-04	0.000000e+00	4.016248e-05	4.569162e-03	3.601781e-03	0.000000e+00	0.000000e+00	2.844493e-02	1.356754e-02	1.568512e-03	4.901861e-02	9.108665e-03	0.000000e+00	4.144941e-01	2.460079e-01
2.617434e-01	6.819092e-04	0.000000e+00	1.047326e-02	3.959391e-02	5.249138e-04	2.384741e-04	0.000000e+00	0.000000e+00	1.025734e-01	6.693611e-03	0.000000e+00	0.000000e+00	1.661129e-03	7.385470e-04	1.312124e-02	1.374801e-02	1.331631e-03	0.000000e+00	0.000000e+00	9.138324e-03	4.536305e-03	0.000000e+00	0.000000e+00	8.302006e-03	1.356754e-02	6.707987e-03	2.020944e-02	0.000000e+00	0.000000e+00	2.617434e-01	3.032682e-01
2.617434e-01	6.819092e-04	0.000000e+00	1.047326e-02	3.959391e-02	5.249138e-04	2.384741e-04	0.000000e+00	0.000000e+00	1.025734e-01	6.693611e-03	0.000000e+00	0.000000e+00	1.661129e-03	7.385470e-04	1.312124e-02	1.374801e-02	1.331631e-03	0.000000e+00	0.000000e+00	9.138324e-03	4.536305e-03	0.000000e+00	0.000000e+00	8.302006e-03	1.356754e-02	6.707987e-03	2.020944e-02	0.000000e+00	0.000000e+00	2.617434e-01	3.032682e-01
2.617434e-01	6.819092e-04	0.000000e+00	1.047326e-02	3.959391e-02	5.249138e-04	2.384741e-04	0.000000e+00	0.000000e+00	1.025734e-01	6.693611e-03	0.000000e+00	0.000000e+00	1.661129e-03	7.385470e-04	1.312124e-02	1.374801e-02	1.331631e-03	0.000000e+00	0.000000e+00	9.138324e-03	4.536305e-03	0.000000e+00	0.000000e+00	8.302006e-03	1.356754e-02	6.707987e-03	2.020944e-02	0.000000e+00	0.000000e+00	2.617434e-01	3.032682e-01
2.617434e-01	6.819092e-04	0.000000e+00	1.047326e-02	3.959391e-02	5.249138e-04	2.384741e-04	0.000000e+00	0.000000e+00	1.025734e-01	6.693611e-03	0.000000e+00	0.000000e+00	1.661129e-03	7.385470e-04	1.312124e-02	1.374801e-02	1.331631e-03	0.000000e+00	0.000000e+00	9.138324e-03	4.536305e-03	0.000000e+00	0.000000e+00	8.302006e-03	1.356754e-02	6.707987e-03	2.020944e-02	0.000000e+00	0.000000e+00	2.617434e-01	3.032682e-01
2.617434e-01	6.819092e-04	0.000000e+00	1.047326e-02	3.959391e-02	5.249138e-04	2.384741e-04	0.000000e+00	0.000000e+00	1.025734e-01	6.693611e-03	0.000000e+00	0.000000e+00	1.661129e-03	7.385470e-04	1.312124e-02	1.374801e-02	1.331631e-03	0.000000e+00	0.000000e+00	9.138324e-03	4.536305e-03	0.000000e+00	0.000000e+00	8.302006e-03	1.356754e-02	6.707987e-03	2.020944e-02	0.000000e+00	0.000000e+00	2.617434e-01	3.032682e-01
2.617434e-01	6.819092e-04	0.000000e+00	1.047326e-02	3.959391e-02	5.249138e-04	2.384741e-04	0.000000e+00	0.000000e+00	1.025734e-01	6.693611e-03	0.000000e+00	0.000000e+00	1.661129e-03	7.385470e-04	1.312124e-02	1.374801e-02	1.331631e-03	0.000000e+00	0.000000e+00	9.138324e-03	4.536305e-03	0.000000e+00	0.000000e+00	8.302006e-03	1.356754e-02	6.707987e-03	2.020944e-02	0.000000e+00	0.000000e+00	2.617434e-01	3.032682e-01
2.617434e-01	6.819092e-04	0.000000e+00	1.047326e-02	3.959391e-02	5.249138e-04	2.384741e-04	0.000000e+00	0.000000e+00	1.025734e-01	6.693611e-03	0.000000e+00	0.000000e+00	1.661129e-03	7.385470e-04	1.312124e-02	1.374801e-02	1.331631e-03	0.000000e+00	0.000000e+00	9.138324e-03	4.536305e-03	0.000000e+00	0.000000e+00	8.302006e-03	1.356754e-02	6.707987e-03	2.020944e-02	0.000000e+00	0.000000e+00	2.617434e-01	3.032682e-01
2.617434e-01	6.819092e-04	0.000000e+00	1.047326e-02	3.959391e-02	5.249138e-04	2.384741e-04	0.000000e+00	0.000000e+00	1.025734e-01	6.693611e-03	0.000000e+00	0.000000e+00	1.661129e-03	7.385470e-04	1.312124e-02	1.374801e-02	1.331631e-03	0.000000e+00	0.000000e+00	9.138324e-03	4.536305e-03	0.000000e+00	0.000000e+00	8.302006e-03	1.356754e-02	6.707987e-03	2.020944e-02	0.000000e+00	0.000000e+00	2.617434e-01	3.032682e-01
2.570025e-01	0.000000e+00	0.000000e+00	0.000000e+00	4.963111e-02	1.049828e-03	3.577112e-04	2.045974e-03	0.000000e+00	8.510876e-02	6.994596e-03	0.000000e+00	0.000000e+00	0.000000e+00	0.000000e+00	2.440900e-02	2.084275e-02	0.000000e+00	0.000000e+00	0.000000e+00	0.000000e+00	5.574727e-03	0.000000e+00	0.000000e+00	0.000000e+00	2.035131e-02	1.341597e-02	3.225977e-02	1.138583e-03	0.000000e+00	2.570025e-01	3.036170e-01
2.408933e-01	5.796228e-03	0.000000e+00	8.934314e-03	3.220228e-02	2.624569e-04	2.384741e-04	0.000000e+00	0.000000e+00	1.200381e-01	6.693611e-03	7.870319e-03	0.000000e+00	4.152823e-03	3.139720e-03	0.000000e+00	1.374801e-02	1.331631e-03	0.000000e+00	0.000000e+00	8.345848e-03	3.168598e-03	0.000000e+00	0.000000e+00	8.302006e-03	1.356754e-02	6.707987e-03	1.730355e-02	5.692916e-03	0.000000e+00	2.408933e-01	3.411392e-01
2.408933e-01	5.796228e-03	0.000000e+00	8.934314e-03	3.220228e-02	2.624569e-04	2.384741e-04	0.000000e+00	0.000000e+00	1.200381e-01	6.693611e-03	7.870319e-03	0.000000e+00	4.152823e-03	3.139720e-03	0.000000e+00	1.374801e-02	1.331631e-03	0.000000e+00	0.000000e+00	8.345848e-03	3.168598e-03	0.000000e+00	0.000000e+00	8.302006e-03	1.356754e-02	6.707987e-03	1.730355e-02	5.692916e-03	0.000000e+00	2.408933e-01	3.411392e-01
2.343170e-01	6.819092e-04	1.074468e-03	1.047326e-02	3.959391e-02	5.249138e-04	5.961853e-05	1.429519e-03	0.000000e+00	1.025734e-01	6.441791e-03	1.370497e-02	0.000000e+00	0.000000e+00	0.000000e+00	1.312124e-02	1.374801e-02	1.331631e-03	2.007234e-02	0.000000e+00	2.046838e-02	4.536305e-03	0.000000e+00	0.000000e+00	0.000000e+00	1.369914e-02	0.000000e+00	4.102045e-03	0.000000e+00	0.000000e+00	2.343170e-01	3.728472e-01
2.326379e-01	0.000000e+00	4.942766e-03	8.164877e-02	0.000000e+00	5.249138e-04	0.000000e+00	4.905012e-03	1.436308e-03	1.636997e-01	6.441791e-03	2.740995e-02	0.000000e+00	1.162790e-02	1.108179e-02	0.000000e+00	9.847403e-03	0.000000e+00	4.014469e-02	0.000000e+00	2.266012e-02	3.238221e-03	0.000000e+00	0.000000e+00	1.352901e-02	2.632065e-04	0.000000e+00	0.000000e+00	1.081654e-02	0.000000e+00	2.326379e-01	4.172791e-01
2.200432e-01	3.715102e-02	1.620066e-03	1.488249e-02	0.000000e+00	1.626328e-02	1.192371e-04	2.043200e-04	0.000000e+00	5.128671e-02	5.417671e-03	1.648613e-02	3.634551e-03	2.076411e-03	9.696563e-03	0.000000e+00	2.661307e-02	6.658156e-04	3.094931e-03	5.841816e-05	1.212253e-02	0.000000e+00	2.538765e-03	9.496466e-04	1.506239e-02	1.194763e-04	1.568512e-03	0.000000e+00	1.138583e-02	0.000000e+00	2.200432e-01	4.569836e-01
2.200432e-01	3.715102e-02	1.620066e-03	1.488249e-02	0.000000e+00	1.626328e-02	1.192371e-04	2.043200e-04	0.000000e+00	5.128671e-02	5.417671e-03	1.648613e-02	3.634551e-03	2.076411e-03	9.696563e-03	0.000000e+00	2.661307e-02	6.658156e-04	3.094931e-03	5.841816e-05	1.212253e-02	0.000000e+00	2.538765e-03	9.496466e-04	1.506239e-02	1.194763e-04	1.568512e-03	0.000000e+00	1.138583e-02	0.000000e+00	2.200432e-01	4.569836e-01
2.021496e-01	0.000000e+00	2.148936e-03	9.411432e-03	0.000000e+00	2.099655e-03	0.000000e+00	4.905012e-03	1.436308e-03	1.144582e-02	6.490954e-03	2.740995e-02	0.000000e+00	1.162790e-02	1.108179e-02	0.000000e+00	9.847403e-03	0.000000e+00	4.014469e-02	6.252569e-05	2.266012e-02	3.238221e-03	0.000000e+00	8.309408e-04	1.352901e-02	2.632065e-04	0.000000e+00	4.499271e-05	2.846458e-03	0.000000e+00	2.021496e-01	5.805927e-01
2.021496e-01	0.000000e+00	2.148936e-03	9.411432e-03	0.000000e+00	2.099655e-03	0.000000e+00	4.905012e-03	1.436308e-03	1.144582e-02	6.490954e-03	2.740995e-02	0.000000e+00	1.162790e-02	1.108179e-02	0.000000e+00	9.847403e-03	0.000000e+00	4.014469e-02	6.252569e-05	2.266012e-02	3.238221e-03	0.000000e+00	8.309408e-04	1.352901e-02	2.632065e-04	0.000000e+00	4.499271e-05	2.846458e-03	0.000000e+00	2.021496e-01	5.805927e-01
1.965237e-01	0.000000e+00	3.405269e-03	1.085694e-02	3.539298e-02	2.099655e-03	2.384741e-04	0.000000e+00	0.000000e+00	1.375028e-01	6.348544e-03	1.166931e-02	0.000000e+00	0.000000e+00	5.540893e-03	0.000000e+00	2.898851e-02	0.000000e+00	0.000000e+00	1.072521e-05	7.553372e-03	4.795892e-03	0.000000e+00	0.000000e+00	3.019796e-02	2.500367e-02	2.425430e-02	0.000000e+00	0.000000e+00	0.000000e+00	1.965237e-01	6.593214e-01
7.367828e-02	1.857551e-02	1.743919e-03	0.000000e+00	3.350776e-03	9.968841e-03	0.000000e+00	2.308680e-03	0.000000e+00	1.144582e-02	5.836484e-03	6.207404e-03	3.634551e-03	0.000000e+00	4.848282e-03	0.000000e+00	2.825687e-02	0.000000e+00	0.000000e+00	0.000000e+00	3.776686e-03	3.176781e-03	0.000000e+00	1.424470e-03	2.274801e-02	2.389526e-04	2.352768e-03	0.000000e+00	0.000000e+00	0.000000e+00	7.367828e-02	7.092415e-01
7.367828e-02	1.857551e-02	1.743919e-03	0.000000e+00	3.350776e-03	9.968841e-03	0.000000e+00	2.308680e-03	0.000000e+00	1.144582e-02	5.836484e-03	6.207404e-03	3.634551e-03	0.000000e+00	4.848282e-03	0.000000e+00	2.825687e-02	0.000000e+00	0.000000e+00	0.000000e+00	3.776686e-03	3.176781e-03	0.000000e+00	1.424470e-03	2.274801e-02	2.389526e-04	2.352768e-03	0.000000e+00	0.000000e+00	0.000000e+00	7.367828e-02	7.092415e-01
7.367828e-02	1.857551e-02	1.743919e-03	0.000000e+00	3.350776e-03	9.968841e-03	0.000000e+00	2.308680e-03	0.000000e+00	1.144582e-02	5.836484e-03	6.207404e-03	3.634551e-03	0.000000e+00	4.848282e-03	0.000000e+00	2.825687e-02	0.000000e+00	0.000000e+00	0.000000e+00	3.776686e-03	3.176781e-03	0.000000e+00	1.424470e-03	2.274801e-02	2.389526e-04	2.352768e-03	0.000000e+00	0.000000e+00	0.000000e+00	7.367828e-02	7.092415e-01
7.367828e-02	1.857551e-02	1.743919e-03	0.000000e+00	3.350776e-03	9.968841e-03	0.000000e+00	2.308680e-03	0.000000e+00	1.144582e-02	5.836484e-03	6.207404e-03	3.634551e-03	0.000000e+00	4.848282e-03	0.000000e+00	2.825687e-02	0.000000e+00	0.000000e+00	0.000000e+00	3.776686e-03	3.176781e-03	0.000000e+00	1.424470e-03	2.274801e-02	2.389526e-04	2.352768e-03	0.000000e+00	0.000000e+00	0.000000e+00	7.367828e-02	7.092415e-01
7.367828e-02	1.857551e-02	1.743919e-03	0.000000e+00	3.350776e-03	9.968841e-03	0.000000e+00	2.308680e-03	0.000000e+00	1.144582e-02	5.836484e-03	6.207404e-03	3.634551e-03	0.000000e+00	4.848282e-03	0.000000e+00	2.825687e-02	0.000000e+00	0.000000e+00	0.000000e+00	3.776686e-03	3.176781e-03	0.000000e+00	1.424470e-03	2.274801e-02	2.389526e-04	2.352768e-03	0.000000e+00	0.000000e+00	0.000000e+00	7.367828e-02	7.092415e-01
7.367828e-02	1.857551e-02	1.743919e-03	0.000000e+00	3.350776e-03	9.968841e-03	0.000000e+00	2.308680e-03	0.000000e+00	1.144582e-02	5.836484e-03	6.207404e-03	3.634551e-03	0.000000e+00	4.848282e-03	0.000000e+00	2.825687e-02	0.000000e+00	0.000000e+00	0.000000e+00	3.776686e-03	3.176781e-03	0.000000e+00	1.424470e-03	2.274801e-02	2.389526e-04	2.352768e-03	0.000000e+00	0.000000e+00	0.000000e+00	7.367828e-02	7.092415e-01
7.367828e-02	1.857551e-02	1.743919e-03	0.000000e+00	3.350776e-03	9.968841e-03	0.000000e+00	2.308680e-03	0.000000e+00	1.144582e-02	5.836484e-03	6.207404e-03	3.634551e-03	0.000000e+00	4.848282e-03	0.000000e+00	2.825687e-02	0.000000e+00	0.000000e+00	0.000000e+00	3.776686e-03	3.176781e-03	0.000000e+00	1.424470e-03	2.274801e-02	2.389526e-04	2.352768e-03	0.000000e+00	0.000000e+00	0.000000e+00	7.367828e-02	7.092415e-01
7.367828e-02	1.857551e-02	1.743919e-03	0.000000e+00	3.350776e-03	9.968841e-03	0.000000e+00	2.308680e-03	0.000000e+00	1.144582e-02	5.836484e-03	6.207404e-03	3.634551e-03	0.000000e+00	4.848282e-03	0.000000e+00	2.825687e-02	0.000000e+00	0.000000e+00	0.000000e+00	3.776686e-03	3.176781e-03	0.000000e+00	1.424470e-03	2.274801e-02	2.389526e-04	2.352768e-03	0.000000e+00	0.000000e+00	0.000000e+00	7.367828e-02	7.092415e-01
4.936837e-02	8.182910e-03	8.604826e-04	1.929172e-02	3.539298e-02	2.951048e-02	0.000000e+00	8.314916e-04	0.000000e+00	2.231036e-02	5.417671e-03	1.514786e-02	0.000000e+00	0.000000e+00	8.311340e-03	0.000000e+00	1.525226e-02	0.000000e+00	0.000000e+00	1.825567e-06	0.000000e+00	0.000000e+00	0.000000e+00	9.496466e-04	3.019796e-02	1.194763e-04	1.568512e-03	0.000000e+00	0.000000e+00	1.452346e-02	4.936837e-02	7.859080e-01
4.271580e-02	1.865924e-02	1.620066e-03	1.535650e-02	0.000000e+00	1.581962e-02	0.000000e+00	2.029092e-03	0.000000e+00	2.231036e-02	6.554629e-03	1.750397e-02	7.269102e-03	1.661129e-03	8.311340e-03	0.000000e+00	1.525226e-02	0.000000e+00	6.189863e-03	0.000000e+00	9.972479e-03	0.000000e+00	0.000000e+00	9.496466e-04	2.274801e-02	1.194763e-04	1.176384e-03	0.000000e+00	5.692916e-03	5.151766e-03	4.271580e-02	8.031012e-01
1.718171e-02	2.582405e-02	1.620066e-03	1.929172e-02	0.000000e+00	1.581962e-02	0.000000e+00	2.029092e-03	0.000000e+00	2.231036e-02	5.045481e-03	1.648613e-02	9.086378e-03	1.661129e-03	8.311340e-03	0.000000e+00	8.384130e-03	0.000000e+00	6.189863e-03	3.913560e-05	9.972479e-03	0.000000e+00	1.269382e-03	9.496466e-04	2.274801e-02	1.194763e-04	1.176384e-03	7.176337e-03	9.962603e-03	0.000000e+00	1.718171e-02	9.168371e-01
1.225557e-02	2.786326e-02	1.620066e-03	1.535650e-02	0.000000e+00	1.581962e-02	0.000000e+00	3.463019e-03	0.000000e+00	0.000000e+00	5.580454e-03	1.750397e-02	7.269102e-03	0.000000e+00	4.501976e-03	0.000000e+00	1.525226e-02	0.000000e+00	0.000000e+00	0.000000e+00	1.888343e-03	0.000000e+00	0.000000e+00	2.136705e-03	2.274801e-02	0.000000e+00	0.000000e+00	0.000000e+00	5.692916e-03	0.000000e+00	1.225557e-02	9.277266e-01
0.000000e+00	1.636582e-02	1.620066e-03	1.929172e-02	0.000000e+00	4.050882e-02	0.000000e+00	2.029092e-03	0.000000e+00	0.000000e+00	2.979302e-03	4.274208e-02	7.269102e-03	0.000000e+00	1.108179e-02	0.000000e+00	1.525226e-02	0.000000e+00	0.000000e+00	0.000000e+00	1.510674e-02	0.000000e+00	0.000000e+00	1.780587e-03	2.274801e-02	2.986907e-04	1.568512e-03	0.000000e+00	0.000000e+00	3.698430e-02	0.000000e+00	1.073746e+00
