8.521031e-01	0.000000e+00	0.000000e+00	0.000000e+00	2.111568e-02	1.972387e-02	7.736847e-03	1.111718e-02	1.685761e-02	0.000000e+00	3.054541e-02	0.000000e+00	1.426157e-02	1.605858e-02	9.824292e-04	1.261512e-02	2.551589e-03	0.000000e+00	2.915306e-03	6.967602e-03	0.000000e+00	1.218976e-03	2.366731e-02	3.782927e-02	1.123696e-04	5.218994e-02	2.763586e-02	0.000000e+00	2.711974e-04	8.012126e-03	8.521031e-01	-7.197545e-01
8.521031e-01	0.000000e+00	0.000000e+00	0.000000e+00	2.111568e-02	1.972387e-02	7.736847e-03	1.111718e-02	1.685761e-02	0.000000e+00	3.054541e-02	0.000000e+00	1.426157e-02	1.605858e-02	9.824292e-04	1.261512e-02	2.551589e-03	0.000000e+00	2.915306e-03	6.967602e-03	0.000000e+00	1.218976e-03	2.366731e-02	3.782927e-02	1.123696e-04	5.218994e-02	2.763586e-02	0.000000e+00	2.711974e-04	8.012126e-03	8.521031e-01	-7.197545e-01
8.471691e-01	4.603882e-03	0.000000e+00	0.000000e+00	1.260103e-02	0.000000e+00	7.527743e-03	1.614617e-02	1.384545e-02	3.611450e-03	4.511478e-02	0.000000e+00	2.852314e-02	1.235276e-02	0.000000e+00	1.442919e-02	1.482172e-03	0.000000e+00	5.830613e-03	6.924325e-03	3.139136e-03	1.218976e-03	2.998559e-02	0.000000e+00	7.491309e-05	3.633423e-02	2.763586e-02	0.000000e+00	5.423949e-04	7.553571e-02	8.471691e-01	-7.047617e-01
8.471691e-01	5.546956e-03	0.000000e+00	0.000000e+00	6.191041e-02	0.000000e+00	7.527743e-03	1.650224e-02	1.384545e-02	3.611450e-03	3.950065e-02	0.000000e+00	3.565111e-02	1.589352e-02	1.964858e-03	1.442919e-02	3.568464e-03	0.000000e+00	5.830613e-03	6.989240e-03	1.070911e-02	9.142319e-04	0.000000e+00	0.000000e+00	1.123696e-04	4.622820e-03	4.635478e-02	4.286447e-03	0.000000e+00	7.553571e-02	8.471691e-01	-6.998907e-01
8.441198e-01	3.977177e-02	0.000000e+00	0.000000e+00	4.218256e-02	1.972387e-02	2.438125e-02	2.405774e-03	1.685761e-02	8.659273e-03	4.783032e-02	0.000000e+00	3.208853e-02	1.370786e-02	1.964858e-03	1.235030e-02	2.984307e-03	1.445845e-03	0.000000e+00	6.989240e-03	0.000000e+00	0.000000e+00	2.050818e-02	3.782927e-02	1.123696e-04	4.622820e-03	4.169461e-02	0.000000e+00	1.016990e-04	0.000000e+00	8.441198e-01	-6.835661e-01
8.422350e-01	2.301941e-03	0.000000e+00	0.000000e+00	5.473478e-02	0.000000e+00	0.000000e+00	1.376520e-02	1.535153e-02	8.659273e-03	6.882244e-02	0.000000e+00	3.754193e-02	1.057705e-02	1.964858e-03	1.519340e-02	0.000000e+00	0.000000e+00	0.000000e+00	6.891867e-03	3.139136e-03	0.000000e+00	3.509953e-02	4.760456e-03	3.745654e-05	4.622820e-03	4.169461e-02	0.000000e+00	4.067961e-04	2.624795e-02	8.422350e-01	-6.746521e-01
8.403502e-01	9.287610e-03	0.000000e+00	0.000000e+00	1.103200e-02	0.000000e+00	5.436704e-03	1.778356e-02	1.531652e-02	8.659273e-03	3.862731e-02	0.000000e+00	5.453391e-03	1.272280e-02	7.368219e-04	0.000000e+00	0.000000e+00	3.614612e-04	0.000000e+00	1.125426e-02	2.271129e-02	7.618600e-04	2.326587e-02	4.501511e-03	1.123696e-04	5.753715e-02	2.763586e-02	0.000000e+00	0.000000e+00	3.309044e-02	8.403502e-01	-6.662600e-01
8.403502e-01	9.287610e-03	0.000000e+00	0.000000e+00	1.103200e-02	0.000000e+00	5.436704e-03	1.778356e-02	1.531652e-02	8.659273e-03	3.862731e-02	0.000000e+00	5.453391e-03	1.272280e-02	7.368219e-04	0.000000e+00	0.000000e+00	3.614612e-04	0.000000e+00	1.125426e-02	2.271129e-02	7.618600e-04	2.326587e-02	4.501511e-03	1.123696e-04	5.753715e-02	2.763586e-02	0.000000e+00	0.000000e+00	3.309044e-02	8.403502e-01	-6.662600e-01
8.373009e-01	1.988588e-02	0.000000e+00	0.000000e+00	0.000000e+00	9.861937e-03	7.109535e-03	5.621275e-03	1.619716e-02	0.000000e+00	3.425262e-02	0.000000e+00	1.604427e-02	1.656306e-02	3.135441e-03	1.583443e-02	2.268926e-03	0.000000e+00	4.046895e-03	1.024584e-02	9.267233e-03	1.218976e-03	2.691371e-02	2.739977e-02	3.464730e-05	4.622820e-03	4.090487e-02	4.286447e-03	1.355987e-03	1.602425e-02	8.373009e-01	-6.363378e-01
8.360674e-01	1.520215e-02	0.000000e+00	0.000000e+00	0.000000e+00	0.000000e+00	0.000000e+00	1.331017e-02	3.404860e-02	0.000000e+00	3.862731e-02	0.000000e+00	1.048558e-02	1.900831e-02	2.521422e-03	9.659282e-03	7.767721e-04	0.000000e+00	0.000000e+00	1.237835e-02	2.062288e-02	1.599906e-03	8.098563e-03	1.073589e-02	3.464730e-05	3.107998e-02	4.635478e-02	2.230352e-03	1.305138e-03	3.256947e-02	8.360674e-01	-6.182699e-01
8.360674e-01	1.815943e-02	0.000000e+00	0.000000e+00	0.000000e+00	0.000000e+00	0.000000e+00	1.107347e-02	3.404860e-02	0.000000e+00	3.862731e-02	0.000000e+00	1.300167e-02	1.900831e-02	3.413722e-03	9.659282e-03	7.767721e-04	0.000000e+00	0.000000e+00	1.237835e-02	2.062288e-02	1.599906e-03	8.098563e-03	1.073589e-02	0.000000e+00	3.107998e-02	4.635478e-02	2.230352e-03	1.957706e-03	3.256947e-02	8.360674e-01	-6.174397e-01
8.360674e-01	1.815943e-02	0.000000e+00	0.000000e+00	0.000000e+00	0.000000e+00	0.000000e+00	1.107347e-02	3.404860e-02	0.000000e+00	3.862731e-02	0.000000e+00	1.300167e-02	1.900831e-02	3.413722e-03	9.659282e-03	7.767721e-04	0.000000e+00	0.000000e+00	1.237835e-02	2.062288e-02	1.599906e-03	8.098563e-03	1.073589e-02	0.000000e+00	3.107998e-02	4.635478e-02	2.230352e-03	1.957706e-03	3.256947e-02	8.360674e-01	-6.174397e-01
8.360674e-01	1.815943e-02	0.000000e+00	0.000000e+00	0.000000e+00	0.000000e+00	0.000000e+00	1.107347e-02	3.404860e-02	0.000000e+00	3.862731e-02	0.000000e+00	1.300167e-02	1.900831e-02	3.413722e-03	9.659282e-03	7.767721e-04	0.000000e+00	0.000000e+00	1.237835e-02	2.062288e-02	1.599906e-03	8.098563e-03	1.073589e-02	0.000000e+00	3.107998e-02	4.635478e-02	2.230352e-03	1.957706e-03	3.256947e-02	8.360674e-01	-6.174397e-01
8.360674e-01	1.815943e-02	0.000000e+00	0.000000e+00	0.000000e+00	0.000000e+00	0.000000e+00	1.107347e-02	3.404860e-02	0.000000e+00	3.862731e-02	0.000000e+00	1.300167e-02	1.900831e-02	3.413722e-03	9.659282e-03	7.767721e-04	0.000000e+00	0.000000e+00	1.237835e-02	2.062288e-02	1.599906e-03	8.098563e-03	1.073589e-02	0.000000e+00	3.107998e-02	4.635478e-02	2.230352e-03	1.957706e-03	3.256947e-02	8.360674e-01	-6.174397e-01
8.312025e-01	3.977177e-02	0.000000e+00	0.000000e+00	2.111568e-02	1.972387e-02	8.385941e-03	1.111718e-02	1.789845e-02	1.805725e-03	3.054541e-02	0.000000e+00	1.426157e-02	1.900831e-02	4.044625e-03	1.500499e-02	3.802914e-03	0.000000e+00	3.720831e-03	6.967602e-03	0.000000e+00	0.000000e+00	2.366731e-02	0.000000e+00	1.872827e-05	1.245936e-02	2.763586e-02	2.230352e-03	2.711974e-04	7.803583e-03	8.312025e-01	-5.520546e-01
8.292986e-01	1.988588e-02	0.000000e+00	0.000000e+00	0.000000e+00	0.000000e+00	0.000000e+00	1.649544e-02	1.016309e-02	3.611450e-03	1.519822e-02	0.000000e+00	1.761636e-02	1.976441e-02	2.619811e-03	1.314475e-02	2.958696e-03	0.000000e+00	0.000000e+00	2.942838e-03	3.811879e-03	9.142319e-04	0.000000e+00	5.656756e-03	1.797914e-04	1.579164e-02	2.552989e-02	4.286447e-03	2.169579e-03	0.000000e+00	8.292986e-01	-5.394266e-01
8.287354e-01	3.977177e-02	0.000000e+00	0.000000e+00	1.362567e-02	0.000000e+00	8.281389e-03	8.785223e-03	1.789845e-02	3.611450e-03	3.586361e-02	0.000000e+00	0.000000e+00	1.715540e-02	3.553411e-03	1.591203e-02	3.737380e-03	2.891689e-03	2.263178e-03	0.000000e+00	4.029573e-03	0.000000e+00	0.000000e+00	0.000000e+00	0.000000e+00	4.531506e-03	4.011514e-02	2.230352e-03	1.355987e-03	3.204851e-02	8.287354e-01	-5.166678e-01
8.287354e-01	3.040431e-02	0.000000e+00	0.000000e+00	1.362567e-02	0.000000e+00	1.023601e-02	8.785223e-03	8.599564e-02	3.611450e-03	4.709499e-02	0.000000e+00	0.000000e+00	1.464892e-02	3.553411e-03	0.000000e+00	3.737380e-03	2.891689e-03	2.263178e-03	3.494620e-03	2.014787e-03	0.000000e+00	1.459135e-02	0.000000e+00	0.000000e+00	4.531506e-03	4.090487e-02	1.115176e-03	6.779936e-04	3.204851e-02	8.287354e-01	-5.046636e-01
8.274328e-01	2.982882e-02	0.000000e+00	0.000000e+00	6.280993e-02	0.000000e+00	6.691327e-03	1.703294e-02	1.671758e-02	3.611450e-03	8.432177e-03	0.000000e+00	0.000000e+00	1.976441e-02	3.929717e-03	1.761530e-02	2.645462e-03	0.000000e+00	0.000000e+00	6.751216e-03	1.827908e-02	1.218976e-03	0.000000e+00	8.485135e-03	1.498262e-04	9.079699e-03	4.011514e-02	4.373575e-03	2.169579e-03	3.204851e-02	8.274328e-01	-4.839202e-01
8.276211e-01	0.000000e+00	2.292677e-03	0.000000e+00	1.362567e-02	4.149168e-02	9.444931e-03	0.000000e+00	3.699240e-02	3.611450e-03	3.056748e-02	9.855965e-04	0.000000e+00	1.054562e-02	0.000000e+00	9.738211e-03	2.888677e-03	7.229223e-04	1.972625e-03	4.068041e-03	6.943781e-03	0.000000e+00	4.391372e-02	1.722924e-02	0.000000e+00	4.725766e-03	2.499570e-04	0.000000e+00	9.847790e-03	5.608488e-02	8.276211e-01	-4.880165e-01
8.265068e-01	0.000000e+00	3.821128e-03	0.000000e+00	1.362567e-02	4.305529e-02	8.653855e-03	0.000000e+00	2.053181e-02	2.495184e-02	3.823576e-02	0.000000e+00	0.000000e+00	6.442308e-03	1.145720e-02	9.301207e-04	3.100372e-03	0.000000e+00	3.945249e-03	4.264260e-02	1.419148e-03	0.000000e+00	8.053177e-02	3.445847e-02	6.292699e-04	0.000000e+00	1.624312e-03	7.370591e-03	0.000000e+00	6.409701e-02	8.265068e-01	-4.491495e-01
8.265068e-01	0.000000e+00	3.821128e-03	0.000000e+00	1.362567e-02	4.305529e-02	8.653855e-03	0.000000e+00	2.053181e-02	2.495184e-02	3.823576e-02	0.000000e+00	0.000000e+00	6.442308e-03	1.145720e-02	9.301207e-04	3.100372e-03	0.000000e+00	3.945249e-03	4.264260e-02	1.419148e-03	0.000000e+00	8.053177e-02	3.445847e-02	6.292699e-04	0.000000e+00	1.624312e-03	7.370591e-03	0.000000e+00	6.409701e-02	8.265068e-01	-4.491495e-01
6.491043e-01	0.000000e+00	1.719508e-03	0.000000e+00	1.837683e-02	4.149168e-02	2.916837e-03	1.449701e-02	1.252117e-02	4.965744e-03	2.418045e-02	1.108796e-03	0.000000e+00	1.391317e-02	0.000000e+00	1.207322e-02	3.163411e-03	0.000000e+00	4.021296e-03	4.068041e-03	1.295747e-02	0.000000e+00	0.000000e+00	0.000000e+00	0.000000e+00	0.000000e+00	5.554834e-05	0.000000e+00	6.779936e-04	0.000000e+00	6.491043e-01	-4.222280e-01
6.491043e-01	0.000000e+00	1.719508e-03	0.000000e+00	1.837683e-02	4.149168e-02	2.916837e-03	1.449701e-02	1.252117e-02	4.965744e-03	2.418045e-02	1.108796e-03	0.000000e+00	1.391317e-02	0.000000e+00	1.207322e-02	3.163411e-03	0.000000e+00	4.021296e-03	4.068041e-03	1.295747e-02	0.000000e+00	0.000000e+00	0.000000e+00	0.000000e+00	0.000000e+00	5.554834e-05	0.000000e+00	6.779936e-04	0.000000e+00	6.491043e-01	-4.222280e-01
6.491043e-01	0.000000e+00	1.719508e-03	0.000000e+00	1.837683e-02	4.149168e-02	2.916837e-03	1.449701e-02	1.252117e-02	4.965744e-03	2.418045e-02	1.108796e-03	0.000000e+00	1.391317e-02	0.000000e+00	1.207322e-02	3.163411e-03	0.000000e+00	4.021296e-03	4.068041e-03	1.295747e-02	0.000000e+00	0.000000e+00	0.000000e+00	0.000000e+00	0.000000e+00	5.554834e-05	0.000000e+00	6.779936e-04	0.000000e+00	6.491043e-01	-4.222280e-01
6.491043e-01	0.000000e+00	1.719508e-03	0.000000e+00	1.837683e-02	4.149168e-02	2.916837e-03	1.449701e-02	1.252117e-02	4.965744e-03	2.418045e-02	1.108796e-03	0.000000e+00	1.391317e-02	0.000000e+00	1.207322e-02	3.163411e-03	0.000000e+00	4.021296e-03	4.068041e-03	1.295747e-02	0.000000e+00	0.000000e+00	0.000000e+00	0.000000e+00	0.000000e+00	5.554834e-05	0.000000e+00	6.779936e-04	0.000000e+00	6.491043e-01	-4.222280e-01
6.471617e-01	0.000000e+00	2.292677e-03	0.000000e+00	6.280993e-02	4.149168e-02	3.180123e-03	0.000000e+00	1.252482e-02	3.611450e-03	1.816097e-02	9.855965e-04	0.000000e+00	1.454639e-02	0.000000e+00	9.738211e-03	5.142532e-03	0.000000e+00	4.526355e-03	4.068041e-03	1.363611e-02	0.000000e+00	0.000000e+00	8.637164e-03	0.000000e+00	3.787842e-03	2.499570e-04	0.000000e+00	5.423949e-04	0.000000e+00	6.471617e-01	-4.096953e-01
6.449255e-01	0.000000e+00	0.000000e+00	0.000000e+00	1.538015e-02	1.203259e-01	2.392988e-03	0.000000e+00	1.252482e-02	3.611450e-03	1.816097e-02	5.543980e-04	0.000000e+00	9.179354e-03	0.000000e+00	9.738211e-03	5.142532e-03	0.000000e+00	1.879590e-03	3.424295e-03	1.363611e-02	0.000000e+00	0.000000e+00	2.159291e-03	0.000000e+00	3.787842e-03	2.499570e-04	0.000000e+00	1.355987e-04	0.000000e+00	6.449255e-01	-3.980735e-01
6.414807e-01	0.000000e+00	0.000000e+00	0.000000e+00	6.546487e-02	3.319335e-02	7.122604e-04	0.000000e+00	1.357177e-02	3.160019e-03	3.056217e-02	0.000000e+00	0.000000e+00	1.515035e-02	0.000000e+00	1.484426e-02	4.121452e-03	0.000000e+00	5.657944e-03	4.068041e-03	1.397143e-02	0.000000e+00	1.273688e-02	0.000000e+00	1.573175e-04	3.787842e-03	4.284977e-04	0.000000e+00	5.423949e-04	2.220867e-02	6.414807e-01	-3.735500e-01
6.403246e-01	5.112403e-03	1.981398e-02	0.000000e+00	3.820510e-02	0.000000e+00	3.903274e-03	0.000000e+00	8.324762e-03	9.028626e-04	3.843216e-02	4.753450e-03	0.000000e+00	2.000697e-02	3.900473e-03	0.000000e+00	3.100372e-03	0.000000e+00	0.000000e+00	0.000000e+00	2.004721e-02	0.000000e+00	8.053177e-02	4.908300e-03	5.496748e-04	0.000000e+00	4.284977e-04	5.445496e-05	2.874451e-03	6.635386e-03	6.403246e-01	-3.616675e-01
6.393914e-01	0.000000e+00	2.579261e-03	0.000000e+00	2.061819e-02	9.958004e-02	8.364159e-04	7.652649e-04	1.249561e-02	1.608737e-02	3.038104e-02	4.927983e-04	0.000000e+00	1.009170e-02	9.506966e-03	1.861126e-03	3.131891e-03	0.000000e+00	4.858844e-04	2.034020e-03	7.848309e-03	0.000000e+00	8.158870e-02	0.000000e+00	2.097566e-04	0.000000e+00	3.570815e-04	0.000000e+00	0.000000e+00	0.000000e+00	6.393914e-01	-3.469377e-01
6.360934e-01	0.000000e+00	0.000000e+00	0.000000e+00	7.328602e-02	0.000000e+00	6.697862e-05	8.812994e-02	1.044056e-02	5.417176e-03	2.121599e-02	1.108796e-03	0.000000e+00	1.637108e-02	3.152285e-03	1.484426e-02	5.142532e-03	0.000000e+00	1.738944e-03	1.287492e-03	1.161219e-02	0.000000e+00	0.000000e+00	4.318582e-03	3.146350e-04	3.787842e-03	0.000000e+00	0.000000e+00	3.885789e-02	0.000000e+00	6.360934e-01	-3.168894e-01
6.360934e-01	0.000000e+00	0.000000e+00	0.000000e+00	7.328602e-02	0.000000e+00	6.697862e-05	8.812994e-02	1.044056e-02	5.417176e-03	2.121599e-02	1.108796e-03	0.000000e+00	1.637108e-02	3.152285e-03	1.484426e-02	5.142532e-03	0.000000e+00	1.738944e-03	1.287492e-03	1.161219e-02	0.000000e+00	0.000000e+00	4.318582e-03	3.146350e-04	3.787842e-03	0.000000e+00	0.000000e+00	3.885789e-02	0.000000e+00	6.360934e-01	-3.168894e-01
6.322082e-01	1.797302e-03	1.087596e-02	0.000000e+00	2.551891e-02	0.000000e+00	5.935504e-04	5.913593e-02	1.042596e-02	2.708588e-03	1.695951e-02	0.000000e+00	8.243581e-03	1.429651e-02	3.152285e-03	5.600573e-03	2.978113e-03	0.000000e+00	2.749062e-03	1.038649e-03	1.836260e-02	0.000000e+00	2.704699e-02	0.000000e+00	6.592352e-04	2.370304e-03	2.068049e-03	1.089099e-04	7.355625e-04	8.736350e-02	6.322082e-01	-2.732766e-01
6.302657e-01	1.797302e-03	9.665656e-04	0.000000e+00	5.219015e-02	0.000000e+00	6.697862e-05	4.756993e-02	9.909205e-03	2.708588e-03	2.651623e-02	2.854123e-03	1.413185e-02	1.722635e-02	3.152285e-03	1.207322e-02	3.970260e-03	0.000000e+00	8.694721e-04	1.337531e-03	1.498740e-02	0.000000e+00	6.975458e-02	2.967230e-03	3.675423e-04	0.000000e+00	1.679232e-03	2.722748e-05	0.000000e+00	1.929651e-03	6.302657e-01	-2.520004e-01
6.302657e-01	1.797302e-03	9.665656e-04	0.000000e+00	5.219015e-02	0.000000e+00	6.697862e-05	4.756993e-02	9.909205e-03	2.708588e-03	2.651623e-02	2.854123e-03	1.413185e-02	1.722635e-02	3.152285e-03	1.207322e-02	3.970260e-03	0.000000e+00	8.694721e-04	1.337531e-03	1.498740e-02	0.000000e+00	6.975458e-02	2.967230e-03	3.675423e-04	0.000000e+00	1.679232e-03	2.722748e-05	0.000000e+00	1.929651e-03	6.302657e-01	-2.520004e-01
6.302657e-01	1.797302e-03	9.665656e-04	0.000000e+00	5.219015e-02	0.000000e+00	6.697862e-05	4.756993e-02	9.909205e-03	2.708588e-03	2.651623e-02	2.854123e-03	1.413185e-02	1.722635e-02	3.152285e-03	1.207322e-02	3.970260e-03	0.000000e+00	8.694721e-04	1.337531e-03	1.498740e-02	0.000000e+00	6.975458e-02	2.967230e-03	3.675423e-04	0.000000e+00	1.679232e-03	2.722748e-05	0.000000e+00	1.929651e-03	6.302657e-01	-2.520004e-01
6.245846e-01	3.904178e-03	2.581433e-03	0.000000e+00	2.608021e-03	4.907356e-03	1.187101e-04	2.809369e-03	6.247806e-03	0.000000e+00	1.695951e-02	4.927983e-04	1.151527e-02	1.009170e-02	7.880713e-03	6.722360e-03	2.964940e-03	1.354977e-03	0.000000e+00	6.937849e-04	1.836260e-02	1.343934e-02	8.158870e-02	8.079392e-04	4.204497e-04	0.000000e+00	2.178644e-03	2.005374e-04	2.942250e-03	0.000000e+00	6.245846e-01	-1.878995e-01
6.245846e-01	3.904178e-03	2.581433e-03	0.000000e+00	2.608021e-03	4.907356e-03	1.187101e-04	2.809369e-03	6.247806e-03	0.000000e+00	1.695951e-02	4.927983e-04	1.151527e-02	1.009170e-02	7.880713e-03	6.722360e-03	2.964940e-03	1.354977e-03	0.000000e+00	6.937849e-04	1.836260e-02	1.343934e-02	8.158870e-02	8.079392e-04	4.204497e-04	0.000000e+00	2.178644e-03	2.005374e-04	2.942250e-03	0.000000e+00	6.245846e-01	-1.878995e-01
6.245846e-01	3.904178e-03	2.581433e-03	0.000000e+00	2.608021e-03	4.907356e-03	1.187101e-04	2.809369e-03	6.247806e-03	0.000000e+00	1.695951e-02	4.927983e-04	1.151527e-02	1.009170e-02	7.880713e-03	6.722360e-03	2.964940e-03	1.354977e-03	0.000000e+00	6.937849e-04	1.836260e-02	1.343934e-02	8.158870e-02	8.079392e-04	4.204497e-04	0.000000e+00	2.178644e-03	2.005374e-04	2.942250e-03	0.000000e+00	6.245846e-01	-1.878995e-01
6.245846e-01	3.904178e-03	2.581433e-03	0.000000e+00	2.608021e-03	4.907356e-03	1.187101e-04	2.809369e-03	6.247806e-03	0.000000e+00	1.695951e-02	4.927983e-04	1.151527e-02	1.009170e-02	7.880713e-03	6.722360e-03	2.964940e-03	1.354977e-03	0.000000e+00	6.937849e-04	1.836260e-02	1.343934e-02	8.158870e-02	8.079392e-04	4.204497e-04	0.000000e+00	2.178644e-03	2.005374e-04	2.942250e-03	0.000000e+00	6.245846e-01	-1.878995e-01
4.493547e-01	3.594605e-03	2.583604e-03	0.000000e+00	2.608021e-03	0.000000e+00	2.374201e-04	2.809369e-03	0.000000e+00	0.000000e+00	1.695951e-02	0.000000e+00	1.884247e-02	1.141380e-02	7.880713e-03	1.158359e-02	2.797989e-03	1.354977e-03	0.000000e+00	0.000000e+00	1.836260e-02	1.343934e-02	7.878656e-02	0.000000e+00	4.204497e-04	7.231383e-03	2.178644e-03	2.005374e-04	2.942250e-03	0.000000e+00	4.493547e-01	-7.671858e-02
4.493547e-01	3.594605e-03	2.583604e-03	0.000000e+00	2.608021e-03	0.000000e+00	2.374201e-04	2.809369e-03	0.000000e+00	0.000000e+00	1.695951e-02	0.000000e+00	1.884247e-02	1.141380e-02	7.880713e-03	1.158359e-02	2.797989e-03	1.354977e-03	0.000000e+00	0.000000e+00	1.836260e-02	1.343934e-02	7.878656e-02	0.000000e+00	4.204497e-04	7.231383e-03	2.178644e-03	2.005374e-04	2.942250e-03	0.000000e+00	4.493547e-01	-7.671858e-02
4.493547e-01	3.594605e-03	2.583604e-03	0.000000e+00	2.608021e-03	0.000000e+00	2.374201e-04	2.809369e-03	0.000000e+00	0.000000e+00	1.695951e-02	0.000000e+00	1.884247e-02	1.141380e-02	7.880713e-03	1.158359e-02	2.797989e-03	1.354977e-03	0.000000e+00	0.000000e+00	1.836260e-02	1.343934e-02	7.878656e-02	0.000000e+00	4.204497e-04	7.231383e-03	2.178644e-03	2.005374e-04	2.942250e-03	0.000000e+00	4.493547e-01	-7.671858e-02
4.493547e-01	3.594605e-03	2.583604e-03	0.000000e+00	2.608021e-03	0.000000e+00	2.374201e-04	2.809369e-03	0.000000e+00	0.000000e+00	1.695951e-02	0.000000e+00	1.884247e-02	1.141380e-02	7.880713e-03	1.158359e-02	2.797989e-03	1.354977e-03	0.000000e+00	0.000000e+00	1.836260e-02	1.343934e-02	7.878656e-02	0.000000e+00	4.204497e-04	7.231383e-03	2.178644e-03	2.005374e-04	2.942250e-03	0.000000e+00	4.493547e-01	-7.671858e-02
4.493547e-01	3.594605e-03	2.583604e-03	0.000000e+00	2.608021e-03	0.000000e+00	2.374201e-04	2.809369e-03	0.000000e+00	0.000000e+00	1.695951e-02	0.000000e+00	1.884247e-02	1.141380e-02	7.880713e-03	1.158359e-02	2.797989e-03	1.354977e-03	0.000000e+00	0.000000e+00	1.836260e-02	1.343934e-02	7.878656e-02	0.000000e+00	4.204497e-04	7.231383e-03	2.178644e-03	2.005374e-04	2.942250e-03	0.000000e+00	4.493547e-01	-7.671858e-02
4.493547e-01	3.594605e-03	2.583604e-03	0.000000e+00	2.608021e-03	0.000000e+00	2.374201e-04	2.809369e-03	0.000000e+00	0.000000e+00	1.695951e-02	0.000000e+00	1.884247e-02	1.141380e-02	7.880713e-03	1.158359e-02	2.797989e-03	1.354977e-03	0.000000e+00	0.000000e+00	1.836260e-02	1.343934e-02	7.878656e-02	0.000000e+00	4.204497e-04	7.231383e-03	2.178644e-03	2.005374e-04	2.942250e-03	0.000000e+00	4.493547e-01	-7.671858e-02
4.493547e-01	5.701481e-03	2.583604e-03	0.000000e+00	2.608021e-03	0.000000e+00	1.308534e-02	4.360024e-02	0.000000e+00	0.000000e+00	9.198987e-03	0.000000e+00	1.884247e-02	1.141380e-02	0.000000e+00	1.158359e-02	2.872292e-03	1.354977e-03	0.000000e+00	0.000000e+00	1.836260e-02	6.719671e-03	7.878656e-02	0.000000e+00	4.204497e-04	7.231383e-03	2.178644e-03	2.005374e-04	2.942250e-03	0.000000e+00	4.493547e-01	-6.970059e-02
4.493547e-01	2.995504e-04	6.548024e-03	0.000000e+00	0.000000e+00	2.062143e-04	7.977426e-02	4.360024e-02	0.000000e+00	0.000000e+00	5.081740e-03	0.000000e+00	2.103265e-02	1.141380e-02	3.152285e-03	2.419144e-02	2.872292e-03	0.000000e+00	5.466200e-04	0.000000e+00	9.697126e-03	6.719671e-03	1.964393e-01	0.000000e+00	4.204497e-04	6.492658e-03	2.178644e-03	2.005374e-04	2.942250e-03	0.000000e+00	4.493547e-01	-3.079689e-02
4.493547e-01	2.995504e-04	6.548024e-03	0.000000e+00	0.000000e+00	2.062143e-04	7.977426e-02	4.360024e-02	0.000000e+00	0.000000e+00	5.081740e-03	0.000000e+00	2.103265e-02	1.141380e-02	3.152285e-03	2.419144e-02	2.872292e-03	0.000000e+00	5.466200e-04	0.000000e+00	9.697126e-03	6.719671e-03	1.964393e-01	0.000000e+00	4.204497e-04	6.492658e-03	2.178644e-03	2.005374e-04	2.942250e-03	0.000000e+00	4.493547e-01	-3.079689e-02
4.330170e-01	1.797302e-03	4.565814e-03	0.000000e+00	5.941926e-03	0.000000e+00	0.000000e+00	4.909646e-03	7.041145e-06	1.198153e-02	1.256982e-02	3.285322e-03	4.188079e-03	8.294510e-03	6.304571e-03	1.239267e-02	2.422222e-03	1.354977e-03	7.288266e-04	0.000000e+00	1.836260e-02	6.719671e-03	9.929567e-02	1.615878e-03	3.296176e-04	2.370304e-03	2.123346e-03	1.460824e-04	7.281409e-03	0.000000e+00	4.330170e-01	1.509472e-02
4.325853e-01	3.444829e-03	1.167181e-02	0.000000e+00	2.696620e-02	5.155357e-04	0.000000e+00	1.681571e-02	1.250438e-02	0.000000e+00	0.000000e+00	5.256515e-03	1.248983e-02	1.796774e-02	0.000000e+00	3.055534e-02	5.043101e-04	5.082428e-04	1.913170e-03	1.038649e-03	1.836260e-02	0.000000e+00	1.870061e-01	5.251605e-03	0.000000e+00	1.186942e-02	1.558494e-04	0.000000e+00	0.000000e+00	0.000000e+00	4.325853e-01	4.982378e-02
4.277098e-01	2.396403e-03	1.167181e-02	0.000000e+00	1.797747e-02	4.124286e-04	0.000000e+00	1.121048e-02	8.337035e-03	0.000000e+00	1.304212e-03	5.256515e-03	1.533744e-02	1.792026e-02	0.000000e+00	3.055534e-02	1.008620e-03	3.388285e-04	1.457653e-03	1.038649e-03	1.836260e-02	0.000000e+00	1.901505e-01	4.039696e-03	6.592352e-04	1.007717e-02	3.336828e-04	6.759570e-05	3.975748e-03	0.000000e+00	4.277098e-01	9.379787e-02
4.277098e-01	2.396403e-03	1.167181e-02	0.000000e+00	1.797747e-02	4.124286e-04	0.000000e+00	1.121048e-02	8.337035e-03	0.000000e+00	1.304212e-03	5.256515e-03	1.533744e-02	1.792026e-02	0.000000e+00	3.055534e-02	1.008620e-03	3.388285e-04	1.457653e-03	1.038649e-03	1.836260e-02	0.000000e+00	1.901505e-01	4.039696e-03	6.592352e-04	1.007717e-02	3.336828e-04	6.759570e-05	3.975748e-03	0.000000e+00	4.277098e-01	9.379787e-02
4.277098e-01	2.396403e-03	1.167181e-02	0.000000e+00	1.797747e-02	4.124286e-04	0.000000e+00	1.121048e-02	8.337035e-03	0.000000e+00	1.304212e-03	5.256515e-03	1.533744e-02	1.792026e-02	0.000000e+00	3.055534e-02	1.008620e-03	3.388285e-04	1.457653e-03	1.038649e-03	1.836260e-02	0.000000e+00	1.901505e-01	4.039696e-03	6.592352e-04	1.007717e-02	3.336828e-04	6.759570e-05	3.975748e-03	0.000000e+00	4.277098e-01	9.379787e-02
4.179586e-01	2.995504e-04	6.548024e-03	0.000000e+00	0.000000e+00	2.062143e-04	7.977426e-02	0.000000e+00	2.347048e-06	0.000000e+00	8.180134e-03	1.314129e-02	2.103265e-02	1.782528e-02	3.152285e-03	2.419144e-02	2.017240e-03	0.000000e+00	5.466200e-04	1.038649e-03	9.697126e-03	0.000000e+00	1.964393e-01	1.615878e-03	3.296176e-04	6.492658e-03	6.893496e-04	3.568210e-02	5.574876e-03	0.000000e+00	4.179586e-01	2.226376e-01
4.129663e-01	3.082201e-03	1.846300e-02	7.203745e-05	3.322746e-02	6.186429e-04	0.000000e+00	4.165507e-03	0.000000e+00	0.000000e+00	0.000000e+00	1.248422e-02	2.221685e-02	2.282654e-03	2.047469e-02	1.987144e-02	2.689654e-03	0.000000e+00	2.513045e-02	0.000000e+00	7.554336e-03	4.474784e-03	1.391733e-01	7.467550e-03	0.000000e+00	0.000000e+00	2.125495e-03	0.000000e+00	2.183032e-02	6.560814e-03	4.129663e-01	2.692424e-01
2.595805e-01	1.497752e-03	0.000000e+00	0.000000e+00	2.609901e-02	0.000000e+00	0.000000e+00	1.121048e-02	1.822414e-05	0.000000e+00	2.868126e-03	5.256515e-03	1.533744e-02	1.449372e-03	0.000000e+00	1.845962e-02	0.000000e+00	6.774885e-04	1.457653e-03	1.038649e-03	5.135752e-04	1.079750e-02	1.901505e-01	3.231757e-03	0.000000e+00	5.184768e-04	9.191329e-04	6.759570e-05	8.968978e-03	0.000000e+00	2.595805e-01	3.126379e-01
2.595805e-01	1.497752e-03	0.000000e+00	0.000000e+00	2.609901e-02	0.000000e+00	0.000000e+00	1.121048e-02	1.822414e-05	0.000000e+00	2.868126e-03	5.256515e-03	1.533744e-02	1.449372e-03	0.000000e+00	1.845962e-02	0.000000e+00	6.774885e-04	1.457653e-03	1.038649e-03	5.135752e-04	1.079750e-02	1.901505e-01	3.231757e-03	0.000000e+00	5.184768e-04	9.191329e-04	6.759570e-05	8.968978e-03	0.000000e+00	2.595805e-01	3.126379e-01
2.595805e-01	1.497752e-03	0.000000e+00	0.000000e+00	2.609901e-02	0.000000e+00	0.000000e+00	1.121048e-02	1.822414e-05	0.000000e+00	2.868126e-03	5.256515e-03	1.533744e-02	1.449372e-03	0.000000e+00	1.845962e-02	0.000000e+00	6.774885e-04	1.457653e-03	1.038649e-03	5.135752e-04	1.079750e-02	1.901505e-01	3.231757e-03	0.000000e+00	5.184768e-04	9.191329e-04	6.759570e-05	8.968978e-03	0.000000e+00	2.595805e-01	3.126379e-01
2.595805e-01	1.497752e-03	0.000000e+00	0.000000e+00	2.609901e-02	0.000000e+00	0.000000e+00	1.121048e-02	1.822414e-05	0.000000e+00	2.868126e-03	5.256515e-03	1.533744e-02	1.449372e-03	0.000000e+00	1.845962e-02	0.000000e+00	6.774885e-04	1.457653e-03	1.038649e-03	5.135752e-04	1.079750e-02	1.901505e-01	3.231757e-03	0.000000e+00	5.184768e-04	9.191329e-04	6.759570e-05	8.968978e-03	0.000000e+00	2.595805e-01	3.126379e-01
2.595805e-01	1.497752e-03	0.000000e+00	0.000000e+00	2.609901e-02	0.000000e+00	0.000000e+00	1.121048e-02	1.822414e-05	0.000000e+00	2.868126e-03	5.256515e-03	1.533744e-02	1.449372e-03	0.000000e+00	1.845962e-02	0.000000e+00	6.774885e-04	1.457653e-03	1.038649e-03	5.135752e-04	1.079750e-02	1.901505e-01	3.231757e-03	0.000000e+00	5.184768e-04	9.191329e-04	6.759570e-05	8.968978e-03	0.000000e+00	2.595805e-01	3.126379e-01
2.595805e-01	1.497752e-03	0.000000e+00	0.000000e+00	2.609901e-02	0.000000e+00	0.000000e+00	1.121048e-02	1.822414e-05	0.000000e+00	2.868126e-03	5.256515e-03	1.533744e-02	1.449372e-03	0.000000e+00	1.845962e-02	0.000000e+00	6.774885e-04	1.457653e-03	1.038649e-03	5.135752e-04	1.079750e-02	1.901505e-01	3.231757e-03	0.000000e+00	5.184768e-04	9.191329e-04	6.759570e-05	8.968978e-03	0.000000e+00	2.595805e-01	3.126379e-01
2.595805e-01	1.497752e-03	0.000000e+00	0.000000e+00	2.609901e-02	0.000000e+00	0.000000e+00	1.121048e-02	1.822414e-05	0.000000e+00	2.868126e-03	5.256515e-03	1.533744e-02	1.449372e-03	0.000000e+00	1.845962e-02	0.000000e+00	6.774885e-04	1.457653e-03	1.038649e-03	5.135752e-04	1.079750e-02	1.901505e-01	3.231757e-03	0.000000e+00	5.184768e-04	9.191329e-04	6.759570e-05	8.968978e-03	0.000000e+00	2.595805e-01	3.126379e-01
2.499737e-01	1.123314e-03	1.481990e-02	7.203745e-05	8.476616e-04	9.279643e-04	0.000000e+00	1.694567e-03	1.925960e-05	0.000000e+00	7.208940e-04	2.628257e-03	1.652987e-02	2.604419e-02	0.000000e+00	1.539478e-03	0.000000e+00	0.000000e+00	6.073555e-04	3.559411e-03	0.000000e+00	0.000000e+00	1.987064e-01	0.000000e+00	4.541606e-05	2.949016e-03	0.000000e+00	3.379785e-05	4.683663e-03	4.245233e-03	2.499737e-01	3.161029e-01
2.366325e-01	2.246628e-03	0.000000e+00	3.601872e-05	2.241280e-02	0.000000e+00	0.000000e+00	0.000000e+00	1.822414e-05	0.000000e+00	2.868126e-03	5.256515e-03	1.533744e-02	1.449372e-03	0.000000e+00	0.000000e+00	0.000000e+00	6.774464e-04	1.624676e-03	1.351847e-03	5.135752e-04	1.079750e-02	1.901505e-01	1.800593e-02	0.000000e+00	5.184768e-04	5.744580e-05	0.000000e+00	8.968978e-03	0.000000e+00	2.366325e-01	3.642266e-01
2.304209e-01	0.000000e+00	1.097706e-02	0.000000e+00	7.372414e-03	0.000000e+00	0.000000e+00	3.362194e-02	0.000000e+00	0.000000e+00	2.748141e-03	0.000000e+00	2.189383e-02	5.208838e-02	0.000000e+00	5.944111e-02	0.000000e+00	8.428529e-08	0.000000e+00	3.055258e-03	0.000000e+00	0.000000e+00	2.243741e-01	0.000000e+00	0.000000e+00	5.184768e-04	1.723374e-03	4.536377e-04	8.968978e-03	0.000000e+00	2.304209e-01	4.335471e-01
2.215331e-01	2.845729e-03	1.149812e-02	0.000000e+00	3.159758e-02	0.000000e+00	0.000000e+00	3.206652e-02	3.037357e-06	0.000000e+00	2.093301e-03	0.000000e+00	3.708029e-02	2.749356e-02	0.000000e+00	2.461753e-02	0.000000e+00	0.000000e+00	1.700595e-03	1.557973e-03	0.000000e+00	1.079750e-02	2.725121e-01	0.000000e+00	0.000000e+00	1.485651e-02	1.091470e-03	9.944033e-04	7.720671e-03	0.000000e+00	2.215331e-01	5.058881e-01
2.113972e-01	5.616570e-04	1.062968e-02	7.203745e-05	0.000000e+00	1.701268e-03	0.000000e+00	7.299805e-03	1.925960e-05	0.000000e+00	0.000000e+00	0.000000e+00	2.721741e-02	2.604419e-02	0.000000e+00	0.000000e+00	0.000000e+00	0.000000e+00	3.340455e-04	3.314920e-03	0.000000e+00	0.000000e+00	2.655549e-01	2.793247e-02	2.270803e-05	1.129244e-02	0.000000e+00	6.759570e-05	2.541006e-03	6.367849e-03	2.113972e-01	5.603769e-01
2.010387e-01	1.497752e-03	2.739212e-02	0.000000e+00	2.917159e-02	0.000000e+00	0.000000e+00	7.299805e-03	0.000000e+00	0.000000e+00	1.046650e-03	0.000000e+00	2.026888e-02	2.174058e-03	1.385664e-02	0.000000e+00	0.000000e+00	0.000000e+00	2.140928e-03	4.617500e-02	0.000000e+00	1.619626e-02	1.652821e-01	2.954835e-02	0.000000e+00	6.533525e-03	5.457351e-04	6.759570e-05	1.259114e-02	6.367849e-03	2.010387e-01	6.392915e-01
1.845250e-01	1.497752e-03	2.739212e-02	7.203745e-05	0.000000e+00	1.391946e-03	0.000000e+00	7.299805e-03	0.000000e+00	0.000000e+00	3.698553e-03	0.000000e+00	1.118610e-02	2.604419e-02	0.000000e+00	0.000000e+00	0.000000e+00	0.000000e+00	3.340455e-04	3.681656e-03	0.000000e+00	0.000000e+00	1.652821e-01	2.954835e-02	4.541606e-05	6.533525e-03	0.000000e+00	6.759570e-05	0.000000e+00	6.367849e-03	1.845250e-01	7.278483e-01
8.049976e-02	7.488760e-04	7.003165e-03	7.203745e-05	0.000000e+00	1.237286e-03	0.000000e+00	7.299805e-03	2.888941e-05	0.000000e+00	7.208940e-04	2.628257e-03	8.852928e-03	2.604419e-02	0.000000e+00	1.004221e-02	0.000000e+00	3.387443e-04	3.340455e-04	3.559411e-03	1.721972e-02	0.000000e+00	1.815946e-01	0.000000e+00	4.541606e-05	1.006709e-03	0.000000e+00	2.534839e-05	7.299236e-04	4.245233e-03	8.049976e-02	7.431447e-01
8.049976e-02	7.488760e-04	7.003165e-03	7.203745e-05	0.000000e+00	1.237286e-03	0.000000e+00	7.299805e-03	2.888941e-05	0.000000e+00	7.208940e-04	2.628257e-03	8.852928e-03	2.604419e-02	0.000000e+00	1.004221e-02	0.000000e+00	3.387443e-04	3.340455e-04	3.559411e-03	1.721972e-02	0.000000e+00	1.815946e-01	0.000000e+00	4.541606e-05	1.006709e-03	0.000000e+00	2.534839e-05	7.299236e-04	4.245233e-03	8.049976e-02	7.431447e-01
8.049976e-02	7.488760e-04	7.003165e-03	7.203745e-05	0.000000e+00	1.237286e-03	0.000000e+00	7.299805e-03	2.888941e-05	0.000000e+00	7.208940e-04	2.628257e-03	8.852928e-03	2.604419e-02	0.000000e+00	1.004221e-02	0.000000e+00	3.387443e-04	3.340455e-04	3.559411e-03	1.721972e-02	0.000000e+00	1.815946e-01	0.000000e+00	4.541606e-05	1.006709e-03	0.000000e+00	2.534839e-05	7.299236e-04	4.245233e-03	8.049976e-02	7.431447e-01
8.049976e-02	7.488760e-04	7.003165e-03	7.203745e-05	0.000000e+00	1.237286e-03	0.000000e+00	7.299805e-03	2.888941e-05	0.000000e+00	7.208940e-04	2.628257e-03	8.852928e-03	2.604419e-02	0.000000e+00	1.004221e-02	0.000000e+00	3.387443e-04	3.340455e-04	3.559411e-03	1.721972e-02	0.000000e+00	1.815946e-01	0.000000e+00	4.541606e-05	1.006709e-03	0.000000e+00	2.534839e-05	7.299236e-04	4.245233e-03	8.049976e-02	7.431447e-01
5.828221e-02	2.293865e-03	3.501583e-03	1.440749e-04	1.304951e-02	0.000000e+00	0.000000e+00	1.537196e-02	2.355677e-05	1.424065e-03	0.000000e+00	3.942386e-03	0.000000e+00	2.694353e-03	0.000000e+00	1.425091e-02	0.000000e+00	5.081164e-04	0.000000e+00	2.535359e-03	2.183585e-03	0.000000e+00	1.858725e-01	3.485681e-02	0.000000e+00	6.304939e-04	0.000000e+00	4.647205e-05	4.849451e-03	2.122616e-03	5.828221e-02	7.817155e-01
5.828221e-02	2.293865e-03	3.501583e-03	1.440749e-04	1.304951e-02	0.000000e+00	0.000000e+00	1.537196e-02	2.355677e-05	1.424065e-03	0.000000e+00	3.942386e-03	0.000000e+00	2.694353e-03	0.000000e+00	1.425091e-02	0.000000e+00	5.081164e-04	0.000000e+00	2.535359e-03	2.183585e-03	0.000000e+00	1.858725e-01	3.485681e-02	0.000000e+00	6.304939e-04	0.000000e+00	4.647205e-05	4.849451e-03	2.122616e-03	5.828221e-02	7.817155e-01
3.823346e-02	0.000000e+00	8.753957e-03	3.601872e-05	0.000000e+00	0.000000e+00	0.000000e+00	1.096797e-02	3.037357e-06	0.000000e+00	1.081341e-03	0.000000e+00	3.708029e-02	3.771911e-02	4.167211e-02	2.461753e-02	0.000000e+00	1.694143e-04	5.010683e-04	3.055258e-03	0.000000e+00	0.000000e+00	1.794556e-01	0.000000e+00	6.812409e-05	0.000000e+00	1.091470e-03	4.536377e-04	1.144090e-03	5.306541e-03	3.823346e-02	8.679846e-01
1.884832e-02	2.183550e-03	1.167181e-02	4.751546e-02	1.205406e-02	0.000000e+00	0.000000e+00	1.669446e-02	7.179207e-06	0.000000e+00	3.425310e-03	7.884772e-03	2.084491e-02	3.166704e-02	0.000000e+00	2.307805e-02	0.000000e+00	2.540793e-04	2.186480e-03	2.551106e-03	6.550755e-03	5.398752e-03	1.730387e-01	0.000000e+00	0.000000e+00	1.485651e-02	1.378699e-03	2.944146e-04	0.000000e+00	0.000000e+00	1.884832e-02	9.632783e-01
0.000000e+00	0.000000e+00	1.225801e-02	1.800936e-04	2.690765e-03	9.279643e-04	0.000000e+00	7.299805e-03	3.555088e-06	0.000000e+00	4.341516e-03	0.000000e+00	1.652987e-02	0.000000e+00	0.000000e+00	1.539478e-03	0.000000e+00	0.000000e+00	3.340455e-04	4.315639e-03	0.000000e+00	1.079750e-02	2.286520e-01	1.315830e-02	0.000000e+00	0.000000e+00	0.000000e+00	4.536377e-04	2.746354e-03	4.245233e-03	0.000000e+00	1.096354e+00
