4.598021e-01	7.158696e-02	0.000000e+00	1.065736e-03	3.473270e-02	6.790947e-04	0.000000e+00	7.855594e-02	0.000000e+00	0.000000e+00	0.000000e+00	0.000000e+00	0.000000e+00	2.357776e-01	3.385007e-02	0.000000e+00	4.026020e-05	6.175253e-02	0.000000e+00	3.327813e-02	8.263950e-03	9.710114e-04	0.000000e+00	4.332597e-03	0.000000e+00	1.445250e-01	0.000000e+00	0.000000e+00	1.764384e-02	9.679261e-03	4.598021e-01	3.884935e-02
4.598021e-01	7.155395e-02	0.000000e+00	1.065736e-03	5.209905e-02	6.790947e-04	0.000000e+00	7.940936e-02	0.000000e+00	0.000000e+00	0.000000e+00	0.000000e+00	0.000000e+00	2.357776e-01	3.385007e-02	0.000000e+00	0.000000e+00	6.175253e-02	0.000000e+00	3.327813e-02	1.056575e-02	4.855057e-04	0.000000e+00	4.332597e-03	0.000000e+00	1.445250e-01	0.000000e+00	0.000000e+00	1.233374e-02	1.451889e-02	4.598021e-01	4.305063e-02
4.475019e-01	5.986389e-02	0.000000e+00	4.471517e-02	5.209905e-02	0.000000e+00	0.000000e+00	8.902914e-02	0.000000e+00	0.000000e+00	0.000000e+00	0.000000e+00	0.000000e+00	2.295866e-01	2.801114e-03	0.000000e+00	0.000000e+00	6.175253e-02	0.000000e+00	0.000000e+00	1.056575e-02	4.855057e-04	0.000000e+00	1.160233e-03	0.000000e+00	1.445250e-01	0.000000e+00	0.000000e+00	5.931418e-02	0.000000e+00	4.475019e-01	4.517396e-02
4.475019e-01	5.986389e-02	0.000000e+00	0.000000e+00	5.218580e-02	1.697737e-04	0.000000e+00	8.902914e-02	0.000000e+00	0.000000e+00	0.000000e+00	0.000000e+00	0.000000e+00	2.355428e-01	2.801114e-03	6.396691e-02	0.000000e+00	6.175253e-02	0.000000e+00	0.000000e+00	1.056575e-02	4.855057e-04	0.000000e+00	1.160233e-03	0.000000e+00	1.445250e-01	0.000000e+00	0.000000e+00	5.931418e-02	9.679261e-03	4.475019e-01	5.280463e-02
4.475019e-01	5.986389e-02	0.000000e+00	0.000000e+00	5.218580e-02	1.697737e-04	0.000000e+00	8.902914e-02	0.000000e+00	0.000000e+00	0.000000e+00	0.000000e+00	0.000000e+00	2.355428e-01	2.801114e-03	6.396691e-02	0.000000e+00	6.175253e-02	0.000000e+00	0.000000e+00	1.056575e-02	4.855057e-04	0.000000e+00	1.160233e-03	0.000000e+00	1.445250e-01	0.000000e+00	0.000000e+00	5.931418e-02	9.679261e-03	4.475019e-01	5.280463e-02
4.475019e-01	1.096690e-01	1.231359e-04	0.000000e+00	0.000000e+00	1.061085e-03	1.141698e-02	8.902914e-02	0.000000e+00	3.995898e-02	0.000000e+00	8.028088e-02	0.000000e+00	7.931911e-02	2.801114e-03	3.198346e-02	0.000000e+00	6.175253e-02	0.000000e+00	0.000000e+00	0.000000e+00	4.855057e-04	0.000000e+00	1.699541e-01	7.728451e-02	0.000000e+00	0.000000e+00	0.000000e+00	9.182866e-02	9.679261e-03	4.475019e-01	6.708323e-02
4.475019e-01	1.096690e-01	1.231359e-04	0.000000e+00	0.000000e+00	1.061085e-03	1.141698e-02	8.902914e-02	0.000000e+00	3.995898e-02	0.000000e+00	8.028088e-02	0.000000e+00	7.931911e-02	2.801114e-03	3.198346e-02	0.000000e+00	6.175253e-02	0.000000e+00	0.000000e+00	0.000000e+00	4.855057e-04	0.000000e+00	1.699541e-01	7.728451e-02	0.000000e+00	0.000000e+00	0.000000e+00	9.182866e-02	9.679261e-03	4.475019e-01	6.708323e-02
4.393030e-01	4.380316e-02	1.847039e-04	7.104906e-04	0.000000e+00	6.154296e-04	3.275362e-03	8.117424e-02	0.000000e+00	5.993848e-02	0.000000e+00	0.000000e+00	0.000000e+00	3.137720e-01	2.801114e-03	4.797518e-02	2.013010e-05	6.175253e-02	0.000000e+00	1.189133e-02	9.754489e-03	0.000000e+00	6.225656e-02	0.000000e+00	0.000000e+00	0.000000e+00	0.000000e+00	0.000000e+00	1.164071e-02	1.451889e-02	4.393030e-01	7.692198e-02
4.393030e-01	4.380316e-02	0.000000e+00	6.671751e-02	0.000000e+00	9.868095e-04	7.065424e-03	8.117424e-02	0.000000e+00	5.993848e-02	0.000000e+00	0.000000e+00	9.710251e-04	2.690535e-01	0.000000e+00	4.797518e-02	2.013010e-05	6.175253e-02	0.000000e+00	1.189133e-02	3.047065e-03	1.942023e-03	6.225656e-02	1.078560e-02	2.263281e-02	0.000000e+00	0.000000e+00	0.000000e+00	1.164071e-02	7.259445e-03	4.393030e-01	8.668100e-02
4.393030e-01	4.380316e-02	0.000000e+00	6.671751e-02	0.000000e+00	9.868095e-04	7.065424e-03	8.117424e-02	0.000000e+00	5.993848e-02	0.000000e+00	0.000000e+00	9.710251e-04	2.690535e-01	0.000000e+00	4.797518e-02	2.013010e-05	6.175253e-02	0.000000e+00	1.189133e-02	3.047065e-03	1.942023e-03	6.225656e-02	1.078560e-02	2.263281e-02	0.000000e+00	0.000000e+00	0.000000e+00	1.164071e-02	7.259445e-03	4.393030e-01	8.668100e-02
4.393030e-01	4.380316e-02	0.000000e+00	6.671751e-02	0.000000e+00	9.868095e-04	7.065424e-03	8.117424e-02	0.000000e+00	5.993848e-02	0.000000e+00	0.000000e+00	9.710251e-04	2.690535e-01	0.000000e+00	4.797518e-02	2.013010e-05	6.175253e-02	0.000000e+00	1.189133e-02	3.047065e-03	1.942023e-03	6.225656e-02	1.078560e-02	2.263281e-02	0.000000e+00	0.000000e+00	0.000000e+00	1.164071e-02	7.259445e-03	4.393030e-01	8.668100e-02
4.310987e-01	6.410896e-02	1.231359e-04	4.183166e-02	0.000000e+00	1.018642e-03	3.532712e-03	6.938018e-02	0.000000e+00	1.254564e-02	0.000000e+00	5.519786e-02	3.884100e-04	1.785342e-01	2.100835e-03	0.000000e+00	2.504372e-03	3.087626e-02	0.000000e+00	0.000000e+00	7.208213e-03	0.000000e+00	0.000000e+00	1.227263e-02	5.152301e-02	0.000000e+00	0.000000e+00	0.000000e+00	2.736739e-02	3.629723e-03	4.310987e-01	1.060355e-01
4.310987e-01	6.410896e-02	1.231359e-04	4.183166e-02	0.000000e+00	1.018642e-03	3.532712e-03	6.938018e-02	0.000000e+00	1.254564e-02	0.000000e+00	5.519786e-02	3.884100e-04	1.785342e-01	2.100835e-03	0.000000e+00	2.504372e-03	3.087626e-02	0.000000e+00	0.000000e+00	7.208213e-03	0.000000e+00	0.000000e+00	1.227263e-02	5.152301e-02	0.000000e+00	0.000000e+00	0.000000e+00	2.736739e-02	3.629723e-03	4.310987e-01	1.060355e-01
4.310987e-01	6.410896e-02	1.231359e-04	4.183166e-02	0.000000e+00	1.018642e-03	3.532712e-03	6.938018e-02	0.000000e+00	1.254564e-02	0.000000e+00	5.519786e-02	3.884100e-04	1.785342e-01	2.100835e-03	0.000000e+00	2.504372e-03	3.087626e-02	0.000000e+00	0.000000e+00	7.208213e-03	0.000000e+00	0.000000e+00	1.227263e-02	5.152301e-02	0.000000e+00	0.000000e+00	0.000000e+00	2.736739e-02	3.629723e-03	4.310987e-01	1.060355e-01
4.310987e-01	6.410896e-02	1.231359e-04	4.183166e-02	0.000000e+00	1.018642e-03	3.532712e-03	6.938018e-02	0.000000e+00	1.254564e-02	0.000000e+00	5.519786e-02	3.884100e-04	1.785342e-01	2.100835e-03	0.000000e+00	2.504372e-03	3.087626e-02	0.000000e+00	0.000000e+00	7.208213e-03	0.000000e+00	0.000000e+00	1.227263e-02	5.152301e-02	0.000000e+00	0.000000e+00	0.000000e+00	2.736739e-02	3.629723e-03	4.310987e-01	1.060355e-01
4.310987e-01	6.410896e-02	1.231359e-04	4.183166e-02	0.000000e+00	1.018642e-03	3.532712e-03	6.938018e-02	0.000000e+00	1.254564e-02	0.000000e+00	5.519786e-02	3.884100e-04	1.785342e-01	2.100835e-03	0.000000e+00	2.504372e-03	3.087626e-02	0.000000e+00	0.000000e+00	7.208213e-03	0.000000e+00	0.000000e+00	1.227263e-02	5.152301e-02	0.000000e+00	0.000000e+00	0.000000e+00	2.736739e-02	3.629723e-03	4.310987e-01	1.060355e-01
4.310987e-01	6.410896e-02	1.231359e-04	4.183166e-02	0.000000e+00	1.018642e-03	3.532712e-03	6.938018e-02	0.000000e+00	1.254564e-02	0.000000e+00	5.519786e-02	3.884100e-04	1.785342e-01	2.100835e-03	0.000000e+00	2.504372e-03	3.087626e-02	0.000000e+00	0.000000e+00	7.208213e-03	0.000000e+00	0.000000e+00	1.227263e-02	5.152301e-02	0.000000e+00	0.000000e+00	0.000000e+00	2.736739e-02	3.629723e-03	4.310987e-01	1.060355e-01
4.310987e-01	6.410896e-02	1.231359e-04	4.183166e-02	0.000000e+00	1.018642e-03	3.532712e-03	6.938018e-02	0.000000e+00	1.254564e-02	0.000000e+00	5.519786e-02	3.884100e-04	1.785342e-01	2.100835e-03	0.000000e+00	2.504372e-03	3.087626e-02	0.000000e+00	0.000000e+00	7.208213e-03	0.000000e+00	0.000000e+00	1.227263e-02	5.152301e-02	0.000000e+00	0.000000e+00	0.000000e+00	2.736739e-02	3.629723e-03	4.310987e-01	1.060355e-01
4.249441e-01	6.471483e-02	4.617597e-04	4.509901e-02	0.000000e+00	1.018642e-03	3.532712e-03	6.938018e-02	0.000000e+00	1.254564e-02	0.000000e+00	5.530806e-02	1.747845e-03	1.785342e-01	2.100835e-03	1.149540e-02	2.504372e-03	0.000000e+00	0.000000e+00	0.000000e+00	1.157409e-02	0.000000e+00	0.000000e+00	1.227263e-02	2.576150e-02	0.000000e+00	0.000000e+00	0.000000e+00	2.736739e-02	1.814861e-03	4.249441e-01	1.604824e-01
4.249441e-01	6.471483e-02	4.617597e-04	4.509901e-02	0.000000e+00	1.018642e-03	3.532712e-03	6.938018e-02	0.000000e+00	1.254564e-02	0.000000e+00	5.530806e-02	1.747845e-03	1.785342e-01	2.100835e-03	1.149540e-02	2.504372e-03	0.000000e+00	0.000000e+00	0.000000e+00	1.157409e-02	0.000000e+00	0.000000e+00	1.227263e-02	2.576150e-02	0.000000e+00	0.000000e+00	0.000000e+00	2.736739e-02	1.814861e-03	4.249441e-01	1.604824e-01
4.249441e-01	6.471483e-02	4.617597e-04	4.509901e-02	0.000000e+00	1.018642e-03	3.532712e-03	6.938018e-02	0.000000e+00	1.254564e-02	0.000000e+00	5.530806e-02	1.747845e-03	1.785342e-01	2.100835e-03	1.149540e-02	2.504372e-03	0.000000e+00	0.000000e+00	0.000000e+00	1.157409e-02	0.000000e+00	0.000000e+00	1.227263e-02	2.576150e-02	0.000000e+00	0.000000e+00	0.000000e+00	2.736739e-02	1.814861e-03	4.249441e-01	1.604824e-01
4.228944e-01	8.064672e-02	4.925436e-04	4.471517e-02	0.000000e+00	1.273303e-04	2.994617e-03	5.758612e-02	0.000000e+00	2.663932e-02	0.000000e+00	5.541827e-02	0.000000e+00	2.115056e-01	0.000000e+00	0.000000e+00	5.688516e-03	0.000000e+00	0.000000e+00	0.000000e+00	1.593996e-02	0.000000e+00	0.000000e+00	1.078560e-02	2.889020e-02	0.000000e+00	0.000000e+00	0.000000e+00	0.000000e+00	0.000000e+00	4.228944e-01	1.866012e-01
4.228944e-01	7.938939e-02	3.084147e-03	7.126821e-02	5.980600e-04	1.273303e-04	3.532712e-03	2.775491e-03	1.441261e-03	0.000000e+00	0.000000e+00	4.902102e-02	2.233358e-03	2.115056e-01	3.676462e-03	0.000000e+00	0.000000e+00	0.000000e+00	0.000000e+00	0.000000e+00	3.820139e-03	0.000000e+00	0.000000e+00	1.365064e-02	6.440376e-02	5.271376e-03	0.000000e+00	0.000000e+00	8.836106e-02	1.814861e-03	4.228944e-01	2.006315e-01
4.228944e-01	7.908645e-02	3.084147e-03	6.963454e-02	5.980600e-04	1.273303e-04	5.299068e-03	0.000000e+00	1.441261e-03	2.942904e-03	0.000000e+00	4.896592e-02	1.553640e-03	2.115056e-01	2.275905e-03	0.000000e+00	0.000000e+00	0.000000e+00	0.000000e+00	0.000000e+00	1.637202e-03	0.000000e+00	0.000000e+00	1.290713e-02	7.728451e-02	0.000000e+00	0.000000e+00	0.000000e+00	8.836106e-02	1.814861e-03	4.228944e-01	2.011857e-01
4.228944e-01	7.908645e-02	3.084147e-03	6.963454e-02	5.980600e-04	1.273303e-04	5.299068e-03	0.000000e+00	1.441261e-03	2.942904e-03	0.000000e+00	4.896592e-02	1.553640e-03	2.115056e-01	2.275905e-03	0.000000e+00	0.000000e+00	0.000000e+00	0.000000e+00	0.000000e+00	1.637202e-03	0.000000e+00	0.000000e+00	1.290713e-02	7.728451e-02	0.000000e+00	0.000000e+00	0.000000e+00	8.836106e-02	1.814861e-03	4.228944e-01	2.011857e-01
4.228944e-01	7.908645e-02	3.084147e-03	6.963454e-02	5.980600e-04	1.273303e-04	5.299068e-03	0.000000e+00	1.441261e-03	2.942904e-03	0.000000e+00	4.896592e-02	1.553640e-03	2.115056e-01	2.275905e-03	0.000000e+00	0.000000e+00	0.000000e+00	0.000000e+00	0.000000e+00	1.637202e-03	0.000000e+00	0.000000e+00	1.290713e-02	7.728451e-02	0.000000e+00	0.000000e+00	0.000000e+00	8.836106e-02	1.814861e-03	4.228944e-01	2.011857e-01
4.228944e-01	7.908645e-02	3.084147e-03	6.963454e-02	5.980600e-04	1.273303e-04	5.299068e-03	0.000000e+00	1.441261e-03	2.942904e-03	0.000000e+00	4.896592e-02	1.553640e-03	2.115056e-01	2.275905e-03	0.000000e+00	0.000000e+00	0.000000e+00	0.000000e+00	0.000000e+00	1.637202e-03	0.000000e+00	0.000000e+00	1.290713e-02	7.728451e-02	0.000000e+00	0.000000e+00	0.000000e+00	8.836106e-02	1.814861e-03	4.228944e-01	2.011857e-01
4.187895e-01	7.871441e-02	2.134665e-03	7.904337e-02	0.000000e+00	0.000000e+00	0.000000e+00	8.637917e-02	1.441261e-03	1.476462e-02	0.000000e+00	0.000000e+00	3.107280e-03	2.074818e-01	4.901949e-03	2.729334e-02	0.000000e+00	0.000000e+00	0.000000e+00	0.000000e+00	1.593996e-02	0.000000e+00	0.000000e+00	1.375966e-02	0.000000e+00	1.054275e-02	0.000000e+00	0.000000e+00	7.950413e-02	0.000000e+00	4.187895e-01	2.537474e-01
4.187895e-01	7.871441e-02	2.134665e-03	7.904337e-02	0.000000e+00	0.000000e+00	0.000000e+00	8.637917e-02	1.441261e-03	1.476462e-02	0.000000e+00	0.000000e+00	3.107280e-03	2.074818e-01	4.901949e-03	2.729334e-02	0.000000e+00	0.000000e+00	0.000000e+00	0.000000e+00	1.593996e-02	0.000000e+00	0.000000e+00	1.375966e-02	0.000000e+00	1.054275e-02	0.000000e+00	0.000000e+00	7.950413e-02	0.000000e+00	4.187895e-01	2.537474e-01
4.187895e-01	7.871441e-02	2.134665e-03	7.904337e-02	0.000000e+00	0.000000e+00	0.000000e+00	8.637917e-02	1.441261e-03	1.476462e-02	0.000000e+00	0.000000e+00	3.107280e-03	2.074818e-01	4.901949e-03	2.729334e-02	0.000000e+00	0.000000e+00	0.000000e+00	0.000000e+00	1.593996e-02	0.000000e+00	0.000000e+00	1.375966e-02	0.000000e+00	1.054275e-02	0.000000e+00	0.000000e+00	7.950413e-02	0.000000e+00	4.187895e-01	2.537474e-01
4.187895e-01	7.871441e-02	2.134665e-03	7.904337e-02	0.000000e+00	0.000000e+00	0.000000e+00	8.637917e-02	1.441261e-03	1.476462e-02	0.000000e+00	0.000000e+00	3.107280e-03	2.074818e-01	4.901949e-03	2.729334e-02	0.000000e+00	0.000000e+00	0.000000e+00	0.000000e+00	1.593996e-02	0.000000e+00	0.000000e+00	1.375966e-02	0.000000e+00	1.054275e-02	0.000000e+00	0.000000e+00	7.950413e-02	0.000000e+00	4.187895e-01	2.537474e-01
4.187895e-01	7.871441e-02	2.134665e-03	7.904337e-02	0.000000e+00	0.000000e+00	0.000000e+00	8.637917e-02	1.441261e-03	1.476462e-02	0.000000e+00	0.000000e+00	3.107280e-03	2.074818e-01	4.901949e-03	2.729334e-02	0.000000e+00	0.000000e+00	0.000000e+00	0.000000e+00	1.593996e-02	0.000000e+00	0.000000e+00	1.375966e-02	0.000000e+00	1.054275e-02	0.000000e+00	0.000000e+00	7.950413e-02	0.000000e+00	4.187895e-01	2.537474e-01
4.129582e-01	7.424984e-02	3.099539e-03	6.881770e-02	0.000000e+00	0.000000e+00	0.000000e+00	8.637917e-02	2.882522e-03	0.000000e+00	0.000000e+00	1.392218e-02	3.107280e-03	1.906072e-01	2.801114e-03	1.313760e-02	0.000000e+00	0.000000e+00	0.000000e+00	5.235954e-04	1.593996e-02	0.000000e+00	0.000000e+00	1.007190e-02	0.000000e+00	1.054275e-02	0.000000e+00	0.000000e+00	7.467737e-02	0.000000e+00	4.129582e-01	3.164116e-01
4.129582e-01	7.666815e-02	3.099539e-03	6.881770e-02	2.990300e-04	6.366513e-05	2.649534e-03	8.637917e-02	3.603152e-03	0.000000e+00	0.000000e+00	1.392218e-02	3.107280e-03	1.906072e-01	2.538509e-03	1.313760e-02	0.000000e+00	0.000000e+00	0.000000e+00	5.235954e-04	1.675856e-02	0.000000e+00	0.000000e+00	9.149966e-03	3.864225e-02	1.054275e-02	0.000000e+00	0.000000e+00	7.467737e-02	9.074307e-04	4.129582e-01	3.263268e-01
2.554815e-01	7.424984e-02	9.850873e-04	6.881770e-02	0.000000e+00	0.000000e+00	0.000000e+00	0.000000e+00	0.000000e+00	0.000000e+00	0.000000e+00	1.392218e-02	3.107280e-03	2.072569e-01	2.801114e-03	1.313760e-02	0.000000e+00	0.000000e+00	0.000000e+00	0.000000e+00	0.000000e+00	0.000000e+00	0.000000e+00	1.475101e-02	0.000000e+00	0.000000e+00	0.000000e+00	0.000000e+00	4.378911e-02	0.000000e+00	2.554815e-01	3.466583e-01
2.554815e-01	7.424984e-02	9.850873e-04	6.881770e-02	0.000000e+00	0.000000e+00	0.000000e+00	0.000000e+00	0.000000e+00	0.000000e+00	0.000000e+00	1.392218e-02	3.107280e-03	2.072569e-01	2.801114e-03	1.313760e-02	0.000000e+00	0.000000e+00	0.000000e+00	0.000000e+00	0.000000e+00	0.000000e+00	0.000000e+00	1.475101e-02	0.000000e+00	0.000000e+00	0.000000e+00	0.000000e+00	4.378911e-02	0.000000e+00	2.554815e-01	3.466583e-01
2.554815e-01	7.424984e-02	9.850873e-04	6.881770e-02	0.000000e+00	0.000000e+00	0.000000e+00	0.000000e+00	0.000000e+00	0.000000e+00	0.000000e+00	1.392218e-02	3.107280e-03	2.072569e-01	2.801114e-03	1.313760e-02	0.000000e+00	0.000000e+00	0.000000e+00	0.000000e+00	0.000000e+00	0.000000e+00	0.000000e+00	1.475101e-02	0.000000e+00	0.000000e+00	0.000000e+00	0.000000e+00	4.378911e-02	0.000000e+00	2.554815e-01	3.466583e-01
2.554815e-01	7.424984e-02	9.850873e-04	6.881770e-02	0.000000e+00	0.000000e+00	0.000000e+00	0.000000e+00	0.000000e+00	0.000000e+00	0.000000e+00	1.392218e-02	3.107280e-03	2.072569e-01	2.801114e-03	1.313760e-02	0.000000e+00	0.000000e+00	0.000000e+00	0.000000e+00	0.000000e+00	0.000000e+00	0.000000e+00	1.475101e-02	0.000000e+00	0.000000e+00	0.000000e+00	0.000000e+00	4.378911e-02	0.000000e+00	2.554815e-01	3.466583e-01
2.554815e-01	7.424984e-02	9.850873e-04	6.881770e-02	0.000000e+00	0.000000e+00	0.000000e+00	0.000000e+00	0.000000e+00	0.000000e+00	0.000000e+00	1.392218e-02	3.107280e-03	2.072569e-01	2.801114e-03	1.313760e-02	0.000000e+00	0.000000e+00	0.000000e+00	0.000000e+00	0.000000e+00	0.000000e+00	0.000000e+00	1.475101e-02	0.000000e+00	0.000000e+00	0.000000e+00	0.000000e+00	4.378911e-02	0.000000e+00	2.554815e-01	3.466583e-01
2.554815e-01	7.424984e-02	9.850873e-04	6.881770e-02	0.000000e+00	0.000000e+00	0.000000e+00	0.000000e+00	0.000000e+00	0.000000e+00	0.000000e+00	1.392218e-02	3.107280e-03	2.072569e-01	2.801114e-03	1.313760e-02	0.000000e+00	0.000000e+00	0.000000e+00	0.000000e+00	0.000000e+00	0.000000e+00	0.000000e+00	1.475101e-02	0.000000e+00	0.000000e+00	0.000000e+00	0.000000e+00	4.378911e-02	0.000000e+00	2.554815e-01	3.466583e-01
2.554815e-01	7.424984e-02	9.850873e-04	6.881770e-02	0.000000e+00	0.000000e+00	0.000000e+00	0.000000e+00	0.000000e+00	0.000000e+00	0.000000e+00	1.392218e-02	3.107280e-03	2.072569e-01	2.801114e-03	1.313760e-02	0.000000e+00	0.000000e+00	0.000000e+00	0.000000e+00	0.000000e+00	0.000000e+00	0.000000e+00	1.475101e-02	0.000000e+00	0.000000e+00	0.000000e+00	0.000000e+00	4.378911e-02	0.000000e+00	2.554815e-01	3.466583e-01
2.554815e-01	7.424984e-02	9.850873e-04	6.881770e-02	0.000000e+00	0.000000e+00	0.000000e+00	0.000000e+00	0.000000e+00	0.000000e+00	0.000000e+00	1.392218e-02	3.107280e-03	2.072569e-01	2.801114e-03	1.313760e-02	0.000000e+00	0.000000e+00	0.000000e+00	0.000000e+00	0.000000e+00	0.000000e+00	0.000000e+00	1.475101e-02	0.000000e+00	0.000000e+00	0.000000e+00	0.000000e+00	4.378911e-02	0.000000e+00	2.554815e-01	3.466583e-01
2.564227e-01	7.424984e-02	9.850873e-04	6.881770e-02	1.057946e-02	0.000000e+00	0.000000e+00	0.000000e+00	0.000000e+00	0.000000e+00	0.000000e+00	1.392218e-02	3.118232e-03	2.072569e-01	2.742282e-03	1.313760e-02	0.000000e+00	1.337758e-03	0.000000e+00	5.235954e-04	0.000000e+00	0.000000e+00	0.000000e+00	1.475101e-02	0.000000e+00	0.000000e+00	0.000000e+00	0.000000e+00	4.378911e-02	0.000000e+00	2.564227e-01	3.490822e-01
2.564227e-01	7.424984e-02	9.850873e-04	6.881770e-02	1.057946e-02	0.000000e+00	0.000000e+00	0.000000e+00	0.000000e+00	0.000000e+00	0.000000e+00	1.392218e-02	3.118232e-03	2.072569e-01	2.742282e-03	1.313760e-02	0.000000e+00	1.337758e-03	0.000000e+00	5.235954e-04	0.000000e+00	0.000000e+00	0.000000e+00	1.475101e-02	0.000000e+00	0.000000e+00	0.000000e+00	0.000000e+00	4.378911e-02	0.000000e+00	2.564227e-01	3.490822e-01
2.534290e-01	0.000000e+00	8.743920e-03	6.881770e-02	2.535013e-02	0.000000e+00	0.000000e+00	0.000000e+00	0.000000e+00	0.000000e+00	1.624420e-04	2.248040e-02	1.553640e-03	2.052449e-01	4.094917e-03	3.128971e-02	0.000000e+00	0.000000e+00	0.000000e+00	0.000000e+00	2.591670e-02	3.067994e-03	0.000000e+00	1.475101e-02	0.000000e+00	8.033867e-03	0.000000e+00	7.166636e-03	4.378911e-02	0.000000e+00	2.534290e-01	3.551292e-01
2.419364e-01	5.242365e-02	0.000000e+00	6.881770e-02	0.000000e+00	0.000000e+00	0.000000e+00	0.000000e+00	4.398902e-03	0.000000e+00	0.000000e+00	9.643073e-03	3.911479e-03	2.082628e-01	2.065964e-03	4.061549e-03	0.000000e+00	0.000000e+00	0.000000e+00	1.308989e-03	0.000000e+00	0.000000e+00	0.000000e+00	1.475101e-02	0.000000e+00	0.000000e+00	0.000000e+00	0.000000e+00	4.378911e-02	0.000000e+00	2.419364e-01	3.716190e-01
2.419364e-01	5.242365e-02	0.000000e+00	6.881770e-02	0.000000e+00	0.000000e+00	0.000000e+00	0.000000e+00	4.398902e-03	0.000000e+00	0.000000e+00	9.643073e-03	3.911479e-03	2.082628e-01	2.065964e-03	4.061549e-03	0.000000e+00	0.000000e+00	0.000000e+00	1.308989e-03	0.000000e+00	0.000000e+00	0.000000e+00	1.475101e-02	0.000000e+00	0.000000e+00	0.000000e+00	0.000000e+00	4.378911e-02	0.000000e+00	2.419364e-01	3.716190e-01
2.419364e-01	0.000000e+00	1.311588e-02	6.881770e-02	3.802520e-02	0.000000e+00	0.000000e+00	0.000000e+00	0.000000e+00	0.000000e+00	0.000000e+00	2.889906e-02	3.747206e-04	2.286273e-01	1.495386e-02	4.490380e-02	0.000000e+00	0.000000e+00	0.000000e+00	0.000000e+00	0.000000e+00	4.601991e-03	0.000000e+00	1.475101e-02	0.000000e+00	0.000000e+00	0.000000e+00	0.000000e+00	1.094728e-02	0.000000e+00	2.419364e-01	3.846513e-01
2.389645e-01	1.091310e-02	9.236463e-03	3.754281e-02	2.535013e-02	0.000000e+00	0.000000e+00	0.000000e+00	0.000000e+00	5.850036e-02	1.624420e-04	2.248040e-02	1.157016e-03	2.218392e-01	1.065790e-02	3.582774e-02	0.000000e+00	5.164407e-03	0.000000e+00	0.000000e+00	2.591670e-02	3.067994e-03	0.000000e+00	1.652179e-02	0.000000e+00	8.033867e-03	0.000000e+00	7.166636e-03	2.189455e-02	0.000000e+00	2.389645e-01	4.101667e-01
2.389645e-01	1.091310e-02	9.236463e-03	3.754281e-02	2.535013e-02	0.000000e+00	0.000000e+00	0.000000e+00	0.000000e+00	5.850036e-02	1.624420e-04	2.248040e-02	1.157016e-03	2.218392e-01	1.065790e-02	3.582774e-02	0.000000e+00	5.164407e-03	0.000000e+00	0.000000e+00	2.591670e-02	3.067994e-03	0.000000e+00	1.652179e-02	0.000000e+00	8.033867e-03	0.000000e+00	7.166636e-03	2.189455e-02	0.000000e+00	2.389645e-01	4.101667e-01
2.317214e-01	0.000000e+00	0.000000e+00	3.754281e-02	0.000000e+00	0.000000e+00	0.000000e+00	1.415401e-02	6.561669e-02	5.801303e-03	0.000000e+00	2.339979e-02	1.553640e-03	1.703533e-01	1.065790e-02	3.128971e-02	0.000000e+00	5.164407e-03	0.000000e+00	1.603702e-02	3.318052e-02	3.067994e-03	0.000000e+00	0.000000e+00	0.000000e+00	4.551994e-03	2.324341e-02	7.166636e-03	2.378117e-02	0.000000e+00	2.317214e-01	4.375994e-01
2.317214e-01	0.000000e+00	0.000000e+00	3.754281e-02	0.000000e+00	0.000000e+00	0.000000e+00	1.415401e-02	6.561669e-02	5.801303e-03	0.000000e+00	2.339979e-02	1.553640e-03	1.703533e-01	1.065790e-02	3.128971e-02	0.000000e+00	5.164407e-03	0.000000e+00	1.603702e-02	3.318052e-02	3.067994e-03	0.000000e+00	0.000000e+00	0.000000e+00	4.551994e-03	2.324341e-02	7.166636e-03	2.378117e-02	0.000000e+00	2.317214e-01	4.375994e-01
2.232375e-01	3.588585e-02	0.000000e+00	3.754281e-02	0.000000e+00	0.000000e+00	0.000000e+00	6.395640e-03	5.093661e-04	5.801303e-03	1.624420e-04	7.045183e-03	5.309458e-03	2.082362e-01	2.571279e-03	1.516831e-02	0.000000e+00	5.164407e-03	0.000000e+00	1.308989e-03	0.000000e+00	1.533997e-03	0.000000e+00	0.000000e+00	0.000000e+00	4.551994e-03	2.324341e-02	0.000000e+00	5.237053e-02	0.000000e+00	2.232375e-01	4.774026e-01
2.232375e-01	3.588585e-02	0.000000e+00	3.754281e-02	0.000000e+00	0.000000e+00	0.000000e+00	6.395640e-03	5.093661e-04	5.801303e-03	1.624420e-04	7.045183e-03	5.309458e-03	2.082362e-01	2.571279e-03	1.516831e-02	0.000000e+00	5.164407e-03	0.000000e+00	1.308989e-03	0.000000e+00	1.533997e-03	0.000000e+00	0.000000e+00	0.000000e+00	4.551994e-03	2.324341e-02	0.000000e+00	5.237053e-02	0.000000e+00	2.232375e-01	4.774026e-01
2.181300e-01	3.588585e-02	0.000000e+00	3.754281e-02	0.000000e+00	0.000000e+00	0.000000e+00	1.347264e-02	5.093661e-04	5.801303e-03	1.624420e-04	0.000000e+00	4.130539e-03	1.892815e-01	2.571279e-03	1.516831e-02	0.000000e+00	5.164407e-03	0.000000e+00	1.308989e-03	1.659026e-02	1.533997e-03	0.000000e+00	0.000000e+00	0.000000e+00	4.551994e-03	2.324341e-02	0.000000e+00	5.237053e-02	0.000000e+00	2.181300e-01	5.135702e-01
2.181300e-01	6.209767e-02	7.902756e-03	3.754281e-02	0.000000e+00	0.000000e+00	0.000000e+00	1.347264e-02	3.306303e-02	5.801303e-03	1.624420e-04	0.000000e+00	4.130539e-03	1.848121e-01	2.571279e-03	1.564486e-02	0.000000e+00	5.164407e-03	0.000000e+00	1.963483e-03	1.659026e-02	1.533997e-03	0.000000e+00	0.000000e+00	0.000000e+00	4.551994e-03	1.974452e-02	3.583318e-03	3.807585e-02	1.842865e-03	2.181300e-01	5.259193e-01
2.181300e-01	6.209767e-02	7.902756e-03	3.754281e-02	0.000000e+00	0.000000e+00	0.000000e+00	1.347264e-02	3.306303e-02	5.801303e-03	1.624420e-04	0.000000e+00	4.130539e-03	1.848121e-01	2.571279e-03	1.564486e-02	0.000000e+00	5.164407e-03	0.000000e+00	1.963483e-03	1.659026e-02	1.533997e-03	0.000000e+00	0.000000e+00	0.000000e+00	4.551994e-03	1.974452e-02	3.583318e-03	3.807585e-02	1.842865e-03	2.181300e-01	5.259193e-01
2.181300e-01	6.209767e-02	7.902756e-03	3.754281e-02	0.000000e+00	0.000000e+00	0.000000e+00	1.347264e-02	3.306303e-02	5.801303e-03	1.624420e-04	0.000000e+00	4.130539e-03	1.848121e-01	2.571279e-03	1.564486e-02	0.000000e+00	5.164407e-03	0.000000e+00	1.963483e-03	1.659026e-02	1.533997e-03	0.000000e+00	0.000000e+00	0.000000e+00	4.551994e-03	1.974452e-02	3.583318e-03	3.807585e-02	1.842865e-03	2.181300e-01	5.259193e-01
2.042401e-01	1.794292e-02	7.902756e-03	7.673604e-03	3.168766e-03	0.000000e+00	0.000000e+00	3.197820e-03	5.530868e-02	0.000000e+00	2.436629e-04	0.000000e+00	4.130539e-03	2.195912e-01	1.276984e-03	0.000000e+00	0.000000e+00	1.291102e-03	0.000000e+00	0.000000e+00	1.713037e-02	3.067994e-03	0.000000e+00	6.865730e-03	0.000000e+00	6.827991e-03	1.749441e-03	0.000000e+00	5.914030e-02	1.842865e-03	2.042401e-01	6.223359e-01
2.042401e-01	0.000000e+00	9.142455e-03	3.836802e-03	3.168766e-03	0.000000e+00	0.000000e+00	1.202266e-02	5.530868e-02	1.785743e-02	5.341844e-03	0.000000e+00	2.913787e-03	1.810385e-01	5.159870e-03	7.278137e-02	0.000000e+00	1.291102e-03	1.621752e-02	0.000000e+00	7.156491e-03	0.000000e+00	0.000000e+00	6.865730e-03	0.000000e+00	6.827991e-03	1.749441e-03	2.627767e-03	1.024163e-02	1.842865e-03	2.042401e-01	6.235676e-01
2.012664e-01	1.113175e-02	2.144502e-02	3.370601e-02	5.771682e-03	3.326163e-03	0.000000e+00	1.819801e-02	1.354412e-02	1.785743e-02	5.260623e-03	2.830028e-02	4.130539e-03	2.172017e-01	4.272438e-03	1.353143e-01	0.000000e+00	5.164407e-03	2.930511e-03	0.000000e+00	7.156491e-03	0.000000e+00	0.000000e+00	0.000000e+00	0.000000e+00	0.000000e+00	1.399553e-02	3.583318e-03	1.024163e-02	3.824932e-03	2.012664e-01	6.813019e-01
2.012664e-01	1.113175e-02	2.144502e-02	3.370601e-02	5.771682e-03	3.326163e-03	0.000000e+00	1.819801e-02	1.354412e-02	1.785743e-02	5.260623e-03	2.830028e-02	4.130539e-03	2.172017e-01	4.272438e-03	1.353143e-01	0.000000e+00	5.164407e-03	2.930511e-03	0.000000e+00	7.156491e-03	0.000000e+00	0.000000e+00	0.000000e+00	0.000000e+00	0.000000e+00	1.399553e-02	3.583318e-03	1.024163e-02	3.824932e-03	2.012664e-01	6.813019e-01
2.012664e-01	1.113175e-02	2.144502e-02	3.370601e-02	5.771682e-03	3.326163e-03	0.000000e+00	1.819801e-02	1.354412e-02	1.785743e-02	5.260623e-03	2.830028e-02	4.130539e-03	2.172017e-01	4.272438e-03	1.353143e-01	0.000000e+00	5.164407e-03	2.930511e-03	0.000000e+00	7.156491e-03	0.000000e+00	0.000000e+00	0.000000e+00	0.000000e+00	0.000000e+00	1.399553e-02	3.583318e-03	1.024163e-02	3.824932e-03	2.012664e-01	6.813019e-01
8.908190e-02	0.000000e+00	4.958794e-03	7.673604e-03	5.771682e-03	0.000000e+00	0.000000e+00	5.483191e-04	1.354412e-02	1.785743e-02	0.000000e+00	3.088823e-02	2.913787e-03	1.810385e-01	5.159870e-03	7.278137e-02	1.089981e-02	0.000000e+00	1.621752e-02	0.000000e+00	7.156491e-03	0.000000e+00	0.000000e+00	3.683744e-03	0.000000e+00	0.000000e+00	1.399553e-02	2.627767e-03	1.024163e-02	3.824932e-03	8.908190e-02	7.808712e-01
8.908190e-02	0.000000e+00	4.958794e-03	7.673604e-03	5.771682e-03	0.000000e+00	0.000000e+00	5.483191e-04	1.354412e-02	1.785743e-02	0.000000e+00	3.088823e-02	2.913787e-03	1.810385e-01	5.159870e-03	7.278137e-02	1.089981e-02	0.000000e+00	1.621752e-02	0.000000e+00	7.156491e-03	0.000000e+00	0.000000e+00	3.683744e-03	0.000000e+00	0.000000e+00	1.399553e-02	2.627767e-03	1.024163e-02	3.824932e-03	8.908190e-02	7.808712e-01
8.908190e-02	0.000000e+00	4.958794e-03	7.673604e-03	5.771682e-03	0.000000e+00	0.000000e+00	5.483191e-04	1.354412e-02	1.785743e-02	0.000000e+00	3.088823e-02	2.913787e-03	1.810385e-01	5.159870e-03	7.278137e-02	1.089981e-02	0.000000e+00	1.621752e-02	0.000000e+00	7.156491e-03	0.000000e+00	0.000000e+00	3.683744e-03	0.000000e+00	0.000000e+00	1.399553e-02	2.627767e-03	1.024163e-02	3.824932e-03	8.908190e-02	7.808712e-01
8.908190e-02	0.000000e+00	4.958794e-03	7.673604e-03	5.771682e-03	0.000000e+00	0.000000e+00	5.483191e-04	1.354412e-02	1.785743e-02	0.000000e+00	3.088823e-02	2.913787e-03	1.810385e-01	5.159870e-03	7.278137e-02	1.089981e-02	0.000000e+00	1.621752e-02	0.000000e+00	7.156491e-03	0.000000e+00	0.000000e+00	3.683744e-03	0.000000e+00	0.000000e+00	1.399553e-02	2.627767e-03	1.024163e-02	3.824932e-03	8.908190e-02	7.808712e-01
8.908190e-02	0.000000e+00	4.958794e-03	7.673604e-03	5.771682e-03	0.000000e+00	0.000000e+00	5.483191e-04	1.354412e-02	1.785743e-02	0.000000e+00	3.088823e-02	2.913787e-03	1.810385e-01	5.159870e-03	7.278137e-02	1.089981e-02	0.000000e+00	1.621752e-02	0.000000e+00	7.156491e-03	0.000000e+00	0.000000e+00	3.683744e-03	0.000000e+00	0.000000e+00	1.399553e-02	2.627767e-03	1.024163e-02	3.824932e-03	8.908190e-02	7.808712e-01
8.908190e-02	1.113175e-02	7.438190e-03	0.000000e+00	5.771682e-03	6.652326e-03	0.000000e+00	1.819801e-02	1.354412e-02	1.785743e-02	1.019636e-02	2.830028e-02	2.913787e-03	1.495129e-01	4.272438e-03	7.278137e-02	2.006084e-03	0.000000e+00	2.207854e-02	0.000000e+00	7.156491e-03	0.000000e+00	0.000000e+00	3.683744e-03	0.000000e+00	0.000000e+00	1.399553e-02	2.627767e-03	1.024163e-02	3.824932e-03	8.908190e-02	7.815120e-01
8.908190e-02	1.113175e-02	7.438190e-03	0.000000e+00	5.771682e-03	6.652326e-03	0.000000e+00	1.819801e-02	1.354412e-02	1.785743e-02	1.019636e-02	2.830028e-02	2.913787e-03	1.495129e-01	4.272438e-03	7.278137e-02	2.006084e-03	0.000000e+00	2.207854e-02	0.000000e+00	7.156491e-03	0.000000e+00	0.000000e+00	3.683744e-03	0.000000e+00	0.000000e+00	1.399553e-02	2.627767e-03	1.024163e-02	3.824932e-03	8.908190e-02	7.815120e-01
8.908190e-02	1.113175e-02	7.438190e-03	0.000000e+00	5.771682e-03	6.652326e-03	0.000000e+00	1.819801e-02	1.354412e-02	1.785743e-02	1.019636e-02	2.830028e-02	2.913787e-03	1.495129e-01	4.272438e-03	7.278137e-02	2.006084e-03	0.000000e+00	2.207854e-02	0.000000e+00	7.156491e-03	0.000000e+00	0.000000e+00	3.683744e-03	0.000000e+00	0.000000e+00	1.399553e-02	2.627767e-03	1.024163e-02	3.824932e-03	8.908190e-02	7.815120e-01
7.795823e-02	1.000435e-02	4.958794e-03	0.000000e+00	2.319990e-03	1.330465e-02	0.000000e+00	1.415401e-02	3.990646e-02	1.785743e-02	2.630311e-03	3.225342e-02	2.811349e-03	1.813311e-01	4.272438e-03	5.047995e-02	7.537743e-03	0.000000e+00	5.960728e-03	1.226698e-03	2.775491e-03	0.000000e+00	9.978610e-03	0.000000e+00	0.000000e+00	0.000000e+00	2.324341e-02	1.074995e-03	1.168232e-02	4.303048e-03	7.795823e-02	7.902140e-01
5.764899e-02	1.169545e-02	5.382411e-03	0.000000e+00	5.771682e-03	1.425839e-02	0.000000e+00	1.617601e-02	7.448511e-03	0.000000e+00	2.039272e-02	2.959164e-02	2.708911e-03	1.212355e-01	4.050018e-03	5.675892e-02	2.566961e-04	0.000000e+00	2.613292e-02	1.603702e-02	4.257564e-03	0.000000e+00	0.000000e+00	5.525615e-03	0.000000e+00	3.034663e-04	1.636936e-02	1.493049e-03	7.683656e-03	2.868699e-03	5.764899e-02	8.070823e-01
5.764899e-02	1.169545e-02	5.382411e-03	0.000000e+00	5.771682e-03	1.425839e-02	0.000000e+00	1.617601e-02	7.448511e-03	0.000000e+00	2.039272e-02	2.959164e-02	2.708911e-03	1.212355e-01	4.050018e-03	5.675892e-02	2.566961e-04	0.000000e+00	2.613292e-02	1.603702e-02	4.257564e-03	0.000000e+00	0.000000e+00	5.525615e-03	0.000000e+00	3.034663e-04	1.636936e-02	1.493049e-03	7.683656e-03	2.868699e-03	5.764899e-02	8.070823e-01
4.535109e-02	1.010286e-02	5.382411e-03	3.836802e-03	1.440091e-02	0.000000e+00	0.000000e+00	9.373164e-03	0.000000e+00	0.000000e+00	0.000000e+00	2.959164e-02	1.914459e-03	1.212355e-01	3.593124e-03	5.675892e-02	8.405164e-03	0.000000e+00	5.023901e-02	1.567719e-02	1.810899e-02	0.000000e+00	0.000000e+00	5.525615e-03	1.496082e-02	0.000000e+00	1.861947e-02	7.465246e-03	6.639916e-03	2.868699e-03	4.535109e-02	8.547924e-01
3.978926e-02	1.510503e-02	4.958794e-03	0.000000e+00	1.267507e-02	0.000000e+00	0.000000e+00	1.617601e-02	0.000000e+00	1.024719e-02	0.000000e+00	2.556992e-02	1.863240e-03	1.650758e-01	3.149408e-03	0.000000e+00	6.724131e-03	0.000000e+00	2.344409e-02	1.629054e-02	1.591849e-02	0.000000e+00	0.000000e+00	0.000000e+00	2.885843e-02	0.000000e+00	2.324341e-02	6.688860e-03	7.360259e-03	2.868699e-03	3.978926e-02	8.710123e-01
2.742782e-02	5.002173e-03	4.958794e-03	3.836802e-03	5.771682e-03	6.652326e-03	0.000000e+00	0.000000e+00	6.366037e-02	0.000000e+00	0.000000e+00	5.296916e-02	1.024378e-04	9.220503e-02	4.716154e-03	3.036421e-02	9.896766e-03	0.000000e+00	1.172204e-02	0.000000e+00	2.020261e-02	0.000000e+00	0.000000e+00	1.841872e-03	0.000000e+00	0.000000e+00	1.399553e-02	3.105542e-03	7.845354e-03	1.529973e-02	2.742782e-02	9.146149e-01
1.506696e-02	6.228089e-03	0.000000e+00	0.000000e+00	1.266646e-02	2.660930e-02	0.000000e+00	1.567051e-02	2.672529e-02	5.801303e-03	2.039272e-02	2.447777e-02	2.708911e-03	1.295515e-01	4.272887e-03	0.000000e+00	5.774955e-03	0.000000e+00	2.359365e-02	9.736417e-03	2.606417e-02	0.000000e+00	4.989305e-03	0.000000e+00	0.000000e+00	6.372791e-03	1.861947e-02	1.098884e-02	7.683656e-03	0.000000e+00	1.506696e-02	9.838888e-01
1.228604e-02	1.113175e-02	8.472353e-04	0.000000e+00	5.794316e-02	1.995698e-02	0.000000e+00	1.769251e-02	2.672529e-02	1.785743e-02	2.039272e-02	2.246691e-02	2.683301e-03	1.514716e-01	4.051029e-03	0.000000e+00	2.006084e-03	0.000000e+00	1.019619e-02	1.004309e-02	7.156491e-03	0.000000e+00	4.989305e-03	0.000000e+00	6.948806e-03	3.413995e-03	1.399553e-02	1.301939e-02	8.043827e-03	0.000000e+00	1.228604e-02	1.011708e+00
0.000000e+00	1.113175e-02	8.472353e-04	0.000000e+00	5.794316e-02	1.995698e-02	0.000000e+00	1.769251e-02	1.354412e-02	1.785743e-02	5.098181e-03	2.624138e-02	2.019854e-02	1.474867e-01	3.828722e-03	1.921350e-02	2.006084e-03	0.000000e+00	2.207854e-02	9.123068e-03	7.156491e-03	0.000000e+00	0.000000e+00	3.683744e-03	0.000000e+00	3.413995e-03	1.399553e-02	1.301939e-02	1.024163e-02	1.912466e-03	0.000000e+00	1.138932e+00
