6.477769e-01	0.000000e+00	2.734459e-03	2.460854e-03	0.000000e+00	4.800370e-02	0.000000e+00	1.999865e-03	0.000000e+00	0.000000e+00	0.000000e+00	1.136575e-02	0.000000e+00	1.589827e-03	1.621243e-05	2.162018e-01	0.000000e+00	3.050748e-03	0.000000e+00	1.110187e-02	1.063342e-02	0.000000e+00	1.337060e-02	0.000000e+00	9.952644e-03	1.935964e-03	0.000000e+00	1.822389e-02	1.669237e-02	0.000000e+00	6.477769e-01	-3.812976e-01
6.477769e-01	5.579798e-03	2.734459e-03	0.000000e+00	0.000000e+00	4.800370e-02	0.000000e+00	1.999865e-03	0.000000e+00	0.000000e+00	0.000000e+00	1.136575e-02	0.000000e+00	1.297708e-03	1.621243e-05	2.162018e-01	0.000000e+00	3.050748e-03	0.000000e+00	1.734810e-02	1.502264e-02	0.000000e+00	8.014363e-03	0.000000e+00	9.952644e-03	1.115049e-02	9.210643e-05	0.000000e+00	2.560564e-02	1.195698e-02	6.477769e-01	-3.774420e-01
6.477769e-01	5.579798e-03	2.734459e-03	0.000000e+00	0.000000e+00	4.800370e-02	0.000000e+00	1.999865e-03	0.000000e+00	0.000000e+00	0.000000e+00	1.136575e-02	0.000000e+00	1.297708e-03	1.621243e-05	2.162018e-01	0.000000e+00	3.050748e-03	0.000000e+00	1.734810e-02	1.502264e-02	0.000000e+00	8.014363e-03	0.000000e+00	9.952644e-03	1.115049e-02	9.210643e-05	0.000000e+00	2.560564e-02	1.195698e-02	6.477769e-01	-3.774420e-01
6.477769e-01	5.579798e-03	2.734459e-03	0.000000e+00	0.000000e+00	4.800370e-02	0.000000e+00	1.999865e-03	0.000000e+00	0.000000e+00	0.000000e+00	1.136575e-02	0.000000e+00	1.297708e-03	1.621243e-05	2.162018e-01	0.000000e+00	3.050748e-03	0.000000e+00	1.734810e-02	1.502264e-02	0.000000e+00	8.014363e-03	0.000000e+00	9.952644e-03	1.115049e-02	9.210643e-05	0.000000e+00	2.560564e-02	1.195698e-02	6.477769e-01	-3.774420e-01
6.477769e-01	5.579798e-03	2.734459e-03	0.000000e+00	0.000000e+00	4.800370e-02	0.000000e+00	1.999865e-03	0.000000e+00	0.000000e+00	0.000000e+00	1.136575e-02	0.000000e+00	1.297708e-03	1.621243e-05	2.162018e-01	0.000000e+00	3.050748e-03	0.000000e+00	1.734810e-02	1.502264e-02	0.000000e+00	8.014363e-03	0.000000e+00	9.952644e-03	1.115049e-02	9.210643e-05	0.000000e+00	2.560564e-02	1.195698e-02	6.477769e-01	-3.774420e-01
6.400315e-01	5.579798e-03	0.000000e+00	2.242530e-03	0.000000e+00	0.000000e+00	0.000000e+00	2.186700e-03	8.481450e-03	1.336151e-02	0.000000e+00	2.367865e-04	1.514230e-02	1.297708e-03	0.000000e+00	2.094240e-01	0.000000e+00	6.130008e-04	2.234046e-03	1.734810e-02	1.502264e-02	2.999637e-04	8.014363e-03	0.000000e+00	5.615950e-03	7.511210e-03	9.210643e-05	0.000000e+00	2.560564e-02	0.000000e+00	6.400315e-01	-3.444937e-01
6.400315e-01	5.579798e-03	0.000000e+00	2.242530e-03	0.000000e+00	0.000000e+00	0.000000e+00	2.186700e-03	8.481450e-03	1.336151e-02	0.000000e+00	2.367865e-04	1.514230e-02	1.297708e-03	0.000000e+00	2.094240e-01	0.000000e+00	6.130008e-04	2.234046e-03	1.734810e-02	1.502264e-02	2.999637e-04	8.014363e-03	0.000000e+00	5.615950e-03	7.511210e-03	9.210643e-05	0.000000e+00	2.560564e-02	0.000000e+00	6.400315e-01	-3.444937e-01
6.435940e-01	7.676623e-02	0.000000e+00	2.242530e-03	0.000000e+00	0.000000e+00	0.000000e+00	2.899204e-03	0.000000e+00	9.596411e-02	0.000000e+00	2.367865e-04	3.809756e-02	1.297708e-03	7.537648e-05	2.191208e-01	1.471190e-03	0.000000e+00	3.600235e-02	1.734810e-02	1.502264e-02	2.999637e-04	8.014363e-03	0.000000e+00	5.615950e-03	1.115049e-02	9.210643e-05	0.000000e+00	3.151762e-02	1.652877e-02	6.435940e-01	-3.221102e-01
6.400315e-01	5.579798e-03	0.000000e+00	2.242530e-03	0.000000e+00	0.000000e+00	0.000000e+00	2.737703e-03	0.000000e+00	1.074680e-01	0.000000e+00	2.367865e-04	3.809756e-02	1.297708e-03	7.537648e-05	2.191208e-01	1.013761e-03	0.000000e+00	3.213576e-02	1.734810e-02	1.502264e-02	2.999637e-04	8.014363e-03	0.000000e+00	5.615950e-03	1.115049e-02	9.210643e-05	0.000000e+00	2.560564e-02	1.195698e-02	6.400315e-01	-3.125853e-01
6.400315e-01	5.579798e-03	0.000000e+00	2.242530e-03	0.000000e+00	0.000000e+00	0.000000e+00	2.737703e-03	0.000000e+00	1.074680e-01	0.000000e+00	2.367865e-04	3.809756e-02	1.297708e-03	7.537648e-05	2.191208e-01	1.013761e-03	0.000000e+00	3.213576e-02	1.734810e-02	1.502264e-02	2.999637e-04	8.014363e-03	0.000000e+00	5.615950e-03	1.115049e-02	9.210643e-05	0.000000e+00	2.560564e-02	1.195698e-02	6.400315e-01	-3.125853e-01
6.400315e-01	5.579798e-03	0.000000e+00	2.242530e-03	0.000000e+00	0.000000e+00	0.000000e+00	2.737703e-03	0.000000e+00	1.074680e-01	0.000000e+00	2.367865e-04	3.809756e-02	1.297708e-03	7.537648e-05	2.191208e-01	1.013761e-03	0.000000e+00	3.213576e-02	1.734810e-02	1.502264e-02	2.999637e-04	8.014363e-03	0.000000e+00	5.615950e-03	1.115049e-02	9.210643e-05	0.000000e+00	2.560564e-02	1.195698e-02	6.400315e-01	-3.125853e-01
6.400315e-01	5.579798e-03	0.000000e+00	2.242530e-03	0.000000e+00	0.000000e+00	0.000000e+00	2.737703e-03	0.000000e+00	1.074680e-01	0.000000e+00	2.367865e-04	3.809756e-02	1.297708e-03	7.537648e-05	2.191208e-01	1.013761e-03	0.000000e+00	3.213576e-02	1.734810e-02	1.502264e-02	2.999637e-04	8.014363e-03	0.000000e+00	5.615950e-03	1.115049e-02	9.210643e-05	0.000000e+00	2.560564e-02	1.195698e-02	6.400315e-01	-3.125853e-01
6.366736e-01	7.939067e-02	3.281810e-03	2.996292e-03	0.000000e+00	0.000000e+00	0.000000e+00	2.737703e-03	3.186947e-05	4.223011e-02	0.000000e+00	5.348327e-02	1.904878e-02	2.765621e-03	7.537648e-05	2.191208e-01	1.054971e-03	0.000000e+00	3.153220e-02	8.674052e-03	1.502264e-02	5.939678e-04	8.014363e-03	0.000000e+00	2.807975e-03	1.731822e-02	9.210643e-05	0.000000e+00	1.871480e-02	1.055028e-02	6.366736e-01	-2.763811e-01
6.366736e-01	7.939067e-02	7.104472e-03	2.271402e-03	0.000000e+00	0.000000e+00	0.000000e+00	2.737703e-03	7.919490e-03	8.000361e-02	0.000000e+00	8.938690e-03	1.904878e-02	6.300160e-04	5.916405e-05	2.191208e-01	8.798295e-04	0.000000e+00	3.153220e-02	1.179717e-02	1.897745e-02	5.939678e-04	8.014363e-03	5.927777e-02	0.000000e+00	1.007257e-02	9.210643e-05	0.000000e+00	1.329225e-02	1.107779e-02	6.366736e-01	-2.659271e-01
6.329063e-01	0.000000e+00	5.706179e-03	1.701093e-03	0.000000e+00	0.000000e+00	0.000000e+00	2.623702e-03	1.205424e-02	5.828383e-02	0.000000e+00	7.458775e-03	3.614432e-02	1.631554e-03	4.579446e-05	2.142724e-01	1.232863e-04	3.065004e-04	2.440257e-02	7.460143e-03	9.532110e-03	0.000000e+00	4.159025e-02	0.000000e+00	8.423925e-03	2.981219e-02	1.074575e-04	0.000000e+00	7.869698e-03	2.813408e-03	6.329063e-01	-2.490953e-01
6.329063e-01	0.000000e+00	4.978345e-03	3.190681e-03	0.000000e+00	0.000000e+00	0.000000e+00	2.623702e-03	1.205424e-02	7.150513e-02	0.000000e+00	7.458775e-03	3.614432e-02	1.631554e-03	4.579446e-05	2.523959e-01	2.340373e-03	1.525374e-03	2.328554e-02	7.460143e-03	7.822846e-03	0.000000e+00	4.159025e-02	0.000000e+00	8.423925e-03	2.981219e-02	1.074575e-04	0.000000e+00	2.560564e-02	0.000000e+00	6.329063e-01	-2.358664e-01
6.329063e-01	0.000000e+00	4.978345e-03	3.190681e-03	0.000000e+00	0.000000e+00	0.000000e+00	2.623702e-03	1.205424e-02	7.150513e-02	0.000000e+00	7.458775e-03	3.614432e-02	1.631554e-03	4.579446e-05	2.523959e-01	2.340373e-03	1.525374e-03	2.328554e-02	7.460143e-03	7.822846e-03	0.000000e+00	4.159025e-02	0.000000e+00	8.423925e-03	2.981219e-02	1.074575e-04	0.000000e+00	2.560564e-02	0.000000e+00	6.329063e-01	-2.358664e-01
6.312061e-01	0.000000e+00	1.426109e-03	3.176245e-03	0.000000e+00	0.000000e+00	0.000000e+00	2.623702e-03	8.094496e-03	8.523733e-02	0.000000e+00	3.107823e-03	0.000000e+00	4.462720e-03	5.390068e-05	2.191208e-01	0.000000e+00	1.525374e-03	3.213576e-02	1.023561e-02	5.845441e-03	2.999637e-04	4.159025e-02	4.202217e-02	1.123190e-02	1.115049e-02	9.210643e-05	0.000000e+00	3.176234e-02	4.395950e-04	6.312061e-01	-2.200158e-01
6.291147e-01	1.370130e-02	0.000000e+00	3.180967e-03	0.000000e+00	0.000000e+00	0.000000e+00	0.000000e+00	5.364645e-03	4.584380e-02	0.000000e+00	5.052344e-02	0.000000e+00	4.462720e-03	4.295162e-05	2.151268e-01	0.000000e+00	1.525374e-03	1.490376e-02	0.000000e+00	0.000000e+00	4.380263e-04	1.339534e-02	0.000000e+00	1.353129e-02	5.679746e-02	6.140428e-05	3.649806e-03	1.969366e-02	0.000000e+00	6.291147e-01	-2.031833e-01
6.291147e-01	7.939067e-02	0.000000e+00	3.180967e-03	0.000000e+00	0.000000e+00	0.000000e+00	0.000000e+00	5.364645e-03	3.536401e-02	0.000000e+00	5.565874e-02	0.000000e+00	4.462720e-03	7.132338e-05	2.357583e-01	2.225158e-03	0.000000e+00	2.710710e-02	0.000000e+00	1.601134e-02	4.439859e-04	8.014363e-03	0.000000e+00	1.353129e-02	5.679746e-02	9.978196e-05	3.649806e-03	1.563645e-02	1.033048e-02	6.291147e-01	-1.814445e-01
6.291147e-01	7.939067e-02	0.000000e+00	3.180967e-03	0.000000e+00	0.000000e+00	0.000000e+00	0.000000e+00	5.364645e-03	3.536401e-02	0.000000e+00	5.565874e-02	0.000000e+00	4.462720e-03	7.132338e-05	2.357583e-01	2.225158e-03	0.000000e+00	2.710710e-02	0.000000e+00	1.601134e-02	4.439859e-04	8.014363e-03	0.000000e+00	1.353129e-02	5.679746e-02	9.978196e-05	3.649806e-03	1.563645e-02	1.033048e-02	6.291147e-01	-1.814445e-01
6.291147e-01	7.939067e-02	7.624252e-03	3.180967e-03	0.000000e+00	4.805305e-04	0.000000e+00	0.000000e+00	5.364645e-03	5.253822e-02	0.000000e+00	5.565874e-02	1.992470e-02	4.462720e-03	7.132338e-05	2.692089e-01	2.225158e-03	0.000000e+00	2.710710e-02	4.943980e-03	1.187144e-02	4.439859e-04	1.489089e-02	0.000000e+00	6.753253e-03	5.679746e-02	9.978196e-05	3.649806e-03	1.563645e-02	3.130579e-02	6.291147e-01	-1.615712e-01
6.291147e-01	7.939067e-02	7.624252e-03	3.180967e-03	0.000000e+00	4.805305e-04	0.000000e+00	0.000000e+00	5.364645e-03	5.253822e-02	0.000000e+00	5.565874e-02	1.992470e-02	4.462720e-03	7.132338e-05	2.692089e-01	2.225158e-03	0.000000e+00	2.710710e-02	4.943980e-03	1.187144e-02	4.439859e-04	1.489089e-02	0.000000e+00	6.753253e-03	5.679746e-02	9.978196e-05	3.649806e-03	1.563645e-02	3.130579e-02	6.291147e-01	-1.615712e-01
6.238370e-01	5.414333e-04	4.978345e-03	1.163487e-01	0.000000e+00	0.000000e+00	0.000000e+00	2.712171e-03	1.647797e-02	0.000000e+00	0.000000e+00	9.948205e-03	0.000000e+00	5.638043e-03	1.219464e-03	2.273120e-01	3.082811e-03	0.000000e+00	2.328554e-02	0.000000e+00	5.330232e-03	6.568776e-03	0.000000e+00	0.000000e+00	1.683925e-02	1.465719e-02	6.140428e-05	0.000000e+00	0.000000e+00	0.000000e+00	6.238370e-01	-1.272627e-01
6.238370e-01	5.414333e-04	2.431782e-03	1.164634e-01	0.000000e+00	0.000000e+00	0.000000e+00	2.712171e-03	1.678541e-02	1.768200e-02	0.000000e+00	9.948205e-03	0.000000e+00	1.576007e-03	1.219464e-03	2.588932e-01	3.535827e-03	0.000000e+00	2.328554e-02	0.000000e+00	5.330232e-03	6.568776e-03	0.000000e+00	0.000000e+00	4.877230e-02	1.465719e-02	0.000000e+00	0.000000e+00	0.000000e+00	0.000000e+00	6.238370e-01	-1.124690e-01
6.238370e-01	5.414333e-04	2.431782e-03	1.164634e-01	0.000000e+00	0.000000e+00	0.000000e+00	2.712171e-03	1.678541e-02	1.768200e-02	0.000000e+00	9.948205e-03	0.000000e+00	1.576007e-03	1.219464e-03	2.588932e-01	3.535827e-03	0.000000e+00	2.328554e-02	0.000000e+00	5.330232e-03	6.568776e-03	0.000000e+00	0.000000e+00	4.877230e-02	1.465719e-02	0.000000e+00	0.000000e+00	0.000000e+00	0.000000e+00	6.238370e-01	-1.124690e-01
6.215529e-01	2.165733e-03	5.135079e-03	2.445202e-03	0.000000e+00	4.805305e-04	0.000000e+00	3.926419e-04	1.815034e-02	3.970756e-02	0.000000e+00	1.148830e-02	1.852538e-03	1.576007e-03	0.000000e+00	2.505744e-01	2.423248e-03	0.000000e+00	1.164277e-02	1.213909e-03	7.960018e-03	4.980728e-03	7.934373e-04	0.000000e+00	9.306934e-03	1.898893e-02	3.070214e-05	1.727722e-03	1.280282e-02	4.901911e-02	6.215529e-01	-9.045948e-02
4.540934e-01	6.757171e-03	0.000000e+00	0.000000e+00	2.209932e-03	4.200186e-03	0.000000e+00	0.000000e+00	0.000000e+00	0.000000e+00	0.000000e+00	0.000000e+00	2.405824e-02	2.325732e-02	0.000000e+00	1.249975e-01	0.000000e+00	0.000000e+00	0.000000e+00	0.000000e+00	0.000000e+00	1.009548e-02	0.000000e+00	6.064648e-03	1.774621e-03	8.572103e-03	3.523899e-03	3.455443e-03	0.000000e+00	4.270431e-02	4.540934e-01	-6.982777e-02
4.540934e-01	6.757171e-03	0.000000e+00	0.000000e+00	2.209932e-03	4.200186e-03	0.000000e+00	0.000000e+00	0.000000e+00	0.000000e+00	0.000000e+00	0.000000e+00	2.405824e-02	2.325732e-02	0.000000e+00	1.249975e-01	0.000000e+00	0.000000e+00	0.000000e+00	0.000000e+00	0.000000e+00	1.009548e-02	0.000000e+00	6.064648e-03	1.774621e-03	8.572103e-03	3.523899e-03	3.455443e-03	0.000000e+00	4.270431e-02	4.540934e-01	-6.982777e-02
4.540934e-01	6.757171e-03	0.000000e+00	0.000000e+00	2.209932e-03	4.200186e-03	0.000000e+00	0.000000e+00	0.000000e+00	0.000000e+00	0.000000e+00	0.000000e+00	2.405824e-02	2.325732e-02	0.000000e+00	1.249975e-01	0.000000e+00	0.000000e+00	0.000000e+00	0.000000e+00	0.000000e+00	1.009548e-02	0.000000e+00	6.064648e-03	1.774621e-03	8.572103e-03	3.523899e-03	3.455443e-03	0.000000e+00	4.270431e-02	4.540934e-01	-6.982777e-02
4.540934e-01	6.757171e-03	0.000000e+00	0.000000e+00	2.209932e-03	4.200186e-03	0.000000e+00	0.000000e+00	0.000000e+00	0.000000e+00	0.000000e+00	0.000000e+00	2.405824e-02	2.325732e-02	0.000000e+00	1.249975e-01	0.000000e+00	0.000000e+00	0.000000e+00	0.000000e+00	0.000000e+00	1.009548e-02	0.000000e+00	6.064648e-03	1.774621e-03	8.572103e-03	3.523899e-03	3.455443e-03	0.000000e+00	4.270431e-02	4.540934e-01	-6.982777e-02
4.540934e-01	6.757171e-03	0.000000e+00	0.000000e+00	2.209932e-03	4.200186e-03	0.000000e+00	0.000000e+00	0.000000e+00	0.000000e+00	0.000000e+00	0.000000e+00	2.405824e-02	2.325732e-02	0.000000e+00	1.249975e-01	0.000000e+00	0.000000e+00	0.000000e+00	0.000000e+00	0.000000e+00	1.009548e-02	0.000000e+00	6.064648e-03	1.774621e-03	8.572103e-03	3.523899e-03	3.455443e-03	0.000000e+00	4.270431e-02	4.540934e-01	-6.982777e-02
4.540934e-01	6.757171e-03	0.000000e+00	0.000000e+00	2.209932e-03	4.200186e-03	0.000000e+00	0.000000e+00	0.000000e+00	0.000000e+00	0.000000e+00	0.000000e+00	2.405824e-02	2.325732e-02	0.000000e+00	1.249975e-01	0.000000e+00	0.000000e+00	0.000000e+00	0.000000e+00	0.000000e+00	1.009548e-02	0.000000e+00	6.064648e-03	1.774621e-03	8.572103e-03	3.523899e-03	3.455443e-03	0.000000e+00	4.270431e-02	4.540934e-01	-6.982777e-02
4.540934e-01	4.461452e-03	2.567540e-03	1.222601e-03	1.104966e-03	4.200186e-03	0.000000e+00	0.000000e+00	0.000000e+00	1.985378e-02	0.000000e+00	0.000000e+00	2.405824e-02	1.241666e-02	0.000000e+00	1.249975e-01	0.000000e+00	0.000000e+00	5.821386e-03	0.000000e+00	0.000000e+00	7.538106e-03	0.000000e+00	3.032324e-03	5.540777e-03	8.572103e-03	1.777301e-03	2.591582e-03	6.401410e-03	4.270431e-02	4.540934e-01	-6.621918e-02
4.445441e-01	9.507922e-04	0.000000e+00	0.000000e+00	6.415457e-03	2.657420e-02	0.000000e+00	0.000000e+00	4.714043e-03	0.000000e+00	6.325462e-03	0.000000e+00	0.000000e+00	1.444768e-02	5.625050e-03	1.044920e-01	0.000000e+00	0.000000e+00	0.000000e+00	0.000000e+00	0.000000e+00	3.934517e-02	0.000000e+00	1.626008e-02	0.000000e+00	7.328595e-03	3.523899e-03	2.489654e-02	0.000000e+00	1.552884e-02	4.445441e-01	-4.699411e-02
4.445441e-01	9.507922e-04	0.000000e+00	0.000000e+00	6.415457e-03	2.657420e-02	0.000000e+00	0.000000e+00	4.714043e-03	0.000000e+00	6.325462e-03	0.000000e+00	0.000000e+00	1.444768e-02	5.625050e-03	1.044920e-01	0.000000e+00	0.000000e+00	0.000000e+00	0.000000e+00	0.000000e+00	3.934517e-02	0.000000e+00	1.626008e-02	0.000000e+00	7.328595e-03	3.523899e-03	2.489654e-02	0.000000e+00	1.552884e-02	4.445441e-01	-4.699411e-02
4.445441e-01	9.507922e-04	0.000000e+00	0.000000e+00	6.415457e-03	2.657420e-02	0.000000e+00	0.000000e+00	4.714043e-03	0.000000e+00	6.325462e-03	0.000000e+00	0.000000e+00	1.444768e-02	5.625050e-03	1.044920e-01	0.000000e+00	0.000000e+00	0.000000e+00	0.000000e+00	0.000000e+00	3.934517e-02	0.000000e+00	1.626008e-02	0.000000e+00	7.328595e-03	3.523899e-03	2.489654e-02	0.000000e+00	1.552884e-02	4.445441e-01	-4.699411e-02
4.445441e-01	9.507922e-04	0.000000e+00	0.000000e+00	6.415457e-03	2.657420e-02	0.000000e+00	0.000000e+00	4.714043e-03	0.000000e+00	6.325462e-03	0.000000e+00	0.000000e+00	1.444768e-02	5.625050e-03	1.044920e-01	0.000000e+00	0.000000e+00	0.000000e+00	0.000000e+00	0.000000e+00	3.934517e-02	0.000000e+00	1.626008e-02	0.000000e+00	7.328595e-03	3.523899e-03	2.489654e-02	0.000000e+00	1.552884e-02	4.445441e-01	-4.699411e-02
4.361171e-01	2.520897e-03	7.019353e-03	0.000000e+00	4.419864e-03	8.400371e-03	0.000000e+00	0.000000e+00	9.034030e-03	0.000000e+00	0.000000e+00	0.000000e+00	2.348478e-02	0.000000e+00	4.798849e-03	2.134676e-01	2.638256e-03	5.325736e-03	2.339934e-04	0.000000e+00	0.000000e+00	5.764906e-03	0.000000e+00	1.322775e-02	2.218276e-04	0.000000e+00	0.000000e+00	2.662426e-02	0.000000e+00	0.000000e+00	4.361171e-01	1.313909e-02
4.308660e-01	5.038038e-03	0.000000e+00	2.484641e-03	4.353801e-03	5.250232e-03	3.429670e-05	0.000000e+00	4.925687e-04	0.000000e+00	0.000000e+00	0.000000e+00	0.000000e+00	2.576740e-02	0.000000e+00	1.096571e-01	0.000000e+00	4.094944e-03	5.849836e-05	0.000000e+00	0.000000e+00	9.453677e-03	0.000000e+00	1.267852e-02	0.000000e+00	8.572103e-03	1.084783e-04	1.676758e-02	0.000000e+00	0.000000e+00	4.308660e-01	3.128033e-02
4.308660e-01	5.038038e-03	0.000000e+00	2.484641e-03	4.353801e-03	5.250232e-03	3.429670e-05	0.000000e+00	4.925687e-04	0.000000e+00	0.000000e+00	0.000000e+00	0.000000e+00	2.576740e-02	0.000000e+00	1.096571e-01	0.000000e+00	4.094944e-03	5.849836e-05	0.000000e+00	0.000000e+00	9.453677e-03	0.000000e+00	1.267852e-02	0.000000e+00	8.572103e-03	1.084783e-04	1.676758e-02	0.000000e+00	0.000000e+00	4.308660e-01	3.128033e-02
4.308660e-01	5.038038e-03	0.000000e+00	2.484641e-03	4.353801e-03	5.250232e-03	3.429670e-05	0.000000e+00	4.925687e-04	0.000000e+00	0.000000e+00	0.000000e+00	0.000000e+00	2.576740e-02	0.000000e+00	1.096571e-01	0.000000e+00	4.094944e-03	5.849836e-05	0.000000e+00	0.000000e+00	9.453677e-03	0.000000e+00	1.267852e-02	0.000000e+00	8.572103e-03	1.084783e-04	1.676758e-02	0.000000e+00	0.000000e+00	4.308660e-01	3.128033e-02
4.255980e-01	3.071317e-03	3.017994e-03	1.344886e-03	4.381788e-03	2.688727e-03	4.894015e-05	0.000000e+00	5.042422e-03	0.000000e+00	0.000000e+00	0.000000e+00	4.305617e-04	2.389448e-02	1.984778e-03	9.840843e-02	6.595639e-04	5.894526e-03	2.339934e-04	0.000000e+00	0.000000e+00	7.949016e-03	0.000000e+00	6.613876e-03	1.109138e-04	4.286051e-03	8.135870e-05	1.522165e-02	0.000000e+00	4.658652e-02	4.255980e-01	8.998970e-02
4.255980e-01	3.071317e-03	3.017994e-03	1.344886e-03	4.381788e-03	2.688727e-03	4.894015e-05	0.000000e+00	5.042422e-03	0.000000e+00	0.000000e+00	0.000000e+00	4.305617e-04	2.389448e-02	1.984778e-03	9.840843e-02	6.595639e-04	5.894526e-03	2.339934e-04	0.000000e+00	0.000000e+00	7.949016e-03	0.000000e+00	6.613876e-03	1.109138e-04	4.286051e-03	8.135870e-05	1.522165e-02	0.000000e+00	4.658652e-02	4.255980e-01	8.998970e-02
4.255980e-01	3.071317e-03	3.017994e-03	1.344886e-03	4.381788e-03	2.688727e-03	4.894015e-05	0.000000e+00	5.042422e-03	0.000000e+00	0.000000e+00	0.000000e+00	4.305617e-04	2.389448e-02	1.984778e-03	9.840843e-02	6.595639e-04	5.894526e-03	2.339934e-04	0.000000e+00	0.000000e+00	7.949016e-03	0.000000e+00	6.613876e-03	1.109138e-04	4.286051e-03	8.135870e-05	1.522165e-02	0.000000e+00	4.658652e-02	4.255980e-01	8.998970e-02
4.203321e-01	2.441242e-03	0.000000e+00	5.379543e-03	6.415457e-03	8.400371e-03	4.894015e-05	0.000000e+00	9.034030e-03	2.709259e-02	0.000000e+00	0.000000e+00	4.430536e-02	2.202157e-02	1.024927e-02	1.044920e-01	0.000000e+00	5.325736e-03	2.339934e-04	0.000000e+00	0.000000e+00	5.764906e-03	0.000000e+00	1.322775e-02	5.545689e-04	0.000000e+00	7.109202e-03	2.662426e-02	0.000000e+00	0.000000e+00	4.203321e-01	1.643908e-01
4.203321e-01	2.441242e-03	0.000000e+00	5.379543e-03	6.415457e-03	8.400371e-03	4.894015e-05	0.000000e+00	9.034030e-03	2.709259e-02	0.000000e+00	0.000000e+00	4.430536e-02	2.202157e-02	1.024927e-02	1.044920e-01	0.000000e+00	5.325736e-03	2.339934e-04	0.000000e+00	0.000000e+00	5.764906e-03	0.000000e+00	1.322775e-02	5.545689e-04	0.000000e+00	7.109202e-03	2.662426e-02	0.000000e+00	0.000000e+00	4.203321e-01	1.643908e-01
4.139805e-01	3.068929e-03	0.000000e+00	0.000000e+00	0.000000e+00	2.544436e-04	0.000000e+00	0.000000e+00	4.714043e-03	0.000000e+00	6.325462e-03	0.000000e+00	1.250781e-03	1.738422e-02	3.270055e-03	1.351727e-01	1.319128e-03	0.000000e+00	0.000000e+00	0.000000e+00	0.000000e+00	1.049742e-02	0.000000e+00	6.613876e-03	0.000000e+00	0.000000e+00	0.000000e+00	1.331213e-02	0.000000e+00	3.105768e-02	4.139805e-01	2.302712e-01
4.139805e-01	3.068929e-03	0.000000e+00	0.000000e+00	0.000000e+00	2.544436e-04	0.000000e+00	0.000000e+00	4.714043e-03	0.000000e+00	6.325462e-03	0.000000e+00	1.250781e-03	1.738422e-02	3.270055e-03	1.351727e-01	1.319128e-03	0.000000e+00	0.000000e+00	0.000000e+00	0.000000e+00	1.049742e-02	0.000000e+00	6.613876e-03	0.000000e+00	0.000000e+00	0.000000e+00	1.331213e-02	0.000000e+00	3.105768e-02	4.139805e-01	2.302712e-01
2.559594e-01	9.009055e-03	0.000000e+00	5.379543e-03	9.780919e-03	4.001285e-03	0.000000e+00	0.000000e+00	0.000000e+00	2.709259e-02	0.000000e+00	0.000000e+00	0.000000e+00	1.499471e-02	0.000000e+00	6.866112e-02	0.000000e+00	6.142416e-03	2.924918e-05	0.000000e+00	0.000000e+00	5.764906e-03	0.000000e+00	3.032324e-03	5.545689e-04	0.000000e+00	1.066380e-02	1.727722e-03	0.000000e+00	0.000000e+00	2.559594e-01	2.814331e-01
2.559594e-01	9.009055e-03	0.000000e+00	5.379543e-03	9.780919e-03	4.001285e-03	0.000000e+00	0.000000e+00	0.000000e+00	2.709259e-02	0.000000e+00	0.000000e+00	0.000000e+00	1.499471e-02	0.000000e+00	6.866112e-02	0.000000e+00	6.142416e-03	2.924918e-05	0.000000e+00	0.000000e+00	5.764906e-03	0.000000e+00	3.032324e-03	5.545689e-04	0.000000e+00	1.066380e-02	1.727722e-03	0.000000e+00	0.000000e+00	2.559594e-01	2.814331e-01
2.559594e-01	9.009055e-03	0.000000e+00	5.379543e-03	9.780919e-03	4.001285e-03	0.000000e+00	0.000000e+00	0.000000e+00	2.709259e-02	0.000000e+00	0.000000e+00	0.000000e+00	1.499471e-02	0.000000e+00	6.866112e-02	0.000000e+00	6.142416e-03	2.924918e-05	0.000000e+00	0.000000e+00	5.764906e-03	0.000000e+00	3.032324e-03	5.545689e-04	0.000000e+00	1.066380e-02	1.727722e-03	0.000000e+00	0.000000e+00	2.559594e-01	2.814331e-01
2.559594e-01	9.009055e-03	0.000000e+00	5.379543e-03	9.780919e-03	4.001285e-03	0.000000e+00	0.000000e+00	0.000000e+00	2.709259e-02	0.000000e+00	0.000000e+00	0.000000e+00	1.499471e-02	0.000000e+00	6.866112e-02	0.000000e+00	6.142416e-03	2.924918e-05	0.000000e+00	0.000000e+00	5.764906e-03	0.000000e+00	3.032324e-03	5.545689e-04	0.000000e+00	1.066380e-02	1.727722e-03	0.000000e+00	0.000000e+00	2.559594e-01	2.814331e-01
2.559594e-01	9.009055e-03	0.000000e+00	5.379543e-03	9.780919e-03	4.001285e-03	0.000000e+00	0.000000e+00	0.000000e+00	2.709259e-02	0.000000e+00	0.000000e+00	0.000000e+00	1.499471e-02	0.000000e+00	6.866112e-02	0.000000e+00	6.142416e-03	2.924918e-05	0.000000e+00	0.000000e+00	5.764906e-03	0.000000e+00	3.032324e-03	5.545689e-04	0.000000e+00	1.066380e-02	1.727722e-03	0.000000e+00	0.000000e+00	2.559594e-01	2.814331e-01
2.559594e-01	9.009055e-03	0.000000e+00	5.379543e-03	9.780919e-03	4.001285e-03	0.000000e+00	0.000000e+00	0.000000e+00	2.709259e-02	0.000000e+00	0.000000e+00	0.000000e+00	1.499471e-02	0.000000e+00	6.866112e-02	0.000000e+00	6.142416e-03	2.924918e-05	0.000000e+00	0.000000e+00	5.764906e-03	0.000000e+00	3.032324e-03	5.545689e-04	0.000000e+00	1.066380e-02	1.727722e-03	0.000000e+00	0.000000e+00	2.559594e-01	2.814331e-01
2.559594e-01	9.009055e-03	0.000000e+00	5.379543e-03	9.780919e-03	4.001285e-03	0.000000e+00	0.000000e+00	0.000000e+00	2.709259e-02	0.000000e+00	0.000000e+00	0.000000e+00	1.499471e-02	0.000000e+00	6.866112e-02	0.000000e+00	6.142416e-03	2.924918e-05	0.000000e+00	0.000000e+00	5.764906e-03	0.000000e+00	3.032324e-03	5.545689e-04	0.000000e+00	1.066380e-02	1.727722e-03	0.000000e+00	0.000000e+00	2.559594e-01	2.814331e-01
2.559594e-01	9.009055e-03	0.000000e+00	5.379543e-03	9.780919e-03	4.001285e-03	0.000000e+00	0.000000e+00	0.000000e+00	2.709259e-02	0.000000e+00	0.000000e+00	0.000000e+00	1.499471e-02	0.000000e+00	6.866112e-02	0.000000e+00	6.142416e-03	2.924918e-05	0.000000e+00	0.000000e+00	5.764906e-03	0.000000e+00	3.032324e-03	5.545689e-04	0.000000e+00	1.066380e-02	1.727722e-03	0.000000e+00	0.000000e+00	2.559594e-01	2.814331e-01
2.559594e-01	9.009055e-03	0.000000e+00	5.379543e-03	9.780919e-03	4.001285e-03	0.000000e+00	0.000000e+00	0.000000e+00	2.709259e-02	0.000000e+00	0.000000e+00	0.000000e+00	1.499471e-02	0.000000e+00	6.866112e-02	0.000000e+00	6.142416e-03	2.924918e-05	0.000000e+00	0.000000e+00	5.764906e-03	0.000000e+00	3.032324e-03	5.545689e-04	0.000000e+00	1.066380e-02	1.727722e-03	0.000000e+00	0.000000e+00	2.559594e-01	2.814331e-01
2.475167e-01	8.024501e-03	7.019353e-03	4.102618e-04	4.343712e-03	2.544436e-04	4.653174e-05	0.000000e+00	3.940549e-04	0.000000e+00	6.325462e-03	0.000000e+00	8.611234e-04	2.839501e-02	0.000000e+00	7.723927e-02	0.000000e+00	4.094944e-03	0.000000e+00	0.000000e+00	0.000000e+00	5.764906e-03	0.000000e+00	0.000000e+00	0.000000e+00	0.000000e+00	1.084783e-04	0.000000e+00	0.000000e+00	0.000000e+00	2.475167e-01	2.892515e-01
2.414735e-01	9.055836e-04	5.665202e-03	0.000000e+00	3.903958e-03	1.956527e-02	8.080381e-05	0.000000e+00	2.134464e-03	0.000000e+00	3.162731e-03	0.000000e+00	8.611234e-04	1.377640e-02	6.087682e-03	1.364817e-01	0.000000e+00	4.094944e-03	0.000000e+00	0.000000e+00	0.000000e+00	0.000000e+00	0.000000e+00	9.731197e-03	8.938653e-04	0.000000e+00	8.485295e-03	7.087306e-04	0.000000e+00	0.000000e+00	2.414735e-01	3.266972e-01
2.414735e-01	1.700223e-02	6.710311e-02	0.000000e+00	2.356488e-03	1.956527e-02	8.080381e-05	8.181542e-03	3.940549e-03	0.000000e+00	9.798764e-03	4.366984e-03	8.611234e-04	1.377640e-02	6.087682e-03	1.364817e-01	2.137717e-03	1.239356e-02	1.285012e-02	1.199847e-02	0.000000e+00	0.000000e+00	0.000000e+00	3.999655e-03	8.938653e-04	6.781557e-02	6.917976e-03	9.363047e-04	0.000000e+00	0.000000e+00	2.414735e-01	3.725442e-01
2.289952e-01	1.700223e-02	0.000000e+00	3.100033e-03	2.356488e-03	3.816653e-04	0.000000e+00	8.181542e-03	0.000000e+00	1.354629e-02	9.798764e-03	3.510090e-04	4.293216e-03	7.497355e-03	2.385079e-03	1.003569e-01	1.068858e-03	0.000000e+00	1.285012e-02	1.199847e-02	0.000000e+00	2.882453e-03	0.000000e+00	3.999655e-03	5.114218e-03	0.000000e+00	6.917976e-03	9.363047e-04	0.000000e+00	0.000000e+00	2.289952e-01	3.915662e-01
2.278558e-01	1.215701e-02	0.000000e+00	3.305164e-03	0.000000e+00	0.000000e+00	4.894015e-05	0.000000e+00	0.000000e+00	0.000000e+00	1.401158e-03	2.183492e-03	1.380583e-02	0.000000e+00	1.503133e-02	1.320528e-01	1.068858e-03	1.239356e-02	1.462459e-05	0.000000e+00	0.000000e+00	0.000000e+00	0.000000e+00	3.239668e-04	3.763001e-03	0.000000e+00	8.275314e-03	6.242031e-04	0.000000e+00	0.000000e+00	2.278558e-01	3.967674e-01
2.165179e-01	3.647503e-03	6.407525e-03	2.051309e-04	2.322136e-03	1.272218e-04	4.773595e-05	0.000000e+00	1.970275e-04	0.000000e+00	3.629784e-03	1.404036e-03	2.577170e-03	0.000000e+00	0.000000e+00	1.453534e-01	0.000000e+00	2.965669e-03	0.000000e+00	0.000000e+00	0.000000e+00	0.000000e+00	0.000000e+00	4.027668e-03	8.938653e-04	6.563667e-03	4.201274e-03	6.242031e-04	0.000000e+00	0.000000e+00	2.165179e-01	4.715928e-01
2.103791e-01	0.000000e+00	0.000000e+00	0.000000e+00	0.000000e+00	0.000000e+00	4.163738e-05	8.181542e-03	3.874874e-03	0.000000e+00	0.000000e+00	7.020180e-04	1.380583e-02	0.000000e+00	4.770158e-03	1.320528e-01	2.180125e-04	0.000000e+00	0.000000e+00	1.199847e-02	0.000000e+00	0.000000e+00	0.000000e+00	0.000000e+00	3.763001e-03	1.312733e-02	8.363952e-03	1.300423e-04	0.000000e+00	1.025090e-03	2.103791e-01	5.224840e-01
2.061009e-01	4.561476e-03	8.910509e-02	3.407730e-03	1.687046e-03	1.937032e-03	2.507218e-05	5.743072e-03	0.000000e+00	0.000000e+00	0.000000e+00	0.000000e+00	1.251724e-02	7.497355e-03	1.246617e-02	9.370663e-02	0.000000e+00	1.398193e-02	1.462459e-05	0.000000e+00	0.000000e+00	2.882453e-03	0.000000e+00	0.000000e+00	0.000000e+00	0.000000e+00	1.150658e-02	1.175962e-03	0.000000e+00	1.025090e-03	2.061009e-01	5.702708e-01
1.979637e-01	1.811167e-03	7.553603e-03	2.051309e-04	5.205277e-03	3.816653e-04	0.000000e+00	8.181542e-03	3.940549e-03	0.000000e+00	9.098185e-03	0.000000e+00	0.000000e+00	1.820040e-02	9.573640e-04	1.703488e-01	0.000000e+00	1.056045e-02	1.285012e-02	1.199847e-02	0.000000e+00	5.342064e-03	0.000000e+00	3.351721e-03	5.114218e-03	4.922750e-03	8.004828e-03	0.000000e+00	0.000000e+00	0.000000e+00	1.979637e-01	6.376525e-01
1.869557e-01	0.000000e+00	3.776801e-03	0.000000e+00	2.602639e-03	0.000000e+00	2.954004e-05	4.090771e-03	1.050813e-03	0.000000e+00	7.005791e-04	3.510090e-04	6.014178e-03	9.352393e-03	3.592413e-03	1.372597e-01	0.000000e+00	2.122963e-02	2.570024e-02	6.340565e-03	0.000000e+00	0.000000e+00	0.000000e+00	6.703442e-03	2.764947e-03	2.461375e-03	9.301661e-03	5.331735e-04	0.000000e+00	0.000000e+00	1.869557e-01	7.017207e-01
7.288349e-02	4.823466e-03	0.000000e+00	8.205237e-04	0.000000e+00	0.000000e+00	4.894015e-05	0.000000e+00	0.000000e+00	0.000000e+00	1.401158e-03	7.020180e-04	1.380583e-02	0.000000e+00	4.770158e-03	1.320528e-01	2.137717e-03	1.239356e-02	0.000000e+00	0.000000e+00	0.000000e+00	0.000000e+00	0.000000e+00	0.000000e+00	3.763001e-03	0.000000e+00	8.275314e-03	6.242031e-04	0.000000e+00	0.000000e+00	7.288349e-02	7.251226e-01
7.288349e-02	4.823466e-03	0.000000e+00	8.205237e-04	0.000000e+00	0.000000e+00	4.894015e-05	0.000000e+00	0.000000e+00	0.000000e+00	1.401158e-03	7.020180e-04	1.380583e-02	0.000000e+00	4.770158e-03	1.320528e-01	2.137717e-03	1.239356e-02	0.000000e+00	0.000000e+00	0.000000e+00	0.000000e+00	0.000000e+00	0.000000e+00	3.763001e-03	0.000000e+00	8.275314e-03	6.242031e-04	0.000000e+00	0.000000e+00	7.288349e-02	7.251226e-01
7.288349e-02	4.823466e-03	0.000000e+00	8.205237e-04	0.000000e+00	0.000000e+00	4.894015e-05	0.000000e+00	0.000000e+00	0.000000e+00	1.401158e-03	7.020180e-04	1.380583e-02	0.000000e+00	4.770158e-03	1.320528e-01	2.137717e-03	1.239356e-02	0.000000e+00	0.000000e+00	0.000000e+00	0.000000e+00	0.000000e+00	0.000000e+00	3.763001e-03	0.000000e+00	8.275314e-03	6.242031e-04	0.000000e+00	0.000000e+00	7.288349e-02	7.251226e-01
7.288349e-02	4.823466e-03	0.000000e+00	8.205237e-04	0.000000e+00	0.000000e+00	4.894015e-05	0.000000e+00	0.000000e+00	0.000000e+00	1.401158e-03	7.020180e-04	1.380583e-02	0.000000e+00	4.770158e-03	1.320528e-01	2.137717e-03	1.239356e-02	0.000000e+00	0.000000e+00	0.000000e+00	0.000000e+00	0.000000e+00	0.000000e+00	3.763001e-03	0.000000e+00	8.275314e-03	6.242031e-04	0.000000e+00	0.000000e+00	7.288349e-02	7.251226e-01
7.288349e-02	4.823466e-03	0.000000e+00	8.205237e-04	0.000000e+00	0.000000e+00	4.894015e-05	0.000000e+00	0.000000e+00	0.000000e+00	1.401158e-03	7.020180e-04	1.380583e-02	0.000000e+00	4.770158e-03	1.320528e-01	2.137717e-03	1.239356e-02	0.000000e+00	0.000000e+00	0.000000e+00	0.000000e+00	0.000000e+00	0.000000e+00	3.763001e-03	0.000000e+00	8.275314e-03	6.242031e-04	0.000000e+00	0.000000e+00	7.288349e-02	7.251226e-01
7.288349e-02	4.823466e-03	0.000000e+00	8.205237e-04	0.000000e+00	0.000000e+00	4.894015e-05	0.000000e+00	0.000000e+00	0.000000e+00	1.401158e-03	7.020180e-04	1.380583e-02	0.000000e+00	4.770158e-03	1.320528e-01	2.137717e-03	1.239356e-02	0.000000e+00	0.000000e+00	0.000000e+00	0.000000e+00	0.000000e+00	0.000000e+00	3.763001e-03	0.000000e+00	8.275314e-03	6.242031e-04	0.000000e+00	0.000000e+00	7.288349e-02	7.251226e-01
7.288349e-02	4.823466e-03	0.000000e+00	8.205237e-04	0.000000e+00	0.000000e+00	4.894015e-05	0.000000e+00	0.000000e+00	0.000000e+00	1.401158e-03	7.020180e-04	1.380583e-02	0.000000e+00	4.770158e-03	1.320528e-01	2.137717e-03	1.239356e-02	0.000000e+00	0.000000e+00	0.000000e+00	0.000000e+00	0.000000e+00	0.000000e+00	3.763001e-03	0.000000e+00	8.275314e-03	6.242031e-04	0.000000e+00	0.000000e+00	7.288349e-02	7.251226e-01
5.799032e-02	0.000000e+00	0.000000e+00	0.000000e+00	1.308220e-02	0.000000e+00	5.121751e-05	0.000000e+00	4.597308e-03	0.000000e+00	0.000000e+00	0.000000e+00	1.173819e-03	0.000000e+00	0.000000e+00	1.600549e-01	3.839408e-03	0.000000e+00	0.000000e+00	0.000000e+00	0.000000e+00	2.181330e-02	0.000000e+00	0.000000e+00	0.000000e+00	0.000000e+00	8.363952e-03	1.225519e-03	0.000000e+00	1.025090e-03	5.799032e-02	7.618974e-01
4.185193e-02	7.089225e-03	3.203763e-03	8.205237e-04	2.848790e-03	0.000000e+00	4.894015e-05	0.000000e+00	0.000000e+00	0.000000e+00	1.401158e-03	7.020180e-04	1.380583e-02	0.000000e+00	4.770158e-03	1.315590e-01	3.631998e-03	1.239356e-02	0.000000e+00	0.000000e+00	0.000000e+00	0.000000e+00	0.000000e+00	0.000000e+00	3.763001e-03	0.000000e+00	8.337417e-03	6.242031e-04	0.000000e+00	0.000000e+00	4.185193e-02	8.093521e-01
3.103156e-02	1.700223e-02	0.000000e+00	0.000000e+00	1.173367e-02	0.000000e+00	4.894015e-05	0.000000e+00	0.000000e+00	0.000000e+00	1.401158e-03	4.366984e-03	4.293216e-03	0.000000e+00	4.770158e-03	1.320528e-01	2.137717e-03	1.239356e-02	0.000000e+00	0.000000e+00	0.000000e+00	0.000000e+00	0.000000e+00	3.999655e-03	0.000000e+00	0.000000e+00	6.917976e-03	9.363047e-04	0.000000e+00	0.000000e+00	3.103156e-02	8.554267e-01
1.082037e-02	9.354983e-03	6.407525e-03	7.000229e-03	5.697579e-03	0.000000e+00	5.151184e-05	0.000000e+00	0.000000e+00	0.000000e+00	0.000000e+00	7.020180e-04	4.293216e-03	0.000000e+00	0.000000e+00	1.310652e-01	5.126279e-03	0.000000e+00	0.000000e+00	0.000000e+00	0.000000e+00	1.058267e-02	0.000000e+00	1.323880e-03	3.763001e-03	1.312733e-02	8.399519e-03	6.242031e-04	0.000000e+00	0.000000e+00	1.082037e-02	9.534764e-01
0.000000e+00	1.580385e-02	7.019353e-03	0.000000e+00	1.173367e-02	0.000000e+00	6.379563e-05	5.743072e-03	0.000000e+00	0.000000e+00	0.000000e+00	0.000000e+00	4.293216e-03	0.000000e+00	5.947903e-03	1.162028e-01	4.275433e-03	1.767214e-02	0.000000e+00	0.000000e+00	0.000000e+00	0.000000e+00	0.000000e+00	1.985821e-03	5.613245e-03	0.000000e+00	8.203651e-03	9.363047e-04	0.000000e+00	5.125448e-04	0.000000e+00	1.063933e+00
