8.458167e-01	0.000000e+00	2.753771e-02	2.129250e-02	1.845023e-02	0.000000e+00	0.000000e+00	0.000000e+00	1.852344e-01	1.398393e-02	0.000000e+00	3.790569e-03	2.853359e-02	0.000000e+00	9.612817e-03	6.186725e-03	6.988342e-03	5.781591e-02	1.840559e-03	3.680802e-03	5.045004e-02	2.447172e-03	0.000000e+00	1.969118e-03	8.165363e-03	0.000000e+00	1.717250e-02	1.251341e-02	0.000000e+00	3.103144e-02	8.458167e-01	-6.702712e-01
8.458167e-01	0.000000e+00	2.753771e-02	2.129250e-02	3.917293e-03	0.000000e+00	0.000000e+00	0.000000e+00	1.867142e-01	1.609778e-02	1.789784e-02	3.790569e-03	3.509623e-02	0.000000e+00	9.612817e-03	6.186725e-03	1.048251e-02	5.781591e-02	0.000000e+00	4.601003e-03	6.355117e-02	0.000000e+00	0.000000e+00	2.058624e-03	8.165363e-03	0.000000e+00	8.550830e-03	1.236745e-02	0.000000e+00	4.654716e-02	8.458167e-01	-6.642922e-01
8.458167e-01	0.000000e+00	8.570558e-03	2.129250e-02	1.963636e-02	0.000000e+00	0.000000e+00	6.448259e-02	1.916644e-01	1.609778e-02	2.684675e-02	0.000000e+00	2.294319e-02	1.271197e-02	9.612817e-03	6.186725e-03	1.048251e-02	5.781591e-02	0.000000e+00	4.601003e-03	5.276172e-02	0.000000e+00	0.000000e+00	2.058624e-03	8.165363e-03	0.000000e+00	8.550830e-03	1.310683e-02	9.494747e-03	9.995770e-03	8.458167e-01	-6.580771e-01
8.444335e-01	0.000000e+00	1.892718e-02	3.369039e-02	1.845023e-02	0.000000e+00	0.000000e+00	6.982996e-03	1.847340e-01	1.040665e-02	3.579567e-02	1.906115e-03	2.622450e-02	0.000000e+00	6.694222e-03	5.076287e-03	6.631400e-03	9.923699e-02	2.369342e-03	9.282001e-04	6.817454e-02	2.351487e-03	0.000000e+00	2.506150e-03	0.000000e+00	7.414796e-03	0.000000e+00	1.317981e-02	0.000000e+00	6.776766e-02	8.444335e-01	-6.426905e-01
8.433269e-01	0.000000e+00	1.892718e-02	5.531420e-02	0.000000e+00	2.648109e-02	0.000000e+00	0.000000e+00	1.867142e-01	8.455400e-03	3.579567e-02	0.000000e+00	4.165887e-02	5.431922e-02	2.397782e-02	7.297163e-03	6.988342e-03	9.923699e-02	1.840559e-03	0.000000e+00	6.157561e-02	2.467678e-03	0.000000e+00	1.879613e-03	8.165363e-03	0.000000e+00	8.568541e-03	1.268001e-02	0.000000e+00	0.000000e+00	8.433269e-01	-6.276116e-01
8.411136e-01	0.000000e+00	0.000000e+00	3.428437e-02	0.000000e+00	3.258398e-02	0.000000e+00	0.000000e+00	1.931105e-01	1.815266e-02	0.000000e+00	2.918880e-03	4.165887e-02	0.000000e+00	1.369027e-02	1.590726e-02	0.000000e+00	1.056832e-01	1.840559e-03	3.680802e-03	5.045004e-02	0.000000e+00	0.000000e+00	3.043183e-03	1.020670e-02	0.000000e+00	8.568541e-03	1.251341e-02	0.000000e+00	3.103144e-02	8.411136e-01	-6.249199e-01
8.411136e-01	0.000000e+00	0.000000e+00	3.428437e-02	0.000000e+00	3.258398e-02	0.000000e+00	0.000000e+00	1.931105e-01	1.815266e-02	0.000000e+00	2.918880e-03	4.165887e-02	0.000000e+00	1.369027e-02	1.590726e-02	0.000000e+00	1.056832e-01	1.840559e-03	3.680802e-03	5.045004e-02	0.000000e+00	0.000000e+00	3.043183e-03	1.020670e-02	0.000000e+00	8.568541e-03	1.251341e-02	0.000000e+00	3.103144e-02	8.411136e-01	-6.249199e-01
8.411136e-01	0.000000e+00	2.323244e-02	3.428437e-02	1.061564e-02	0.000000e+00	7.187381e-03	0.000000e+00	1.877042e-01	1.138227e-02	3.066319e-02	2.632891e-03	3.934978e-02	5.431922e-02	8.583421e-03	6.790909e-02	0.000000e+00	1.056832e-01	1.840559e-03	3.680802e-03	2.256207e-02	2.604278e-02	0.000000e+00	2.924679e-03	1.020670e-02	0.000000e+00	1.292365e-02	2.287283e-02	0.000000e+00	3.103144e-02	8.411136e-01	-5.999560e-01
8.377938e-01	0.000000e+00	1.892718e-02	1.270886e-01	0.000000e+00	0.000000e+00	1.437476e-02	0.000000e+00	1.906744e-01	7.804985e-03	3.579567e-02	1.906115e-03	3.704069e-02	0.000000e+00	1.814063e-02	5.076287e-03	6.631400e-03	9.923699e-02	1.840559e-03	9.282001e-04	6.480314e-02	2.351487e-03	0.000000e+00	3.522219e-03	0.000000e+00	0.000000e+00	0.000000e+00	1.317981e-02	0.000000e+00	9.084230e-03	8.377938e-01	-5.770949e-01
8.361339e-01	0.000000e+00	4.043351e-02	6.674590e-02	0.000000e+00	0.000000e+00	2.613593e-03	0.000000e+00	1.886943e-01	6.748060e-03	0.000000e+00	3.859056e-03	4.475788e-02	0.000000e+00	2.397782e-02	6.186725e-03	4.884314e-03	7.852645e-02	2.760839e-03	4.680998e-04	5.825257e-02	2.433512e-03	4.866468e-03	3.477466e-03	0.000000e+00	0.000000e+00	4.284271e-03	1.251341e-02	4.747373e-03	0.000000e+00	8.361339e-01	-5.747139e-01
8.355806e-01	0.000000e+00	1.892718e-02	6.871163e-02	0.000000e+00	0.000000e+00	0.000000e+00	0.000000e+00	1.867142e-01	8.455400e-03	3.579567e-02	3.162417e-03	4.165887e-02	0.000000e+00	2.397782e-02	7.297163e-03	6.988342e-03	9.923699e-02	1.840559e-03	0.000000e+00	6.817454e-02	3.869025e-03	0.000000e+00	2.148129e-03	0.000000e+00	0.000000e+00	8.568541e-03	1.251341e-02	0.000000e+00	0.000000e+00	8.355806e-01	-5.610246e-01
8.355806e-01	0.000000e+00	4.257615e-02	5.310038e-02	2.043382e-02	0.000000e+00	2.613593e-03	3.224130e-02	1.867142e-01	8.455400e-03	3.132121e-02	3.753828e-03	4.165887e-02	0.000000e+00	4.855085e-04	7.953628e-03	0.000000e+00	9.923699e-02	1.840559e-03	6.106965e-03	6.817454e-02	3.869025e-03	0.000000e+00	2.402146e-03	7.193101e-02	0.000000e+00	1.719464e-02	1.273355e-02	1.186843e-03	1.551572e-02	8.355806e-01	-5.368424e-01
8.335057e-01	0.000000e+00	1.419538e-02	1.184818e-01	0.000000e+00	8.145995e-03	1.437476e-02	0.000000e+00	1.835435e-01	7.804985e-03	3.836191e-02	3.859056e-03	3.704069e-02	0.000000e+00	5.629284e-03	0.000000e+00	5.836010e-03	9.923699e-02	1.840559e-03	1.848401e-03	6.480314e-02	1.384230e-03	2.433234e-03	3.522219e-03	0.000000e+00	0.000000e+00	0.000000e+00	1.310205e-02	4.747373e-03	0.000000e+00	8.335057e-01	-5.267647e-01
8.335057e-01	0.000000e+00	1.419538e-02	1.184818e-01	0.000000e+00	8.145995e-03	1.437476e-02	0.000000e+00	1.835435e-01	7.804985e-03	3.836191e-02	3.859056e-03	3.704069e-02	0.000000e+00	5.629284e-03	0.000000e+00	5.836010e-03	9.923699e-02	1.840559e-03	1.848401e-03	6.480314e-02	1.384230e-03	2.433234e-03	3.522219e-03	0.000000e+00	0.000000e+00	0.000000e+00	1.310205e-02	4.747373e-03	0.000000e+00	8.335057e-01	-5.267647e-01
8.311541e-01	0.000000e+00	1.287582e-02	3.369039e-02	1.199369e-02	0.000000e+00	8.494177e-03	0.000000e+00	1.926545e-01	1.008144e-02	2.842596e-02	3.742066e-03	2.622450e-02	0.000000e+00	1.502149e-02	6.998230e-02	0.000000e+00	3.466923e-02	1.840559e-03	0.000000e+00	4.621116e-02	0.000000e+00	0.000000e+00	1.159916e-04	4.617221e-02	0.000000e+00	1.291701e-02	1.317981e-02	0.000000e+00	2.237909e-03	8.311541e-01	-5.017245e-01
8.283876e-01	0.000000e+00	0.000000e+00	5.810012e-02	9.550416e-03	2.179823e-03	1.143447e-03	2.242934e-03	1.642645e-01	4.635307e-03	4.716246e-02	3.742066e-03	7.619089e-03	0.000000e+00	0.000000e+00	0.000000e+00	0.000000e+00	4.294040e-02	1.249519e-02	0.000000e+00	1.726347e-02	0.000000e+00	0.000000e+00	2.924679e-03	5.160682e-02	0.000000e+00	4.374662e-03	1.196808e-02	0.000000e+00	3.192743e-03	8.283876e-01	-4.771082e-01
8.283876e-01	0.000000e+00	5.918862e-03	5.810012e-02	9.550416e-03	2.179823e-03	0.000000e+00	0.000000e+00	1.739486e-01	2.923401e-03	5.467338e-02	4.895397e-03	7.619089e-03	2.542393e-02	0.000000e+00	0.000000e+00	3.833814e-02	4.294040e-02	8.081721e-03	0.000000e+00	1.442192e-02	0.000000e+00	0.000000e+00	2.924679e-03	2.290495e-02	0.000000e+00	4.374662e-03	1.196808e-02	0.000000e+00	3.192743e-03	8.283876e-01	-4.687269e-01
8.283876e-01	0.000000e+00	5.918862e-03	5.810012e-02	9.550416e-03	2.179823e-03	0.000000e+00	0.000000e+00	1.739486e-01	2.923401e-03	5.467338e-02	4.895397e-03	7.619089e-03	2.542393e-02	0.000000e+00	0.000000e+00	3.833814e-02	4.294040e-02	8.081721e-03	0.000000e+00	1.442192e-02	0.000000e+00	0.000000e+00	2.924679e-03	2.290495e-02	0.000000e+00	4.374662e-03	1.196808e-02	0.000000e+00	3.192743e-03	8.283876e-01	-4.687269e-01
8.283876e-01	0.000000e+00	5.918862e-03	5.810012e-02	9.550416e-03	2.179823e-03	0.000000e+00	0.000000e+00	1.739486e-01	2.923401e-03	5.467338e-02	4.895397e-03	7.619089e-03	2.542393e-02	0.000000e+00	0.000000e+00	3.833814e-02	4.294040e-02	8.081721e-03	0.000000e+00	1.442192e-02	0.000000e+00	0.000000e+00	2.924679e-03	2.290495e-02	0.000000e+00	4.374662e-03	1.196808e-02	0.000000e+00	3.192743e-03	8.283876e-01	-4.687269e-01
8.283876e-01	0.000000e+00	5.918862e-03	5.810012e-02	9.550416e-03	2.179823e-03	0.000000e+00	0.000000e+00	1.739486e-01	2.923401e-03	5.467338e-02	4.895397e-03	7.619089e-03	2.542393e-02	0.000000e+00	0.000000e+00	3.833814e-02	4.294040e-02	8.081721e-03	0.000000e+00	1.442192e-02	0.000000e+00	0.000000e+00	2.924679e-03	2.290495e-02	0.000000e+00	4.374662e-03	1.196808e-02	0.000000e+00	3.192743e-03	8.283876e-01	-4.687269e-01
8.283876e-01	0.000000e+00	5.918862e-03	5.810012e-02	9.550416e-03	2.179823e-03	0.000000e+00	0.000000e+00	1.739486e-01	2.923401e-03	5.467338e-02	4.895397e-03	7.619089e-03	2.542393e-02	0.000000e+00	0.000000e+00	3.833814e-02	4.294040e-02	8.081721e-03	0.000000e+00	1.442192e-02	0.000000e+00	0.000000e+00	2.924679e-03	2.290495e-02	0.000000e+00	4.374662e-03	1.196808e-02	0.000000e+00	3.192743e-03	8.283876e-01	-4.687269e-01
8.283876e-01	0.000000e+00	5.918862e-03	5.810012e-02	9.550416e-03	2.179823e-03	0.000000e+00	0.000000e+00	1.739486e-01	2.923401e-03	5.467338e-02	4.895397e-03	7.619089e-03	2.542393e-02	0.000000e+00	0.000000e+00	3.833814e-02	4.294040e-02	8.081721e-03	0.000000e+00	1.442192e-02	0.000000e+00	0.000000e+00	2.924679e-03	2.290495e-02	0.000000e+00	4.374662e-03	1.196808e-02	0.000000e+00	3.192743e-03	8.283876e-01	-4.687269e-01
8.283876e-01	0.000000e+00	5.918862e-03	5.810012e-02	9.550416e-03	2.179823e-03	0.000000e+00	0.000000e+00	1.739486e-01	2.923401e-03	5.467338e-02	4.895397e-03	7.619089e-03	2.542393e-02	0.000000e+00	0.000000e+00	3.833814e-02	4.294040e-02	8.081721e-03	0.000000e+00	1.442192e-02	0.000000e+00	0.000000e+00	2.924679e-03	2.290495e-02	0.000000e+00	4.374662e-03	1.196808e-02	0.000000e+00	3.192743e-03	8.283876e-01	-4.687269e-01
6.536530e-01	0.000000e+00	5.617049e-03	3.873749e-02	1.421427e-02	3.350982e-02	0.000000e+00	0.000000e+00	1.600119e-01	1.518586e-02	3.945425e-02	6.402447e-03	5.925530e-02	2.184900e-02	0.000000e+00	0.000000e+00	4.523721e-02	1.812689e-02	1.831650e-02	2.301567e-03	0.000000e+00	5.907472e-02	0.000000e+00	1.916146e-03	0.000000e+00	0.000000e+00	6.445873e-03	1.501465e-02	1.391447e-02	7.333448e-05	6.536530e-01	-3.486367e-01
6.529579e-01	0.000000e+00	9.548291e-03	7.557300e-02	2.123128e-02	1.764828e-02	0.000000e+00	0.000000e+00	1.729528e-01	5.646466e-03	4.282115e-02	4.866149e-03	3.898529e-02	2.542393e-02	0.000000e+00	0.000000e+00	4.888542e-02	4.280044e-03	1.343956e-02	8.324726e-03	2.424777e-02	5.141611e-02	0.000000e+00	0.000000e+00	0.000000e+00	0.000000e+00	6.155702e-03	1.252767e-02	0.000000e+00	0.000000e+00	6.529579e-01	-3.471419e-01
6.570521e-01	0.000000e+00	8.975932e-03	4.824884e-02	3.889518e-02	1.764828e-02	1.388471e-03	0.000000e+00	1.847540e-01	1.159432e-02	3.710477e-02	0.000000e+00	5.911264e-03	3.729975e-02	8.522311e-03	1.586022e-02	5.248497e-02	1.163882e-02	8.726983e-03	7.173943e-03	1.387413e-02	4.920368e-03	0.000000e+00	0.000000e+00	0.000000e+00	6.067534e-03	0.000000e+00	1.930978e-02	2.541037e-02	1.909667e-03	6.570521e-01	-3.439041e-01
6.570521e-01	0.000000e+00	8.975932e-03	4.824884e-02	3.889518e-02	1.764828e-02	1.388471e-03	0.000000e+00	1.847540e-01	1.159432e-02	3.710477e-02	0.000000e+00	5.911264e-03	3.729975e-02	8.522311e-03	1.586022e-02	5.248497e-02	1.163882e-02	8.726983e-03	7.173943e-03	1.387413e-02	4.920368e-03	0.000000e+00	0.000000e+00	0.000000e+00	6.067534e-03	0.000000e+00	1.930978e-02	2.541037e-02	1.909667e-03	6.570521e-01	-3.439041e-01
6.529135e-01	0.000000e+00	7.258858e-03	3.369039e-02	1.199369e-02	0.000000e+00	5.553885e-03	4.485868e-03	1.622728e-01	1.008144e-02	2.345799e-02	3.683572e-03	7.803408e-02	0.000000e+00	1.971759e-02	6.998230e-02	2.109455e-02	2.385349e-03	2.321087e-02	3.721593e-03	3.691517e-02	2.383776e-02	0.000000e+00	2.874219e-03	5.796924e-03	1.941611e-02	6.799736e-03	1.321869e-02	2.744741e-02	2.237909e-03	6.529135e-01	-3.402800e-01
6.431784e-01	0.000000e+00	3.291921e-03	4.929018e-02	0.000000e+00	4.359645e-03	4.545096e-02	9.104290e-03	1.729528e-01	4.900064e-04	0.000000e+00	0.000000e+00	3.898529e-02	2.375163e-02	0.000000e+00	1.277629e-02	0.000000e+00	2.308071e-03	1.343956e-02	4.974321e-03	5.168125e-03	5.141611e-02	0.000000e+00	0.000000e+00	0.000000e+00	0.000000e+00	3.882817e-03	1.252767e-02	2.541037e-02	0.000000e+00	6.431784e-01	-3.392264e-01
6.431784e-01	0.000000e+00	3.291921e-03	4.929018e-02	0.000000e+00	4.359645e-03	4.545096e-02	9.104290e-03	1.729528e-01	4.900064e-04	0.000000e+00	0.000000e+00	3.898529e-02	2.375163e-02	0.000000e+00	1.277629e-02	0.000000e+00	2.308071e-03	1.343956e-02	4.974321e-03	5.168125e-03	5.141611e-02	0.000000e+00	0.000000e+00	0.000000e+00	0.000000e+00	3.882817e-03	1.252767e-02	2.541037e-02	0.000000e+00	6.431784e-01	-3.392264e-01
6.373206e-01	5.469471e-03	3.291921e-03	3.772986e-02	1.079590e-02	0.000000e+00	4.201130e-02	3.303879e-02	1.623450e-01	2.981447e-03	2.785744e-02	0.000000e+00	5.819632e-02	0.000000e+00	1.704462e-02	4.337839e-03	3.589417e-03	2.096957e-02	1.704843e-02	4.013345e-03	1.740100e-02	0.000000e+00	0.000000e+00	1.437109e-03	2.173847e-03	0.000000e+00	1.509481e-03	2.464380e-02	2.654504e-02	8.125430e-04	6.373206e-01	-2.853516e-01
6.359697e-01	0.000000e+00	9.548291e-03	2.085726e-02	3.598633e-03	0.000000e+00	4.438124e-02	0.000000e+00	1.884047e-01	0.000000e+00	0.000000e+00	1.517301e-02	6.886081e-02	2.375163e-02	0.000000e+00	7.320103e-03	3.048114e-03	2.308071e-03	8.275250e-03	4.974321e-03	1.034725e-02	1.064918e-02	0.000000e+00	0.000000e+00	4.347693e-03	1.213507e-02	4.453086e-03	3.058367e-02	1.270519e-02	2.568896e-03	6.359697e-01	-2.794169e-01
6.334434e-01	0.000000e+00	6.114141e-03	1.349408e-02	3.730736e-02	0.000000e+00	8.330828e-03	6.728802e-03	1.586406e-01	1.229892e-02	0.000000e+00	3.092283e-03	6.919606e-02	2.375163e-02	0.000000e+00	4.575064e-03	7.199115e-03	2.061423e-02	2.809652e-02	1.420026e-03	2.305261e-03	1.004859e-02	0.000000e+00	7.185546e-04	4.347693e-03	2.912416e-02	2.053063e-03	1.356420e-02	1.270519e-02	3.356863e-03	6.334434e-01	-2.539977e-01
6.288265e-01	0.000000e+00	0.000000e+00	4.824884e-02	3.598633e-03	2.284673e-03	4.319627e-02	2.258892e-02	1.183392e-01	4.900064e-04	9.971754e-03	0.000000e+00	5.911264e-03	0.000000e+00	8.522311e-03	1.586022e-02	0.000000e+00	1.163882e-02	8.726983e-03	3.956221e-03	1.387413e-02	4.920368e-03	0.000000e+00	7.185546e-04	1.086923e-02	6.067534e-03	3.882817e-03	0.000000e+00	2.541037e-02	1.909667e-03	6.288265e-01	-2.170212e-01
6.265181e-01	0.000000e+00	0.000000e+00	4.929018e-02	0.000000e+00	0.000000e+00	4.545096e-02	9.104290e-03	9.818847e-02	0.000000e+00	0.000000e+00	0.000000e+00	0.000000e+00	2.375163e-02	0.000000e+00	2.236698e-02	0.000000e+00	2.308071e-03	8.275250e-03	4.974321e-03	1.965856e-02	2.055960e-03	0.000000e+00	7.185546e-04	0.000000e+00	1.213507e-02	8.451333e-03	0.000000e+00	0.000000e+00	2.568896e-03	6.265181e-01	-1.962908e-01
6.265181e-01	0.000000e+00	0.000000e+00	4.929018e-02	0.000000e+00	0.000000e+00	4.438124e-02	6.069526e-03	1.181959e-01	0.000000e+00	0.000000e+00	0.000000e+00	0.000000e+00	2.375163e-02	0.000000e+00	1.735136e-02	0.000000e+00	2.308071e-03	8.275250e-03	4.974321e-03	1.552087e-02	1.004345e-02	0.000000e+00	0.000000e+00	0.000000e+00	1.213507e-02	7.118584e-03	0.000000e+00	0.000000e+00	2.475551e-03	6.265181e-01	-1.938589e-01
6.252549e-01	0.000000e+00	7.258858e-03	2.406778e-02	1.979576e-03	0.000000e+00	5.553885e-03	1.622434e-02	1.350382e-01	4.032174e-04	1.143275e-02	3.683572e-03	7.803408e-02	0.000000e+00	1.971759e-02	1.226795e-02	0.000000e+00	2.385349e-03	1.469214e-02	3.721593e-03	3.691517e-02	2.383776e-02	0.000000e+00	2.874219e-03	7.608463e-03	3.033767e-03	1.664349e-02	0.000000e+00	2.744741e-02	1.767377e-03	6.252549e-01	-1.488476e-01
6.224896e-01	4.067762e-03	3.980790e-03	3.933705e-02	0.000000e+00	2.079778e-03	4.573213e-02	1.146353e-02	1.181959e-01	1.083125e-02	0.000000e+00	0.000000e+00	2.955929e-03	0.000000e+00	0.000000e+00	1.268380e-02	0.000000e+00	2.308071e-03	8.275250e-03	1.840129e-03	7.760435e-03	5.158841e-03	0.000000e+00	2.340501e-03	0.000000e+00	2.438448e-03	5.415843e-03	5.247939e-03	0.000000e+00	2.475551e-03	6.224896e-01	-1.369535e-01
6.224896e-01	4.067762e-03	3.980790e-03	3.933705e-02	0.000000e+00	2.079778e-03	4.573213e-02	1.146353e-02	1.181959e-01	1.083125e-02	0.000000e+00	0.000000e+00	2.955929e-03	0.000000e+00	0.000000e+00	1.268380e-02	0.000000e+00	2.308071e-03	8.275250e-03	1.840129e-03	7.760435e-03	5.158841e-03	0.000000e+00	2.340501e-03	0.000000e+00	2.438448e-03	5.415843e-03	5.247939e-03	0.000000e+00	2.475551e-03	6.224896e-01	-1.369535e-01
6.224896e-01	4.067762e-03	3.980790e-03	3.933705e-02	0.000000e+00	2.079778e-03	4.573213e-02	1.146353e-02	1.181959e-01	1.083125e-02	0.000000e+00	0.000000e+00	2.955929e-03	0.000000e+00	0.000000e+00	1.268380e-02	0.000000e+00	2.308071e-03	8.275250e-03	1.840129e-03	7.760435e-03	5.158841e-03	0.000000e+00	2.340501e-03	0.000000e+00	2.438448e-03	5.415843e-03	5.247939e-03	0.000000e+00	2.475551e-03	6.224896e-01	-1.369535e-01
4.467691e-01	0.000000e+00	0.000000e+00	3.981254e-02	0.000000e+00	0.000000e+00	4.438124e-02	6.069526e-03	1.181959e-01	0.000000e+00	0.000000e+00	0.000000e+00	2.955929e-03	0.000000e+00	0.000000e+00	1.735136e-02	0.000000e+00	2.308071e-03	8.275250e-03	7.461481e-03	1.552087e-02	1.004345e-02	0.000000e+00	0.000000e+00	0.000000e+00	2.438448e-03	7.118584e-03	0.000000e+00	0.000000e+00	2.475551e-03	4.467691e-01	-5.348763e-02
4.467691e-01	0.000000e+00	0.000000e+00	3.981254e-02	0.000000e+00	0.000000e+00	4.438124e-02	6.069526e-03	1.181959e-01	0.000000e+00	0.000000e+00	0.000000e+00	2.955929e-03	0.000000e+00	0.000000e+00	1.735136e-02	0.000000e+00	2.308071e-03	8.275250e-03	7.461481e-03	1.552087e-02	1.004345e-02	0.000000e+00	0.000000e+00	0.000000e+00	2.438448e-03	7.118584e-03	0.000000e+00	0.000000e+00	2.475551e-03	4.467691e-01	-5.348763e-02
4.467691e-01	0.000000e+00	0.000000e+00	3.981254e-02	0.000000e+00	0.000000e+00	4.438124e-02	6.069526e-03	1.181959e-01	0.000000e+00	0.000000e+00	0.000000e+00	2.955929e-03	0.000000e+00	0.000000e+00	1.735136e-02	0.000000e+00	2.308071e-03	8.275250e-03	7.461481e-03	1.552087e-02	1.004345e-02	0.000000e+00	0.000000e+00	0.000000e+00	2.438448e-03	7.118584e-03	0.000000e+00	0.000000e+00	2.475551e-03	4.467691e-01	-5.348763e-02
4.467691e-01	0.000000e+00	0.000000e+00	3.981254e-02	0.000000e+00	0.000000e+00	4.438124e-02	6.069526e-03	1.181959e-01	0.000000e+00	0.000000e+00	0.000000e+00	2.955929e-03	0.000000e+00	0.000000e+00	1.735136e-02	0.000000e+00	2.308071e-03	8.275250e-03	7.461481e-03	1.552087e-02	1.004345e-02	0.000000e+00	0.000000e+00	0.000000e+00	2.438448e-03	7.118584e-03	0.000000e+00	0.000000e+00	2.475551e-03	4.467691e-01	-5.348763e-02
4.467691e-01	0.000000e+00	0.000000e+00	3.981254e-02	0.000000e+00	0.000000e+00	4.438124e-02	6.069526e-03	1.181959e-01	0.000000e+00	0.000000e+00	0.000000e+00	2.955929e-03	0.000000e+00	0.000000e+00	1.735136e-02	0.000000e+00	2.308071e-03	8.275250e-03	7.461481e-03	1.552087e-02	1.004345e-02	0.000000e+00	0.000000e+00	0.000000e+00	2.438448e-03	7.118584e-03	0.000000e+00	0.000000e+00	2.475551e-03	4.467691e-01	-5.348763e-02
4.467691e-01	0.000000e+00	0.000000e+00	3.981254e-02	0.000000e+00	0.000000e+00	4.438124e-02	6.069526e-03	1.181959e-01	0.000000e+00	0.000000e+00	0.000000e+00	2.955929e-03	0.000000e+00	0.000000e+00	1.735136e-02	0.000000e+00	2.308071e-03	8.275250e-03	7.461481e-03	1.552087e-02	1.004345e-02	0.000000e+00	0.000000e+00	0.000000e+00	2.438448e-03	7.118584e-03	0.000000e+00	0.000000e+00	2.475551e-03	4.467691e-01	-5.348763e-02
4.467691e-01	0.000000e+00	7.961580e-03	1.990627e-02	0.000000e+00	0.000000e+00	4.708302e-02	1.685753e-02	1.181959e-01	0.000000e+00	4.769855e-02	0.000000e+00	2.955929e-03	0.000000e+00	0.000000e+00	1.735136e-02	0.000000e+00	5.770176e-04	0.000000e+00	1.193098e-03	0.000000e+00	2.742363e-04	0.000000e+00	0.000000e+00	0.000000e+00	1.206188e-02	7.118584e-03	1.049588e-02	0.000000e+00	2.475551e-03	4.467691e-01	-4.761895e-02
4.427406e-01	0.000000e+00	0.000000e+00	3.628563e-02	0.000000e+00	0.000000e+00	4.438124e-02	1.146353e-02	1.396022e-01	0.000000e+00	0.000000e+00	0.000000e+00	0.000000e+00	8.210193e-03	0.000000e+00	1.968513e-02	0.000000e+00	2.019562e-03	3.328122e-03	1.107516e-02	1.940109e-02	1.235279e-02	1.990577e-03	0.000000e+00	0.000000e+00	7.250162e-03	7.969955e-03	0.000000e+00	0.000000e+00	2.428878e-03	4.427406e-01	-2.803419e-02
4.387121e-01	8.135523e-03	7.961580e-03	1.990627e-02	0.000000e+00	4.159557e-03	4.708302e-02	1.685753e-02	1.610086e-01	0.000000e+00	0.000000e+00	9.050034e-03	2.955929e-03	0.000000e+00	2.188751e-02	8.016254e-03	0.000000e+00	5.770176e-04	0.000000e+00	1.193098e-03	0.000000e+00	2.742363e-04	3.981154e-03	4.681001e-03	0.000000e+00	1.206188e-02	3.713102e-03	1.049588e-02	0.000000e+00	3.522271e-04	4.387121e-01	-1.394446e-03
4.354404e-01	8.135523e-03	0.000000e+00	3.981254e-02	0.000000e+00	0.000000e+00	2.757818e-02	0.000000e+00	1.181959e-01	1.090635e-03	1.115874e-04	4.164067e-03	0.000000e+00	7.031205e-03	6.159306e-03	8.675678e-03	0.000000e+00	2.452325e-03	1.322238e-02	0.000000e+00	2.632340e-02	5.493312e-03	2.788865e-04	2.340501e-03	0.000000e+00	1.300877e-03	0.000000e+00	5.772733e-02	0.000000e+00	2.522223e-03	4.354404e-01	1.944674e-02
4.304738e-01	0.000000e+00	0.000000e+00	3.981254e-02	0.000000e+00	0.000000e+00	4.438124e-02	5.032007e-03	1.181959e-01	0.000000e+00	0.000000e+00	0.000000e+00	1.477965e-03	4.105097e-03	0.000000e+00	1.100945e-02	0.000000e+00	2.308071e-03	1.322238e-02	3.847805e-03	1.552087e-02	1.004345e-02	0.000000e+00	0.000000e+00	0.000000e+00	2.438448e-03	8.513706e-04	0.000000e+00	0.000000e+00	2.522223e-03	4.304738e-01	4.977844e-02
4.284595e-01	8.135523e-03	0.000000e+00	3.628563e-02	0.000000e+00	5.139733e-03	4.438124e-02	7.729009e-03	2.367541e-01	4.395636e-03	0.000000e+00	0.000000e+00	0.000000e+00	8.210193e-03	0.000000e+00	8.675678e-03	0.000000e+00	2.885088e-03	1.816951e-02	2.341285e-04	2.216487e-02	5.424752e-03	0.000000e+00	0.000000e+00	0.000000e+00	0.000000e+00	0.000000e+00	0.000000e+00	0.000000e+00	2.568896e-03	4.284595e-01	9.848170e-02
4.284595e-01	8.135523e-03	0.000000e+00	3.628563e-02	0.000000e+00	5.139733e-03	4.438124e-02	7.729009e-03	2.367541e-01	4.395636e-03	0.000000e+00	0.000000e+00	0.000000e+00	8.210193e-03	0.000000e+00	8.675678e-03	0.000000e+00	2.885088e-03	1.816951e-02	2.341285e-04	2.216487e-02	5.424752e-03	0.000000e+00	0.000000e+00	0.000000e+00	0.000000e+00	0.000000e+00	0.000000e+00	0.000000e+00	2.568896e-03	4.284595e-01	9.848170e-02
4.217482e-01	8.135523e-03	3.184632e-02	0.000000e+00	8.644658e-03	5.444490e-03	3.366135e-02	7.921148e-03	2.367541e-01	0.000000e+00	1.785399e-04	1.237616e-02	0.000000e+00	3.938499e-03	0.000000e+00	5.583768e-04	0.000000e+00	0.000000e+00	0.000000e+00	9.975242e-05	2.126344e-02	4.757512e-04	4.190319e-03	4.681001e-03	9.214899e-03	1.160512e-02	1.538096e-04	4.198351e-02	0.000000e+00	1.988902e-03	4.217482e-01	1.790592e-01
4.188457e-01	8.135523e-03	0.000000e+00	0.000000e+00	0.000000e+00	4.444003e-03	4.879614e-02	2.005380e-02	2.416940e-01	0.000000e+00	1.339049e-03	6.652247e-03	0.000000e+00	1.969250e-03	1.847792e-02	8.617299e-03	2.135837e-02	5.770176e-04	0.000000e+00	9.475715e-04	0.000000e+00	2.742363e-04	0.000000e+00	2.340501e-03	1.220061e-02	0.000000e+00	3.076192e-04	6.938894e-18	0.000000e+00	0.000000e+00	4.188457e-01	2.038249e-01
4.188457e-01	8.135523e-03	0.000000e+00	0.000000e+00	0.000000e+00	4.444003e-03	4.879614e-02	2.005380e-02	2.416940e-01	0.000000e+00	1.339049e-03	6.652247e-03	0.000000e+00	1.969250e-03	1.847792e-02	8.617299e-03	2.135837e-02	5.770176e-04	0.000000e+00	9.475715e-04	0.000000e+00	2.742363e-04	0.000000e+00	2.340501e-03	1.220061e-02	0.000000e+00	3.076192e-04	6.938894e-18	0.000000e+00	0.000000e+00	4.188457e-01	2.038249e-01
2.547089e-01	2.223926e-03	2.585397e-03	3.981254e-02	0.000000e+00	0.000000e+00	4.526071e-02	0.000000e+00	9.083547e-02	1.090635e-03	0.000000e+00	0.000000e+00	0.000000e+00	5.179424e-03	1.384575e-02	3.113148e-03	0.000000e+00	0.000000e+00	5.698542e-03	8.553582e-04	6.423335e-03	2.932072e-03	1.743041e-04	6.568733e-03	0.000000e+00	0.000000e+00	6.152383e-04	5.772733e-02	0.000000e+00	2.522223e-03	2.547089e-01	3.105678e-01
2.547089e-01	2.223926e-03	2.585397e-03	3.981254e-02	0.000000e+00	0.000000e+00	4.526071e-02	0.000000e+00	9.083547e-02	1.090635e-03	0.000000e+00	0.000000e+00	0.000000e+00	5.179424e-03	1.384575e-02	3.113148e-03	0.000000e+00	0.000000e+00	5.698542e-03	8.553582e-04	6.423335e-03	2.932072e-03	1.743041e-04	6.568733e-03	0.000000e+00	0.000000e+00	6.152383e-04	5.772733e-02	0.000000e+00	2.522223e-03	2.547089e-01	3.105678e-01
2.547089e-01	2.223926e-03	2.585397e-03	3.981254e-02	0.000000e+00	0.000000e+00	4.526071e-02	0.000000e+00	9.083547e-02	1.090635e-03	0.000000e+00	0.000000e+00	0.000000e+00	5.179424e-03	1.384575e-02	3.113148e-03	0.000000e+00	0.000000e+00	5.698542e-03	8.553582e-04	6.423335e-03	2.932072e-03	1.743041e-04	6.568733e-03	0.000000e+00	0.000000e+00	6.152383e-04	5.772733e-02	0.000000e+00	2.522223e-03	2.547089e-01	3.105678e-01
2.547089e-01	2.223926e-03	2.585397e-03	3.981254e-02	0.000000e+00	0.000000e+00	4.526071e-02	0.000000e+00	9.083547e-02	1.090635e-03	0.000000e+00	0.000000e+00	0.000000e+00	5.179424e-03	1.384575e-02	3.113148e-03	0.000000e+00	0.000000e+00	5.698542e-03	8.553582e-04	6.423335e-03	2.932072e-03	1.743041e-04	6.568733e-03	0.000000e+00	0.000000e+00	6.152383e-04	5.772733e-02	0.000000e+00	2.522223e-03	2.547089e-01	3.105678e-01
2.547089e-01	2.223926e-03	2.585397e-03	3.981254e-02	0.000000e+00	0.000000e+00	4.526071e-02	0.000000e+00	9.083547e-02	1.090635e-03	0.000000e+00	0.000000e+00	0.000000e+00	5.179424e-03	1.384575e-02	3.113148e-03	0.000000e+00	0.000000e+00	5.698542e-03	8.553582e-04	6.423335e-03	2.932072e-03	1.743041e-04	6.568733e-03	0.000000e+00	0.000000e+00	6.152383e-04	5.772733e-02	0.000000e+00	2.522223e-03	2.547089e-01	3.105678e-01
2.547089e-01	2.223926e-03	2.585397e-03	3.981254e-02	0.000000e+00	0.000000e+00	4.526071e-02	0.000000e+00	9.083547e-02	1.090635e-03	0.000000e+00	0.000000e+00	0.000000e+00	5.179424e-03	1.384575e-02	3.113148e-03	0.000000e+00	0.000000e+00	5.698542e-03	8.553582e-04	6.423335e-03	2.932072e-03	1.743041e-04	6.568733e-03	0.000000e+00	0.000000e+00	6.152383e-04	5.772733e-02	0.000000e+00	2.522223e-03	2.547089e-01	3.105678e-01
2.547089e-01	2.223926e-03	2.585397e-03	3.981254e-02	0.000000e+00	0.000000e+00	4.526071e-02	0.000000e+00	9.083547e-02	1.090635e-03	0.000000e+00	0.000000e+00	0.000000e+00	5.179424e-03	1.384575e-02	3.113148e-03	0.000000e+00	0.000000e+00	5.698542e-03	8.553582e-04	6.423335e-03	2.932072e-03	1.743041e-04	6.568733e-03	0.000000e+00	0.000000e+00	6.152383e-04	5.772733e-02	0.000000e+00	2.522223e-03	2.547089e-01	3.105678e-01
2.448250e-01	4.447853e-03	2.585397e-03	3.981254e-02	0.000000e+00	0.000000e+00	2.757818e-02	0.000000e+00	9.083547e-02	1.090635e-03	0.000000e+00	0.000000e+00	0.000000e+00	7.031205e-03	0.000000e+00	6.226297e-03	0.000000e+00	2.308071e-03	5.698542e-03	8.553582e-04	6.423335e-03	2.932072e-03	2.788865e-04	0.000000e+00	0.000000e+00	0.000000e+00	7.690479e-04	5.772733e-02	0.000000e+00	2.522223e-03	2.448250e-01	3.245123e-01
2.448250e-01	1.220328e-02	2.585397e-03	3.981254e-02	0.000000e+00	0.000000e+00	4.658715e-02	0.000000e+00	9.083547e-02	1.090635e-03	0.000000e+00	0.000000e+00	0.000000e+00	9.957313e-03	1.384575e-02	3.113148e-03	0.000000e+00	2.885088e-03	5.698542e-03	3.954886e-03	6.423335e-03	2.932072e-03	2.060299e-03	0.000000e+00	0.000000e+00	8.470887e-05	6.152383e-04	5.772733e-02	4.002956e-02	0.000000e+00	2.448250e-01	3.442519e-01
2.360810e-01	0.000000e+00	3.476651e-02	0.000000e+00	9.622422e-03	2.569866e-03	4.112180e-02	3.570392e-03	2.311938e-01	0.000000e+00	1.428319e-03	1.237616e-02	0.000000e+00	2.080314e-03	1.384575e-02	0.000000e+00	1.266379e-02	0.000000e+00	1.305034e-02	1.613484e-03	2.056663e-02	0.000000e+00	1.394433e-04	1.543105e-02	0.000000e+00	6.850277e-03	6.152383e-04	4.198351e-02	0.000000e+00	1.470815e-02	2.360810e-01	4.143296e-01
2.236784e-01	1.111963e-03	1.576245e-02	0.000000e+00	3.715126e-02	2.127037e-03	7.184553e-02	0.000000e+00	9.083547e-02	8.300151e-03	7.587944e-04	1.897265e-02	4.303224e-03	2.410307e-03	0.000000e+00	3.423147e-02	3.165948e-03	2.308071e-03	5.698542e-03	2.687522e-04	0.000000e+00	1.466036e-03	0.000000e+00	0.000000e+00	1.676269e-02	0.000000e+00	7.690479e-04	5.772733e-02	0.000000e+00	2.796907e-03	2.236784e-01	4.661152e-01
2.236784e-01	1.111963e-03	1.576245e-02	0.000000e+00	7.734481e-02	3.496026e-03	7.184553e-02	0.000000e+00	9.083547e-02	5.281794e-03	2.546371e-02	1.897265e-02	2.151612e-03	2.410307e-03	0.000000e+00	2.993926e-02	7.914871e-03	5.600996e-02	5.698542e-03	0.000000e+00	0.000000e+00	0.000000e+00	0.000000e+00	5.618820e-03	1.676269e-02	1.143570e-02	7.690479e-04	5.772733e-02	0.000000e+00	2.796907e-03	2.236784e-01	4.976547e-01
2.075693e-01	0.000000e+00	2.893950e-02	0.000000e+00	6.285339e-02	2.127037e-03	1.930035e-02	3.570392e-03	2.860618e-01	6.916792e-04	1.428319e-03	3.794530e-02	0.000000e+00	8.329862e-04	0.000000e+00	0.000000e+00	3.165948e-03	1.458634e-02	3.247248e-02	1.240035e-03	1.705319e-02	0.000000e+00	2.091649e-04	1.772464e-02	2.665957e-02	1.143570e-02	7.690479e-04	1.982269e-02	4.015856e-04	2.094953e-03	2.075693e-01	6.389921e-01
2.041026e-01	0.000000e+00	2.526448e-02	1.037846e-01	5.177959e-02	1.090789e-01	7.925150e-02	1.921385e-04	2.454007e-01	3.071903e-03	3.305057e-02	3.298247e-03	6.925296e-03	1.649963e-04	0.000000e+00	1.496963e-02	2.237690e-02	0.000000e+00	2.992073e-03	6.444976e-04	8.977368e-03	0.000000e+00	4.120597e-03	2.381366e-03	2.665957e-02	1.366884e-02	3.845239e-04	2.157629e-02	0.000000e+00	1.100389e-02	2.041026e-01	7.150652e-01
1.813969e-01	0.000000e+00	2.893950e-02	2.564253e-02	5.522064e-02	2.569866e-03	1.930035e-02	3.666461e-03	2.541717e-01	1.043512e-03	1.428319e-03	3.794530e-02	0.000000e+00	4.442593e-04	0.000000e+00	7.513709e-03	0.000000e+00	0.000000e+00	1.949362e-02	1.122644e-03	2.590559e-02	0.000000e+00	6.972163e-05	1.313142e-02	2.665957e-02	1.143570e-02	3.076192e-04	3.207217e-02	0.000000e+00	7.354077e-03	1.813969e-01	8.162900e-01
9.820103e-02	0.000000e+00	2.893950e-02	5.128505e-02	5.522064e-02	2.127037e-03	1.930035e-02	3.762530e-03	2.541717e-01	2.778703e-03	1.428319e-03	3.794530e-02	0.000000e+00	4.442593e-04	0.000000e+00	7.513709e-03	0.000000e+00	0.000000e+00	1.949362e-02	2.583542e-04	2.590559e-02	0.000000e+00	6.972163e-05	1.312537e-02	2.665957e-02	1.143570e-02	3.076192e-04	0.000000e+00	0.000000e+00	7.354077e-03	9.820103e-02	8.312644e-01
9.820103e-02	0.000000e+00	2.893950e-02	5.128505e-02	5.522064e-02	2.127037e-03	1.930035e-02	3.762530e-03	2.541717e-01	2.778703e-03	1.428319e-03	3.794530e-02	0.000000e+00	4.442593e-04	0.000000e+00	7.513709e-03	0.000000e+00	0.000000e+00	1.949362e-02	2.583542e-04	2.590559e-02	0.000000e+00	6.972163e-05	1.312537e-02	2.665957e-02	1.143570e-02	3.076192e-04	0.000000e+00	0.000000e+00	7.354077e-03	9.820103e-02	8.312644e-01
9.820103e-02	0.000000e+00	2.893950e-02	5.128505e-02	5.522064e-02	2.127037e-03	1.930035e-02	3.762530e-03	2.541717e-01	2.778703e-03	1.428319e-03	3.794530e-02	0.000000e+00	4.442593e-04	0.000000e+00	7.513709e-03	0.000000e+00	0.000000e+00	1.949362e-02	2.583542e-04	2.590559e-02	0.000000e+00	6.972163e-05	1.312537e-02	2.665957e-02	1.143570e-02	3.076192e-04	0.000000e+00	0.000000e+00	7.354077e-03	9.820103e-02	8.312644e-01
9.820103e-02	0.000000e+00	2.893950e-02	5.128505e-02	5.522064e-02	2.127037e-03	1.930035e-02	3.762530e-03	2.541717e-01	2.778703e-03	1.428319e-03	3.794530e-02	0.000000e+00	4.442593e-04	0.000000e+00	7.513709e-03	0.000000e+00	0.000000e+00	1.949362e-02	2.583542e-04	2.590559e-02	0.000000e+00	6.972163e-05	1.312537e-02	2.665957e-02	1.143570e-02	3.076192e-04	0.000000e+00	0.000000e+00	7.354077e-03	9.820103e-02	8.312644e-01
7.592060e-02	0.000000e+00	3.690108e-02	9.887023e-02	5.876918e-02	2.432507e-03	1.662038e-02	5.547726e-03	2.586360e-01	1.677036e-03	2.508432e-02	4.103934e-02	0.000000e+00	1.747120e-03	0.000000e+00	1.438010e-02	6.331897e-03	5.485593e-02	2.801115e-02	0.000000e+00	2.342846e-02	0.000000e+00	0.000000e+00	8.903187e-03	2.553039e-02	1.143570e-02	3.076192e-04	2.099175e-02	0.000000e+00	2.005805e-02	7.592060e-02	8.778643e-01
4.351691e-02	0.000000e+00	2.893950e-02	5.251366e-02	5.140427e-02	0.000000e+00	1.930035e-02	0.000000e+00	2.313410e-01	4.150075e-03	1.339049e-03	3.794530e-02	0.000000e+00	2.024782e-03	0.000000e+00	0.000000e+00	0.000000e+00	0.000000e+00	1.319234e-02	7.020451e-04	2.805128e-02	0.000000e+00	1.394433e-04	7.609200e-02	1.979376e-02	5.203510e-03	6.152383e-04	0.000000e+00	0.000000e+00	1.118315e-03	4.351691e-02	9.090565e-01
3.793331e-02	0.000000e+00	2.893950e-02	2.749247e-02	3.929192e-02	2.127037e-03	0.000000e+00	3.762530e-03	2.313410e-01	0.000000e+00	1.428319e-03	5.715004e-02	0.000000e+00	1.580523e-03	6.159306e-03	0.000000e+00	0.000000e+00	0.000000e+00	1.949362e-02	2.583542e-04	2.590559e-02	2.378756e-04	6.972163e-05	1.312537e-02	2.665957e-02	1.143570e-02	3.076192e-04	0.000000e+00	0.000000e+00	0.000000e+00	3.793331e-02	9.096885e-01
1.790819e-02	0.000000e+00	2.748609e-02	7.692758e-02	5.522064e-02	3.190556e-03	1.558971e-02	3.858599e-03	2.541717e-01	2.093016e-03	1.428319e-03	5.286993e-02	0.000000e+00	0.000000e+00	0.000000e+00	7.513709e-03	0.000000e+00	0.000000e+00	2.264425e-02	2.583542e-04	3.104724e-02	0.000000e+00	3.486081e-05	1.312537e-02	2.665957e-02	1.455180e-02	3.076192e-04	0.000000e+00	0.000000e+00	7.354077e-03	1.790819e-02	1.035663e+00
0.000000e+00	0.000000e+00	0.000000e+00	2.125502e-02	4.372426e-02	0.000000e+00	4.307690e-02	0.000000e+00	9.167368e-03	1.247420e-02	0.000000e+00	0.000000e+00	0.000000e+00	0.000000e+00	4.446245e-02	4.026016e-03	0.000000e+00	0.000000e+00	6.667973e-03	2.703624e-03	1.926068e-02	0.000000e+00	4.190319e-03	1.230157e-02	0.000000e+00	3.309622e-02	9.228575e-04	8.659099e-02	0.000000e+00	1.247152e-02	0.000000e+00	1.110604e+00
