8.498677e-01 0.000000e+00 1.039375e-01 0.000000e+00 4.347087e-02 4.909657e-03 0.000000e+00 3.001807e-04 1.069551e-02 0.000000e+00 2.367176e-02 2.134959e-02 4.615940e-03 8.938094e-02 2.093012e-04 1.463953e-02 0.000000e+00 1.490263e-01 0.000000e+00 0.000000e+00 3.718031e-04 3.927769e-04 0.000000e+00 4.379659e-02 2.363158e-03 6.652326e-02 0.000000e+00 0.000000e+00 1.303036e-02 0.000000e+00 8.498677e-01 -6.690136e-01
8.498677e-01 0.000000e+00 1.039375e-01 0.000000e+00 4.347087e-02 4.909657e-03 0.000000e+00 3.001807e-04 1.069551e-02 0.000000e+00 2.367176e-02 2.134959e-02 4.615940e-03 8.938094e-02 2.093012e-04 1.463953e-02 0.000000e+00 1.490263e-01 0.000000e+00 0.000000e+00 3.718031e-04 3.927769e-04 0.000000e+00 4.379659e-02 2.363158e-03 6.652326e-02 0.000000e+00 0.000000e+00 1.303036e-02 0.000000e+00 8.498677e-01 -6.690136e-01
8.463783e-01 0.000000e+00 1.039375e-01 0.000000e+00 4.347087e-02 4.909657e-03 0.000000e+00 3.001807e-04 1.069551e-02 0.000000e+00 2.367176e-02 2.134959e-02 4.615940e-03 8.938094e-02 1.939865e-04 9.759689e-03 0.000000e+00 1.490263e-01 0.000000e+00 0.000000e+00 3.718031e-04 3.927769e-04 1.569364e-03 4.379659e-02 2.363158e-03 6.652326e-02 0.000000e+00 0.000000e+00 2.175946e-02 0.000000e+00 8.463783e-01 -6.570292e-01
8.463783e-01 0.000000e+00 1.039375e-01 0.000000e+00 1.181316e-01 4.909657e-03 0.000000e+00 3.001807e-04 1.069551e-02 0.000000e+00 2.492722e-02 3.202438e-02 4.615940e-03 6.745134e-02 2.322733e-04 2.195930e-02 0.000000e+00 1.374630e-01 0.000000e+00 0.000000e+00 3.718031e-04 3.927769e-04 0.000000e+00 4.615980e-02 2.363158e-03 6.652326e-02 0.000000e+00 0.000000e+00 2.175946e-02 0.000000e+00 8.463783e-01 -6.451390e-01
8.463783e-01 0.000000e+00 1.039375e-01 0.000000e+00 1.181316e-01 4.909657e-03 0.000000e+00 3.001807e-04 1.069551e-02 0.000000e+00 2.492722e-02 3.202438e-02 4.615940e-03 6.745134e-02 2.322733e-04 2.195930e-02 0.000000e+00 1.374630e-01 0.000000e+00 0.000000e+00 3.718031e-04 3.927769e-04 0.000000e+00 4.615980e-02 2.363158e-03 6.652326e-02 0.000000e+00 0.000000e+00 2.175946e-02 0.000000e+00 8.463783e-01 -6.451390e-01
8.428888e-01 0.000000e+00 7.630762e-02 6.792916e-02 3.864078e-02 9.005824e-03 0.000000e+00 3.001807e-04 1.069551e-02 6.243461e-04 2.304403e-02 3.202438e-02 2.989064e-03 9.163591e-02 1.633570e-04 2.496068e-02 0.000000e+00 1.548079e-01 0.000000e+00 0.000000e+00 7.436061e-04 1.843648e-03 0.000000e+00 3.130416e-02 3.885886e-03 6.248971e-02 0.000000e+00 0.000000e+00 1.843424e-02 0.000000e+00 8.428888e-01 -6.263271e-01
8.428888e-01 0.000000e+00 7.630762e-02 6.792916e-02 3.864078e-02 9.005824e-03 0.000000e+00 3.001807e-04 1.069551e-02 6.243461e-04 2.304403e-02 3.202438e-02 2.989064e-03 9.163591e-02 1.633570e-04 2.496068e-02 0.000000e+00 1.548079e-01 0.000000e+00 0.000000e+00 7.436061e-04 1.843648e-03 0.000000e+00 3.130416e-02 3.885886e-03 6.248971e-02 0.000000e+00 0.000000e+00 1.843424e-02 0.000000e+00 8.428888e-01 -6.263271e-01
8.428888e-01 0.000000e+00 7.630762e-02 6.792916e-02 3.864078e-02 9.005824e-03 0.000000e+00 3.001807e-04 1.069551e-02 6.243461e-04 2.304403e-02 3.202438e-02 2.989064e-03 9.163591e-02 1.633570e-04 2.496068e-02 0.000000e+00 1.548079e-01 0.000000e+00 0.000000e+00 7.436061e-04 1.843648e-03 0.000000e+00 3.130416e-02 3.885886e-03 6.248971e-02 0.000000e+00 0.000000e+00 1.843424e-02 0.000000e+00 8.428888e-01 -6.263271e-01
8.393994e-01 0.000000e+00 8.474819e-02 0.000000e+00 3.864078e-02 6.898645e-03 0.000000e+00 3.001807e-04 1.069551e-02 1.248692e-03 2.116084e-02 3.202438e-02 2.724378e-03 9.018890e-02 1.633570e-04 5.243850e-02 0.000000e+00 1.721529e-01 0.000000e+00 0.000000e+00 7.436061e-04 1.843648e-03 0.000000e+00 2.947781e-02 3.026525e-03 6.248971e-02 0.000000e+00 0.000000e+00 1.691717e-02 0.000000e+00 8.393994e-01 -5.999014e-01
8.393994e-01 0.000000e+00 7.630762e-02 1.496222e-01 0.000000e+00 1.582461e-02 0.000000e+00 0.000000e+00 1.069551e-02 1.040577e-03 2.546953e-02 1.227601e-01 1.362189e-03 9.163591e-02 1.633570e-04 9.333902e-03 0.000000e+00 7.964655e-02 0.000000e+00 0.000000e+00 7.436061e-04 1.843648e-03 0.000000e+00 3.626174e-02 3.885886e-03 2.854841e-03 0.000000e+00 0.000000e+00 0.000000e+00 4.891531e-02 8.393994e-01 -5.907786e-01
8.393994e-01 0.000000e+00 6.671298e-02 1.496222e-01 1.292478e-02 1.477102e-02 3.060068e-02 0.000000e+00 5.347756e-03 3.850135e-03 2.546953e-02 1.094166e-01 6.810946e-04 9.163591e-02 8.167852e-05 1.651800e-02 0.000000e+00 7.964655e-02 3.642696e-03 0.000000e+00 7.436061e-04 1.843648e-03 0.000000e+00 3.626174e-02 3.885886e-03 4.871616e-03 2.903281e-03 0.000000e+00 0.000000e+00 4.891531e-02 8.393994e-01 -5.849777e-01
8.393994e-01 0.000000e+00 6.671298e-02 1.496222e-01 1.292478e-02 1.477102e-02 3.060068e-02 0.000000e+00 5.347756e-03 3.850135e-03 2.546953e-02 1.094166e-01 6.810946e-04 9.163591e-02 8.167852e-05 1.651800e-02 0.000000e+00 7.964655e-02 3.642696e-03 0.000000e+00 7.436061e-04 1.843648e-03 0.000000e+00 3.626174e-02 3.885886e-03 4.871616e-03 2.903281e-03 0.000000e+00 0.000000e+00 4.891531e-02 8.393994e-01 -5.849777e-01
8.393994e-01 0.000000e+00 6.671298e-02 1.496222e-01 1.292478e-02 1.477102e-02 3.060068e-02 0.000000e+00 5.347756e-03 3.850135e-03 2.546953e-02 1.094166e-01 6.810946e-04 9.163591e-02 8.167852e-05 1.651800e-02 0.000000e+00 7.964655e-02 3.642696e-03 0.000000e+00 7.436061e-04 1.843648e-03 0.000000e+00 3.626174e-02 3.885886e-03 4.871616e-03 2.903281e-03 0.000000e+00 0.000000e+00 4.891531e-02 8.393994e-01 -5.849777e-01
8.393994e-01 0.000000e+00 6.671298e-02 1.496222e-01 1.292478e-02 1.477102e-02 3.060068e-02 0.000000e+00 5.347756e-03 3.850135e-03 2.546953e-02 1.094166e-01 6.810946e-04 9.163591e-02 8.167852e-05 1.651800e-02 0.000000e+00 7.964655e-02 3.642696e-03 0.000000e+00 7.436061e-04 1.843648e-03 0.000000e+00 3.626174e-02 3.885886e-03 4.871616e-03 2.903281e-03 0.000000e+00 0.000000e+00 4.891531e-02 8.393994e-01 -5.849777e-01
8.393994e-01 0.000000e+00 6.671298e-02 1.496222e-01 1.292478e-02 1.477102e-02 3.060068e-02 0.000000e+00 5.347756e-03 3.850135e-03 2.546953e-02 1.094166e-01 6.810946e-04 9.163591e-02 8.167852e-05 1.651800e-02 0.000000e+00 7.964655e-02 3.642696e-03 0.000000e+00 7.436061e-04 1.843648e-03 0.000000e+00 3.626174e-02 3.885886e-03 4.871616e-03 2.903281e-03 0.000000e+00 0.000000e+00 4.891531e-02 8.393994e-01 -5.849777e-01
8.393994e-01 0.000000e+00 7.017519e-02 1.226784e-01 1.292478e-02 5.904151e-03 3.060068e-02 0.000000e+00 1.426068e-02 3.850135e-03 2.546953e-02 1.094166e-01 9.231879e-03 9.163591e-02 3.879730e-04 1.651800e-02 0.000000e+00 1.875706e-01 6.987994e-02 0.000000e+00 8.323638e-02 1.843648e-03 7.181265e-02 2.269147e-02 3.885886e-03 5.980068e-02 0.000000e+00 0.000000e+00 3.921764e-02 0.000000e+00 8.393994e-01 -5.218129e-01
8.393994e-01 0.000000e+00 7.017519e-02 1.158814e-01 1.292478e-02 5.904151e-03 6.120137e-02 0.000000e+00 1.426068e-02 7.075923e-03 2.546953e-02 1.094166e-01 9.231879e-03 9.163591e-02 1.939865e-04 2.477700e-02 0.000000e+00 1.875706e-01 3.858267e-02 0.000000e+00 8.323638e-02 7.901103e-04 1.061496e-01 2.269147e-02 3.983883e-03 5.980068e-02 0.000000e+00 0.000000e+00 3.921764e-02 0.000000e+00 8.393994e-01 -5.148535e-01
8.393994e-01 0.000000e+00 7.017519e-02 1.158814e-01 1.292478e-02 5.904151e-03 6.120137e-02 0.000000e+00 1.426068e-02 7.075923e-03 2.546953e-02 1.094166e-01 9.231879e-03 9.163591e-02 1.939865e-04 2.477700e-02 0.000000e+00 1.875706e-01 3.858267e-02 0.000000e+00 8.323638e-02 7.901103e-04 1.061496e-01 2.269147e-02 3.983883e-03 5.980068e-02 0.000000e+00 0.000000e+00 3.921764e-02 0.000000e+00 8.393994e-01 -5.148535e-01
8.337880e-01 4.037244e-02 7.017519e-02 1.226784e-01 1.217631e-02 5.904151e-03 0.000000e+00 3.015150e-03 1.426068e-02 2.081154e-04 2.331116e-02 0.000000e+00 9.231879e-03 9.083279e-02 3.879730e-04 0.000000e+00 0.000000e+00 1.875706e-01 6.987994e-02 0.000000e+00 8.323638e-02 3.950725e-03 3.138727e-03 2.269147e-02 3.689891e-03 5.980068e-02 0.000000e+00 0.000000e+00 3.921764e-02 0.000000e+00 8.337880e-01 -4.877847e-01
8.323852e-01 0.000000e+00 7.208734e-02 1.158814e-01 1.292478e-02 1.346881e-02 0.000000e+00 0.000000e+00 1.426068e-02 5.254913e-03 2.654232e-02 1.040792e-01 6.810946e-04 9.163591e-02 8.167852e-05 1.651800e-02 0.000000e+00 7.964655e-02 3.858267e-02 0.000000e+00 8.323638e-02 1.865257e-03 0.000000e+00 3.560930e-02 3.885886e-03 3.334453e-02 5.806562e-03 0.000000e+00 2.688293e-04 4.891531e-02 8.323852e-01 -4.783709e-01
8.323852e-01 0.000000e+00 7.208734e-02 1.158814e-01 1.292478e-02 1.346881e-02 0.000000e+00 0.000000e+00 1.426068e-02 5.254913e-03 2.654232e-02 1.040792e-01 6.810946e-04 9.163591e-02 8.167852e-05 1.651800e-02 0.000000e+00 7.964655e-02 3.858267e-02 0.000000e+00 8.323638e-02 1.865257e-03 0.000000e+00 3.560930e-02 3.885886e-03 3.334453e-02 1.054972e-01 0.000000e+00 2.688293e-04 4.891531e-02 8.323852e-01 -4.599801e-01
8.323852e-01 0.000000e+00 7.208734e-02 1.158814e-01 1.292478e-02 1.346881e-02 0.000000e+00 0.000000e+00 1.426068e-02 5.254913e-03 2.654232e-02 1.040792e-01 6.810946e-04 9.163591e-02 8.167852e-05 1.651800e-02 0.000000e+00 7.964655e-02 3.858267e-02 0.000000e+00 8.323638e-02 1.865257e-03 0.000000e+00 3.560930e-02 3.885886e-03 3.334453e-02 1.054972e-01 0.000000e+00 2.688293e-04 4.891531e-02 8.323852e-01 -4.599801e-01
8.323852e-01 0.000000e+00 7.208734e-02 1.158814e-01 1.292478e-02 1.346881e-02 0.000000e+00 0.000000e+00 1.426068e-02 5.254913e-03 2.654232e-02 1.040792e-01 6.810946e-04 9.163591e-02 8.167852e-05 1.651800e-02 0.000000e+00 7.964655e-02 3.858267e-02 0.000000e+00 8.323638e-02 1.865257e-03 0.000000e+00 3.560930e-02 3.885886e-03 3.334453e-02 1.054972e-01 0.000000e+00 2.688293e-04 4.891531e-02 8.323852e-01 -4.599801e-01
8.323852e-01 0.000000e+00 7.208734e-02 1.158814e-01 1.292478e-02 1.346881e-02 0.000000e+00 0.000000e+00 1.426068e-02 5.254913e-03 2.654232e-02 1.040792e-01 6.810946e-04 9.163591e-02 8.167852e-05 1.651800e-02 0.000000e+00 7.964655e-02 3.858267e-02 0.000000e+00 8.323638e-02 1.865257e-03 0.000000e+00 3.560930e-02 3.885886e-03 3.334453e-02 1.054972e-01 0.000000e+00 2.688293e-04 4.891531e-02 8.323852e-01 -4.599801e-01
8.281766e-01 2.958098e-02 6.460284e-02 1.124829e-01 1.938717e-02 1.359312e-02 0.000000e+00 1.005720e-04 0.000000e+00 5.957303e-03 2.707872e-02 1.000762e-01 3.405473e-04 9.235941e-02 4.083926e-05 2.370210e-02 0.000000e+00 1.104820e-01 2.293403e-02 0.000000e+00 8.387949e-02 4.166806e-03 0.000000e+00 3.313051e-02 4.413564e-03 5.442261e-02 1.161312e-02 0.000000e+00 9.409026e-04 0.000000e+00 8.281766e-01 -4.067065e-01
8.281766e-01 2.958098e-02 6.460284e-02 1.158814e-01 1.901294e-02 9.810790e-03 0.000000e+00 5.882041e-02 0.000000e+00 5.957303e-03 2.546314e-02 1.000762e-01 4.615940e-03 9.235941e-02 0.000000e+00 1.544310e-02 0.000000e+00 1.104820e-01 3.858267e-02 0.000000e+00 8.387949e-02 5.209540e-03 7.418924e-03 3.313051e-02 4.413564e-03 5.442261e-02 8.709843e-03 0.000000e+00 2.041531e-02 0.000000e+00 8.281766e-01 -3.895093e-01
8.253709e-01 4.437147e-02 5.379257e-02 1.090845e-01 0.000000e+00 1.371743e-02 6.120137e-02 2.951078e-02 0.000000e+00 6.659692e-03 2.653913e-02 9.607314e-02 0.000000e+00 6.006448e-02 0.000000e+00 1.957260e-02 0.000000e+00 1.104820e-01 7.285392e-03 0.000000e+00 0.000000e+00 4.123589e-03 3.709462e-03 3.443539e-02 2.206782e-03 6.888392e-03 4.336507e-03 0.000000e+00 1.101414e-02 0.000000e+00 8.253709e-01 -3.745541e-01
8.253709e-01 3.697623e-02 5.014267e-02 1.090845e-01 0.000000e+00 1.371743e-02 0.000000e+00 2.951078e-02 0.000000e+00 2.760726e-02 2.653913e-02 9.607314e-02 1.645425e-02 9.254029e-02 0.000000e+00 1.750785e-02 0.000000e+00 1.104820e-01 3.493997e-02 0.000000e+00 0.000000e+00 5.209540e-03 5.564193e-03 3.443539e-02 3.310173e-03 5.442261e-02 4.336507e-03 0.000000e+00 1.571473e-02 0.000000e+00 8.253709e-01 -3.599825e-01
8.253709e-01 3.697623e-02 5.014267e-02 1.090845e-01 0.000000e+00 1.230279e-02 0.000000e+00 1.485596e-02 0.000000e+00 4.925722e-02 2.707712e-02 9.607314e-02 2.829255e-02 9.272116e-02 0.000000e+00 1.957260e-02 0.000000e+00 1.104820e-01 3.493997e-02 0.000000e+00 0.000000e+00 5.209540e-03 5.564193e-03 3.313051e-02 2.206782e-03 5.442261e-02 3.610687e-03 0.000000e+00 1.571473e-02 0.000000e+00 8.253709e-01 -3.568409e-01
8.253709e-01 3.697623e-02 5.014267e-02 1.090845e-01 0.000000e+00 1.230279e-02 0.000000e+00 1.485596e-02 0.000000e+00 4.925722e-02 2.707712e-02 9.607314e-02 2.829255e-02 9.272116e-02 0.000000e+00 1.957260e-02 0.000000e+00 1.104820e-01 3.493997e-02 0.000000e+00 0.000000e+00 5.209540e-03 5.564193e-03 3.313051e-02 2.206782e-03 5.442261e-02 3.610687e-03 0.000000e+00 1.571473e-02 0.000000e+00 8.253709e-01 -3.568409e-01
8.253709e-01 3.697623e-02 5.014267e-02 1.090845e-01 0.000000e+00 1.230279e-02 0.000000e+00 1.485596e-02 0.000000e+00 4.925722e-02 2.707712e-02 9.607314e-02 2.829255e-02 9.272116e-02 0.000000e+00 1.957260e-02 0.000000e+00 1.104820e-01 3.493997e-02 0.000000e+00 0.000000e+00 5.209540e-03 5.564193e-03 3.313051e-02 2.206782e-03 5.442261e-02 3.610687e-03 0.000000e+00 1.571473e-02 0.000000e+00 8.253709e-01 -3.568409e-01
8.253709e-01 3.697623e-02 5.014267e-02 1.090845e-01 0.000000e+00 1.230279e-02 0.000000e+00 1.485596e-02 0.000000e+00 4.925722e-02 2.707712e-02 9.607314e-02 2.829255e-02 9.272116e-02 0.000000e+00 1.957260e-02 0.000000e+00 1.104820e-01 3.493997e-02 0.000000e+00 0.000000e+00 5.209540e-03 5.564193e-03 3.313051e-02 2.206782e-03 5.442261e-02 3.610687e-03 0.000000e+00 1.571473e-02 0.000000e+00 8.253709e-01 -3.568409e-01
8.253709e-01 3.697623e-02 5.014267e-02 1.090845e-01 0.000000e+00 1.230279e-02 0.000000e+00 1.485596e-02 0.000000e+00 4.925722e-02 2.707712e-02 9.607314e-02 2.829255e-02 9.272116e-02 0.000000e+00 1.957260e-02 0.000000e+00 1.104820e-01 3.493997e-02 0.000000e+00 0.000000e+00 5.209540e-03 5.564193e-03 3.313051e-02 2.206782e-03 5.442261e-02 3.610687e-03 0.000000e+00 1.571473e-02 0.000000e+00 8.253709e-01 -3.568409e-01
8.253709e-01 3.697623e-02 5.014267e-02 1.090845e-01 0.000000e+00 1.230279e-02 0.000000e+00 1.485596e-02 0.000000e+00 4.925722e-02 2.707712e-02 9.607314e-02 2.829255e-02 9.272116e-02 0.000000e+00 1.957260e-02 0.000000e+00 1.104820e-01 3.493997e-02 0.000000e+00 0.000000e+00 5.209540e-03 5.564193e-03 3.313051e-02 2.206782e-03 5.442261e-02 3.610687e-03 0.000000e+00 1.571473e-02 0.000000e+00 8.253709e-01 -3.568409e-01
6.353815e-01 5.916196e-02 2.487222e-02 1.090845e-01 0.000000e+00 1.088816e-02 0.000000e+00 2.011439e-04 0.000000e+00 4.995961e-02 2.761512e-02 8.668135e-02 2.367661e-02 6.042623e-02 0.000000e+00 2.370210e-02 0.000000e+00 1.104820e-01 0.000000e+00 0.000000e+00 1.937920e-05 4.123589e-03 0.000000e+00 3.182563e-02 0.000000e+00 6.888392e-03 2.884866e-03 0.000000e+00 1.612976e-03 0.000000e+00 6.353815e-01 -2.447741e-01
6.353815e-01 5.916196e-02 2.487222e-02 1.090845e-01 0.000000e+00 1.088816e-02 0.000000e+00 2.011439e-04 0.000000e+00 4.995961e-02 2.761512e-02 8.668135e-02 2.367661e-02 6.042623e-02 0.000000e+00 2.370210e-02 0.000000e+00 1.104820e-01 0.000000e+00 0.000000e+00 1.937920e-05 4.123589e-03 0.000000e+00 3.182563e-02 0.000000e+00 6.888392e-03 2.884866e-03 0.000000e+00 1.612976e-03 0.000000e+00 6.353815e-01 -2.447741e-01
6.353815e-01 5.916196e-02 2.487222e-02 1.090845e-01 0.000000e+00 1.088816e-02 0.000000e+00 2.011439e-04 0.000000e+00 4.995961e-02 2.761512e-02 8.668135e-02 2.367661e-02 6.042623e-02 0.000000e+00 2.370210e-02 0.000000e+00 1.104820e-01 0.000000e+00 0.000000e+00 1.937920e-05 4.123589e-03 0.000000e+00 3.182563e-02 0.000000e+00 6.888392e-03 2.884866e-03 0.000000e+00 1.612976e-03 0.000000e+00 6.353815e-01 -2.447741e-01
6.353815e-01 5.916196e-02 2.487222e-02 1.090845e-01 0.000000e+00 1.088816e-02 0.000000e+00 2.011439e-04 0.000000e+00 4.995961e-02 2.761512e-02 8.668135e-02 2.367661e-02 6.042623e-02 0.000000e+00 2.370210e-02 0.000000e+00 1.104820e-01 0.000000e+00 0.000000e+00 1.937920e-05 4.123589e-03 0.000000e+00 3.182563e-02 0.000000e+00 6.888392e-03 2.884866e-03 0.000000e+00 1.612976e-03 0.000000e+00 6.353815e-01 -2.447741e-01
6.353815e-01 5.916196e-02 2.487222e-02 1.090845e-01 0.000000e+00 1.088816e-02 0.000000e+00 2.011439e-04 0.000000e+00 4.995961e-02 2.761512e-02 8.668135e-02 2.367661e-02 6.042623e-02 0.000000e+00 2.370210e-02 0.000000e+00 1.104820e-01 0.000000e+00 0.000000e+00 1.937920e-05 4.123589e-03 0.000000e+00 3.182563e-02 0.000000e+00 6.888392e-03 2.884866e-03 0.000000e+00 1.612976e-03 0.000000e+00 6.353815e-01 -2.447741e-01
6.353815e-01 5.916196e-02 2.487222e-02 1.090845e-01 0.000000e+00 1.088816e-02 0.000000e+00 2.011439e-04 0.000000e+00 4.995961e-02 2.761512e-02 8.668135e-02 2.367661e-02 6.042623e-02 0.000000e+00 2.370210e-02 0.000000e+00 1.104820e-01 0.000000e+00 0.000000e+00 1.937920e-05 4.123589e-03 0.000000e+00 3.182563e-02 0.000000e+00 6.888392e-03 2.884866e-03 0.000000e+00 1.612976e-03 0.000000e+00 6.353815e-01 -2.447741e-01
6.353815e-01 4.806910e-02 3.750744e-02 1.090845e-01 0.000000e+00 1.088816e-02 0.000000e+00 2.011439e-04 0.000000e+00 6.043340e-02 2.761512e-02 9.137724e-02 0.000000e+00 6.042623e-02 0.000000e+00 2.266973e-02 0.000000e+00 1.104820e-01 0.000000e+00 0.000000e+00 9.689602e-06 4.123589e-03 2.782096e-03 3.182563e-02 0.000000e+00 6.888392e-03 2.884866e-03 3.470896e-02 8.663851e-03 0.000000e+00 6.353815e-01 -2.375566e-01
6.353815e-01 4.806910e-02 9.945681e-03 1.090845e-01 0.000000e+00 1.633224e-02 0.000000e+00 3.017159e-04 0.000000e+00 8.017631e-02 2.761512e-02 8.902930e-02 3.699471e-03 6.042623e-02 0.000000e+00 3.165149e-02 0.000000e+00 1.104820e-01 1.746999e-02 0.000000e+00 0.000000e+00 4.666565e-03 2.782096e-03 3.182563e-02 0.000000e+00 1.033259e-02 2.884866e-03 5.206344e-02 2.004665e-02 0.000000e+00 6.353815e-01 -2.260109e-01
6.353815e-01 4.806910e-02 9.945681e-03 1.090845e-01 0.000000e+00 1.633224e-02 0.000000e+00 3.017159e-04 0.000000e+00 8.017631e-02 2.761512e-02 8.902930e-02 3.699471e-03 6.042623e-02 0.000000e+00 3.165149e-02 0.000000e+00 1.104820e-01 1.746999e-02 0.000000e+00 0.000000e+00 4.666565e-03 2.782096e-03 3.182563e-02 0.000000e+00 1.033259e-02 2.884866e-03 5.206344e-02 2.004665e-02 0.000000e+00 6.353815e-01 -2.260109e-01
6.353815e-01 4.806910e-02 9.945681e-03 1.090845e-01 0.000000e+00 1.633224e-02 0.000000e+00 3.017159e-04 0.000000e+00 8.017631e-02 2.761512e-02 8.902930e-02 3.699471e-03 6.042623e-02 0.000000e+00 3.165149e-02 0.000000e+00 1.104820e-01 1.746999e-02 0.000000e+00 0.000000e+00 4.666565e-03 2.782096e-03 3.182563e-02 0.000000e+00 1.033259e-02 2.884866e-03 5.206344e-02 2.004665e-02 0.000000e+00 6.353815e-01 -2.260109e-01
6.283286e-01 5.364537e-02 0.000000e+00 6.036849e-02 0.000000e+00 0.000000e+00 0.000000e+00 0.000000e+00 0.000000e+00 0.000000e+00 2.657579e-02 1.064390e-01 2.219682e-03 1.293000e-01 0.000000e+00 3.746728e-02 0.000000e+00 2.947089e-02 1.746999e-02 2.861230e-02 0.000000e+00 2.264725e-02 0.000000e+00 3.359829e-03 0.000000e+00 0.000000e+00 2.356614e-03 5.206344e-02 2.085314e-02 0.000000e+00 6.283286e-01 -1.667717e-01
6.283286e-01 5.364537e-02 0.000000e+00 6.036849e-02 0.000000e+00 0.000000e+00 0.000000e+00 0.000000e+00 0.000000e+00 0.000000e+00 2.657579e-02 1.064390e-01 2.219682e-03 1.293000e-01 0.000000e+00 3.746728e-02 0.000000e+00 2.947089e-02 1.746999e-02 2.861230e-02 0.000000e+00 2.264725e-02 0.000000e+00 3.359829e-03 0.000000e+00 0.000000e+00 2.356614e-03 5.206344e-02 2.085314e-02 0.000000e+00 6.283286e-01 -1.667717e-01
6.283286e-01 5.364537e-02 0.000000e+00 6.036849e-02 0.000000e+00 0.000000e+00 0.000000e+00 0.000000e+00 0.000000e+00 0.000000e+00 2.657579e-02 1.064390e-01 2.219682e-03 1.293000e-01 0.000000e+00 3.746728e-02 0.000000e+00 2.947089e-02 1.746999e-02 2.861230e-02 0.000000e+00 2.264725e-02 0.000000e+00 3.359829e-03 0.000000e+00 0.000000e+00 2.356614e-03 5.206344e-02 2.085314e-02 0.000000e+00 6.283286e-01 -1.667717e-01
6.248021e-01 5.916196e-02 6.736052e-02 3.601050e-02 0.000000e+00 0.000000e+00 7.266630e-06 0.000000e+00 0.000000e+00 0.000000e+00 2.761512e-02 8.668135e-02 3.995428e-02 1.637369e-01 0.000000e+00 6.770942e-03 0.000000e+00 1.104820e-01 0.000000e+00 2.143038e-02 1.937920e-05 4.123589e-03 0.000000e+00 3.182563e-02 0.000000e+00 0.000000e+00 2.884866e-03 0.000000e+00 0.000000e+00 0.000000e+00 6.248021e-01 -1.022314e-01
6.239205e-01 5.551765e-02 9.209767e-02 6.036849e-02 0.000000e+00 0.000000e+00 0.000000e+00 0.000000e+00 0.000000e+00 1.002204e-01 2.592622e-02 8.902930e-02 4.433274e-02 6.994769e-02 0.000000e+00 6.254755e-03 0.000000e+00 0.000000e+00 1.746999e-02 0.000000e+00 0.000000e+00 4.666565e-03 1.391048e-03 3.182563e-02 1.241315e-03 0.000000e+00 3.016929e-03 0.000000e+00 0.000000e+00 0.000000e+00 6.239205e-01 -9.939432e-02
6.239205e-01 5.551765e-02 9.209767e-02 6.036849e-02 0.000000e+00 0.000000e+00 0.000000e+00 0.000000e+00 0.000000e+00 1.002204e-01 2.592622e-02 8.902930e-02 4.433274e-02 6.994769e-02 0.000000e+00 6.254755e-03 0.000000e+00 0.000000e+00 1.746999e-02 0.000000e+00 0.000000e+00 4.666565e-03 1.391048e-03 3.182563e-02 1.241315e-03 0.000000e+00 3.016929e-03 0.000000e+00 0.000000e+00 0.000000e+00 6.239205e-01 -9.939432e-02
4.566760e-01 5.916196e-02 6.864209e-02 5.748876e-02 0.000000e+00 0.000000e+00 0.000000e+00 0.000000e+00 0.000000e+00 1.400468e-03 2.115457e-02 8.668135e-02 2.367661e-02 7.075943e-02 0.000000e+00 0.000000e+00 0.000000e+00 0.000000e+00 0.000000e+00 0.000000e+00 1.937920e-05 0.000000e+00 1.391048e-03 0.000000e+00 1.103391e-03 0.000000e+00 4.103032e-03 0.000000e+00 0.000000e+00 0.000000e+00 4.566760e-01 -3.996097e-02
4.566760e-01 5.916196e-02 6.864209e-02 5.748876e-02 0.000000e+00 0.000000e+00 0.000000e+00 0.000000e+00 0.000000e+00 1.400468e-03 2.115457e-02 8.668135e-02 2.367661e-02 7.075943e-02 0.000000e+00 0.000000e+00 0.000000e+00 0.000000e+00 0.000000e+00 0.000000e+00 1.937920e-05 0.000000e+00 1.391048e-03 0.000000e+00 1.103391e-03 0.000000e+00 4.103032e-03 0.000000e+00 0.000000e+00 0.000000e+00 4.566760e-01 -3.996097e-02
4.566760e-01 5.916196e-02 6.864209e-02 5.748876e-02 0.000000e+00 0.000000e+00 0.000000e+00 0.000000e+00 0.000000e+00 1.400468e-03 2.115457e-02 8.668135e-02 2.367661e-02 7.075943e-02 0.000000e+00 0.000000e+00 0.000000e+00 0.000000e+00 0.000000e+00 0.000000e+00 1.937920e-05 0.000000e+00 1.391048e-03 0.000000e+00 1.103391e-03 0.000000e+00 4.103032e-03 0.000000e+00 0.000000e+00 0.000000e+00 4.566760e-01 -3.996097e-02
4.566760e-01 5.916196e-02 6.864209e-02 5.748876e-02 0.000000e+00 0.000000e+00 0.000000e+00 0.000000e+00 0.000000e+00 1.400468e-03 2.115457e-02 8.668135e-02 2.367661e-02 7.075943e-02 0.000000e+00 0.000000e+00 0.000000e+00 0.000000e+00 0.000000e+00 0.000000e+00 1.937920e-05 0.000000e+00 1.391048e-03 0.000000e+00 1.103391e-03 0.000000e+00 4.103032e-03 0.000000e+00 0.000000e+00 0.000000e+00 4.566760e-01 -3.996097e-02
4.566760e-01 5.916196e-02 6.864209e-02 5.748876e-02 0.000000e+00 0.000000e+00 0.000000e+00 0.000000e+00 0.000000e+00 1.400468e-03 2.115457e-02 8.668135e-02 2.367661e-02 7.075943e-02 0.000000e+00 0.000000e+00 0.000000e+00 0.000000e+00 0.000000e+00 0.000000e+00 1.937920e-05 0.000000e+00 1.391048e-03 0.000000e+00 1.103391e-03 0.000000e+00 4.103032e-03 0.000000e+00 0.000000e+00 0.000000e+00 4.566760e-01 -3.996097e-02
4.566760e-01 5.916196e-02 6.864209e-02 5.748876e-02 0.000000e+00 0.000000e+00 0.000000e+00 0.000000e+00 0.000000e+00 1.400468e-03 2.115457e-02 8.668135e-02 2.367661e-02 7.075943e-02 0.000000e+00 0.000000e+00 0.000000e+00 0.000000e+00 0.000000e+00 0.000000e+00 1.937920e-05 0.000000e+00 1.391048e-03 0.000000e+00 1.103391e-03 0.000000e+00 4.103032e-03 0.000000e+00 0.000000e+00 0.000000e+00 4.566760e-01 -3.996097e-02
4.566760e-01 5.916196e-02 6.864209e-02 5.748876e-02 0.000000e+00 0.000000e+00 0.000000e+00 0.000000e+00 0.000000e+00 1.400468e-03 2.115457e-02 8.668135e-02 2.367661e-02 7.075943e-02 0.000000e+00 0.000000e+00 0.000000e+00 0.000000e+00 0.000000e+00 0.000000e+00 1.937920e-05 0.000000e+00 1.391048e-03 0.000000e+00 1.103391e-03 0.000000e+00 4.103032e-03 0.000000e+00 0.000000e+00 0.000000e+00 4.566760e-01 -3.996097e-02
4.566760e-01 5.916196e-02 6.864209e-02 5.748876e-02 0.000000e+00 0.000000e+00 0.000000e+00 0.000000e+00 0.000000e+00 1.400468e-03 2.115457e-02 8.668135e-02 2.367661e-02 7.075943e-02 0.000000e+00 0.000000e+00 0.000000e+00 0.000000e+00 0.000000e+00 0.000000e+00 1.937920e-05 0.000000e+00 1.391048e-03 0.000000e+00 1.103391e-03 0.000000e+00 4.103032e-03 0.000000e+00 0.000000e+00 0.000000e+00 4.566760e-01 -3.996097e-02
4.484907e-01 5.715043e-02 6.213384e-02 6.678802e-02 0.000000e+00 0.000000e+00 3.650992e-03 0.000000e+00 0.000000e+00 2.042186e-02 2.609352e-02 8.251661e-02 1.812741e-02 8.018039e-02 0.000000e+00 0.000000e+00 0.000000e+00 0.000000e+00 0.000000e+00 0.000000e+00 2.906881e-05 0.000000e+00 2.086572e-03 0.000000e+00 0.000000e+00 0.000000e+00 4.062617e-03 3.332625e-03 0.000000e+00 0.000000e+00 4.484907e-01 -2.824754e-02
4.484907e-01 5.715043e-02 4.342771e-02 6.110822e-03 0.000000e+00 0.000000e+00 9.224913e-03 0.000000e+00 0.000000e+00 2.688529e-03 2.609352e-02 8.251661e-02 9.744399e-02 8.018039e-02 0.000000e+00 0.000000e+00 0.000000e+00 0.000000e+00 0.000000e+00 0.000000e+00 0.000000e+00 6.077416e-02 0.000000e+00 0.000000e+00 4.077639e-03 2.268424e-02 4.062617e-03 8.350127e-03 0.000000e+00 0.000000e+00 4.484907e-01 -1.157220e-02
4.484907e-01 5.715043e-02 4.342771e-02 6.110822e-03 0.000000e+00 0.000000e+00 9.224913e-03 0.000000e+00 0.000000e+00 2.688529e-03 2.609352e-02 8.251661e-02 9.744399e-02 8.018039e-02 0.000000e+00 0.000000e+00 0.000000e+00 0.000000e+00 0.000000e+00 0.000000e+00 0.000000e+00 6.077416e-02 0.000000e+00 0.000000e+00 4.077639e-03 2.268424e-02 4.062617e-03 8.350127e-03 0.000000e+00 0.000000e+00 4.484907e-01 -1.157220e-02
4.396107e-01 4.136589e-02 6.308701e-02 6.612795e-02 2.241931e-03 0.000000e+00 1.652690e-02 0.000000e+00 1.114545e-02 4.098928e-03 8.493098e-02 6.225377e-02 3.551492e-02 6.487732e-02 0.000000e+00 1.208640e-02 0.000000e+00 1.572766e-02 3.351488e-03 2.963674e-02 0.000000e+00 1.407422e-02 0.000000e+00 5.455887e-03 0.000000e+00 0.000000e+00 3.618047e-03 1.308765e-02 2.140497e-03 0.000000e+00 4.396107e-01 3.718874e-02
4.396107e-01 5.815620e-02 4.668183e-02 1.461190e-03 5.106507e-03 0.000000e+00 7.399417e-03 0.000000e+00 3.064998e-02 1.345137e-03 2.362405e-02 8.459898e-02 0.000000e+00 6.457142e-02 0.000000e+00 3.730685e-02 0.000000e+00 3.575834e-02 0.000000e+00 4.432552e-03 0.000000e+00 6.077416e-02 0.000000e+00 5.280526e-02 1.379239e-04 2.268424e-02 3.618047e-03 1.308765e-02 0.000000e+00 0.000000e+00 4.396107e-01 3.780234e-02
4.321202e-01 2.824139e-02 4.342771e-02 6.110822e-03 2.241931e-03 0.000000e+00 9.224913e-03 0.000000e+00 1.114545e-02 2.688529e-03 4.556300e-03 6.225377e-02 5.327238e-02 6.910263e-02 0.000000e+00 3.406896e-02 1.999000e-06 0.000000e+00 0.000000e+00 4.762306e-03 0.000000e+00 6.077416e-02 0.000000e+00 2.825377e-02 4.077639e-03 2.268424e-02 5.355880e-03 8.350127e-03 0.000000e+00 0.000000e+00 4.321202e-01 7.444814e-02
4.396107e-01 5.815620e-02 4.668183e-02 1.461190e-03 5.106507e-03 0.000000e+00 7.399417e-03 0.000000e+00 3.064998e-02 1.345137e-03 2.362405e-02 8.459898e-02 0.000000e+00 6.457142e-02 0.000000e+00 3.730685e-02 0.000000e+00 3.575834e-02 0.000000e+00 4.432552e-03 0.000000e+00 6.077416e-02 0.000000e+00 5.280526e-02 1.379239e-04 2.268424e-02 3.618047e-03 1.308765e-02 0.000000e+00 0.000000e+00 4.396107e-01 3.780234e-02
4.275065e-01 5.637549e-02 5.649030e-02 3.146975e-02 8.282405e-03 0.000000e+00 1.844983e-02 0.000000e+00 3.900907e-02 0.000000e+00 1.931598e-02 9.084609e-02 0.000000e+00 5.864333e-02 2.367416e-04 4.196164e-02 0.000000e+00 4.812541e-02 0.000000e+00 2.216276e-03 0.000000e+00 5.028466e-03 0.000000e+00 5.553320e-02 0.000000e+00 1.134212e-02 2.021669e-03 1.382100e-02 0.000000e+00 0.000000e+00 4.275065e-01 1.400965e-01
4.242823e-01 6.393394e-02 6.304464e-02 6.612795e-02 2.241931e-03 0.000000e+00 1.652690e-02 0.000000e+00 1.671817e-02 0.000000e+00 1.747739e-02 9.501083e-02 3.551492e-02 6.832421e-02 4.734831e-04 2.565274e-02 0.000000e+00 2.473413e-02 0.000000e+00 4.432552e-03 0.000000e+00 1.407422e-02 0.000000e+00 5.455887e-03 0.000000e+00 0.000000e+00 8.698598e-04 1.308765e-02 2.140497e-03 2.579083e-02 4.242823e-01 1.752696e-01
4.242823e-01 6.393394e-02 6.304464e-02 5.748876e-02 0.000000e+00 0.000000e+00 1.652690e-02 0.000000e+00 1.671817e-02 1.400468e-03 2.115457e-02 9.501083e-02 3.551492e-02 6.832421e-02 4.734831e-04 0.000000e+00 0.000000e+00 0.000000e+00 0.000000e+00 0.000000e+00 1.937920e-05 1.034652e-01 0.000000e+00 0.000000e+00 0.000000e+00 0.000000e+00 4.103032e-03 1.308765e-02 2.140497e-03 2.579083e-02 4.242823e-01 1.810404e-01
4.242823e-01 6.393394e-02 6.304464e-02 5.748876e-02 0.000000e+00 0.000000e+00 1.652690e-02 0.000000e+00 1.671817e-02 1.400468e-03 2.115457e-02 9.501083e-02 3.551492e-02 6.832421e-02 4.734831e-04 0.000000e+00 0.000000e+00 0.000000e+00 0.000000e+00 0.000000e+00 1.937920e-05 1.034652e-01 0.000000e+00 0.000000e+00 0.000000e+00 0.000000e+00 4.103032e-03 1.308765e-02 2.140497e-03 2.579083e-02 4.242823e-01 1.810404e-01
4.157497e-01 5.637549e-02 6.342591e-02 1.085153e-01 4.732511e-03 2.314840e-02 1.844983e-02 0.000000e+00 2.229090e-02 2.045371e-03 5.766473e-02 6.187191e-02 0.000000e+00 6.578903e-02 4.734831e-04 3.169594e-02 0.000000e+00 3.259796e-02 0.000000e+00 1.925092e-02 0.000000e+00 5.816360e-03 0.000000e+00 5.007732e-02 0.000000e+00 0.000000e+00 6.273672e-04 6.422403e-03 0.000000e+00 2.579083e-02 4.157497e-01 2.990185e-01
4.157497e-01 5.637549e-02 6.342591e-02 1.085153e-01 8.282405e-03 2.314840e-02 1.844983e-02 3.169517e-03 2.229090e-02 1.160724e-02 9.725944e-02 3.344195e-02 0.000000e+00 4.584590e-02 0.000000e+00 4.196164e-02 0.000000e+00 3.259796e-02 0.000000e+00 2.216276e-03 0.000000e+00 5.028466e-03 0.000000e+00 7.265494e-02 0.000000e+00 0.000000e+00 6.273672e-04 1.382100e-02 0.000000e+00 0.000000e+00 4.157497e-01 2.998203e-01
2.555475e-01 6.706195e-05 1.592611e-02 3.207138e-02 0.000000e+00 1.797009e-02 2.940137e-02 2.704628e-03 1.734389e-02 1.150460e-02 7.454700e-02 0.000000e+00 8.878730e-03 5.365038e-02 3.551123e-04 1.911435e-02 1.399300e-06 6.556166e-03 0.000000e+00 0.000000e+00 2.050029e-04 5.028466e-03 6.922814e-03 4.625231e-02 2.758477e-04 2.571519e-02 1.960699e-04 1.145223e-02 0.000000e+00 1.632076e-02 2.555475e-01 3.370669e-01
2.555475e-01 6.706195e-05 1.592611e-02 3.207138e-02 0.000000e+00 1.797009e-02 2.940137e-02 2.704628e-03 1.734389e-02 1.150460e-02 7.454700e-02 0.000000e+00 8.878730e-03 5.365038e-02 3.551123e-04 1.911435e-02 1.399300e-06 6.556166e-03 0.000000e+00 0.000000e+00 2.050029e-04 5.028466e-03 6.922814e-03 4.625231e-02 2.758477e-04 2.571519e-02 1.960699e-04 1.145223e-02 0.000000e+00 1.632076e-02 2.555475e-01 3.370669e-01
2.555475e-01 6.706195e-05 1.592611e-02 3.207138e-02 0.000000e+00 1.797009e-02 2.940137e-02 2.704628e-03 1.734389e-02 1.150460e-02 7.454700e-02 0.000000e+00 8.878730e-03 5.365038e-02 3.551123e-04 1.911435e-02 1.399300e-06 6.556166e-03 0.000000e+00 0.000000e+00 2.050029e-04 5.028466e-03 6.922814e-03 4.625231e-02 2.758477e-04 2.571519e-02 1.960699e-04 1.145223e-02 0.000000e+00 1.632076e-02 2.555475e-01 3.370669e-01
2.555475e-01 6.706195e-05 1.592611e-02 3.207138e-02 0.000000e+00 1.797009e-02 2.940137e-02 2.704628e-03 1.734389e-02 1.150460e-02 7.454700e-02 0.000000e+00 8.878730e-03 5.365038e-02 3.551123e-04 1.911435e-02 1.399300e-06 6.556166e-03 0.000000e+00 0.000000e+00 2.050029e-04 5.028466e-03 6.922814e-03 4.625231e-02 2.758477e-04 2.571519e-02 1.960699e-04 1.145223e-02 0.000000e+00 1.632076e-02 2.555475e-01 3.370669e-01
2.555475e-01 6.706195e-05 1.592611e-02 3.207138e-02 0.000000e+00 1.797009e-02 2.940137e-02 2.704628e-03 1.734389e-02 1.150460e-02 7.454700e-02 0.000000e+00 8.878730e-03 5.365038e-02 3.551123e-04 1.911435e-02 1.399300e-06 6.556166e-03 0.000000e+00 0.000000e+00 2.050029e-04 5.028466e-03 6.922814e-03 4.625231e-02 2.758477e-04 2.571519e-02 1.960699e-04 1.145223e-02 0.000000e+00 1.632076e-02 2.555475e-01 3.370669e-01
2.555475e-01 6.706195e-05 1.592611e-02 3.207138e-02 0.000000e+00 1.797009e-02 2.940137e-02 2.704628e-03 1.734389e-02 1.150460e-02 7.454700e-02 0.000000e+00 8.878730e-03 5.365038e-02 3.551123e-04 1.911435e-02 1.399300e-06 6.556166e-03 0.000000e+00 0.000000e+00 2.050029e-04 5.028466e-03 6.922814e-03 4.625231e-02 2.758477e-04 2.571519e-02 1.960699e-04 1.145223e-02 0.000000e+00 1.632076e-02 2.555475e-01 3.370669e-01
2.555475e-01 6.706195e-05 1.592611e-02 3.207138e-02 0.000000e+00 1.797009e-02 2.940137e-02 2.704628e-03 1.734389e-02 1.150460e-02 7.454700e-02 0.000000e+00 8.878730e-03 5.365038e-02 3.551123e-04 1.911435e-02 1.399300e-06 6.556166e-03 0.000000e+00 0.000000e+00 2.050029e-04 5.028466e-03 6.922814e-03 4.625231e-02 2.758477e-04 2.571519e-02 1.960699e-04 1.145223e-02 0.000000e+00 1.632076e-02 2.555475e-01 3.370669e-01
2.555475e-01 6.706195e-05 1.592611e-02 3.207138e-02 0.000000e+00 1.797009e-02 2.940137e-02 2.704628e-03 1.734389e-02 1.150460e-02 7.454700e-02 0.000000e+00 8.878730e-03 5.365038e-02 3.551123e-04 1.911435e-02 1.399300e-06 6.556166e-03 0.000000e+00 0.000000e+00 2.050029e-04 5.028466e-03 6.922814e-03 4.625231e-02 2.758477e-04 2.571519e-02 1.960699e-04 1.145223e-02 0.000000e+00 1.632076e-02 2.555475e-01 3.370669e-01
2.555475e-01 6.706195e-05 1.592611e-02 3.207138e-02 0.000000e+00 1.797009e-02 2.940137e-02 2.704628e-03 1.734389e-02 1.150460e-02 7.454700e-02 0.000000e+00 8.878730e-03 5.365038e-02 3.551123e-04 1.911435e-02 1.399300e-06 6.556166e-03 0.000000e+00 0.000000e+00 2.050029e-04 5.028466e-03 6.922814e-03 4.625231e-02 2.758477e-04 2.571519e-02 1.960699e-04 1.145223e-02 0.000000e+00 1.632076e-02 2.555475e-01 3.370669e-01
2.414314e-01 2.004610e-02 3.171295e-02 3.207138e-02 5.729152e-03 1.719082e-02 1.479883e-02 1.119869e-03 1.721874e-02 6.387816e-03 6.300466e-02 1.425107e-02 3.677149e-02 6.746587e-02 7.102247e-04 2.330822e-02 2.798600e-06 1.387444e-02 0.000000e+00 3.483356e-02 4.100057e-04 5.028466e-03 0.000000e+00 0.000000e+00 2.758477e-04 1.387940e-02 2.912877e-04 1.145223e-02 2.251222e-02 2.337294e-02 2.414314e-01 3.889993e-01
2.373772e-01 6.706195e-05 1.592611e-02 3.207138e-02 6.765000e-03 2.416112e-02 2.575074e-02 2.704628e-03 1.734389e-02 1.244729e-02 7.103497e-02 4.849612e-03 8.878730e-03 4.023779e-02 3.551123e-04 0.000000e+00 1.399300e-06 2.634330e-02 0.000000e+00 0.000000e+00 2.050029e-04 6.546269e-03 2.588134e-02 4.625231e-02 2.758477e-04 2.571519e-02 1.960699e-04 9.392940e-03 0.000000e+00 1.460809e-02 2.373772e-01 3.929189e-01
2.373772e-01 6.706195e-05 1.592611e-02 3.207138e-02 6.765000e-03 2.416112e-02 2.575074e-02 2.704628e-03 1.734389e-02 1.244729e-02 7.103497e-02 4.849612e-03 8.878730e-03 4.023779e-02 3.551123e-04 0.000000e+00 1.399300e-06 2.634330e-02 0.000000e+00 0.000000e+00 2.050029e-04 6.546269e-03 2.588134e-02 4.625231e-02 2.758477e-04 2.571519e-02 1.960699e-04 9.392940e-03 0.000000e+00 1.460809e-02 2.373772e-01 3.929189e-01
2.192069e-01 6.706195e-05 1.447251e-02 3.207138e-02 5.889347e-03 2.416112e-02 2.210010e-02 4.056942e-03 1.734389e-02 1.244729e-02 1.110941e-01 0.000000e+00 3.761203e-03 2.682519e-02 3.551123e-04 1.807963e-02 0.000000e+00 2.634330e-02 0.000000e+00 0.000000e+00 0.000000e+00 5.496144e-03 0.000000e+00 4.751815e-02 0.000000e+00 2.571519e-02 1.960699e-04 7.807886e-03 0.000000e+00 1.460809e-02 2.192069e-01 5.082814e-01
2.192069e-01 6.706195e-05 1.447251e-02 3.207138e-02 5.889347e-03 2.416112e-02 2.210010e-02 4.056942e-03 1.734389e-02 1.244729e-02 1.110941e-01 0.000000e+00 3.761203e-03 2.682519e-02 3.551123e-04 1.807963e-02 0.000000e+00 2.634330e-02 0.000000e+00 0.000000e+00 0.000000e+00 5.496144e-03 0.000000e+00 4.751815e-02 0.000000e+00 2.571519e-02 1.960699e-04 7.807886e-03 0.000000e+00 1.460809e-02 2.192069e-01 5.082814e-01
2.146002e-01 1.641742e-02 1.592611e-02 7.224494e-02 2.147121e-02 2.470695e-02 1.082738e-02 3.169517e-03 3.105853e-02 1.227893e-02 0.000000e+00 3.240077e-02 2.468349e-02 0.000000e+00 0.000000e+00 1.704492e-02 9.475259e-05 1.741329e-02 4.151321e-02 5.412734e-02 8.905031e-03 1.109968e-02 6.198847e-02 4.308770e-02 0.000000e+00 2.660010e-02 2.610698e-03 1.145223e-02 0.000000e+00 0.000000e+00 2.146002e-01 5.771575e-01
2.023029e-01 1.068672e-02 1.133891e-02 7.224494e-02 0.000000e+00 3.471716e-02 1.555108e-02 2.028471e-03 0.000000e+00 3.297535e-02 1.060322e-01 0.000000e+00 2.558714e-02 7.624543e-02 3.551123e-04 2.025300e-02 4.702647e-05 2.187829e-02 1.907252e-02 0.000000e+00 4.401265e-03 1.178767e-02 2.987842e-02 2.910797e-02 0.000000e+00 2.603333e-02 1.403384e-03 1.985942e-02 5.801983e-03 1.334877e-02 2.023029e-01 6.794073e-01
1.945915e-01 0.000000e+00 0.000000e+00 7.224494e-02 3.351401e-02 2.210762e-02 2.504964e-02 6.506592e-02 1.460209e-02 3.595249e-02 1.444924e-01 4.953378e-02 5.472870e-03 1.218189e-02 1.775562e-04 7.350017e-03 7.416289e-05 3.053149e-02 9.047047e-03 0.000000e+00 8.802529e-03 5.099958e-03 6.666494e-02 5.387510e-02 0.000000e+00 2.603333e-02 1.169811e-03 1.453734e-02 1.239746e-02 1.541405e-02 1.945915e-01 7.712573e-01
1.828662e-01 2.619534e-02 1.592611e-02 2.887547e-02 1.177869e-02 3.035215e-02 1.479883e-02 1.709569e-02 2.786362e-02 1.338999e-02 6.752294e-02 1.939845e-02 2.468349e-02 0.000000e+00 0.000000e+00 1.704492e-02 7.995999e-06 4.613043e-02 3.007858e-02 0.000000e+00 0.000000e+00 1.109968e-02 8.275691e-02 4.625231e-02 1.384291e-03 2.386330e-02 5.825754e-04 7.333646e-03 0.000000e+00 1.289541e-02 1.828662e-01 8.085533e-01
9.307132e-02 6.944707e-03 2.112690e-02 7.224494e-02 2.103338e-02 2.055960e-02 9.002063e-03 0.000000e+00 3.105853e-02 0.000000e+00 1.452745e-03 0.000000e+00 8.935527e-03 6.239694e-02 1.775562e-04 1.405612e-02 1.136431e-04 1.741329e-02 2.555397e-02 3.512625e-02 8.802529e-03 5.099958e-03 6.666494e-02 5.387510e-02 0.000000e+00 2.660010e-02 3.312389e-03 1.453734e-02 0.000000e+00 1.208945e-02 9.307132e-02 8.173518e-01
9.307132e-02 6.944707e-03 2.112690e-02 7.224494e-02 2.103338e-02 2.055960e-02 9.002063e-03 0.000000e+00 3.105853e-02 0.000000e+00 1.452745e-03 0.000000e+00 8.935527e-03 6.239694e-02 1.775562e-04 1.405612e-02 1.136431e-04 1.741329e-02 2.555397e-02 3.512625e-02 8.802529e-03 5.099958e-03 6.666494e-02 5.387510e-02 0.000000e+00 2.660010e-02 3.312389e-03 1.453734e-02 0.000000e+00 1.208945e-02 9.307132e-02 8.173518e-01
9.307132e-02 6.944707e-03 2.112690e-02 7.224494e-02 2.103338e-02 2.055960e-02 9.002063e-03 0.000000e+00 3.105853e-02 0.000000e+00 1.452745e-03 0.000000e+00 8.935527e-03 6.239694e-02 1.775562e-04 1.405612e-02 1.136431e-04 1.741329e-02 2.555397e-02 3.512625e-02 8.802529e-03 5.099958e-03 6.666494e-02 5.387510e-02 0.000000e+00 2.660010e-02 3.312389e-03 1.453734e-02 0.000000e+00 1.208945e-02 9.307132e-02 8.173518e-01
9.307132e-02 6.944707e-03 2.112690e-02 7.224494e-02 2.103338e-02 2.055960e-02 9.002063e-03 0.000000e+00 3.105853e-02 0.000000e+00 1.452745e-03 0.000000e+00 8.935527e-03 6.239694e-02 1.775562e-04 1.405612e-02 1.136431e-04 1.741329e-02 2.555397e-02 3.512625e-02 8.802529e-03 5.099958e-03 6.666494e-02 5.387510e-02 0.000000e+00 2.660010e-02 3.312389e-03 1.453734e-02 0.000000e+00 1.208945e-02 9.307132e-02 8.173518e-01
9.307132e-02 6.944707e-03 2.112690e-02 7.224494e-02 2.103338e-02 2.055960e-02 9.002063e-03 0.000000e+00 3.105853e-02 0.000000e+00 1.452745e-03 0.000000e+00 8.935527e-03 6.239694e-02 1.775562e-04 1.405612e-02 1.136431e-04 1.741329e-02 2.555397e-02 3.512625e-02 8.802529e-03 5.099958e-03 6.666494e-02 5.387510e-02 0.000000e+00 2.660010e-02 3.312389e-03 1.453734e-02 0.000000e+00 1.208945e-02 9.307132e-02 8.173518e-01
6.850277e-02 2.130638e-02 1.883331e-02 7.224494e-02 2.103338e-02 2.665294e-02 9.002063e-03 0.000000e+00 3.105853e-02 1.007269e-02 1.452745e-03 0.000000e+00 1.911378e-02 6.239694e-02 0.000000e+00 1.405612e-02 9.405294e-05 1.741329e-02 5.584684e-02 5.412734e-02 8.802529e-03 4.093111e-03 5.975685e-02 4.372062e-02 5.537164e-03 2.660010e-02 2.610698e-03 1.874093e-02 0.000000e+00 1.208945e-02 6.850277e-02 8.484453e-01
6.453603e-02 2.642945e-02 4.845334e-04 6.392040e-02 2.299650e-02 5.101084e-02 6.001375e-03 2.944507e-02 3.494467e-02 8.210047e-03 0.000000e+00 0.000000e+00 4.252032e-02 6.048507e-02 0.000000e+00 5.881407e-03 9.375309e-05 2.339548e-02 6.156415e-02 1.301317e-01 7.916970e-03 2.276486e-03 9.583799e-02 0.000000e+00 5.537164e-03 2.660010e-02 0.000000e+00 2.110509e-02 9.496466e-03 1.611927e-02 6.453603e-02 8.934374e-01
4.368203e-02 2.130638e-02 1.883331e-02 9.180311e-02 2.103338e-02 2.413754e-02 1.288442e-02 5.644384e-03 1.881620e-02 1.007269e-02 0.000000e+00 1.494479e-03 2.099499e-02 3.290714e-02 0.000000e+00 1.862317e-02 9.805094e-05 1.741329e-02 5.394847e-02 6.327292e-02 9.845715e-03 4.727747e-03 8.410534e-02 4.372062e-02 8.305745e-03 2.071788e-02 0.000000e+00 6.626248e-03 0.000000e+00 0.000000e+00 4.368203e-02 9.189314e-01
1.530528e-02 1.657002e-02 1.852650e-02 5.056020e-02 2.103501e-02 4.690383e-02 1.190045e-02 8.547845e-03 2.946108e-02 5.522044e-02 6.679657e-02 9.699224e-03 4.594365e-02 3.119847e-02 0.000000e+00 1.555052e-02 6.081957e-05 3.177186e-02 7.965825e-02 1.756313e-02 0.000000e+00 8.099818e-03 1.606223e-02 8.799010e-03 6.921455e-04 2.723637e-02 1.947482e-03 2.826660e-02 0.000000e+00 1.773119e-02 1.530528e-02 1.063653e+00
1.530528e-02 1.657002e-02 1.852650e-02 5.056020e-02 2.103501e-02 4.690383e-02 1.190045e-02 8.547845e-03 2.946108e-02 5.522044e-02 6.679657e-02 9.699224e-03 4.594365e-02 3.119847e-02 0.000000e+00 1.555052e-02 6.081957e-05 3.177186e-02 7.965825e-02 1.756313e-02 0.000000e+00 8.099818e-03 1.606223e-02 8.799010e-03 6.921455e-04 2.723637e-02 1.947482e-03 2.826660e-02 0.000000e+00 1.773119e-02 1.530528e-02 1.063653e+00
0.000000e+00 4.079112e-02 0.000000e+00 7.224494e-02 3.351401e-02 5.710417e-02 5.496135e-03 0.000000e+00 3.823160e-02 1.933259e-02 1.452745e-03 9.699224e-03 5.269857e-02 6.239694e-02 1.775562e-04 7.350017e-03 7.416289e-05 1.245633e-02 2.555397e-02 3.512625e-02 8.802529e-03 5.099958e-03 6.666494e-02 5.387510e-02 1.107433e-02 2.660010e-02 0.000000e+00 1.453734e-02 1.239746e-02 1.480292e-02 0.000000e+00 1.213379e+00
