8.426938e-01	3.214263e-02	2.542429e-01	3.341952e-01	2.458412e-01	2.105031e-01	3.896806e-02	3.682615e-01	2.968977e-02	6.782921e-01	9.525177e-03	2.110214e-01	1.709687e-01	1.451956e-01	1.431095e-01	8.381147e-02	1.293526e-01	1.754213e-01	1.820977e-01	1.413149e-01	0.000000e+00	3.985043e-01	9.030407e-02	1.457437e-01	1.275498e-01	0.000000e+00	6.351050e-02	4.619064e-01	2.608240e-01	1.152217e-02	8.426938e-01	2.965985e-01
8.426938e-01	3.214263e-02	2.542429e-01	3.341952e-01	2.458412e-01	2.105031e-01	3.896806e-02	3.682615e-01	2.968977e-02	6.782921e-01	9.525177e-03	2.110214e-01	1.709687e-01	1.451956e-01	1.431095e-01	8.381147e-02	1.293526e-01	1.754213e-01	1.820977e-01	1.413149e-01	0.000000e+00	3.985043e-01	9.030407e-02	1.457437e-01	1.275498e-01	0.000000e+00	6.351050e-02	4.619064e-01	2.608240e-01	1.152217e-02	8.426938e-01	2.965985e-01
8.426938e-01	3.214263e-02	2.542429e-01	3.341952e-01	2.458412e-01	2.105031e-01	3.896806e-02	3.682615e-01	2.968977e-02	6.782921e-01	9.525177e-03	2.110214e-01	1.709687e-01	1.451956e-01	1.431095e-01	8.381147e-02	1.293526e-01	1.754213e-01	1.820977e-01	1.413149e-01	0.000000e+00	3.985043e-01	9.030407e-02	1.457437e-01	1.275498e-01	0.000000e+00	6.351050e-02	4.619064e-01	2.608240e-01	1.152217e-02	8.426938e-01	2.965985e-01
8.426938e-01	3.214263e-02	2.542429e-01	3.341952e-01	2.458412e-01	2.105031e-01	3.896806e-02	3.682615e-01	2.968977e-02	6.782921e-01	9.525177e-03	2.110214e-01	1.709687e-01	1.451956e-01	1.431095e-01	8.381147e-02	1.293526e-01	1.754213e-01	1.820977e-01	1.413149e-01	0.000000e+00	3.985043e-01	9.030407e-02	1.457437e-01	1.275498e-01	0.000000e+00	6.351050e-02	4.619064e-01	2.608240e-01	1.152217e-02	8.426938e-01	2.965985e-01
8.426938e-01	3.214263e-02	2.542429e-01	3.341952e-01	2.458412e-01	2.105031e-01	3.896806e-02	3.682615e-01	2.968977e-02	6.782921e-01	9.525177e-03	2.110214e-01	1.709687e-01	1.451956e-01	1.431095e-01	8.381147e-02	1.293526e-01	1.754213e-01	1.820977e-01	1.413149e-01	0.000000e+00	3.985043e-01	9.030407e-02	1.457437e-01	1.275498e-01	0.000000e+00	6.351050e-02	4.619064e-01	2.608240e-01	1.152217e-02	8.426938e-01	2.965985e-01
8.426938e-01	3.214263e-02	2.542429e-01	3.341952e-01	2.458412e-01	2.105031e-01	3.896806e-02	3.682615e-01	2.968977e-02	6.782921e-01	9.525177e-03	2.110214e-01	1.709687e-01	1.451956e-01	1.431095e-01	8.381147e-02	1.293526e-01	1.754213e-01	1.820977e-01	1.413149e-01	0.000000e+00	3.985043e-01	9.030407e-02	1.457437e-01	1.275498e-01	0.000000e+00	6.351050e-02	4.619064e-01	2.608240e-01	1.152217e-02	8.426938e-01	2.965985e-01
8.426938e-01	3.214263e-02	2.542429e-01	3.341952e-01	2.458412e-01	2.105031e-01	3.896806e-02	3.682615e-01	2.968977e-02	6.782921e-01	9.525177e-03	2.110214e-01	1.709687e-01	1.451956e-01	1.431095e-01	8.381147e-02	1.293526e-01	1.754213e-01	1.820977e-01	1.413149e-01	0.000000e+00	3.985043e-01	9.030407e-02	1.457437e-01	1.275498e-01	0.000000e+00	6.351050e-02	4.619064e-01	2.608240e-01	1.152217e-02	8.426938e-01	2.965985e-01
8.426938e-01	3.214263e-02	2.542429e-01	3.341952e-01	2.458412e-01	2.105031e-01	3.896806e-02	3.682615e-01	2.968977e-02	6.782921e-01	9.525177e-03	2.110214e-01	1.709687e-01	1.451956e-01	1.431095e-01	8.381147e-02	1.293526e-01	1.754213e-01	1.820977e-01	1.413149e-01	0.000000e+00	3.985043e-01	9.030407e-02	1.457437e-01	1.275498e-01	0.000000e+00	6.351050e-02	4.619064e-01	2.608240e-01	1.152217e-02	8.426938e-01	2.965985e-01
8.426938e-01	3.214263e-02	2.542429e-01	3.341952e-01	2.458412e-01	2.105031e-01	3.896806e-02	3.682615e-01	2.968977e-02	6.782921e-01	9.525177e-03	2.110214e-01	1.709687e-01	1.451956e-01	1.431095e-01	8.381147e-02	1.293526e-01	1.754213e-01	1.820977e-01	1.413149e-01	0.000000e+00	3.985043e-01	9.030407e-02	1.457437e-01	1.275498e-01	0.000000e+00	6.351050e-02	4.619064e-01	2.608240e-01	1.152217e-02	8.426938e-01	2.965985e-01
8.426938e-01	3.214263e-02	2.542429e-01	3.341952e-01	2.458412e-01	2.105031e-01	3.896806e-02	3.682615e-01	2.968977e-02	6.782921e-01	9.525177e-03	2.110214e-01	1.709687e-01	1.451956e-01	1.431095e-01	8.381147e-02	1.293526e-01	1.754213e-01	1.820977e-01	1.413149e-01	0.000000e+00	3.985043e-01	9.030407e-02	1.457437e-01	1.275498e-01	0.000000e+00	6.351050e-02	4.619064e-01	2.608240e-01	1.152217e-02	8.426938e-01	2.965985e-01
8.426938e-01	3.214263e-02	2.542429e-01	3.341952e-01	2.458412e-01	2.105031e-01	3.896806e-02	3.682615e-01	2.968977e-02	6.782921e-01	9.525177e-03	2.110214e-01	1.709687e-01	1.451956e-01	1.431095e-01	8.381147e-02	1.293526e-01	1.754213e-01	1.820977e-01	1.413149e-01	0.000000e+00	3.985043e-01	9.030407e-02	1.457437e-01	1.275498e-01	0.000000e+00	6.351050e-02	4.619064e-01	2.608240e-01	1.152217e-02	8.426938e-01	2.965985e-01
8.390128e-01	3.214263e-02	2.542429e-01	3.341952e-01	2.004831e-01	2.105031e-01	3.896806e-02	3.682615e-01	2.968977e-02	6.782921e-01	9.525177e-03	2.110214e-01	1.227879e-01	1.451956e-01	1.431095e-01	8.381147e-02	1.293526e-01	1.754213e-01	1.820977e-01	1.413149e-01	0.000000e+00	3.985043e-01	9.030407e-02	1.457437e-01	1.275498e-01	0.000000e+00	6.351050e-02	4.619064e-01	2.608240e-01	1.152217e-02	8.390128e-01	3.101448e-01
8.390128e-01	3.214263e-02	2.542429e-01	3.341952e-01	2.004831e-01	2.105031e-01	3.896806e-02	3.682615e-01	2.968977e-02	6.782921e-01	9.525177e-03	2.110214e-01	1.227879e-01	1.451956e-01	1.431095e-01	8.381147e-02	1.293526e-01	1.754213e-01	1.820977e-01	1.413149e-01	0.000000e+00	3.985043e-01	9.030407e-02	1.457437e-01	1.275498e-01	0.000000e+00	6.351050e-02	4.619064e-01	2.608240e-01	1.152217e-02	8.390128e-01	3.101448e-01
8.390128e-01	3.214263e-02	2.542429e-01	3.341952e-01	2.004831e-01	2.105031e-01	3.896806e-02	3.682615e-01	2.968977e-02	6.782921e-01	9.525177e-03	2.110214e-01	1.227879e-01	1.451956e-01	1.431095e-01	8.381147e-02	1.293526e-01	1.754213e-01	1.820977e-01	1.413149e-01	0.000000e+00	3.985043e-01	9.030407e-02	1.457437e-01	1.275498e-01	0.000000e+00	6.351050e-02	4.619064e-01	2.608240e-01	1.152217e-02	8.390128e-01	3.101448e-01
8.390128e-01	3.214263e-02	2.542429e-01	3.341952e-01	2.004831e-01	2.105031e-01	3.896806e-02	3.682615e-01	2.968977e-02	6.782921e-01	9.525177e-03	2.110214e-01	1.227879e-01	1.451956e-01	1.431095e-01	8.381147e-02	1.293526e-01	1.754213e-01	1.820977e-01	1.413149e-01	0.000000e+00	3.985043e-01	9.030407e-02	1.457437e-01	1.275498e-01	0.000000e+00	6.351050e-02	4.619064e-01	2.608240e-01	1.152217e-02	8.390128e-01	3.101448e-01
8.380398e-01	0.000000e+00	1.921910e-01	2.680961e-01	5.747171e-01	2.105031e-01	5.614000e-02	2.854799e-01	1.540181e-02	6.734192e-01	4.762589e-03	2.749328e-01	2.534050e-01	1.455973e-01	1.431095e-01	6.369674e-02	9.429460e-02	0.000000e+00	1.820977e-01	1.824929e-01	1.053976e-02	3.985043e-01	6.701903e-02	5.887254e-02	9.454036e-02	1.577804e-01	2.213146e-01	2.367824e-01	2.163476e-01	1.152217e-02	8.380398e-01	3.305466e-01
8.380398e-01	0.000000e+00	1.921910e-01	2.680961e-01	5.747171e-01	2.105031e-01	5.614000e-02	2.854799e-01	1.540181e-02	6.734192e-01	4.762589e-03	2.749328e-01	2.534050e-01	1.455973e-01	1.431095e-01	6.369674e-02	9.429460e-02	0.000000e+00	1.820977e-01	1.824929e-01	1.053976e-02	3.985043e-01	6.701903e-02	5.887254e-02	9.454036e-02	1.577804e-01	2.213146e-01	2.367824e-01	2.163476e-01	1.152217e-02	8.380398e-01	3.305466e-01
8.380398e-01	0.000000e+00	1.921910e-01	2.680961e-01	5.747171e-01	2.105031e-01	5.614000e-02	2.854799e-01	1.540181e-02	6.734192e-01	4.762589e-03	2.749328e-01	2.534050e-01	1.455973e-01	1.431095e-01	6.369674e-02	9.429460e-02	0.000000e+00	1.820977e-01	1.824929e-01	1.053976e-02	3.985043e-01	6.701903e-02	5.887254e-02	9.454036e-02	1.577804e-01	2.213146e-01	2.367824e-01	2.163476e-01	1.152217e-02	8.380398e-01	3.305466e-01
8.375532e-01	0.000000e+00	1.921910e-01	1.689474e-01	5.747171e-01	2.105031e-01	6.472597e-02	1.105175e-01	4.110320e-02	6.734192e-01	2.381294e-03	2.694248e-01	3.840222e-01	1.458987e-01	1.907120e-01	6.369674e-02	9.429460e-02	0.000000e+00	1.820977e-01	2.492010e-01	1.580963e-02	3.985043e-01	6.076348e-02	7.945457e-02	9.454036e-02	1.577804e-01	2.213146e-01	2.367824e-01	1.829903e-01	1.152217e-02	8.375532e-01	3.326098e-01
8.375532e-01	0.000000e+00	1.921910e-01	1.689474e-01	5.747171e-01	2.105031e-01	6.472597e-02	1.105175e-01	4.110320e-02	6.734192e-01	2.381294e-03	2.694248e-01	3.840222e-01	1.458987e-01	1.907120e-01	6.369674e-02	9.429460e-02	0.000000e+00	1.820977e-01	2.492010e-01	1.580963e-02	3.985043e-01	6.076348e-02	7.945457e-02	9.454036e-02	1.577804e-01	2.213146e-01	2.367824e-01	1.829903e-01	1.152217e-02	8.375532e-01	3.326098e-01
8.370667e-01	0.000000e+00	1.921910e-01	1.689474e-01	5.747171e-01	2.105031e-01	7.331194e-02	1.105175e-01	6.680459e-02	6.734192e-01	0.000000e+00	2.639169e-01	3.840222e-01	1.462000e-01	1.907120e-01	6.369674e-02	9.429460e-02	0.000000e+00	1.820977e-01	3.159090e-01	2.107951e-02	3.985043e-01	6.076348e-02	1.000366e-01	9.454036e-02	1.577804e-01	2.213146e-01	2.367824e-01	1.496330e-01	1.152217e-02	8.370667e-01	3.575327e-01
8.370667e-01	0.000000e+00	1.921910e-01	1.689474e-01	5.747171e-01	2.105031e-01	7.331194e-02	1.105175e-01	6.680459e-02	6.734192e-01	0.000000e+00	2.639169e-01	3.840222e-01	1.462000e-01	1.907120e-01	6.369674e-02	9.429460e-02	0.000000e+00	1.820977e-01	3.159090e-01	2.107951e-02	3.985043e-01	6.076348e-02	1.000366e-01	9.454036e-02	1.577804e-01	2.213146e-01	2.367824e-01	1.496330e-01	1.152217e-02	8.370667e-01	3.575327e-01
8.370667e-01	0.000000e+00	1.921910e-01	1.689474e-01	5.747171e-01	2.105031e-01	1.099679e-01	1.105175e-01	3.395922e-02	6.464982e-01	0.000000e+00	2.639169e-01	3.467104e-01	1.365505e-01	1.907120e-01	6.369674e-02	9.429460e-02	8.196180e-03	1.820977e-01	3.159090e-01	1.580963e-02	3.985043e-01	6.076348e-02	1.000366e-01	9.454036e-02	1.577804e-01	2.213146e-01	2.367824e-01	1.496330e-01	1.152217e-02	8.370667e-01	3.426155e-01
8.370667e-01	0.000000e+00	1.921910e-01	1.689474e-01	5.747171e-01	2.105031e-01	1.099679e-01	1.105175e-01	3.395922e-02	6.464982e-01	0.000000e+00	2.639169e-01	3.467104e-01	1.365505e-01	1.907120e-01	6.369674e-02	9.429460e-02	8.196180e-03	1.820977e-01	3.159090e-01	1.580963e-02	3.985043e-01	6.076348e-02	1.000366e-01	9.454036e-02	1.577804e-01	2.213146e-01	2.367824e-01	1.496330e-01	1.152217e-02	8.370667e-01	3.426155e-01
8.370667e-01	0.000000e+00	1.921910e-01	1.689474e-01	5.747171e-01	2.105031e-01	1.099679e-01	1.105175e-01	3.395922e-02	6.464982e-01	0.000000e+00	2.639169e-01	3.467104e-01	1.365505e-01	1.907120e-01	6.369674e-02	9.429460e-02	8.196180e-03	1.820977e-01	3.159090e-01	1.580963e-02	3.985043e-01	6.076348e-02	1.000366e-01	9.454036e-02	1.577804e-01	2.213146e-01	2.367824e-01	1.496330e-01	1.152217e-02	8.370667e-01	3.426155e-01
8.370667e-01	0.000000e+00	1.921910e-01	1.689474e-01	5.747171e-01	2.105031e-01	1.099679e-01	1.105175e-01	3.395922e-02	6.464982e-01	0.000000e+00	2.639169e-01	3.467104e-01	1.365505e-01	1.907120e-01	6.369674e-02	9.429460e-02	8.196180e-03	1.820977e-01	3.159090e-01	1.580963e-02	3.985043e-01	6.076348e-02	1.000366e-01	9.454036e-02	1.577804e-01	2.213146e-01	2.367824e-01	1.496330e-01	1.152217e-02	8.370667e-01	3.426155e-01
8.313392e-01	0.000000e+00	5.862769e-02	1.689474e-01	6.212163e-01	0.000000e+00	1.448881e-01	4.513614e-02	3.395922e-02	6.300085e-01	0.000000e+00	2.185404e-01	3.467104e-01	1.420445e-01	1.529818e-01	0.000000e+00	8.690448e-02	8.196180e-03	6.780878e-01	1.280199e-01	7.904817e-03	1.853588e-01	6.076348e-02	0.000000e+00	9.454036e-02	1.016452e-01	2.098409e-01	2.367824e-01	2.623667e-01	1.152217e-02	8.313392e-01	3.221320e-01
8.256117e-01	2.657719e-02	1.301392e-01	2.993950e-02	6.045191e-01	0.000000e+00	1.466239e-01	3.423926e-02	1.113846e-03	6.195772e-01	0.000000e+00	2.412286e-01	3.093986e-01	1.429602e-01	1.888563e-01	7.883200e-03	9.599586e-02	1.639236e-02	4.959235e-01	9.670505e-02	6.587348e-03	1.498345e-01	6.076348e-02	2.356669e-02	1.411796e-01	1.380578e-01	2.174831e-01	0.000000e+00	2.325364e-01	1.728325e-02	8.256117e-01	3.241467e-01
8.256117e-01	2.657719e-02	1.301392e-01	2.993950e-02	6.045191e-01	0.000000e+00	1.466239e-01	3.423926e-02	1.113846e-03	6.195772e-01	0.000000e+00	2.412286e-01	3.093986e-01	1.429602e-01	1.888563e-01	7.883200e-03	9.599586e-02	1.639236e-02	4.959235e-01	9.670505e-02	6.587348e-03	1.498345e-01	6.076348e-02	2.356669e-02	1.411796e-01	1.380578e-01	2.174831e-01	0.000000e+00	2.325364e-01	1.728325e-02	8.256117e-01	3.241467e-01
8.382091e-01	2.657719e-02	1.301392e-01	2.543304e-02	6.546108e-01	1.521800e-02	1.466239e-01	3.423926e-02	1.113846e-03	6.195772e-01	0.000000e+00	2.412286e-01	3.093986e-01	1.402132e-01	1.888563e-01	1.828181e-02	9.599586e-02	1.639236e-02	4.959235e-01	9.670505e-02	1.053976e-02	1.498345e-01	6.076348e-02	2.356669e-02	1.411796e-01	1.380578e-01	1.945564e-01	7.541122e-02	2.325364e-01	1.728325e-02	8.382091e-01	1.543303e-01
8.382091e-01	2.657719e-02	1.301392e-01	2.543304e-02	6.546108e-01	1.521800e-02	1.466239e-01	3.423926e-02	1.113846e-03	6.195772e-01	0.000000e+00	2.412286e-01	3.093986e-01	1.402132e-01	1.888563e-01	1.828181e-02	9.599586e-02	1.639236e-02	4.959235e-01	9.670505e-02	1.053976e-02	1.498345e-01	6.076348e-02	2.356669e-02	1.411796e-01	1.380578e-01	1.945564e-01	7.541122e-02	2.325364e-01	1.728325e-02	8.382091e-01	1.543303e-01
8.382091e-01	2.657719e-02	1.301392e-01	2.543304e-02	6.546108e-01	1.521800e-02	1.466239e-01	3.423926e-02	1.113846e-03	6.195772e-01	0.000000e+00	2.412286e-01	3.093986e-01	1.402132e-01	1.888563e-01	1.828181e-02	9.599586e-02	1.639236e-02	4.959235e-01	9.670505e-02	1.053976e-02	1.498345e-01	6.076348e-02	2.356669e-02	1.411796e-01	1.380578e-01	1.945564e-01	7.541122e-02	2.325364e-01	1.728325e-02	8.382091e-01	1.543303e-01
8.382091e-01	2.657719e-02	1.301392e-01	2.543304e-02	6.546108e-01	1.521800e-02	1.466239e-01	3.423926e-02	1.113846e-03	6.195772e-01	0.000000e+00	2.412286e-01	3.093986e-01	1.402132e-01	1.888563e-01	1.828181e-02	9.599586e-02	1.639236e-02	4.959235e-01	9.670505e-02	1.053976e-02	1.498345e-01	6.076348e-02	2.356669e-02	1.411796e-01	1.380578e-01	1.945564e-01	7.541122e-02	2.325364e-01	1.728325e-02	8.382091e-01	1.543303e-01
8.382091e-01	2.657719e-02	1.301392e-01	2.543304e-02	6.546108e-01	1.521800e-02	1.466239e-01	3.423926e-02	1.113846e-03	6.195772e-01	0.000000e+00	2.412286e-01	3.093986e-01	1.402132e-01	1.888563e-01	1.828181e-02	9.599586e-02	1.639236e-02	4.959235e-01	9.670505e-02	1.053976e-02	1.498345e-01	6.076348e-02	2.356669e-02	1.411796e-01	1.380578e-01	1.945564e-01	7.541122e-02	2.325364e-01	1.728325e-02	8.382091e-01	1.543303e-01
8.256117e-01	2.657719e-02	7.414065e-02	1.682807e-02	6.155772e-01	0.000000e+00	9.626014e-02	5.817653e-02	3.499200e-02	6.195772e-01	0.000000e+00	1.218353e-01	3.153059e-01	1.429602e-01	1.534457e-01	2.348112e-02	5.508466e-02	1.946593e-02	4.875064e-01	8.434864e-02	6.093297e-03	3.096937e-01	3.912896e-02	1.472918e-02	1.411796e-01	1.380578e-01	3.290103e-01	0.000000e+00	0.000000e+00	0.000000e+00	8.256117e-01	2.696121e-01
8.256117e-01	2.657719e-02	7.414065e-02	1.682807e-02	6.155772e-01	0.000000e+00	9.626014e-02	5.817653e-02	3.499200e-02	6.195772e-01	0.000000e+00	1.218353e-01	3.153059e-01	1.429602e-01	1.534457e-01	2.348112e-02	5.508466e-02	1.946593e-02	4.875064e-01	8.434864e-02	6.093297e-03	3.096937e-01	3.912896e-02	1.472918e-02	1.411796e-01	1.380578e-01	3.290103e-01	0.000000e+00	0.000000e+00	0.000000e+00	8.256117e-01	2.696121e-01
8.256117e-01	2.657719e-02	7.414065e-02	1.682807e-02	6.155772e-01	0.000000e+00	9.626014e-02	5.817653e-02	3.499200e-02	6.195772e-01	0.000000e+00	1.218353e-01	3.153059e-01	1.429602e-01	1.534457e-01	2.348112e-02	5.508466e-02	1.946593e-02	4.875064e-01	8.434864e-02	6.093297e-03	3.096937e-01	3.912896e-02	1.472918e-02	1.411796e-01	1.380578e-01	3.290103e-01	0.000000e+00	0.000000e+00	0.000000e+00	8.256117e-01	2.696121e-01
8.256117e-01	2.657719e-02	7.414065e-02	1.682807e-02	6.155772e-01	0.000000e+00	9.626014e-02	5.817653e-02	3.499200e-02	6.195772e-01	0.000000e+00	1.218353e-01	3.153059e-01	1.429602e-01	1.534457e-01	2.348112e-02	5.508466e-02	1.946593e-02	4.875064e-01	8.434864e-02	6.093297e-03	3.096937e-01	3.912896e-02	1.472918e-02	1.411796e-01	1.380578e-01	3.290103e-01	0.000000e+00	0.000000e+00	0.000000e+00	8.256117e-01	2.696121e-01
8.256117e-01	2.657719e-02	7.414065e-02	1.682807e-02	6.155772e-01	0.000000e+00	9.626014e-02	5.817653e-02	3.499200e-02	6.195772e-01	0.000000e+00	1.218353e-01	3.153059e-01	1.429602e-01	1.534457e-01	2.348112e-02	5.508466e-02	1.946593e-02	4.875064e-01	8.434864e-02	6.093297e-03	3.096937e-01	3.912896e-02	1.472918e-02	1.411796e-01	1.380578e-01	3.290103e-01	0.000000e+00	0.000000e+00	0.000000e+00	8.256117e-01	2.696121e-01
8.256117e-01	2.657719e-02	7.414065e-02	1.682807e-02	6.155772e-01	0.000000e+00	9.626014e-02	5.817653e-02	3.499200e-02	6.195772e-01	0.000000e+00	1.218353e-01	3.153059e-01	1.429602e-01	1.534457e-01	2.348112e-02	5.508466e-02	1.946593e-02	4.875064e-01	8.434864e-02	6.093297e-03	3.096937e-01	3.912896e-02	1.472918e-02	1.411796e-01	1.380578e-01	3.290103e-01	0.000000e+00	0.000000e+00	0.000000e+00	8.256117e-01	2.696121e-01
8.256117e-01	2.657719e-02	7.414065e-02	1.682807e-02	6.155772e-01	0.000000e+00	9.626014e-02	6.100408e-02	3.499200e-02	6.195772e-01	2.253189e-02	1.218353e-01	3.133368e-01	1.402132e-01	1.652493e-01	2.348112e-02	6.872173e-02	1.946593e-02	4.506399e-01	8.434864e-02	1.053976e-02	2.564073e-01	3.912896e-02	1.472918e-02	2.419921e-02	1.380578e-01	3.290103e-01	0.000000e+00	0.000000e+00	0.000000e+00	8.256117e-01	2.359206e-01
8.256117e-01	2.657719e-02	7.414065e-02	1.682807e-02	6.155772e-01	0.000000e+00	9.626014e-02	6.100408e-02	3.499200e-02	6.195772e-01	2.253189e-02	1.218353e-01	3.133368e-01	1.402132e-01	1.652493e-01	2.348112e-02	6.872173e-02	1.946593e-02	4.506399e-01	8.434864e-02	1.053976e-02	2.564073e-01	3.912896e-02	1.472918e-02	2.419921e-02	1.380578e-01	3.290103e-01	0.000000e+00	0.000000e+00	0.000000e+00	8.256117e-01	2.359206e-01
8.256117e-01	2.657719e-02	7.414065e-02	1.682807e-02	6.155772e-01	0.000000e+00	9.626014e-02	6.100408e-02	3.499200e-02	6.195772e-01	2.253189e-02	1.218353e-01	3.133368e-01	1.402132e-01	1.652493e-01	2.348112e-02	6.872173e-02	1.946593e-02	4.506399e-01	8.434864e-02	1.053976e-02	2.564073e-01	3.912896e-02	1.472918e-02	2.419921e-02	1.380578e-01	3.290103e-01	0.000000e+00	0.000000e+00	0.000000e+00	8.256117e-01	2.359206e-01
6.454565e-01	2.657719e-02	7.414065e-02	0.000000e+00	6.155772e-01	0.000000e+00	1.130481e-01	5.019744e-02	1.949230e-03	6.355051e-01	2.253189e-02	1.616331e-01	3.133368e-01	1.373873e-01	1.652493e-01	1.828181e-02	6.872173e-02	1.844140e-02	4.875064e-01	1.955564e-01	1.053976e-02	2.564073e-01	3.912896e-02	1.767502e-02	2.419921e-02	1.380578e-01	3.290103e-01	0.000000e+00	0.000000e+00	0.000000e+00	6.454565e-01	3.816953e-01
6.454565e-01	4.364789e-03	0.000000e+00	0.000000e+00	6.155772e-01	0.000000e+00	1.130481e-01	5.019744e-02	1.949230e-03	6.355051e-01	2.253189e-02	1.505214e-01	3.133368e-01	1.373873e-01	1.239369e-01	1.828181e-02	6.872173e-02	1.844140e-02	4.544081e-01	1.941440e-01	1.053976e-02	2.547813e-01	3.912896e-02	1.325626e-02	2.419921e-02	1.380578e-01	3.683568e-01	0.000000e+00	0.000000e+00	0.000000e+00	6.454565e-01	3.477731e-01
6.454565e-01	4.364789e-03	0.000000e+00	0.000000e+00	6.155772e-01	0.000000e+00	1.130481e-01	5.019744e-02	1.949230e-03	6.355051e-01	2.253189e-02	1.505214e-01	3.133368e-01	1.373873e-01	1.239369e-01	1.828181e-02	6.872173e-02	1.844140e-02	4.544081e-01	1.941440e-01	1.053976e-02	2.547813e-01	3.912896e-02	1.325626e-02	2.419921e-02	1.380578e-01	3.683568e-01	0.000000e+00	0.000000e+00	0.000000e+00	6.454565e-01	3.477731e-01
6.454565e-01	4.364789e-03	0.000000e+00	0.000000e+00	6.155772e-01	0.000000e+00	1.130481e-01	5.019744e-02	1.949230e-03	6.355051e-01	2.253189e-02	1.505214e-01	3.133368e-01	1.373873e-01	1.239369e-01	1.828181e-02	6.872173e-02	1.844140e-02	4.544081e-01	1.941440e-01	1.053976e-02	2.547813e-01	3.912896e-02	1.325626e-02	2.419921e-02	1.380578e-01	3.683568e-01	0.000000e+00	0.000000e+00	0.000000e+00	6.454565e-01	3.477731e-01
6.454565e-01	4.364789e-03	0.000000e+00	0.000000e+00	6.155772e-01	0.000000e+00	1.130481e-01	5.019744e-02	1.949230e-03	6.355051e-01	2.253189e-02	1.505214e-01	3.133368e-01	1.373873e-01	1.239369e-01	1.828181e-02	6.872173e-02	1.844140e-02	4.544081e-01	1.941440e-01	1.053976e-02	2.547813e-01	3.912896e-02	1.325626e-02	2.419921e-02	1.380578e-01	3.683568e-01	0.000000e+00	0.000000e+00	0.000000e+00	6.454565e-01	3.477731e-01
6.454565e-01	8.129240e-03	0.000000e+00	0.000000e+00	6.318699e-01	0.000000e+00	1.130481e-01	5.019744e-02	2.923845e-03	6.355051e-01	9.842789e-02	1.338539e-01	3.133368e-01	1.373873e-01	1.239369e-01	0.000000e+00	0.000000e+00	1.844140e-02	4.047606e-01	1.941440e-01	1.053976e-02	2.523422e-01	5.446463e-02	6.628132e-03	2.419921e-02	1.899161e-01	4.107772e-01	0.000000e+00	0.000000e+00	0.000000e+00	6.454565e-01	3.577460e-01
6.454565e-01	8.129240e-03	0.000000e+00	0.000000e+00	6.318699e-01	0.000000e+00	1.130481e-01	5.019744e-02	2.923845e-03	6.355051e-01	9.842789e-02	1.338539e-01	3.133368e-01	1.373873e-01	1.239369e-01	0.000000e+00	0.000000e+00	2.982070e-02	4.047606e-01	1.941440e-01	1.053976e-02	2.523422e-01	5.446463e-02	6.628132e-03	2.419921e-02	1.899161e-01	4.107772e-01	0.000000e+00	0.000000e+00	0.000000e+00	6.454565e-01	3.603180e-01
6.454565e-01	8.129240e-03	0.000000e+00	0.000000e+00	6.318699e-01	0.000000e+00	1.130481e-01	5.019744e-02	2.923845e-03	6.355051e-01	9.842789e-02	1.338539e-01	3.133368e-01	1.373873e-01	1.239369e-01	0.000000e+00	0.000000e+00	2.982070e-02	4.047606e-01	1.941440e-01	1.053976e-02	2.523422e-01	5.446463e-02	6.628132e-03	2.419921e-02	1.899161e-01	4.107772e-01	0.000000e+00	0.000000e+00	0.000000e+00	6.454565e-01	3.603180e-01
6.454565e-01	8.129240e-03	0.000000e+00	0.000000e+00	6.318699e-01	0.000000e+00	1.130481e-01	5.019744e-02	2.923845e-03	6.887837e-01	9.842789e-02	1.338539e-01	3.133368e-01	1.373873e-01	1.239369e-01	0.000000e+00	0.000000e+00	2.982070e-02	4.047606e-01	1.941440e-01	1.409369e-02	2.523422e-01	5.446463e-02	6.628132e-03	2.419921e-02	1.899161e-01	4.107772e-01	0.000000e+00	0.000000e+00	0.000000e+00	6.454565e-01	3.731748e-01
6.454565e-01	8.129240e-03	0.000000e+00	0.000000e+00	6.318699e-01	0.000000e+00	1.130481e-01	5.019744e-02	2.923845e-03	6.887837e-01	9.842789e-02	1.338539e-01	3.133368e-01	1.373873e-01	1.239369e-01	0.000000e+00	0.000000e+00	2.982070e-02	4.047606e-01	1.941440e-01	1.409369e-02	2.523422e-01	5.446463e-02	6.628132e-03	2.419921e-02	1.899161e-01	4.107772e-01	0.000000e+00	0.000000e+00	0.000000e+00	6.454565e-01	3.731748e-01
6.454565e-01	8.129240e-03	0.000000e+00	0.000000e+00	6.318699e-01	0.000000e+00	1.130481e-01	5.019744e-02	2.923845e-03	6.887837e-01	9.842789e-02	1.338539e-01	2.916195e-01	1.373873e-01	1.239369e-01	0.000000e+00	7.348123e-02	2.982070e-02	4.047606e-01	1.941440e-01	1.409369e-02	2.523422e-01	5.446463e-02	6.628132e-03	2.419921e-02	1.899161e-01	4.107772e-01	0.000000e+00	0.000000e+00	0.000000e+00	6.454565e-01	3.849017e-01
6.454565e-01	8.129240e-03	0.000000e+00	0.000000e+00	6.318699e-01	0.000000e+00	1.130481e-01	5.019744e-02	2.923845e-03	6.887837e-01	9.842789e-02	1.338539e-01	2.916195e-01	1.373873e-01	1.239369e-01	0.000000e+00	7.348123e-02	2.982070e-02	4.047606e-01	1.941440e-01	1.409369e-02	2.523422e-01	5.446463e-02	6.628132e-03	2.419921e-02	1.899161e-01	4.107772e-01	0.000000e+00	0.000000e+00	0.000000e+00	6.454565e-01	3.849017e-01
6.454565e-01	8.129240e-03	0.000000e+00	0.000000e+00	6.318699e-01	0.000000e+00	1.130481e-01	5.019744e-02	2.923845e-03	6.887837e-01	9.842789e-02	1.338539e-01	2.916195e-01	1.373873e-01	1.239369e-01	0.000000e+00	7.348123e-02	2.982070e-02	4.047606e-01	1.941440e-01	1.409369e-02	2.523422e-01	5.446463e-02	6.628132e-03	2.419921e-02	1.899161e-01	4.107772e-01	0.000000e+00	0.000000e+00	0.000000e+00	6.454565e-01	3.849017e-01
6.454565e-01	8.129240e-03	0.000000e+00	0.000000e+00	6.770337e-01	0.000000e+00	1.130481e-01	5.019744e-02	2.923845e-03	6.887837e-01	9.842789e-02	1.338539e-01	2.916195e-01	1.373873e-01	1.239369e-01	0.000000e+00	7.348123e-02	2.982070e-02	4.047606e-01	1.941440e-01	1.409369e-02	2.523422e-01	5.446463e-02	6.628132e-03	2.419921e-02	1.899161e-01	4.107772e-01	0.000000e+00	0.000000e+00	0.000000e+00	6.454565e-01	3.951461e-01
6.454565e-01	8.129240e-03	0.000000e+00	0.000000e+00	6.770337e-01	0.000000e+00	1.130481e-01	5.019744e-02	2.923845e-03	6.887837e-01	9.842789e-02	1.338539e-01	2.916195e-01	1.373873e-01	1.239369e-01	0.000000e+00	7.348123e-02	2.982070e-02	4.047606e-01	1.941440e-01	1.409369e-02	2.523422e-01	5.446463e-02	6.628132e-03	2.419921e-02	1.899161e-01	4.107772e-01	0.000000e+00	0.000000e+00	0.000000e+00	6.454565e-01	3.951461e-01
6.454565e-01	8.129240e-03	0.000000e+00	0.000000e+00	6.770337e-01	0.000000e+00	1.130481e-01	5.019744e-02	2.923845e-03	6.887837e-01	9.842789e-02	1.338539e-01	2.916195e-01	1.373873e-01	1.239369e-01	0.000000e+00	7.348123e-02	2.982070e-02	4.047606e-01	1.941440e-01	1.409369e-02	2.523422e-01	5.446463e-02	6.628132e-03	2.419921e-02	1.899161e-01	4.107772e-01	0.000000e+00	0.000000e+00	0.000000e+00	6.454565e-01	3.951461e-01
6.454565e-01	8.129240e-03	0.000000e+00	0.000000e+00	6.770337e-01	0.000000e+00	1.130481e-01	5.019744e-02	2.923845e-03	6.887837e-01	9.842789e-02	1.338539e-01	2.916195e-01	1.373873e-01	1.239369e-01	0.000000e+00	7.348123e-02	2.982070e-02	4.047606e-01	1.941440e-01	1.409369e-02	2.523422e-01	5.446463e-02	6.628132e-03	2.419921e-02	1.899161e-01	4.107772e-01	0.000000e+00	0.000000e+00	0.000000e+00	6.454565e-01	3.951461e-01
6.454565e-01	8.129240e-03	0.000000e+00	0.000000e+00	6.770337e-01	0.000000e+00	1.130481e-01	5.019744e-02	2.923845e-03	6.887837e-01	9.842789e-02	1.338539e-01	2.916195e-01	1.373873e-01	1.239369e-01	0.000000e+00	7.348123e-02	2.982070e-02	4.047606e-01	1.941440e-01	1.409369e-02	2.523422e-01	5.446463e-02	6.628132e-03	2.419921e-02	1.899161e-01	4.107772e-01	0.000000e+00	0.000000e+00	0.000000e+00	6.454565e-01	3.951461e-01
6.454565e-01	8.129240e-03	0.000000e+00	0.000000e+00	6.770337e-01	0.000000e+00	1.130481e-01	5.019744e-02	2.923845e-03	6.887837e-01	9.842789e-02	1.338539e-01	2.916195e-01	1.373873e-01	1.239369e-01	0.000000e+00	7.348123e-02	2.982070e-02	4.047606e-01	1.941440e-01	1.409369e-02	2.523422e-01	5.446463e-02	6.628132e-03	2.419921e-02	1.899161e-01	4.107772e-01	0.000000e+00	0.000000e+00	0.000000e+00	6.454565e-01	3.951461e-01
6.454565e-01	5.054417e-02	1.233916e-01	0.000000e+00	6.770337e-01	0.000000e+00	1.230119e-01	0.000000e+00	1.069063e-02	6.034812e-01	6.047989e-02	1.588551e-01	2.526109e-01	1.460794e-01	1.239369e-01	4.317801e-02	1.001261e-01	1.491035e-02	4.047606e-01	1.941440e-01	1.409369e-02	2.560008e-01	7.924858e-02	3.314066e-02	2.419921e-02	1.899161e-01	4.107772e-01	6.102470e-02	0.000000e+00	0.000000e+00	6.454565e-01	4.351033e-01
6.454565e-01	5.054417e-02	1.233916e-01	0.000000e+00	6.770337e-01	0.000000e+00	1.230119e-01	0.000000e+00	1.069063e-02	6.034812e-01	6.047989e-02	1.588551e-01	2.526109e-01	1.460794e-01	1.239369e-01	4.317801e-02	1.001261e-01	1.491035e-02	4.047606e-01	1.941440e-01	1.409369e-02	2.560008e-01	7.924858e-02	3.314066e-02	2.419921e-02	1.899161e-01	4.107772e-01	6.102470e-02	0.000000e+00	0.000000e+00	6.454565e-01	4.351033e-01
6.454565e-01	5.054417e-02	1.233916e-01	0.000000e+00	6.770337e-01	0.000000e+00	1.230119e-01	0.000000e+00	1.069063e-02	6.034812e-01	6.047989e-02	1.588551e-01	2.526109e-01	1.460794e-01	1.239369e-01	4.317801e-02	1.001261e-01	1.491035e-02	4.047606e-01	1.941440e-01	1.409369e-02	2.560008e-01	7.924858e-02	3.314066e-02	2.419921e-02	1.899161e-01	4.107772e-01	6.102470e-02	0.000000e+00	0.000000e+00	6.454565e-01	4.351033e-01
6.454565e-01	5.054417e-02	1.233916e-01	0.000000e+00	6.770337e-01	0.000000e+00	1.230119e-01	0.000000e+00	1.069063e-02	6.034812e-01	6.047989e-02	1.588551e-01	2.526109e-01	1.460794e-01	1.239369e-01	4.317801e-02	1.001261e-01	1.491035e-02	4.047606e-01	1.941440e-01	1.409369e-02	2.560008e-01	7.924858e-02	3.314066e-02	2.419921e-02	1.899161e-01	4.107772e-01	6.102470e-02	0.000000e+00	0.000000e+00	6.454565e-01	4.351033e-01
6.454565e-01	5.054417e-02	1.233916e-01	0.000000e+00	6.770337e-01	0.000000e+00	1.230119e-01	0.000000e+00	1.069063e-02	6.034812e-01	6.047989e-02	1.588551e-01	2.526109e-01	1.460794e-01	1.239369e-01	4.317801e-02	1.001261e-01	1.491035e-02	4.047606e-01	1.941440e-01	1.409369e-02	2.560008e-01	7.924858e-02	3.314066e-02	2.419921e-02	1.899161e-01	4.107772e-01	6.102470e-02	0.000000e+00	0.000000e+00	6.454565e-01	4.351033e-01
6.454565e-01	5.054417e-02	1.233916e-01	0.000000e+00	6.770337e-01	0.000000e+00	1.230119e-01	0.000000e+00	1.069063e-02	6.034812e-01	6.047989e-02	1.588551e-01	2.526109e-01	1.460794e-01	1.239369e-01	4.317801e-02	1.001261e-01	1.491035e-02	4.047606e-01	1.941440e-01	1.409369e-02	2.560008e-01	7.924858e-02	3.314066e-02	2.419921e-02	1.899161e-01	4.107772e-01	6.102470e-02	0.000000e+00	0.000000e+00	6.454565e-01	4.351033e-01
6.454565e-01	5.054417e-02	1.233916e-01	0.000000e+00	6.770337e-01	0.000000e+00	1.230119e-01	0.000000e+00	1.069063e-02	6.034812e-01	6.047989e-02	1.588551e-01	2.526109e-01	1.460794e-01	1.239369e-01	4.317801e-02	1.001261e-01	1.491035e-02	4.047606e-01	1.941440e-01	1.409369e-02	2.560008e-01	3.491601e-02	0.000000e+00	2.419921e-02	1.899161e-01	4.107772e-01	6.102470e-02	0.000000e+00	0.000000e+00	6.454565e-01	4.174595e-01
6.454565e-01	5.054417e-02	1.233916e-01	0.000000e+00	6.770337e-01	0.000000e+00	1.230119e-01	0.000000e+00	1.069063e-02	6.034812e-01	6.047989e-02	1.588551e-01	2.526109e-01	1.460794e-01	1.239369e-01	4.317801e-02	1.001261e-01	1.491035e-02	4.047606e-01	1.941440e-01	1.409369e-02	2.560008e-01	3.491601e-02	0.000000e+00	2.419921e-02	1.899161e-01	4.107772e-01	6.102470e-02	0.000000e+00	0.000000e+00	6.454565e-01	4.174595e-01
6.454565e-01	5.054417e-02	1.233916e-01	0.000000e+00	6.770337e-01	0.000000e+00	1.230119e-01	0.000000e+00	1.069063e-02	6.034812e-01	6.047989e-02	1.588551e-01	2.526109e-01	1.460794e-01	1.239369e-01	4.317801e-02	1.001261e-01	1.491035e-02	4.047606e-01	1.941440e-01	1.409369e-02	2.560008e-01	3.491601e-02	0.000000e+00	2.419921e-02	1.899161e-01	4.107772e-01	6.102470e-02	0.000000e+00	0.000000e+00	6.454565e-01	4.174595e-01
6.454565e-01	5.054417e-02	1.233916e-01	0.000000e+00	6.770337e-01	0.000000e+00	1.230119e-01	0.000000e+00	1.069063e-02	6.034812e-01	6.047989e-02	1.588551e-01	2.526109e-01	1.460794e-01	1.239369e-01	4.317801e-02	1.001261e-01	1.491035e-02	4.047606e-01	1.941440e-01	1.409369e-02	2.560008e-01	3.491601e-02	0.000000e+00	2.419921e-02	1.899161e-01	4.107772e-01	6.102470e-02	0.000000e+00	0.000000e+00	6.454565e-01	4.174595e-01
6.454565e-01	5.054417e-02	1.233916e-01	0.000000e+00	6.770337e-01	0.000000e+00	1.230119e-01	0.000000e+00	1.069063e-02	6.034812e-01	6.047989e-02	1.588551e-01	2.526109e-01	1.460794e-01	1.239369e-01	4.317801e-02	1.001261e-01	1.491035e-02	4.047606e-01	1.941440e-01	1.409369e-02	2.560008e-01	3.491601e-02	0.000000e+00	2.419921e-02	1.899161e-01	4.107772e-01	6.102470e-02	0.000000e+00	0.000000e+00	6.454565e-01	4.174595e-01
6.454565e-01	5.054417e-02	6.169580e-02	0.000000e+00	6.770337e-01	0.000000e+00	1.391272e-01	0.000000e+00	1.006825e-02	6.711444e-01	6.047989e-02	1.588551e-01	3.185423e-01	1.364855e-01	1.239369e-01	4.317801e-02	1.001261e-01	1.491035e-02	4.047606e-01	2.011682e-01	1.409369e-02	2.541715e-01	3.491601e-02	0.000000e+00	2.419921e-02	2.590228e-01	5.452868e-01	9.153705e-02	0.000000e+00	0.000000e+00	6.454565e-01	4.898907e-01
6.454565e-01	5.054417e-02	6.169580e-02	0.000000e+00	6.770337e-01	0.000000e+00	1.391272e-01	0.000000e+00	1.006825e-02	6.711444e-01	6.047989e-02	1.588551e-01	3.185423e-01	1.364855e-01	1.239369e-01	4.317801e-02	1.001261e-01	1.491035e-02	4.047606e-01	2.011682e-01	1.409369e-02	2.541715e-01	3.491601e-02	0.000000e+00	2.419921e-02	2.590228e-01	5.452868e-01	9.153705e-02	0.000000e+00	0.000000e+00	6.454565e-01	4.898907e-01
6.454565e-01	4.031526e-02	0.000000e+00	0.000000e+00	6.770337e-01	0.000000e+00	1.633003e-01	0.000000e+00	9.134675e-03	7.726392e-01	8.491929e-02	1.463545e-01	4.174394e-01	1.220947e-01	1.239369e-01	4.317801e-02	1.001261e-01	2.236553e-02	4.196337e-01	2.117045e-01	3.832274e-03	2.514276e-01	3.491601e-02	0.000000e+00	2.419921e-02	2.590228e-01	5.452868e-01	1.373056e-01	0.000000e+00	0.000000e+00	6.454565e-01	5.392766e-01
6.454565e-01	4.031526e-02	0.000000e+00	0.000000e+00	6.770337e-01	0.000000e+00	1.633003e-01	0.000000e+00	9.134675e-03	7.726392e-01	8.491929e-02	1.463545e-01	4.174394e-01	1.220947e-01	1.239369e-01	4.317801e-02	1.001261e-01	2.236553e-02	4.196337e-01	2.117045e-01	3.832274e-03	2.514276e-01	3.491601e-02	0.000000e+00	2.419921e-02	2.590228e-01	5.452868e-01	1.373056e-01	0.000000e+00	0.000000e+00	6.454565e-01	5.392766e-01
6.454565e-01	4.031526e-02	0.000000e+00	0.000000e+00	6.770337e-01	0.000000e+00	1.633003e-01	0.000000e+00	9.134675e-03	7.726392e-01	8.491929e-02	1.463545e-01	4.174394e-01	1.220947e-01	1.239369e-01	4.317801e-02	1.001261e-01	2.236553e-02	4.196337e-01	2.117045e-01	3.832274e-03	2.514276e-01	3.491601e-02	0.000000e+00	2.419921e-02	2.590228e-01	5.452868e-01	1.373056e-01	0.000000e+00	0.000000e+00	6.454565e-01	5.392766e-01
6.454565e-01	4.031526e-02	0.000000e+00	0.000000e+00	6.770337e-01	0.000000e+00	1.633003e-01	0.000000e+00	9.134675e-03	7.726392e-01	8.491929e-02	1.463545e-01	4.174394e-01	1.220947e-01	1.239369e-01	4.317801e-02	1.001261e-01	2.236553e-02	4.196337e-01	2.117045e-01	3.832274e-03	2.514276e-01	3.491601e-02	0.000000e+00	2.419921e-02	2.590228e-01	5.452868e-01	1.373056e-01	0.000000e+00	0.000000e+00	6.454565e-01	5.392766e-01
6.454565e-01	7.100199e-02	2.467832e-01	0.000000e+00	5.793531e-01	0.000000e+00	1.633003e-01	0.000000e+00	1.193539e-02	7.726392e-01	1.160109e-02	1.977822e-01	4.174394e-01	1.220947e-01	1.239369e-01	4.317801e-02	1.001261e-01	0.000000e+00	3.865171e-01	2.127882e-01	3.461653e-02	2.514276e-01	4.790819e-02	0.000000e+00	2.419921e-02	5.170268e-02	5.452868e-01	1.373056e-01	0.000000e+00	0.000000e+00	6.454565e-01	5.260972e-01
6.454565e-01	7.100199e-02	2.467832e-01	0.000000e+00	5.793531e-01	0.000000e+00	1.633003e-01	0.000000e+00	1.193539e-02	7.726392e-01	1.160109e-02	1.977822e-01	4.174394e-01	1.220947e-01	1.239369e-01	4.317801e-02	1.001261e-01	0.000000e+00	3.865171e-01	2.127882e-01	3.461653e-02	2.514276e-01	4.790819e-02	0.000000e+00	2.419921e-02	5.170268e-02	5.452868e-01	1.373056e-01	0.000000e+00	0.000000e+00	6.454565e-01	5.260972e-01
6.454565e-01	7.100199e-02	2.467832e-01	0.000000e+00	5.793531e-01	2.381184e-02	9.078112e-02	0.000000e+00	1.193539e-02	7.322300e-01	1.160109e-02	1.838564e-01	4.174394e-01	1.353947e-01	0.000000e+00	1.108659e-01	1.396856e-01	0.000000e+00	3.865171e-01	1.800956e-01	3.461653e-02	2.514276e-01	4.790819e-02	0.000000e+00	2.419921e-02	5.170268e-02	5.452868e-01	1.373056e-01	1.263004e-02	0.000000e+00	6.454565e-01	4.970337e-01
6.454565e-01	7.100199e-02	2.467832e-01	0.000000e+00	5.793531e-01	2.381184e-02	9.078112e-02	0.000000e+00	1.193539e-02	7.322300e-01	1.160109e-02	1.838564e-01	4.174394e-01	1.353947e-01	0.000000e+00	1.108659e-01	1.396856e-01	0.000000e+00	3.865171e-01	1.800956e-01	3.461653e-02	2.514276e-01	4.790819e-02	0.000000e+00	2.419921e-02	5.170268e-02	5.452868e-01	1.373056e-01	1.263004e-02	0.000000e+00	6.454565e-01	4.970337e-01
6.454565e-01	7.100199e-02	2.467832e-01	0.000000e+00	5.793531e-01	2.381184e-02	9.078112e-02	0.000000e+00	1.193539e-02	7.322300e-01	1.160109e-02	1.838564e-01	4.174394e-01	1.353947e-01	0.000000e+00	1.108659e-01	1.396856e-01	0.000000e+00	3.865171e-01	1.800956e-01	3.461653e-02	2.514276e-01	4.790819e-02	0.000000e+00	2.419921e-02	5.170268e-02	5.452868e-01	1.373056e-01	1.263004e-02	0.000000e+00	6.454565e-01	4.970337e-01
6.454565e-01	7.100199e-02	2.467832e-01	0.000000e+00	5.793531e-01	2.381184e-02	9.078112e-02	0.000000e+00	1.193539e-02	7.322300e-01	1.160109e-02	1.838564e-01	4.174394e-01	1.353947e-01	0.000000e+00	1.108659e-01	1.396856e-01	0.000000e+00	3.865171e-01	1.800956e-01	3.461653e-02	2.514276e-01	4.790819e-02	0.000000e+00	2.419921e-02	5.170268e-02	5.452868e-01	1.373056e-01	1.263004e-02	0.000000e+00	6.454565e-01	4.970337e-01
6.454565e-01	7.100199e-02	2.467832e-01	0.000000e+00	5.793531e-01	2.381184e-02	9.078112e-02	0.000000e+00	1.193539e-02	7.322300e-01	1.160109e-02	1.838564e-01	4.174394e-01	1.353947e-01	0.000000e+00	1.108659e-01	1.396856e-01	0.000000e+00	3.865171e-01	1.800956e-01	3.461653e-02	2.514276e-01	4.790819e-02	0.000000e+00	2.419921e-02	5.170268e-02	5.452868e-01	1.373056e-01	1.263004e-02	0.000000e+00	6.454565e-01	4.970337e-01
4.563845e-01	9.333917e-02	0.000000e+00	0.000000e+00	5.368459e-01	1.190592e-02	9.078112e-02	8.858363e-02	1.231582e-02	4.633095e-01	5.800546e-03	9.192818e-02	1.497723e-01	1.652672e-01	2.275091e-02	1.108659e-01	1.336157e-01	0.000000e+00	3.805355e-01	1.111328e-01	3.623457e-02	2.596593e-01	4.790819e-02	0.000000e+00	2.419921e-02	5.170268e-02	0.000000e+00	0.000000e+00	1.263004e-02	0.000000e+00	4.563845e-01	5.218206e-01
4.563845e-01	9.333917e-02	0.000000e+00	0.000000e+00	5.368459e-01	1.190592e-02	9.078112e-02	8.858363e-02	1.231582e-02	4.633095e-01	5.800546e-03	9.192818e-02	1.497723e-01	1.652672e-01	2.275091e-02	1.108659e-01	1.336157e-01	0.000000e+00	3.805355e-01	1.111328e-01	3.623457e-02	2.596593e-01	4.790819e-02	0.000000e+00	2.419921e-02	5.170268e-02	0.000000e+00	0.000000e+00	1.263004e-02	0.000000e+00	4.563845e-01	5.218206e-01
4.563845e-01	9.333917e-02	0.000000e+00	0.000000e+00	5.368459e-01	1.190592e-02	9.078112e-02	8.858363e-02	1.231582e-02	4.633095e-01	5.800546e-03	9.192818e-02	1.497723e-01	1.652672e-01	2.275091e-02	1.108659e-01	1.336157e-01	0.000000e+00	3.805355e-01	1.111328e-01	3.623457e-02	2.596593e-01	4.790819e-02	0.000000e+00	2.419921e-02	5.170268e-02	0.000000e+00	0.000000e+00	1.263004e-02	0.000000e+00	4.563845e-01	5.218206e-01
4.563845e-01	9.333917e-02	0.000000e+00	0.000000e+00	5.368459e-01	1.190592e-02	9.078112e-02	8.858363e-02	1.231582e-02	4.633095e-01	5.800546e-03	9.192818e-02	1.497723e-01	1.652672e-01	2.275091e-02	1.108659e-01	1.336157e-01	0.000000e+00	3.805355e-01	1.111328e-01	3.623457e-02	2.596593e-01	4.790819e-02	0.000000e+00	2.419921e-02	5.170268e-02	0.000000e+00	0.000000e+00	1.263004e-02	0.000000e+00	4.563845e-01	5.218206e-01
4.563845e-01	9.333917e-02	0.000000e+00	0.000000e+00	5.368459e-01	1.190592e-02	9.078112e-02	8.858363e-02	1.231582e-02	4.633095e-01	5.800546e-03	9.192818e-02	1.497723e-01	1.652672e-01	2.275091e-02	1.108659e-01	1.084184e-01	0.000000e+00	3.805355e-01	1.111328e-01	3.623457e-02	2.596593e-01	4.790819e-02	0.000000e+00	2.419921e-02	5.170268e-02	5.712714e-02	0.000000e+00	1.263004e-02	0.000000e+00	4.563845e-01	5.293049e-01
4.563845e-01	9.333917e-02	0.000000e+00	0.000000e+00	5.368459e-01	1.190592e-02	9.078112e-02	8.858363e-02	1.231582e-02	4.633095e-01	5.800546e-03	9.192818e-02	1.497723e-01	1.652672e-01	2.275091e-02	1.108659e-01	1.084184e-01	0.000000e+00	3.805355e-01	1.111328e-01	3.623457e-02	2.596593e-01	4.790819e-02	0.000000e+00	2.419921e-02	5.170268e-02	5.712714e-02	0.000000e+00	1.263004e-02	0.000000e+00	4.563845e-01	5.293049e-01
4.563845e-01	9.333917e-02	0.000000e+00	0.000000e+00	5.368459e-01	1.190592e-02	9.078112e-02	8.858363e-02	1.231582e-02	4.633095e-01	5.800546e-03	9.192818e-02	1.497723e-01	1.652672e-01	2.275091e-02	1.108659e-01	1.084184e-01	0.000000e+00	3.805355e-01	5.802696e-02	3.623457e-02	2.596593e-01	4.790819e-02	0.000000e+00	2.419921e-02	5.170268e-02	5.712714e-02	0.000000e+00	1.263004e-02	0.000000e+00	4.563845e-01	5.168604e-01
4.563845e-01	9.333917e-02	0.000000e+00	0.000000e+00	5.368459e-01	1.190592e-02	9.078112e-02	8.858363e-02	1.231582e-02	4.633095e-01	5.800546e-03	9.192818e-02	1.497723e-01	1.652672e-01	2.275091e-02	1.108659e-01	1.084184e-01	0.000000e+00	3.805355e-01	5.802696e-02	3.623457e-02	2.596593e-01	4.790819e-02	0.000000e+00	2.419921e-02	5.170268e-02	5.712714e-02	0.000000e+00	1.480877e-02	0.000000e+00	4.563845e-01	5.173706e-01
4.563845e-01	9.333917e-02	0.000000e+00	0.000000e+00	5.368459e-01	1.190592e-02	9.078112e-02	8.858363e-02	1.231582e-02	4.633095e-01	5.800546e-03	9.192818e-02	1.497723e-01	1.652672e-01	2.275091e-02	1.108659e-01	1.084184e-01	0.000000e+00	3.805355e-01	5.802696e-02	3.623457e-02	2.596593e-01	4.790819e-02	0.000000e+00	2.419921e-02	5.170268e-02	5.712714e-02	0.000000e+00	1.480877e-02	0.000000e+00	4.563845e-01	5.173706e-01
4.563845e-01	9.333917e-02	0.000000e+00	0.000000e+00	5.529033e-01	5.952959e-03	9.078112e-02	8.605224e-02	1.262766e-02	4.633095e-01	0.000000e+00	4.596409e-02	1.497723e-01	1.705150e-01	3.412637e-02	1.108659e-01	5.420922e-02	0.000000e+00	3.805355e-01	5.802696e-02	1.811729e-02	2.596593e-01	5.591960e-02	0.000000e+00	2.419921e-02	5.170268e-02	3.742345e-02	0.000000e+00	1.480877e-02	0.000000e+00	4.563845e-01	4.913509e-01
4.563845e-01	9.333917e-02	0.000000e+00	0.000000e+00	5.529033e-01	5.952959e-03	9.078112e-02	8.605224e-02	1.262766e-02	4.633095e-01	0.000000e+00	4.596409e-02	1.497723e-01	1.705150e-01	3.412637e-02	1.108659e-01	5.420922e-02	0.000000e+00	3.805355e-01	5.802696e-02	1.811729e-02	2.596593e-01	5.591960e-02	0.000000e+00	2.419921e-02	5.170268e-02	3.742345e-02	0.000000e+00	1.480877e-02	0.000000e+00	4.563845e-01	4.913509e-01
4.563845e-01	9.333917e-02	0.000000e+00	0.000000e+00	5.529033e-01	5.952959e-03	9.078112e-02	8.605224e-02	1.262766e-02	4.633095e-01	0.000000e+00	4.596409e-02	1.497723e-01	1.705150e-01	3.412637e-02	1.108659e-01	5.420922e-02	0.000000e+00	3.805355e-01	5.802696e-02	1.811729e-02	2.596593e-01	5.591960e-02	0.000000e+00	2.419921e-02	5.170268e-02	3.742345e-02	0.000000e+00	1.480877e-02	0.000000e+00	4.563845e-01	4.913509e-01
4.563845e-01	9.333917e-02	0.000000e+00	0.000000e+00	5.529033e-01	5.952959e-03	0.000000e+00	8.605224e-02	1.181751e-02	4.633095e-01	1.766991e-02	4.596409e-02	1.497723e-01	1.783868e-01	6.797637e-02	1.108659e-01	0.000000e+00	0.000000e+00	3.805355e-01	1.201075e-01	1.811729e-02	2.596593e-01	4.005707e-03	9.828461e-02	0.000000e+00	5.170268e-02	3.742345e-02	0.000000e+00	2.126940e-02	3.826886e-02	4.563845e-01	5.012965e-01
4.563845e-01	6.668564e-02	0.000000e+00	0.000000e+00	5.529033e-01	5.952959e-03	0.000000e+00	9.273587e-02	1.168248e-02	4.633095e-01	2.057018e-02	6.894614e-02	1.603511e-01	1.783868e-01	6.797637e-02	1.108659e-01	0.000000e+00	0.000000e+00	3.805355e-01	1.304543e-01	2.717593e-02	2.596593e-01	6.008560e-03	9.828461e-02	0.000000e+00	5.170268e-02	3.742345e-02	0.000000e+00	2.234617e-02	5.740330e-02	4.563845e-01	5.148590e-01
4.563845e-01	6.668564e-02	0.000000e+00	0.000000e+00	5.529033e-01	8.973931e-02	0.000000e+00	9.273587e-02	1.168248e-02	4.633095e-01	2.057018e-02	6.894614e-02	1.603511e-01	1.783868e-01	6.797637e-02	1.108659e-01	0.000000e+00	0.000000e+00	3.805355e-01	2.334859e-02	2.717593e-02	2.596593e-01	6.008560e-03	9.828461e-02	5.829781e-02	5.170268e-02	3.742345e-02	0.000000e+00	2.234617e-02	5.740330e-02	4.563845e-01	5.230518e-01
4.563845e-01	6.668564e-02	0.000000e+00	0.000000e+00	5.529033e-01	8.973931e-02	0.000000e+00	9.273587e-02	1.168248e-02	4.633095e-01	2.057018e-02	6.894614e-02	1.603511e-01	1.783868e-01	6.797637e-02	1.108659e-01	0.000000e+00	0.000000e+00	3.805355e-01	2.334859e-02	2.717593e-02	2.596593e-01	6.008560e-03	9.828461e-02	5.829781e-02	5.170268e-02	3.742345e-02	0.000000e+00	2.234617e-02	5.740330e-02	4.563845e-01	5.230518e-01
4.563845e-01	6.668564e-02	0.000000e+00	0.000000e+00	5.529033e-01	8.973931e-02	0.000000e+00	9.273587e-02	1.168248e-02	4.633095e-01	2.057018e-02	6.894614e-02	1.603511e-01	1.783868e-01	6.797637e-02	1.108659e-01	0.000000e+00	0.000000e+00	3.805355e-01	2.334859e-02	2.717593e-02	2.596593e-01	6.008560e-03	9.828461e-02	5.829781e-02	5.170268e-02	3.742345e-02	0.000000e+00	2.234617e-02	5.740330e-02	4.563845e-01	5.230518e-01
4.563845e-01	6.668564e-02	0.000000e+00	0.000000e+00	5.529033e-01	8.973931e-02	0.000000e+00	9.273587e-02	1.168248e-02	4.633095e-01	2.057018e-02	6.894614e-02	1.603511e-01	1.783868e-01	6.797637e-02	1.108659e-01	0.000000e+00	0.000000e+00	3.805355e-01	2.334859e-02	2.717593e-02	2.596593e-01	6.008560e-03	9.828461e-02	5.829781e-02	5.170268e-02	3.742345e-02	0.000000e+00	2.234617e-02	5.740330e-02	4.563845e-01	5.230518e-01
4.563845e-01	6.668564e-02	0.000000e+00	0.000000e+00	5.529033e-01	8.973931e-02	0.000000e+00	9.273587e-02	1.168248e-02	4.633095e-01	2.057018e-02	6.894614e-02	1.603511e-01	1.783868e-01	6.797637e-02	1.108659e-01	0.000000e+00	0.000000e+00	3.805355e-01	2.334859e-02	2.717593e-02	2.596593e-01	6.008560e-03	9.828461e-02	5.829781e-02	5.170268e-02	3.742345e-02	0.000000e+00	2.234617e-02	5.740330e-02	4.563845e-01	5.230518e-01
4.563845e-01	6.668564e-02	0.000000e+00	0.000000e+00	5.529033e-01	8.973931e-02	0.000000e+00	9.273587e-02	1.168248e-02	4.633095e-01	2.057018e-02	6.894614e-02	1.603511e-01	1.783868e-01	6.797637e-02	1.108659e-01	0.000000e+00	0.000000e+00	3.805355e-01	2.334859e-02	2.717593e-02	2.596593e-01	6.008560e-03	9.828461e-02	5.829781e-02	5.170268e-02	3.742345e-02	0.000000e+00	2.234617e-02	5.740330e-02	4.563845e-01	5.230518e-01
4.563845e-01	6.668564e-02	0.000000e+00	0.000000e+00	5.529033e-01	8.973931e-02	0.000000e+00	9.273587e-02	1.168248e-02	4.633095e-01	2.057018e-02	6.894614e-02	1.603511e-01	1.783868e-01	6.797637e-02	1.108659e-01	0.000000e+00	0.000000e+00	3.805355e-01	2.334859e-02	2.717593e-02	2.596593e-01	6.008560e-03	9.828461e-02	5.829781e-02	5.170268e-02	3.742345e-02	0.000000e+00	2.234617e-02	5.740330e-02	4.563845e-01	5.230518e-01
4.563845e-01	6.668564e-02	0.000000e+00	0.000000e+00	5.529033e-01	8.973931e-02	0.000000e+00	9.273587e-02	1.168248e-02	4.633095e-01	2.057018e-02	6.894614e-02	1.603511e-01	1.783868e-01	6.797637e-02	1.108659e-01	0.000000e+00	0.000000e+00	3.805355e-01	2.334859e-02	2.717593e-02	2.596593e-01	6.008560e-03	9.828461e-02	5.829781e-02	5.170268e-02	3.742345e-02	0.000000e+00	2.234617e-02	5.740330e-02	4.563845e-01	5.230518e-01
4.563845e-01	6.668564e-02	0.000000e+00	0.000000e+00	5.529033e-01	8.973931e-02	0.000000e+00	9.273587e-02	1.168248e-02	4.633095e-01	2.057018e-02	6.894614e-02	1.603511e-01	1.783868e-01	6.797637e-02	1.108659e-01	0.000000e+00	0.000000e+00	3.805355e-01	2.334859e-02	2.717593e-02	2.596593e-01	6.008560e-03	9.828461e-02	5.829781e-02	5.170268e-02	3.742345e-02	0.000000e+00	2.234617e-02	5.740330e-02	4.563845e-01	5.230518e-01
4.216542e-01	1.156764e-01	2.075520e-02	3.822617e-02	0.000000e+00	2.312107e-01	0.000000e+00	0.000000e+00	1.137868e-02	1.800539e-01	0.000000e+00	0.000000e+00	7.676087e-02	1.783868e-01	6.797637e-02	9.821665e-02	1.148096e-01	0.000000e+00	0.000000e+00	2.201821e-02	4.755787e-02	2.580363e-01	0.000000e+00	6.437291e-02	6.443383e-03	2.585134e-02	1.771975e-02	1.609733e-01	1.911586e-02	5.740330e-02	4.216542e-01	4.856884e-01
4.216542e-01	1.156764e-01	2.075520e-02	3.822617e-02	0.000000e+00	2.312107e-01	0.000000e+00	0.000000e+00	1.137868e-02	1.800539e-01	0.000000e+00	0.000000e+00	7.676087e-02	1.783868e-01	6.797637e-02	9.821665e-02	1.148096e-01	0.000000e+00	0.000000e+00	2.201821e-02	4.755787e-02	2.580363e-01	0.000000e+00	6.437291e-02	6.443383e-03	2.585134e-02	1.771975e-02	1.609733e-01	1.911586e-02	5.740330e-02	4.216542e-01	4.856884e-01
4.216542e-01	1.156764e-01	2.075520e-02	3.822617e-02	0.000000e+00	2.312107e-01	0.000000e+00	0.000000e+00	1.137868e-02	1.800539e-01	0.000000e+00	0.000000e+00	7.676087e-02	1.783868e-01	6.797637e-02	9.821665e-02	1.148096e-01	0.000000e+00	0.000000e+00	2.201821e-02	4.755787e-02	2.580363e-01	0.000000e+00	6.437291e-02	6.443383e-03	2.585134e-02	1.771975e-02	1.609733e-01	1.911586e-02	5.740330e-02	4.216542e-01	4.856884e-01
4.216542e-01	1.156764e-01	2.075520e-02	3.822617e-02	0.000000e+00	2.312107e-01	0.000000e+00	0.000000e+00	1.137868e-02	1.800539e-01	0.000000e+00	0.000000e+00	7.676087e-02	1.783868e-01	6.797637e-02	9.821665e-02	1.148096e-01	0.000000e+00	0.000000e+00	2.201821e-02	4.755787e-02	2.580363e-01	0.000000e+00	6.437291e-02	6.443383e-03	2.585134e-02	1.771975e-02	1.609733e-01	1.911586e-02	5.740330e-02	4.216542e-01	4.856884e-01
4.216542e-01	1.156764e-01	2.075520e-02	3.822617e-02	0.000000e+00	2.312107e-01	0.000000e+00	0.000000e+00	1.137868e-02	1.800539e-01	0.000000e+00	0.000000e+00	7.676087e-02	1.783868e-01	6.797637e-02	9.821665e-02	1.148096e-01	0.000000e+00	0.000000e+00	2.201821e-02	4.755787e-02	2.580363e-01	0.000000e+00	6.437291e-02	6.443383e-03	2.585134e-02	1.771975e-02	1.609733e-01	1.911586e-02	5.740330e-02	4.216542e-01	4.856884e-01
4.216542e-01	1.156764e-01	2.075520e-02	3.822617e-02	0.000000e+00	2.312107e-01	0.000000e+00	0.000000e+00	1.137868e-02	1.800539e-01	0.000000e+00	0.000000e+00	7.676087e-02	1.783868e-01	6.797637e-02	9.821665e-02	1.148096e-01	0.000000e+00	0.000000e+00	2.201821e-02	4.755787e-02	2.580363e-01	0.000000e+00	6.437291e-02	6.443383e-03	2.585134e-02	1.771975e-02	1.609733e-01	1.911586e-02	5.740330e-02	4.216542e-01	4.856884e-01
4.216542e-01	1.156764e-01	2.075520e-02	3.822617e-02	0.000000e+00	2.312107e-01	0.000000e+00	0.000000e+00	1.137868e-02	1.800539e-01	0.000000e+00	0.000000e+00	7.676087e-02	1.783868e-01	6.797637e-02	9.821665e-02	1.148096e-01	0.000000e+00	0.000000e+00	2.201821e-02	4.755787e-02	2.580363e-01	0.000000e+00	6.437291e-02	6.443383e-03	2.585134e-02	1.771975e-02	1.609733e-01	1.911586e-02	5.740330e-02	4.216542e-01	4.856884e-01
4.216542e-01	1.156764e-01	2.075520e-02	3.822617e-02	0.000000e+00	2.312107e-01	0.000000e+00	0.000000e+00	1.137868e-02	1.800539e-01	0.000000e+00	0.000000e+00	7.676087e-02	1.783868e-01	6.797637e-02	9.821665e-02	1.148096e-01	0.000000e+00	0.000000e+00	2.201821e-02	4.755787e-02	2.580363e-01	0.000000e+00	6.437291e-02	6.443383e-03	2.585134e-02	1.771975e-02	1.609733e-01	1.911586e-02	5.740330e-02	4.216542e-01	4.856884e-01
4.216542e-01	1.156764e-01	2.075520e-02	3.822617e-02	0.000000e+00	2.312107e-01	0.000000e+00	0.000000e+00	1.137868e-02	1.800539e-01	0.000000e+00	0.000000e+00	7.676087e-02	1.783868e-01	6.797637e-02	9.821665e-02	1.148096e-01	0.000000e+00	0.000000e+00	2.201821e-02	4.755787e-02	2.580363e-01	0.000000e+00	6.437291e-02	6.443383e-03	2.585134e-02	1.771975e-02	1.609733e-01	1.911586e-02	5.740330e-02	4.216542e-01	4.856884e-01
4.216542e-01	1.156764e-01	2.075520e-02	3.822617e-02	0.000000e+00	2.312107e-01	0.000000e+00	0.000000e+00	1.137868e-02	1.800539e-01	0.000000e+00	0.000000e+00	7.676087e-02	1.783868e-01	6.797637e-02	9.821665e-02	1.148096e-01	0.000000e+00	0.000000e+00	2.201821e-02	4.755787e-02	2.580363e-01	0.000000e+00	6.437291e-02	6.443383e-03	2.585134e-02	1.771975e-02	1.609733e-01	1.911586e-02	5.740330e-02	4.216542e-01	4.856884e-01
4.216542e-01	1.156764e-01	2.075520e-02	3.822617e-02	0.000000e+00	2.312107e-01	0.000000e+00	0.000000e+00	1.137868e-02	1.800539e-01	0.000000e+00	0.000000e+00	7.676087e-02	1.783868e-01	6.797637e-02	9.821665e-02	1.148096e-01	0.000000e+00	0.000000e+00	2.201821e-02	4.755787e-02	2.580363e-01	0.000000e+00	6.437291e-02	6.443383e-03	2.585134e-02	1.771975e-02	1.609733e-01	1.911586e-02	5.740330e-02	4.216542e-01	4.856884e-01
4.216542e-01	1.156764e-01	2.075520e-02	3.822617e-02	0.000000e+00	2.312107e-01	0.000000e+00	0.000000e+00	1.137868e-02	1.800539e-01	0.000000e+00	0.000000e+00	7.676087e-02	1.783868e-01	6.797637e-02	9.821665e-02	1.148096e-01	0.000000e+00	0.000000e+00	2.201821e-02	4.755787e-02	2.580363e-01	0.000000e+00	6.437291e-02	6.443383e-03	2.585134e-02	1.771975e-02	1.609733e-01	1.911586e-02	5.740330e-02	4.216542e-01	4.856884e-01
4.216542e-01	1.156764e-01	2.075520e-02	3.822617e-02	0.000000e+00	2.312107e-01	0.000000e+00	0.000000e+00	1.137868e-02	1.800539e-01	0.000000e+00	0.000000e+00	7.676087e-02	1.783868e-01	6.797637e-02	9.821665e-02	1.148096e-01	0.000000e+00	0.000000e+00	2.201821e-02	4.755787e-02	2.580363e-01	0.000000e+00	6.437291e-02	6.443383e-03	2.585134e-02	1.771975e-02	1.609733e-01	1.911586e-02	5.740330e-02	4.216542e-01	4.856884e-01
2.496803e-01	2.611823e-02	1.800885e-02	3.822617e-02	0.000000e+00	2.312107e-01	0.000000e+00	0.000000e+00	1.137868e-02	1.800539e-01	1.321846e-01	5.131844e-01	7.676087e-02	8.919338e-02	7.715501e-02	8.134756e-02	5.165229e-02	0.000000e+00	0.000000e+00	2.201821e-02	4.755787e-02	1.021933e-01	0.000000e+00	6.437291e-02	6.443383e-03	8.710659e-02	8.461050e-02	2.280411e-01	1.911586e-02	2.384750e-02	2.496803e-01	7.878524e-01
2.496803e-01	2.611823e-02	1.800885e-02	3.822617e-02	0.000000e+00	2.312107e-01	0.000000e+00	0.000000e+00	1.137868e-02	1.800539e-01	1.321846e-01	5.131844e-01	7.676087e-02	8.919338e-02	7.715501e-02	8.134756e-02	5.165229e-02	0.000000e+00	0.000000e+00	2.201821e-02	4.755787e-02	1.021933e-01	0.000000e+00	6.437291e-02	6.443383e-03	8.710659e-02	8.461050e-02	2.280411e-01	1.911586e-02	2.384750e-02	2.496803e-01	7.878524e-01
2.496803e-01	2.611823e-02	1.800885e-02	3.822617e-02	0.000000e+00	2.312107e-01	0.000000e+00	0.000000e+00	1.137868e-02	1.800539e-01	1.321846e-01	5.131844e-01	7.676087e-02	8.919338e-02	7.715501e-02	8.134756e-02	5.165229e-02	0.000000e+00	0.000000e+00	2.201821e-02	4.755787e-02	1.021933e-01	0.000000e+00	6.437291e-02	6.443383e-03	8.710659e-02	8.461050e-02	2.178731e-01	1.911586e-02	2.384750e-02	2.496803e-01	7.853042e-01
2.496803e-01	2.611823e-02	1.800885e-02	3.822617e-02	0.000000e+00	2.312107e-01	0.000000e+00	0.000000e+00	1.137868e-02	1.800539e-01	1.321846e-01	5.131844e-01	7.676087e-02	8.919338e-02	7.715501e-02	8.134756e-02	5.165229e-02	0.000000e+00	0.000000e+00	2.201821e-02	4.755787e-02	1.021933e-01	0.000000e+00	6.437291e-02	6.443383e-03	8.710659e-02	8.461050e-02	2.178731e-01	1.911586e-02	2.384750e-02	2.496803e-01	7.853042e-01
2.496803e-01	2.611823e-02	1.800885e-02	3.822617e-02	0.000000e+00	2.312107e-01	0.000000e+00	0.000000e+00	1.137868e-02	1.800539e-01	1.321846e-01	5.131844e-01	7.676087e-02	8.919338e-02	7.715501e-02	8.134756e-02	5.165229e-02	0.000000e+00	0.000000e+00	2.201821e-02	4.755787e-02	1.021933e-01	0.000000e+00	6.437291e-02	6.443383e-03	8.710659e-02	8.461050e-02	2.178731e-01	1.911586e-02	2.384750e-02	2.496803e-01	7.853042e-01
2.496803e-01	2.611823e-02	1.800885e-02	3.822617e-02	0.000000e+00	2.312107e-01	0.000000e+00	0.000000e+00	1.137868e-02	1.800539e-01	1.321846e-01	5.131844e-01	7.676087e-02	8.919338e-02	7.715501e-02	8.134756e-02	5.165229e-02	0.000000e+00	0.000000e+00	2.201821e-02	4.755787e-02	1.021933e-01	0.000000e+00	6.437291e-02	6.443383e-03	8.710659e-02	8.461050e-02	2.178731e-01	1.911586e-02	2.384750e-02	2.496803e-01	7.853042e-01
2.496803e-01	2.611823e-02	1.800885e-02	3.822617e-02	0.000000e+00	2.312107e-01	0.000000e+00	0.000000e+00	1.137868e-02	1.800539e-01	1.321846e-01	5.131844e-01	7.676087e-02	8.919338e-02	7.715501e-02	8.134756e-02	5.165229e-02	0.000000e+00	0.000000e+00	2.201821e-02	4.755787e-02	1.021933e-01	0.000000e+00	6.437291e-02	6.443383e-03	8.710659e-02	8.461050e-02	2.178731e-01	1.911586e-02	2.384750e-02	2.496803e-01	7.853042e-01
2.496803e-01	2.611823e-02	1.800885e-02	3.822617e-02	0.000000e+00	2.312107e-01	0.000000e+00	0.000000e+00	1.137868e-02	1.800539e-01	1.321846e-01	5.131844e-01	7.676087e-02	8.919338e-02	7.715501e-02	8.134756e-02	5.165229e-02	0.000000e+00	0.000000e+00	2.201821e-02	4.755787e-02	1.021933e-01	0.000000e+00	6.437291e-02	6.443383e-03	8.710659e-02	8.461050e-02	2.178731e-01	1.911586e-02	2.384750e-02	2.496803e-01	7.853042e-01
2.496803e-01	2.611823e-02	1.800885e-02	3.822617e-02	0.000000e+00	2.312107e-01	0.000000e+00	0.000000e+00	1.137868e-02	1.800539e-01	1.321846e-01	5.131844e-01	7.676087e-02	8.919338e-02	7.715501e-02	8.134756e-02	5.165229e-02	0.000000e+00	0.000000e+00	2.201821e-02	4.755787e-02	1.021933e-01	0.000000e+00	6.437291e-02	6.443383e-03	8.710659e-02	8.461050e-02	2.178731e-01	1.911586e-02	2.384750e-02	2.496803e-01	7.853042e-01
2.496803e-01	5.700536e-02	1.556640e-02	7.253867e-02	0.000000e+00	2.934064e-01	0.000000e+00	0.000000e+00	1.706801e-02	1.370265e-01	7.610703e-03	5.131844e-01	1.151192e-01	1.337901e-01	3.126180e-02	0.000000e+00	2.389799e-02	0.000000e+00	0.000000e+00	3.302732e-02	7.133681e-02	1.195272e-01	0.000000e+00	0.000000e+00	5.317914e-02	1.639975e-01	9.126956e-02	2.191892e-01	0.000000e+00	0.000000e+00	2.496803e-01	7.771353e-01
2.496803e-01	5.700536e-02	1.556640e-02	7.253867e-02	0.000000e+00	2.934064e-01	0.000000e+00	0.000000e+00	1.706801e-02	1.370265e-01	7.610703e-03	5.131844e-01	1.151192e-01	1.337901e-01	3.126180e-02	0.000000e+00	2.389799e-02	0.000000e+00	0.000000e+00	3.302732e-02	7.133681e-02	1.195272e-01	0.000000e+00	0.000000e+00	5.317914e-02	1.639975e-01	9.126956e-02	2.191892e-01	0.000000e+00	0.000000e+00	2.496803e-01	7.771353e-01
2.496803e-01	5.700536e-02	1.556640e-02	7.253867e-02	0.000000e+00	2.934064e-01	0.000000e+00	0.000000e+00	1.706801e-02	1.370265e-01	7.610703e-03	5.131844e-01	1.151192e-01	1.337901e-01	3.126180e-02	0.000000e+00	2.389799e-02	0.000000e+00	0.000000e+00	3.302732e-02	7.133681e-02	1.195272e-01	0.000000e+00	0.000000e+00	5.317914e-02	1.639975e-01	9.126956e-02	2.191892e-01	0.000000e+00	0.000000e+00	2.496803e-01	7.771353e-01
2.496803e-01	5.700536e-02	0.000000e+00	7.253867e-02	0.000000e+00	2.934064e-01	0.000000e+00	0.000000e+00	1.706801e-02	1.370265e-01	7.610703e-03	5.131844e-01	1.151192e-01	1.337901e-01	3.126180e-02	0.000000e+00	2.389799e-02	0.000000e+00	0.000000e+00	3.302732e-02	7.133681e-02	1.195272e-01	0.000000e+00	0.000000e+00	5.317914e-02	1.639975e-01	9.126956e-02	2.191892e-01	0.000000e+00	0.000000e+00	2.496803e-01	7.732381e-01
2.496803e-01	5.700536e-02	0.000000e+00	7.253867e-02	0.000000e+00	2.934064e-01	0.000000e+00	0.000000e+00	1.706801e-02	1.370265e-01	7.610703e-03	5.131844e-01	1.151192e-01	1.337901e-01	3.126180e-02	0.000000e+00	2.389799e-02	0.000000e+00	0.000000e+00	3.302732e-02	7.133681e-02	1.195272e-01	0.000000e+00	0.000000e+00	5.317914e-02	1.639975e-01	9.126956e-02	2.191892e-01	0.000000e+00	0.000000e+00	2.496803e-01	7.732381e-01
2.496803e-01	5.700536e-02	0.000000e+00	7.253867e-02	0.000000e+00	2.934064e-01	0.000000e+00	0.000000e+00	1.706801e-02	1.370265e-01	7.610703e-03	5.131844e-01	1.151192e-01	1.337901e-01	3.126180e-02	0.000000e+00	2.389799e-02	0.000000e+00	0.000000e+00	3.302732e-02	7.133681e-02	1.195272e-01	0.000000e+00	0.000000e+00	5.317914e-02	1.639975e-01	9.126956e-02	2.191892e-01	0.000000e+00	0.000000e+00	2.496803e-01	7.732381e-01
2.496803e-01	5.700536e-02	0.000000e+00	7.253867e-02	0.000000e+00	2.934064e-01	0.000000e+00	0.000000e+00	1.706801e-02	1.370265e-01	7.610703e-03	5.131844e-01	1.151192e-01	1.337901e-01	3.126180e-02	0.000000e+00	2.389799e-02	0.000000e+00	0.000000e+00	3.302732e-02	7.133681e-02	1.195272e-01	0.000000e+00	0.000000e+00	5.317914e-02	1.639975e-01	9.126956e-02	2.191892e-01	0.000000e+00	0.000000e+00	2.496803e-01	7.732381e-01
2.496803e-01	5.700536e-02	0.000000e+00	7.253867e-02	0.000000e+00	2.934064e-01	0.000000e+00	0.000000e+00	1.706801e-02	1.370265e-01	7.610703e-03	5.131844e-01	1.151192e-01	1.337901e-01	3.126180e-02	0.000000e+00	2.389799e-02	0.000000e+00	0.000000e+00	3.302732e-02	7.133681e-02	1.195272e-01	0.000000e+00	0.000000e+00	5.317914e-02	1.639975e-01	9.126956e-02	2.191892e-01	0.000000e+00	0.000000e+00	2.496803e-01	7.732381e-01
2.496803e-01	5.700536e-02	0.000000e+00	7.253867e-02	0.000000e+00	2.934064e-01	0.000000e+00	0.000000e+00	1.706801e-02	1.370265e-01	7.610703e-03	5.131844e-01	1.151192e-01	1.337901e-01	3.126180e-02	0.000000e+00	2.389799e-02	0.000000e+00	0.000000e+00	3.302732e-02	7.133681e-02	1.195272e-01	0.000000e+00	0.000000e+00	5.317914e-02	1.639975e-01	9.126956e-02	2.191892e-01	0.000000e+00	0.000000e+00	2.496803e-01	7.732381e-01
2.463868e-01	5.220867e-02	0.000000e+00	5.319617e-02	0.000000e+00	2.934064e-01	0.000000e+00	0.000000e+00	0.000000e+00	1.370265e-01	7.610703e-03	5.131844e-01	9.043189e-02	1.337901e-01	3.126180e-02	0.000000e+00	2.091075e-02	0.000000e+00	0.000000e+00	3.302732e-02	5.695604e-02	1.240250e-01	0.000000e+00	0.000000e+00	5.317914e-02	1.639975e-01	9.126956e-02	2.191892e-01	0.000000e+00	0.000000e+00	2.463868e-01	7.626457e-01
2.463868e-01	5.220867e-02	0.000000e+00	5.319617e-02	0.000000e+00	2.934064e-01	0.000000e+00	0.000000e+00	0.000000e+00	1.370265e-01	7.610703e-03	5.131844e-01	9.043189e-02	1.337901e-01	3.126180e-02	0.000000e+00	2.091075e-02	0.000000e+00	0.000000e+00	3.302732e-02	5.695604e-02	1.240250e-01	0.000000e+00	0.000000e+00	5.317914e-02	1.639975e-01	9.126956e-02	2.191892e-01	0.000000e+00	0.000000e+00	2.463868e-01	7.626457e-01
2.463868e-01	5.220867e-02	0.000000e+00	5.319617e-02	0.000000e+00	2.934064e-01	0.000000e+00	0.000000e+00	0.000000e+00	1.370265e-01	7.610703e-03	5.131844e-01	9.043189e-02	1.337901e-01	3.126180e-02	0.000000e+00	2.091075e-02	0.000000e+00	0.000000e+00	3.302732e-02	5.695604e-02	1.240250e-01	0.000000e+00	0.000000e+00	5.317914e-02	1.639975e-01	9.126956e-02	2.191892e-01	0.000000e+00	0.000000e+00	2.463868e-01	7.626457e-01
2.463868e-01	5.220867e-02	0.000000e+00	5.319617e-02	0.000000e+00	2.934064e-01	0.000000e+00	0.000000e+00	0.000000e+00	1.370265e-01	7.610703e-03	5.131844e-01	9.043189e-02	1.337901e-01	3.126180e-02	0.000000e+00	2.091075e-02	0.000000e+00	0.000000e+00	3.302732e-02	5.695604e-02	1.240250e-01	0.000000e+00	0.000000e+00	5.317914e-02	1.639975e-01	9.126956e-02	2.191892e-01	0.000000e+00	0.000000e+00	2.463868e-01	7.626457e-01
2.463868e-01	5.220867e-02	0.000000e+00	5.319617e-02	0.000000e+00	2.934064e-01	0.000000e+00	0.000000e+00	0.000000e+00	1.370265e-01	7.610703e-03	5.131844e-01	9.043189e-02	1.337901e-01	3.126180e-02	0.000000e+00	2.091075e-02	0.000000e+00	0.000000e+00	3.302732e-02	5.695604e-02	1.240250e-01	0.000000e+00	0.000000e+00	5.317914e-02	1.639975e-01	9.126956e-02	2.191892e-01	0.000000e+00	0.000000e+00	2.463868e-01	7.626457e-01
2.463868e-01	5.220867e-02	0.000000e+00	5.319617e-02	0.000000e+00	2.934064e-01	0.000000e+00	0.000000e+00	0.000000e+00	1.370265e-01	7.610703e-03	5.131844e-01	9.043189e-02	1.337901e-01	3.126180e-02	0.000000e+00	2.091075e-02	0.000000e+00	0.000000e+00	3.302732e-02	5.695604e-02	1.240250e-01	0.000000e+00	0.000000e+00	5.317914e-02	1.639975e-01	9.126956e-02	2.191892e-01	0.000000e+00	0.000000e+00	2.463868e-01	7.626457e-01
2.315657e-01	5.220867e-02	0.000000e+00	5.319617e-02	0.000000e+00	2.934064e-01	0.000000e+00	0.000000e+00	0.000000e+00	1.370265e-01	1.140832e-02	5.131844e-01	1.881401e-02	1.337901e-01	6.957457e-02	0.000000e+00	1.045537e-02	0.000000e+00	9.546082e-03	3.302732e-02	3.538488e-02	1.240250e-01	9.718038e-03	0.000000e+00	5.317914e-02	1.639975e-01	9.126956e-02	2.349232e-01	0.000000e+00	0.000000e+00	2.315657e-01	8.263906e-01
2.315657e-01	5.220867e-02	0.000000e+00	5.319617e-02	0.000000e+00	2.934064e-01	0.000000e+00	0.000000e+00	0.000000e+00	1.370265e-01	1.140832e-02	5.131844e-01	1.881401e-02	1.337901e-01	6.957457e-02	0.000000e+00	1.045537e-02	0.000000e+00	9.546082e-03	3.302732e-02	3.538488e-02	1.240250e-01	9.718038e-03	0.000000e+00	5.317914e-02	1.639975e-01	9.126956e-02	2.349232e-01	0.000000e+00	0.000000e+00	2.315657e-01	8.263906e-01
2.315657e-01	5.220867e-02	0.000000e+00	5.319617e-02	0.000000e+00	2.934064e-01	0.000000e+00	0.000000e+00	0.000000e+00	1.370265e-01	1.140832e-02	5.131844e-01	1.881401e-02	1.337901e-01	6.957457e-02	0.000000e+00	1.045537e-02	0.000000e+00	9.546082e-03	3.302732e-02	3.538488e-02	1.240250e-01	9.718038e-03	0.000000e+00	5.317914e-02	1.639975e-01	9.126956e-02	2.349232e-01	0.000000e+00	0.000000e+00	2.315657e-01	8.263906e-01
2.315657e-01	5.220867e-02	0.000000e+00	5.319617e-02	0.000000e+00	2.934064e-01	0.000000e+00	0.000000e+00	0.000000e+00	1.370265e-01	1.140832e-02	5.131844e-01	1.881401e-02	1.337901e-01	6.957457e-02	0.000000e+00	1.045537e-02	0.000000e+00	9.546082e-03	3.302732e-02	3.538488e-02	1.240250e-01	9.718038e-03	0.000000e+00	1.043039e-01	1.639975e-01	9.126956e-02	2.349232e-01	0.000000e+00	0.000000e+00	2.315657e-01	8.392791e-01
2.315657e-01	5.220867e-02	0.000000e+00	5.319617e-02	0.000000e+00	2.934064e-01	0.000000e+00	0.000000e+00	0.000000e+00	1.370265e-01	1.140832e-02	5.131844e-01	1.881401e-02	1.337901e-01	6.957457e-02	0.000000e+00	1.045537e-02	0.000000e+00	9.546082e-03	3.302732e-02	3.538488e-02	1.240250e-01	9.718038e-03	0.000000e+00	1.043039e-01	1.639975e-01	9.126956e-02	2.349232e-01	0.000000e+00	0.000000e+00	2.315657e-01	8.392791e-01
2.315657e-01	5.220867e-02	0.000000e+00	5.319617e-02	0.000000e+00	2.934064e-01	0.000000e+00	0.000000e+00	0.000000e+00	1.370265e-01	1.140832e-02	5.131844e-01	1.881401e-02	1.337901e-01	8.270053e-02	0.000000e+00	1.045537e-02	0.000000e+00	9.546082e-03	3.302732e-02	3.538488e-02	1.240250e-01	9.718038e-03	0.000000e+00	1.298663e-01	1.639975e-01	9.126956e-02	2.349232e-01	9.910790e-02	0.000000e+00	2.315657e-01	8.740880e-01
2.315657e-01	5.220867e-02	0.000000e+00	5.319617e-02	0.000000e+00	2.934064e-01	0.000000e+00	0.000000e+00	0.000000e+00	1.370265e-01	1.140832e-02	5.131844e-01	1.881401e-02	1.337901e-01	8.270053e-02	0.000000e+00	1.045537e-02	0.000000e+00	9.546082e-03	3.302732e-02	3.538488e-02	1.240250e-01	9.718038e-03	0.000000e+00	1.298663e-01	1.639975e-01	9.126956e-02	2.349232e-01	9.910790e-02	0.000000e+00	2.315657e-01	8.740880e-01
2.315657e-01	5.220867e-02	0.000000e+00	5.319617e-02	0.000000e+00	2.934064e-01	0.000000e+00	0.000000e+00	0.000000e+00	1.370265e-01	1.140832e-02	5.131844e-01	1.881401e-02	1.337901e-01	8.270053e-02	0.000000e+00	1.045537e-02	0.000000e+00	9.546082e-03	3.302732e-02	3.538488e-02	1.240250e-01	9.718038e-03	0.000000e+00	1.298663e-01	1.639975e-01	9.126956e-02	2.349232e-01	9.910790e-02	0.000000e+00	2.315657e-01	8.740880e-01
2.315657e-01	5.220867e-02	0.000000e+00	5.319617e-02	0.000000e+00	2.934064e-01	0.000000e+00	0.000000e+00	0.000000e+00	1.370265e-01	1.140832e-02	5.131844e-01	1.881401e-02	1.337901e-01	8.270053e-02	0.000000e+00	1.045537e-02	0.000000e+00	9.546082e-03	3.302732e-02	3.538488e-02	1.240250e-01	9.718038e-03	0.000000e+00	1.298663e-01	1.639975e-01	9.126956e-02	2.349232e-01	9.910790e-02	0.000000e+00	2.315657e-01	8.740880e-01
2.315657e-01	5.220867e-02	0.000000e+00	5.593575e-02	0.000000e+00	2.934064e-01	0.000000e+00	0.000000e+00	0.000000e+00	2.055397e-01	1.140832e-02	5.209152e-01	1.082771e-02	2.006851e-01	8.270053e-02	3.583669e-02	1.568306e-02	0.000000e+00	9.546082e-03	4.818084e-03	4.876053e-02	1.860375e-01	9.718038e-03	0.000000e+00	1.947994e-01	1.945212e-01	9.126956e-02	2.851730e-01	9.910790e-02	0.000000e+00	2.315657e-01	9.685072e-01
2.315657e-01	5.220867e-02	0.000000e+00	5.593575e-02	0.000000e+00	2.934064e-01	0.000000e+00	0.000000e+00	0.000000e+00	2.055397e-01	1.140832e-02	5.209152e-01	1.082771e-02	2.006851e-01	8.270053e-02	3.583669e-02	1.568306e-02	0.000000e+00	9.546082e-03	4.818084e-03	4.876053e-02	1.860375e-01	9.718038e-03	0.000000e+00	1.947994e-01	1.945212e-01	9.126956e-02	2.851730e-01	9.910790e-02	0.000000e+00	2.315657e-01	9.685072e-01
2.315657e-01	5.220867e-02	0.000000e+00	5.593575e-02	0.000000e+00	2.934064e-01	0.000000e+00	0.000000e+00	0.000000e+00	2.055397e-01	1.140832e-02	5.209152e-01	1.082771e-02	2.006851e-01	8.270053e-02	3.583669e-02	1.568306e-02	0.000000e+00	9.546082e-03	4.818084e-03	4.876053e-02	1.860375e-01	9.718038e-03	0.000000e+00	1.947994e-01	1.945212e-01	9.126956e-02	2.851730e-01	9.910790e-02	0.000000e+00	2.315657e-01	9.685072e-01
2.315657e-01	5.220867e-02	0.000000e+00	5.593575e-02	0.000000e+00	2.934064e-01	0.000000e+00	0.000000e+00	0.000000e+00	2.055397e-01	1.140832e-02	5.209152e-01	1.082771e-02	2.006851e-01	8.270053e-02	3.583669e-02	1.568306e-02	0.000000e+00	9.546082e-03	4.818084e-03	4.876053e-02	1.860375e-01	9.718038e-03	0.000000e+00	1.947994e-01	1.945212e-01	9.126956e-02	2.851730e-01	9.910790e-02	0.000000e+00	2.315657e-01	9.685072e-01
2.315657e-01	5.220867e-02	0.000000e+00	5.593575e-02	0.000000e+00	2.934064e-01	0.000000e+00	0.000000e+00	0.000000e+00	2.055397e-01	1.140832e-02	5.209152e-01	1.082771e-02	2.006851e-01	8.270053e-02	3.583669e-02	1.568306e-02	0.000000e+00	9.546082e-03	4.818084e-03	4.876053e-02	1.860375e-01	9.718038e-03	0.000000e+00	1.947994e-01	1.945212e-01	9.126956e-02	2.851730e-01	9.910790e-02	0.000000e+00	2.315657e-01	9.685072e-01
2.142745e-01	5.492852e-02	1.369533e-03	5.319617e-02	0.000000e+00	2.934064e-01	0.000000e+00	0.000000e+00	2.934325e-03	6.851325e-02	1.173320e-02	5.054536e-01	2.680031e-02	6.689504e-02	1.005372e-01	0.000000e+00	1.045537e-02	0.000000e+00	9.546082e-03	6.123656e-02	1.769244e-02	1.240250e-01	9.718038e-03	4.914230e-02	1.298663e-01	1.639975e-01	4.563478e-02	1.846734e-01	2.709034e-01	2.794786e-01	2.142745e-01	1.076905e+00
2.142745e-01	5.492852e-02	1.369533e-03	5.319617e-02	0.000000e+00	2.934064e-01	0.000000e+00	0.000000e+00	2.934325e-03	6.851325e-02	1.173320e-02	5.054536e-01	2.680031e-02	6.689504e-02	1.005372e-01	0.000000e+00	1.045537e-02	0.000000e+00	9.546082e-03	6.123656e-02	1.769244e-02	1.240250e-01	9.718038e-03	4.914230e-02	1.298663e-01	1.639975e-01	4.563478e-02	1.846734e-01	2.709034e-01	2.794786e-01	2.142745e-01	1.076905e+00
2.142745e-01	5.492852e-02	1.369533e-03	5.319617e-02	0.000000e+00	2.934064e-01	0.000000e+00	0.000000e+00	2.934325e-03	6.851325e-02	1.173320e-02	5.054536e-01	2.680031e-02	6.689504e-02	1.005372e-01	0.000000e+00	1.045537e-02	0.000000e+00	9.546082e-03	6.123656e-02	1.769244e-02	1.240250e-01	9.718038e-03	4.914230e-02	1.298663e-01	1.639975e-01	4.563478e-02	1.846734e-01	2.709034e-01	2.794786e-01	2.142745e-01	1.076905e+00
2.142745e-01	3.418927e-02	2.739066e-03	5.045659e-02	1.462033e-01	2.934064e-01	0.000000e+00	0.000000e+00	3.133518e-03	6.851325e-02	1.204125e-02	5.054536e-01	2.680031e-02	6.689504e-02	1.005372e-01	0.000000e+00	5.227686e-03	0.000000e+00	9.546082e-03	6.123656e-02	1.769244e-02	1.240250e-01	4.859019e-03	4.914230e-02	6.493315e-02	1.639975e-01	4.563478e-02	1.846734e-01	2.709034e-01	2.956470e-01	2.142745e-01	1.093789e+00
2.142745e-01	3.418927e-02	2.739066e-03	5.045659e-02	1.462033e-01	2.934064e-01	0.000000e+00	0.000000e+00	3.133518e-03	6.851325e-02	1.204125e-02	5.054536e-01	2.680031e-02	6.689504e-02	1.005372e-01	0.000000e+00	5.227686e-03	0.000000e+00	9.546082e-03	6.123656e-02	1.769244e-02	1.240250e-01	4.859019e-03	4.914230e-02	6.493315e-02	1.639975e-01	4.563478e-02	1.846734e-01	2.709034e-01	2.956470e-01	2.142745e-01	1.093789e+00
1.969833e-01	1.616988e-02	0.000000e+00	4.771701e-02	2.359958e-01	2.124232e-03	4.793350e-02	1.479331e-02	5.470264e-03	0.000000e+00	1.267419e-02	4.977228e-01	3.478660e-02	0.000000e+00	1.183739e-01	0.000000e+00	0.000000e+00	0.000000e+00	0.000000e+00	8.944580e-02	8.633573e-03	0.000000e+00	0.000000e+00	9.828461e-02	0.000000e+00	1.465546e-01	0.000000e+00	1.344236e-01	4.426989e-01	5.104521e-01	1.969833e-01	1.193808e+00
1.969833e-01	1.616988e-02	0.000000e+00	4.771701e-02	2.359958e-01	2.124232e-03	4.793350e-02	1.479331e-02	5.470264e-03	0.000000e+00	1.267419e-02	4.977228e-01	3.478660e-02	0.000000e+00	1.183739e-01	0.000000e+00	0.000000e+00	0.000000e+00	0.000000e+00	8.944580e-02	8.633573e-03	0.000000e+00	0.000000e+00	9.828461e-02	0.000000e+00	1.465546e-01	0.000000e+00	1.344236e-01	4.426989e-01	5.104521e-01	1.969833e-01	1.193808e+00
1.969833e-01	1.616988e-02	0.000000e+00	4.771701e-02	2.359958e-01	2.124232e-03	4.793350e-02	1.479331e-02	5.470264e-03	0.000000e+00	1.267419e-02	4.977228e-01	3.478660e-02	0.000000e+00	1.183739e-01	0.000000e+00	0.000000e+00	0.000000e+00	0.000000e+00	8.944580e-02	8.633573e-03	0.000000e+00	0.000000e+00	9.828461e-02	0.000000e+00	1.465546e-01	0.000000e+00	1.344236e-01	4.426989e-01	5.104521e-01	1.969833e-01	1.193808e+00
1.969833e-01	1.616988e-02	0.000000e+00	4.771701e-02	2.359958e-01	2.124232e-03	4.793350e-02	1.479331e-02	5.470264e-03	0.000000e+00	1.267419e-02	4.977228e-01	3.478660e-02	0.000000e+00	1.183739e-01	0.000000e+00	0.000000e+00	0.000000e+00	0.000000e+00	8.944580e-02	8.633573e-03	0.000000e+00	0.000000e+00	9.828461e-02	0.000000e+00	1.465546e-01	0.000000e+00	1.344236e-01	4.426989e-01	5.104521e-01	1.969833e-01	1.193808e+00
1.969833e-01	1.616988e-02	0.000000e+00	4.771701e-02	2.359958e-01	2.124232e-03	4.793350e-02	1.479331e-02	5.470264e-03	0.000000e+00	1.267419e-02	4.977228e-01	3.478660e-02	0.000000e+00	1.183739e-01	0.000000e+00	0.000000e+00	0.000000e+00	0.000000e+00	8.944580e-02	8.633573e-03	0.000000e+00	0.000000e+00	9.828461e-02	0.000000e+00	1.465546e-01	0.000000e+00	1.344236e-01	4.426989e-01	5.104521e-01	1.969833e-01	1.193808e+00
8.845836e-02	0.000000e+00	0.000000e+00	4.771701e-02	2.359958e-01	2.124232e-03	0.000000e+00	0.000000e+00	8.205396e-03	0.000000e+00	1.267419e-02	4.977228e-01	3.478660e-02	0.000000e+00	6.948742e-02	0.000000e+00	0.000000e+00	0.000000e+00	0.000000e+00	8.944580e-02	8.633573e-03	0.000000e+00	0.000000e+00	1.090133e-01	0.000000e+00	1.029501e-01	0.000000e+00	1.513047e-01	4.421206e-01	4.861996e-01	8.845836e-02	1.292614e+00
8.845836e-02	0.000000e+00	0.000000e+00	4.771701e-02	2.359958e-01	2.124232e-03	0.000000e+00	0.000000e+00	8.205396e-03	0.000000e+00	1.267419e-02	4.977228e-01	3.478660e-02	0.000000e+00	6.948742e-02	0.000000e+00	0.000000e+00	0.000000e+00	0.000000e+00	8.944580e-02	8.633573e-03	0.000000e+00	0.000000e+00	1.090133e-01	0.000000e+00	1.029501e-01	0.000000e+00	1.513047e-01	4.421206e-01	4.861996e-01	8.845836e-02	1.292614e+00
8.845836e-02	0.000000e+00	0.000000e+00	4.771701e-02	2.359958e-01	2.124232e-03	0.000000e+00	0.000000e+00	8.205396e-03	0.000000e+00	1.267419e-02	4.977228e-01	3.478660e-02	0.000000e+00	6.948742e-02	0.000000e+00	0.000000e+00	0.000000e+00	0.000000e+00	8.944580e-02	8.633573e-03	0.000000e+00	0.000000e+00	1.090133e-01	0.000000e+00	1.029501e-01	0.000000e+00	1.513047e-01	4.421206e-01	4.861996e-01	8.845836e-02	1.292614e+00
8.845836e-02	0.000000e+00	0.000000e+00	4.771701e-02	2.359958e-01	2.124232e-03	0.000000e+00	0.000000e+00	8.205396e-03	0.000000e+00	1.267419e-02	4.977228e-01	3.478660e-02	0.000000e+00	6.948742e-02	0.000000e+00	0.000000e+00	0.000000e+00	0.000000e+00	8.944580e-02	8.633573e-03	0.000000e+00	0.000000e+00	1.090133e-01	0.000000e+00	1.029501e-01	0.000000e+00	1.513047e-01	4.421206e-01	4.861996e-01	8.845836e-02	1.292614e+00
8.845836e-02	0.000000e+00	0.000000e+00	4.771701e-02	2.359958e-01	2.124232e-03	0.000000e+00	0.000000e+00	8.205396e-03	0.000000e+00	1.267419e-02	4.977228e-01	3.478660e-02	0.000000e+00	6.948742e-02	0.000000e+00	0.000000e+00	0.000000e+00	0.000000e+00	8.944580e-02	8.633573e-03	0.000000e+00	0.000000e+00	1.090133e-01	0.000000e+00	1.029501e-01	0.000000e+00	1.513047e-01	4.421206e-01	4.861996e-01	8.845836e-02	1.292614e+00
8.845836e-02	0.000000e+00	0.000000e+00	4.771701e-02	2.359958e-01	2.124232e-03	0.000000e+00	0.000000e+00	8.205396e-03	0.000000e+00	1.267419e-02	4.977228e-01	3.478660e-02	0.000000e+00	6.948742e-02	0.000000e+00	0.000000e+00	0.000000e+00	0.000000e+00	8.944580e-02	8.633573e-03	0.000000e+00	0.000000e+00	1.090133e-01	0.000000e+00	1.029501e-01	0.000000e+00	1.513047e-01	4.421206e-01	4.861996e-01	8.845836e-02	1.292614e+00
8.845836e-02	0.000000e+00	0.000000e+00	4.771701e-02	2.359958e-01	2.124232e-03	0.000000e+00	0.000000e+00	8.205396e-03	0.000000e+00	1.267419e-02	4.977228e-01	3.478660e-02	0.000000e+00	6.948742e-02	0.000000e+00	0.000000e+00	0.000000e+00	0.000000e+00	8.944580e-02	8.633573e-03	0.000000e+00	0.000000e+00	1.090133e-01	0.000000e+00	1.029501e-01	0.000000e+00	1.513047e-01	4.421206e-01	4.861996e-01	8.845836e-02	1.292614e+00
8.845836e-02	0.000000e+00	0.000000e+00	4.771701e-02	2.359958e-01	2.124232e-03	0.000000e+00	0.000000e+00	8.205396e-03	0.000000e+00	1.267419e-02	4.977228e-01	3.478660e-02	0.000000e+00	6.948742e-02	0.000000e+00	0.000000e+00	0.000000e+00	0.000000e+00	8.944580e-02	8.633573e-03	0.000000e+00	0.000000e+00	1.090133e-01	0.000000e+00	1.029501e-01	0.000000e+00	1.513047e-01	4.421206e-01	4.861996e-01	8.845836e-02	1.292614e+00
8.845836e-02	0.000000e+00	0.000000e+00	4.771701e-02	2.359958e-01	2.124232e-03	0.000000e+00	0.000000e+00	8.205396e-03	0.000000e+00	1.267419e-02	4.977228e-01	3.478660e-02	0.000000e+00	6.948742e-02	0.000000e+00	0.000000e+00	0.000000e+00	0.000000e+00	8.944580e-02	8.633573e-03	0.000000e+00	0.000000e+00	1.090133e-01	0.000000e+00	1.029501e-01	0.000000e+00	1.513047e-01	4.421206e-01	4.861996e-01	8.845836e-02	1.292614e+00
8.845836e-02	0.000000e+00	0.000000e+00	4.771701e-02	2.359958e-01	2.124232e-03	0.000000e+00	0.000000e+00	8.205396e-03	0.000000e+00	1.267419e-02	4.977228e-01	3.478660e-02	0.000000e+00	6.948742e-02	0.000000e+00	0.000000e+00	0.000000e+00	0.000000e+00	8.944580e-02	8.633573e-03	0.000000e+00	0.000000e+00	1.090133e-01	0.000000e+00	1.029501e-01	0.000000e+00	1.513047e-01	4.421206e-01	4.861996e-01	8.845836e-02	1.292614e+00
8.845836e-02	0.000000e+00	0.000000e+00	4.771701e-02	2.359958e-01	2.124232e-03	0.000000e+00	0.000000e+00	8.205396e-03	0.000000e+00	1.267419e-02	4.977228e-01	3.478660e-02	0.000000e+00	6.948742e-02	0.000000e+00	0.000000e+00	0.000000e+00	0.000000e+00	8.944580e-02	8.633573e-03	0.000000e+00	0.000000e+00	1.090133e-01	0.000000e+00	1.029501e-01	0.000000e+00	1.513047e-01	4.421206e-01	4.861996e-01	8.845836e-02	1.292614e+00
8.845836e-02	0.000000e+00	0.000000e+00	4.771701e-02	2.359958e-01	2.124232e-03	0.000000e+00	0.000000e+00	8.205396e-03	0.000000e+00	1.267419e-02	4.977228e-01	3.478660e-02	0.000000e+00	6.948742e-02	0.000000e+00	0.000000e+00	0.000000e+00	0.000000e+00	8.944580e-02	8.633573e-03	0.000000e+00	0.000000e+00	1.090133e-01	0.000000e+00	1.029501e-01	0.000000e+00	1.513047e-01	4.421206e-01	4.861996e-01	8.845836e-02	1.292614e+00
8.845836e-02	0.000000e+00	0.000000e+00	4.771701e-02	2.359958e-01	2.124232e-03	0.000000e+00	0.000000e+00	8.205396e-03	0.000000e+00	1.267419e-02	4.977228e-01	3.478660e-02	0.000000e+00	6.948742e-02	0.000000e+00	0.000000e+00	0.000000e+00	0.000000e+00	8.944580e-02	8.633573e-03	0.000000e+00	0.000000e+00	1.090133e-01	0.000000e+00	1.029501e-01	0.000000e+00	1.513047e-01	4.421206e-01	4.861996e-01	8.845836e-02	1.292614e+00
8.845836e-02	0.000000e+00	0.000000e+00	4.771701e-02	2.359958e-01	2.124232e-03	0.000000e+00	0.000000e+00	8.205396e-03	0.000000e+00	1.267419e-02	4.977228e-01	3.478660e-02	0.000000e+00	6.948742e-02	0.000000e+00	0.000000e+00	0.000000e+00	0.000000e+00	8.944580e-02	8.633573e-03	0.000000e+00	0.000000e+00	1.090133e-01	0.000000e+00	1.029501e-01	0.000000e+00	1.513047e-01	4.421206e-01	4.861996e-01	8.845836e-02	1.292614e+00
8.845836e-02	0.000000e+00	0.000000e+00	4.771701e-02	2.359958e-01	2.124232e-03	0.000000e+00	0.000000e+00	8.205396e-03	0.000000e+00	1.267419e-02	4.977228e-01	3.478660e-02	0.000000e+00	6.948742e-02	0.000000e+00	0.000000e+00	0.000000e+00	0.000000e+00	8.944580e-02	8.633573e-03	0.000000e+00	0.000000e+00	1.090133e-01	0.000000e+00	1.029501e-01	0.000000e+00	1.513047e-01	4.421206e-01	4.861996e-01	8.845836e-02	1.292614e+00
8.395798e-02	1.616988e-02	0.000000e+00	4.771701e-02	2.359958e-01	2.124232e-03	0.000000e+00	0.000000e+00	5.470264e-03	0.000000e+00	1.267419e-02	4.977228e-01	3.478660e-02	0.000000e+00	6.948742e-02	0.000000e+00	0.000000e+00	0.000000e+00	0.000000e+00	8.944580e-02	8.633573e-03	0.000000e+00	0.000000e+00	1.054371e-01	0.000000e+00	1.029501e-01	0.000000e+00	1.344236e-01	4.426989e-01	5.104521e-01	8.395798e-02	1.298394e+00
6.974713e-02	1.616988e-02	0.000000e+00	5.788025e-02	2.359958e-01	0.000000e+00	2.893251e-02	1.849164e-03	6.837830e-03	0.000000e+00	1.267419e-02	5.093190e-01	3.478660e-02	0.000000e+00	6.094695e-02	2.295566e-03	0.000000e+00	0.000000e+00	0.000000e+00	8.944580e-02	8.633573e-03	0.000000e+00	0.000000e+00	0.000000e+00	0.000000e+00	1.029501e-01	0.000000e+00	1.639654e-01	5.163854e-01	4.740733e-01	6.974713e-02	1.317767e+00
6.974713e-02	1.616988e-02	0.000000e+00	5.788025e-02	2.359958e-01	0.000000e+00	2.893251e-02	1.849164e-03	6.837830e-03	0.000000e+00	1.267419e-02	5.093190e-01	3.478660e-02	0.000000e+00	6.094695e-02	2.295566e-03	0.000000e+00	0.000000e+00	0.000000e+00	8.944580e-02	8.633573e-03	0.000000e+00	0.000000e+00	0.000000e+00	0.000000e+00	1.029501e-01	0.000000e+00	1.639654e-01	5.163854e-01	4.740733e-01	6.974713e-02	1.317767e+00
6.307072e-02	8.084940e-03	0.000000e+00	4.462476e-02	2.359958e-01	2.124232e-03	2.893251e-02	7.396656e-03	5.470264e-03	0.000000e+00	1.267419e-02	4.977228e-01	2.608995e-02	0.000000e+00	6.786660e-02	0.000000e+00	0.000000e+00	0.000000e+00	0.000000e+00	7.840525e-02	8.633573e-03	0.000000e+00	0.000000e+00	1.090133e-01	0.000000e+00	1.029501e-01	0.000000e+00	1.513047e-01	4.421206e-01	4.983259e-01	6.307072e-02	1.334978e+00
5.004739e-02	0.000000e+00	0.000000e+00	1.833538e-02	2.412678e-01	6.954076e-03	0.000000e+00	1.849164e-03	1.367566e-03	0.000000e+00	1.267419e-02	4.977228e-01	5.804830e-02	0.000000e+00	8.008508e-02	0.000000e+00	0.000000e+00	0.000000e+00	0.000000e+00	8.944580e-02	8.633573e-03	7.485945e-03	0.000000e+00	2.702116e-02	0.000000e+00	1.029501e-01	0.000000e+00	1.259831e-01	3.779250e-01	5.528941e-01	5.004739e-02	1.345527e+00
5.004739e-02	0.000000e+00	0.000000e+00	1.833538e-02	2.412678e-01	6.954076e-03	0.000000e+00	1.849164e-03	1.367566e-03	0.000000e+00	1.267419e-02	4.977228e-01	5.804830e-02	0.000000e+00	8.008508e-02	0.000000e+00	0.000000e+00	0.000000e+00	0.000000e+00	8.944580e-02	8.633573e-03	7.485945e-03	0.000000e+00	2.702116e-02	0.000000e+00	1.029501e-01	0.000000e+00	1.259831e-01	3.779250e-01	5.528941e-01	5.004739e-02	1.345527e+00
5.004739e-02	0.000000e+00	0.000000e+00	1.833538e-02	2.412678e-01	6.954076e-03	0.000000e+00	1.849164e-03	1.367566e-03	0.000000e+00	1.267419e-02	4.977228e-01	5.804830e-02	0.000000e+00	8.008508e-02	0.000000e+00	0.000000e+00	0.000000e+00	0.000000e+00	8.944580e-02	8.633573e-03	7.485945e-03	0.000000e+00	2.702116e-02	0.000000e+00	1.029501e-01	0.000000e+00	1.259831e-01	3.779250e-01	5.528941e-01	5.004739e-02	1.345527e+00
3.768307e-02	1.616988e-02	9.194545e-03	4.153250e-02	2.359958e-01	1.062116e-03	0.000000e+00	1.479331e-02	2.735132e-03	0.000000e+00	1.267419e-02	4.977228e-01	1.739330e-02	0.000000e+00	6.624578e-02	0.000000e+00	0.000000e+00	0.000000e+00	0.000000e+00	6.736471e-02	8.633573e-03	0.000000e+00	0.000000e+00	7.540818e-02	0.000000e+00	1.029501e-01	0.000000e+00	1.513047e-01	4.462126e-01	5.104521e-01	3.768307e-02	1.418403e+00
3.543288e-02	1.616988e-02	0.000000e+00	4.153250e-02	2.465656e-01	1.062116e-03	0.000000e+00	1.479331e-02	0.000000e+00	0.000000e+00	1.267419e-02	4.977228e-01	3.478660e-02	0.000000e+00	6.624578e-02	3.060754e-03	0.000000e+00	0.000000e+00	0.000000e+00	6.873363e-02	8.633573e-03	0.000000e+00	0.000000e+00	8.040339e-02	0.000000e+00	3.133738e-02	0.000000e+00	1.597452e-01	4.462126e-01	5.225784e-01	3.543288e-02	1.421834e+00
2.433024e-02	1.616988e-02	0.000000e+00	1.502151e-02	2.571095e-01	1.497027e-02	0.000000e+00	3.698328e-03	0.000000e+00	0.000000e+00	1.267419e-02	4.977228e-01	0.000000e+00	0.000000e+00	8.008508e-02	0.000000e+00	0.000000e+00	0.000000e+00	0.000000e+00	8.944580e-02	8.633573e-03	7.485945e-03	0.000000e+00	2.702116e-02	0.000000e+00	1.029501e-01	0.000000e+00	1.259831e-01	3.779250e-01	5.589573e-01	2.433024e-02	1.462370e+00
2.433024e-02	1.616988e-02	0.000000e+00	1.502151e-02	2.571095e-01	1.497027e-02	0.000000e+00	3.698328e-03	0.000000e+00	0.000000e+00	1.267419e-02	4.977228e-01	0.000000e+00	0.000000e+00	8.008508e-02	0.000000e+00	0.000000e+00	0.000000e+00	0.000000e+00	8.944580e-02	8.633573e-03	7.485945e-03	0.000000e+00	2.702116e-02	0.000000e+00	1.029501e-01	0.000000e+00	1.259831e-01	3.779250e-01	5.589573e-01	2.433024e-02	1.462370e+00
1.653845e-02	1.616988e-02	0.000000e+00	7.862563e-03	2.359958e-01	0.000000e+00	2.893251e-02	1.849164e-03	1.367566e-03	0.000000e+00	8.004908e-02	5.093190e-01	0.000000e+00	0.000000e+00	7.229268e-02	2.295566e-03	0.000000e+00	0.000000e+00	0.000000e+00	8.944580e-02	8.633573e-03	8.733602e-03	0.000000e+00	0.000000e+00	0.000000e+00	1.029501e-01	0.000000e+00	1.050501e-01	4.421206e-01	5.347047e-01	1.653845e-02	1.521816e+00
1.174691e-02	8.084940e-03	0.000000e+00	1.524313e-02	2.652045e-01	6.423018e-03	0.000000e+00	0.000000e+00	0.000000e+00	0.000000e+00	8.004908e-02	4.977228e-01	0.000000e+00	0.000000e+00	7.846426e-02	1.530377e-03	0.000000e+00	0.000000e+00	0.000000e+00	7.908972e-02	8.633573e-03	7.485945e-03	0.000000e+00	2.702116e-02	0.000000e+00	6.714376e-02	0.000000e+00	2.169200e-01	3.799710e-01	5.589573e-01	1.174691e-02	1.567058e+00
1.246005e-03	1.616988e-02	0.000000e+00	6.609811e-02	2.359958e-01	3.186347e-03	0.000000e+00	2.773746e-03	1.025674e-02	1.802142e-03	0.000000e+00	4.919247e-01	3.478660e-02	0.000000e+00	6.948742e-02	3.060754e-03	0.000000e+00	0.000000e+00	0.000000e+00	6.873363e-02	8.633573e-03	4.990630e-03	0.000000e+00	8.040339e-02	0.000000e+00	1.029501e-01	0.000000e+00	1.744319e-01	4.421206e-01	4.680101e-01	1.246005e-03	1.663192e+00
0.000000e+00	1.616988e-02	4.597272e-03	2.403441e-02	2.967789e-01	1.062116e-03	0.000000e+00	0.000000e+00	0.000000e+00	0.000000e+00	4.636164e-02	5.015882e-01	3.909424e-02	0.000000e+00	7.123292e-02	0.000000e+00	2.320056e-02	0.000000e+00	0.000000e+00	7.840525e-02	1.543791e-02	0.000000e+00	0.000000e+00	7.969391e-02	0.000000e+00	1.881532e-01	0.000000e+00	1.597452e-01	4.461908e-01	5.589573e-01	0.000000e+00	1.791598e+00
