8.614586e-01	5.546871e-02	0.000000e+00	3.831878e-02	9.838873e-02	1.119982e-01	4.189846e-01	2.937035e-01	9.914746e-02	4.799041e-01	1.244913e-01	4.671429e-01	1.647261e-01	0.000000e+00	2.650984e-01	0.000000e+00	0.000000e+00	7.859036e-02	4.368446e-01	6.279305e-02	6.650249e-02	3.911568e-01	4.190051e-01	3.848742e-01	1.732854e-01	3.458632e-01	3.755415e-01	1.362981e-03	4.052474e-02	2.428386e-02	8.614586e-01	3.553526e-01
8.614586e-01	5.546871e-02	0.000000e+00	3.831878e-02	9.838873e-02	1.119982e-01	4.189846e-01	2.937035e-01	9.914746e-02	4.799041e-01	1.244913e-01	4.671429e-01	1.647261e-01	0.000000e+00	2.650984e-01	0.000000e+00	0.000000e+00	7.859036e-02	4.368446e-01	6.279305e-02	6.650249e-02	3.911568e-01	4.190051e-01	3.848742e-01	1.732854e-01	3.458632e-01	3.755415e-01	1.362981e-03	4.052474e-02	2.428386e-02	8.614586e-01	3.553526e-01
8.414726e-01	5.546871e-02	0.000000e+00	3.831878e-02	9.838873e-02	1.119982e-01	4.189846e-01	2.937035e-01	9.914746e-02	4.799041e-01	1.244913e-01	4.671429e-01	1.647261e-01	0.000000e+00	2.650984e-01	0.000000e+00	0.000000e+00	7.859036e-02	4.368446e-01	6.279305e-02	3.418359e-02	3.911568e-01	3.988546e-01	3.769084e-01	1.732854e-01	3.458632e-01	3.755415e-01	1.362981e-03	4.052474e-02	2.428386e-02	8.414726e-01	3.543783e-01
8.414726e-01	5.546871e-02	0.000000e+00	3.831878e-02	9.838873e-02	1.119982e-01	4.189846e-01	2.937035e-01	9.914746e-02	4.799041e-01	1.244913e-01	4.671429e-01	1.647261e-01	0.000000e+00	2.650984e-01	0.000000e+00	0.000000e+00	7.859036e-02	4.368446e-01	6.279305e-02	3.418359e-02	3.911568e-01	3.988546e-01	3.769084e-01	1.732854e-01	3.458632e-01	3.755415e-01	1.362981e-03	4.052474e-02	2.428386e-02	8.414726e-01	3.543783e-01
8.414726e-01	5.546871e-02	0.000000e+00	3.831878e-02	9.838873e-02	1.119982e-01	4.189846e-01	2.937035e-01	9.914746e-02	4.799041e-01	1.244913e-01	4.671429e-01	1.647261e-01	0.000000e+00	2.650984e-01	0.000000e+00	0.000000e+00	7.859036e-02	4.368446e-01	6.279305e-02	3.418359e-02	3.911568e-01	3.988546e-01	3.769084e-01	1.732854e-01	3.458632e-01	3.755415e-01	1.362981e-03	4.052474e-02	2.428386e-02	8.414726e-01	3.543783e-01
8.414726e-01	5.546871e-02	0.000000e+00	3.831878e-02	9.838873e-02	1.119982e-01	4.189846e-01	2.937035e-01	9.914746e-02	4.799041e-01	1.244913e-01	4.671429e-01	1.647261e-01	0.000000e+00	2.650984e-01	0.000000e+00	0.000000e+00	7.859036e-02	4.368446e-01	6.279305e-02	3.418359e-02	3.911568e-01	3.988546e-01	3.769084e-01	1.732854e-01	3.458632e-01	3.755415e-01	1.362981e-03	4.052474e-02	2.428386e-02	8.414726e-01	3.543783e-01
8.414726e-01	1.325076e-01	0.000000e+00	3.831878e-02	9.838873e-02	5.599655e-02	4.189846e-01	2.937035e-01	9.914746e-02	4.799041e-01	1.244913e-01	4.671429e-01	1.647261e-01	0.000000e+00	2.650984e-01	0.000000e+00	0.000000e+00	7.859036e-02	4.368446e-01	6.279305e-02	3.418359e-02	3.911568e-01	3.988546e-01	3.769084e-01	1.732854e-01	3.458632e-01	3.755415e-01	1.362981e-03	4.052474e-02	2.428386e-02	8.414726e-01	3.590731e-01
8.414726e-01	1.325076e-01	0.000000e+00	3.831878e-02	9.838873e-02	5.599655e-02	4.189846e-01	2.937035e-01	9.914746e-02	4.799041e-01	1.244913e-01	4.671429e-01	1.647261e-01	0.000000e+00	2.650984e-01	0.000000e+00	0.000000e+00	7.859036e-02	4.368446e-01	6.279305e-02	3.418359e-02	3.911568e-01	3.988546e-01	3.769084e-01	1.732854e-01	3.458632e-01	3.755415e-01	1.362981e-03	4.052474e-02	2.428386e-02	8.414726e-01	3.590731e-01
8.414726e-01	1.325076e-01	0.000000e+00	3.831878e-02	9.838873e-02	5.599655e-02	4.189846e-01	2.937035e-01	9.914746e-02	4.799041e-01	1.244913e-01	4.671429e-01	1.647261e-01	0.000000e+00	2.650984e-01	0.000000e+00	0.000000e+00	7.859036e-02	4.368446e-01	6.279305e-02	3.418359e-02	3.911568e-01	3.988546e-01	3.769084e-01	1.732854e-01	3.458632e-01	3.755415e-01	1.362981e-03	4.052474e-02	2.428386e-02	8.414726e-01	3.590731e-01
8.414726e-01	1.325076e-01	0.000000e+00	3.831878e-02	9.838873e-02	5.599655e-02	4.189846e-01	2.937035e-01	9.914746e-02	4.799041e-01	1.244913e-01	4.671429e-01	1.647261e-01	0.000000e+00	2.650984e-01	0.000000e+00	0.000000e+00	7.859036e-02	4.368446e-01	6.279305e-02	3.418359e-02	3.911568e-01	3.988546e-01	3.769084e-01	1.732854e-01	3.458632e-01	3.755415e-01	1.362981e-03	4.052474e-02	2.428386e-02	8.414726e-01	3.590731e-01
8.414726e-01	1.325076e-01	0.000000e+00	3.831878e-02	9.838873e-02	5.599655e-02	4.189846e-01	2.937035e-01	9.914746e-02	4.799041e-01	1.244913e-01	4.671429e-01	1.647261e-01	0.000000e+00	2.650984e-01	0.000000e+00	0.000000e+00	7.859036e-02	4.368446e-01	6.279305e-02	3.418359e-02	3.911568e-01	3.988546e-01	3.769084e-01	1.732854e-01	3.458632e-01	3.755415e-01	1.362981e-03	4.052474e-02	2.428386e-02	8.414726e-01	3.590731e-01
8.414726e-01	1.325076e-01	7.333103e-02	3.831878e-02	9.838873e-02	5.599655e-02	4.189846e-01	3.040755e-01	9.914746e-02	4.799041e-01	1.244913e-01	4.671429e-01	1.647261e-01	0.000000e+00	2.650984e-01	0.000000e+00	0.000000e+00	7.859036e-02	4.368446e-01	1.009420e-01	3.418359e-02	3.911568e-01	3.988546e-01	3.769084e-01	1.597130e-01	3.458632e-01	3.755415e-01	1.362981e-03	4.052474e-02	2.428386e-02	8.414726e-01	3.832728e-01
8.414726e-01	1.325076e-01	7.333103e-02	3.831878e-02	9.838873e-02	5.599655e-02	4.189846e-01	3.040755e-01	9.914746e-02	4.799041e-01	1.244913e-01	4.671429e-01	1.647261e-01	0.000000e+00	2.650984e-01	0.000000e+00	0.000000e+00	7.859036e-02	4.368446e-01	1.009420e-01	3.418359e-02	3.911568e-01	3.988546e-01	3.769084e-01	1.597130e-01	3.458632e-01	3.755415e-01	1.362981e-03	4.052474e-02	2.428386e-02	8.414726e-01	3.832728e-01
8.414726e-01	6.536314e-02	7.333103e-02	3.831878e-02	9.838873e-02	5.599655e-02	4.189846e-01	3.040755e-01	9.914746e-02	4.799041e-01	1.244913e-01	4.671429e-01	1.647261e-01	0.000000e+00	2.650984e-01	0.000000e+00	0.000000e+00	7.859036e-02	4.368446e-01	1.009420e-01	3.418359e-02	3.911568e-01	3.383810e-01	3.769084e-01	1.597130e-01	3.458632e-01	3.755415e-01	1.362981e-03	4.052474e-02	2.428386e-02	8.414726e-01	3.547573e-01
8.414726e-01	6.536314e-02	7.333103e-02	3.831878e-02	9.838873e-02	5.599655e-02	4.189846e-01	3.040755e-01	9.914746e-02	4.799041e-01	1.244913e-01	4.671429e-01	1.647261e-01	0.000000e+00	2.650984e-01	0.000000e+00	0.000000e+00	7.859036e-02	4.368446e-01	1.009420e-01	0.000000e+00	3.911568e-01	3.448283e-01	3.769084e-01	1.639149e-01	3.458632e-01	3.755415e-01	1.362981e-03	4.052474e-02	2.428386e-02	8.414726e-01	3.495077e-01
8.414726e-01	6.536314e-02	7.333103e-02	3.831878e-02	9.838873e-02	5.599655e-02	4.189846e-01	3.040755e-01	9.914746e-02	4.799041e-01	1.244913e-01	4.671429e-01	1.647261e-01	0.000000e+00	2.650984e-01	0.000000e+00	0.000000e+00	7.859036e-02	4.368446e-01	1.009420e-01	0.000000e+00	3.911568e-01	3.448283e-01	3.769084e-01	1.639149e-01	3.458632e-01	3.755415e-01	1.362981e-03	4.052474e-02	2.428386e-02	8.414726e-01	3.495077e-01
8.414726e-01	6.536314e-02	7.333103e-02	3.831878e-02	9.838873e-02	5.599655e-02	4.189846e-01	3.040755e-01	9.914746e-02	4.799041e-01	1.244913e-01	4.671429e-01	1.647261e-01	0.000000e+00	2.650984e-01	0.000000e+00	0.000000e+00	7.859036e-02	4.368446e-01	1.009420e-01	0.000000e+00	3.911568e-01	3.448283e-01	3.769084e-01	1.639149e-01	3.458632e-01	3.755415e-01	1.362981e-03	4.052474e-02	2.428386e-02	8.414726e-01	3.495077e-01
8.414726e-01	6.536314e-02	7.333103e-02	3.391502e-02	1.417176e-01	5.599655e-02	4.189846e-01	3.040755e-01	9.914746e-02	4.799041e-01	1.244913e-01	4.671429e-01	1.647261e-01	9.480618e-02	2.650984e-01	2.971355e-02	0.000000e+00	7.859036e-02	4.754993e-01	1.009420e-01	0.000000e+00	3.911568e-01	3.448283e-01	2.980563e-01	1.639149e-01	3.458632e-01	3.755415e-01	6.814905e-04	4.052474e-02	2.428386e-02	8.414726e-01	3.768782e-01
8.377124e-01	6.536314e-02	7.333103e-02	3.171314e-02	1.083912e-01	7.694869e-02	4.189846e-01	3.040755e-01	9.914746e-02	2.748800e-01	7.200354e-02	4.671429e-01	1.647261e-01	1.276334e-01	2.650984e-01	4.457033e-02	2.181375e-02	4.965828e-02	4.536603e-01	1.861374e-01	0.000000e+00	2.062575e-01	3.448283e-01	2.980563e-01	1.379092e-01	3.458632e-01	3.755415e-01	3.407452e-04	4.052474e-02	1.214193e-02	8.377124e-01	3.283906e-01
8.377124e-01	6.536314e-02	7.333103e-02	2.951126e-02	7.401857e-02	7.694869e-02	5.911343e-01	3.040755e-01	4.947537e-02	2.748800e-01	7.200354e-02	2.161341e-01	1.647261e-01	1.276334e-01	2.650984e-01	4.457033e-02	2.181375e-02	4.965828e-02	4.536603e-01	2.954271e-01	0.000000e+00	2.062575e-01	1.913932e-01	1.906527e-01	1.638532e-01	2.744934e-01	2.879075e-01	1.144855e-01	7.894268e-03	1.214193e-02	8.377124e-01	2.470962e-01
8.377124e-01	3.268157e-02	7.333103e-02	2.951126e-02	7.401857e-02	9.200547e-02	5.911343e-01	1.498578e-01	4.947537e-02	1.723680e-01	5.551751e-02	2.161341e-01	1.168106e-01	1.295478e-01	2.650984e-01	4.457033e-02	2.181375e-02	4.965828e-02	4.544712e-01	3.315687e-01	2.144228e-01	1.244870e-01	1.920282e-01	1.906527e-01	1.378784e-01	2.744934e-01	2.879075e-01	0.000000e+00	7.894268e-03	1.214193e-02	8.377124e-01	1.798912e-01
8.377124e-01	3.268157e-02	7.333103e-02	2.951126e-02	7.401857e-02	9.200547e-02	5.911343e-01	1.498578e-01	4.947537e-02	1.723680e-01	5.551751e-02	2.161341e-01	1.168106e-01	1.295478e-01	2.650984e-01	4.457033e-02	2.181375e-02	4.965828e-02	4.544712e-01	3.315687e-01	2.144228e-01	1.244870e-01	1.920282e-01	1.906527e-01	1.378784e-01	2.744934e-01	2.879075e-01	0.000000e+00	7.894268e-03	1.214193e-02	8.377124e-01	1.798912e-01
8.339523e-01	3.268157e-02	7.333103e-02	2.951126e-02	1.850464e-01	1.001912e-01	5.911343e-01	0.000000e+00	4.947537e-02	6.985594e-02	2.439467e-02	2.161341e-01	9.285288e-02	1.604606e-01	2.326701e-01	5.942711e-02	4.362749e-02	2.072620e-02	4.544712e-01	3.315687e-01	2.144228e-01	1.244870e-01	1.919223e-01	2.049284e-01	1.378784e-01	2.744934e-01	2.879075e-01	0.000000e+00	7.894268e-03	1.214193e-02	8.339523e-01	1.923943e-01
8.339523e-01	3.268157e-02	7.333103e-02	2.951126e-02	1.850464e-01	1.001912e-01	5.911343e-01	0.000000e+00	4.947537e-02	6.985594e-02	2.439467e-02	2.161341e-01	9.285288e-02	1.604606e-01	2.326701e-01	5.942711e-02	4.362749e-02	2.072620e-02	4.544712e-01	3.315687e-01	2.144228e-01	1.244870e-01	1.919223e-01	2.049284e-01	1.378784e-01	2.744934e-01	2.879075e-01	0.000000e+00	7.894268e-03	1.214193e-02	8.339523e-01	1.923943e-01
8.339523e-01	3.268157e-02	7.333103e-02	2.951126e-02	1.850464e-01	1.001912e-01	5.911343e-01	0.000000e+00	4.947537e-02	6.985594e-02	2.439467e-02	2.161341e-01	9.285288e-02	1.604606e-01	2.326701e-01	5.942711e-02	4.362749e-02	2.072620e-02	4.544712e-01	3.315687e-01	2.144228e-01	1.244870e-01	1.919223e-01	2.049284e-01	1.378784e-01	2.744934e-01	2.879075e-01	0.000000e+00	7.894268e-03	1.214193e-02	8.339523e-01	1.923943e-01
8.339523e-01	3.268157e-02	7.333103e-02	2.951126e-02	1.850464e-01	1.001912e-01	5.911343e-01	0.000000e+00	4.947537e-02	6.985594e-02	2.439467e-02	2.161341e-01	9.285288e-02	1.604606e-01	2.326701e-01	5.942711e-02	4.362749e-02	2.072620e-02	4.544712e-01	3.315687e-01	2.144228e-01	1.244870e-01	1.919223e-01	2.049284e-01	1.378784e-01	2.744934e-01	2.879075e-01	0.000000e+00	7.894268e-03	1.214193e-02	8.339523e-01	1.923943e-01
8.339523e-01	3.268157e-02	7.333103e-02	2.951126e-02	1.850464e-01	1.001912e-01	5.911343e-01	0.000000e+00	4.947537e-02	6.985594e-02	2.439467e-02	2.161341e-01	9.285288e-02	1.604606e-01	2.326701e-01	5.942711e-02	4.362749e-02	2.072620e-02	4.544712e-01	3.315687e-01	2.144228e-01	1.244870e-01	1.919223e-01	2.049284e-01	1.378784e-01	2.744934e-01	2.879075e-01	0.000000e+00	7.894268e-03	1.214193e-02	8.339523e-01	1.923943e-01
8.339523e-01	3.268157e-02	7.333103e-02	1.063750e-02	1.850464e-01	1.338115e-01	5.911343e-01	0.000000e+00	4.947537e-02	6.985594e-02	2.439467e-02	2.011935e-01	9.285288e-02	1.604606e-01	2.326701e-01	5.942711e-02	4.362749e-02	2.072620e-02	4.544712e-01	3.275786e-01	2.144228e-01	1.099432e-01	1.919223e-01	2.049284e-01	1.378784e-01	2.744934e-01	2.879075e-01	0.000000e+00	7.894268e-03	1.214193e-02	8.339523e-01	1.883291e-01
8.339523e-01	3.268157e-02	7.333103e-02	1.063750e-02	1.850464e-01	1.338115e-01	5.911343e-01	0.000000e+00	4.947537e-02	6.985594e-02	2.439467e-02	2.011935e-01	9.285288e-02	1.604606e-01	2.326701e-01	5.942711e-02	4.362749e-02	2.072620e-02	4.544712e-01	3.275786e-01	2.144228e-01	1.099432e-01	1.919223e-01	2.049284e-01	1.378784e-01	2.744934e-01	2.879075e-01	0.000000e+00	7.894268e-03	1.214193e-02	8.339523e-01	1.883291e-01
8.339523e-01	3.268157e-02	7.333103e-02	1.063750e-02	1.850464e-01	1.338115e-01	5.911343e-01	0.000000e+00	4.947537e-02	6.985594e-02	2.439467e-02	2.011935e-01	9.285288e-02	1.604606e-01	2.326701e-01	5.942711e-02	4.362749e-02	2.072620e-02	4.544712e-01	3.275786e-01	3.389302e-01	1.099432e-01	1.919223e-01	2.049284e-01	1.378784e-01	2.744934e-01	2.879075e-01	0.000000e+00	7.894268e-03	1.214193e-02	8.339523e-01	2.153965e-01
8.339523e-01	3.268157e-02	7.333103e-02	1.063750e-02	1.850464e-01	1.338115e-01	5.911343e-01	0.000000e+00	4.947537e-02	6.985594e-02	2.439467e-02	2.011935e-01	9.285288e-02	1.604606e-01	2.326701e-01	5.942711e-02	4.362749e-02	2.072620e-02	4.544712e-01	3.275786e-01	3.389302e-01	1.099432e-01	1.919223e-01	2.049284e-01	1.378784e-01	2.744934e-01	2.879075e-01	0.000000e+00	7.894268e-03	1.214193e-02	8.339523e-01	2.153965e-01
8.339523e-01	3.911713e-02	7.333103e-02	1.063750e-02	1.850464e-01	1.338115e-01	5.911343e-01	0.000000e+00	9.512315e-02	6.985594e-02	2.439467e-02	2.011935e-01	9.285288e-02	1.604606e-01	2.326701e-01	5.942711e-02	4.362749e-02	2.072620e-02	4.544712e-01	3.275786e-01	3.389302e-01	1.099432e-01	1.919223e-01	2.049284e-01	1.378784e-01	2.744934e-01	2.879075e-01	0.000000e+00	7.894268e-03	1.214193e-02	8.339523e-01	2.267476e-01
8.339523e-01	0.000000e+00	7.333103e-02	1.063750e-02	1.850464e-01	1.338115e-01	5.911343e-01	0.000000e+00	9.512315e-02	6.985594e-02	2.439467e-02	2.011935e-01	9.285288e-02	1.604606e-01	2.326701e-01	5.942711e-02	4.362749e-02	2.072620e-02	5.017881e-01	3.275786e-01	3.389302e-01	1.099432e-01	1.919223e-01	2.049284e-01	1.378784e-01	2.744934e-01	2.879075e-01	0.000000e+00	7.894268e-03	1.214193e-02	8.339523e-01	2.285361e-01
8.339523e-01	0.000000e+00	7.333103e-02	1.063750e-02	1.850464e-01	1.338115e-01	5.911343e-01	0.000000e+00	9.512315e-02	6.985594e-02	2.439467e-02	2.011935e-01	9.285288e-02	1.604606e-01	2.326701e-01	5.942711e-02	4.362749e-02	2.072620e-02	5.017881e-01	3.275786e-01	3.389302e-01	1.099432e-01	1.919223e-01	2.049284e-01	1.378784e-01	2.744934e-01	2.879075e-01	0.000000e+00	7.894268e-03	1.214193e-02	8.339523e-01	2.285361e-01
8.339523e-01	0.000000e+00	7.333103e-02	1.063750e-02	1.850464e-01	1.338115e-01	5.911343e-01	0.000000e+00	9.512315e-02	6.985594e-02	2.439467e-02	2.011935e-01	9.285288e-02	1.604606e-01	2.326701e-01	5.942711e-02	4.362749e-02	2.072620e-02	5.017881e-01	3.275786e-01	3.389302e-01	1.099432e-01	1.919223e-01	2.049284e-01	1.378784e-01	2.744934e-01	2.879075e-01	0.000000e+00	7.894268e-03	1.214193e-02	8.339523e-01	2.285361e-01
8.339523e-01	0.000000e+00	7.333103e-02	1.063750e-02	1.850464e-01	1.338115e-01	5.911343e-01	0.000000e+00	9.512315e-02	6.985594e-02	2.439467e-02	2.011935e-01	9.285288e-02	1.604606e-01	2.326701e-01	5.942711e-02	4.362749e-02	2.072620e-02	5.017881e-01	3.275786e-01	3.389302e-01	1.329086e-01	1.919223e-01	2.049284e-01	1.378784e-01	2.744934e-01	2.879075e-01	0.000000e+00	7.894268e-03	1.214193e-02	8.339523e-01	2.335476e-01
8.339523e-01	0.000000e+00	7.333103e-02	1.063750e-02	1.850464e-01	1.338115e-01	5.911343e-01	0.000000e+00	9.512315e-02	1.740493e-01	2.439467e-02	2.011935e-01	9.285288e-02	1.604606e-01	2.326701e-01	5.942711e-02	4.362749e-02	2.072620e-02	5.017881e-01	3.275786e-01	3.389302e-01	1.329086e-01	1.919223e-01	2.049284e-01	1.378784e-01	2.744934e-01	2.879075e-01	0.000000e+00	7.894268e-03	1.214193e-02	8.339523e-01	2.563241e-01
8.339523e-01	0.000000e+00	7.333103e-02	1.063750e-02	1.850464e-01	1.338115e-01	5.911343e-01	0.000000e+00	9.512315e-02	1.740493e-01	2.439467e-02	2.011935e-01	9.285288e-02	1.604606e-01	2.326701e-01	5.942711e-02	4.362749e-02	2.072620e-02	5.017881e-01	3.275786e-01	3.389302e-01	1.329086e-01	1.919223e-01	2.049284e-01	1.378784e-01	2.744934e-01	2.879075e-01	0.000000e+00	7.553609e-02	1.214193e-02	8.339523e-01	2.711449e-01
8.339523e-01	0.000000e+00	7.333103e-02	1.063750e-02	1.850464e-01	1.338115e-01	5.911343e-01	0.000000e+00	9.512315e-02	1.740493e-01	2.439467e-02	2.011935e-01	9.285288e-02	1.604606e-01	2.326701e-01	5.942711e-02	4.362749e-02	2.072620e-02	5.017881e-01	3.275786e-01	3.389302e-01	1.329086e-01	1.919223e-01	2.049284e-01	1.378784e-01	2.744934e-01	2.879075e-01	0.000000e+00	7.553609e-02	1.214193e-02	8.339523e-01	2.711449e-01
8.339523e-01	0.000000e+00	7.333103e-02	1.063750e-02	1.850464e-01	1.338115e-01	5.911343e-01	0.000000e+00	9.512315e-02	1.740493e-01	2.439467e-02	2.011935e-01	9.285288e-02	1.604606e-01	2.326701e-01	5.942711e-02	4.362749e-02	2.072620e-02	5.017881e-01	3.275786e-01	3.389302e-01	1.329086e-01	1.919223e-01	2.049284e-01	1.378784e-01	2.744934e-01	2.879075e-01	0.000000e+00	7.553609e-02	1.214193e-02	8.339523e-01	2.711449e-01
8.339523e-01	0.000000e+00	7.333103e-02	1.063750e-02	1.850464e-01	1.338115e-01	5.911343e-01	0.000000e+00	9.512315e-02	1.740493e-01	2.439467e-02	2.011935e-01	9.285288e-02	1.604606e-01	2.326701e-01	5.942711e-02	4.362749e-02	2.072620e-02	5.017881e-01	3.275786e-01	3.389302e-01	2.086709e-01	1.919223e-01	2.049284e-01	1.378784e-01	2.744934e-01	3.277237e-01	0.000000e+00	7.553609e-02	1.214193e-02	8.339523e-01	2.965306e-01
8.339523e-01	0.000000e+00	7.616882e-01	1.022628e-01	1.528845e-01	1.338115e-01	5.665054e-01	0.000000e+00	2.010261e-01	1.073383e-01	4.391041e-02	7.497898e-02	6.861706e-02	1.604606e-01	2.326701e-01	5.942711e-02	4.362749e-02	2.072620e-02	4.533871e-01	3.275786e-01	3.389302e-01	3.203732e-02	1.919223e-01	1.787278e-01	8.013695e-02	2.811036e-01	3.277237e-01	0.000000e+00	7.553609e-02	0.000000e+00	8.339523e-01	3.665296e-01
8.339523e-01	0.000000e+00	7.616882e-01	1.022628e-01	1.528845e-01	1.338115e-01	5.665054e-01	0.000000e+00	2.010261e-01	1.073383e-01	4.391041e-02	7.497898e-02	6.861706e-02	1.604606e-01	2.326701e-01	5.942711e-02	4.362749e-02	2.072620e-02	4.533871e-01	3.275786e-01	3.389302e-01	3.203732e-02	1.919223e-01	1.787278e-01	8.013695e-02	2.811036e-01	3.277237e-01	0.000000e+00	7.553609e-02	0.000000e+00	8.339523e-01	3.665296e-01
8.339523e-01	0.000000e+00	7.616882e-01	1.022628e-01	1.528845e-01	1.338115e-01	5.665054e-01	0.000000e+00	2.010261e-01	1.073383e-01	4.391041e-02	7.497898e-02	6.861706e-02	1.604606e-01	2.326701e-01	5.942711e-02	4.362749e-02	2.072620e-02	4.533871e-01	3.275786e-01	3.389302e-01	3.203732e-02	1.919223e-01	1.787278e-01	8.013695e-02	2.811036e-01	3.277237e-01	0.000000e+00	7.553609e-02	0.000000e+00	8.339523e-01	3.665296e-01
8.339523e-01	0.000000e+00	7.616882e-01	1.022628e-01	1.528845e-01	1.338115e-01	5.665054e-01	0.000000e+00	2.010261e-01	1.073383e-01	4.391041e-02	7.497898e-02	6.861706e-02	1.604606e-01	2.326701e-01	5.942711e-02	4.362749e-02	2.072620e-02	4.533871e-01	3.275786e-01	3.389302e-01	3.203732e-02	1.919223e-01	1.787278e-01	8.013695e-02	2.811036e-01	3.277237e-01	0.000000e+00	7.553609e-02	0.000000e+00	8.339523e-01	3.665296e-01
8.339523e-01	0.000000e+00	7.616882e-01	1.022628e-01	1.528845e-01	1.338115e-01	5.665054e-01	0.000000e+00	2.010261e-01	1.073383e-01	4.391041e-02	7.497898e-02	6.861706e-02	1.604606e-01	2.326701e-01	5.942711e-02	4.362749e-02	2.072620e-02	4.533871e-01	3.275786e-01	3.389302e-01	3.203732e-02	1.919223e-01	1.787278e-01	8.013695e-02	2.811036e-01	3.277237e-01	0.000000e+00	7.553609e-02	0.000000e+00	8.339523e-01	3.665296e-01
8.339523e-01	0.000000e+00	7.616882e-01	2.879687e-02	6.418695e-02	1.338115e-01	5.665054e-01	3.986504e-02	9.745734e-02	1.073383e-01	4.391041e-02	7.497898e-02	4.060161e-02	1.604606e-01	2.012505e-01	5.942711e-02	1.892356e-02	2.072620e-02	4.533871e-01	2.236531e-02	4.288457e-01	3.203732e-02	1.919223e-01	1.787278e-01	8.013695e-02	2.493517e-01	3.277237e-01	0.000000e+00	3.561926e-03	0.000000e+00	8.339523e-01	2.281630e-01
8.339523e-01	0.000000e+00	7.616882e-01	2.879687e-02	6.418695e-02	1.338115e-01	5.665054e-01	3.986504e-02	9.745734e-02	1.073383e-01	4.391041e-02	7.497898e-02	4.060161e-02	1.604606e-01	2.012505e-01	5.942711e-02	1.892356e-02	2.072620e-02	4.533871e-01	2.236531e-02	4.288457e-01	3.203732e-02	1.919223e-01	1.787278e-01	8.013695e-02	2.493517e-01	3.277237e-01	0.000000e+00	3.561926e-03	0.000000e+00	8.339523e-01	2.281630e-01
8.339523e-01	0.000000e+00	7.616882e-01	2.879687e-02	6.418695e-02	1.338115e-01	5.665054e-01	3.986504e-02	9.745734e-02	1.073383e-01	4.391041e-02	7.497898e-02	4.060161e-02	1.604606e-01	2.012505e-01	5.942711e-02	1.892356e-02	2.072620e-02	4.533871e-01	2.236531e-02	4.288457e-01	3.203732e-02	1.919223e-01	1.787278e-01	8.013695e-02	2.493517e-01	3.277237e-01	0.000000e+00	3.561926e-03	0.000000e+00	8.339523e-01	2.281630e-01
8.339523e-01	0.000000e+00	7.616882e-01	2.879687e-02	6.418695e-02	1.338115e-01	5.665054e-01	3.986504e-02	9.745734e-02	1.073383e-01	4.391041e-02	7.497898e-02	4.060161e-02	1.604606e-01	2.012505e-01	5.942711e-02	1.892356e-02	2.072620e-02	4.533871e-01	2.236531e-02	4.288457e-01	3.203732e-02	1.919223e-01	1.787278e-01	8.013695e-02	2.493517e-01	3.277237e-01	0.000000e+00	3.561926e-03	0.000000e+00	8.339523e-01	2.281630e-01
8.339523e-01	0.000000e+00	7.616882e-01	2.879687e-02	6.418695e-02	1.338115e-01	5.665054e-01	3.986504e-02	9.745734e-02	1.073383e-01	4.391041e-02	7.497898e-02	4.060161e-02	1.604606e-01	2.012505e-01	5.942711e-02	1.892356e-02	2.072620e-02	4.533871e-01	2.236531e-02	4.288457e-01	3.203732e-02	1.919223e-01	1.787278e-01	8.013695e-02	2.493517e-01	3.277237e-01	0.000000e+00	3.561926e-03	0.000000e+00	8.339523e-01	2.281630e-01
8.339523e-01	0.000000e+00	7.616882e-01	2.879687e-02	6.418695e-02	1.338115e-01	5.665054e-01	3.986504e-02	9.745734e-02	1.073383e-01	4.391041e-02	7.497898e-02	4.060161e-02	1.604606e-01	2.012505e-01	5.942711e-02	1.892356e-02	2.072620e-02	4.533871e-01	2.236531e-02	4.288457e-01	3.203732e-02	1.919223e-01	1.787278e-01	8.013695e-02	2.493517e-01	3.277237e-01	0.000000e+00	3.561926e-03	0.000000e+00	8.339523e-01	2.281630e-01
8.339523e-01	0.000000e+00	7.616882e-01	2.879687e-02	6.418695e-02	1.338115e-01	5.665054e-01	3.986504e-02	9.745734e-02	1.073383e-01	4.391041e-02	7.497898e-02	4.060161e-02	1.604606e-01	2.012505e-01	5.942711e-02	1.892356e-02	2.072620e-02	4.533871e-01	2.236531e-02	4.288457e-01	3.203732e-02	1.919223e-01	1.787278e-01	8.013695e-02	2.493517e-01	3.277237e-01	0.000000e+00	3.561926e-03	0.000000e+00	8.339523e-01	2.281630e-01
6.411445e-01	0.000000e+00	7.616882e-01	2.879687e-02	6.418695e-02	1.338115e-01	5.364007e-01	3.986504e-02	9.745734e-02	1.073383e-01	4.391041e-02	7.497898e-02	0.000000e+00	1.629495e-01	2.012505e-01	9.511837e-02	1.892356e-02	2.072620e-02	4.533871e-01	2.236531e-02	4.288457e-01	3.203732e-02	1.912080e-01	1.787278e-01	8.013695e-02	2.493517e-01	2.016321e-01	0.000000e+00	3.561926e-03	0.000000e+00	6.411445e-01	4.782507e-01
6.411445e-01	0.000000e+00	7.616882e-01	2.879687e-02	6.418695e-02	1.338115e-01	5.364007e-01	3.986504e-02	9.745734e-02	1.073383e-01	4.391041e-02	7.497898e-02	0.000000e+00	1.629495e-01	2.012505e-01	9.511837e-02	1.892356e-02	2.072620e-02	4.533871e-01	2.236531e-02	4.288457e-01	3.203732e-02	1.912080e-01	1.787278e-01	8.013695e-02	2.493517e-01	2.016321e-01	0.000000e+00	3.561926e-03	0.000000e+00	6.411445e-01	4.782507e-01
6.411445e-01	0.000000e+00	7.616882e-01	2.879687e-02	6.418695e-02	1.338115e-01	5.364007e-01	3.986504e-02	9.745734e-02	1.073383e-01	4.391041e-02	7.497898e-02	0.000000e+00	1.629495e-01	2.012505e-01	9.511837e-02	1.892356e-02	2.072620e-02	4.533871e-01	2.236531e-02	4.288457e-01	3.203732e-02	1.912080e-01	1.787278e-01	8.013695e-02	2.493517e-01	2.016321e-01	0.000000e+00	3.561926e-03	0.000000e+00	6.411445e-01	4.782507e-01
6.411445e-01	0.000000e+00	7.616882e-01	2.879687e-02	6.418695e-02	1.338115e-01	5.364007e-01	3.986504e-02	9.745734e-02	1.073383e-01	4.391041e-02	7.497898e-02	0.000000e+00	1.629495e-01	2.012505e-01	9.511837e-02	1.892356e-02	2.072620e-02	4.533871e-01	2.236531e-02	4.288457e-01	3.203732e-02	1.912080e-01	1.787278e-01	8.013695e-02	2.493517e-01	2.016321e-01	0.000000e+00	3.561926e-03	0.000000e+00	6.411445e-01	4.782507e-01
6.411445e-01	0.000000e+00	7.616882e-01	2.879687e-02	6.418695e-02	1.338115e-01	5.364007e-01	3.986504e-02	9.745734e-02	1.073383e-01	4.391041e-02	7.497898e-02	0.000000e+00	1.629495e-01	2.012505e-01	9.511837e-02	1.892356e-02	2.072620e-02	4.533871e-01	2.236531e-02	4.288457e-01	3.203732e-02	1.912080e-01	1.787278e-01	8.013695e-02	2.493517e-01	2.016321e-01	0.000000e+00	3.561926e-03	0.000000e+00	6.411445e-01	4.782507e-01
6.411445e-01	0.000000e+00	7.616882e-01	2.879687e-02	6.418695e-02	1.338115e-01	5.364007e-01	3.986504e-02	9.745734e-02	1.073383e-01	4.391041e-02	7.497898e-02	0.000000e+00	1.629495e-01	2.012505e-01	9.511837e-02	1.892356e-02	2.072620e-02	4.533871e-01	2.236531e-02	4.288457e-01	3.203732e-02	1.912080e-01	1.787278e-01	8.013695e-02	2.493517e-01	2.016321e-01	0.000000e+00	3.561926e-03	0.000000e+00	6.411445e-01	4.782507e-01
6.411445e-01	0.000000e+00	7.616882e-01	2.879687e-02	6.418695e-02	1.338115e-01	5.364007e-01	3.986504e-02	9.745734e-02	1.073383e-01	4.391041e-02	7.497898e-02	0.000000e+00	1.629495e-01	2.012505e-01	9.511837e-02	1.892356e-02	2.072620e-02	4.533871e-01	2.236531e-02	4.288457e-01	3.203732e-02	1.912080e-01	1.787278e-01	8.013695e-02	2.493517e-01	2.016321e-01	0.000000e+00	3.561926e-03	0.000000e+00	6.411445e-01	4.782507e-01
6.411445e-01	0.000000e+00	7.616882e-01	2.879687e-02	6.418695e-02	1.338115e-01	5.364007e-01	3.986504e-02	9.745734e-02	1.073383e-01	4.391041e-02	7.497898e-02	0.000000e+00	1.629495e-01	2.012505e-01	9.511837e-02	1.892356e-02	2.072620e-02	4.533871e-01	2.236531e-02	4.288457e-01	3.203732e-02	1.912080e-01	1.787278e-01	8.013695e-02	2.493517e-01	2.016321e-01	0.000000e+00	3.561926e-03	0.000000e+00	6.411445e-01	4.782507e-01
6.411445e-01	0.000000e+00	7.616882e-01	2.879687e-02	6.418695e-02	1.338115e-01	5.364007e-01	3.986504e-02	9.745734e-02	1.073383e-01	4.391041e-02	7.497898e-02	0.000000e+00	1.629495e-01	2.012505e-01	9.511837e-02	1.892356e-02	2.072620e-02	4.533871e-01	2.236531e-02	4.288457e-01	3.203732e-02	1.912080e-01	1.787278e-01	8.013695e-02	2.493517e-01	2.016321e-01	0.000000e+00	3.561926e-03	0.000000e+00	6.411445e-01	4.782507e-01
6.411445e-01	0.000000e+00	7.616882e-01	2.879687e-02	6.418695e-02	1.338115e-01	5.364007e-01	3.986504e-02	9.745734e-02	1.073383e-01	4.391041e-02	7.497898e-02	0.000000e+00	1.629495e-01	2.012505e-01	9.511837e-02	1.892356e-02	2.072620e-02	4.533871e-01	2.236531e-02	4.288457e-01	3.203732e-02	1.912080e-01	1.787278e-01	8.013695e-02	2.493517e-01	2.016321e-01	0.000000e+00	3.561926e-03	0.000000e+00	6.411445e-01	4.782507e-01
6.411445e-01	0.000000e+00	7.616882e-01	2.879687e-02	6.418695e-02	1.338115e-01	5.364007e-01	3.986504e-02	9.745734e-02	1.073383e-01	4.391041e-02	7.497898e-02	0.000000e+00	1.629495e-01	2.012505e-01	9.511837e-02	1.892356e-02	2.072620e-02	4.533871e-01	2.236531e-02	4.288457e-01	3.203732e-02	1.912080e-01	1.787278e-01	8.013695e-02	2.493517e-01	2.016321e-01	0.000000e+00	3.561926e-03	0.000000e+00	6.411445e-01	4.782507e-01
6.411445e-01	0.000000e+00	7.616882e-01	3.360570e-02	6.418695e-02	1.174699e-01	5.418227e-01	3.986504e-02	0.000000e+00	1.073383e-01	3.986725e-02	3.289763e-02	0.000000e+00	1.629495e-01	2.012505e-01	9.511837e-02	1.892356e-02	2.740622e-02	4.533871e-01	2.236531e-02	4.288457e-01	2.260872e-02	1.913270e-01	2.219520e-01	9.461553e-02	2.255379e-01	2.016321e-01	0.000000e+00	4.452408e-03	0.000000e+00	6.411445e-01	4.514143e-01
6.411445e-01	0.000000e+00	7.616882e-01	3.360570e-02	6.418695e-02	1.174699e-01	5.418227e-01	3.986504e-02	0.000000e+00	1.073383e-01	3.986725e-02	3.289763e-02	0.000000e+00	1.629495e-01	2.012505e-01	9.511837e-02	1.892356e-02	2.740622e-02	4.533871e-01	2.236531e-02	4.288457e-01	2.260872e-02	1.913270e-01	2.219520e-01	9.461553e-02	2.255379e-01	2.016321e-01	0.000000e+00	4.452408e-03	0.000000e+00	6.411445e-01	4.514143e-01
6.411445e-01	5.324651e-02	7.616882e-01	3.360570e-02	6.418695e-02	1.174699e-01	5.418227e-01	3.986504e-02	0.000000e+00	1.073383e-01	3.986725e-02	3.289763e-02	0.000000e+00	1.629495e-01	2.012505e-01	9.511837e-02	1.095468e-01	2.740622e-02	4.533871e-01	2.236531e-02	4.288457e-01	2.260872e-02	1.913270e-01	2.219520e-01	2.365233e-02	2.255379e-01	2.016321e-01	0.000000e+00	4.452408e-03	0.000000e+00	6.411445e-01	4.680507e-01
6.411445e-01	5.324651e-02	7.616882e-01	3.360570e-02	6.418695e-02	1.174699e-01	5.418227e-01	3.986504e-02	0.000000e+00	1.073383e-01	3.986725e-02	3.289763e-02	0.000000e+00	1.629495e-01	2.012505e-01	9.511837e-02	1.095468e-01	2.740622e-02	4.533871e-01	2.236531e-02	4.288457e-01	2.260872e-02	1.913270e-01	2.219520e-01	2.365233e-02	2.255379e-01	2.016321e-01	0.000000e+00	4.452408e-03	0.000000e+00	6.411445e-01	4.680507e-01
6.411445e-01	5.324651e-02	7.616882e-01	3.360570e-02	6.418695e-02	1.174699e-01	5.418227e-01	3.986504e-02	0.000000e+00	1.073383e-01	3.986725e-02	3.289763e-02	0.000000e+00	1.629495e-01	2.012505e-01	9.511837e-02	1.095468e-01	2.740622e-02	4.533871e-01	2.236531e-02	4.288457e-01	2.260872e-02	1.913270e-01	2.219520e-01	2.365233e-02	2.255379e-01	2.016321e-01	0.000000e+00	4.452408e-03	0.000000e+00	6.411445e-01	4.680507e-01
6.411445e-01	5.324651e-02	7.616882e-01	3.360570e-02	6.418695e-02	1.174699e-01	5.418227e-01	3.986504e-02	0.000000e+00	1.073383e-01	3.986725e-02	3.289763e-02	0.000000e+00	1.629495e-01	2.012505e-01	9.511837e-02	1.095468e-01	2.740622e-02	4.533871e-01	2.236531e-02	4.288457e-01	2.260872e-02	1.913270e-01	2.219520e-01	2.365233e-02	2.255379e-01	2.016321e-01	0.000000e+00	4.452408e-03	0.000000e+00	6.411445e-01	4.680507e-01
6.411445e-01	5.324651e-02	7.616882e-01	3.360570e-02	6.418695e-02	1.174699e-01	5.418227e-01	3.986504e-02	0.000000e+00	1.073383e-01	3.986725e-02	2.217400e-01	0.000000e+00	1.629495e-01	2.012505e-01	9.511837e-02	6.544365e-02	2.740622e-02	3.468414e-01	8.386588e-02	4.288457e-01	4.850811e-02	1.913270e-01	2.271845e-01	2.365233e-02	2.255379e-01	2.016321e-01	0.000000e+00	4.452408e-03	0.000000e+00	6.411445e-01	4.979771e-01
6.411445e-01	5.324651e-02	7.616882e-01	3.360570e-02	6.418695e-02	1.174699e-01	5.418227e-01	3.986504e-02	0.000000e+00	1.073383e-01	3.986725e-02	2.217400e-01	0.000000e+00	1.629495e-01	2.012505e-01	6.162302e-02	6.544365e-02	2.740622e-02	3.468414e-01	8.386588e-02	4.288457e-01	4.850811e-02	1.913270e-01	2.271845e-01	2.365233e-02	2.255379e-01	2.016321e-01	0.000000e+00	4.452408e-03	0.000000e+00	6.411445e-01	4.903061e-01
6.411445e-01	5.324651e-02	7.616882e-01	3.360570e-02	6.418695e-02	1.174699e-01	5.418227e-01	3.986504e-02	0.000000e+00	1.073383e-01	3.986725e-02	2.217400e-01	0.000000e+00	1.629495e-01	2.012505e-01	6.162302e-02	6.544365e-02	2.740622e-02	3.468414e-01	8.386588e-02	4.288457e-01	4.850811e-02	1.913270e-01	2.271845e-01	2.365233e-02	2.255379e-01	2.016321e-01	0.000000e+00	4.452408e-03	0.000000e+00	6.411445e-01	4.903061e-01
6.411445e-01	5.324651e-02	7.616882e-01	3.360570e-02	6.418695e-02	1.174699e-01	5.418227e-01	3.986504e-02	0.000000e+00	1.073383e-01	3.986725e-02	2.217400e-01	0.000000e+00	1.629495e-01	2.012505e-01	6.162302e-02	6.544365e-02	2.740622e-02	3.468414e-01	8.386588e-02	4.288457e-01	4.850811e-02	1.913270e-01	2.271845e-01	2.365233e-02	2.255379e-01	2.016321e-01	0.000000e+00	4.452408e-03	0.000000e+00	6.411445e-01	4.903061e-01
6.411445e-01	2.088967e-01	4.991926e-01	3.360570e-02	6.418695e-02	0.000000e+00	5.418227e-01	3.986504e-02	7.578058e-02	0.000000e+00	1.156517e-02	2.217400e-01	0.000000e+00	2.515473e-01	2.012505e-01	1.421061e-01	6.544365e-02	2.740622e-02	2.720411e-02	8.386588e-02	4.469849e-01	4.850811e-02	1.913270e-01	2.271845e-01	2.365233e-02	2.255379e-01	2.697641e-01	0.000000e+00	5.028427e-02	0.000000e+00	6.411445e-01	4.212809e-01
6.411445e-01	2.088967e-01	4.991926e-01	3.360570e-02	6.418695e-02	0.000000e+00	5.418227e-01	3.986504e-02	7.578058e-02	0.000000e+00	1.156517e-02	2.217400e-01	0.000000e+00	2.515473e-01	2.012505e-01	1.421061e-01	6.544365e-02	2.740622e-02	2.720411e-02	8.386588e-02	4.469849e-01	4.850811e-02	1.913270e-01	2.271845e-01	2.365233e-02	2.255379e-01	2.697641e-01	0.000000e+00	5.028427e-02	0.000000e+00	6.411445e-01	4.212809e-01
6.386575e-01	1.648093e-01	4.991926e-01	3.360570e-02	2.467769e-01	0.000000e+00	5.766991e-01	9.936712e-02	7.578058e-02	0.000000e+00	1.156517e-02	2.217400e-01	2.946853e-02	2.515473e-01	2.157071e-01	1.421061e-01	2.375743e-02	2.513870e-02	2.720411e-02	8.386588e-02	4.469849e-01	4.850811e-02	2.034907e-01	2.271845e-01	2.365233e-02	2.109613e-01	2.697641e-01	0.000000e+00	5.028427e-02	0.000000e+00	6.386575e-01	4.941100e-01
6.386575e-01	1.648093e-01	4.991926e-01	3.360570e-02	2.467769e-01	0.000000e+00	6.165384e-01	9.936712e-02	7.578058e-02	0.000000e+00	1.156517e-02	2.217400e-01	2.946853e-02	2.515473e-01	2.157071e-01	1.421061e-01	2.375743e-02	2.513870e-02	2.720411e-02	8.386588e-02	4.469849e-01	4.850811e-02	2.034907e-01	2.271845e-01	2.365233e-02	2.109613e-01	2.697641e-01	0.000000e+00	5.028427e-02	0.000000e+00	6.386575e-01	5.032251e-01
6.386575e-01	1.648093e-01	4.991926e-01	3.360570e-02	2.467769e-01	0.000000e+00	6.165384e-01	9.936712e-02	7.578058e-02	0.000000e+00	1.156517e-02	2.217400e-01	2.946853e-02	2.515473e-01	2.157071e-01	1.421061e-01	2.375743e-02	2.513870e-02	2.720411e-02	8.386588e-02	4.469849e-01	4.850811e-02	2.034907e-01	2.271845e-01	2.365233e-02	2.109613e-01	2.697641e-01	0.000000e+00	5.028427e-02	0.000000e+00	6.386575e-01	5.032251e-01
6.386575e-01	1.648093e-01	4.991926e-01	3.360570e-02	2.467769e-01	0.000000e+00	6.165384e-01	9.936712e-02	7.578058e-02	0.000000e+00	4.288045e-02	2.217400e-01	2.946853e-02	2.515473e-01	2.157071e-01	1.421061e-01	2.375743e-02	0.000000e+00	2.720411e-02	8.386588e-02	4.469849e-01	4.850811e-02	2.034907e-01	2.174842e-01	2.365233e-02	2.109613e-01	2.697641e-01	0.000000e+00	5.028427e-02	0.000000e+00	6.386575e-01	5.024185e-01
6.386575e-01	1.648093e-01	4.991926e-01	3.360570e-02	2.467769e-01	0.000000e+00	6.165384e-01	9.936712e-02	7.578058e-02	0.000000e+00	4.288045e-02	2.217400e-01	2.946853e-02	2.515473e-01	2.157071e-01	1.421061e-01	2.375743e-02	0.000000e+00	2.720411e-02	8.386588e-02	4.469849e-01	4.850811e-02	2.034907e-01	2.174842e-01	2.365233e-02	2.109613e-01	2.697641e-01	0.000000e+00	5.028427e-02	0.000000e+00	6.386575e-01	5.024185e-01
6.386575e-01	1.648093e-01	5.460183e-01	4.995993e-02	2.572562e-01	0.000000e+00	8.138788e-01	4.915162e-02	7.578058e-02	0.000000e+00	0.000000e+00	1.524629e-01	0.000000e+00	2.515473e-01	1.985843e-01	1.438987e-01	2.375743e-02	0.000000e+00	4.080616e-02	4.982079e-02	4.825178e-01	4.850811e-02	2.034907e-01	2.669476e-01	2.365233e-02	2.109613e-01	2.697641e-01	0.000000e+00	5.028427e-02	0.000000e+00	6.386575e-01	5.318478e-01
6.386575e-01	1.648093e-01	5.460183e-01	4.995993e-02	2.718319e-01	0.000000e+00	8.138788e-01	4.915162e-02	7.578058e-02	0.000000e+00	0.000000e+00	1.524629e-01	0.000000e+00	2.515473e-01	1.985843e-01	1.438987e-01	2.375743e-02	0.000000e+00	4.080616e-02	4.982079e-02	4.825178e-01	4.850811e-02	2.034907e-01	2.669476e-01	2.365233e-02	2.109613e-01	2.697641e-01	0.000000e+00	0.000000e+00	0.000000e+00	6.386575e-01	5.236533e-01
6.386575e-01	1.648093e-01	5.460183e-01	5.925655e-02	2.718319e-01	0.000000e+00	7.883641e-01	4.915162e-02	7.578058e-02	0.000000e+00	0.000000e+00	1.524629e-01	0.000000e+00	2.515473e-01	1.985843e-01	1.438987e-01	2.375743e-02	0.000000e+00	4.080616e-02	4.982079e-02	4.825178e-01	4.850811e-02	2.590100e-01	2.669476e-01	2.365233e-02	2.109613e-01	2.697641e-01	0.000000e+00	0.000000e+00	0.000000e+00	6.386575e-01	5.326727e-01
6.386575e-01	1.648093e-01	6.336376e-01	5.925655e-02	2.718319e-01	0.000000e+00	7.883641e-01	4.915162e-02	7.578058e-02	0.000000e+00	0.000000e+00	1.524629e-01	0.000000e+00	2.515473e-01	1.985843e-01	1.299061e-01	2.375743e-02	0.000000e+00	4.080616e-02	4.982079e-02	4.825178e-01	4.850811e-02	2.590100e-01	2.669476e-01	2.365233e-02	2.109613e-01	2.697641e-01	0.000000e+00	0.000000e+00	0.000000e+00	6.386575e-01	5.495915e-01
6.386575e-01	1.648093e-01	6.336376e-01	5.925655e-02	2.718319e-01	0.000000e+00	7.883641e-01	4.915162e-02	7.578058e-02	0.000000e+00	0.000000e+00	1.524629e-01	0.000000e+00	2.515473e-01	1.985843e-01	1.299061e-01	2.375743e-02	0.000000e+00	4.080616e-02	4.982079e-02	4.825178e-01	4.850811e-02	2.590100e-01	2.669476e-01	2.365233e-02	2.109613e-01	2.697641e-01	0.000000e+00	0.000000e+00	0.000000e+00	6.386575e-01	5.495915e-01
6.386575e-01	1.648093e-01	6.336376e-01	5.925655e-02	2.718319e-01	0.000000e+00	7.883641e-01	4.915162e-02	7.578058e-02	0.000000e+00	0.000000e+00	1.524629e-01	0.000000e+00	2.515473e-01	1.985843e-01	1.299061e-01	2.375743e-02	0.000000e+00	4.080616e-02	4.982079e-02	4.825178e-01	4.850811e-02	2.590100e-01	2.669476e-01	2.365233e-02	2.109613e-01	2.697641e-01	0.000000e+00	0.000000e+00	0.000000e+00	6.386575e-01	5.495915e-01
6.386575e-01	1.648093e-01	6.336376e-01	5.925655e-02	2.718319e-01	0.000000e+00	7.883641e-01	4.915162e-02	7.578058e-02	0.000000e+00	0.000000e+00	1.524629e-01	0.000000e+00	2.515473e-01	1.985843e-01	1.299061e-01	2.375743e-02	0.000000e+00	4.080616e-02	4.982079e-02	4.825178e-01	4.850811e-02	2.590100e-01	2.669476e-01	2.365233e-02	2.109613e-01	2.697641e-01	0.000000e+00	0.000000e+00	0.000000e+00	6.386575e-01	5.495915e-01
6.386575e-01	1.648093e-01	6.336376e-01	5.925655e-02	2.718319e-01	0.000000e+00	7.883641e-01	4.915162e-02	7.578058e-02	0.000000e+00	0.000000e+00	1.524629e-01	0.000000e+00	2.515473e-01	1.985843e-01	1.299061e-01	2.375743e-02	0.000000e+00	4.080616e-02	4.982079e-02	4.825178e-01	4.850811e-02	2.590100e-01	2.669476e-01	2.365233e-02	2.109613e-01	2.697641e-01	0.000000e+00	0.000000e+00	0.000000e+00	6.386575e-01	5.495915e-01
6.386575e-01	1.648093e-01	6.336376e-01	5.925655e-02	2.718319e-01	0.000000e+00	7.883641e-01	4.915162e-02	7.578058e-02	0.000000e+00	0.000000e+00	1.524629e-01	0.000000e+00	2.515473e-01	1.985843e-01	1.299061e-01	2.375743e-02	0.000000e+00	4.080616e-02	4.982079e-02	4.825178e-01	4.850811e-02	2.590100e-01	2.669476e-01	2.365233e-02	2.109613e-01	2.697641e-01	0.000000e+00	0.000000e+00	0.000000e+00	6.386575e-01	5.495915e-01
6.386575e-01	1.648093e-01	6.336376e-01	5.668738e-02	2.718319e-01	0.000000e+00	7.262738e-01	4.915162e-02	7.578058e-02	0.000000e+00	2.259512e-01	1.524629e-01	0.000000e+00	2.515473e-01	1.985843e-01	1.299061e-01	2.375743e-02	0.000000e+00	4.080616e-02	1.519560e-01	4.825178e-01	4.850811e-02	4.100696e-01	8.874463e-02	2.365233e-02	2.109613e-01	2.360140e-01	0.000000e+00	0.000000e+00	0.000000e+00	6.386575e-01	5.962773e-01
6.386575e-01	1.648093e-01	6.336376e-01	5.668738e-02	2.718319e-01	0.000000e+00	7.262738e-01	4.915162e-02	7.578058e-02	0.000000e+00	2.259512e-01	1.524629e-01	0.000000e+00	2.515473e-01	1.985843e-01	1.299061e-01	2.375743e-02	0.000000e+00	4.080616e-02	1.519560e-01	4.825178e-01	4.850811e-02	4.100696e-01	8.874463e-02	2.365233e-02	2.109613e-01	2.360140e-01	0.000000e+00	0.000000e+00	0.000000e+00	6.386575e-01	5.962773e-01
6.386575e-01	1.648093e-01	6.336376e-01	5.668738e-02	2.718319e-01	0.000000e+00	7.262738e-01	4.915162e-02	7.578058e-02	0.000000e+00	2.259512e-01	1.524629e-01	0.000000e+00	2.515473e-01	1.985843e-01	1.299061e-01	2.375743e-02	0.000000e+00	4.080616e-02	1.519560e-01	4.825178e-01	4.850811e-02	4.100696e-01	8.874463e-02	2.365233e-02	2.109613e-01	2.360140e-01	0.000000e+00	0.000000e+00	0.000000e+00	6.386575e-01	5.962773e-01
6.386575e-01	1.648093e-01	6.336376e-01	5.668738e-02	2.718319e-01	0.000000e+00	7.262738e-01	4.915162e-02	7.578058e-02	0.000000e+00	2.259512e-01	1.524629e-01	0.000000e+00	2.515473e-01	1.985843e-01	1.299061e-01	2.375743e-02	0.000000e+00	4.080616e-02	1.519560e-01	4.825178e-01	4.850811e-02	4.100696e-01	8.874463e-02	2.365233e-02	2.109613e-01	2.360140e-01	0.000000e+00	0.000000e+00	0.000000e+00	6.386575e-01	5.962773e-01
6.386575e-01	1.648093e-01	6.336376e-01	5.668738e-02	2.718319e-01	0.000000e+00	7.262738e-01	4.915162e-02	7.578058e-02	0.000000e+00	2.259512e-01	1.524629e-01	0.000000e+00	2.515473e-01	1.985843e-01	1.299061e-01	2.375743e-02	0.000000e+00	4.080616e-02	1.519560e-01	4.825178e-01	4.850811e-02	4.100696e-01	8.874463e-02	2.365233e-02	2.109613e-01	2.360140e-01	0.000000e+00	0.000000e+00	0.000000e+00	6.386575e-01	5.962773e-01
6.386575e-01	1.648093e-01	6.336376e-01	5.668738e-02	2.718319e-01	0.000000e+00	7.262738e-01	4.915162e-02	7.578058e-02	0.000000e+00	2.259512e-01	1.524629e-01	0.000000e+00	2.515473e-01	1.985843e-01	1.299061e-01	2.375743e-02	0.000000e+00	4.080616e-02	1.519560e-01	4.825178e-01	4.850811e-02	4.100696e-01	8.874463e-02	2.365233e-02	2.109613e-01	2.360140e-01	0.000000e+00	0.000000e+00	0.000000e+00	6.386575e-01	5.962773e-01
6.386575e-01	1.648093e-01	6.336376e-01	5.668738e-02	2.718319e-01	0.000000e+00	7.262738e-01	4.915162e-02	7.578058e-02	0.000000e+00	2.259512e-01	1.524629e-01	0.000000e+00	2.515473e-01	1.985843e-01	1.299061e-01	2.375743e-02	0.000000e+00	4.080616e-02	1.519560e-01	4.825178e-01	4.850811e-02	4.100696e-01	8.874463e-02	2.365233e-02	2.109613e-01	2.360140e-01	0.000000e+00	0.000000e+00	0.000000e+00	6.386575e-01	5.962773e-01
6.386575e-01	1.648093e-01	6.336376e-01	5.668738e-02	2.718319e-01	0.000000e+00	7.262738e-01	4.915162e-02	7.578058e-02	0.000000e+00	2.259512e-01	1.524629e-01	0.000000e+00	2.515473e-01	1.985843e-01	1.299061e-01	2.375743e-02	0.000000e+00	4.080616e-02	1.519560e-01	4.825178e-01	4.850811e-02	4.100696e-01	8.874463e-02	2.365233e-02	2.109613e-01	2.360140e-01	0.000000e+00	0.000000e+00	0.000000e+00	6.386575e-01	5.962773e-01
6.386575e-01	1.648093e-01	6.336376e-01	5.668738e-02	2.718319e-01	0.000000e+00	7.262738e-01	4.915162e-02	7.578058e-02	0.000000e+00	2.259512e-01	1.524629e-01	0.000000e+00	2.515473e-01	1.985843e-01	1.299061e-01	2.375743e-02	0.000000e+00	4.080616e-02	1.519560e-01	4.825178e-01	4.850811e-02	4.100696e-01	8.874463e-02	2.365233e-02	2.109613e-01	2.360140e-01	0.000000e+00	0.000000e+00	0.000000e+00	6.386575e-01	5.962773e-01
6.386575e-01	1.648093e-01	6.336376e-01	5.668738e-02	2.718319e-01	0.000000e+00	7.262738e-01	4.915162e-02	7.578058e-02	0.000000e+00	2.259512e-01	1.524629e-01	0.000000e+00	2.515473e-01	1.985843e-01	1.299061e-01	2.375743e-02	0.000000e+00	4.080616e-02	1.519560e-01	4.825178e-01	4.850811e-02	4.100696e-01	8.874463e-02	2.365233e-02	2.109613e-01	2.360140e-01	0.000000e+00	0.000000e+00	0.000000e+00	6.386575e-01	5.962773e-01
6.386575e-01	1.648093e-01	6.336376e-01	5.668738e-02	2.718319e-01	0.000000e+00	7.262738e-01	4.915162e-02	7.578058e-02	0.000000e+00	2.259512e-01	1.524629e-01	0.000000e+00	2.515473e-01	1.985843e-01	1.299061e-01	2.375743e-02	0.000000e+00	4.080616e-02	1.519560e-01	4.825178e-01	4.850811e-02	4.100696e-01	8.874463e-02	2.365233e-02	2.109613e-01	2.360140e-01	0.000000e+00	0.000000e+00	0.000000e+00	6.386575e-01	5.962773e-01
4.627757e-01	5.288286e-02	6.336376e-01	5.668738e-02	2.718319e-01	0.000000e+00	2.218577e-01	4.915162e-02	7.578058e-02	0.000000e+00	2.259512e-01	1.524629e-01	0.000000e+00	2.515473e-01	1.985843e-01	1.299061e-01	2.375743e-02	0.000000e+00	4.080616e-02	1.519560e-01	3.759191e-01	4.850811e-02	4.100696e-01	8.874463e-02	7.338333e-02	2.109613e-01	2.360140e-01	0.000000e+00	1.629470e-01	0.000000e+00	4.627757e-01	8.313524e-01
4.627757e-01	5.288286e-02	6.336376e-01	5.668738e-02	2.718319e-01	0.000000e+00	2.218577e-01	4.915162e-02	7.578058e-02	0.000000e+00	2.259512e-01	1.524629e-01	0.000000e+00	2.515473e-01	1.985843e-01	1.299061e-01	2.375743e-02	0.000000e+00	4.080616e-02	1.519560e-01	3.759191e-01	4.850811e-02	4.100696e-01	8.874463e-02	7.338333e-02	2.109613e-01	2.360140e-01	0.000000e+00	1.629470e-01	0.000000e+00	4.627757e-01	8.313524e-01
4.627757e-01	5.288286e-02	6.336376e-01	5.668738e-02	2.718319e-01	0.000000e+00	2.218577e-01	4.915162e-02	7.578058e-02	0.000000e+00	2.259512e-01	1.524629e-01	0.000000e+00	2.515473e-01	1.985843e-01	1.299061e-01	2.375743e-02	0.000000e+00	4.080616e-02	1.519560e-01	3.759191e-01	4.850811e-02	4.100696e-01	8.874463e-02	7.338333e-02	2.109613e-01	2.360140e-01	0.000000e+00	1.629470e-01	0.000000e+00	4.627757e-01	8.313524e-01
4.627757e-01	5.288286e-02	6.336376e-01	5.668738e-02	2.718319e-01	0.000000e+00	2.218577e-01	4.915162e-02	7.578058e-02	0.000000e+00	2.259512e-01	1.524629e-01	0.000000e+00	2.515473e-01	1.985843e-01	1.299061e-01	2.375743e-02	0.000000e+00	4.080616e-02	1.519560e-01	3.759191e-01	4.850811e-02	4.100696e-01	8.874463e-02	7.338333e-02	2.109613e-01	2.360140e-01	0.000000e+00	1.629470e-01	0.000000e+00	4.627757e-01	8.313524e-01
4.627757e-01	5.288286e-02	6.336376e-01	5.668738e-02	2.833353e-01	7.840562e-03	2.218577e-01	4.330042e-02	7.578058e-02	0.000000e+00	2.259512e-01	1.348895e-01	0.000000e+00	2.515473e-01	2.040900e-01	1.919902e-01	1.484839e-02	3.770805e-02	8.699687e-03	9.519683e-02	4.025688e-01	4.850811e-02	4.100696e-01	7.957552e-02	5.515034e-02	2.588997e-02	2.360140e-01	0.000000e+00	1.629470e-01	1.576071e-02	4.627757e-01	7.913424e-01
4.627757e-01	5.288286e-02	6.336376e-01	5.668738e-02	2.833353e-01	7.840562e-03	2.218577e-01	4.330042e-02	7.578058e-02	0.000000e+00	2.259512e-01	1.348895e-01	0.000000e+00	2.515473e-01	2.040900e-01	1.919902e-01	1.484839e-02	3.770805e-02	8.699687e-03	9.519683e-02	4.025688e-01	4.850811e-02	4.100696e-01	7.957552e-02	5.515034e-02	2.588997e-02	2.360140e-01	0.000000e+00	1.629470e-01	1.576071e-02	4.627757e-01	7.913424e-01
4.627757e-01	5.288286e-02	6.336376e-01	5.668738e-02	2.833353e-01	7.840562e-03	2.218577e-01	4.330042e-02	7.578058e-02	0.000000e+00	2.259512e-01	1.348895e-01	0.000000e+00	2.515473e-01	2.040900e-01	1.919902e-01	1.484839e-02	3.770805e-02	8.699687e-03	9.519683e-02	4.025688e-01	4.850811e-02	4.100696e-01	7.957552e-02	5.515034e-02	2.588997e-02	2.360140e-01	0.000000e+00	1.629470e-01	1.576071e-02	4.627757e-01	7.913424e-01
4.627757e-01	5.288286e-02	6.336376e-01	5.668738e-02	2.833353e-01	7.840562e-03	2.218577e-01	4.330042e-02	7.578058e-02	0.000000e+00	2.259512e-01	1.348895e-01	0.000000e+00	2.515473e-01	2.040900e-01	1.919902e-01	1.484839e-02	3.770805e-02	8.699687e-03	9.519683e-02	4.025688e-01	4.850811e-02	4.100696e-01	7.957552e-02	5.515034e-02	2.588997e-02	2.360140e-01	0.000000e+00	1.629470e-01	1.576071e-02	4.627757e-01	7.913424e-01
4.627757e-01	5.288286e-02	6.336376e-01	5.668738e-02	2.833353e-01	7.840562e-03	2.218577e-01	4.330042e-02	7.578058e-02	0.000000e+00	2.259512e-01	1.348895e-01	0.000000e+00	2.515473e-01	2.040900e-01	1.919902e-01	1.484839e-02	3.770805e-02	8.699687e-03	9.519683e-02	4.025688e-01	4.850811e-02	4.100696e-01	7.957552e-02	5.515034e-02	2.588997e-02	2.360140e-01	0.000000e+00	1.629470e-01	1.576071e-02	4.627757e-01	7.913424e-01
4.627757e-01	5.288286e-02	6.336376e-01	5.668738e-02	2.833353e-01	7.840562e-03	2.218577e-01	4.330042e-02	7.578058e-02	0.000000e+00	2.259512e-01	1.348895e-01	0.000000e+00	2.515473e-01	2.040900e-01	1.919902e-01	1.484839e-02	3.770805e-02	8.699687e-03	9.519683e-02	4.025688e-01	4.850811e-02	4.100696e-01	7.957552e-02	5.515034e-02	2.588997e-02	2.360140e-01	0.000000e+00	1.629470e-01	1.576071e-02	4.627757e-01	7.913424e-01
4.627757e-01	5.288286e-02	6.336376e-01	5.668738e-02	2.833353e-01	7.840562e-03	2.218577e-01	4.330042e-02	7.578058e-02	0.000000e+00	2.259512e-01	1.348895e-01	0.000000e+00	2.515473e-01	2.040900e-01	1.919902e-01	1.484839e-02	3.770805e-02	8.699687e-03	9.519683e-02	4.025688e-01	4.850811e-02	4.100696e-01	7.957552e-02	5.515034e-02	2.588997e-02	2.360140e-01	0.000000e+00	1.629470e-01	1.576071e-02	4.627757e-01	7.913424e-01
4.627757e-01	1.032147e-01	6.336376e-01	5.668738e-02	2.249850e-01	7.840562e-03	2.218577e-01	1.530090e-01	7.578058e-02	0.000000e+00	1.129756e-01	1.348895e-01	0.000000e+00	7.325558e-02	2.040900e-01	1.919902e-01	1.484839e-02	5.035275e-02	8.699687e-03	9.519683e-02	3.858737e-01	3.881575e-02	4.100696e-01	7.957552e-02	5.515034e-02	2.588997e-02	2.329041e-01	0.000000e+00	1.687084e-01	1.576071e-02	4.627757e-01	7.433379e-01
4.627757e-01	1.032147e-01	6.336376e-01	5.668738e-02	2.249850e-01	7.840562e-03	2.218577e-01	1.530090e-01	7.578058e-02	0.000000e+00	1.129756e-01	1.348895e-01	0.000000e+00	7.325558e-02	2.040900e-01	1.919902e-01	1.484839e-02	5.035275e-02	8.699687e-03	9.519683e-02	3.858737e-01	3.881575e-02	4.100696e-01	7.957552e-02	5.515034e-02	2.588997e-02	2.329041e-01	0.000000e+00	1.687084e-01	1.576071e-02	4.627757e-01	7.433379e-01
4.497214e-01	1.032147e-01	5.586930e-01	5.668738e-02	2.249850e-01	7.840562e-03	2.218577e-01	1.530090e-01	7.578058e-02	0.000000e+00	1.129756e-01	2.187064e-01	0.000000e+00	7.325558e-02	2.040900e-01	1.919902e-01	4.920458e-02	2.800924e-02	9.856960e-02	1.583981e-01	3.858737e-01	5.040430e-02	4.239880e-01	8.227534e-02	5.400302e-02	2.588997e-02	1.982646e-01	0.000000e+00	1.687084e-01	1.576071e-02	4.497214e-01	7.738293e-01
4.497214e-01	1.032147e-01	5.586930e-01	5.668738e-02	2.249850e-01	7.840562e-03	2.218577e-01	1.530090e-01	7.578058e-02	0.000000e+00	1.129756e-01	2.187064e-01	0.000000e+00	7.325558e-02	2.040900e-01	1.919902e-01	4.920458e-02	2.800924e-02	9.856960e-02	1.583981e-01	3.858737e-01	5.040430e-02	4.239880e-01	8.227534e-02	5.400302e-02	2.588997e-02	1.982646e-01	0.000000e+00	1.687084e-01	1.576071e-02	4.497214e-01	7.738293e-01
4.497214e-01	1.032147e-01	5.586930e-01	5.668738e-02	2.249850e-01	7.840562e-03	2.218577e-01	1.530090e-01	7.578058e-02	0.000000e+00	1.129756e-01	2.187064e-01	0.000000e+00	7.325558e-02	2.040900e-01	1.919902e-01	4.920458e-02	2.800924e-02	9.856960e-02	1.583981e-01	3.858737e-01	5.040430e-02	4.239880e-01	8.227534e-02	5.400302e-02	2.588997e-02	1.982646e-01	0.000000e+00	1.687084e-01	1.576071e-02	4.497214e-01	7.738293e-01
4.497214e-01	1.032147e-01	5.586930e-01	5.668738e-02	2.249850e-01	7.840562e-03	2.218577e-01	1.530090e-01	7.578058e-02	0.000000e+00	1.129756e-01	2.187064e-01	0.000000e+00	7.325558e-02	2.040900e-01	1.919902e-01	4.920458e-02	2.800924e-02	9.856960e-02	1.583981e-01	3.858737e-01	5.040430e-02	4.239880e-01	8.227534e-02	5.400302e-02	2.588997e-02	1.982646e-01	0.000000e+00	1.687084e-01	1.576071e-02	4.497214e-01	7.738293e-01
4.497214e-01	1.032147e-01	5.586930e-01	5.668738e-02	2.249850e-01	7.840562e-03	2.218577e-01	1.530090e-01	7.578058e-02	0.000000e+00	1.129756e-01	2.187064e-01	0.000000e+00	7.325558e-02	2.040900e-01	1.919902e-01	4.920458e-02	2.800924e-02	9.856960e-02	1.583981e-01	3.858737e-01	5.040430e-02	4.239880e-01	8.227534e-02	5.400302e-02	2.588997e-02	1.982646e-01	0.000000e+00	1.687084e-01	1.576071e-02	4.497214e-01	7.738293e-01
4.497214e-01	1.032147e-01	5.586930e-01	5.668738e-02	2.249850e-01	7.840562e-03	2.218577e-01	1.530090e-01	7.578058e-02	0.000000e+00	1.129756e-01	2.187064e-01	0.000000e+00	7.325558e-02	2.040900e-01	1.919902e-01	4.920458e-02	2.800924e-02	9.856960e-02	1.583981e-01	3.858737e-01	5.040430e-02	4.239880e-01	8.227534e-02	5.400302e-02	2.588997e-02	1.982646e-01	0.000000e+00	1.687084e-01	1.576071e-02	4.497214e-01	7.738293e-01
4.497214e-01	1.032147e-01	5.586930e-01	5.668738e-02	2.249850e-01	7.840562e-03	2.218577e-01	1.530090e-01	7.578058e-02	0.000000e+00	1.129756e-01	2.187064e-01	0.000000e+00	7.325558e-02	2.040900e-01	1.919902e-01	4.920458e-02	2.800924e-02	9.856960e-02	1.583981e-01	3.858737e-01	5.040430e-02	4.239880e-01	8.227534e-02	5.400302e-02	2.588997e-02	1.982646e-01	0.000000e+00	1.687084e-01	1.576071e-02	4.497214e-01	7.738293e-01
4.497214e-01	1.032147e-01	5.586930e-01	5.668738e-02	2.249850e-01	7.840562e-03	2.218577e-01	1.530090e-01	7.578058e-02	0.000000e+00	1.129756e-01	2.187064e-01	0.000000e+00	7.325558e-02	2.040900e-01	1.919902e-01	4.920458e-02	2.800924e-02	9.856960e-02	1.583981e-01	3.858737e-01	5.040430e-02	4.239880e-01	8.227534e-02	5.400302e-02	2.588997e-02	1.982646e-01	0.000000e+00	1.687084e-01	1.576071e-02	4.497214e-01	7.738293e-01
4.497214e-01	1.032147e-01	5.586930e-01	5.668738e-02	2.249850e-01	7.840562e-03	2.218577e-01	1.530090e-01	7.578058e-02	0.000000e+00	1.129756e-01	2.187064e-01	0.000000e+00	7.325558e-02	2.040900e-01	1.919902e-01	4.920458e-02	2.800924e-02	9.856960e-02	1.583981e-01	3.858737e-01	5.040430e-02	4.239880e-01	8.227534e-02	5.400302e-02	2.588997e-02	1.982646e-01	0.000000e+00	1.687084e-01	1.576071e-02	4.497214e-01	7.738293e-01
4.497214e-01	1.032147e-01	5.586930e-01	5.668738e-02	2.249850e-01	7.840562e-03	2.218577e-01	1.530090e-01	7.578058e-02	0.000000e+00	1.129756e-01	2.187064e-01	0.000000e+00	7.325558e-02	2.040900e-01	1.919902e-01	4.920458e-02	2.800924e-02	9.856960e-02	1.583981e-01	3.858737e-01	5.040430e-02	4.239880e-01	8.227534e-02	5.400302e-02	2.588997e-02	1.982646e-01	0.000000e+00	1.687084e-01	1.576071e-02	4.497214e-01	7.738293e-01
4.497214e-01	1.032147e-01	5.586930e-01	5.668738e-02	2.249850e-01	7.840562e-03	2.218577e-01	1.530090e-01	7.578058e-02	0.000000e+00	1.129756e-01	2.187064e-01	0.000000e+00	7.325558e-02	2.040900e-01	1.919902e-01	4.920458e-02	2.800924e-02	9.856960e-02	1.583981e-01	3.858737e-01	5.040430e-02	4.239880e-01	8.227534e-02	5.400302e-02	2.588997e-02	1.982646e-01	0.000000e+00	1.687084e-01	1.576071e-02	4.497214e-01	7.738293e-01
4.366670e-01	4.358549e-02	4.837484e-01	2.859775e-02	2.373078e-01	7.840562e-03	2.281337e-01	2.211831e-01	7.846623e-02	0.000000e+00	1.129756e-01	1.542851e-01	4.312787e-01	0.000000e+00	1.392282e-01	6.195543e-02	6.638268e-02	1.683749e-02	1.435046e-01	2.215993e-01	3.858737e-01	6.199286e-02	4.412952e-01	8.362525e-02	5.342936e-02	1.501965e-01	1.809449e-01	4.324515e-02	2.180839e-01	1.515120e-02	4.366670e-01	9.285310e-01
4.366670e-01	4.358549e-02	4.837484e-01	2.859775e-02	2.373078e-01	7.840562e-03	2.281337e-01	2.211831e-01	7.846623e-02	0.000000e+00	1.129756e-01	1.542851e-01	4.312787e-01	0.000000e+00	1.392282e-01	6.195543e-02	6.638268e-02	1.683749e-02	1.435046e-01	2.215993e-01	3.858737e-01	6.199286e-02	4.412952e-01	8.362525e-02	5.342936e-02	1.501965e-01	1.809449e-01	4.324515e-02	2.180839e-01	1.515120e-02	4.366670e-01	9.285310e-01
4.366670e-01	4.358549e-02	4.837484e-01	2.859775e-02	2.373078e-01	7.840562e-03	2.281337e-01	2.211831e-01	7.846623e-02	0.000000e+00	1.129756e-01	1.542851e-01	4.312787e-01	0.000000e+00	1.392282e-01	6.195543e-02	6.638268e-02	1.683749e-02	1.435046e-01	2.215993e-01	3.858737e-01	6.199286e-02	4.412952e-01	8.362525e-02	5.342936e-02	1.501965e-01	1.809449e-01	4.324515e-02	2.180839e-01	1.515120e-02	4.366670e-01	9.285310e-01
4.366670e-01	4.358549e-02	4.837484e-01	2.859775e-02	2.373078e-01	7.840562e-03	2.281337e-01	2.211831e-01	7.846623e-02	0.000000e+00	1.129756e-01	1.542851e-01	4.312787e-01	0.000000e+00	1.392282e-01	6.195543e-02	6.638268e-02	1.683749e-02	1.435046e-01	2.215993e-01	3.858737e-01	6.199286e-02	4.412952e-01	8.362525e-02	5.342936e-02	1.501965e-01	1.809449e-01	4.324515e-02	2.180839e-01	1.515120e-02	4.366670e-01	9.285310e-01
4.366670e-01	4.358549e-02	4.837484e-01	2.859775e-02	2.373078e-01	7.840562e-03	2.281337e-01	2.211831e-01	7.846623e-02	0.000000e+00	1.129756e-01	1.542851e-01	4.312787e-01	0.000000e+00	1.392282e-01	6.195543e-02	6.638268e-02	1.683749e-02	1.435046e-01	2.215993e-01	3.858737e-01	6.199286e-02	4.412952e-01	8.362525e-02	5.342936e-02	1.501965e-01	1.809449e-01	4.324515e-02	2.180839e-01	1.515120e-02	4.366670e-01	9.285310e-01
4.301398e-01	1.635285e-02	4.837484e-01	0.000000e+00	2.373078e-01	7.840562e-03	2.344096e-01	2.382266e-01	8.115189e-02	0.000000e+00	1.129756e-01	1.542851e-01	4.312787e-01	0.000000e+00	1.067972e-01	0.000000e+00	8.356077e-02	8.418746e-03	1.659720e-01	2.215993e-01	3.858737e-01	6.489000e-02	4.586024e-01	8.430021e-02	5.342936e-02	2.745031e-01	1.463054e-01	4.324515e-02	2.180839e-01	1.454169e-02	4.301398e-01	9.900634e-01
4.301398e-01	1.635285e-02	4.837484e-01	0.000000e+00	2.373078e-01	7.840562e-03	2.344096e-01	2.382266e-01	8.115189e-02	0.000000e+00	1.129756e-01	1.542851e-01	4.312787e-01	0.000000e+00	1.067972e-01	0.000000e+00	8.356077e-02	8.418746e-03	1.659720e-01	2.215993e-01	3.858737e-01	6.489000e-02	4.586024e-01	8.430021e-02	5.342936e-02	2.745031e-01	1.463054e-01	4.324515e-02	2.180839e-01	1.454169e-02	4.301398e-01	9.900634e-01
4.301398e-01	1.635285e-02	4.837484e-01	0.000000e+00	2.373078e-01	7.840562e-03	2.344096e-01	2.382266e-01	8.115189e-02	0.000000e+00	1.129756e-01	1.542851e-01	4.312787e-01	0.000000e+00	1.067972e-01	0.000000e+00	8.356077e-02	8.418746e-03	1.659720e-01	2.215993e-01	3.858737e-01	6.489000e-02	4.586024e-01	8.430021e-02	5.342936e-02	2.745031e-01	1.463054e-01	4.324515e-02	2.180839e-01	1.454169e-02	4.301398e-01	9.900634e-01
4.301398e-01	1.635285e-02	4.837484e-01	0.000000e+00	2.373078e-01	7.840562e-03	2.344096e-01	2.382266e-01	8.115189e-02	0.000000e+00	1.129756e-01	1.542851e-01	4.312787e-01	0.000000e+00	1.067972e-01	0.000000e+00	8.356077e-02	8.418746e-03	1.659720e-01	2.215993e-01	3.858737e-01	6.489000e-02	4.586024e-01	8.430021e-02	5.342936e-02	2.745031e-01	1.463054e-01	4.324515e-02	2.180839e-01	1.454169e-02	4.301398e-01	9.900634e-01
4.301398e-01	0.000000e+00	4.695865e-01	0.000000e+00	2.100459e-01	7.840562e-03	2.344096e-01	2.383211e-01	8.646353e-02	0.000000e+00	1.538898e-01	1.542851e-01	6.469180e-01	0.000000e+00	1.421975e-01	0.000000e+00	8.356077e-02	1.262812e-02	1.659720e-01	2.769992e-01	3.858737e-01	5.839353e-02	4.532335e-01	8.430021e-02	6.929279e-02	2.745031e-01	1.463054e-01	5.108833e-02	2.180839e-01	1.454169e-02	4.301398e-01	1.066121e+00
4.301398e-01	0.000000e+00	4.695865e-01	0.000000e+00	2.100459e-01	7.840562e-03	2.344096e-01	2.383211e-01	8.646353e-02	0.000000e+00	1.538898e-01	1.542851e-01	6.469180e-01	0.000000e+00	1.421975e-01	0.000000e+00	8.356077e-02	1.262812e-02	1.659720e-01	2.769992e-01	3.858737e-01	5.839353e-02	4.532335e-01	8.430021e-02	6.929279e-02	2.745031e-01	1.463054e-01	5.108833e-02	2.180839e-01	1.454169e-02	4.301398e-01	1.066121e+00
4.301398e-01	0.000000e+00	4.695865e-01	0.000000e+00	2.100459e-01	7.840562e-03	2.344096e-01	2.383211e-01	8.646353e-02	0.000000e+00	1.538898e-01	1.542851e-01	6.469180e-01	0.000000e+00	1.421975e-01	0.000000e+00	8.356077e-02	1.262812e-02	1.659720e-01	2.769992e-01	3.858737e-01	5.839353e-02	4.532335e-01	8.430021e-02	6.929279e-02	2.745031e-01	1.463054e-01	5.108833e-02	2.180839e-01	1.454169e-02	4.301398e-01	1.066121e+00
4.210665e-01	1.377087e-02	4.837484e-01	1.455294e-02	2.434691e-01	7.840562e-03	2.281337e-01	3.399724e-01	7.846623e-02	0.000000e+00	1.129756e-01	1.542851e-01	4.260947e-01	0.000000e+00	1.067972e-01	0.000000e+00	7.497173e-02	1.125162e-02	1.659720e-01	2.215993e-01	3.858737e-01	6.199286e-02	4.412952e-01	8.430021e-02	5.342936e-02	2.745031e-01	1.463054e-01	4.324515e-02	2.435013e-01	1.454169e-02	4.210665e-01	1.116786e+00
4.210665e-01	0.000000e+00	4.837484e-01	7.276468e-03	1.858646e-01	7.840562e-03	2.219375e-01	2.892886e-01	9.043235e-02	0.000000e+00	1.948040e-01	2.196750e-01	4.260947e-01	0.000000e+00	1.067972e-01	0.000000e+00	7.497173e-02	1.125162e-02	1.659720e-01	2.215993e-01	3.440873e-01	5.044849e-02	4.392111e-01	1.124162e-01	5.342936e-02	2.745031e-01	1.285294e-01	4.324515e-02	3.078623e-01	0.000000e+00	4.210665e-01	1.123745e+00
2.575672e-01	4.705872e-02	4.556331e-01	0.000000e+00	2.918315e-01	6.006471e-06	2.378150e-01	2.380375e-01	7.052860e-02	9.684855e-02	3.114726e-02	2.350530e-02	0.000000e+00	5.053467e-02	4.120422e-02	4.646657e-02	1.028925e-02	0.000000e+00	1.684746e-01	1.107997e-01	4.694465e-01	7.788294e-02	4.693401e-01	2.806816e-02	2.170252e-02	2.557775e-02	1.818323e-01	2.801592e-02	6.394463e-02	1.371426e-01	2.575672e-01	1.083198e+00
2.575672e-01	4.705872e-02	4.556331e-01	0.000000e+00	2.918315e-01	6.006471e-06	2.378150e-01	2.380375e-01	7.052860e-02	9.684855e-02	3.114726e-02	2.350530e-02	0.000000e+00	5.053467e-02	4.120422e-02	4.646657e-02	1.028925e-02	0.000000e+00	1.684746e-01	1.107997e-01	4.694465e-01	7.788294e-02	4.693401e-01	2.806816e-02	2.170252e-02	2.557775e-02	1.818323e-01	2.801592e-02	6.394463e-02	1.371426e-01	2.575672e-01	1.083198e+00
2.575672e-01	4.705872e-02	4.556331e-01	0.000000e+00	2.918315e-01	6.006471e-06	2.378150e-01	2.380375e-01	7.052860e-02	9.684855e-02	3.114726e-02	2.350530e-02	0.000000e+00	5.053467e-02	4.120422e-02	4.646657e-02	1.028925e-02	0.000000e+00	1.684746e-01	1.107997e-01	4.694465e-01	7.788294e-02	4.693401e-01	2.806816e-02	2.170252e-02	2.557775e-02	1.818323e-01	2.801592e-02	6.394463e-02	1.371426e-01	2.575672e-01	1.083198e+00
2.575672e-01	4.705872e-02	4.556331e-01	0.000000e+00	2.918315e-01	6.006471e-06	2.378150e-01	2.380375e-01	7.052860e-02	9.684855e-02	3.114726e-02	2.350530e-02	0.000000e+00	5.053467e-02	4.120422e-02	4.646657e-02	1.028925e-02	0.000000e+00	1.684746e-01	1.107997e-01	4.694465e-01	7.788294e-02	4.693401e-01	2.806816e-02	2.170252e-02	2.557775e-02	1.818323e-01	2.801592e-02	6.394463e-02	1.371426e-01	2.575672e-01	1.083198e+00
2.575672e-01	4.705872e-02	4.556331e-01	0.000000e+00	2.918315e-01	6.006471e-06	2.378150e-01	2.380375e-01	7.052860e-02	9.684855e-02	3.114726e-02	2.350530e-02	0.000000e+00	5.053467e-02	4.120422e-02	4.646657e-02	1.028925e-02	0.000000e+00	1.684746e-01	1.107997e-01	4.694465e-01	7.788294e-02	4.693401e-01	2.806816e-02	2.170252e-02	2.557775e-02	1.818323e-01	2.801592e-02	6.394463e-02	1.371426e-01	2.575672e-01	1.083198e+00
2.575672e-01	4.705872e-02	4.556331e-01	0.000000e+00	2.918315e-01	6.006471e-06	2.378150e-01	2.380375e-01	7.052860e-02	9.684855e-02	3.114726e-02	2.350530e-02	0.000000e+00	5.053467e-02	4.120422e-02	4.646657e-02	1.028925e-02	0.000000e+00	1.684746e-01	1.107997e-01	4.694465e-01	7.788294e-02	4.693401e-01	2.806816e-02	2.170252e-02	2.557775e-02	1.818323e-01	2.801592e-02	6.394463e-02	1.371426e-01	2.575672e-01	1.083198e+00
2.575672e-01	4.705872e-02	4.556331e-01	0.000000e+00	2.918315e-01	6.006471e-06	2.378150e-01	2.380375e-01	7.052860e-02	9.684855e-02	3.114726e-02	2.350530e-02	0.000000e+00	5.053467e-02	4.120422e-02	4.646657e-02	1.028925e-02	0.000000e+00	1.684746e-01	1.107997e-01	4.694465e-01	7.788294e-02	4.693401e-01	2.806816e-02	2.170252e-02	2.557775e-02	1.818323e-01	2.801592e-02	6.394463e-02	1.371426e-01	2.575672e-01	1.083198e+00
2.575672e-01	4.705872e-02	4.556331e-01	0.000000e+00	2.918315e-01	6.006471e-06	2.378150e-01	2.380375e-01	7.052860e-02	9.684855e-02	3.114726e-02	2.350530e-02	0.000000e+00	5.053467e-02	4.120422e-02	4.646657e-02	1.028925e-02	0.000000e+00	1.684746e-01	1.107997e-01	4.694465e-01	7.788294e-02	4.693401e-01	2.806816e-02	2.170252e-02	2.557775e-02	1.818323e-01	2.801592e-02	6.394463e-02	1.371426e-01	2.575672e-01	1.083198e+00
2.575672e-01	4.705872e-02	4.556331e-01	0.000000e+00	2.918315e-01	6.006471e-06	2.378150e-01	2.380375e-01	7.052860e-02	9.684855e-02	3.114726e-02	2.350530e-02	0.000000e+00	5.053467e-02	4.120422e-02	4.646657e-02	1.028925e-02	0.000000e+00	1.684746e-01	1.107997e-01	4.694465e-01	7.788294e-02	4.693401e-01	2.806816e-02	2.170252e-02	2.557775e-02	1.818323e-01	2.801592e-02	6.394463e-02	1.371426e-01	2.575672e-01	1.083198e+00
2.575672e-01	4.705872e-02	4.556331e-01	0.000000e+00	2.918315e-01	6.006471e-06	2.378150e-01	2.380375e-01	7.052860e-02	9.684855e-02	3.114726e-02	2.350530e-02	0.000000e+00	5.053467e-02	4.120422e-02	4.646657e-02	1.028925e-02	0.000000e+00	1.684746e-01	1.107997e-01	4.694465e-01	7.788294e-02	4.693401e-01	2.806816e-02	2.170252e-02	2.557775e-02	1.818323e-01	2.801592e-02	6.394463e-02	1.371426e-01	2.575672e-01	1.083198e+00
2.575672e-01	4.705872e-02	4.556331e-01	7.605364e-06	2.918315e-01	6.006471e-06	2.377449e-01	2.380375e-01	7.052860e-02	9.684855e-02	1.974249e-02	2.350530e-02	0.000000e+00	5.053467e-02	6.335236e-02	4.646657e-02	1.028925e-02	0.000000e+00	1.684746e-01	1.107997e-01	4.694465e-01	7.788294e-02	4.693401e-01	2.806816e-02	2.170252e-02	2.557775e-02	1.698351e-01	2.801592e-02	6.394463e-02	1.161034e-01	2.575672e-01	1.077487e+00
2.575672e-01	4.705872e-02	4.556331e-01	7.605364e-06	2.918315e-01	6.006471e-06	2.377449e-01	2.380375e-01	7.052860e-02	9.684855e-02	1.974249e-02	2.350530e-02	0.000000e+00	5.053467e-02	6.335236e-02	4.646657e-02	1.028925e-02	0.000000e+00	1.684746e-01	1.107997e-01	4.694465e-01	7.788294e-02	4.693401e-01	2.806816e-02	2.170252e-02	2.557775e-02	1.698351e-01	2.801592e-02	6.394463e-02	1.161034e-01	2.575672e-01	1.077487e+00
2.506257e-01	8.442874e-03	4.556331e-01	3.802682e-06	3.224919e-01	6.006471e-06	2.376397e-01	2.380375e-01	7.052860e-02	9.082837e-04	3.114726e-02	6.312108e-03	0.000000e+00	5.053467e-02	8.550051e-02	4.087776e-02	1.028925e-02	0.000000e+00	1.736283e-01	1.107997e-01	4.694465e-01	8.161040e-02	4.727501e-01	2.806816e-02	0.000000e+00	2.557775e-02	1.758337e-01	5.139761e-02	0.000000e+00	1.792208e-01	2.506257e-01	1.068136e+00
2.506257e-01	8.442874e-03	4.556331e-01	3.802682e-06	3.224919e-01	6.006471e-06	2.376397e-01	2.380375e-01	7.052860e-02	9.082837e-04	3.114726e-02	6.312108e-03	0.000000e+00	5.053467e-02	8.550051e-02	4.087776e-02	1.028925e-02	0.000000e+00	1.736283e-01	1.107997e-01	4.694465e-01	8.161040e-02	4.727501e-01	2.806816e-02	0.000000e+00	2.557775e-02	1.758337e-01	5.139761e-02	0.000000e+00	1.792208e-01	2.506257e-01	1.068136e+00
2.506257e-01	8.442874e-03	4.556331e-01	3.802682e-06	3.224919e-01	6.006471e-06	2.376397e-01	2.380375e-01	7.052860e-02	9.082837e-04	3.114726e-02	6.312108e-03	0.000000e+00	5.053467e-02	8.550051e-02	4.087776e-02	1.028925e-02	0.000000e+00	1.736283e-01	1.107997e-01	4.694465e-01	8.161040e-02	4.727501e-01	2.806816e-02	0.000000e+00	2.557775e-02	1.758337e-01	5.139761e-02	0.000000e+00	1.792208e-01	2.506257e-01	1.068136e+00
2.506257e-01	8.442874e-03	4.556331e-01	3.802682e-06	3.224919e-01	6.006471e-06	2.376397e-01	2.380375e-01	7.052860e-02	9.082837e-04	3.114726e-02	6.312108e-03	0.000000e+00	5.053467e-02	8.550051e-02	4.087776e-02	1.028925e-02	0.000000e+00	1.736283e-01	1.107997e-01	4.694465e-01	8.161040e-02	4.727501e-01	2.806816e-02	0.000000e+00	2.557775e-02	1.758337e-01	5.139761e-02	0.000000e+00	1.792208e-01	2.506257e-01	1.068136e+00
2.506257e-01	8.442874e-03	4.556331e-01	3.802682e-06	3.224919e-01	6.006471e-06	2.376397e-01	2.380375e-01	7.052860e-02	9.082837e-04	3.114726e-02	6.312108e-03	0.000000e+00	5.053467e-02	8.550051e-02	4.087776e-02	1.028925e-02	0.000000e+00	1.736283e-01	1.107997e-01	4.694465e-01	8.161040e-02	4.727501e-01	2.806816e-02	0.000000e+00	2.557775e-02	1.758337e-01	5.139761e-02	0.000000e+00	1.792208e-01	2.506257e-01	1.068136e+00
2.506257e-01	8.442874e-03	4.556331e-01	3.802682e-06	3.224919e-01	6.006471e-06	2.376397e-01	2.380375e-01	7.052860e-02	9.082837e-04	3.114726e-02	6.312108e-03	0.000000e+00	5.053467e-02	8.550051e-02	4.087776e-02	1.028925e-02	0.000000e+00	1.736283e-01	1.107997e-01	4.694465e-01	8.161040e-02	4.727501e-01	2.806816e-02	0.000000e+00	2.557775e-02	1.758337e-01	5.139761e-02	0.000000e+00	1.792208e-01	2.506257e-01	1.068136e+00
2.436841e-01	3.161238e-02	4.556331e-01	7.605364e-06	2.765014e-01	6.006471e-06	2.377449e-01	2.380375e-01	7.052860e-02	9.684855e-02	1.974249e-02	0.000000e+00	0.000000e+00	5.053467e-02	6.335236e-02	4.423105e-02	1.028925e-02	0.000000e+00	1.710514e-01	1.107997e-01	4.694465e-01	8.533786e-02	4.761600e-01	2.806816e-02	6.960011e-02	2.557775e-02	1.698351e-01	3.736859e-02	3.692185e-02	1.161034e-01	2.436841e-01	1.106363e+00
2.436841e-01	3.161238e-02	4.556331e-01	7.605364e-06	2.765014e-01	6.006471e-06	2.377449e-01	2.380375e-01	7.052860e-02	9.684855e-02	1.974249e-02	3.612951e-02	0.000000e+00	5.053467e-02	6.335236e-02	4.423105e-02	1.028925e-02	0.000000e+00	1.710514e-01	1.107997e-01	4.694465e-01	8.533786e-02	4.761600e-01	2.806816e-02	6.960011e-02	2.557775e-02	1.698351e-01	3.736859e-02	3.692185e-02	1.161034e-01	2.436841e-01	1.115647e+00
2.436841e-01	3.161238e-02	4.556331e-01	7.605364e-06	2.765014e-01	6.006471e-06	2.377449e-01	2.380375e-01	7.052860e-02	9.684855e-02	1.974249e-02	3.612951e-02	0.000000e+00	5.053467e-02	6.335236e-02	4.423105e-02	1.028925e-02	0.000000e+00	1.710514e-01	1.107997e-01	4.694465e-01	8.533786e-02	4.761600e-01	2.806816e-02	6.960011e-02	2.557775e-02	1.698351e-01	3.736859e-02	3.692185e-02	1.161034e-01	2.436841e-01	1.115647e+00
2.298010e-01	7.795140e-02	4.556331e-01	0.000000e+00	3.162477e-01	9.009707e-06	2.342425e-01	2.380375e-01	7.807701e-03	9.082837e-04	3.114726e-02	1.806476e-02	0.000000e+00	6.130791e-02	8.550051e-02	4.198966e-02	0.000000e+00	0.000000e+00	1.736283e-01	1.107997e-01	4.694465e-01	9.095993e-02	4.352269e-01	2.806816e-02	0.000000e+00	2.557775e-02	2.547526e-01	3.014365e-02	0.000000e+00	1.555107e-01	2.298010e-01	1.168145e+00
2.298010e-01	7.795140e-02	4.556331e-01	0.000000e+00	3.162477e-01	9.009707e-06	2.342425e-01	2.380375e-01	7.807701e-03	9.082837e-04	3.114726e-02	1.806476e-02	0.000000e+00	6.130791e-02	8.550051e-02	4.198966e-02	0.000000e+00	0.000000e+00	1.736283e-01	1.107997e-01	4.694465e-01	9.095993e-02	4.352269e-01	2.806816e-02	0.000000e+00	2.557775e-02	2.547526e-01	3.014365e-02	0.000000e+00	1.555107e-01	2.298010e-01	1.168145e+00
2.298010e-01	7.795140e-02	4.556331e-01	0.000000e+00	3.162477e-01	9.009707e-06	2.342425e-01	2.380375e-01	7.807701e-03	9.082837e-04	3.114726e-02	1.806476e-02	0.000000e+00	6.130791e-02	8.550051e-02	4.198966e-02	0.000000e+00	0.000000e+00	1.736283e-01	1.107997e-01	4.694465e-01	9.095993e-02	4.352269e-01	2.806816e-02	0.000000e+00	2.557775e-02	2.547526e-01	3.014365e-02	0.000000e+00	1.555107e-01	2.298010e-01	1.168145e+00
2.298010e-01	7.795140e-02	4.556331e-01	0.000000e+00	3.162477e-01	9.009707e-06	2.342425e-01	2.380375e-01	7.807701e-03	9.082837e-04	3.114726e-02	1.806476e-02	0.000000e+00	6.130791e-02	8.550051e-02	4.198966e-02	0.000000e+00	0.000000e+00	1.736283e-01	1.107997e-01	4.694465e-01	9.095993e-02	4.352269e-01	2.806816e-02	0.000000e+00	2.557775e-02	2.547526e-01	3.014365e-02	0.000000e+00	1.555107e-01	2.298010e-01	1.168145e+00
2.298010e-01	7.795140e-02	4.556331e-01	0.000000e+00	3.162477e-01	9.009707e-06	2.342425e-01	2.380375e-01	7.807701e-03	9.082837e-04	3.114726e-02	1.806476e-02	0.000000e+00	6.130791e-02	8.550051e-02	4.198966e-02	0.000000e+00	0.000000e+00	1.736283e-01	1.107997e-01	4.694465e-01	9.095993e-02	4.352269e-01	2.806816e-02	0.000000e+00	2.557775e-02	2.547526e-01	3.014365e-02	0.000000e+00	1.555107e-01	2.298010e-01	1.168145e+00
2.298010e-01	7.795140e-02	4.556331e-01	0.000000e+00	3.162477e-01	9.009707e-06	2.342425e-01	2.380375e-01	7.807701e-03	9.082837e-04	3.114726e-02	1.806476e-02	0.000000e+00	6.130791e-02	8.550051e-02	4.198966e-02	0.000000e+00	0.000000e+00	1.736283e-01	1.107997e-01	4.694465e-01	9.095993e-02	4.352269e-01	2.806816e-02	0.000000e+00	2.557775e-02	2.547526e-01	3.014365e-02	0.000000e+00	1.555107e-01	2.298010e-01	1.168145e+00
2.228595e-01	6.057427e-02	5.146482e-01	0.000000e+00	3.151072e-01	2.762804e-02	2.465008e-01	1.342370e-01	6.998970e-02	9.082837e-04	0.000000e+00	1.986068e-02	0.000000e+00	6.130791e-02	1.030106e-02	3.800635e-02	0.000000e+00	0.000000e+00	1.736283e-01	1.107997e-01	3.978747e-01	7.052225e-02	4.352269e-01	1.700948e-01	5.011954e-02	1.678764e-01	2.333166e-01	0.000000e+00	1.884780e-01	2.069375e-01	2.228595e-01	1.310735e+00
2.228595e-01	6.057427e-02	5.146482e-01	0.000000e+00	3.151072e-01	2.762804e-02	2.465008e-01	1.342370e-01	6.998970e-02	9.082837e-04	0.000000e+00	1.986068e-02	0.000000e+00	6.130791e-02	1.030106e-02	3.800635e-02	0.000000e+00	0.000000e+00	1.736283e-01	1.107997e-01	3.978747e-01	7.052225e-02	4.352269e-01	1.700948e-01	5.011954e-02	1.678764e-01	2.333166e-01	0.000000e+00	1.884780e-01	2.069375e-01	2.228595e-01	1.310735e+00
2.228595e-01	6.057427e-02	5.146482e-01	0.000000e+00	3.151072e-01	2.762804e-02	2.465008e-01	1.342370e-01	6.998970e-02	9.082837e-04	0.000000e+00	1.986068e-02	0.000000e+00	6.130791e-02	1.030106e-02	3.800635e-02	0.000000e+00	0.000000e+00	1.736283e-01	1.107997e-01	3.978747e-01	7.052225e-02	4.352269e-01	1.700948e-01	5.011954e-02	1.678764e-01	2.333166e-01	0.000000e+00	1.884780e-01	2.069375e-01	2.228595e-01	1.310735e+00
2.171711e-01	6.057427e-02	5.146482e-01	1.107830e-02	3.151072e-01	0.000000e+00	2.465008e-01	1.479571e-01	6.998970e-02	9.082837e-04	0.000000e+00	1.986068e-02	5.318122e-02	6.130791e-02	1.030106e-02	5.058437e-02	4.717983e-02	8.104999e-02	1.736283e-01	7.033642e-03	3.978747e-01	7.052225e-02	4.352269e-01	1.700948e-01	1.401076e-02	1.678764e-01	2.333166e-01	0.000000e+00	1.873593e-01	2.105210e-01	2.171711e-01	1.368748e+00
2.159179e-01	1.523121e-01	5.146482e-01	6.345644e-03	3.349804e-01	6.006471e-06	2.447496e-01	1.342370e-01	3.012413e-01	2.270709e-03	0.000000e+00	0.000000e+00	8.445588e-02	3.357169e-02	2.137513e-02	2.941852e-02	1.023771e-01	3.163769e-02	6.871630e-03	0.000000e+00	4.204897e-01	1.402684e-01	5.586788e-01	1.700948e-01	1.531949e-02	1.678764e-01	1.191026e-01	9.351747e-03	1.700170e-01	2.266411e-01	2.159179e-01	1.441745e+00
2.159179e-01	1.523121e-01	5.146482e-01	6.345644e-03	3.224919e-01	6.006471e-06	2.447496e-01	2.380375e-01	3.012413e-01	2.270709e-03	3.114726e-02	2.350530e-02	8.445588e-02	5.053467e-02	8.550051e-02	2.941852e-02	6.929233e-02	0.000000e+00	6.871630e-03	1.107997e-01	4.204897e-01	1.402684e-01	5.586788e-01	1.700948e-01	1.531949e-02	2.557775e-02	1.578379e-01	9.310568e-03	1.700170e-01	2.266411e-01	2.159179e-01	1.486238e+00
1.924068e-01	9.014589e-02	5.142088e-01	1.661745e-02	3.162477e-01	0.000000e+00	2.500249e-01	0.000000e+00	2.063253e-01	9.082837e-04	3.114726e-02	2.147865e-02	7.977184e-02	4.937492e-02	9.103754e-02	6.745630e-02	4.317110e-02	2.470615e-02	0.000000e+00	0.000000e+00	5.867352e-01	9.874795e-02	5.911472e-01	5.110256e-02	0.000000e+00	2.557775e-02	6.866204e-02	1.398644e-02	1.868000e-01	2.284329e-01	1.924068e-01	1.538637e+00
1.924068e-01	9.014589e-02	5.142088e-01	1.661745e-02	3.162477e-01	0.000000e+00	2.500249e-01	0.000000e+00	2.063253e-01	9.082837e-04	3.114726e-02	2.147865e-02	7.977184e-02	4.937492e-02	9.103754e-02	6.745630e-02	4.317110e-02	2.470615e-02	0.000000e+00	0.000000e+00	5.867352e-01	9.874795e-02	5.911472e-01	5.110256e-02	0.000000e+00	2.557775e-02	6.866204e-02	1.398644e-02	1.868000e-01	2.284329e-01	1.924068e-01	1.538637e+00
1.924068e-01	9.014589e-02	5.142088e-01	1.661745e-02	3.162477e-01	0.000000e+00	2.500249e-01	0.000000e+00	2.063253e-01	9.082837e-04	3.114726e-02	2.147865e-02	7.977184e-02	4.937492e-02	9.103754e-02	6.745630e-02	4.317110e-02	2.470615e-02	0.000000e+00	0.000000e+00	5.867352e-01	9.874795e-02	5.911472e-01	5.110256e-02	0.000000e+00	2.557775e-02	6.866204e-02	1.398644e-02	1.868000e-01	2.284329e-01	1.924068e-01	1.538637e+00
1.924068e-01	9.014589e-02	5.142088e-01	1.661745e-02	3.162477e-01	0.000000e+00	2.500249e-01	0.000000e+00	2.063253e-01	9.082837e-04	3.114726e-02	2.147865e-02	7.977184e-02	4.937492e-02	9.103754e-02	6.745630e-02	4.317110e-02	2.470615e-02	0.000000e+00	0.000000e+00	5.867352e-01	9.874795e-02	5.911472e-01	5.110256e-02	0.000000e+00	2.557775e-02	6.866204e-02	1.398644e-02	1.868000e-01	2.284329e-01	1.924068e-01	1.538637e+00
8.744730e-02	8.028868e-02	5.143187e-01	1.107830e-02	3.349804e-01	0.000000e+00	2.473873e-01	0.000000e+00	1.552192e-01	3.178993e-03	0.000000e+00	1.401146e-02	5.318122e-02	3.030276e-02	2.137513e-02	5.058437e-02	4.717983e-02	6.495888e-02	3.435815e-03	7.033642e-03	5.552585e-01	7.750572e-02	5.733242e-01	8.085061e-02	6.351015e-03	9.672708e-02	3.433102e-02	1.166909e-02	1.870797e-01	2.105210e-01	8.744730e-02	1.617724e+00
8.744730e-02	8.028868e-02	5.143187e-01	1.107830e-02	3.349804e-01	0.000000e+00	2.473873e-01	0.000000e+00	1.552192e-01	3.178993e-03	0.000000e+00	1.401146e-02	5.318122e-02	3.030276e-02	2.137513e-02	5.058437e-02	4.717983e-02	6.495888e-02	3.435815e-03	7.033642e-03	5.552585e-01	7.750572e-02	5.733242e-01	8.085061e-02	6.351015e-03	9.672708e-02	3.433102e-02	1.166909e-02	1.870797e-01	2.105210e-01	8.744730e-02	1.617724e+00
8.744730e-02	8.028868e-02	5.143187e-01	1.107830e-02	3.349804e-01	0.000000e+00	2.473873e-01	0.000000e+00	1.552192e-01	3.178993e-03	0.000000e+00	1.401146e-02	5.318122e-02	3.030276e-02	2.137513e-02	5.058437e-02	4.717983e-02	6.495888e-02	3.435815e-03	7.033642e-03	5.552585e-01	7.750572e-02	5.733242e-01	8.085061e-02	6.351015e-03	9.672708e-02	3.433102e-02	1.166909e-02	1.870797e-01	2.105210e-01	8.744730e-02	1.617724e+00
1.035325e-01	8.028868e-02	5.144285e-01	1.107830e-02	3.349804e-01	0.000000e+00	2.447496e-01	2.744018e-02	8.891490e-02	4.768490e-03	0.000000e+00	1.401146e-02	5.318122e-02	4.545414e-02	2.137513e-02	5.058437e-02	5.953059e-02	8.104999e-02	3.435815e-03	7.033642e-03	5.237817e-01	7.409372e-02	5.440500e-01	1.105987e-01	1.531949e-02	6.115242e-02	5.149653e-02	1.282777e-02	1.873593e-01	2.105210e-01	1.035325e-01	1.614594e+00
1.035325e-01	8.028868e-02	5.144285e-01	1.107830e-02	3.349804e-01	0.000000e+00	2.447496e-01	2.744018e-02	8.891490e-02	4.768490e-03	0.000000e+00	1.401146e-02	5.318122e-02	4.545414e-02	2.137513e-02	5.058437e-02	5.953059e-02	8.104999e-02	3.435815e-03	7.033642e-03	5.237817e-01	7.409372e-02	5.440500e-01	1.105987e-01	1.531949e-02	6.115242e-02	5.149653e-02	1.282777e-02	1.873593e-01	2.105210e-01	1.035325e-01	1.614594e+00
1.035325e-01	8.028868e-02	5.144285e-01	1.107830e-02	3.349804e-01	0.000000e+00	2.447496e-01	2.744018e-02	8.891490e-02	4.768490e-03	0.000000e+00	1.401146e-02	5.318122e-02	4.545414e-02	2.137513e-02	5.058437e-02	5.953059e-02	8.104999e-02	3.435815e-03	7.033642e-03	5.237817e-01	7.409372e-02	5.440500e-01	1.105987e-01	1.531949e-02	6.115242e-02	5.149653e-02	1.282777e-02	1.873593e-01	2.105210e-01	1.035325e-01	1.614594e+00
1.035325e-01	8.028868e-02	5.144285e-01	1.107830e-02	3.349804e-01	0.000000e+00	2.447496e-01	2.744018e-02	8.891490e-02	4.768490e-03	0.000000e+00	1.401146e-02	5.318122e-02	4.545414e-02	2.137513e-02	5.058437e-02	5.953059e-02	8.104999e-02	3.435815e-03	7.033642e-03	5.237817e-01	7.409372e-02	5.440500e-01	1.105987e-01	1.531949e-02	6.115242e-02	5.149653e-02	1.282777e-02	1.873593e-01	2.105210e-01	1.035325e-01	1.614594e+00
1.035325e-01	8.028868e-02	5.144285e-01	1.107830e-02	3.349804e-01	0.000000e+00	2.447496e-01	2.744018e-02	8.891490e-02	4.768490e-03	0.000000e+00	1.401146e-02	5.318122e-02	4.545414e-02	2.137513e-02	5.058437e-02	5.953059e-02	8.104999e-02	3.435815e-03	7.033642e-03	5.237817e-01	7.409372e-02	5.440500e-01	1.105987e-01	1.531949e-02	6.115242e-02	5.149653e-02	1.282777e-02	1.873593e-01	2.105210e-01	1.035325e-01	1.614594e+00
1.035325e-01	8.028868e-02	5.144285e-01	1.107830e-02	3.349804e-01	0.000000e+00	2.447496e-01	2.744018e-02	8.891490e-02	4.768490e-03	0.000000e+00	1.401146e-02	5.318122e-02	4.545414e-02	2.137513e-02	5.058437e-02	5.953059e-02	8.104999e-02	3.435815e-03	7.033642e-03	5.237817e-01	7.409372e-02	5.440500e-01	1.105987e-01	1.531949e-02	6.115242e-02	5.149653e-02	1.282777e-02	1.873593e-01	2.105210e-01	1.035325e-01	1.614594e+00
1.035325e-01	8.028868e-02	5.144285e-01	1.107830e-02	3.349804e-01	0.000000e+00	2.447496e-01	2.744018e-02	8.891490e-02	4.768490e-03	0.000000e+00	1.401146e-02	5.318122e-02	4.545414e-02	2.137513e-02	5.058437e-02	5.953059e-02	8.104999e-02	3.435815e-03	7.033642e-03	5.237817e-01	7.409372e-02	5.440500e-01	1.105987e-01	1.531949e-02	6.115242e-02	5.149653e-02	1.282777e-02	1.873593e-01	2.105210e-01	1.035325e-01	1.614594e+00
8.744730e-02	8.028868e-02	5.143187e-01	1.107830e-02	3.349804e-01	0.000000e+00	2.473873e-01	0.000000e+00	1.552192e-01	3.178993e-03	0.000000e+00	1.401146e-02	5.318122e-02	3.030276e-02	2.137513e-02	5.058437e-02	4.717983e-02	6.495888e-02	3.435815e-03	7.033642e-03	5.552585e-01	7.750572e-02	5.733242e-01	8.085061e-02	6.351015e-03	9.672708e-02	3.433102e-02	1.166909e-02	1.870797e-01	2.105210e-01	8.744730e-02	1.617724e+00
8.744730e-02	8.028868e-02	5.143187e-01	1.107830e-02	3.349804e-01	0.000000e+00	2.473873e-01	0.000000e+00	1.552192e-01	3.178993e-03	0.000000e+00	1.401146e-02	5.318122e-02	3.030276e-02	2.137513e-02	5.058437e-02	4.717983e-02	6.495888e-02	3.435815e-03	7.033642e-03	5.552585e-01	7.750572e-02	5.733242e-01	8.085061e-02	6.351015e-03	9.672708e-02	3.433102e-02	1.166909e-02	1.870797e-01	2.105210e-01	8.744730e-02	1.617724e+00
7.607060e-02	8.028868e-02	5.144285e-01	1.107830e-02	3.349804e-01	0.000000e+00	2.447496e-01	2.744018e-02	1.959704e-01	2.724851e-03	0.000000e+00	1.401146e-02	5.318122e-02	5.615304e-03	2.137513e-02	5.058437e-02	4.717983e-02	8.104999e-02	3.435815e-03	7.033642e-03	5.237817e-01	7.409372e-02	5.440500e-01	1.105987e-01	1.531949e-02	1.678764e-01	0.000000e+00	9.351747e-03	1.873593e-01	2.105210e-01	7.607060e-02	1.646577e+00
7.136206e-02	3.229108e-02	5.143187e-01	1.107830e-02	3.349804e-01	0.000000e+00	2.473873e-01	0.000000e+00	2.215235e-01	3.178993e-03	0.000000e+00	1.401146e-02	6.645385e-02	3.030276e-02	2.137513e-02	5.058437e-02	4.717983e-02	6.495888e-02	0.000000e+00	7.033642e-03	5.552585e-01	7.750572e-02	5.733242e-01	9.572464e-02	6.351015e-03	1.323017e-01	3.433102e-02	1.051042e-02	1.870797e-01	2.105210e-01	7.136206e-02	1.658439e+00
5.527683e-02	8.028868e-02	5.142638e-01	1.107830e-02	3.333213e-01	0.000000e+00	2.473873e-01	2.744018e-02	1.550525e-01	2.384245e-03	0.000000e+00	1.401146e-02	5.902413e-02	0.000000e+00	3.130213e-02	5.151964e-02	2.247829e-02	8.104999e-02	3.435815e-03	7.033642e-03	5.237817e-01	7.921173e-02	5.879612e-01	0.000000e+00	1.390599e-02	1.678764e-01	2.574826e-02	9.351747e-03	1.870797e-01	2.105210e-01	5.527683e-02	1.676855e+00
5.527683e-02	8.028868e-02	5.142638e-01	1.107830e-02	3.333213e-01	0.000000e+00	2.473873e-01	2.744018e-02	1.550525e-01	2.384245e-03	0.000000e+00	1.401146e-02	5.902413e-02	0.000000e+00	3.130213e-02	5.151964e-02	2.247829e-02	8.104999e-02	3.435815e-03	7.033642e-03	5.237817e-01	7.921173e-02	5.879612e-01	0.000000e+00	1.390599e-02	1.678764e-01	2.574826e-02	9.351747e-03	1.870797e-01	2.105210e-01	5.527683e-02	1.676855e+00
5.527683e-02	8.028868e-02	5.142638e-01	1.107830e-02	3.333213e-01	0.000000e+00	2.473873e-01	2.744018e-02	1.550525e-01	2.384245e-03	0.000000e+00	1.401146e-02	5.902413e-02	0.000000e+00	3.130213e-02	5.151964e-02	2.247829e-02	8.104999e-02	3.435815e-03	7.033642e-03	5.237817e-01	7.921173e-02	5.879612e-01	0.000000e+00	1.390599e-02	1.678764e-01	2.574826e-02	9.351747e-03	1.870797e-01	2.105210e-01	5.527683e-02	1.676855e+00
5.176627e-02	3.229108e-02	5.144835e-01	1.107830e-02	3.349804e-01	0.000000e+00	2.473873e-01	6.272838e-02	2.215235e-01	3.178993e-03	0.000000e+00	1.401146e-02	5.512886e-02	4.735832e-02	2.851460e-02	5.035055e-02	6.211150e-02	8.709039e-02	1.717908e-03	7.033642e-03	5.080434e-01	6.793016e-02	5.294129e-01	7.017336e-02	1.224875e-02	9.672708e-02	2.574826e-02	1.166909e-02	1.870797e-01	2.105210e-01	5.176627e-02	1.706043e+00
4.079096e-02	1.238733e-01	5.168783e-01	9.840356e-03	3.348855e-01	0.000000e+00	3.507796e-01	7.208385e-02	2.506919e-02	1.479839e-02	0.000000e+00	2.760879e-02	6.097177e-02	1.370591e-02	1.745889e-01	6.890058e-02	6.562907e-02	1.501481e-01	0.000000e+00	1.380996e-02	4.964177e-01	8.851404e-02	5.555011e-01	9.761461e-02	7.129796e-03	1.474011e-01	0.000000e+00	4.659416e-02	2.577423e-01	2.105210e-01	4.079096e-02	1.879949e+00
1.373096e-02	8.028868e-02	5.143187e-01	1.107830e-02	3.496825e-01	0.000000e+00	2.473873e-01	7.057640e-02	2.215235e-01	3.178993e-03	0.000000e+00	1.401146e-02	5.707650e-02	5.403054e-02	3.565407e-02	5.058437e-02	4.717983e-02	6.107434e-02	0.000000e+00	7.033642e-03	5.237817e-01	7.750572e-02	5.733242e-01	0.000000e+00	2.095435e-04	1.145144e-01	3.433102e-02	1.051042e-02	1.873593e-01	2.105210e-01	1.373096e-02	1.928111e+00
1.373096e-02	8.028868e-02	5.143187e-01	1.107830e-02	3.496825e-01	0.000000e+00	2.473873e-01	7.057640e-02	2.215235e-01	3.178993e-03	0.000000e+00	1.401146e-02	5.707650e-02	5.403054e-02	3.565407e-02	5.058437e-02	4.717983e-02	6.107434e-02	0.000000e+00	7.033642e-03	5.237817e-01	7.750572e-02	5.733242e-01	0.000000e+00	2.095435e-04	1.145144e-01	3.433102e-02	1.051042e-02	1.873593e-01	2.105210e-01	1.373096e-02	1.928111e+00
1.373096e-02	8.028868e-02	5.143187e-01	1.107830e-02	3.496825e-01	0.000000e+00	2.473873e-01	7.057640e-02	2.215235e-01	3.178993e-03	0.000000e+00	1.401146e-02	5.707650e-02	5.403054e-02	3.565407e-02	5.058437e-02	4.717983e-02	6.107434e-02	0.000000e+00	7.033642e-03	5.237817e-01	7.750572e-02	5.733242e-01	0.000000e+00	2.095435e-04	1.145144e-01	3.433102e-02	1.051042e-02	1.873593e-01	2.105210e-01	1.373096e-02	1.928111e+00
0.000000e+00	8.028868e-02	5.143187e-01	1.107830e-02	3.496825e-01	0.000000e+00	2.460685e-01	2.744018e-02	2.215235e-01	3.576367e-03	0.000000e+00	1.401146e-02	5.610268e-02	5.593472e-02	2.633863e-02	5.058437e-02	4.100444e-02	7.516030e-02	3.435815e-03	7.033642e-03	5.237817e-01	7.665272e-02	5.660056e-01	0.000000e+00	0.000000e+00	1.145144e-01	3.862240e-02	1.051042e-02	1.872195e-01	2.105210e-01	0.000000e+00	2.089748e+00
0.000000e+00	8.028868e-02	5.143187e-01	1.107830e-02	3.496825e-01	0.000000e+00	2.460685e-01	2.744018e-02	2.215235e-01	3.576367e-03	0.000000e+00	1.401146e-02	5.610268e-02	5.593472e-02	2.633863e-02	5.058437e-02	4.100444e-02	7.516030e-02	3.435815e-03	7.033642e-03	5.237817e-01	7.665272e-02	5.660056e-01	0.000000e+00	0.000000e+00	1.145144e-01	3.862240e-02	1.051042e-02	1.872195e-01	2.105210e-01	0.000000e+00	2.089748e+00
