8.522283e-01	0.000000e+00	0.000000e+00	7.367385e-07	3.103246e-05	2.260984e-05	5.323753e-05	0.000000e+00	0.000000e+00	0.000000e+00	0.000000e+00	1.029964e-03	0.000000e+00	0.000000e+00	0.000000e+00	0.000000e+00	0.000000e+00	4.779388e-04	0.000000e+00	0.000000e+00	0.000000e+00	3.478573e-05	0.000000e+00	0.000000e+00	0.000000e+00	0.000000e+00	0.000000e+00	2.261765e-04	0.000000e+00	0.000000e+00	8.522283e-01	-7.729895e-01
8.459692e-01	0.000000e+00	2.484358e-04	0.000000e+00	0.000000e+00	1.884154e-05	0.000000e+00	0.000000e+00	0.000000e+00	0.000000e+00	0.000000e+00	0.000000e+00	0.000000e+00	1.208299e-06	0.000000e+00	0.000000e+00	0.000000e+00	0.000000e+00	2.461232e-04	4.115771e-06	0.000000e+00	6.408519e-05	2.044281e-04	0.000000e+00	1.306336e-03	7.734040e-06	0.000000e+00	5.439964e-05	0.000000e+00	0.000000e+00	8.459692e-01	-7.585998e-01
8.415977e-01	0.000000e+00	1.242179e-04	0.000000e+00	1.765830e-05	6.029292e-05	6.283694e-05	0.000000e+00	0.000000e+00	0.000000e+00	0.000000e+00	0.000000e+00	0.000000e+00	6.586133e-06	0.000000e+00	0.000000e+00	0.000000e+00	0.000000e+00	0.000000e+00	8.231543e-06	0.000000e+00	0.000000e+00	5.839268e-05	0.000000e+00	1.632920e-04	3.822629e-06	0.000000e+00	5.439964e-05	0.000000e+00	0.000000e+00	8.415977e-01	-7.297395e-01
8.396270e-01	7.214130e-04	0.000000e+00	3.069744e-08	0.000000e+00	1.507323e-05	0.000000e+00	0.000000e+00	0.000000e+00	0.000000e+00	0.000000e+00	0.000000e+00	0.000000e+00	7.033380e-06	0.000000e+00	0.000000e+00	0.000000e+00	0.000000e+00	0.000000e+00	8.231543e-06	0.000000e+00	3.706653e-05	8.177125e-05	0.000000e+00	6.531680e-04	4.363398e-06	1.536071e-04	1.106680e-04	0.000000e+00	0.000000e+00	8.396270e-01	-7.114478e-01
8.368490e-01	1.442826e-03	1.242179e-04	0.000000e+00	0.000000e+00	3.014646e-05	3.461827e-05	0.000000e+00	0.000000e+00	0.000000e+00	0.000000e+00	0.000000e+00	0.000000e+00	0.000000e+00	0.000000e+00	0.000000e+00	8.467085e-04	1.695827e-05	3.798810e-03	0.000000e+00	0.000000e+00	0.000000e+00	5.835348e-05	0.000000e+00	0.000000e+00	3.155656e-06	0.000000e+00	1.087993e-04	0.000000e+00	0.000000e+00	8.368490e-01	-6.801420e-01
8.349758e-01	0.000000e+00	9.937432e-04	0.000000e+00	1.426718e-05	2.637815e-05	0.000000e+00	0.000000e+00	0.000000e+00	0.000000e+00	0.000000e+00	0.000000e+00	0.000000e+00	2.355289e-05	0.000000e+00	1.616063e-02	0.000000e+00	1.806536e-05	2.895103e-03	1.028943e-05	0.000000e+00	6.166512e-05	0.000000e+00	0.000000e+00	9.158624e-04	2.411007e-06	2.097049e-05	0.000000e+00	2.389701e-06	0.000000e+00	8.349758e-01	-6.538813e-01
8.326744e-01	0.000000e+00	0.000000e+00	4.911590e-07	1.043455e-05	0.000000e+00	2.981857e-05	2.243221e-05	0.000000e+00	0.000000e+00	0.000000e+00	0.000000e+00	0.000000e+00	1.281336e-06	0.000000e+00	0.000000e+00	0.000000e+00	0.000000e+00	8.910414e-05	4.115771e-06	0.000000e+00	5.738444e-05	0.000000e+00	0.000000e+00	1.981622e-03	1.610896e-06	2.097049e-05	2.813105e-05	1.493563e-06	0.000000e+00	8.326744e-01	-6.244756e-01
8.308008e-01	0.000000e+00	2.276809e-02	0.000000e+00	4.131243e-05	2.699639e-05	2.370874e-05	4.486443e-05	0.000000e+00	0.000000e+00	0.000000e+00	0.000000e+00	0.000000e+00	8.016177e-06	0.000000e+00	0.000000e+00	0.000000e+00	0.000000e+00	6.140865e-04	8.231543e-06	0.000000e+00	7.580458e-05	1.635425e-04	0.000000e+00	1.632920e-04	3.144086e-06	0.000000e+00	0.000000e+00	5.974252e-07	0.000000e+00	8.308008e-01	-5.916360e-01
8.292880e-01	1.442826e-03	0.000000e+00	2.762769e-07	0.000000e+00	5.275630e-05	6.399607e-06	0.000000e+00	0.000000e+00	0.000000e+00	0.000000e+00	0.000000e+00	0.000000e+00	6.406681e-07	0.000000e+00	0.000000e+00	8.467085e-04	1.806536e-05	3.273607e-05	0.000000e+00	0.000000e+00	5.196934e-06	1.138471e-04	0.000000e+00	2.382404e-04	2.395571e-06	0.000000e+00	0.000000e+00	0.000000e+00	0.000000e+00	8.292880e-01	-5.700231e-01
8.269349e-01	0.000000e+00	2.484358e-04	0.000000e+00	3.154089e-05	4.898800e-05	0.000000e+00	0.000000e+00	0.000000e+00	0.000000e+00	0.000000e+00	0.000000e+00	0.000000e+00	4.816544e-06	0.000000e+00	0.000000e+00	0.000000e+00	0.000000e+00	2.133871e-04	0.000000e+00	0.000000e+00	4.149736e-05	0.000000e+00	0.000000e+00	1.306336e-03	6.805924e-06	0.000000e+00	5.439964e-05	0.000000e+00	0.000000e+00	8.269349e-01	-5.282027e-01
8.255407e-01	0.000000e+00	4.578462e-02	0.000000e+00	2.853436e-05	8.413924e-05	2.821866e-05	4.486443e-05	0.000000e+00	0.000000e+00	0.000000e+00	0.000000e+00	0.000000e+00	1.457142e-05	0.000000e+00	0.000000e+00	0.000000e+00	1.107091e-06	2.203562e-03	2.057886e-05	0.000000e+00	5.779658e-05	1.635425e-04	0.000000e+00	3.265840e-04	2.537622e-06	0.000000e+00	1.812651e-04	1.194850e-06	0.000000e+00	8.255407e-01	-4.938543e-01
6.527054e-01	0.000000e+00	0.000000e+00	0.000000e+00	6.176154e-06	6.029292e-05	0.000000e+00	0.000000e+00	0.000000e+00	0.000000e+00	0.000000e+00	0.000000e+00	0.000000e+00	1.687133e-05	0.000000e+00	0.000000e+00	0.000000e+00	0.000000e+00	6.547214e-05	0.000000e+00	0.000000e+00	5.664067e-06	1.635425e-04	0.000000e+00	0.000000e+00	4.498523e-06	0.000000e+00	0.000000e+00	0.000000e+00	0.000000e+00	6.527054e-01	-4.581915e-01
6.527054e-01	0.000000e+00	0.000000e+00	0.000000e+00	6.176154e-06	6.029292e-05	0.000000e+00	0.000000e+00	0.000000e+00	0.000000e+00	0.000000e+00	0.000000e+00	0.000000e+00	1.687133e-05	0.000000e+00	0.000000e+00	0.000000e+00	0.000000e+00	6.547214e-05	0.000000e+00	0.000000e+00	5.664067e-06	1.635425e-04	0.000000e+00	0.000000e+00	4.498523e-06	0.000000e+00	0.000000e+00	0.000000e+00	0.000000e+00	6.527054e-01	-4.581915e-01
6.501372e-01	7.214130e-04	0.000000e+00	0.000000e+00	0.000000e+00	0.000000e+00	0.000000e+00	0.000000e+00	0.000000e+00	0.000000e+00	0.000000e+00	0.000000e+00	0.000000e+00	8.070430e-06	0.000000e+00	0.000000e+00	4.233543e-04	1.806536e-05	5.977185e-04	8.231543e-06	0.000000e+00	7.557101e-05	1.386948e-04	0.000000e+00	2.824122e-04	3.656519e-06	0.000000e+00	0.000000e+00	5.974252e-07	0.000000e+00	6.501372e-01	-4.560201e-01
6.411021e-01	0.000000e+00	4.968716e-04	2.455795e-07	7.149886e-06	0.000000e+00	0.000000e+00	2.243221e-05	0.000000e+00	0.000000e+00	0.000000e+00	0.000000e+00	0.000000e+00	6.326631e-07	0.000000e+00	0.000000e+00	0.000000e+00	9.032679e-06	1.309443e-04	0.000000e+00	0.000000e+00	5.083972e-05	1.460797e-05	0.000000e+00	0.000000e+00	6.354755e-06	0.000000e+00	0.000000e+00	1.493563e-06	0.000000e+00	6.411021e-01	-4.167678e-01
6.364920e-01	0.000000e+00	0.000000e+00	0.000000e+00	0.000000e+00	3.933171e-05	0.000000e+00	0.000000e+00	2.957491e-04	0.000000e+00	0.000000e+00	0.000000e+00	0.000000e+00	0.000000e+00	0.000000e+00	0.000000e+00	0.000000e+00	1.806536e-05	3.545138e-03	0.000000e+00	0.000000e+00	0.000000e+00	0.000000e+00	0.000000e+00	0.000000e+00	3.169168e-06	0.000000e+00	1.653434e-04	0.000000e+00	0.000000e+00	6.364920e-01	-3.770807e-01
6.328413e-01	0.000000e+00	0.000000e+00	4.911590e-07	1.126926e-05	0.000000e+00	0.000000e+00	0.000000e+00	0.000000e+00	0.000000e+00	0.000000e+00	0.000000e+00	0.000000e+00	5.680584e-07	0.000000e+00	0.000000e+00	0.000000e+00	1.806536e-05	0.000000e+00	8.231543e-06	0.000000e+00	1.886705e-05	0.000000e+00	0.000000e+00	0.000000e+00	1.198270e-06	0.000000e+00	0.000000e+00	0.000000e+00	0.000000e+00	6.328413e-01	-3.386020e-01
6.291138e-01	0.000000e+00	0.000000e+00	0.000000e+00	1.152536e-07	0.000000e+00	0.000000e+00	0.000000e+00	0.000000e+00	0.000000e+00	0.000000e+00	0.000000e+00	0.000000e+00	3.396297e-06	1.074904e-02	0.000000e+00	0.000000e+00	5.535457e-07	0.000000e+00	8.231543e-06	0.000000e+00	5.777607e-06	2.921595e-05	0.000000e+00	6.729524e-05	0.000000e+00	0.000000e+00	0.000000e+00	0.000000e+00	0.000000e+00	6.291138e-01	-2.896048e-01
6.254396e-01	0.000000e+00	0.000000e+00	4.911590e-07	6.684583e-06	0.000000e+00	0.000000e+00	0.000000e+00	0.000000e+00	0.000000e+00	0.000000e+00	0.000000e+00	0.000000e+00	4.789486e-06	0.000000e+00	0.000000e+00	0.000000e+00	1.806536e-05	0.000000e+00	0.000000e+00	0.000000e+00	1.886705e-05	0.000000e+00	0.000000e+00	0.000000e+00	2.531792e-06	0.000000e+00	0.000000e+00	0.000000e+00	0.000000e+00	6.254396e-01	-2.391552e-01
6.219467e-01	0.000000e+00	0.000000e+00	0.000000e+00	0.000000e+00	0.000000e+00	1.279921e-05	0.000000e+00	0.000000e+00	0.000000e+00	0.000000e+00	0.000000e+00	0.000000e+00	1.586811e-05	0.000000e+00	0.000000e+00	0.000000e+00	0.000000e+00	6.547214e-05	0.000000e+00	0.000000e+00	0.000000e+00	1.459229e-04	0.000000e+00	0.000000e+00	3.453104e-06	0.000000e+00	0.000000e+00	0.000000e+00	0.000000e+00	6.219467e-01	-1.842315e-01
4.545771e-01	0.000000e+00	0.000000e+00	0.000000e+00	2.233204e-07	0.000000e+00	0.000000e+00	0.000000e+00	0.000000e+00	0.000000e+00	0.000000e+00	0.000000e+00	0.000000e+00	7.425257e-06	0.000000e+00	0.000000e+00	0.000000e+00	0.000000e+00	0.000000e+00	0.000000e+00	0.000000e+00	0.000000e+00	0.000000e+00	0.000000e+00	0.000000e+00	7.860585e-07	0.000000e+00	0.000000e+00	0.000000e+00	0.000000e+00	4.545771e-01	-1.241072e-01
4.545771e-01	0.000000e+00	0.000000e+00	0.000000e+00	2.233204e-07	0.000000e+00	0.000000e+00	0.000000e+00	0.000000e+00	0.000000e+00	0.000000e+00	0.000000e+00	0.000000e+00	7.425257e-06	0.000000e+00	0.000000e+00	0.000000e+00	0.000000e+00	0.000000e+00	0.000000e+00	0.000000e+00	0.000000e+00	0.000000e+00	0.000000e+00	0.000000e+00	7.860585e-07	0.000000e+00	0.000000e+00	0.000000e+00	0.000000e+00	4.545771e-01	-1.241072e-01
4.545771e-01	0.000000e+00	0.000000e+00	0.000000e+00	2.233204e-07	0.000000e+00	0.000000e+00	0.000000e+00	0.000000e+00	0.000000e+00	0.000000e+00	0.000000e+00	0.000000e+00	7.425257e-06	0.000000e+00	0.000000e+00	0.000000e+00	0.000000e+00	0.000000e+00	0.000000e+00	0.000000e+00	0.000000e+00	0.000000e+00	0.000000e+00	0.000000e+00	7.860585e-07	0.000000e+00	0.000000e+00	0.000000e+00	0.000000e+00	4.545771e-01	-1.241072e-01
4.509028e-01	0.000000e+00	0.000000e+00	0.000000e+00	0.000000e+00	0.000000e+00	0.000000e+00	0.000000e+00	0.000000e+00	0.000000e+00	0.000000e+00	0.000000e+00	0.000000e+00	0.000000e+00	0.000000e+00	0.000000e+00	0.000000e+00	0.000000e+00	1.309443e-04	0.000000e+00	0.000000e+00	3.207002e-05	0.000000e+00	0.000000e+00	0.000000e+00	0.000000e+00	0.000000e+00	0.000000e+00	0.000000e+00	0.000000e+00	4.509028e-01	-1.221808e-01
4.386675e-01	0.000000e+00	0.000000e+00	0.000000e+00	0.000000e+00	3.391477e-05	1.279921e-05	0.000000e+00	0.000000e+00	0.000000e+00	0.000000e+00	0.000000e+00	0.000000e+00	1.385363e-05	0.000000e+00	0.000000e+00	0.000000e+00	2.767729e-07	3.907208e-05	4.115771e-06	0.000000e+00	2.888803e-06	1.605309e-04	0.000000e+00	3.364762e-05	9.696292e-07	0.000000e+00	0.000000e+00	0.000000e+00	0.000000e+00	4.386675e-01	-7.341636e-02
4.303095e-01	0.000000e+00	0.000000e+00	0.000000e+00	0.000000e+00	0.000000e+00	0.000000e+00	0.000000e+00	0.000000e+00	0.000000e+00	0.000000e+00	0.000000e+00	0.000000e+00	1.398715e-05	0.000000e+00	0.000000e+00	0.000000e+00	0.000000e+00	8.000192e-03	3.292617e-05	0.000000e+00	0.000000e+00	2.219744e-04	0.000000e+00	0.000000e+00	3.035512e-06	2.097049e-05	0.000000e+00	1.911761e-05	0.000000e+00	4.303095e-01	-4.816560e-03
4.227580e-01	0.000000e+00	0.000000e+00	0.000000e+00	7.193013e-06	0.000000e+00	0.000000e+00	0.000000e+00	0.000000e+00	0.000000e+00	0.000000e+00	0.000000e+00	0.000000e+00	0.000000e+00	0.000000e+00	0.000000e+00	0.000000e+00	0.000000e+00	0.000000e+00	0.000000e+00	0.000000e+00	3.207002e-05	0.000000e+00	0.000000e+00	6.729524e-05	2.574574e-06	0.000000e+00	0.000000e+00	0.000000e+00	0.000000e+00	4.227580e-01	7.266869e-02
4.162785e-01	9.239615e-03	0.000000e+00	0.000000e+00	0.000000e+00	1.695738e-05	6.399607e-06	0.000000e+00	0.000000e+00	0.000000e+00	0.000000e+00	0.000000e+00	0.000000e+00	0.000000e+00	0.000000e+00	0.000000e+00	0.000000e+00	1.383864e-07	0.000000e+00	0.000000e+00	0.000000e+00	0.000000e+00	8.026544e-05	0.000000e+00	1.682381e-05	0.000000e+00	0.000000e+00	0.000000e+00	0.000000e+00	0.000000e+00	4.162785e-01	1.530447e-01
2.570603e-01	0.000000e+00	0.000000e+00	0.000000e+00	0.000000e+00	0.000000e+00	0.000000e+00	0.000000e+00	0.000000e+00	0.000000e+00	0.000000e+00	0.000000e+00	0.000000e+00	0.000000e+00	0.000000e+00	0.000000e+00	0.000000e+00	0.000000e+00	0.000000e+00	0.000000e+00	0.000000e+00	0.000000e+00	0.000000e+00	0.000000e+00	0.000000e+00	2.193043e-06	0.000000e+00	0.000000e+00	0.000000e+00	0.000000e+00	2.570603e-01	2.422266e-01
2.570603e-01	0.000000e+00	0.000000e+00	0.000000e+00	0.000000e+00	0.000000e+00	0.000000e+00	0.000000e+00	0.000000e+00	0.000000e+00	0.000000e+00	0.000000e+00	0.000000e+00	0.000000e+00	0.000000e+00	0.000000e+00	0.000000e+00	0.000000e+00	0.000000e+00	0.000000e+00	0.000000e+00	0.000000e+00	0.000000e+00	0.000000e+00	0.000000e+00	2.193043e-06	0.000000e+00	0.000000e+00	0.000000e+00	0.000000e+00	2.570603e-01	2.422266e-01
2.570603e-01	0.000000e+00	0.000000e+00	0.000000e+00	0.000000e+00	0.000000e+00	0.000000e+00	0.000000e+00	0.000000e+00	0.000000e+00	0.000000e+00	0.000000e+00	0.000000e+00	0.000000e+00	0.000000e+00	0.000000e+00	0.000000e+00	0.000000e+00	0.000000e+00	0.000000e+00	0.000000e+00	0.000000e+00	0.000000e+00	0.000000e+00	0.000000e+00	2.193043e-06	0.000000e+00	0.000000e+00	0.000000e+00	0.000000e+00	2.570603e-01	2.422266e-01
2.570603e-01	0.000000e+00	0.000000e+00	0.000000e+00	0.000000e+00	0.000000e+00	0.000000e+00	0.000000e+00	0.000000e+00	0.000000e+00	0.000000e+00	0.000000e+00	0.000000e+00	0.000000e+00	0.000000e+00	0.000000e+00	0.000000e+00	0.000000e+00	0.000000e+00	0.000000e+00	0.000000e+00	0.000000e+00	0.000000e+00	0.000000e+00	0.000000e+00	2.193043e-06	0.000000e+00	0.000000e+00	0.000000e+00	0.000000e+00	2.570603e-01	2.422266e-01
2.361640e-01	9.239615e-03	0.000000e+00	0.000000e+00	0.000000e+00	0.000000e+00	0.000000e+00	0.000000e+00	0.000000e+00	0.000000e+00	0.000000e+00	0.000000e+00	0.000000e+00	0.000000e+00	0.000000e+00	0.000000e+00	0.000000e+00	0.000000e+00	0.000000e+00	0.000000e+00	0.000000e+00	1.603501e-05	0.000000e+00	0.000000e+00	0.000000e+00	2.956104e-06	0.000000e+00	0.000000e+00	0.000000e+00	0.000000e+00	2.361640e-01	3.020060e-01
2.172819e-01	0.000000e+00	0.000000e+00	0.000000e+00	0.000000e+00	0.000000e+00	0.000000e+00	0.000000e+00	0.000000e+00	0.000000e+00	0.000000e+00	0.000000e+00	0.000000e+00	0.000000e+00	0.000000e+00	0.000000e+00	0.000000e+00	0.000000e+00	0.000000e+00	0.000000e+00	0.000000e+00	3.207002e-05	0.000000e+00	0.000000e+00	0.000000e+00	3.480330e-06	0.000000e+00	0.000000e+00	0.000000e+00	0.000000e+00	2.172819e-01	4.216160e-01
1.981326e-01	0.000000e+00	0.000000e+00	0.000000e+00	0.000000e+00	0.000000e+00	0.000000e+00	0.000000e+00	0.000000e+00	0.000000e+00	0.000000e+00	0.000000e+00	0.000000e+00	1.027452e-05	0.000000e+00	0.000000e+00	0.000000e+00	1.383864e-07	1.793783e-02	3.292617e-05	0.000000e+00	0.000000e+00	8.026544e-05	0.000000e+00	1.682381e-05	0.000000e+00	0.000000e+00	0.000000e+00	0.000000e+00	0.000000e+00	1.981326e-01	5.708597e-01
8.322615e-02	0.000000e+00	0.000000e+00	0.000000e+00	1.438603e-05	0.000000e+00	0.000000e+00	0.000000e+00	0.000000e+00	0.000000e+00	0.000000e+00	0.000000e+00	0.000000e+00	0.000000e+00	0.000000e+00	0.000000e+00	0.000000e+00	0.000000e+00	0.000000e+00	0.000000e+00	0.000000e+00	0.000000e+00	0.000000e+00	0.000000e+00	0.000000e+00	0.000000e+00	0.000000e+00	0.000000e+00	0.000000e+00	0.000000e+00	8.322615e-02	6.696589e-01
8.322615e-02	0.000000e+00	0.000000e+00	0.000000e+00	1.438603e-05	0.000000e+00	0.000000e+00	0.000000e+00	0.000000e+00	0.000000e+00	0.000000e+00	0.000000e+00	0.000000e+00	0.000000e+00	0.000000e+00	0.000000e+00	0.000000e+00	0.000000e+00	0.000000e+00	0.000000e+00	0.000000e+00	0.000000e+00	0.000000e+00	0.000000e+00	0.000000e+00	0.000000e+00	0.000000e+00	0.000000e+00	0.000000e+00	0.000000e+00	8.322615e-02	6.696589e-01
7.766511e-02	0.000000e+00	0.000000e+00	0.000000e+00	7.193013e-06	0.000000e+00	0.000000e+00	0.000000e+00	0.000000e+00	0.000000e+00	0.000000e+00	0.000000e+00	0.000000e+00	0.000000e+00	0.000000e+00	0.000000e+00	0.000000e+00	0.000000e+00	1.953604e-05	0.000000e+00	0.000000e+00	1.603501e-05	0.000000e+00	0.000000e+00	0.000000e+00	1.581336e-06	0.000000e+00	0.000000e+00	0.000000e+00	0.000000e+00	7.766511e-02	6.711948e-01
4.071850e-02	0.000000e+00	0.000000e+00	0.000000e+00	3.596506e-06	0.000000e+00	0.000000e+00	0.000000e+00	0.000000e+00	0.000000e+00	0.000000e+00	0.000000e+00	0.000000e+00	0.000000e+00	0.000000e+00	0.000000e+00	0.000000e+00	0.000000e+00	4.088800e-03	3.292617e-05	0.000000e+00	1.603501e-05	0.000000e+00	0.000000e+00	0.000000e+00	2.304693e-07	2.097049e-05	0.000000e+00	0.000000e+00	0.000000e+00	4.071850e-02	7.603736e-01
0.000000e+00	0.000000e+00	0.000000e+00	0.000000e+00	0.000000e+00	0.000000e+00	0.000000e+00	0.000000e+00	0.000000e+00	0.000000e+00	0.000000e+00	0.000000e+00	0.000000e+00	0.000000e+00	0.000000e+00	0.000000e+00	0.000000e+00	0.000000e+00	0.000000e+00	0.000000e+00	0.000000e+00	0.000000e+00	0.000000e+00	0.000000e+00	0.000000e+00	0.000000e+00	0.000000e+00	0.000000e+00	0.000000e+00	0.000000e+00	0.000000e+00	1.000000e+00
