8.507565e-01	0.000000e+00	0.000000e+00	0.000000e+00	4.038406e-05	9.638904e-04	0.000000e+00	5.782496e-05	0.000000e+00	0.000000e+00	1.317179e-04	4.445287e-03	0.000000e+00	6.385642e-04	2.896293e-08	0.000000e+00	1.254070e-04	0.000000e+00	1.041143e-04	0.000000e+00	1.611692e-03	8.446308e-04	7.831569e-04	0.000000e+00	0.000000e+00	5.043909e-05	0.000000e+00	1.562364e-03	1.432133e-04	0.000000e+00	8.507565e-01	-7.709559e-01
8.448050e-01	0.000000e+00	3.306992e-04	0.000000e+00	0.000000e+00	2.416196e-03	2.603460e-05	0.000000e+00	7.465985e-03	1.851512e-05	0.000000e+00	0.000000e+00	0.000000e+00	2.252467e-03	0.000000e+00	0.000000e+00	7.907341e-06	0.000000e+00	2.610588e-04	2.192796e-03	4.543755e-04	7.120959e-05	7.831569e-04	0.000000e+00	0.000000e+00	0.000000e+00	0.000000e+00	2.023364e-03	1.236282e-04	8.181812e-04	8.448050e-01	-7.494798e-01
8.414682e-01	0.000000e+00	2.331304e-04	0.000000e+00	4.038406e-05	1.018917e-03	2.153231e-05	1.307590e-03	2.722325e-04	8.524576e-06	1.314529e-03	4.459502e-03	0.000000e+00	4.933329e-04	2.896293e-08	0.000000e+00	0.000000e+00	0.000000e+00	2.796102e-04	0.000000e+00	0.000000e+00	1.029107e-03	0.000000e+00	1.118325e-06	0.000000e+00	0.000000e+00	6.773396e-06	2.491359e-03	8.894379e-05	0.000000e+00	8.414682e-01	-7.265404e-01
8.396962e-01	0.000000e+00	0.000000e+00	0.000000e+00	0.000000e+00	1.073943e-03	7.959014e-05	1.307590e-03	6.555349e-05	0.000000e+00	1.291390e-03	4.459502e-03	0.000000e+00	1.106705e-03	1.248494e-08	0.000000e+00	3.126525e-04	8.180067e-04	1.526742e-04	1.327164e-04	1.763807e-03	0.000000e+00	9.895894e-04	0.000000e+00	0.000000e+00	0.000000e+00	0.000000e+00	9.524786e-04	0.000000e+00	2.756633e-04	8.396962e-01	-7.099467e-01
8.370280e-01	0.000000e+00	2.832154e-04	0.000000e+00	1.075147e-03	5.427556e-04	0.000000e+00	1.385317e-03	4.007407e-05	0.000000e+00	7.296440e-04	0.000000e+00	0.000000e+00	4.992078e-04	0.000000e+00	1.946467e-03	0.000000e+00	0.000000e+00	4.639655e-04	7.536522e-04	1.521150e-04	3.061038e-04	0.000000e+00	0.000000e+00	0.000000e+00	3.663057e-03	0.000000e+00	0.000000e+00	4.687130e-05	0.000000e+00	8.370280e-01	-6.813678e-01
8.350589e-01	0.000000e+00	5.089629e-04	0.000000e+00	0.000000e+00	1.781912e-03	1.235489e-04	1.307590e-03	1.056276e-04	1.415155e-05	2.183526e-03	0.000000e+00	0.000000e+00	1.414659e-03	2.896293e-08	1.347785e-03	0.000000e+00	0.000000e+00	0.000000e+00	6.344584e-05	2.297324e-05	3.344693e-04	9.895894e-04	0.000000e+00	0.000000e+00	1.230102e-03	0.000000e+00	1.274787e-03	1.404552e-04	8.831834e-04	8.350589e-01	-6.562429e-01
8.328764e-01	0.000000e+00	0.000000e+00	2.466676e-03	0.000000e+00	0.000000e+00	0.000000e+00	2.406734e-04	0.000000e+00	0.000000e+00	2.457826e-04	0.000000e+00	0.000000e+00	2.496039e-04	0.000000e+00	3.971153e-04	0.000000e+00	1.829752e-04	0.000000e+00	7.794147e-03	1.620960e-03	0.000000e+00	7.133559e-03	2.236650e-06	0.000000e+00	2.139054e-03	0.000000e+00	8.486716e-04	9.632582e-05	1.164319e-04	8.328764e-01	-6.238838e-01
8.308903e-01	0.000000e+00	0.000000e+00	0.000000e+00	0.000000e+00	8.654053e-04	0.000000e+00	1.471340e-03	0.000000e+00	0.000000e+00	1.540462e-03	0.000000e+00	0.000000e+00	7.458743e-04	0.000000e+00	1.071008e-03	4.547395e-04	0.000000e+00	1.188585e-05	1.040834e-03	3.042300e-04	2.373653e-05	0.000000e+00	0.000000e+00	0.000000e+00	4.221534e-03	2.709358e-05	2.290449e-04	9.079992e-05	0.000000e+00	8.308903e-01	-5.950868e-01
8.288638e-01	0.000000e+00	0.000000e+00	0.000000e+00	0.000000e+00	1.179028e-04	0.000000e+00	0.000000e+00	5.444650e-04	3.236054e-06	0.000000e+00	1.120469e-04	0.000000e+00	2.252467e-03	3.121235e-09	0.000000e+00	0.000000e+00	0.000000e+00	0.000000e+00	0.000000e+00	4.543755e-04	2.988645e-04	6.985664e-04	0.000000e+00	0.000000e+00	0.000000e+00	0.000000e+00	2.023364e-03	1.927270e-04	6.428236e-04	8.288638e-01	-5.619291e-01
8.271636e-01	0.000000e+00	5.376969e-04	4.933352e-03	0.000000e+00	1.274416e-03	6.177443e-05	3.825338e-02	5.281378e-05	0.000000e+00	3.039584e-03	2.665874e-04	0.000000e+00	0.000000e+00	0.000000e+00	1.678715e-03	0.000000e+00	9.256392e-04	1.136880e-04	7.853751e-04	0.000000e+00	0.000000e+00	1.788711e-03	0.000000e+00	0.000000e+00	0.000000e+00	2.658139e-04	0.000000e+00	0.000000e+00	4.415917e-04	8.271636e-01	-5.235121e-01
8.254353e-01	0.000000e+00	2.944541e-04	0.000000e+00	0.000000e+00	0.000000e+00	1.744269e-04	1.358404e-03	4.007407e-05	0.000000e+00	2.885454e-03	0.000000e+00	0.000000e+00	0.000000e+00	0.000000e+00	0.000000e+00	1.689921e-04	0.000000e+00	0.000000e+00	4.609117e-04	3.042300e-04	2.373653e-05	2.883622e-04	0.000000e+00	0.000000e+00	3.663057e-03	2.709358e-05	1.832725e-03	9.503421e-05	0.000000e+00	8.254353e-01	-4.981630e-01
6.521699e-01	0.000000e+00	8.590334e-05	0.000000e+00	0.000000e+00	2.201058e-04	1.826276e-05	0.000000e+00	8.014815e-05	0.000000e+00	0.000000e+00	2.842960e-05	0.000000e+00	1.872562e-03	0.000000e+00	0.000000e+00	3.744911e-04	0.000000e+00	0.000000e+00	0.000000e+00	3.042300e-04	4.747306e-05	0.000000e+00	0.000000e+00	0.000000e+00	0.000000e+00	5.316277e-04	1.184072e-04	0.000000e+00	0.000000e+00	6.521699e-01	-4.575442e-01
6.521699e-01	0.000000e+00	8.590334e-05	0.000000e+00	0.000000e+00	2.201058e-04	1.826276e-05	0.000000e+00	8.014815e-05	0.000000e+00	0.000000e+00	2.842960e-05	0.000000e+00	1.872562e-03	0.000000e+00	0.000000e+00	3.744911e-04	0.000000e+00	0.000000e+00	0.000000e+00	3.042300e-04	4.747306e-05	0.000000e+00	0.000000e+00	0.000000e+00	0.000000e+00	5.316277e-04	1.184072e-04	0.000000e+00	0.000000e+00	6.521699e-01	-4.575442e-01
6.473910e-01	0.000000e+00	1.288550e-04	2.466676e-03	3.521951e-05	0.000000e+00	7.860625e-05	0.000000e+00	6.555349e-05	0.000000e+00	1.302986e-03	0.000000e+00	0.000000e+00	1.106705e-03	1.248494e-08	6.738926e-04	5.856026e-04	0.000000e+00	2.022536e-04	0.000000e+00	0.000000e+00	0.000000e+00	3.898968e-03	0.000000e+00	0.000000e+00	0.000000e+00	2.658139e-04	0.000000e+00	2.124482e-04	3.920952e-04	6.473910e-01	-4.477048e-01
6.408278e-01	0.000000e+00	1.986425e-04	0.000000e+00	0.000000e+00	1.100529e-04	1.499321e-05	6.496471e-04	4.007407e-05	0.000000e+00	0.000000e+00	4.815567e-05	0.000000e+00	1.608647e-03	0.000000e+00	0.000000e+00	0.000000e+00	0.000000e+00	6.106967e-04	0.000000e+00	0.000000e+00	2.942356e-04	0.000000e+00	0.000000e+00	0.000000e+00	1.552290e-03	1.354679e-05	1.718203e-03	6.553307e-05	0.000000e+00	6.408278e-01	-4.136347e-01
6.368738e-01	0.000000e+00	3.436134e-04	0.000000e+00	0.000000e+00	1.100529e-04	7.959014e-05	8.187772e-04	5.444650e-04	1.704915e-05	4.638539e-05	1.120469e-04	0.000000e+00	1.608647e-03	0.000000e+00	5.535546e-04	0.000000e+00	0.000000e+00	6.259112e-04	0.000000e+00	8.866845e-04	3.689517e-04	0.000000e+00	0.000000e+00	0.000000e+00	1.552290e-03	1.354679e-05	1.857988e-03	9.410268e-05	1.580309e-04	6.368738e-01	-3.797033e-01
6.325058e-01	0.000000e+00	2.457962e-05	0.000000e+00	0.000000e+00	0.000000e+00	7.632059e-05	3.382602e-04	0.000000e+00	0.000000e+00	9.277077e-05	5.602344e-05	0.000000e+00	0.000000e+00	0.000000e+00	1.383887e-04	8.306027e-05	0.000000e+00	3.053484e-04	0.000000e+00	1.773369e-03	1.494322e-04	0.000000e+00	1.957069e-06	0.000000e+00	0.000000e+00	0.000000e+00	2.795710e-04	0.000000e+00	3.160619e-04	6.325058e-01	-3.339824e-01
6.289856e-01	0.000000e+00	4.295167e-05	0.000000e+00	0.000000e+00	0.000000e+00	5.478828e-05	0.000000e+00	0.000000e+00	0.000000e+00	0.000000e+00	0.000000e+00	0.000000e+00	1.055662e-03	0.000000e+00	1.071008e-03	2.908436e-04	0.000000e+00	3.818210e-04	0.000000e+00	0.000000e+00	0.000000e+00	0.000000e+00	0.000000e+00	0.000000e+00	0.000000e+00	0.000000e+00	0.000000e+00	4.424139e-05	0.000000e+00	6.289856e-01	-2.893565e-01
6.254654e-01	0.000000e+00	1.556908e-04	0.000000e+00	0.000000e+00	0.000000e+00	8.352570e-05	6.496471e-04	0.000000e+00	0.000000e+00	4.627851e-05	0.000000e+00	0.000000e+00	9.362812e-04	0.000000e+00	0.000000e+00	0.000000e+00	0.000000e+00	3.053484e-04	0.000000e+00	0.000000e+00	0.000000e+00	0.000000e+00	4.473301e-06	0.000000e+00	3.663057e-03	2.709358e-05	0.000000e+00	2.124482e-04	0.000000e+00	6.254654e-01	-2.384112e-01
6.223995e-01	0.000000e+00	2.577100e-04	4.933352e-03	7.043902e-05	0.000000e+00	3.455774e-05	4.093886e-04	0.000000e+00	8.524576e-06	2.319269e-05	2.665874e-04	0.000000e+00	0.000000e+00	0.000000e+00	1.347785e-03	5.459002e-04	0.000000e+00	3.740782e-04	7.417321e-03	4.223575e-04	1.844758e-04	5.818757e-03	0.000000e+00	0.000000e+00	0.000000e+00	0.000000e+00	0.000000e+00	8.811087e-05	2.328639e-04	6.223995e-01	-1.874219e-01
4.536727e-01	0.000000e+00	0.000000e+00	0.000000e+00	0.000000e+00	0.000000e+00	3.652552e-05	0.000000e+00	0.000000e+00	0.000000e+00	0.000000e+00	0.000000e+00	0.000000e+00	0.000000e+00	0.000000e+00	0.000000e+00	0.000000e+00	0.000000e+00	2.749194e-04	0.000000e+00	0.000000e+00	0.000000e+00	0.000000e+00	0.000000e+00	0.000000e+00	0.000000e+00	0.000000e+00	0.000000e+00	3.179764e-05	0.000000e+00	4.536727e-01	-1.241379e-01
4.536727e-01	0.000000e+00	0.000000e+00	0.000000e+00	0.000000e+00	0.000000e+00	3.652552e-05	0.000000e+00	0.000000e+00	0.000000e+00	0.000000e+00	0.000000e+00	0.000000e+00	0.000000e+00	0.000000e+00	0.000000e+00	0.000000e+00	0.000000e+00	2.749194e-04	0.000000e+00	0.000000e+00	0.000000e+00	0.000000e+00	0.000000e+00	0.000000e+00	0.000000e+00	0.000000e+00	0.000000e+00	3.179764e-05	0.000000e+00	4.536727e-01	-1.241379e-01
4.536727e-01	0.000000e+00	0.000000e+00	0.000000e+00	0.000000e+00	0.000000e+00	3.652552e-05	0.000000e+00	0.000000e+00	0.000000e+00	0.000000e+00	0.000000e+00	0.000000e+00	0.000000e+00	0.000000e+00	0.000000e+00	0.000000e+00	0.000000e+00	2.749194e-04	0.000000e+00	0.000000e+00	0.000000e+00	0.000000e+00	0.000000e+00	0.000000e+00	0.000000e+00	0.000000e+00	0.000000e+00	3.179764e-05	0.000000e+00	4.536727e-01	-1.241379e-01
4.518094e-01	0.000000e+00	0.000000e+00	1.820207e-03	0.000000e+00	0.000000e+00	4.565690e-06	2.046943e-04	5.444650e-04	4.262288e-06	3.451819e-04	0.000000e+00	0.000000e+00	0.000000e+00	0.000000e+00	6.738926e-04	7.342879e-05	0.000000e+00	0.000000e+00	0.000000e+00	1.104114e-04	0.000000e+00	0.000000e+00	0.000000e+00	0.000000e+00	1.230102e-03	0.000000e+00	0.000000e+00	0.000000e+00	0.000000e+00	4.518094e-01	-1.222146e-01
4.390072e-01	0.000000e+00	0.000000e+00	0.000000e+00	0.000000e+00	0.000000e+00	7.175490e-05	1.335659e-04	0.000000e+00	0.000000e+00	0.000000e+00	0.000000e+00	2.194985e-02	0.000000e+00	0.000000e+00	0.000000e+00	5.743077e-06	4.628196e-04	6.111641e-05	0.000000e+00	8.393924e-05	1.494322e-04	0.000000e+00	3.215185e-06	0.000000e+00	0.000000e+00	0.000000e+00	0.000000e+00	0.000000e+00	0.000000e+00	4.390072e-01	-7.090197e-02
4.303754e-01	0.000000e+00	0.000000e+00	0.000000e+00	0.000000e+00	0.000000e+00	3.066369e-05	0.000000e+00	0.000000e+00	0.000000e+00	0.000000e+00	0.000000e+00	0.000000e+00	0.000000e+00	0.000000e+00	0.000000e+00	5.743077e-06	4.628196e-04	2.749194e-04	0.000000e+00	2.683078e-04	1.375640e-04	2.883622e-04	0.000000e+00	0.000000e+00	0.000000e+00	0.000000e+00	0.000000e+00	0.000000e+00	0.000000e+00	4.303754e-01	-6.863767e-03
4.229976e-01	0.000000e+00	1.288550e-04	2.466676e-03	0.000000e+00	0.000000e+00	3.652552e-05	0.000000e+00	0.000000e+00	4.262288e-06	0.000000e+00	1.332937e-04	0.000000e+00	0.000000e+00	0.000000e+00	0.000000e+00	2.700786e-04	0.000000e+00	1.168424e-04	0.000000e+00	1.609641e-04	2.345594e-05	2.765197e-03	0.000000e+00	0.000000e+00	0.000000e+00	0.000000e+00	3.257416e-05	0.000000e+00	1.164319e-04	4.229976e-01	7.121788e-02
4.171051e-01	0.000000e+00	0.000000e+00	3.640415e-03	0.000000e+00	0.000000e+00	9.131380e-06	4.093886e-04	0.000000e+00	8.524576e-06	6.903639e-04	0.000000e+00	0.000000e+00	0.000000e+00	0.000000e+00	1.347785e-03	1.468576e-04	0.000000e+00	1.007580e-04	7.417321e-03	1.368836e-04	0.000000e+00	5.674576e-03	0.000000e+00	0.000000e+00	0.000000e+00	0.000000e+00	0.000000e+00	1.762086e-05	2.328639e-04	4.171051e-01	1.448259e-01
2.584019e-01	0.000000e+00	0.000000e+00	0.000000e+00	0.000000e+00	0.000000e+00	0.000000e+00	0.000000e+00	0.000000e+00	0.000000e+00	0.000000e+00	0.000000e+00	0.000000e+00	0.000000e+00	0.000000e+00	0.000000e+00	0.000000e+00	0.000000e+00	0.000000e+00	0.000000e+00	8.393924e-05	0.000000e+00	0.000000e+00	0.000000e+00	0.000000e+00	0.000000e+00	0.000000e+00	0.000000e+00	0.000000e+00	0.000000e+00	2.584019e-01	2.422345e-01
2.584019e-01	0.000000e+00	0.000000e+00	0.000000e+00	0.000000e+00	0.000000e+00	0.000000e+00	0.000000e+00	0.000000e+00	0.000000e+00	0.000000e+00	0.000000e+00	0.000000e+00	0.000000e+00	0.000000e+00	0.000000e+00	0.000000e+00	0.000000e+00	0.000000e+00	0.000000e+00	8.393924e-05	0.000000e+00	0.000000e+00	0.000000e+00	0.000000e+00	0.000000e+00	0.000000e+00	0.000000e+00	0.000000e+00	0.000000e+00	2.584019e-01	2.422345e-01
2.584019e-01	0.000000e+00	0.000000e+00	0.000000e+00	0.000000e+00	0.000000e+00	0.000000e+00	0.000000e+00	0.000000e+00	0.000000e+00	0.000000e+00	0.000000e+00	0.000000e+00	0.000000e+00	0.000000e+00	0.000000e+00	0.000000e+00	0.000000e+00	0.000000e+00	0.000000e+00	8.393924e-05	0.000000e+00	0.000000e+00	0.000000e+00	0.000000e+00	0.000000e+00	0.000000e+00	0.000000e+00	0.000000e+00	0.000000e+00	2.584019e-01	2.422345e-01
2.584019e-01	0.000000e+00	0.000000e+00	0.000000e+00	0.000000e+00	0.000000e+00	0.000000e+00	0.000000e+00	0.000000e+00	0.000000e+00	0.000000e+00	0.000000e+00	0.000000e+00	0.000000e+00	0.000000e+00	0.000000e+00	0.000000e+00	0.000000e+00	0.000000e+00	0.000000e+00	8.393924e-05	0.000000e+00	0.000000e+00	0.000000e+00	0.000000e+00	0.000000e+00	0.000000e+00	0.000000e+00	0.000000e+00	0.000000e+00	2.584019e-01	2.422345e-01
2.352173e-01	0.000000e+00	0.000000e+00	0.000000e+00	0.000000e+00	0.000000e+00	0.000000e+00	0.000000e+00	0.000000e+00	0.000000e+00	0.000000e+00	0.000000e+00	0.000000e+00	0.000000e+00	0.000000e+00	0.000000e+00	0.000000e+00	0.000000e+00	0.000000e+00	0.000000e+00	0.000000e+00	0.000000e+00	0.000000e+00	0.000000e+00	0.000000e+00	0.000000e+00	0.000000e+00	0.000000e+00	0.000000e+00	0.000000e+00	2.352173e-01	3.047034e-01
2.185197e-01	0.000000e+00	0.000000e+00	0.000000e+00	0.000000e+00	0.000000e+00	3.652552e-05	8.258272e-05	0.000000e+00	0.000000e+00	0.000000e+00	0.000000e+00	0.000000e+00	0.000000e+00	0.000000e+00	0.000000e+00	0.000000e+00	0.000000e+00	0.000000e+00	0.000000e+00	0.000000e+00	0.000000e+00	0.000000e+00	0.000000e+00	0.000000e+00	0.000000e+00	0.000000e+00	0.000000e+00	0.000000e+00	0.000000e+00	2.185197e-01	4.124820e-01
1.970518e-01	0.000000e+00	0.000000e+00	0.000000e+00	0.000000e+00	0.000000e+00	0.000000e+00	0.000000e+00	0.000000e+00	0.000000e+00	0.000000e+00	0.000000e+00	0.000000e+00	0.000000e+00	0.000000e+00	0.000000e+00	1.148615e-05	0.000000e+00	0.000000e+00	0.000000e+00	0.000000e+00	0.000000e+00	0.000000e+00	0.000000e+00	0.000000e+00	0.000000e+00	0.000000e+00	6.514832e-05	0.000000e+00	0.000000e+00	1.970518e-01	5.743385e-01
8.689245e-02	0.000000e+00	0.000000e+00	0.000000e+00	0.000000e+00	0.000000e+00	0.000000e+00	0.000000e+00	0.000000e+00	0.000000e+00	0.000000e+00	0.000000e+00	0.000000e+00	0.000000e+00	0.000000e+00	0.000000e+00	0.000000e+00	0.000000e+00	0.000000e+00	0.000000e+00	8.393924e-05	0.000000e+00	0.000000e+00	0.000000e+00	0.000000e+00	0.000000e+00	0.000000e+00	0.000000e+00	0.000000e+00	0.000000e+00	8.689245e-02	6.704686e-01
8.689245e-02	0.000000e+00	0.000000e+00	0.000000e+00	0.000000e+00	0.000000e+00	0.000000e+00	0.000000e+00	0.000000e+00	0.000000e+00	0.000000e+00	0.000000e+00	0.000000e+00	0.000000e+00	0.000000e+00	0.000000e+00	0.000000e+00	0.000000e+00	0.000000e+00	0.000000e+00	8.393924e-05	0.000000e+00	0.000000e+00	0.000000e+00	0.000000e+00	0.000000e+00	0.000000e+00	0.000000e+00	0.000000e+00	0.000000e+00	8.689245e-02	6.704686e-01
7.716211e-02	0.000000e+00	0.000000e+00	0.000000e+00	0.000000e+00	0.000000e+00	0.000000e+00	0.000000e+00	0.000000e+00	0.000000e+00	0.000000e+00	1.279643e-04	0.000000e+00	0.000000e+00	0.000000e+00	0.000000e+00	0.000000e+00	0.000000e+00	1.222328e-04	0.000000e+00	3.312803e-04	0.000000e+00	0.000000e+00	0.000000e+00	0.000000e+00	0.000000e+00	0.000000e+00	0.000000e+00	4.837100e-06	1.543360e-05	7.716211e-02	6.716473e-01
3.941041e-02	0.000000e+00	0.000000e+00	0.000000e+00	0.000000e+00	0.000000e+00	0.000000e+00	0.000000e+00	0.000000e+00	6.918673e-06	0.000000e+00	0.000000e+00	0.000000e+00	0.000000e+00	0.000000e+00	0.000000e+00	0.000000e+00	0.000000e+00	0.000000e+00	0.000000e+00	4.833482e-05	0.000000e+00	0.000000e+00	0.000000e+00	0.000000e+00	0.000000e+00	0.000000e+00	6.514832e-05	0.000000e+00	0.000000e+00	3.941041e-02	7.642636e-01
0.000000e+00	0.000000e+00	0.000000e+00	0.000000e+00	0.000000e+00	0.000000e+00	0.000000e+00	0.000000e+00	0.000000e+00	0.000000e+00	0.000000e+00	0.000000e+00	0.000000e+00	0.000000e+00	2.044442e-08	0.000000e+00	0.000000e+00	0.000000e+00	0.000000e+00	0.000000e+00	9.787642e-05	0.000000e+00	0.000000e+00	0.000000e+00	0.000000e+00	0.000000e+00	0.000000e+00	0.000000e+00	0.000000e+00	0.000000e+00	0.000000e+00	1.000030e+00
