8.497495e-01	0.000000e+00	0.000000e+00	0.000000e+00	0.000000e+00	1.501112e-04	2.634453e-04	0.000000e+00	0.000000e+00	0.000000e+00	0.000000e+00	0.000000e+00	1.984569e-04	0.000000e+00	1.880206e-04	2.849560e-05	2.778895e-04	0.000000e+00	0.000000e+00	0.000000e+00	4.450128e-04	7.047984e-05	0.000000e+00	0.000000e+00	1.628938e-04	1.126859e-04	4.012118e-05	0.000000e+00	0.000000e+00	0.000000e+00	8.497495e-01	-7.712176e-01
8.448044e-01	0.000000e+00	0.000000e+00	0.000000e+00	6.818929e-04	0.000000e+00	1.084557e-03	0.000000e+00	0.000000e+00	1.304948e-04	0.000000e+00	7.328756e-04	2.704342e-04	1.439217e-04	0.000000e+00	1.185989e-03	0.000000e+00	3.023095e-04	8.096439e-04	9.177158e-05	2.820376e-04	8.602059e-06	0.000000e+00	0.000000e+00	3.723883e-04	0.000000e+00	0.000000e+00	8.112953e-06	0.000000e+00	0.000000e+00	8.448044e-01	-7.516838e-01
8.420447e-01	0.000000e+00	2.393080e-03	9.549092e-04	1.023112e-03	0.000000e+00	7.087744e-04	0.000000e+00	0.000000e+00	5.795786e-05	2.240751e-06	0.000000e+00	0.000000e+00	3.379357e-02	0.000000e+00	0.000000e+00	4.156749e-04	2.452374e-04	1.091844e-04	1.484382e-04	2.733839e-04	1.130845e-04	5.194840e-04	0.000000e+00	5.719608e-04	1.254785e-03	0.000000e+00	3.245181e-05	0.000000e+00	0.000000e+00	8.420447e-01	-7.263360e-01
8.388099e-01	2.191868e-05	5.982699e-04	1.121396e-03	6.821659e-04	0.000000e+00	1.664960e-04	1.698029e-04	0.000000e+00	2.861543e-04	2.712218e-07	9.097605e-04	2.149950e-04	0.000000e+00	0.000000e+00	4.185213e-04	4.638378e-04	3.807874e-04	0.000000e+00	1.274608e-04	1.571399e-04	3.687318e-05	5.194840e-04	0.000000e+00	3.857667e-04	1.254785e-03	0.000000e+00	1.216943e-04	0.000000e+00	0.000000e+00	8.388099e-01	-7.020219e-01
8.370071e-01	2.191868e-05	0.000000e+00	2.357328e-04	3.406735e-04	9.808687e-05	6.239781e-04	0.000000e+00	0.000000e+00	5.944983e-05	3.135674e-06	6.341768e-05	6.760855e-05	0.000000e+00	2.435334e-04	1.479845e-03	1.052189e-04	1.100024e-04	1.330792e-03	0.000000e+00	1.323320e-04	0.000000e+00	0.000000e+00	0.000000e+00	3.630547e-04	0.000000e+00	9.187046e-04	1.784850e-04	0.000000e+00	0.000000e+00	8.370071e-01	-6.820487e-01
8.352257e-01	0.000000e+00	0.000000e+00	4.022199e-04	0.000000e+00	7.505560e-05	4.963913e-04	1.201945e-04	0.000000e+00	0.000000e+00	0.000000e+00	0.000000e+00	3.161989e-05	0.000000e+00	0.000000e+00	0.000000e+00	3.715465e-04	1.275643e-04	2.848037e-03	0.000000e+00	3.277993e-04	0.000000e+00	0.000000e+00	0.000000e+00	8.144688e-05	0.000000e+00	4.260541e-03	0.000000e+00	0.000000e+00	0.000000e+00	8.352257e-01	-6.592264e-01
8.329797e-01	0.000000e+00	0.000000e+00	0.000000e+00	0.000000e+00	8.955214e-05	4.731507e-04	3.069205e-03	0.000000e+00	0.000000e+00	0.000000e+00	2.111714e-02	2.771962e-05	0.000000e+00	3.209660e-05	1.135309e-04	4.874109e-05	0.000000e+00	1.614409e-03	5.320356e-05	4.450128e-04	7.047984e-05	0.000000e+00	0.000000e+00	0.000000e+00	1.254785e-03	2.423131e-03	6.084715e-05	0.000000e+00	0.000000e+00	8.329797e-01	-6.241644e-01
8.310173e-01	0.000000e+00	0.000000e+00	0.000000e+00	2.184033e-06	0.000000e+00	1.725518e-02	0.000000e+00	0.000000e+00	0.000000e+00	0.000000e+00	2.068988e-04	0.000000e+00	0.000000e+00	0.000000e+00	0.000000e+00	5.295156e-05	0.000000e+00	1.174994e-03	1.368103e-04	2.024627e-05	0.000000e+00	2.077936e-03	0.000000e+00	1.902388e-04	0.000000e+00	3.766082e-03	4.867772e-04	0.000000e+00	0.000000e+00	8.310173e-01	-5.948819e-01
8.291972e-01	5.331888e-06	5.982699e-04	1.072776e-03	8.525027e-04	4.904344e-05	4.784850e-04	2.499326e-04	0.000000e+00	0.000000e+00	1.588835e-06	0.000000e+00	2.487992e-04	0.000000e+00	0.000000e+00	0.000000e+00	5.759920e-05	6.378213e-05	4.980486e-04	1.025524e-04	0.000000e+00	3.687318e-05	1.038968e-03	0.000000e+00	5.672940e-04	2.509569e-03	3.508327e-03	2.109368e-04	0.000000e+00	0.000000e+00	8.291972e-01	-5.668766e-01
8.271522e-01	3.287802e-05	1.196540e-03	8.562560e-04	2.152950e-03	1.876390e-05	3.978707e-04	0.000000e+00	0.000000e+00	2.279864e-05	0.000000e+00	0.000000e+00	1.308483e-04	0.000000e+00	8.271834e-07	6.501646e-04	1.130679e-04	0.000000e+00	0.000000e+00	8.506877e-05	2.033262e-04	3.948405e-05	0.000000e+00	0.000000e+00	0.000000e+00	0.000000e+00	2.463253e-03	0.000000e+00	0.000000e+00	0.000000e+00	8.271522e-01	-5.311277e-01
8.252152e-01	4.383736e-05	0.000000e+00	7.938233e-04	1.363786e-03	0.000000e+00	0.000000e+00	0.000000e+00	0.000000e+00	0.000000e+00	1.096480e-06	1.927856e-04	0.000000e+00	0.000000e+00	0.000000e+00	6.192596e-04	0.000000e+00	6.876059e-05	0.000000e+00	6.373041e-05	4.954963e-05	0.000000e+00	0.000000e+00	0.000000e+00	0.000000e+00	0.000000e+00	1.021807e-02	1.622591e-05	0.000000e+00	0.000000e+00	8.252152e-01	-4.935836e-01
6.525619e-01	4.383736e-05	0.000000e+00	3.329742e-04	0.000000e+00	0.000000e+00	0.000000e+00	8.012968e-05	0.000000e+00	3.647679e-05	5.004480e-07	2.522705e-04	0.000000e+00	0.000000e+00	1.366614e-04	6.220906e-04	9.632574e-05	0.000000e+00	5.912752e-04	4.981678e-05	4.954963e-05	0.000000e+00	0.000000e+00	0.000000e+00	0.000000e+00	0.000000e+00	0.000000e+00	0.000000e+00	0.000000e+00	0.000000e+00	6.525619e-01	-4.578385e-01
6.525619e-01	4.383736e-05	0.000000e+00	3.329742e-04	0.000000e+00	0.000000e+00	0.000000e+00	8.012968e-05	0.000000e+00	3.647679e-05	5.004480e-07	2.522705e-04	0.000000e+00	0.000000e+00	1.366614e-04	6.220906e-04	9.632574e-05	0.000000e+00	5.912752e-04	4.981678e-05	4.954963e-05	0.000000e+00	0.000000e+00	0.000000e+00	0.000000e+00	0.000000e+00	0.000000e+00	0.000000e+00	0.000000e+00	0.000000e+00	6.525619e-01	-4.578385e-01
6.475700e-01	0.000000e+00	0.000000e+00	1.944829e-04	0.000000e+00	4.477607e-05	0.000000e+00	0.000000e+00	0.000000e+00	1.003880e-05	3.135674e-06	1.927856e-04	3.380428e-04	7.334490e-04	1.090594e-04	1.424780e-05	3.271641e-04	2.986837e-04	8.096439e-04	0.000000e+00	2.179778e-04	7.896810e-05	0.000000e+00	0.000000e+00	3.612341e-04	5.019138e-03	4.846263e-03	0.000000e+00	0.000000e+00	0.000000e+00	6.475700e-01	-4.478771e-01
6.411509e-01	3.013818e-05	1.794810e-03	3.329742e-04	0.000000e+00	0.000000e+00	5.256424e-04	9.167047e-06	0.000000e+00	0.000000e+00	0.000000e+00	1.927856e-04	6.760855e-05	0.000000e+00	0.000000e+00	9.649492e-04	4.149778e-04	2.145956e-04	0.000000e+00	1.253808e-04	1.512127e-04	1.157683e-04	0.000000e+00	0.000000e+00	0.000000e+00	0.000000e+00	4.846263e-03	4.543254e-04	0.000000e+00	0.000000e+00	6.411509e-01	-4.153464e-01
6.364150e-01	0.000000e+00	1.196540e-03	6.551461e-04	2.154042e-03	0.000000e+00	3.329920e-04	9.167047e-06	0.000000e+00	0.000000e+00	0.000000e+00	1.020674e-03	1.352171e-04	0.000000e+00	8.271834e-07	6.501646e-04	3.584439e-04	3.023095e-04	0.000000e+00	1.274608e-04	4.954963e-05	9.602630e-05	0.000000e+00	0.000000e+00	0.000000e+00	2.509569e-03	4.846263e-03	3.894218e-04	0.000000e+00	0.000000e+00	6.364150e-01	-3.743157e-01
6.325187e-01	3.835769e-05	0.000000e+00	0.000000e+00	3.276050e-06	0.000000e+00	0.000000e+00	1.981485e-04	0.000000e+00	1.215296e-04	0.000000e+00	2.210120e-04	0.000000e+00	0.000000e+00	1.575733e-04	3.300935e-04	3.754660e-04	0.000000e+00	7.934788e-04	2.285903e-05	1.131579e-02	0.000000e+00	0.000000e+00	0.000000e+00	1.255741e-04	0.000000e+00	2.685902e-03	1.298073e-04	0.000000e+00	0.000000e+00	6.325187e-01	-3.317245e-01
6.289132e-01	0.000000e+00	0.000000e+00	0.000000e+00	0.000000e+00	0.000000e+00	0.000000e+00	3.396058e-04	0.000000e+00	2.735630e-05	8.399127e-08	1.927856e-04	0.000000e+00	0.000000e+00	6.833068e-05	1.744462e-04	3.271641e-04	1.068925e-04	2.995752e-03	0.000000e+00	1.052930e-04	0.000000e+00	0.000000e+00	0.000000e+00	0.000000e+00	0.000000e+00	4.846263e-03	6.490363e-05	0.000000e+00	0.000000e+00	6.289132e-01	-2.871932e-01
6.252729e-01	2.739835e-05	0.000000e+00	6.961757e-05	5.460083e-07	0.000000e+00	0.000000e+00	0.000000e+00	0.000000e+00	1.087120e-05	0.000000e+00	7.024331e-04	0.000000e+00	0.000000e+00	8.541335e-06	3.455460e-04	0.000000e+00	1.063958e-05	9.960971e-04	6.677547e-05	4.335593e-05	0.000000e+00	0.000000e+00	0.000000e+00	0.000000e+00	0.000000e+00	0.000000e+00	0.000000e+00	0.000000e+00	0.000000e+00	6.252729e-01	-2.362225e-01
6.225348e-01	5.479670e-05	0.000000e+00	1.664871e-04	6.725313e-02	0.000000e+00	6.284978e-06	4.006484e-05	0.000000e+00	1.823839e-05	2.502240e-07	1.261353e-04	0.000000e+00	0.000000e+00	1.366614e-04	0.000000e+00	4.163044e-05	2.760448e-05	3.969467e-04	1.245227e-04	7.432444e-05	0.000000e+00	0.000000e+00	0.000000e+00	0.000000e+00	0.000000e+00	0.000000e+00	1.298073e-04	0.000000e+00	0.000000e+00	6.225348e-01	-1.808962e-01
4.544006e-01	4.383736e-05	0.000000e+00	0.000000e+00	2.184033e-06	0.000000e+00	1.256996e-05	0.000000e+00	0.000000e+00	0.000000e+00	0.000000e+00	0.000000e+00	0.000000e+00	0.000000e+00	1.366614e-04	0.000000e+00	0.000000e+00	6.876059e-05	0.000000e+00	9.503808e-05	4.954963e-05	0.000000e+00	0.000000e+00	0.000000e+00	0.000000e+00	0.000000e+00	0.000000e+00	2.596145e-04	0.000000e+00	0.000000e+00	4.544006e-01	-1.240200e-01
4.544006e-01	4.383736e-05	0.000000e+00	0.000000e+00	2.184033e-06	0.000000e+00	1.256996e-05	0.000000e+00	0.000000e+00	0.000000e+00	0.000000e+00	0.000000e+00	0.000000e+00	0.000000e+00	1.366614e-04	0.000000e+00	0.000000e+00	6.876059e-05	0.000000e+00	9.503808e-05	4.954963e-05	0.000000e+00	0.000000e+00	0.000000e+00	0.000000e+00	0.000000e+00	0.000000e+00	2.596145e-04	0.000000e+00	0.000000e+00	4.544006e-01	-1.240200e-01
4.544006e-01	4.383736e-05	0.000000e+00	0.000000e+00	2.184033e-06	0.000000e+00	1.256996e-05	0.000000e+00	0.000000e+00	0.000000e+00	0.000000e+00	0.000000e+00	0.000000e+00	0.000000e+00	1.366614e-04	0.000000e+00	0.000000e+00	6.876059e-05	0.000000e+00	9.503808e-05	4.954963e-05	0.000000e+00	0.000000e+00	0.000000e+00	0.000000e+00	0.000000e+00	0.000000e+00	2.596145e-04	0.000000e+00	0.000000e+00	4.544006e-01	-1.240200e-01
4.511619e-01	4.383736e-05	0.000000e+00	0.000000e+00	0.000000e+00	0.000000e+00	1.256996e-05	0.000000e+00	0.000000e+00	0.000000e+00	0.000000e+00	0.000000e+00	0.000000e+00	0.000000e+00	1.366614e-04	2.059538e-05	0.000000e+00	6.198477e-05	0.000000e+00	8.062768e-05	0.000000e+00	0.000000e+00	0.000000e+00	0.000000e+00	0.000000e+00	0.000000e+00	0.000000e+00	2.596145e-04	0.000000e+00	0.000000e+00	4.511619e-01	-1.224203e-01
4.382984e-01	0.000000e+00	0.000000e+00	0.000000e+00	0.000000e+00	0.000000e+00	2.777462e-04	1.941156e-05	0.000000e+00	0.000000e+00	8.399127e-08	0.000000e+00	0.000000e+00	0.000000e+00	2.364927e-04	0.000000e+00	0.000000e+00	0.000000e+00	2.396602e-03	0.000000e+00	7.432444e-05	0.000000e+00	0.000000e+00	0.000000e+00	0.000000e+00	0.000000e+00	0.000000e+00	1.947109e-04	0.000000e+00	0.000000e+00	4.382984e-01	-7.039112e-02
4.303790e-01	0.000000e+00	0.000000e+00	0.000000e+00	2.184033e-06	0.000000e+00	0.000000e+00	2.701496e-05	0.000000e+00	0.000000e+00	0.000000e+00	7.313493e-04	0.000000e+00	0.000000e+00	0.000000e+00	0.000000e+00	1.259482e-05	1.112099e-04	1.198301e-03	7.205197e-06	1.114867e-04	0.000000e+00	0.000000e+00	0.000000e+00	0.000000e+00	0.000000e+00	0.000000e+00	0.000000e+00	0.000000e+00	0.000000e+00	4.303790e-01	-6.744886e-03
4.228993e-01	2.191868e-05	0.000000e+00	0.000000e+00	2.184033e-06	0.000000e+00	9.427467e-06	6.208623e-07	0.000000e+00	1.215296e-04	0.000000e+00	6.349565e-04	0.000000e+00	0.000000e+00	1.579869e-04	3.455460e-04	3.754660e-04	0.000000e+00	7.934788e-04	5.472424e-05	1.127438e-02	0.000000e+00	0.000000e+00	0.000000e+00	0.000000e+00	0.000000e+00	0.000000e+00	1.298073e-04	0.000000e+00	0.000000e+00	4.228993e-01	7.394639e-02
4.153655e-01	0.000000e+00	0.000000e+00	0.000000e+00	5.460083e-07	0.000000e+00	4.711734e-04	1.856984e-06	0.000000e+00	0.000000e+00	1.000896e-06	1.068108e-03	0.000000e+00	2.308700e-04	8.541335e-06	3.455460e-04	1.926515e-04	1.063958e-05	5.991504e-04	0.000000e+00	4.335593e-05	0.000000e+00	0.000000e+00	0.000000e+00	0.000000e+00	0.000000e+00	0.000000e+00	3.245181e-05	0.000000e+00	0.000000e+00	4.153655e-01	1.633350e-01
2.585698e-01	0.000000e+00	0.000000e+00	0.000000e+00	0.000000e+00	0.000000e+00	0.000000e+00	2.330099e-05	0.000000e+00	0.000000e+00	0.000000e+00	0.000000e+00	0.000000e+00	0.000000e+00	0.000000e+00	0.000000e+00	0.000000e+00	0.000000e+00	0.000000e+00	0.000000e+00	0.000000e+00	0.000000e+00	0.000000e+00	0.000000e+00	0.000000e+00	0.000000e+00	0.000000e+00	0.000000e+00	0.000000e+00	0.000000e+00	2.585698e-01	2.422526e-01
2.585698e-01	0.000000e+00	0.000000e+00	0.000000e+00	0.000000e+00	0.000000e+00	0.000000e+00	2.330099e-05	0.000000e+00	0.000000e+00	0.000000e+00	0.000000e+00	0.000000e+00	0.000000e+00	0.000000e+00	0.000000e+00	0.000000e+00	0.000000e+00	0.000000e+00	0.000000e+00	0.000000e+00	0.000000e+00	0.000000e+00	0.000000e+00	0.000000e+00	0.000000e+00	0.000000e+00	0.000000e+00	0.000000e+00	0.000000e+00	2.585698e-01	2.422526e-01
2.585698e-01	0.000000e+00	0.000000e+00	0.000000e+00	0.000000e+00	0.000000e+00	0.000000e+00	2.330099e-05	0.000000e+00	0.000000e+00	0.000000e+00	0.000000e+00	0.000000e+00	0.000000e+00	0.000000e+00	0.000000e+00	0.000000e+00	0.000000e+00	0.000000e+00	0.000000e+00	0.000000e+00	0.000000e+00	0.000000e+00	0.000000e+00	0.000000e+00	0.000000e+00	0.000000e+00	0.000000e+00	0.000000e+00	0.000000e+00	2.585698e-01	2.422526e-01
2.585698e-01	0.000000e+00	0.000000e+00	0.000000e+00	0.000000e+00	0.000000e+00	0.000000e+00	2.330099e-05	0.000000e+00	0.000000e+00	0.000000e+00	0.000000e+00	0.000000e+00	0.000000e+00	0.000000e+00	0.000000e+00	0.000000e+00	0.000000e+00	0.000000e+00	0.000000e+00	0.000000e+00	0.000000e+00	0.000000e+00	0.000000e+00	0.000000e+00	0.000000e+00	0.000000e+00	0.000000e+00	0.000000e+00	0.000000e+00	2.585698e-01	2.422526e-01
2.354514e-01	2.191868e-05	0.000000e+00	0.000000e+00	1.092017e-06	0.000000e+00	5.882186e-06	2.578444e-05	0.000000e+00	0.000000e+00	0.000000e+00	0.000000e+00	0.000000e+00	0.000000e+00	1.366614e-04	4.108087e-05	6.297408e-06	0.000000e+00	0.000000e+00	4.751904e-05	1.858111e-05	0.000000e+00	0.000000e+00	0.000000e+00	0.000000e+00	0.000000e+00	0.000000e+00	1.298073e-04	0.000000e+00	0.000000e+00	2.354514e-01	3.035852e-01
2.173409e-01	6.575604e-05	0.000000e+00	0.000000e+00	0.000000e+00	0.000000e+00	1.885493e-05	1.241725e-06	0.000000e+00	0.000000e+00	4.199563e-08	0.000000e+00	0.000000e+00	2.308700e-04	2.049920e-04	3.455460e-04	1.989489e-04	1.467409e-05	0.000000e+00	0.000000e+00	8.051815e-05	0.000000e+00	0.000000e+00	0.000000e+00	0.000000e+00	0.000000e+00	0.000000e+00	0.000000e+00	0.000000e+00	0.000000e+00	2.173409e-01	4.214454e-01
1.980141e-01	0.000000e+00	0.000000e+00	0.000000e+00	0.000000e+00	0.000000e+00	5.882186e-06	1.378245e-05	0.000000e+00	0.000000e+00	0.000000e+00	0.000000e+00	0.000000e+00	0.000000e+00	5.124801e-05	1.029769e-05	6.297408e-06	0.000000e+00	2.995752e-03	0.000000e+00	0.000000e+00	0.000000e+00	0.000000e+00	0.000000e+00	0.000000e+00	0.000000e+00	0.000000e+00	0.000000e+00	0.000000e+00	0.000000e+00	1.980141e-01	5.681025e-01
8.245773e-02	0.000000e+00	0.000000e+00	0.000000e+00	0.000000e+00	0.000000e+00	0.000000e+00	0.000000e+00	0.000000e+00	0.000000e+00	0.000000e+00	0.000000e+00	0.000000e+00	0.000000e+00	0.000000e+00	0.000000e+00	0.000000e+00	0.000000e+00	0.000000e+00	0.000000e+00	0.000000e+00	0.000000e+00	0.000000e+00	0.000000e+00	0.000000e+00	0.000000e+00	0.000000e+00	0.000000e+00	0.000000e+00	0.000000e+00	8.245773e-02	6.696681e-01
8.245773e-02	0.000000e+00	0.000000e+00	0.000000e+00	0.000000e+00	0.000000e+00	0.000000e+00	0.000000e+00	0.000000e+00	0.000000e+00	0.000000e+00	0.000000e+00	0.000000e+00	0.000000e+00	0.000000e+00	0.000000e+00	0.000000e+00	0.000000e+00	0.000000e+00	0.000000e+00	0.000000e+00	0.000000e+00	0.000000e+00	0.000000e+00	0.000000e+00	0.000000e+00	0.000000e+00	0.000000e+00	0.000000e+00	0.000000e+00	8.245773e-02	6.696681e-01
7.723493e-02	2.402047e-05	0.000000e+00	0.000000e+00	0.000000e+00	0.000000e+00	0.000000e+00	2.330099e-05	0.000000e+00	0.000000e+00	0.000000e+00	0.000000e+00	0.000000e+00	0.000000e+00	0.000000e+00	1.965922e-05	0.000000e+00	0.000000e+00	0.000000e+00	0.000000e+00	0.000000e+00	0.000000e+00	0.000000e+00	0.000000e+00	0.000000e+00	0.000000e+00	0.000000e+00	0.000000e+00	0.000000e+00	0.000000e+00	7.723493e-02	6.714588e-01
3.370680e-02	4.488825e-05	0.000000e+00	0.000000e+00	1.092017e-06	0.000000e+00	0.000000e+00	1.134006e-05	0.000000e+00	0.000000e+00	0.000000e+00	0.000000e+00	0.000000e+00	0.000000e+00	0.000000e+00	0.000000e+00	0.000000e+00	0.000000e+00	0.000000e+00	0.000000e+00	0.000000e+00	0.000000e+00	0.000000e+00	0.000000e+00	0.000000e+00	0.000000e+00	0.000000e+00	0.000000e+00	0.000000e+00	0.000000e+00	3.370680e-02	7.870354e-01
0.000000e+00	0.000000e+00	0.000000e+00	0.000000e+00	0.000000e+00	0.000000e+00	0.000000e+00	0.000000e+00	0.000000e+00	0.000000e+00	0.000000e+00	0.000000e+00	0.000000e+00	0.000000e+00	0.000000e+00	0.000000e+00	0.000000e+00	0.000000e+00	0.000000e+00	0.000000e+00	0.000000e+00	0.000000e+00	0.000000e+00	0.000000e+00	0.000000e+00	0.000000e+00	0.000000e+00	0.000000e+00	0.000000e+00	0.000000e+00	0.000000e+00	1.000000e+00
