6.552576e-01	1.933202e-04	2.144529e-03	1.103957e-02	2.853171e-03	1.496944e-04	0.000000e+00	0.000000e+00	0.000000e+00	0.000000e+00	0.000000e+00	0.000000e+00	1.204208e-03	0.000000e+00	2.307209e-04	0.000000e+00	1.616007e-03	0.000000e+00	0.000000e+00	7.596363e-04	5.908898e-03	0.000000e+00	5.426596e-03	0.000000e+00	0.000000e+00	6.185486e-04	8.266009e-04	0.000000e+00	0.000000e+00	6.387379e-04	6.552576e-01	-4.495994e-01
6.477882e-01	2.238508e-05	2.144529e-03	3.590620e-03	1.079434e-03	4.722502e-05	0.000000e+00	0.000000e+00	0.000000e+00	1.828460e-03	3.779425e-04	1.293776e-03	0.000000e+00	0.000000e+00	3.625614e-04	1.835562e-03	1.030936e-04	0.000000e+00	2.639783e-03	1.441693e-03	5.162650e-03	0.000000e+00	2.509034e-03	0.000000e+00	0.000000e+00	2.707840e-05	1.689966e-03	0.000000e+00	0.000000e+00	0.000000e+00	6.477882e-01	-4.462205e-01
6.469361e-01	0.000000e+00	5.087079e-04	1.795310e-03	3.307579e-03	9.302029e-04	0.000000e+00	6.810382e-03	0.000000e+00	4.115380e-04	7.482240e-04	5.660270e-04	0.000000e+00	0.000000e+00	0.000000e+00	1.732212e-03	3.820458e-04	0.000000e+00	0.000000e+00	2.205506e-04	2.448000e-03	0.000000e+00	1.836725e-03	0.000000e+00	0.000000e+00	1.038787e-04	0.000000e+00	0.000000e+00	0.000000e+00	1.265513e-02	6.469361e-01	-4.418606e-01
6.453780e-01	1.772196e-04	0.000000e+00	0.000000e+00	4.626872e-03	0.000000e+00	0.000000e+00	0.000000e+00	0.000000e+00	1.631421e-03	6.537383e-04	0.000000e+00	6.021039e-04	0.000000e+00	0.000000e+00	0.000000e+00	0.000000e+00	1.541404e-03	0.000000e+00	5.520661e-05	5.553045e-03	0.000000e+00	3.673449e-03	3.789660e-03	0.000000e+00	1.787028e-03	2.375523e-03	0.000000e+00	9.786149e-04	0.000000e+00	6.453780e-01	-4.368369e-01
6.436548e-01	4.593064e-05	0.000000e+00	1.795310e-03	2.385016e-03	9.302029e-04	0.000000e+00	1.467348e-03	0.000000e+00	1.154992e-03	7.482240e-04	5.660270e-04	1.140813e-03	0.000000e+00	0.000000e+00	0.000000e+00	6.534875e-03	0.000000e+00	7.520344e-04	2.481539e-04	5.162650e-03	1.546747e-03	2.003354e-03	0.000000e+00	1.009831e-04	7.836624e-04	0.000000e+00	0.000000e+00	0.000000e+00	1.265513e-02	6.436548e-01	-4.257362e-01
6.424697e-01	8.756836e-05	0.000000e+00	3.590620e-03	2.285631e-03	3.742360e-05	0.000000e+00	0.000000e+00	0.000000e+00	8.077662e-04	8.005741e-04	3.234440e-04	0.000000e+00	0.000000e+00	1.833984e-03	1.732212e-03	0.000000e+00	1.503905e-03	8.818556e-03	0.000000e+00	4.600031e-03	0.000000e+00	3.016959e-03	3.789660e-03	0.000000e+00	0.000000e+00	1.414094e-03	0.000000e+00	0.000000e+00	0.000000e+00	6.424697e-01	-4.196633e-01
6.410144e-01	9.186128e-05	3.419713e-04	0.000000e+00	2.761753e-03	0.000000e+00	0.000000e+00	0.000000e+00	0.000000e+00	1.386067e-03	6.537383e-04	0.000000e+00	0.000000e+00	0.000000e+00	1.833984e-03	0.000000e+00	0.000000e+00	1.541404e-03	8.818556e-03	0.000000e+00	4.600031e-03	0.000000e+00	2.396011e-03	3.789660e-03	0.000000e+00	5.415680e-05	1.414094e-03	0.000000e+00	0.000000e+00	0.000000e+00	6.410144e-01	-4.107440e-01
6.402094e-01	0.000000e+00	0.000000e+00	0.000000e+00	4.096911e-03	9.945154e-04	0.000000e+00	0.000000e+00	0.000000e+00	9.496006e-04	6.741677e-04	1.293776e-03	2.523359e-03	0.000000e+00	1.735104e-03	0.000000e+00	3.820458e-04	0.000000e+00	5.712969e-04	0.000000e+00	6.030174e-03	1.023799e-02	1.103044e-03	0.000000e+00	4.340971e-04	1.567325e-03	1.095836e-03	2.084858e-04	0.000000e+00	5.143642e-03	6.402094e-01	-4.030107e-01
6.393531e-01	0.000000e+00	3.334732e-04	3.590620e-03	5.718524e-03	0.000000e+00	0.000000e+00	8.297923e-04	0.000000e+00	9.496006e-04	1.685419e-04	1.293776e-03	2.281625e-03	0.000000e+00	2.636810e-04	0.000000e+00	3.820458e-04	1.233123e-03	0.000000e+00	1.079035e-04	6.058187e-03	0.000000e+00	2.554877e-03	0.000000e+00	2.019663e-04	4.519958e-03	2.354033e-03	0.000000e+00	0.000000e+00	5.143642e-03	6.393531e-01	-3.964270e-01
6.385675e-01	8.756836e-05	3.419713e-04	3.590620e-03	2.285631e-03	7.484719e-05	0.000000e+00	0.000000e+00	0.000000e+00	0.000000e+00	6.537383e-04	1.293776e-03	3.125463e-03	0.000000e+00	0.000000e+00	0.000000e+00	1.894959e-03	0.000000e+00	0.000000e+00	1.574864e-04	4.600031e-03	1.546747e-03	3.637908e-03	0.000000e+00	0.000000e+00	5.276542e-03	1.414094e-03	0.000000e+00	0.000000e+00	5.463010e-03	6.385675e-01	-3.903090e-01
6.377307e-01	2.744269e-04	6.669464e-04	1.795310e-03	2.876269e-03	1.091264e-03	0.000000e+00	0.000000e+00	4.612096e-03	7.262412e-04	0.000000e+00	1.638826e-02	4.834670e-04	0.000000e+00	0.000000e+00	1.108534e-03	0.000000e+00	2.466246e-03	0.000000e+00	0.000000e+00	1.688044e-03	4.124660e-03	0.000000e+00	0.000000e+00	5.652449e-04	0.000000e+00	0.000000e+00	0.000000e+00	5.930379e-04	5.387167e-03	6.377307e-01	-3.811404e-01
6.377307e-01	2.744269e-04	6.669464e-04	1.795310e-03	2.876269e-03	1.091264e-03	0.000000e+00	0.000000e+00	4.612096e-03	7.262412e-04	0.000000e+00	1.638826e-02	4.834670e-04	0.000000e+00	0.000000e+00	1.108534e-03	0.000000e+00	2.466246e-03	0.000000e+00	0.000000e+00	1.688044e-03	4.124660e-03	0.000000e+00	0.000000e+00	5.652449e-04	0.000000e+00	0.000000e+00	0.000000e+00	5.930379e-04	5.387167e-03	6.377307e-01	-3.811404e-01
6.364799e-01	9.186128e-05	3.419713e-04	0.000000e+00	2.761753e-03	0.000000e+00	0.000000e+00	6.395486e-03	0.000000e+00	1.156603e-03	9.908222e-04	1.906009e-03	0.000000e+00	0.000000e+00	0.000000e+00	1.732212e-03	4.775572e-04	7.499701e-05	0.000000e+00	1.942022e-04	4.600031e-03	1.546747e-03	2.396011e-03	0.000000e+00	0.000000e+00	5.481866e-03	1.414094e-03	0.000000e+00	4.893074e-04	1.008331e-02	6.364799e-01	-3.698442e-01
6.356254e-01	7.475447e-05	1.947574e-03	6.047861e-05	1.643369e-03	4.810009e-04	0.000000e+00	1.467348e-03	0.000000e+00	1.154992e-03	7.482240e-04	0.000000e+00	1.204208e-03	2.610542e-03	0.000000e+00	0.000000e+00	7.482354e-03	0.000000e+00	7.520344e-04	1.152410e-02	6.635760e-03	0.000000e+00	3.822308e-03	0.000000e+00	0.000000e+00	3.421933e-03	4.914595e-04	0.000000e+00	0.000000e+00	1.467526e-02	6.356254e-01	-3.578987e-01
6.346144e-01	2.248807e-04	0.000000e+00	0.000000e+00	3.140976e-03	5.806802e-04	0.000000e+00	9.957508e-03	2.306048e-03	1.128565e-03	6.754445e-04	1.495009e-02	1.053873e-03	2.610542e-03	3.695112e-04	3.878845e-03	0.000000e+00	1.533111e-03	0.000000e+00	1.463279e-03	0.000000e+00	0.000000e+00	0.000000e+00	0.000000e+00	0.000000e+00	1.934386e-04	0.000000e+00	0.000000e+00	0.000000e+00	4.434256e-03	6.346144e-01	-3.494617e-01
6.341060e-01	0.000000e+00	2.302767e-03	8.976550e-04	6.861339e-03	0.000000e+00	0.000000e+00	2.347757e-03	0.000000e+00	6.050450e-04	0.000000e+00	0.000000e+00	0.000000e+00	0.000000e+00	9.169920e-04	5.542669e-03	2.043847e-03	4.454975e-04	4.409278e-03	3.757547e-03	9.102242e-03	6.911722e-04	0.000000e+00	0.000000e+00	1.816393e-04	9.671932e-05	2.351035e-03	0.000000e+00	1.200748e-03	0.000000e+00	6.341060e-01	-3.448023e-01
6.328680e-01	2.412938e-04	0.000000e+00	8.178533e-03	3.615100e-03	9.302029e-04	0.000000e+00	9.108320e-04	0.000000e+00	1.350076e-02	0.000000e+00	7.450763e-04	1.204208e-03	0.000000e+00	0.000000e+00	0.000000e+00	2.978293e-03	0.000000e+00	7.520344e-04	2.233614e-04	5.342542e-03	0.000000e+00	2.266348e-03	8.787295e-04	2.321309e-04	3.953955e-04	0.000000e+00	0.000000e+00	4.925680e-04	3.603432e-03	6.328680e-01	-3.302153e-01
6.324656e-01	1.135890e-04	3.419713e-04	0.000000e+00	3.972256e-03	1.388987e-03	0.000000e+00	0.000000e+00	1.844838e-02	5.012827e-04	6.537383e-04	1.617220e-04	0.000000e+00	0.000000e+00	1.833984e-03	4.434136e-03	0.000000e+00	1.233123e-03	9.925910e-03	3.156957e-05	1.133383e-03	1.023799e-02	0.000000e+00	4.832173e-03	2.019663e-04	0.000000e+00	8.623502e-04	0.000000e+00	7.194404e-04	1.087349e-02	6.324656e-01	-3.206954e-01
6.315900e-01	1.933202e-04	3.605115e-03	9.175826e-03	3.267102e-03	1.496944e-04	0.000000e+00	1.161709e-02	0.000000e+00	0.000000e+00	0.000000e+00	9.703319e-04	0.000000e+00	0.000000e+00	6.741991e-03	0.000000e+00	1.127278e-03	0.000000e+00	3.538990e-03	8.169048e-05	1.913407e-03	0.000000e+00	0.000000e+00	0.000000e+00	0.000000e+00	0.000000e+00	0.000000e+00	0.000000e+00	5.119795e-04	9.485560e-03	6.315900e-01	-3.137698e-01
6.309649e-01	0.000000e+00	9.310021e-04	1.886028e-03	2.779055e-03	1.627539e-03	0.000000e+00	2.347757e-03	0.000000e+00	7.677914e-04	4.085865e-05	0.000000e+00	5.925018e-04	5.221083e-03	0.000000e+00	0.000000e+00	0.000000e+00	9.266679e-04	0.000000e+00	0.000000e+00	0.000000e+00	5.812691e-03	0.000000e+00	0.000000e+00	1.000055e-05	9.671932e-05	1.643988e-03	0.000000e+00	2.762354e-04	6.215123e-03	6.309649e-01	-3.099593e-01
6.304776e-01	5.199569e-05	3.191124e-03	0.000000e+00	3.114330e-03	1.072552e-03	0.000000e+00	0.000000e+00	4.612096e-03	8.372231e-04	1.317691e-03	1.622654e-02	0.000000e+00	0.000000e+00	0.000000e+00	2.424278e-04	0.000000e+00	5.401379e-03	0.000000e+00	0.000000e+00	1.688044e-03	4.124660e-03	5.624158e-03	0.000000e+00	5.652449e-04	0.000000e+00	1.845269e-03	2.084858e-04	5.930379e-04	5.387167e-03	6.304776e-01	-2.990676e-01
6.293953e-01	5.163966e-05	1.233192e-03	1.708572e-02	7.527394e-03	0.000000e+00	0.000000e+00	3.319169e-03	0.000000e+00	1.197533e-03	0.000000e+00	1.174410e-04	2.056888e-05	0.000000e+00	1.833984e-03	1.108534e-03	7.681975e-04	0.000000e+00	0.000000e+00	4.704488e-03	5.088496e-03	6.089708e-04	0.000000e+00	0.000000e+00	0.000000e+00	0.000000e+00	2.054985e-04	0.000000e+00	0.000000e+00	9.811438e-03	6.293953e-01	-2.851489e-01
6.286007e-01	0.000000e+00	2.972470e-03	6.047861e-05	5.847493e-04	4.866256e-04	0.000000e+00	3.197743e-03	0.000000e+00	5.783013e-04	8.222803e-04	9.530046e-04	0.000000e+00	5.221083e-03	3.695112e-04	3.878845e-03	2.387786e-04	2.208311e-03	0.000000e+00	1.363980e-03	1.473110e-03	0.000000e+00	1.198006e-03	2.356889e-02	1.211472e-04	0.000000e+00	7.070471e-04	0.000000e+00	2.446537e-04	5.753034e-03	6.286007e-01	-2.741440e-01
6.277151e-01	1.778209e-05	3.211206e-03	1.209572e-04	8.775624e-04	9.732511e-04	0.000000e+00	0.000000e+00	0.000000e+00	0.000000e+00	6.537383e-04	0.000000e+00	1.140813e-03	5.221083e-03	7.390223e-04	0.000000e+00	0.000000e+00	5.929285e-03	0.000000e+00	0.000000e+00	1.653811e-03	0.000000e+00	0.000000e+00	2.066616e-04	3.229505e-04	0.000000e+00	0.000000e+00	0.000000e+00	0.000000e+00	1.422756e-03	6.277151e-01	-2.681270e-01
6.271928e-01	1.168745e-04	2.580302e-02	0.000000e+00	3.481484e-04	1.994418e-03	0.000000e+00	0.000000e+00	4.612096e-03	0.000000e+00	3.830498e-04	0.000000e+00	0.000000e+00	0.000000e+00	0.000000e+00	2.082339e-04	0.000000e+00	2.693119e-03	0.000000e+00	2.276070e-04	5.325240e-03	1.661598e-03	5.440897e-03	0.000000e+00	2.251142e-03	0.000000e+00	0.000000e+00	0.000000e+00	1.644825e-03	3.328577e-03	6.271928e-01	-2.543887e-01
6.261096e-01	0.000000e+00	3.626510e-03	6.047861e-04	1.787272e-03	1.072552e-03	0.000000e+00	2.706263e-03	0.000000e+00	8.310033e-05	3.064398e-04	8.317131e-04	2.180695e-04	1.044217e-02	4.705325e-03	0.000000e+00	0.000000e+00	1.078687e-02	0.000000e+00	7.131349e-05	5.874272e-04	3.376062e-03	0.000000e+00	3.616577e-04	5.652449e-04	0.000000e+00	0.000000e+00	0.000000e+00	6.336050e-04	1.577065e-03	6.261096e-01	-2.408222e-01
6.254695e-01	7.112835e-05	1.233192e-03	6.047861e-04	0.000000e+00	1.888702e-03	0.000000e+00	0.000000e+00	9.224192e-03	0.000000e+00	6.537383e-04	0.000000e+00	0.000000e+00	0.000000e+00	7.390223e-04	0.000000e+00	0.000000e+00	7.312803e-03	0.000000e+00	2.699112e-04	0.000000e+00	6.186990e-03	3.996054e-03	0.000000e+00	2.019663e-04	0.000000e+00	0.000000e+00	0.000000e+00	1.267210e-03	2.013482e-03	6.254695e-01	-2.329121e-01
6.246025e-01	6.223730e-05	3.098398e-03	4.233502e-04	1.981699e-03	0.000000e+00	0.000000e+00	0.000000e+00	0.000000e+00	0.000000e+00	2.553665e-04	3.619492e-04	0.000000e+00	0.000000e+00	0.000000e+00	2.082339e-04	0.000000e+00	3.001600e-03	0.000000e+00	2.306570e-04	6.281943e-03	0.000000e+00	7.459102e-03	0.000000e+00	1.675734e-03	0.000000e+00	0.000000e+00	4.169717e-04	1.267210e-03	7.064616e-03	6.246025e-01	-2.200762e-01
6.246025e-01	8.001939e-05	4.526455e-03	1.366364e-03	0.000000e+00	1.216564e-03	5.741610e-02	0.000000e+00	0.000000e+00	0.000000e+00	5.694674e-04	0.000000e+00	0.000000e+00	1.380193e-03	0.000000e+00	0.000000e+00	0.000000e+00	1.054863e-02	0.000000e+00	0.000000e+00	9.035042e-05	2.062330e-03	0.000000e+00	0.000000e+00	1.675734e-03	0.000000e+00	0.000000e+00	0.000000e+00	0.000000e+00	7.064616e-03	6.246025e-01	-2.098390e-01
6.231859e-01	3.556417e-05	1.438694e-03	0.000000e+00	7.966175e-03	2.691137e-04	0.000000e+00	0.000000e+00	0.000000e+00	6.964884e-05	0.000000e+00	0.000000e+00	0.000000e+00	2.610542e-03	3.740507e-03	1.108534e-03	7.681975e-04	0.000000e+00	0.000000e+00	4.578503e-03	5.915402e-03	0.000000e+00	9.114901e-04	7.763329e-04	8.081910e-05	0.000000e+00	2.054985e-04	8.339433e-04	6.336050e-04	4.294910e-03	6.231859e-01	-1.974452e-01
6.221733e-01	0.000000e+00	2.877388e-03	1.814358e-04	0.000000e+00	1.726096e-03	0.000000e+00	0.000000e+00	0.000000e+00	0.000000e+00	6.639530e-04	4.158565e-04	0.000000e+00	1.305271e-03	6.741991e-03	0.000000e+00	0.000000e+00	5.966243e-03	0.000000e+00	3.131370e-04	0.000000e+00	0.000000e+00	0.000000e+00	0.000000e+00	6.866365e-04	0.000000e+00	0.000000e+00	0.000000e+00	0.000000e+00	9.457022e-04	6.221733e-01	-1.838655e-01
6.214185e-01	7.112835e-05	4.407087e-03	1.209572e-04	0.000000e+00	9.732511e-04	0.000000e+00	0.000000e+00	0.000000e+00	0.000000e+00	6.537383e-04	0.000000e+00	0.000000e+00	0.000000e+00	7.390223e-04	0.000000e+00	0.000000e+00	8.688138e-03	0.000000e+00	0.000000e+00	0.000000e+00	2.062330e-03	0.000000e+00	2.066616e-04	6.865550e-04	0.000000e+00	0.000000e+00	0.000000e+00	0.000000e+00	1.422756e-03	6.214185e-01	-1.718256e-01
6.205278e-01	0.000000e+00	0.000000e+00	1.209572e-04	0.000000e+00	0.000000e+00	0.000000e+00	0.000000e+00	0.000000e+00	2.968457e-05	3.370838e-04	0.000000e+00	0.000000e+00	0.000000e+00	0.000000e+00	0.000000e+00	0.000000e+00	8.688138e-03	0.000000e+00	0.000000e+00	0.000000e+00	1.315223e-03	2.926322e-06	0.000000e+00	5.655708e-04	0.000000e+00	0.000000e+00	8.339433e-04	0.000000e+00	2.353500e-03	6.205278e-01	-1.580640e-01
6.198744e-01	7.112835e-05	2.484514e-03	0.000000e+00	0.000000e+00	4.350237e-04	0.000000e+00	6.144075e-03	0.000000e+00	0.000000e+00	7.150263e-04	1.293776e-03	0.000000e+00	0.000000e+00	6.741991e-03	0.000000e+00	0.000000e+00	8.451086e-03	3.538990e-03	2.519696e-04	0.000000e+00	3.467048e-03	0.000000e+00	0.000000e+00	1.613123e-04	0.000000e+00	0.000000e+00	0.000000e+00	0.000000e+00	3.276586e-03	6.198744e-01	-1.427111e-01
6.191209e-01	0.000000e+00	2.276300e-03	5.745468e-04	1.787272e-03	0.000000e+00	0.000000e+00	2.706263e-03	0.000000e+00	1.527492e-04	1.430053e-04	8.317131e-04	0.000000e+00	9.789531e-03	0.000000e+00	6.941128e-05	0.000000e+00	7.803744e-03	0.000000e+00	0.000000e+00	8.269055e-04	4.033674e-03	0.000000e+00	3.616577e-04	1.695898e-03	0.000000e+00	0.000000e+00	0.000000e+00	6.336050e-04	2.209451e-03	6.191209e-01	-1.300126e-01
4.537697e-01	0.000000e+00	0.000000e+00	1.209572e-04	0.000000e+00	0.000000e+00	0.000000e+00	0.000000e+00	0.000000e+00	1.392977e-04	3.370838e-04	4.158565e-04	0.000000e+00	0.000000e+00	0.000000e+00	1.388226e-04	0.000000e+00	0.000000e+00	0.000000e+00	0.000000e+00	4.789566e-04	1.315223e-03	0.000000e+00	0.000000e+00	5.655708e-04	0.000000e+00	0.000000e+00	8.339433e-04	0.000000e+00	2.210474e-03	4.537697e-01	-1.228659e-01
4.537697e-01	0.000000e+00	0.000000e+00	1.209572e-04	0.000000e+00	0.000000e+00	0.000000e+00	0.000000e+00	0.000000e+00	1.392977e-04	3.370838e-04	4.158565e-04	0.000000e+00	0.000000e+00	0.000000e+00	1.388226e-04	0.000000e+00	0.000000e+00	0.000000e+00	0.000000e+00	4.789566e-04	1.315223e-03	0.000000e+00	0.000000e+00	5.655708e-04	0.000000e+00	0.000000e+00	8.339433e-04	0.000000e+00	2.210474e-03	4.537697e-01	-1.228659e-01
4.537697e-01	0.000000e+00	0.000000e+00	1.209572e-04	0.000000e+00	0.000000e+00	0.000000e+00	0.000000e+00	0.000000e+00	1.392977e-04	3.370838e-04	4.158565e-04	0.000000e+00	0.000000e+00	0.000000e+00	1.388226e-04	0.000000e+00	0.000000e+00	0.000000e+00	0.000000e+00	4.789566e-04	1.315223e-03	0.000000e+00	0.000000e+00	5.655708e-04	0.000000e+00	0.000000e+00	8.339433e-04	0.000000e+00	2.210474e-03	4.537697e-01	-1.228659e-01
4.537697e-01	0.000000e+00	0.000000e+00	1.209572e-04	0.000000e+00	0.000000e+00	0.000000e+00	0.000000e+00	0.000000e+00	1.392977e-04	3.370838e-04	4.158565e-04	0.000000e+00	0.000000e+00	0.000000e+00	1.388226e-04	0.000000e+00	0.000000e+00	0.000000e+00	0.000000e+00	4.789566e-04	1.315223e-03	0.000000e+00	0.000000e+00	5.655708e-04	0.000000e+00	0.000000e+00	8.339433e-04	0.000000e+00	2.210474e-03	4.537697e-01	-1.228659e-01
4.537697e-01	0.000000e+00	0.000000e+00	1.209572e-04	0.000000e+00	0.000000e+00	0.000000e+00	0.000000e+00	0.000000e+00	1.392977e-04	3.370838e-04	4.158565e-04	0.000000e+00	0.000000e+00	0.000000e+00	1.388226e-04	0.000000e+00	0.000000e+00	0.000000e+00	0.000000e+00	4.789566e-04	1.315223e-03	0.000000e+00	0.000000e+00	5.655708e-04	0.000000e+00	0.000000e+00	8.339433e-04	0.000000e+00	2.210474e-03	4.537697e-01	-1.228659e-01
4.537697e-01	0.000000e+00	0.000000e+00	1.209572e-04	0.000000e+00	0.000000e+00	0.000000e+00	0.000000e+00	0.000000e+00	1.392977e-04	3.370838e-04	4.158565e-04	0.000000e+00	0.000000e+00	0.000000e+00	1.388226e-04	0.000000e+00	0.000000e+00	0.000000e+00	0.000000e+00	4.789566e-04	1.315223e-03	0.000000e+00	0.000000e+00	5.655708e-04	0.000000e+00	0.000000e+00	8.339433e-04	0.000000e+00	2.210474e-03	4.537697e-01	-1.228659e-01
4.537697e-01	0.000000e+00	0.000000e+00	1.209572e-04	0.000000e+00	0.000000e+00	0.000000e+00	0.000000e+00	0.000000e+00	1.392977e-04	3.370838e-04	4.158565e-04	0.000000e+00	0.000000e+00	0.000000e+00	1.388226e-04	0.000000e+00	0.000000e+00	0.000000e+00	0.000000e+00	4.789566e-04	1.315223e-03	0.000000e+00	0.000000e+00	5.655708e-04	0.000000e+00	0.000000e+00	8.339433e-04	0.000000e+00	2.210474e-03	4.537697e-01	-1.228659e-01
4.507764e-01	0.000000e+00	2.142219e-05	0.000000e+00	1.293100e-03	0.000000e+00	0.000000e+00	1.265207e-03	0.000000e+00	2.266942e-04	0.000000e+00	7.762100e-04	0.000000e+00	0.000000e+00	7.390223e-04	0.000000e+00	0.000000e+00	0.000000e+00	0.000000e+00	1.092116e-04	3.592174e-04	1.315223e-03	0.000000e+00	1.708439e-03	1.515562e-04	1.818194e-05	0.000000e+00	8.339433e-04	1.751110e-03	0.000000e+00	4.507764e-01	-1.198614e-01
4.473736e-01	0.000000e+00	1.071109e-05	1.787201e-04	0.000000e+00	0.000000e+00	0.000000e+00	1.160339e-04	0.000000e+00	2.929742e-03	0.000000e+00	0.000000e+00	0.000000e+00	0.000000e+00	0.000000e+00	1.735282e-04	7.370683e-04	0.000000e+00	0.000000e+00	1.065208e-04	0.000000e+00	0.000000e+00	2.926322e-06	0.000000e+00	5.655708e-04	0.000000e+00	3.854423e-05	0.000000e+00	1.751110e-03	2.928142e-03	4.473736e-01	-1.127406e-01
4.438848e-01	0.000000e+00	1.231972e-04	0.000000e+00	0.000000e+00	0.000000e+00	0.000000e+00	1.396042e-03	0.000000e+00	1.906851e-04	0.000000e+00	8.524225e-04	0.000000e+00	0.000000e+00	1.145508e-03	0.000000e+00	7.370683e-04	0.000000e+00	0.000000e+00	0.000000e+00	4.789566e-04	1.315223e-03	0.000000e+00	0.000000e+00	1.807126e-03	1.584426e-04	0.000000e+00	1.042429e-04	1.751110e-03	1.657856e-03	4.438848e-01	-9.953907e-02
4.410642e-01	0.000000e+00	1.315241e-04	4.765869e-04	0.000000e+00	0.000000e+00	0.000000e+00	2.320679e-04	2.220993e-03	1.737899e-04	6.997043e-04	0.000000e+00	0.000000e+00	0.000000e+00	2.437354e-04	0.000000e+00	7.731432e-05	0.000000e+00	0.000000e+00	0.000000e+00	5.088913e-04	0.000000e+00	5.852643e-06	0.000000e+00	8.483561e-04	0.000000e+00	0.000000e+00	0.000000e+00	0.000000e+00	1.861488e-03	4.410642e-01	-8.637415e-02
4.389183e-01	0.000000e+00	0.000000e+00	9.838371e-05	0.000000e+00	0.000000e+00	0.000000e+00	1.265207e-03	0.000000e+00	1.715259e-04	1.327906e-04	4.158565e-04	0.000000e+00	0.000000e+00	1.515289e-03	0.000000e+00	0.000000e+00	0.000000e+00	0.000000e+00	5.460582e-05	2.694131e-04	0.000000e+00	0.000000e+00	0.000000e+00	1.534748e-03	0.000000e+00	0.000000e+00	1.459401e-03	0.000000e+00	0.000000e+00	4.389183e-01	-7.366009e-02
4.371432e-01	0.000000e+00	0.000000e+00	3.177246e-04	0.000000e+00	0.000000e+00	0.000000e+00	0.000000e+00	0.000000e+00	2.286310e-04	1.327906e-04	4.158565e-04	0.000000e+00	0.000000e+00	1.145508e-03	0.000000e+00	0.000000e+00	0.000000e+00	0.000000e+00	0.000000e+00	4.789566e-04	1.315223e-03	0.000000e+00	0.000000e+00	1.534748e-03	0.000000e+00	0.000000e+00	8.339433e-04	1.751110e-03	1.657856e-03	4.371432e-01	-6.109573e-02
4.347590e-01	0.000000e+00	6.396819e-05	1.209572e-04	0.000000e+00	0.000000e+00	0.000000e+00	3.817192e-04	0.000000e+00	3.245034e-04	8.171729e-05	0.000000e+00	0.000000e+00	0.000000e+00	0.000000e+00	0.000000e+00	0.000000e+00	0.000000e+00	0.000000e+00	5.776655e-05	4.789566e-04	1.315223e-03	0.000000e+00	0.000000e+00	1.726470e-03	0.000000e+00	0.000000e+00	4.169717e-04	0.000000e+00	1.356531e-03	4.347590e-01	-4.391452e-02
4.333088e-01	8.185249e-03	2.784780e-04	0.000000e+00	1.293100e-03	6.584573e-03	0.000000e+00	1.526877e-03	0.000000e+00	0.000000e+00	8.171729e-05	5.682817e-04	0.000000e+00	0.000000e+00	0.000000e+00	0.000000e+00	7.530595e-04	0.000000e+00	0.000000e+00	1.070416e-04	4.789566e-04	1.315223e-03	2.881266e-03	1.811770e-03	0.000000e+00	3.818207e-04	0.000000e+00	0.000000e+00	3.551407e-04	0.000000e+00	4.333088e-01	-2.780686e-02
4.316812e-01	0.000000e+00	0.000000e+00	0.000000e+00	7.461415e-04	0.000000e+00	0.000000e+00	0.000000e+00	0.000000e+00	2.388055e-04	1.488191e-02	1.317157e-04	0.000000e+00	0.000000e+00	2.295998e-04	6.941128e-05	1.319508e-03	0.000000e+00	0.000000e+00	1.801880e-04	5.986957e-04	1.233022e-03	1.231746e-05	0.000000e+00	5.655708e-04	0.000000e+00	0.000000e+00	8.339433e-04	4.669625e-03	2.237164e-03	4.316812e-01	-1.333972e-02
4.295471e-01	0.000000e+00	0.000000e+00	2.382935e-04	0.000000e+00	0.000000e+00	0.000000e+00	0.000000e+00	3.966059e-04	2.286310e-04	2.706885e-04	9.857340e-04	0.000000e+00	0.000000e+00	1.145508e-03	0.000000e+00	1.474137e-03	0.000000e+00	0.000000e+00	2.735812e-04	4.789566e-04	4.495392e-04	0.000000e+00	0.000000e+00	5.815065e-03	2.373392e-04	0.000000e+00	4.169717e-04	8.755548e-04	1.822098e-03	4.295471e-01	3.872029e-03
4.277452e-01	0.000000e+00	9.899615e-05	9.928895e-05	0.000000e+00	0.000000e+00	0.000000e+00	0.000000e+00	9.518541e-04	3.457697e-04	5.771284e-04	0.000000e+00	0.000000e+00	0.000000e+00	0.000000e+00	1.735282e-04	6.984111e-04	0.000000e+00	0.000000e+00	1.065208e-04	4.041196e-04	0.000000e+00	0.000000e+00	0.000000e+00	3.533514e-03	0.000000e+00	3.854423e-05	0.000000e+00	1.751110e-03	3.313467e-03	4.277452e-01	2.111446e-02
4.259351e-01	0.000000e+00	1.315241e-04	3.177246e-04	0.000000e+00	0.000000e+00	0.000000e+00	0.000000e+00	0.000000e+00	1.788771e-04	5.720211e-04	0.000000e+00	0.000000e+00	0.000000e+00	1.908129e-03	0.000000e+00	0.000000e+00	0.000000e+00	0.000000e+00	0.000000e+00	4.190870e-04	0.000000e+00	0.000000e+00	0.000000e+00	0.000000e+00	2.214300e-04	0.000000e+00	8.339433e-04	0.000000e+00	2.632138e-03	4.259351e-01	3.897347e-02
4.251352e-01	0.000000e+00	2.035500e-04	3.971558e-05	1.293100e-03	0.000000e+00	0.000000e+00	1.526877e-03	0.000000e+00	9.950779e-05	0.000000e+00	5.682817e-04	0.000000e+00	0.000000e+00	1.525242e-03	0.000000e+00	1.474137e-03	0.000000e+00	0.000000e+00	2.130416e-04	3.592174e-04	1.315223e-03	0.000000e+00	0.000000e+00	4.845887e-03	2.805213e-04	0.000000e+00	0.000000e+00	0.000000e+00	3.934906e-03	4.251352e-01	4.978683e-02
4.239436e-01	0.000000e+00	2.317450e-05	3.876795e-04	0.000000e+00	0.000000e+00	0.000000e+00	7.634383e-04	3.569453e-04	2.985234e-04	0.000000e+00	7.007953e-04	4.159902e-02	0.000000e+00	9.606176e-04	0.000000e+00	7.370683e-04	0.000000e+00	0.000000e+00	2.417328e-05	5.837283e-04	1.539993e-03	2.978820e-03	1.811770e-03	3.674906e-03	0.000000e+00	1.727461e-02	0.000000e+00	0.000000e+00	1.476175e-03	4.239436e-01	7.501155e-02
4.217779e-01	8.185249e-03	1.801363e-05	0.000000e+00	0.000000e+00	0.000000e+00	0.000000e+00	1.533003e-02	1.427781e-03	1.842079e-04	0.000000e+00	0.000000e+00	0.000000e+00	0.000000e+00	0.000000e+00	0.000000e+00	0.000000e+00	0.000000e+00	0.000000e+00	0.000000e+00	0.000000e+00	0.000000e+00	0.000000e+00	0.000000e+00	0.000000e+00	8.220833e-04	0.000000e+00	0.000000e+00	2.201216e-05	0.000000e+00	4.217779e-01	8.943065e-02
4.201780e-01	1.637050e-02	1.152194e-02	2.978668e-04	0.000000e+00	0.000000e+00	5.956098e-03	0.000000e+00	2.538278e-03	2.238925e-04	0.000000e+00	0.000000e+00	2.079951e-02	0.000000e+00	0.000000e+00	0.000000e+00	1.192174e-03	0.000000e+00	0.000000e+00	1.922747e-04	2.993478e-04	0.000000e+00	3.002843e-03	0.000000e+00	0.000000e+00	1.896116e-04	3.083538e-04	0.000000e+00	2.201216e-05	0.000000e+00	4.201780e-01	1.161453e-01
4.178062e-01	0.000000e+00	0.000000e+00	7.943116e-05	0.000000e+00	0.000000e+00	0.000000e+00	1.336017e-03	3.966059e-04	0.000000e+00	2.451519e-04	6.585785e-05	0.000000e+00	0.000000e+00	3.476345e-03	0.000000e+00	1.046445e-03	0.000000e+00	0.000000e+00	3.281870e-04	0.000000e+00	8.091706e-05	0.000000e+00	1.767736e-02	2.422944e-03	2.464302e-04	1.541769e-03	0.000000e+00	0.000000e+00	9.931704e-04	4.178062e-01	1.381956e-01
4.159630e-01	0.000000e+00	1.874457e-04	0.000000e+00	0.000000e+00	0.000000e+00	0.000000e+00	0.000000e+00	1.903708e-03	0.000000e+00	1.516792e-02	0.000000e+00	0.000000e+00	0.000000e+00	0.000000e+00	6.941128e-05	1.192174e-03	0.000000e+00	0.000000e+00	1.801880e-04	8.082392e-04	0.000000e+00	0.000000e+00	0.000000e+00	5.655708e-04	7.272775e-04	0.000000e+00	0.000000e+00	2.461391e-03	0.000000e+00	4.159630e-01	1.599753e-01
4.141712e-01	0.000000e+00	8.893656e-05	3.971558e-05	1.492283e-03	0.000000e+00	0.000000e+00	0.000000e+00	1.031175e-03	0.000000e+00	0.000000e+00	0.000000e+00	0.000000e+00	0.000000e+00	0.000000e+00	0.000000e+00	1.863133e-04	0.000000e+00	0.000000e+00	0.000000e+00	0.000000e+00	2.310346e-03	3.759559e-03	0.000000e+00	0.000000e+00	0.000000e+00	0.000000e+00	0.000000e+00	4.705971e-03	1.173900e-02	4.141712e-01	1.834218e-01
4.120332e-01	0.000000e+00	8.893656e-05	2.680802e-04	0.000000e+00	0.000000e+00	0.000000e+00	7.634383e-04	3.014205e-03	1.007616e-04	0.000000e+00	0.000000e+00	0.000000e+00	0.000000e+00	0.000000e+00	0.000000e+00	1.164879e-03	0.000000e+00	0.000000e+00	3.984594e-04	4.789566e-04	0.000000e+00	3.002843e-03	0.000000e+00	1.332456e-03	1.818194e-05	1.541769e-03	0.000000e+00	2.201216e-05	3.897130e-03	4.120332e-01	2.094155e-01
4.104971e-01	0.000000e+00	1.069502e-04	0.000000e+00	0.000000e+00	0.000000e+00	0.000000e+00	0.000000e+00	1.084202e-19	0.000000e+00	0.000000e+00	0.000000e+00	0.000000e+00	0.000000e+00	7.626212e-04	0.000000e+00	2.546685e-04	0.000000e+00	0.000000e+00	0.000000e+00	0.000000e+00	0.000000e+00	0.000000e+00	0.000000e+00	0.000000e+00	6.188352e-04	0.000000e+00	0.000000e+00	0.000000e+00	0.000000e+00	4.104971e-01	2.267359e-01
2.604256e-01	0.000000e+00	0.000000e+00	0.000000e+00	0.000000e+00	0.000000e+00	0.000000e+00	0.000000e+00	0.000000e+00	0.000000e+00	0.000000e+00	0.000000e+00	0.000000e+00	0.000000e+00	0.000000e+00	0.000000e+00	6.550659e-04	0.000000e+00	0.000000e+00	0.000000e+00	0.000000e+00	0.000000e+00	0.000000e+00	0.000000e+00	0.000000e+00	6.233807e-04	0.000000e+00	0.000000e+00	0.000000e+00	0.000000e+00	2.604256e-01	2.433950e-01
2.604256e-01	0.000000e+00	0.000000e+00	0.000000e+00	0.000000e+00	0.000000e+00	0.000000e+00	0.000000e+00	0.000000e+00	0.000000e+00	0.000000e+00	0.000000e+00	0.000000e+00	0.000000e+00	0.000000e+00	0.000000e+00	6.550659e-04	0.000000e+00	0.000000e+00	0.000000e+00	0.000000e+00	0.000000e+00	0.000000e+00	0.000000e+00	0.000000e+00	6.233807e-04	0.000000e+00	0.000000e+00	0.000000e+00	0.000000e+00	2.604256e-01	2.433950e-01
2.604256e-01	0.000000e+00	0.000000e+00	0.000000e+00	0.000000e+00	0.000000e+00	0.000000e+00	0.000000e+00	0.000000e+00	0.000000e+00	0.000000e+00	0.000000e+00	0.000000e+00	0.000000e+00	0.000000e+00	0.000000e+00	6.550659e-04	0.000000e+00	0.000000e+00	0.000000e+00	0.000000e+00	0.000000e+00	0.000000e+00	0.000000e+00	0.000000e+00	6.233807e-04	0.000000e+00	0.000000e+00	0.000000e+00	0.000000e+00	2.604256e-01	2.433950e-01
2.604256e-01	0.000000e+00	0.000000e+00	0.000000e+00	0.000000e+00	0.000000e+00	0.000000e+00	0.000000e+00	0.000000e+00	0.000000e+00	0.000000e+00	0.000000e+00	0.000000e+00	0.000000e+00	0.000000e+00	0.000000e+00	6.550659e-04	0.000000e+00	0.000000e+00	0.000000e+00	0.000000e+00	0.000000e+00	0.000000e+00	0.000000e+00	0.000000e+00	6.233807e-04	0.000000e+00	0.000000e+00	0.000000e+00	0.000000e+00	2.604256e-01	2.433950e-01
2.604256e-01	0.000000e+00	0.000000e+00	0.000000e+00	0.000000e+00	0.000000e+00	0.000000e+00	0.000000e+00	0.000000e+00	0.000000e+00	0.000000e+00	0.000000e+00	0.000000e+00	0.000000e+00	0.000000e+00	0.000000e+00	6.550659e-04	0.000000e+00	0.000000e+00	0.000000e+00	0.000000e+00	0.000000e+00	0.000000e+00	0.000000e+00	0.000000e+00	6.233807e-04	0.000000e+00	0.000000e+00	0.000000e+00	0.000000e+00	2.604256e-01	2.433950e-01
2.604256e-01	0.000000e+00	0.000000e+00	0.000000e+00	0.000000e+00	0.000000e+00	0.000000e+00	0.000000e+00	0.000000e+00	0.000000e+00	0.000000e+00	0.000000e+00	0.000000e+00	0.000000e+00	0.000000e+00	0.000000e+00	6.550659e-04	0.000000e+00	0.000000e+00	0.000000e+00	0.000000e+00	0.000000e+00	0.000000e+00	0.000000e+00	0.000000e+00	6.233807e-04	0.000000e+00	0.000000e+00	0.000000e+00	0.000000e+00	2.604256e-01	2.433950e-01
2.604256e-01	0.000000e+00	0.000000e+00	0.000000e+00	0.000000e+00	0.000000e+00	0.000000e+00	0.000000e+00	0.000000e+00	0.000000e+00	0.000000e+00	0.000000e+00	0.000000e+00	0.000000e+00	0.000000e+00	0.000000e+00	6.550659e-04	0.000000e+00	0.000000e+00	0.000000e+00	0.000000e+00	0.000000e+00	0.000000e+00	0.000000e+00	0.000000e+00	6.233807e-04	0.000000e+00	0.000000e+00	0.000000e+00	0.000000e+00	2.604256e-01	2.433950e-01
2.604256e-01	0.000000e+00	0.000000e+00	0.000000e+00	0.000000e+00	0.000000e+00	0.000000e+00	0.000000e+00	0.000000e+00	0.000000e+00	0.000000e+00	0.000000e+00	0.000000e+00	0.000000e+00	0.000000e+00	0.000000e+00	6.550659e-04	0.000000e+00	0.000000e+00	0.000000e+00	0.000000e+00	0.000000e+00	0.000000e+00	0.000000e+00	0.000000e+00	6.233807e-04	0.000000e+00	0.000000e+00	0.000000e+00	0.000000e+00	2.604256e-01	2.433950e-01
2.604256e-01	0.000000e+00	0.000000e+00	0.000000e+00	0.000000e+00	0.000000e+00	0.000000e+00	0.000000e+00	0.000000e+00	0.000000e+00	0.000000e+00	0.000000e+00	0.000000e+00	0.000000e+00	0.000000e+00	0.000000e+00	6.550659e-04	0.000000e+00	0.000000e+00	0.000000e+00	0.000000e+00	0.000000e+00	0.000000e+00	0.000000e+00	0.000000e+00	6.233807e-04	0.000000e+00	0.000000e+00	0.000000e+00	0.000000e+00	2.604256e-01	2.433950e-01
2.604256e-01	0.000000e+00	0.000000e+00	0.000000e+00	0.000000e+00	0.000000e+00	0.000000e+00	0.000000e+00	0.000000e+00	0.000000e+00	0.000000e+00	0.000000e+00	0.000000e+00	0.000000e+00	0.000000e+00	0.000000e+00	6.550659e-04	0.000000e+00	0.000000e+00	0.000000e+00	0.000000e+00	0.000000e+00	0.000000e+00	0.000000e+00	0.000000e+00	6.233807e-04	0.000000e+00	0.000000e+00	0.000000e+00	0.000000e+00	2.604256e-01	2.433950e-01
2.492108e-01	0.000000e+00	1.099261e-03	3.177246e-04	0.000000e+00	0.000000e+00	0.000000e+00	0.000000e+00	0.000000e+00	0.000000e+00	0.000000e+00	0.000000e+00	0.000000e+00	0.000000e+00	0.000000e+00	0.000000e+00	0.000000e+00	0.000000e+00	0.000000e+00	0.000000e+00	0.000000e+00	0.000000e+00	0.000000e+00	0.000000e+00	0.000000e+00	0.000000e+00	0.000000e+00	0.000000e+00	0.000000e+00	0.000000e+00	2.492108e-01	2.519855e-01
2.439809e-01	0.000000e+00	6.403664e-04	2.100306e-04	0.000000e+00	0.000000e+00	0.000000e+00	0.000000e+00	3.172847e-04	4.896415e-05	0.000000e+00	0.000000e+00	0.000000e+00	0.000000e+00	0.000000e+00	0.000000e+00	4.367106e-04	0.000000e+00	0.000000e+00	0.000000e+00	0.000000e+00	0.000000e+00	0.000000e+00	0.000000e+00	0.000000e+00	0.000000e+00	0.000000e+00	0.000000e+00	0.000000e+00	0.000000e+00	2.439809e-01	2.668105e-01
2.379606e-01	0.000000e+00	7.028483e-04	7.943116e-05	0.000000e+00	0.000000e+00	0.000000e+00	0.000000e+00	3.172847e-04	0.000000e+00	0.000000e+00	0.000000e+00	0.000000e+00	0.000000e+00	0.000000e+00	0.000000e+00	4.367106e-04	0.000000e+00	1.314127e-04	0.000000e+00	0.000000e+00	0.000000e+00	0.000000e+00	0.000000e+00	0.000000e+00	0.000000e+00	0.000000e+00	0.000000e+00	0.000000e+00	1.152198e-04	2.379606e-01	2.914648e-01
2.333694e-01	0.000000e+00	4.140105e-04	1.588623e-04	0.000000e+00	0.000000e+00	0.000000e+00	0.000000e+00	0.000000e+00	0.000000e+00	0.000000e+00	0.000000e+00	0.000000e+00	0.000000e+00	0.000000e+00	0.000000e+00	6.550659e-04	0.000000e+00	1.314127e-04	0.000000e+00	0.000000e+00	0.000000e+00	0.000000e+00	0.000000e+00	0.000000e+00	6.233807e-04	0.000000e+00	0.000000e+00	0.000000e+00	0.000000e+00	2.333694e-01	3.151478e-01
2.299197e-01	0.000000e+00	0.000000e+00	3.177246e-04	1.757080e-03	0.000000e+00	0.000000e+00	0.000000e+00	0.000000e+00	2.084925e-04	0.000000e+00	0.000000e+00	0.000000e+00	0.000000e+00	1.866095e-04	0.000000e+00	1.091777e-04	0.000000e+00	0.000000e+00	0.000000e+00	1.182775e-02	0.000000e+00	1.077300e-02	0.000000e+00	0.000000e+00	1.182692e-04	0.000000e+00	0.000000e+00	0.000000e+00	0.000000e+00	2.299197e-01	3.408055e-01
2.242207e-01	0.000000e+00	0.000000e+00	0.000000e+00	0.000000e+00	0.000000e+00	0.000000e+00	0.000000e+00	0.000000e+00	2.148105e-04	0.000000e+00	0.000000e+00	0.000000e+00	0.000000e+00	2.488127e-04	3.681211e-02	4.367106e-04	0.000000e+00	0.000000e+00	0.000000e+00	0.000000e+00	0.000000e+00	0.000000e+00	0.000000e+00	0.000000e+00	0.000000e+00	0.000000e+00	0.000000e+00	0.000000e+00	0.000000e+00	2.242207e-01	3.808019e-01
2.186872e-01	0.000000e+00	0.000000e+00	0.000000e+00	0.000000e+00	0.000000e+00	0.000000e+00	0.000000e+00	2.115231e-04	0.000000e+00	0.000000e+00	0.000000e+00	0.000000e+00	0.000000e+00	8.293758e-05	0.000000e+00	4.367106e-04	7.071647e-04	0.000000e+00	0.000000e+00	0.000000e+00	0.000000e+00	0.000000e+00	0.000000e+00	0.000000e+00	0.000000e+00	0.000000e+00	0.000000e+00	0.000000e+00	5.845343e-04	2.186872e-01	4.117035e-01
2.135949e-01	0.000000e+00	2.712405e-04	0.000000e+00	0.000000e+00	0.000000e+00	0.000000e+00	0.000000e+00	1.084202e-19	9.792831e-05	0.000000e+00	0.000000e+00	0.000000e+00	0.000000e+00	1.658752e-04	0.000000e+00	0.000000e+00	0.000000e+00	0.000000e+00	0.000000e+00	0.000000e+00	0.000000e+00	0.000000e+00	0.000000e+00	0.000000e+00	1.681743e-03	0.000000e+00	0.000000e+00	0.000000e+00	0.000000e+00	2.135949e-01	4.498880e-01
2.092300e-01	0.000000e+00	1.033499e-03	0.000000e+00	0.000000e+00	0.000000e+00	0.000000e+00	0.000000e+00	0.000000e+00	2.148105e-04	0.000000e+00	0.000000e+00	0.000000e+00	0.000000e+00	0.000000e+00	0.000000e+00	0.000000e+00	0.000000e+00	0.000000e+00	0.000000e+00	1.366242e-04	0.000000e+00	0.000000e+00	0.000000e+00	0.000000e+00	9.456916e-04	0.000000e+00	0.000000e+00	0.000000e+00	3.896896e-04	2.092300e-01	4.834110e-01
2.042372e-01	0.000000e+00	1.033499e-03	0.000000e+00	0.000000e+00	0.000000e+00	0.000000e+00	0.000000e+00	0.000000e+00	0.000000e+00	0.000000e+00	0.000000e+00	0.000000e+00	0.000000e+00	1.244064e-04	0.000000e+00	0.000000e+00	1.414329e-03	0.000000e+00	0.000000e+00	1.366242e-04	0.000000e+00	0.000000e+00	0.000000e+00	0.000000e+00	9.456916e-04	9.288825e-04	0.000000e+00	0.000000e+00	1.169069e-03	2.042372e-01	5.223487e-01
1.982170e-01	0.000000e+00	1.033499e-03	0.000000e+00	0.000000e+00	0.000000e+00	0.000000e+00	1.742996e-02	0.000000e+00	0.000000e+00	0.000000e+00	0.000000e+00	0.000000e+00	0.000000e+00	0.000000e+00	0.000000e+00	0.000000e+00	1.414329e-03	0.000000e+00	0.000000e+00	1.366242e-04	0.000000e+00	0.000000e+00	0.000000e+00	0.000000e+00	1.049588e-03	9.288825e-04	0.000000e+00	0.000000e+00	0.000000e+00	1.982170e-01	5.711903e-01
1.911655e-01	0.000000e+00	6.403664e-04	2.100306e-04	0.000000e+00	0.000000e+00	0.000000e+00	0.000000e+00	3.172847e-04	4.896415e-05	0.000000e+00	0.000000e+00	0.000000e+00	0.000000e+00	1.244064e-04	0.000000e+00	1.091777e-04	0.000000e+00	6.570634e-05	0.000000e+00	0.000000e+00	0.000000e+00	0.000000e+00	0.000000e+00	0.000000e+00	0.000000e+00	0.000000e+00	0.000000e+00	0.000000e+00	0.000000e+00	1.911655e-01	6.155211e-01
1.842014e-01	0.000000e+00	0.000000e+00	0.000000e+00	0.000000e+00	0.000000e+00	0.000000e+00	0.000000e+00	1.084202e-19	0.000000e+00	0.000000e+00	0.000000e+00	0.000000e+00	0.000000e+00	1.658752e-04	0.000000e+00	0.000000e+00	0.000000e+00	0.000000e+00	0.000000e+00	0.000000e+00	0.000000e+00	0.000000e+00	0.000000e+00	0.000000e+00	1.681743e-03	0.000000e+00	0.000000e+00	0.000000e+00	0.000000e+00	1.842014e-01	6.589801e-01
8.439846e-02	0.000000e+00	0.000000e+00	0.000000e+00	0.000000e+00	0.000000e+00	0.000000e+00	0.000000e+00	0.000000e+00	0.000000e+00	0.000000e+00	0.000000e+00	0.000000e+00	0.000000e+00	2.488127e-04	0.000000e+00	0.000000e+00	0.000000e+00	0.000000e+00	0.000000e+00	0.000000e+00	0.000000e+00	0.000000e+00	0.000000e+00	0.000000e+00	0.000000e+00	0.000000e+00	0.000000e+00	0.000000e+00	0.000000e+00	8.439846e-02	6.698216e-01
8.439846e-02	0.000000e+00	0.000000e+00	0.000000e+00	0.000000e+00	0.000000e+00	0.000000e+00	0.000000e+00	0.000000e+00	0.000000e+00	0.000000e+00	0.000000e+00	0.000000e+00	0.000000e+00	2.488127e-04	0.000000e+00	0.000000e+00	0.000000e+00	0.000000e+00	0.000000e+00	0.000000e+00	0.000000e+00	0.000000e+00	0.000000e+00	0.000000e+00	0.000000e+00	0.000000e+00	0.000000e+00	0.000000e+00	0.000000e+00	8.439846e-02	6.698216e-01
8.439846e-02	0.000000e+00	0.000000e+00	0.000000e+00	0.000000e+00	0.000000e+00	0.000000e+00	0.000000e+00	0.000000e+00	0.000000e+00	0.000000e+00	0.000000e+00	0.000000e+00	0.000000e+00	2.488127e-04	0.000000e+00	0.000000e+00	0.000000e+00	0.000000e+00	0.000000e+00	0.000000e+00	0.000000e+00	0.000000e+00	0.000000e+00	0.000000e+00	0.000000e+00	0.000000e+00	0.000000e+00	0.000000e+00	0.000000e+00	8.439846e-02	6.698216e-01
8.439846e-02	0.000000e+00	0.000000e+00	0.000000e+00	0.000000e+00	0.000000e+00	0.000000e+00	0.000000e+00	0.000000e+00	0.000000e+00	0.000000e+00	0.000000e+00	0.000000e+00	0.000000e+00	2.488127e-04	0.000000e+00	0.000000e+00	0.000000e+00	0.000000e+00	0.000000e+00	0.000000e+00	0.000000e+00	0.000000e+00	0.000000e+00	0.000000e+00	0.000000e+00	0.000000e+00	0.000000e+00	0.000000e+00	0.000000e+00	8.439846e-02	6.698216e-01
8.439846e-02	0.000000e+00	0.000000e+00	0.000000e+00	0.000000e+00	0.000000e+00	0.000000e+00	0.000000e+00	0.000000e+00	0.000000e+00	0.000000e+00	0.000000e+00	0.000000e+00	0.000000e+00	2.488127e-04	0.000000e+00	0.000000e+00	0.000000e+00	0.000000e+00	0.000000e+00	0.000000e+00	0.000000e+00	0.000000e+00	0.000000e+00	0.000000e+00	0.000000e+00	0.000000e+00	0.000000e+00	0.000000e+00	0.000000e+00	8.439846e-02	6.698216e-01
8.439846e-02	0.000000e+00	0.000000e+00	0.000000e+00	0.000000e+00	0.000000e+00	0.000000e+00	0.000000e+00	0.000000e+00	0.000000e+00	0.000000e+00	0.000000e+00	0.000000e+00	0.000000e+00	2.488127e-04	0.000000e+00	0.000000e+00	0.000000e+00	0.000000e+00	0.000000e+00	0.000000e+00	0.000000e+00	0.000000e+00	0.000000e+00	0.000000e+00	0.000000e+00	0.000000e+00	0.000000e+00	0.000000e+00	0.000000e+00	8.439846e-02	6.698216e-01
8.439846e-02	0.000000e+00	0.000000e+00	0.000000e+00	0.000000e+00	0.000000e+00	0.000000e+00	0.000000e+00	0.000000e+00	0.000000e+00	0.000000e+00	0.000000e+00	0.000000e+00	0.000000e+00	2.488127e-04	0.000000e+00	0.000000e+00	0.000000e+00	0.000000e+00	0.000000e+00	0.000000e+00	0.000000e+00	0.000000e+00	0.000000e+00	0.000000e+00	0.000000e+00	0.000000e+00	0.000000e+00	0.000000e+00	0.000000e+00	8.439846e-02	6.698216e-01
7.235796e-02	0.000000e+00	0.000000e+00	5.250765e-05	0.000000e+00	0.000000e+00	0.000000e+00	0.000000e+00	0.000000e+00	0.000000e+00	0.000000e+00	0.000000e+00	0.000000e+00	0.000000e+00	2.073439e-04	0.000000e+00	0.000000e+00	0.000000e+00	8.467101e-04	0.000000e+00	0.000000e+00	0.000000e+00	0.000000e+00	0.000000e+00	0.000000e+00	0.000000e+00	0.000000e+00	0.000000e+00	0.000000e+00	0.000000e+00	7.235796e-02	6.760723e-01
5.668335e-02	0.000000e+00	0.000000e+00	0.000000e+00	0.000000e+00	0.000000e+00	0.000000e+00	0.000000e+00	0.000000e+00	0.000000e+00	0.000000e+00	0.000000e+00	0.000000e+00	0.000000e+00	0.000000e+00	0.000000e+00	0.000000e+00	0.000000e+00	4.233550e-04	0.000000e+00	0.000000e+00	0.000000e+00	0.000000e+00	0.000000e+00	0.000000e+00	0.000000e+00	0.000000e+00	0.000000e+00	0.000000e+00	0.000000e+00	5.668335e-02	7.065946e-01
4.912404e-02	0.000000e+00	0.000000e+00	0.000000e+00	0.000000e+00	0.000000e+00	0.000000e+00	0.000000e+00	0.000000e+00	0.000000e+00	0.000000e+00	0.000000e+00	0.000000e+00	0.000000e+00	3.208842e-04	0.000000e+00	0.000000e+00	0.000000e+00	0.000000e+00	0.000000e+00	0.000000e+00	0.000000e+00	0.000000e+00	0.000000e+00	0.000000e+00	0.000000e+00	0.000000e+00	0.000000e+00	0.000000e+00	0.000000e+00	4.912404e-02	7.293437e-01
3.737308e-02	0.000000e+00	0.000000e+00	0.000000e+00	0.000000e+00	0.000000e+00	0.000000e+00	0.000000e+00	0.000000e+00	0.000000e+00	0.000000e+00	0.000000e+00	0.000000e+00	0.000000e+00	0.000000e+00	0.000000e+00	0.000000e+00	0.000000e+00	0.000000e+00	0.000000e+00	0.000000e+00	0.000000e+00	0.000000e+00	0.000000e+00	0.000000e+00	0.000000e+00	0.000000e+00	0.000000e+00	0.000000e+00	0.000000e+00	3.737308e-02	7.722079e-01
2.561135e-02	9.501380e-05	3.336007e-03	0.000000e+00	0.000000e+00	0.000000e+00	0.000000e+00	0.000000e+00	5.421011e-20	0.000000e+00	0.000000e+00	0.000000e+00	0.000000e+00	0.000000e+00	3.317503e-04	0.000000e+00	0.000000e+00	0.000000e+00	0.000000e+00	0.000000e+00	0.000000e+00	0.000000e+00	0.000000e+00	0.000000e+00	0.000000e+00	3.680255e-04	0.000000e+00	0.000000e+00	0.000000e+00	1.414908e-04	2.561135e-02	8.227299e-01
9.648940e-03	4.750690e-05	1.033499e-03	0.000000e+00	0.000000e+00	0.000000e+00	0.000000e+00	0.000000e+00	0.000000e+00	0.000000e+00	0.000000e+00	0.000000e+00	0.000000e+00	0.000000e+00	1.244064e-04	0.000000e+00	0.000000e+00	1.414329e-03	0.000000e+00	0.000000e+00	0.000000e+00	0.000000e+00	0.000000e+00	0.000000e+00	0.000000e+00	0.000000e+00	9.288825e-04	0.000000e+00	0.000000e+00	1.169069e-03	9.648940e-03	9.002829e-01
0.000000e+00	0.000000e+00	0.000000e+00	0.000000e+00	0.000000e+00	0.000000e+00	0.000000e+00	0.000000e+00	0.000000e+00	0.000000e+00	0.000000e+00	0.000000e+00	0.000000e+00	0.000000e+00	0.000000e+00	0.000000e+00	0.000000e+00	0.000000e+00	0.000000e+00	0.000000e+00	0.000000e+00	0.000000e+00	0.000000e+00	0.000000e+00	0.000000e+00	0.000000e+00	0.000000e+00	0.000000e+00	0.000000e+00	0.000000e+00	0.000000e+00	1.000000e+00
