8.528598e-01	0.000000e+00	0.000000e+00	4.484553e-03	4.672023e-03	3.307360e-04	4.341421e-04	3.960634e-04	0.000000e+00	0.000000e+00	1.384412e-03	0.000000e+00	9.862851e-05	0.000000e+00	1.504088e-03	9.780213e-04	1.126951e-03	1.537390e-04	0.000000e+00	1.153525e-04	8.609039e-04	0.000000e+00	2.412001e-04	0.000000e+00	1.760395e-03	0.000000e+00	0.000000e+00	0.000000e+00	8.757553e-04	0.000000e+00	8.528598e-01	-7.696765e-01
8.528598e-01	0.000000e+00	0.000000e+00	4.484553e-03	0.000000e+00	1.653680e-04	1.088823e-02	3.960634e-04	0.000000e+00	2.311666e-04	1.384412e-03	0.000000e+00	9.862851e-05	3.607463e-03	0.000000e+00	9.780213e-04	1.126951e-03	1.769755e-02	1.777615e-03	5.564249e-03	8.609039e-04	0.000000e+00	7.967177e-04	0.000000e+00	3.039141e-03	0.000000e+00	0.000000e+00	0.000000e+00	8.757553e-04	0.000000e+00	8.528598e-01	-7.638763e-01
8.488069e-01	0.000000e+00	0.000000e+00	4.569251e-03	2.537510e-03	1.653680e-04	7.539858e-03	0.000000e+00	0.000000e+00	2.311666e-04	8.613903e-04	1.536575e-02	2.781668e-04	7.214926e-03	2.144534e-03	1.728234e-03	7.380036e-04	1.091217e-04	0.000000e+00	1.851642e-03	8.944413e-04	0.000000e+00	0.000000e+00	4.858338e-03	4.262486e-04	3.992536e-04	0.000000e+00	0.000000e+00	2.729896e-03	0.000000e+00	8.488069e-01	-7.603388e-01
8.451669e-01	0.000000e+00	1.732401e-04	1.090277e-02	9.255682e-04	1.988580e-03	5.974798e-03	3.707135e-03	0.000000e+00	0.000000e+00	2.124020e-03	1.534044e-02	4.751916e-03	3.607463e-03	5.631878e-04	9.342993e-04	2.281329e-04	2.990779e-06	2.086753e-03	0.000000e+00	9.297036e-04	0.000000e+00	0.000000e+00	6.183340e-03	4.262486e-04	5.372452e-04	0.000000e+00	0.000000e+00	1.271940e-03	4.790577e-04	8.451669e-01	-7.441414e-01
8.447023e-01	0.000000e+00	0.000000e+00	4.526902e-03	5.940778e-03	4.134199e-04	1.726912e-03	2.662426e-03	0.000000e+00	0.000000e+00	1.122901e-03	0.000000e+00	2.377119e-04	3.799949e-03	5.631878e-04	1.353128e-03	5.185971e-04	0.000000e+00	0.000000e+00	4.192483e-02	1.657395e-02	0.000000e+00	3.449854e-05	6.625007e-04	0.000000e+00	2.395575e-03	0.000000e+00	0.000000e+00	6.955728e-04	0.000000e+00	8.447023e-01	-7.377452e-01
8.432950e-01	0.000000e+00	0.000000e+00	1.090277e-02	3.157006e-03	1.988580e-03	0.000000e+00	2.001404e-03	1.016573e-03	2.045011e-02	2.787491e-03	1.534044e-02	1.808685e-03	4.925909e-03	6.879120e-05	8.419377e-04	4.170749e-04	0.000000e+00	1.313888e-03	0.000000e+00	8.679343e-04	0.000000e+00	8.918443e-04	5.962506e-03	1.979951e-03	1.586850e-04	1.833208e-03	0.000000e+00	5.228796e-04	1.177592e-03	8.432950e-01	-7.293982e-01
8.422911e-01	0.000000e+00	1.732401e-04	1.090277e-02	0.000000e+00	1.988580e-03	7.356319e-03	4.840316e-03	1.284696e-02	0.000000e+00	2.124020e-03	1.534044e-02	1.068769e-02	2.303710e-02	2.865500e-03	1.233157e-03	0.000000e+00	0.000000e+00	0.000000e+00	3.472579e-03	1.469617e-03	0.000000e+00	0.000000e+00	6.183340e-03	4.317563e-03	1.735033e-03	0.000000e+00	0.000000e+00	1.006497e-03	1.067854e-03	8.422911e-01	-7.164196e-01
8.399091e-01	0.000000e+00	0.000000e+00	3.490462e-03	6.126714e-03	3.307360e-04	4.058966e-03	0.000000e+00	0.000000e+00	0.000000e+00	1.030942e-03	1.323489e-02	1.808685e-03	7.214926e-03	0.000000e+00	1.471949e-03	1.226682e-03	1.051879e-04	0.000000e+00	1.153525e-04	9.014799e-04	5.665018e-03	0.000000e+00	3.533337e-03	0.000000e+00	3.992536e-04	0.000000e+00	0.000000e+00	9.039985e-04	3.693191e-04	8.399091e-01	-7.057516e-01
8.391562e-01	0.000000e+00	3.464801e-04	1.745231e-03	1.262486e-03	1.653680e-04	8.168452e-03	0.000000e+00	0.000000e+00	2.311666e-04	2.825560e-03	6.617444e-03	0.000000e+00	0.000000e+00	7.109500e-04	9.092191e-04	6.569728e-04	1.768489e-02	2.550480e-03	9.094504e-03	2.732661e-05	2.832509e-03	1.656043e-03	3.754170e-03	2.612892e-03	5.372452e-04	0.000000e+00	0.000000e+00	7.128920e-04	0.000000e+00	8.391562e-01	-6.959895e-01
8.391562e-01	0.000000e+00	3.464801e-04	1.745231e-03	1.262486e-03	1.653680e-04	8.168452e-03	0.000000e+00	0.000000e+00	2.311666e-04	2.825560e-03	6.617444e-03	0.000000e+00	0.000000e+00	7.109500e-04	9.092191e-04	6.569728e-04	1.768489e-02	2.550480e-03	9.094504e-03	2.732661e-05	2.832509e-03	1.656043e-03	3.754170e-03	2.612892e-03	5.372452e-04	0.000000e+00	0.000000e+00	7.128920e-04	0.000000e+00	8.391562e-01	-6.959895e-01
8.370946e-01	0.000000e+00	0.000000e+00	0.000000e+00	0.000000e+00	0.000000e+00	2.513914e-03	2.783216e-03	6.423478e-03	4.623331e-04	5.026363e-04	0.000000e+00	1.434614e-02	2.636893e-03	5.119919e-03	1.490591e-03	1.034857e-03	1.495390e-06	0.000000e+00	0.000000e+00	8.468267e-04	0.000000e+00	0.000000e+00	3.091670e-03	0.000000e+00	1.985961e-03	0.000000e+00	0.000000e+00	5.993770e-04	1.122723e-03	8.370946e-01	-6.765685e-01
8.363816e-01	0.000000e+00	0.000000e+00	3.236367e-03	3.211347e-03	3.267383e-03	5.390960e-03	0.000000e+00	0.000000e+00	0.000000e+00	9.540387e-04	5.414272e-03	1.805706e-03	9.759685e-04	0.000000e+00	1.648252e-03	2.168404e-19	0.000000e+00	7.728655e-04	1.579691e-03	9.703654e-04	3.776678e-03	1.881886e-03	3.533337e-03	0.000000e+00	3.992536e-04	0.000000e+00	0.000000e+00	2.729896e-03	3.693191e-04	8.363816e-01	-6.684547e-01
8.370946e-01	0.000000e+00	2.758957e-04	0.000000e+00	0.000000e+00	0.000000e+00	2.366575e-02	2.783216e-03	6.423478e-03	0.000000e+00	0.000000e+00	3.308722e-03	1.434614e-02	1.082239e-02	5.753237e-03	2.813651e-04	1.034857e-03	0.000000e+00	2.704909e-04	2.455582e-03	8.468267e-04	0.000000e+00	0.000000e+00	3.091670e-03	0.000000e+00	1.985961e-03	0.000000e+00	0.000000e+00	5.993770e-04	1.122723e-03	8.370946e-01	-6.707801e-01
8.350868e-01	0.000000e+00	4.491358e-04	0.000000e+00	0.000000e+00	0.000000e+00	4.036145e-03	2.662426e-03	0.000000e+00	0.000000e+00	6.968727e-04	0.000000e+00	1.197018e-02	0.000000e+00	6.108712e-03	1.575736e-03	5.185971e-04	7.986026e-05	1.545731e-03	6.945158e-03	1.940731e-03	0.000000e+00	1.718651e-03	3.533337e-03	0.000000e+00	2.395575e-03	0.000000e+00	0.000000e+00	3.448694e-04	1.177592e-03	8.350868e-01	-6.508657e-01
8.341776e-01	9.692214e-04	0.000000e+00	1.646937e-03	0.000000e+00	0.000000e+00	1.118811e-02	0.000000e+00	0.000000e+00	0.000000e+00	2.513182e-04	0.000000e+00	0.000000e+00	0.000000e+00	1.931860e-03	0.000000e+00	5.174284e-04	7.020880e-05	2.467882e-02	1.579691e-03	1.503363e-05	0.000000e+00	0.000000e+00	6.625007e-03	1.306446e-03	1.072323e-03	7.333048e-05	4.523519e-04	1.841441e-03	9.032461e-04	8.341776e-01	-6.372319e-01
8.329966e-01	0.000000e+00	4.491358e-04	0.000000e+00	3.157006e-03	0.000000e+00	8.919359e-03	2.001404e-03	1.016573e-03	0.000000e+00	2.787491e-03	9.625373e-03	1.808685e-03	1.581154e-04	2.315825e-03	9.160601e-04	5.185971e-04	1.592310e-04	0.000000e+00	0.000000e+00	1.940731e-03	0.000000e+00	8.918443e-04	3.533337e-03	1.979951e-03	1.586850e-04	1.833208e-03	4.867356e-03	5.228796e-04	1.177592e-03	8.329966e-01	-6.210473e-01
8.323058e-01	0.000000e+00	3.464801e-04	4.484553e-03	0.000000e+00	0.000000e+00	4.954319e-03	1.133640e-03	0.000000e+00	0.000000e+00	1.384412e-03	0.000000e+00	0.000000e+00	0.000000e+00	5.167353e-03	9.780213e-04	1.126951e-03	1.537390e-04	0.000000e+00	1.250941e-02	0.000000e+00	0.000000e+00	4.134032e-04	3.533337e-03	1.622917e-03	1.277130e-03	0.000000e+00	0.000000e+00	8.757553e-04	0.000000e+00	8.323058e-01	-6.125361e-01
8.312606e-01	0.000000e+00	0.000000e+00	0.000000e+00	0.000000e+00	7.580831e-04	4.729253e-03	0.000000e+00	0.000000e+00	0.000000e+00	0.000000e+00	0.000000e+00	0.000000e+00	0.000000e+00	4.530356e-03	1.662681e-04	0.000000e+00	0.000000e+00	2.110109e-04	3.137504e-03	4.520088e-04	0.000000e+00	0.000000e+00	0.000000e+00	2.612892e-03	0.000000e+00	1.833208e-03	6.103633e-03	8.510811e-04	2.897485e-03	8.312606e-01	-5.982723e-01
8.312606e-01	0.000000e+00	0.000000e+00	0.000000e+00	0.000000e+00	7.580831e-04	4.729253e-03	0.000000e+00	0.000000e+00	0.000000e+00	0.000000e+00	0.000000e+00	0.000000e+00	0.000000e+00	4.530356e-03	1.662681e-04	0.000000e+00	0.000000e+00	2.110109e-04	3.137504e-03	4.520088e-04	0.000000e+00	0.000000e+00	0.000000e+00	2.612892e-03	0.000000e+00	1.833208e-03	6.103633e-03	8.510811e-04	2.897485e-03	8.312606e-01	-5.982723e-01
8.298968e-01	0.000000e+00	0.000000e+00	4.234916e-05	3.211347e-03	0.000000e+00	7.077753e-03	0.000000e+00	6.423478e-03	0.000000e+00	3.651373e-04	1.052775e-03	1.805706e-03	5.603681e-03	0.000000e+00	1.648252e-03	2.695832e-04	0.000000e+00	7.728655e-04	1.579691e-03	9.703654e-04	3.776678e-03	1.881886e-03	6.625007e-03	0.000000e+00	8.675163e-04	0.000000e+00	0.000000e+00	0.000000e+00	9.032461e-04	8.298968e-01	-5.731963e-01
8.298968e-01	0.000000e+00	0.000000e+00	0.000000e+00	0.000000e+00	3.790415e-04	1.247790e-02	1.391608e-03	3.211739e-03	1.399391e-05	3.651373e-04	2.782334e-03	1.909196e-02	8.853710e-03	9.172661e-03	0.000000e+00	2.695832e-04	0.000000e+00	0.000000e+00	1.579691e-03	9.703654e-04	0.000000e+00	1.881886e-03	0.000000e+00	0.000000e+00	1.552203e-03	1.833208e-03	0.000000e+00	1.386677e-03	4.125062e-03	8.298968e-01	-5.686915e-01
8.291704e-01	0.000000e+00	4.491358e-04	0.000000e+00	1.587511e-03	0.000000e+00	4.036145e-03	2.662426e-03	0.000000e+00	0.000000e+00	6.968727e-04	0.000000e+00	1.197018e-02	7.214926e-03	6.108712e-03	0.000000e+00	5.185971e-04	7.986026e-05	1.545731e-03	6.945158e-03	1.940731e-03	0.000000e+00	1.058592e-02	5.300005e-03	0.000000e+00	0.000000e+00	9.166040e-04	0.000000e+00	3.448694e-04	3.693191e-04	8.291704e-01	-5.577326e-01
8.276220e-01	0.000000e+00	1.362982e-03	0.000000e+00	4.213092e-03	0.000000e+00	7.083011e-03	9.534859e-05	0.000000e+00	0.000000e+00	1.450483e-03	0.000000e+00	2.241863e-03	0.000000e+00	2.308492e-03	1.540380e-03	0.000000e+00	4.639680e-05	0.000000e+00	0.000000e+00	1.221869e-03	0.000000e+00	1.607410e-03	6.625007e-03	1.218264e-03	6.900913e-05	6.345251e-03	0.000000e+00	1.623614e-03	0.000000e+00	8.276220e-01	-5.344989e-01
8.269806e-01	0.000000e+00	3.342225e-04	0.000000e+00	0.000000e+00	1.137125e-03	2.533717e-03	1.331213e-03	0.000000e+00	1.399391e-05	0.000000e+00	0.000000e+00	1.197018e-02	8.331614e-04	6.473780e-03	7.878681e-04	2.592986e-04	0.000000e+00	7.728655e-04	3.472579e-03	6.879417e-04	0.000000e+00	8.593254e-04	1.766668e-03	0.000000e+00	1.197787e-03	9.166040e-04	2.180582e-02	6.786464e-04	5.887962e-04	8.269806e-01	-5.194541e-01
8.262238e-01	4.846107e-04	0.000000e+00	0.000000e+00	0.000000e+00	9.476039e-04	1.009828e-02	2.347042e-04	0.000000e+00	3.848324e-05	6.890841e-03	0.000000e+00	8.723141e-04	0.000000e+00	4.639121e-03	1.601989e-04	0.000000e+00	1.051879e-03	0.000000e+00	0.000000e+00	2.840416e-04	0.000000e+00	0.000000e+00	0.000000e+00	2.981484e-04	0.000000e+00	2.926886e-04	4.523519e-04	1.650795e-03	8.618693e-03	8.262238e-01	-5.089399e-01
8.262238e-01	4.846107e-04	0.000000e+00	0.000000e+00	0.000000e+00	9.476039e-04	1.009828e-02	2.347042e-04	0.000000e+00	3.848324e-05	6.890841e-03	0.000000e+00	8.723141e-04	0.000000e+00	4.639121e-03	1.601989e-04	0.000000e+00	1.051879e-03	0.000000e+00	0.000000e+00	2.840416e-04	0.000000e+00	0.000000e+00	0.000000e+00	2.981484e-04	0.000000e+00	2.926886e-04	4.523519e-04	1.650795e-03	8.618693e-03	8.262238e-01	-5.089399e-01
8.250859e-01	1.938443e-03	1.298377e-03	3.293873e-03	3.052441e-03	0.000000e+00	0.000000e+00	9.388169e-04	0.000000e+00	2.099086e-05	2.366663e-02	0.000000e+00	1.327465e-03	0.000000e+00	4.616984e-03	3.203978e-04	0.000000e+00	6.473845e-04	0.000000e+00	2.704993e-03	8.768939e-04	0.000000e+00	0.000000e+00	0.000000e+00	5.962969e-04	0.000000e+00	1.466610e-04	9.047037e-04	2.580098e-03	0.000000e+00	8.250859e-01	-4.850229e-01
8.244045e-01	1.938443e-03	2.123103e-04	3.293873e-03	1.487766e-03	1.581350e-02	5.815597e-04	2.662426e-03	0.000000e+00	0.000000e+00	0.000000e+00	1.020239e-02	2.621163e-03	0.000000e+00	8.123785e-03	0.000000e+00	5.061275e-03	7.602823e-03	3.745697e-04	6.945158e-03	1.337944e-03	0.000000e+00	0.000000e+00	5.300005e-03	2.981484e-04	7.191647e-04	3.319286e-03	0.000000e+00	3.607462e-04	9.625076e-03	8.244045e-01	-4.649270e-01
6.515100e-01	3.629771e-03	1.186081e-04	0.000000e+00	0.000000e+00	9.562386e-04	0.000000e+00	0.000000e+00	0.000000e+00	0.000000e+00	0.000000e+00	0.000000e+00	0.000000e+00	1.874613e-03	0.000000e+00	6.306064e-04	0.000000e+00	1.731587e-03	2.476870e-04	0.000000e+00	1.361516e-03	0.000000e+00	1.722033e-04	0.000000e+00	0.000000e+00	0.000000e+00	9.339940e-04	3.671519e-04	6.575800e-04	8.564102e-03	6.515100e-01	-4.540019e-01
6.515100e-01	3.629771e-03	1.186081e-04	0.000000e+00	0.000000e+00	9.562386e-04	0.000000e+00	0.000000e+00	0.000000e+00	0.000000e+00	0.000000e+00	0.000000e+00	0.000000e+00	1.874613e-03	0.000000e+00	6.306064e-04	0.000000e+00	1.731587e-03	2.476870e-04	0.000000e+00	1.361516e-03	0.000000e+00	1.722033e-04	0.000000e+00	0.000000e+00	0.000000e+00	9.339940e-04	3.671519e-04	6.575800e-04	8.564102e-03	6.515100e-01	-4.540019e-01
6.515100e-01	3.629771e-03	1.186081e-04	0.000000e+00	0.000000e+00	9.562386e-04	0.000000e+00	0.000000e+00	0.000000e+00	0.000000e+00	0.000000e+00	0.000000e+00	0.000000e+00	1.874613e-03	0.000000e+00	6.306064e-04	0.000000e+00	1.731587e-03	2.476870e-04	0.000000e+00	1.361516e-03	0.000000e+00	1.722033e-04	0.000000e+00	0.000000e+00	0.000000e+00	9.339940e-04	3.671519e-04	6.575800e-04	8.564102e-03	6.515100e-01	-4.540019e-01
6.515100e-01	3.629771e-03	1.186081e-04	0.000000e+00	0.000000e+00	9.562386e-04	0.000000e+00	0.000000e+00	0.000000e+00	0.000000e+00	0.000000e+00	0.000000e+00	0.000000e+00	1.874613e-03	0.000000e+00	6.306064e-04	0.000000e+00	1.731587e-03	2.476870e-04	0.000000e+00	1.361516e-03	0.000000e+00	1.722033e-04	0.000000e+00	0.000000e+00	0.000000e+00	9.339940e-04	3.671519e-04	6.575800e-04	8.564102e-03	6.515100e-01	-4.540019e-01
6.515100e-01	3.629771e-03	1.186081e-04	0.000000e+00	0.000000e+00	9.562386e-04	0.000000e+00	0.000000e+00	0.000000e+00	0.000000e+00	0.000000e+00	0.000000e+00	0.000000e+00	1.874613e-03	0.000000e+00	6.306064e-04	0.000000e+00	1.731587e-03	2.476870e-04	0.000000e+00	1.361516e-03	0.000000e+00	1.722033e-04	0.000000e+00	0.000000e+00	0.000000e+00	9.339940e-04	3.671519e-04	6.575800e-04	8.564102e-03	6.515100e-01	-4.540019e-01
6.487467e-01	2.859557e-03	6.939439e-04	0.000000e+00	0.000000e+00	4.565325e-04	1.031290e-03	0.000000e+00	0.000000e+00	0.000000e+00	1.127927e-02	0.000000e+00	0.000000e+00	2.119471e-03	0.000000e+00	3.644350e-03	0.000000e+00	1.154504e-03	6.089319e-03	0.000000e+00	1.905103e-05	0.000000e+00	1.285862e-03	0.000000e+00	6.110790e-04	2.395653e-03	0.000000e+00	9.782521e-04	0.000000e+00	5.483743e-03	6.487467e-01	-4.462431e-01
6.445355e-01	0.000000e+00	9.299805e-04	0.000000e+00	0.000000e+00	1.059578e-03	1.031290e-03	0.000000e+00	0.000000e+00	4.198172e-05	1.108094e-03	0.000000e+00	0.000000e+00	0.000000e+00	7.471694e-03	0.000000e+00	0.000000e+00	0.000000e+00	6.089319e-03	1.841213e-03	1.282956e-03	0.000000e+00	1.470941e-04	0.000000e+00	8.392724e-04	0.000000e+00	3.154369e-03	0.000000e+00	2.361899e-03	3.421538e-03	6.445355e-01	-4.321636e-01
6.425396e-01	9.692214e-04	0.000000e+00	0.000000e+00	7.690882e-05	3.790415e-04	8.994600e-04	4.694084e-04	0.000000e+00	0.000000e+00	9.884946e-03	0.000000e+00	0.000000e+00	0.000000e+00	9.016438e-03	0.000000e+00	0.000000e+00	0.000000e+00	0.000000e+00	3.193709e-03	0.000000e+00	0.000000e+00	1.470941e-04	4.839909e-04	0.000000e+00	0.000000e+00	3.227700e-03	0.000000e+00	2.427707e-03	2.586577e-03	6.425396e-01	-4.202687e-01
6.413183e-01	9.692214e-04	0.000000e+00	0.000000e+00	0.000000e+00	3.445027e-04	8.994600e-04	4.694084e-04	0.000000e+00	0.000000e+00	9.884946e-03	0.000000e+00	0.000000e+00	0.000000e+00	9.016438e-03	1.825170e-03	4.278392e-03	8.657936e-04	5.965475e-03	9.206063e-04	0.000000e+00	0.000000e+00	0.000000e+00	4.839909e-04	0.000000e+00	0.000000e+00	2.413886e-02	0.000000e+00	1.538061e-03	3.712664e-03	6.413183e-01	-4.062414e-01
6.387920e-01	3.629771e-03	0.000000e+00	0.000000e+00	1.031448e-03	1.722513e-04	1.031290e-03	0.000000e+00	2.175245e-04	4.198172e-05	6.412213e-03	1.131299e-03	0.000000e+00	0.000000e+00	3.954823e-03	2.383137e-03	0.000000e+00	1.468904e-03	0.000000e+00	9.206063e-04	0.000000e+00	0.000000e+00	9.414557e-04	0.000000e+00	1.287530e-02	0.000000e+00	1.798428e-03	1.222200e-03	1.943534e-03	8.332207e-03	6.387920e-01	-3.895967e-01
6.363492e-01	3.629771e-03	1.186081e-04	0.000000e+00	0.000000e+00	5.685623e-04	0.000000e+00	0.000000e+00	0.000000e+00	0.000000e+00	0.000000e+00	5.798732e-04	0.000000e+00	4.165807e-04	0.000000e+00	3.644350e-03	0.000000e+00	1.731587e-03	2.476870e-04	0.000000e+00	9.330784e-04	0.000000e+00	1.285862e-03	0.000000e+00	0.000000e+00	0.000000e+00	0.000000e+00	1.956504e-03	1.094954e-04	8.564102e-03	6.363492e-01	-3.719961e-01
6.363492e-01	3.629771e-03	1.186081e-04	0.000000e+00	0.000000e+00	1.550927e-04	0.000000e+00	0.000000e+00	2.542447e-04	0.000000e+00	0.000000e+00	1.449683e-04	0.000000e+00	5.039608e-03	5.573155e-03	6.166775e-03	2.139196e-03	1.731587e-03	1.238435e-04	1.380909e-03	1.190162e-04	0.000000e+00	1.590563e-03	0.000000e+00	0.000000e+00	0.000000e+00	0.000000e+00	2.101729e-03	0.000000e+00	6.654194e-03	6.363492e-01	-3.695376e-01
6.341029e-01	2.784107e-03	3.746848e-03	0.000000e+00	5.824433e-04	3.445027e-04	2.704343e-04	0.000000e+00	1.680830e-04	1.739987e-03	1.282443e-02	2.899366e-04	0.000000e+00	1.113315e-02	0.000000e+00	5.991098e-06	8.556785e-03	4.581924e-03	0.000000e+00	1.841213e-03	0.000000e+00	0.000000e+00	1.470941e-04	1.442511e-03	0.000000e+00	0.000000e+00	3.596856e-03	0.000000e+00	2.329455e-03	0.000000e+00	6.341029e-01	-3.423976e-01
6.330854e-01	9.683300e-04	0.000000e+00	0.000000e+00	1.035855e-03	5.685623e-04	0.000000e+00	0.000000e+00	0.000000e+00	0.000000e+00	0.000000e+00	1.932911e-04	0.000000e+00	1.174441e-02	5.010167e-03	3.644350e-03	0.000000e+00	1.757778e-03	0.000000e+00	0.000000e+00	9.330784e-04	0.000000e+00	0.000000e+00	0.000000e+00	6.748865e-03	0.000000e+00	0.000000e+00	0.000000e+00	7.872997e-04	3.279086e-03	6.330854e-01	-3.345869e-01
6.310758e-01	3.729274e-03	4.093820e-03	0.000000e+00	3.527311e-03	4.005176e-04	3.363491e-04	0.000000e+00	6.892936e-04	2.996650e-03	0.000000e+00	1.932911e-04	0.000000e+00	1.091125e-02	1.483999e-04	9.155808e-04	0.000000e+00	4.726280e-03	0.000000e+00	1.380909e-03	1.905103e-05	0.000000e+00	7.900253e-04	1.200516e-03	2.697181e-03	2.395653e-03	0.000000e+00	4.891261e-04	0.000000e+00	8.855393e-04	6.310758e-01	-3.092244e-01
6.293120e-01	0.000000e+00	2.372162e-04	0.000000e+00	0.000000e+00	0.000000e+00	0.000000e+00	0.000000e+00	1.638425e-04	0.000000e+00	0.000000e+00	7.731643e-04	2.110786e-04	0.000000e+00	4.526630e-03	0.000000e+00	0.000000e+00	1.644117e-03	0.000000e+00	0.000000e+00	1.579331e-03	0.000000e+00	1.580051e-03	2.196609e-03	0.000000e+00	0.000000e+00	0.000000e+00	1.445466e-05	9.207164e-03	1.602195e-03	6.293120e-01	-2.898525e-01
6.284315e-01	1.923009e-03	1.928302e-03	0.000000e+00	2.618717e-03	0.000000e+00	0.000000e+00	0.000000e+00	0.000000e+00	1.498325e-03	0.000000e+00	0.000000e+00	0.000000e+00	0.000000e+00	0.000000e+00	0.000000e+00	0.000000e+00	1.541081e-03	0.000000e+00	6.904547e-04	0.000000e+00	0.000000e+00	0.000000e+00	0.000000e+00	1.348590e-03	1.495796e-03	0.000000e+00	7.227328e-06	6.890482e-04	0.000000e+00	6.284315e-01	-2.797609e-01
6.272496e-01	2.359541e-03	5.930405e-05	0.000000e+00	6.728401e-04	6.287838e-04	2.642365e-04	0.000000e+00	0.000000e+00	1.739987e-03	5.878961e-03	3.865822e-04	0.000000e+00	1.700536e-02	2.189325e-03	1.433296e-03	2.017250e-02	5.460813e-03	0.000000e+00	1.841213e-03	4.570137e-04	7.143385e-04	0.000000e+00	1.917041e-03	0.000000e+00	0.000000e+00	0.000000e+00	0.000000e+00	1.378096e-03	4.038379e-03	6.272496e-01	-2.528329e-01
6.252271e-01	1.217747e-04	1.274293e-03	0.000000e+00	8.550614e-04	0.000000e+00	1.239549e-05	2.347042e-04	3.446468e-04	0.000000e+00	4.942473e-03	0.000000e+00	6.029499e-05	0.000000e+00	6.666553e-03	9.125852e-04	0.000000e+00	0.000000e+00	2.982738e-03	4.603032e-04	0.000000e+00	0.000000e+00	1.514304e-04	4.393219e-04	6.224263e-04	0.000000e+00	1.206943e-02	3.039754e-03	0.000000e+00	1.055234e-03	6.252271e-01	-2.291450e-01
6.239356e-01	1.844071e-03	3.661296e-03	0.000000e+00	7.402267e-04	0.000000e+00	1.940467e-05	0.000000e+00	3.446468e-04	0.000000e+00	0.000000e+00	0.000000e+00	2.259908e-05	3.915555e-03	3.686459e-03	1.513561e-03	0.000000e+00	0.000000e+00	0.000000e+00	0.000000e+00	0.000000e+00	0.000000e+00	2.385844e-03	0.000000e+00	1.287530e-02	2.979698e-04	0.000000e+00	1.229428e-03	0.000000e+00	0.000000e+00	6.239356e-01	-2.099689e-01
6.226103e-01	1.059264e-03	1.895333e-02	0.000000e+00	3.279290e-03	1.270852e-04	0.000000e+00	0.000000e+00	1.723234e-04	7.100562e-03	0.000000e+00	6.522686e-04	0.000000e+00	1.957777e-03	1.107317e-03	2.855072e-03	0.000000e+00	0.000000e+00	6.192175e-05	0.000000e+00	0.000000e+00	7.143385e-04	1.438213e-03	4.992294e-04	6.437652e-03	1.655910e-04	3.763257e-04	0.000000e+00	0.000000e+00	0.000000e+00	6.226103e-01	-1.862035e-01
6.223755e-01	2.097863e-03	0.000000e+00	0.000000e+00	1.042551e-02	1.120298e-04	4.432720e-02	5.280845e-04	0.000000e+00	2.996650e-03	0.000000e+00	6.039458e-04	8.965275e-03	5.037919e-03	4.641587e-04	2.487170e-03	5.347991e-04	3.388589e-04	0.000000e+00	2.301516e-04	0.000000e+00	0.000000e+00	3.803032e-03	4.393219e-04	6.224263e-04	2.395653e-03	0.000000e+00	0.000000e+00	0.000000e+00	0.000000e+00	6.223755e-01	-1.749457e-01
6.198109e-01	1.029217e-03	2.965203e-05	0.000000e+00	1.939792e-03	0.000000e+00	1.203643e-02	0.000000e+00	1.723234e-04	8.943265e-04	0.000000e+00	1.449683e-04	1.356868e-04	7.871284e-03	0.000000e+00	6.487901e-03	0.000000e+00	0.000000e+00	6.192175e-05	1.380909e-03	0.000000e+00	0.000000e+00	4.598314e-03	5.591369e-04	0.000000e+00	0.000000e+00	2.947846e-03	1.719507e-04	0.000000e+00	0.000000e+00	6.198109e-01	-1.409807e-01
4.530352e-01	5.837221e-05	0.000000e+00	0.000000e+00	8.550614e-04	0.000000e+00	1.239549e-05	0.000000e+00	3.446468e-04	0.000000e+00	0.000000e+00	0.000000e+00	6.029499e-05	0.000000e+00	6.315177e-04	0.000000e+00	0.000000e+00	0.000000e+00	0.000000e+00	0.000000e+00	0.000000e+00	0.000000e+00	1.590563e-03	4.393219e-04	0.000000e+00	2.979698e-04	0.000000e+00	0.000000e+00	0.000000e+00	0.000000e+00	4.530352e-01	-1.231726e-01
4.530352e-01	5.837221e-05	0.000000e+00	0.000000e+00	8.550614e-04	0.000000e+00	1.239549e-05	0.000000e+00	3.446468e-04	0.000000e+00	0.000000e+00	0.000000e+00	6.029499e-05	0.000000e+00	6.315177e-04	0.000000e+00	0.000000e+00	0.000000e+00	0.000000e+00	0.000000e+00	0.000000e+00	0.000000e+00	1.590563e-03	4.393219e-04	0.000000e+00	2.979698e-04	0.000000e+00	0.000000e+00	0.000000e+00	0.000000e+00	4.530352e-01	-1.231726e-01
4.530352e-01	5.837221e-05	0.000000e+00	0.000000e+00	8.550614e-04	0.000000e+00	1.239549e-05	0.000000e+00	3.446468e-04	0.000000e+00	0.000000e+00	0.000000e+00	6.029499e-05	0.000000e+00	6.315177e-04	0.000000e+00	0.000000e+00	0.000000e+00	0.000000e+00	0.000000e+00	0.000000e+00	0.000000e+00	1.590563e-03	4.393219e-04	0.000000e+00	2.979698e-04	0.000000e+00	0.000000e+00	0.000000e+00	0.000000e+00	4.530352e-01	-1.231726e-01
4.530352e-01	5.837221e-05	0.000000e+00	0.000000e+00	8.550614e-04	0.000000e+00	1.239549e-05	0.000000e+00	3.446468e-04	0.000000e+00	0.000000e+00	0.000000e+00	6.029499e-05	0.000000e+00	6.315177e-04	0.000000e+00	0.000000e+00	0.000000e+00	0.000000e+00	0.000000e+00	0.000000e+00	0.000000e+00	1.590563e-03	4.393219e-04	0.000000e+00	2.979698e-04	0.000000e+00	0.000000e+00	0.000000e+00	0.000000e+00	4.530352e-01	-1.231726e-01
4.530352e-01	5.837221e-05	0.000000e+00	0.000000e+00	8.550614e-04	0.000000e+00	1.239549e-05	0.000000e+00	3.446468e-04	0.000000e+00	0.000000e+00	0.000000e+00	6.029499e-05	0.000000e+00	6.315177e-04	0.000000e+00	0.000000e+00	0.000000e+00	0.000000e+00	0.000000e+00	0.000000e+00	0.000000e+00	1.590563e-03	4.393219e-04	0.000000e+00	2.979698e-04	0.000000e+00	0.000000e+00	0.000000e+00	0.000000e+00	4.530352e-01	-1.231726e-01
4.530352e-01	5.837221e-05	0.000000e+00	0.000000e+00	8.550614e-04	0.000000e+00	1.239549e-05	0.000000e+00	3.446468e-04	0.000000e+00	0.000000e+00	0.000000e+00	6.029499e-05	0.000000e+00	6.315177e-04	0.000000e+00	0.000000e+00	0.000000e+00	0.000000e+00	0.000000e+00	0.000000e+00	0.000000e+00	1.590563e-03	4.393219e-04	0.000000e+00	2.979698e-04	0.000000e+00	0.000000e+00	0.000000e+00	0.000000e+00	4.530352e-01	-1.231726e-01
4.530352e-01	5.837221e-05	0.000000e+00	0.000000e+00	8.550614e-04	0.000000e+00	1.239549e-05	0.000000e+00	3.446468e-04	0.000000e+00	0.000000e+00	0.000000e+00	6.029499e-05	0.000000e+00	6.315177e-04	0.000000e+00	0.000000e+00	0.000000e+00	0.000000e+00	0.000000e+00	0.000000e+00	0.000000e+00	1.590563e-03	4.393219e-04	0.000000e+00	2.979698e-04	0.000000e+00	0.000000e+00	0.000000e+00	0.000000e+00	4.530352e-01	-1.231726e-01
4.530352e-01	5.837221e-05	0.000000e+00	0.000000e+00	8.550614e-04	0.000000e+00	1.239549e-05	0.000000e+00	3.446468e-04	0.000000e+00	0.000000e+00	0.000000e+00	6.029499e-05	0.000000e+00	6.315177e-04	0.000000e+00	0.000000e+00	0.000000e+00	0.000000e+00	0.000000e+00	0.000000e+00	0.000000e+00	1.590563e-03	4.393219e-04	0.000000e+00	2.979698e-04	0.000000e+00	0.000000e+00	0.000000e+00	0.000000e+00	4.530352e-01	-1.231726e-01
4.458442e-01	2.501666e-05	0.000000e+00	0.000000e+00	8.550614e-04	0.000000e+00	7.913332e-06	0.000000e+00	0.000000e+00	3.763305e-04	0.000000e+00	9.664554e-05	1.737471e-04	0.000000e+00	9.808093e-04	0.000000e+00	0.000000e+00	0.000000e+00	0.000000e+00	0.000000e+00	0.000000e+00	0.000000e+00	2.196217e-03	4.393219e-04	0.000000e+00	2.979698e-04	3.763257e-04	3.344657e-03	0.000000e+00	0.000000e+00	4.458442e-01	-1.078691e-01
4.421061e-01	0.000000e+00	4.694881e-03	0.000000e+00	2.835277e-04	0.000000e+00	2.243399e-05	0.000000e+00	2.584851e-04	1.505322e-03	0.000000e+00	0.000000e+00	2.953341e-04	8.766806e-04	8.121598e-04	2.638492e-03	0.000000e+00	0.000000e+00	0.000000e+00	0.000000e+00	0.000000e+00	1.326818e-03	8.695895e-04	1.557596e-03	0.000000e+00	4.494091e-04	1.296431e-03	0.000000e+00	0.000000e+00	0.000000e+00	4.421061e-01	-8.999040e-02
4.386319e-01	3.094767e-03	4.694881e-03	0.000000e+00	6.898751e-04	0.000000e+00	6.197747e-06	0.000000e+00	1.723234e-04	0.000000e+00	5.902794e-03	0.000000e+00	3.014749e-05	8.182352e-04	8.121598e-04	1.257888e-03	0.000000e+00	2.641259e-03	0.000000e+00	0.000000e+00	0.000000e+00	0.000000e+00	8.695895e-04	0.000000e+00	0.000000e+00	4.577121e-04	1.296431e-03	0.000000e+00	4.252109e-04	0.000000e+00	4.386319e-01	-6.843365e-02
4.349044e-01	1.493181e-03	0.000000e+00	0.000000e+00	2.009346e-04	0.000000e+00	1.933511e-05	0.000000e+00	1.723234e-04	1.505322e-03	0.000000e+00	0.000000e+00	2.802603e-04	1.285798e-03	8.748404e-04	3.267436e-03	0.000000e+00	0.000000e+00	1.406626e-03	0.000000e+00	0.000000e+00	1.326818e-03	2.343795e-03	1.337935e-03	0.000000e+00	5.292802e-04	0.000000e+00	4.180822e-04	0.000000e+00	9.552533e-05	4.349044e-01	-4.293470e-02
4.314409e-01	0.000000e+00	0.000000e+00	0.000000e+00	8.987736e-05	0.000000e+00	0.000000e+00	0.000000e+00	0.000000e+00	0.000000e+00	0.000000e+00	0.000000e+00	2.459291e-04	0.000000e+00	9.609152e-04	3.144719e-03	0.000000e+00	0.000000e+00	8.241231e-04	0.000000e+00	0.000000e+00	0.000000e+00	0.000000e+00	1.517657e-03	0.000000e+00	0.000000e+00	2.690028e-03	3.344657e-03	0.000000e+00	0.000000e+00	4.314409e-01	-1.433017e-02
4.301261e-01	2.918611e-05	3.799796e-04	0.000000e+00	6.898751e-04	0.000000e+00	1.859324e-05	0.000000e+00	1.723234e-04	0.000000e+00	5.902794e-03	0.000000e+00	0.000000e+00	0.000000e+00	9.828051e-04	1.572359e-03	0.000000e+00	0.000000e+00	0.000000e+00	0.000000e+00	0.000000e+00	0.000000e+00	3.139077e-03	0.000000e+00	0.000000e+00	4.743182e-04	0.000000e+00	0.000000e+00	5.315136e-04	0.000000e+00	4.301261e-01	-1.919361e-03
4.253850e-01	0.000000e+00	0.000000e+00	0.000000e+00	9.376546e-04	0.000000e+00	1.101221e-05	0.000000e+00	8.616170e-05	3.763305e-04	0.000000e+00	9.664554e-05	1.888209e-04	1.373466e-03	3.280106e-04	8.385917e-04	0.000000e+00	0.000000e+00	0.000000e+00	0.000000e+00	1.423018e-03	0.000000e+00	0.000000e+00	9.185821e-04	0.000000e+00	4.078939e-04	0.000000e+00	3.344657e-03	0.000000e+00	0.000000e+00	4.253850e-01	4.553754e-02
4.225759e-01	0.000000e+00	0.000000e+00	0.000000e+00	0.000000e+00	0.000000e+00	0.000000e+00	5.370335e-03	0.000000e+00	0.000000e+00	0.000000e+00	4.832277e-05	1.751454e-04	0.000000e+00	8.121598e-04	1.257888e-03	0.000000e+00	0.000000e+00	3.516565e-04	0.000000e+00	1.953446e-03	0.000000e+00	0.000000e+00	1.911499e-03	0.000000e+00	0.000000e+00	1.296431e-03	0.000000e+00	1.063027e-04	0.000000e+00	4.225759e-01	7.751881e-02
4.197841e-01	3.094767e-03	3.799796e-04	0.000000e+00	6.898751e-04	0.000000e+00	2.095797e-05	0.000000e+00	1.723234e-04	2.869747e-03	0.000000e+00	0.000000e+00	2.225610e-04	5.990651e-04	1.026594e-03	2.270341e-03	0.000000e+00	0.000000e+00	0.000000e+00	0.000000e+00	2.001521e-03	1.326818e-03	3.139077e-03	1.098305e-03	0.000000e+00	4.743182e-04	0.000000e+00	0.000000e+00	4.252109e-04	2.388133e-05	4.197841e-01	1.118232e-01
4.170490e-01	2.637868e-03	0.000000e+00	0.000000e+00	5.653293e-04	0.000000e+00	0.000000e+00	0.000000e+00	1.723234e-04	0.000000e+00	0.000000e+00	0.000000e+00	3.127170e-04	0.000000e+00	0.000000e+00	8.385917e-04	0.000000e+00	0.000000e+00	1.648246e-03	0.000000e+00	1.392362e-03	1.453944e-02	0.000000e+00	1.677411e-03	0.000000e+00	0.000000e+00	1.296431e-03	0.000000e+00	0.000000e+00	2.388133e-05	4.170490e-01	1.466392e-01
4.144961e-01	1.318934e-03	0.000000e+00	0.000000e+00	0.000000e+00	0.000000e+00	0.000000e+00	5.370335e-03	0.000000e+00	1.505322e-03	1.170918e-02	4.832277e-05	1.036926e-04	0.000000e+00	8.121598e-04	1.834419e-03	0.000000e+00	0.000000e+00	8.241231e-04	0.000000e+00	1.953446e-03	7.269719e-03	0.000000e+00	1.911499e-03	0.000000e+00	0.000000e+00	0.000000e+00	0.000000e+00	0.000000e+00	0.000000e+00	4.144961e-01	1.811820e-01
4.111908e-01	7.465904e-04	0.000000e+00	0.000000e+00	5.552860e-05	0.000000e+00	9.667557e-06	0.000000e+00	8.616170e-05	7.526610e-04	0.000000e+00	0.000000e+00	3.333934e-04	1.899475e-04	6.616591e-04	2.262662e-03	0.000000e+00	0.000000e+00	1.527436e-03	8.583869e-05	0.000000e+00	0.000000e+00	0.000000e+00	1.492865e-03	0.000000e+00	2.646401e-04	4.905544e-04	0.000000e+00	0.000000e+00	0.000000e+00	4.111908e-01	2.190458e-01
2.562939e-01	0.000000e+00	0.000000e+00	0.000000e+00	0.000000e+00	0.000000e+00	0.000000e+00	0.000000e+00	1.723234e-04	0.000000e+00	1.928183e-04	0.000000e+00	3.127170e-04	0.000000e+00	0.000000e+00	8.385917e-04	0.000000e+00	0.000000e+00	0.000000e+00	8.583869e-05	2.220321e-03	0.000000e+00	1.439719e-04	1.582727e-03	0.000000e+00	0.000000e+00	1.296431e-03	0.000000e+00	0.000000e+00	0.000000e+00	2.562939e-01	2.440322e-01
2.562939e-01	0.000000e+00	0.000000e+00	0.000000e+00	0.000000e+00	0.000000e+00	0.000000e+00	0.000000e+00	1.723234e-04	0.000000e+00	1.928183e-04	0.000000e+00	3.127170e-04	0.000000e+00	0.000000e+00	8.385917e-04	0.000000e+00	0.000000e+00	0.000000e+00	8.583869e-05	2.220321e-03	0.000000e+00	1.439719e-04	1.582727e-03	0.000000e+00	0.000000e+00	1.296431e-03	0.000000e+00	0.000000e+00	0.000000e+00	2.562939e-01	2.440322e-01
2.562939e-01	0.000000e+00	0.000000e+00	0.000000e+00	0.000000e+00	0.000000e+00	0.000000e+00	0.000000e+00	1.723234e-04	0.000000e+00	1.928183e-04	0.000000e+00	3.127170e-04	0.000000e+00	0.000000e+00	8.385917e-04	0.000000e+00	0.000000e+00	0.000000e+00	8.583869e-05	2.220321e-03	0.000000e+00	1.439719e-04	1.582727e-03	0.000000e+00	0.000000e+00	1.296431e-03	0.000000e+00	0.000000e+00	0.000000e+00	2.562939e-01	2.440322e-01
2.562939e-01	0.000000e+00	0.000000e+00	0.000000e+00	0.000000e+00	0.000000e+00	0.000000e+00	0.000000e+00	1.723234e-04	0.000000e+00	1.928183e-04	0.000000e+00	3.127170e-04	0.000000e+00	0.000000e+00	8.385917e-04	0.000000e+00	0.000000e+00	0.000000e+00	8.583869e-05	2.220321e-03	0.000000e+00	1.439719e-04	1.582727e-03	0.000000e+00	0.000000e+00	1.296431e-03	0.000000e+00	0.000000e+00	0.000000e+00	2.562939e-01	2.440322e-01
2.562939e-01	0.000000e+00	0.000000e+00	0.000000e+00	0.000000e+00	0.000000e+00	0.000000e+00	0.000000e+00	1.723234e-04	0.000000e+00	1.928183e-04	0.000000e+00	3.127170e-04	0.000000e+00	0.000000e+00	8.385917e-04	0.000000e+00	0.000000e+00	0.000000e+00	8.583869e-05	2.220321e-03	0.000000e+00	1.439719e-04	1.582727e-03	0.000000e+00	0.000000e+00	1.296431e-03	0.000000e+00	0.000000e+00	0.000000e+00	2.562939e-01	2.440322e-01
2.562939e-01	0.000000e+00	0.000000e+00	0.000000e+00	0.000000e+00	0.000000e+00	0.000000e+00	0.000000e+00	1.723234e-04	0.000000e+00	1.928183e-04	0.000000e+00	3.127170e-04	0.000000e+00	0.000000e+00	8.385917e-04	0.000000e+00	0.000000e+00	0.000000e+00	8.583869e-05	2.220321e-03	0.000000e+00	1.439719e-04	1.582727e-03	0.000000e+00	0.000000e+00	1.296431e-03	0.000000e+00	0.000000e+00	0.000000e+00	2.562939e-01	2.440322e-01
2.562939e-01	0.000000e+00	0.000000e+00	0.000000e+00	0.000000e+00	0.000000e+00	0.000000e+00	0.000000e+00	1.723234e-04	0.000000e+00	1.928183e-04	0.000000e+00	3.127170e-04	0.000000e+00	0.000000e+00	8.385917e-04	0.000000e+00	0.000000e+00	0.000000e+00	8.583869e-05	2.220321e-03	0.000000e+00	1.439719e-04	1.582727e-03	0.000000e+00	0.000000e+00	1.296431e-03	0.000000e+00	0.000000e+00	0.000000e+00	2.562939e-01	2.440322e-01
2.562939e-01	0.000000e+00	0.000000e+00	0.000000e+00	0.000000e+00	0.000000e+00	0.000000e+00	0.000000e+00	1.723234e-04	0.000000e+00	1.928183e-04	0.000000e+00	3.127170e-04	0.000000e+00	0.000000e+00	8.385917e-04	0.000000e+00	0.000000e+00	0.000000e+00	8.583869e-05	2.220321e-03	0.000000e+00	1.439719e-04	1.582727e-03	0.000000e+00	0.000000e+00	1.296431e-03	0.000000e+00	0.000000e+00	0.000000e+00	2.562939e-01	2.440322e-01
2.562939e-01	0.000000e+00	0.000000e+00	0.000000e+00	0.000000e+00	0.000000e+00	0.000000e+00	0.000000e+00	1.723234e-04	0.000000e+00	1.928183e-04	0.000000e+00	3.127170e-04	0.000000e+00	0.000000e+00	8.385917e-04	0.000000e+00	0.000000e+00	0.000000e+00	8.583869e-05	2.220321e-03	0.000000e+00	1.439719e-04	1.582727e-03	0.000000e+00	0.000000e+00	1.296431e-03	0.000000e+00	0.000000e+00	0.000000e+00	2.562939e-01	2.440322e-01
2.459025e-01	0.000000e+00	0.000000e+00	0.000000e+00	0.000000e+00	0.000000e+00	0.000000e+00	1.576270e-03	0.000000e+00	0.000000e+00	0.000000e+00	5.935389e-04	1.669869e-04	8.182352e-04	7.046965e-04	2.201303e-03	0.000000e+00	0.000000e+00	0.000000e+00	3.072480e-04	7.853789e-04	1.575597e-03	0.000000e+00	1.582727e-03	4.091746e-06	0.000000e+00	1.177535e-03	0.000000e+00	1.022578e-03	5.986254e-04	2.459025e-01	2.633086e-01
2.368650e-01	0.000000e+00	0.000000e+00	0.000000e+00	1.770950e-04	4.162206e-04	0.000000e+00	0.000000e+00	0.000000e+00	0.000000e+00	1.285455e-04	3.398851e-04	1.053318e-04	1.636470e-03	1.409393e-03	0.000000e+00	0.000000e+00	0.000000e+00	0.000000e+00	0.000000e+00	1.392362e-03	0.000000e+00	1.114621e-04	2.043964e-03	0.000000e+00	0.000000e+00	2.216536e-03	0.000000e+00	0.000000e+00	2.547342e-05	2.368650e-01	2.986788e-01
2.303224e-01	0.000000e+00	1.786392e-03	0.000000e+00	0.000000e+00	0.000000e+00	0.000000e+00	7.881352e-04	0.000000e+00	0.000000e+00	1.928183e-04	7.494398e-04	1.896713e-04	5.113970e-04	6.193739e-04	2.751629e-03	4.168873e-03	0.000000e+00	1.928784e-03	3.072480e-04	0.000000e+00	2.363395e-03	0.000000e+00	1.771122e-03	0.000000e+00	0.000000e+00	5.985860e-04	0.000000e+00	1.022578e-03	7.303707e-04	2.303224e-01	3.372176e-01
2.225253e-01	0.000000e+00	0.000000e+00	0.000000e+00	0.000000e+00	0.000000e+00	0.000000e+00	0.000000e+00	1.719659e-03	0.000000e+00	1.928183e-04	0.000000e+00	1.053318e-04	1.636470e-03	7.046965e-04	0.000000e+00	0.000000e+00	0.000000e+00	2.729994e-04	4.291934e-05	1.128808e-03	0.000000e+00	1.439719e-04	7.656314e-04	8.183492e-06	0.000000e+00	1.177535e-03	0.000000e+00	6.817183e-04	2.630927e-04	2.225253e-01	3.857187e-01
2.170645e-01	0.000000e+00	0.000000e+00	0.000000e+00	2.910650e-04	0.000000e+00	0.000000e+00	1.576270e-03	0.000000e+00	0.000000e+00	6.373455e-03	6.516868e-04	2.564555e-04	0.000000e+00	0.000000e+00	0.000000e+00	2.456312e-03	0.000000e+00	0.000000e+00	0.000000e+00	2.069896e-03	1.575597e-03	0.000000e+00	2.026871e-03	8.183492e-06	0.000000e+00	2.493603e-03	0.000000e+00	6.817183e-04	2.889641e-04	2.170645e-01	4.281672e-01
2.071244e-01	0.000000e+00	0.000000e+00	0.000000e+00	1.770950e-04	4.162206e-04	0.000000e+00	0.000000e+00	0.000000e+00	0.000000e+00	1.285455e-04	3.398851e-04	2.286420e-04	0.000000e+00	1.409393e-03	0.000000e+00	7.762878e-04	0.000000e+00	0.000000e+00	1.716774e-04	1.392362e-03	0.000000e+00	1.114621e-04	1.727673e-03	0.000000e+00	0.000000e+00	2.493603e-03	0.000000e+00	0.000000e+00	2.547342e-05	2.071244e-01	5.011716e-01
1.999925e-01	0.000000e+00	0.000000e+00	0.000000e+00	4.558797e-04	0.000000e+00	0.000000e+00	0.000000e+00	0.000000e+00	0.000000e+00	0.000000e+00	0.000000e+00	2.165859e-04	0.000000e+00	2.818786e-03	0.000000e+00	0.000000e+00	0.000000e+00	5.459987e-04	0.000000e+00	2.220321e-03	0.000000e+00	0.000000e+00	6.931584e-04	8.183492e-06	0.000000e+00	5.541339e-04	0.000000e+00	6.817183e-04	9.425166e-04	1.999925e-01	5.550440e-01
1.905901e-01	0.000000e+00	1.786392e-03	0.000000e+00	4.346567e-04	0.000000e+00	0.000000e+00	1.576270e-03	0.000000e+00	0.000000e+00	0.000000e+00	4.235964e-04	2.178021e-04	5.113970e-04	0.000000e+00	0.000000e+00	2.068168e-03	0.000000e+00	1.928784e-03	3.501674e-04	1.199358e-03	1.575597e-03	0.000000e+00	1.549049e-03	0.000000e+00	0.000000e+00	0.000000e+00	0.000000e+00	6.817183e-04	5.858887e-04	1.905901e-01	6.225722e-01
8.491812e-02	0.000000e+00	0.000000e+00	0.000000e+00	1.770950e-04	4.162206e-04	0.000000e+00	0.000000e+00	0.000000e+00	0.000000e+00	0.000000e+00	3.398851e-04	2.286420e-04	0.000000e+00	1.409393e-03	0.000000e+00	0.000000e+00	0.000000e+00	0.000000e+00	0.000000e+00	1.392362e-03	0.000000e+00	1.114621e-04	2.026871e-03	8.183492e-06	0.000000e+00	2.216536e-03	0.000000e+00	6.817183e-04	2.547342e-05	8.491812e-02	6.722417e-01
8.491812e-02	0.000000e+00	0.000000e+00	0.000000e+00	1.770950e-04	4.162206e-04	0.000000e+00	0.000000e+00	0.000000e+00	0.000000e+00	0.000000e+00	3.398851e-04	2.286420e-04	0.000000e+00	1.409393e-03	0.000000e+00	0.000000e+00	0.000000e+00	0.000000e+00	0.000000e+00	1.392362e-03	0.000000e+00	1.114621e-04	2.026871e-03	8.183492e-06	0.000000e+00	2.216536e-03	0.000000e+00	6.817183e-04	2.547342e-05	8.491812e-02	6.722417e-01
8.491812e-02	0.000000e+00	0.000000e+00	0.000000e+00	1.770950e-04	4.162206e-04	0.000000e+00	0.000000e+00	0.000000e+00	0.000000e+00	0.000000e+00	3.398851e-04	2.286420e-04	0.000000e+00	1.409393e-03	0.000000e+00	0.000000e+00	0.000000e+00	0.000000e+00	0.000000e+00	1.392362e-03	0.000000e+00	1.114621e-04	2.026871e-03	8.183492e-06	0.000000e+00	2.216536e-03	0.000000e+00	6.817183e-04	2.547342e-05	8.491812e-02	6.722417e-01
8.491812e-02	0.000000e+00	0.000000e+00	0.000000e+00	1.770950e-04	4.162206e-04	0.000000e+00	0.000000e+00	0.000000e+00	0.000000e+00	0.000000e+00	3.398851e-04	2.286420e-04	0.000000e+00	1.409393e-03	0.000000e+00	0.000000e+00	0.000000e+00	0.000000e+00	0.000000e+00	1.392362e-03	0.000000e+00	1.114621e-04	2.026871e-03	8.183492e-06	0.000000e+00	2.216536e-03	0.000000e+00	6.817183e-04	2.547342e-05	8.491812e-02	6.722417e-01
8.491812e-02	0.000000e+00	0.000000e+00	0.000000e+00	1.770950e-04	4.162206e-04	0.000000e+00	0.000000e+00	0.000000e+00	0.000000e+00	0.000000e+00	3.398851e-04	2.286420e-04	0.000000e+00	1.409393e-03	0.000000e+00	0.000000e+00	0.000000e+00	0.000000e+00	0.000000e+00	1.392362e-03	0.000000e+00	1.114621e-04	2.026871e-03	8.183492e-06	0.000000e+00	2.216536e-03	0.000000e+00	6.817183e-04	2.547342e-05	8.491812e-02	6.722417e-01
8.491812e-02	0.000000e+00	0.000000e+00	0.000000e+00	1.770950e-04	4.162206e-04	0.000000e+00	0.000000e+00	0.000000e+00	0.000000e+00	0.000000e+00	3.398851e-04	2.286420e-04	0.000000e+00	1.409393e-03	0.000000e+00	0.000000e+00	0.000000e+00	0.000000e+00	0.000000e+00	1.392362e-03	0.000000e+00	1.114621e-04	2.026871e-03	8.183492e-06	0.000000e+00	2.216536e-03	0.000000e+00	6.817183e-04	2.547342e-05	8.491812e-02	6.722417e-01
7.521877e-02	0.000000e+00	0.000000e+00	0.000000e+00	1.770950e-04	0.000000e+00	0.000000e+00	2.364406e-03	3.152887e-03	0.000000e+00	0.000000e+00	3.398851e-04	2.286420e-04	0.000000e+00	1.409393e-03	0.000000e+00	0.000000e+00	0.000000e+00	5.459987e-04	7.003348e-04	0.000000e+00	0.000000e+00	1.114621e-04	6.931584e-04	0.000000e+00	0.000000e+00	0.000000e+00	0.000000e+00	6.817183e-04	1.071973e-03	7.521877e-02	6.759925e-01
6.154499e-02	0.000000e+00	0.000000e+00	0.000000e+00	1.770950e-04	4.162206e-04	0.000000e+00	0.000000e+00	0.000000e+00	0.000000e+00	0.000000e+00	0.000000e+00	2.346347e-04	7.013445e-04	0.000000e+00	0.000000e+00	0.000000e+00	0.000000e+00	2.555262e-03	0.000000e+00	1.392362e-03	0.000000e+00	1.114621e-04	2.026871e-03	8.183492e-06	0.000000e+00	5.541339e-04	0.000000e+00	0.000000e+00	2.547342e-05	6.154499e-02	6.966065e-01
4.728112e-02	6.671110e-05	0.000000e+00	0.000000e+00	1.398599e-04	3.052284e-03	0.000000e+00	3.020288e-02	4.906163e-03	0.000000e+00	4.919989e-03	0.000000e+00	2.751741e-04	0.000000e+00	0.000000e+00	0.000000e+00	2.328863e-03	0.000000e+00	1.091997e-03	1.744024e-03	2.671594e-03	3.996754e-03	7.430809e-05	7.175348e-04	8.183492e-06	0.000000e+00	2.170358e-03	0.000000e+00	0.000000e+00	1.197251e-03	4.728112e-02	7.519338e-01
3.208213e-02	0.000000e+00	0.000000e+00	0.000000e+00	1.770950e-04	2.081103e-04	0.000000e+00	0.000000e+00	0.000000e+00	0.000000e+00	0.000000e+00	1.351077e-04	2.286420e-04	0.000000e+00	2.114090e-03	0.000000e+00	0.000000e+00	0.000000e+00	0.000000e+00	0.000000e+00	1.622973e-03	0.000000e+00	1.671932e-04	2.026871e-03	1.227524e-05	0.000000e+00	3.579645e-03	0.000000e+00	5.112888e-04	0.000000e+00	3.208213e-02	7.968001e-01
1.515978e-02	0.000000e+00	0.000000e+00	0.000000e+00	1.877065e-04	4.162206e-04	0.000000e+00	0.000000e+00	3.242063e-03	0.000000e+00	0.000000e+00	4.539302e-04	1.032872e-04	3.682058e-03	0.000000e+00	0.000000e+00	0.000000e+00	1.312752e-02	5.676535e-03	1.072329e-03	0.000000e+00	0.000000e+00	2.229243e-04	7.161794e-04	8.183492e-06	0.000000e+00	2.216536e-03	0.000000e+00	0.000000e+00	0.000000e+00	1.515978e-02	8.789912e-01
0.000000e+00	0.000000e+00	8.931961e-04	0.000000e+00	5.952721e-04	3.121654e-04	0.000000e+00	7.881352e-04	0.000000e+00	0.000000e+00	0.000000e+00	4.841294e-04	2.232220e-04	2.556985e-04	3.523483e-04	0.000000e+00	0.000000e+00	0.000000e+00	5.459987e-04	1.750837e-04	0.000000e+00	7.877984e-04	0.000000e+00	6.931584e-04	0.000000e+00	0.000000e+00	4.267135e-04	0.000000e+00	3.408592e-04	3.184178e-04	0.000000e+00	1.002232e+00
