6.515740e-01	1.933830e-03	1.266702e-03	5.908109e-04	0.000000e+00	0.000000e+00	0.000000e+00	1.449109e-03	6.419361e-04	0.000000e+00	0.000000e+00	0.000000e+00	2.440994e-03	1.710701e-03	0.000000e+00	1.570432e-04	4.526988e-04	3.291427e-04	7.164655e-04	8.241721e-04	5.284615e-05	8.972619e-04	2.414411e-03	0.000000e+00	6.730433e-05	4.015696e-03	0.000000e+00	2.091774e-03	9.815069e-03	0.000000e+00	6.515740e-01	-4.520707e-01
6.484134e-01	2.189012e-03	0.000000e+00	5.908109e-04	0.000000e+00	0.000000e+00	2.345329e-03	1.449109e-03	0.000000e+00	0.000000e+00	1.178181e-05	0.000000e+00	0.000000e+00	1.710701e-03	0.000000e+00	1.570432e-04	4.526988e-04	0.000000e+00	7.164655e-04	8.241721e-04	0.000000e+00	8.972619e-04	6.036028e-04	8.885565e-04	6.730433e-05	4.015696e-03	0.000000e+00	2.091774e-03	9.815069e-03	3.379587e-03	6.484134e-01	-4.468684e-01
6.467805e-01	0.000000e+00	3.720902e-03	3.117583e-03	0.000000e+00	0.000000e+00	3.718764e-03	1.156348e-03	1.336139e-03	6.097704e-03	0.000000e+00	9.696790e-03	3.624031e-04	1.836705e-03	2.427019e-04	1.570432e-04	1.379432e-03	6.582855e-04	0.000000e+00	0.000000e+00	2.235695e-04	0.000000e+00	4.828822e-03	0.000000e+00	0.000000e+00	0.000000e+00	0.000000e+00	5.419162e-03	2.902818e-03	1.811920e-03	6.467805e-01	-4.386488e-01
6.445288e-01	2.189012e-03	0.000000e+00	5.908109e-04	0.000000e+00	0.000000e+00	0.000000e+00	3.692520e-04	1.318717e-03	0.000000e+00	0.000000e+00	0.000000e+00	2.259792e-03	2.247877e-03	0.000000e+00	1.570432e-04	0.000000e+00	0.000000e+00	1.748353e-03	8.333711e-04	0.000000e+00	0.000000e+00	0.000000e+00	1.789785e-04	0.000000e+00	4.151417e-03	0.000000e+00	0.000000e+00	0.000000e+00	0.000000e+00	6.445288e-01	-4.348739e-01
6.441064e-01	3.812024e-03	0.000000e+00	2.954054e-04	0.000000e+00	0.000000e+00	1.597989e-02	1.712123e-04	0.000000e+00	1.690035e-03	0.000000e+00	0.000000e+00	2.259792e-03	3.984370e-03	0.000000e+00	1.292335e-04	0.000000e+00	5.788350e-04	1.548466e-03	8.040560e-04	4.539666e-03	0.000000e+00	0.000000e+00	1.789785e-04	0.000000e+00	3.822412e-03	0.000000e+00	3.371136e-03	2.878027e-03	1.156202e-03	6.441064e-01	-4.268684e-01
6.424424e-01	1.020729e-03	2.797720e-03	3.129362e-03	0.000000e+00	0.000000e+00	0.000000e+00	0.000000e+00	2.540772e-03	2.845253e-03	1.241158e-04	4.137004e-03	2.259792e-03	5.538436e-04	2.511254e-03	0.000000e+00	0.000000e+00	3.130704e-04	2.256702e-03	2.162260e-03	0.000000e+00	2.660364e-03	0.000000e+00	1.757945e-04	0.000000e+00	3.383363e-03	0.000000e+00	0.000000e+00	4.380699e-03	1.534001e-03	6.424424e-01	-4.187166e-01
6.413580e-01	2.890655e-03	0.000000e+00	1.320558e-03	3.669063e-03	1.129183e-03	1.697058e-03	0.000000e+00	0.000000e+00	4.767567e-03	0.000000e+00	4.848395e-03	0.000000e+00	2.630923e-03	7.491645e-04	1.570432e-04	1.302893e-03	6.333239e-04	2.142300e-04	0.000000e+00	0.000000e+00	0.000000e+00	6.036028e-04	0.000000e+00	0.000000e+00	0.000000e+00	0.000000e+00	5.419162e-03	4.030887e-03	0.000000e+00	6.413580e-01	-4.119909e-01
6.413580e-01	2.890655e-03	7.493033e-03	1.320558e-03	3.669063e-03	0.000000e+00	0.000000e+00	0.000000e+00	0.000000e+00	4.767567e-03	0.000000e+00	4.848395e-03	0.000000e+00	2.630923e-03	7.491645e-04	1.570432e-04	1.302893e-03	6.333239e-04	2.142300e-04	2.100320e-03	6.885097e-03	0.000000e+00	2.235216e-03	0.000000e+00	0.000000e+00	5.286125e-03	0.000000e+00	0.000000e+00	2.959239e-02	0.000000e+00	6.413580e-01	-4.043717e-01
6.400088e-01	1.660505e-03	4.651132e-04	2.264336e-03	5.859118e-03	0.000000e+00	0.000000e+00	6.158090e-04	1.336139e-03	4.196166e-03	5.890907e-06	9.696790e-03	2.259792e-03	0.000000e+00	0.000000e+00	1.570432e-04	0.000000e+00	4.612377e-04	2.291342e-03	4.166855e-04	9.317815e-03	0.000000e+00	4.828822e-03	0.000000e+00	0.000000e+00	3.240745e-03	0.000000e+00	5.419162e-03	1.196554e-03	0.000000e+00	6.400088e-01	-3.983458e-01
6.389249e-01	2.717518e-03	0.000000e+00	0.000000e+00	0.000000e+00	0.000000e+00	0.000000e+00	0.000000e+00	0.000000e+00	4.196166e-03	0.000000e+00	0.000000e+00	1.129896e-03	3.321537e-03	0.000000e+00	1.570432e-04	1.302893e-03	0.000000e+00	1.145671e-03	1.891978e-03	5.138013e-03	0.000000e+00	0.000000e+00	8.948927e-05	0.000000e+00	4.790647e-03	0.000000e+00	0.000000e+00	3.694477e-03	1.156202e-03	6.389249e-01	-3.942326e-01
6.385362e-01	2.717518e-03	8.318724e-03	6.602792e-04	0.000000e+00	2.770778e-04	2.429732e-04	6.621542e-05	1.053267e-02	4.196166e-03	0.000000e+00	0.000000e+00	1.534986e-03	3.590714e-03	0.000000e+00	1.832171e-04	1.302893e-03	1.000351e-03	1.941451e-03	1.891978e-03	8.554139e-03	0.000000e+00	3.583891e-04	3.771613e-04	3.365217e-05	2.249790e-03	0.000000e+00	0.000000e+00	3.694477e-03	1.300728e-03	6.385362e-01	-3.863727e-01
6.368444e-01	0.000000e+00	0.000000e+00	0.000000e+00	8.778897e-03	0.000000e+00	0.000000e+00	0.000000e+00	0.000000e+00	0.000000e+00	1.885090e-05	0.000000e+00	3.515620e-04	0.000000e+00	1.106665e-04	6.543468e-05	0.000000e+00	5.788350e-04	2.233480e-02	1.815466e-03	0.000000e+00	0.000000e+00	0.000000e+00	4.458543e-04	0.000000e+00	3.822412e-03	2.388312e-03	3.371136e-03	1.381321e-03	7.670004e-04	6.368444e-01	-3.726059e-01
6.361828e-01	0.000000e+00	4.920408e-03	0.000000e+00	8.778897e-03	0.000000e+00	0.000000e+00	0.000000e+00	0.000000e+00	0.000000e+00	1.885090e-05	0.000000e+00	3.515620e-04	2.503559e-04	1.106665e-04	6.543468e-05	9.570239e-04	5.788350e-04	1.303296e-03	1.815466e-03	0.000000e+00	0.000000e+00	0.000000e+00	2.668758e-04	0.000000e+00	3.822412e-03	2.388312e-03	3.371136e-03	1.381321e-03	0.000000e+00	6.361828e-01	-3.691152e-01
6.354889e-01	1.131999e-03	9.302264e-04	0.000000e+00	1.109868e-02	0.000000e+00	0.000000e+00	8.623660e-04	2.672278e-03	0.000000e+00	0.000000e+00	0.000000e+00	0.000000e+00	2.503559e-04	0.000000e+00	1.570432e-04	0.000000e+00	9.224754e-04	9.032578e-04	0.000000e+00	1.253357e-02	0.000000e+00	2.141548e-03	3.579571e-04	0.000000e+00	2.465794e-03	8.980188e-05	1.083832e-02	1.381321e-03	1.534001e-03	6.354889e-01	-3.583573e-01
6.346612e-01	2.189012e-03	1.779594e-03	0.000000e+00	0.000000e+00	5.541555e-04	3.221023e-03	5.016828e-04	2.672278e-03	0.000000e+00	0.000000e+00	0.000000e+00	1.195856e-03	1.325864e-04	7.156072e-04	3.271734e-05	0.000000e+00	0.000000e+00	1.392364e-03	2.680682e-02	6.832251e-03	0.000000e+00	0.000000e+00	3.529250e-03	5.701421e-04	2.775222e-03	0.000000e+00	5.869117e-03	0.000000e+00	2.890506e-04	6.346612e-01	-3.476079e-01
6.338818e-01	0.000000e+00	9.302264e-04	5.743262e-04	0.000000e+00	0.000000e+00	7.919189e-03	1.727849e-03	0.000000e+00	1.203489e-04	1.728913e-05	4.776660e-05	3.138838e-03	2.503559e-04	1.018077e-03	0.000000e+00	0.000000e+00	9.224754e-04	5.228356e-04	1.708480e-02	0.000000e+00	0.000000e+00	2.141548e-03	3.579571e-04	2.692173e-04	1.603615e-03	7.280742e-05	4.102689e-03	1.381321e-03	1.534001e-03	6.338818e-01	-3.419406e-01
6.326901e-01	5.103643e-04	1.187499e-03	1.883905e-04	7.395044e-04	5.437196e-04	0.000000e+00	0.000000e+00	0.000000e+00	3.883089e-03	6.205791e-05	0.000000e+00	0.000000e+00	3.704583e-03	0.000000e+00	0.000000e+00	2.407039e-03	0.000000e+00	0.000000e+00	2.695947e-03	2.226190e-03	8.972619e-04	0.000000e+00	1.508645e-03	1.346087e-04	1.436651e-03	6.475619e-04	0.000000e+00	8.995884e-04	1.195011e-03	6.326901e-01	-3.321857e-01
6.326901e-01	5.103643e-04	1.187499e-03	1.883905e-04	7.395044e-04	5.437196e-04	0.000000e+00	0.000000e+00	0.000000e+00	3.883089e-03	6.205791e-05	0.000000e+00	0.000000e+00	3.704583e-03	0.000000e+00	0.000000e+00	2.407039e-03	0.000000e+00	0.000000e+00	2.695947e-03	2.226190e-03	8.972619e-04	0.000000e+00	1.508645e-03	1.346087e-04	1.436651e-03	6.475619e-04	0.000000e+00	8.995884e-04	1.195011e-03	6.326901e-01	-3.321857e-01
6.319759e-01	0.000000e+00	0.000000e+00	0.000000e+00	2.979949e-03	0.000000e+00	5.539186e-03	0.000000e+00	5.266335e-03	4.196166e-03	3.269717e-05	0.000000e+00	7.674931e-04	8.318578e-04	0.000000e+00	1.570432e-04	1.556844e-03	2.107667e-03	1.145671e-03	1.891978e-03	5.138013e-03	0.000000e+00	0.000000e+00	1.687624e-03	0.000000e+00	4.790647e-03	2.232359e-05	0.000000e+00	3.694477e-03	1.156202e-03	6.319759e-01	-3.202567e-01
6.307656e-01	0.000000e+00	1.361219e-03	1.067098e-03	4.285558e-04	0.000000e+00	0.000000e+00	6.677654e-05	0.000000e+00	5.032250e-03	1.041184e-06	0.000000e+00	2.440758e-03	2.712477e-03	0.000000e+00	0.000000e+00	3.700070e-03	0.000000e+00	1.256526e-03	4.069519e-03	2.018775e-02	4.486309e-04	8.810116e-03	4.707137e-03	0.000000e+00	0.000000e+00	0.000000e+00	0.000000e+00	1.314024e-03	0.000000e+00	6.307656e-01	-3.024677e-01
6.306297e-01	9.751219e-04	0.000000e+00	1.067098e-03	7.069220e-03	8.189553e-03	9.048040e-03	0.000000e+00	2.672278e-03	0.000000e+00	1.346692e-02	0.000000e+00	2.240453e-03	1.363647e-03	6.602739e-04	4.907601e-05	5.408780e-03	0.000000e+00	1.368978e-03	1.320186e-02	3.416126e-03	0.000000e+00	2.141548e-03	1.400271e-03	5.701421e-04	3.853405e-03	8.349140e-05	0.000000e+00	0.000000e+00	9.115257e-04	6.306297e-01	-2.966737e-01
6.294061e-01	0.000000e+00	9.302264e-04	5.743262e-04	1.131174e-02	0.000000e+00	7.437528e-03	8.623660e-04	0.000000e+00	0.000000e+00	0.000000e+00	0.000000e+00	0.000000e+00	2.503559e-04	5.533326e-05	1.112389e-04	0.000000e+00	9.224754e-04	2.231881e-04	8.795788e-04	0.000000e+00	0.000000e+00	2.141548e-03	3.579571e-04	2.692173e-04	2.465794e-03	8.980188e-05	0.000000e+00	1.381321e-03	1.534001e-03	6.294061e-01	-2.895968e-01
6.285261e-01	2.387678e-04	0.000000e+00	0.000000e+00	8.485046e-03	0.000000e+00	0.000000e+00	4.528744e-03	5.116029e-03	0.000000e+00	1.885090e-05	0.000000e+00	1.322508e-04	5.538436e-04	0.000000e+00	1.570432e-04	1.009305e-02	2.031332e-03	2.048566e-03	2.162260e-03	0.000000e+00	9.778528e-04	0.000000e+00	1.444622e-03	7.255339e-04	0.000000e+00	1.262096e-05	8.122610e-03	1.553180e-03	1.534001e-03	6.285261e-01	-2.742610e-01
6.277264e-01	1.725017e-04	1.361219e-03	0.000000e+00	5.776771e-03	0.000000e+00	0.000000e+00	0.000000e+00	7.918754e-03	4.943336e-03	1.833031e-05	0.000000e+00	0.000000e+00	1.271939e-04	0.000000e+00	0.000000e+00	0.000000e+00	0.000000e+00	1.167646e-03	4.347044e-03	0.000000e+00	8.142238e-03	7.839536e-03	3.988464e-03	7.047507e-04	0.000000e+00	1.009677e-04	5.869117e-03	1.314024e-03	0.000000e+00	6.277264e-01	-2.623977e-01
6.277264e-01	1.525169e-04	1.361219e-03	0.000000e+00	5.776771e-03	3.906077e-03	0.000000e+00	1.662032e-03	7.918754e-03	0.000000e+00	1.833031e-05	0.000000e+00	3.080318e-04	6.236056e-02	0.000000e+00	0.000000e+00	0.000000e+00	1.293480e-03	1.167646e-03	4.347044e-03	0.000000e+00	5.292218e-04	0.000000e+00	1.028350e-03	8.315803e-05	0.000000e+00	1.009677e-04	1.168131e-03	1.314024e-03	0.000000e+00	6.277264e-01	-2.547130e-01
6.277264e-01	3.050339e-04	0.000000e+00	0.000000e+00	0.000000e+00	2.462392e-03	6.308678e-03	2.076689e-03	0.000000e+00	1.536917e-04	1.833031e-05	4.776660e-05	2.540910e-03	2.251372e-03	6.602739e-04	1.635867e-06	2.788452e-03	1.293480e-03	6.829202e-04	4.347044e-03	0.000000e+00	0.000000e+00	5.318124e-03	1.028350e-03	8.315803e-05	2.160040e-04	1.009677e-04	1.168131e-03	0.000000e+00	8.087281e-02	6.277264e-01	-2.508824e-01
6.252886e-01	4.312543e-05	0.000000e+00	1.706494e-03	0.000000e+00	1.631159e-03	7.437528e-03	1.605761e-03	0.000000e+00	1.582526e-03	2.602959e-07	0.000000e+00	0.000000e+00	1.844907e-03	0.000000e+00	0.000000e+00	0.000000e+00	1.409761e-03	0.000000e+00	2.019983e-03	0.000000e+00	0.000000e+00	0.000000e+00	2.269889e-03	0.000000e+00	0.000000e+00	0.000000e+00	1.126747e-03	7.573285e-04	0.000000e+00	6.252886e-01	-2.324858e-01
6.250178e-01	1.725017e-04	0.000000e+00	0.000000e+00	9.093511e-03	0.000000e+00	5.634529e-03	5.733424e-03	1.270386e-03	6.259120e-03	9.425451e-06	0.000000e+00	0.000000e+00	1.358254e-03	0.000000e+00	0.000000e+00	9.461242e-03	1.475704e-03	1.144261e-03	1.873580e-03	7.365325e-03	8.972619e-04	1.224459e-02	8.325439e-04	2.692173e-04	0.000000e+00	2.232359e-05	4.183549e-03	1.594376e-04	0.000000e+00	6.250178e-01	-2.197008e-01
6.241953e-01	0.000000e+00	1.074725e-03	0.000000e+00	4.925927e-03	0.000000e+00	0.000000e+00	2.354652e-04	1.337103e-04	0.000000e+00	0.000000e+00	2.530693e-02	9.591574e-04	1.927030e-03	0.000000e+00	2.224779e-04	1.955699e-03	7.029471e-04	1.445282e-03	3.141517e-03	2.542836e-04	0.000000e+00	0.000000e+00	5.464180e-03	0.000000e+00	0.000000e+00	2.548934e-04	9.779493e-04	3.188751e-04	0.000000e+00	6.241953e-01	-2.108554e-01
6.230123e-01	0.000000e+00	1.167998e-03	0.000000e+00	0.000000e+00	0.000000e+00	0.000000e+00	2.568503e-04	1.334879e-04	0.000000e+00	1.552167e-02	0.000000e+00	1.057311e-03	0.000000e+00	0.000000e+00	7.197814e-05	4.021770e-05	7.029471e-04	1.831079e-03	3.863831e-05	6.280426e-04	2.359986e-04	0.000000e+00	2.881892e-03	0.000000e+00	0.000000e+00	1.536519e-03	1.854047e-03	3.188751e-04	0.000000e+00	6.230123e-01	-1.961778e-01
6.223502e-01	5.238169e-04	0.000000e+00	2.399956e-03	7.941471e-04	2.446738e-03	0.000000e+00	1.199361e-03	0.000000e+00	6.668561e-05	2.082367e-06	0.000000e+00	0.000000e+00	0.000000e+00	0.000000e+00	2.126627e-04	6.421086e-03	0.000000e+00	1.712533e-03	1.331316e-03	0.000000e+00	6.729464e-04	0.000000e+00	7.457627e-03	4.355334e-04	0.000000e+00	5.632047e-05	0.000000e+00	0.000000e+00	0.000000e+00	6.223502e-01	-1.860027e-01
6.223502e-01	5.238169e-04	0.000000e+00	2.240043e-03	4.242523e-03	1.615505e-03	0.000000e+00	2.264372e-03	0.000000e+00	6.668561e-05	0.000000e+00	0.000000e+00	7.569945e-05	2.128406e-02	0.000000e+00	2.126627e-04	6.421086e-03	1.093031e-03	0.000000e+00	1.100449e-03	0.000000e+00	6.729464e-04	0.000000e+00	1.999062e-02	3.627669e-04	0.000000e+00	0.000000e+00	0.000000e+00	5.731458e-04	0.000000e+00	6.223502e-01	-1.790173e-01
6.211111e-01	0.000000e+00	1.455122e-03	6.638932e-04	0.000000e+00	1.108311e-03	0.000000e+00	0.000000e+00	1.337103e-04	2.171373e-04	0.000000e+00	0.000000e+00	7.787072e-03	0.000000e+00	0.000000e+00	5.275671e-05	6.032655e-05	1.547309e-04	9.788861e-04	2.175843e-03	0.000000e+00	1.663673e-03	0.000000e+00	6.120783e-04	0.000000e+00	8.942607e-04	3.202623e-05	5.265512e-02	0.000000e+00	2.692318e-03	6.211111e-01	-1.566580e-01
6.204915e-01	0.000000e+00	0.000000e+00	0.000000e+00	3.855390e-03	0.000000e+00	0.000000e+00	1.235789e-03	1.402994e-03	2.701826e-03	3.123551e-06	9.553320e-05	5.081820e-03	1.715030e-03	1.320548e-03	1.104210e-04	0.000000e+00	1.335797e-03	1.487794e-03	2.499145e-03	7.475181e-04	1.168310e-03	0.000000e+00	6.025484e-03	0.000000e+00	4.320080e-04	7.864406e-05	2.336262e-03	0.000000e+00	4.038476e-03	6.204915e-01	-1.530361e-01
6.192142e-01	0.000000e+00	0.000000e+00	0.000000e+00	2.065890e-03	3.090498e-03	0.000000e+00	1.466467e-03	6.685516e-05	1.495278e-03	0.000000e+00	1.265346e-02	3.080318e-04	2.999937e-03	0.000000e+00	2.159344e-04	1.337264e-02	1.842001e-03	0.000000e+00	2.319441e-03	0.000000e+00	3.598394e-04	0.000000e+00	6.120783e-04	0.000000e+00	4.471304e-04	4.576217e-04	1.168131e-03	1.594376e-04	0.000000e+00	6.192142e-01	-1.298815e-01
4.550178e-01	0.000000e+00	1.167998e-03	5.315203e-04	0.000000e+00	0.000000e+00	0.000000e+00	0.000000e+00	1.341552e-04	0.000000e+00	0.000000e+00	0.000000e+00	1.914814e-05	0.000000e+00	0.000000e+00	7.197814e-05	4.021770e-05	1.547309e-04	9.488448e-04	3.863831e-05	0.000000e+00	2.359986e-04	0.000000e+00	2.881892e-03	0.000000e+00	0.000000e+00	1.536519e-03	5.840654e-04	0.000000e+00	0.000000e+00	4.550178e-01	-1.222089e-01
4.550178e-01	0.000000e+00	1.167998e-03	5.315203e-04	0.000000e+00	0.000000e+00	0.000000e+00	0.000000e+00	1.341552e-04	0.000000e+00	0.000000e+00	0.000000e+00	1.914814e-05	0.000000e+00	0.000000e+00	7.197814e-05	4.021770e-05	1.547309e-04	9.488448e-04	3.863831e-05	0.000000e+00	2.359986e-04	0.000000e+00	2.881892e-03	0.000000e+00	0.000000e+00	1.536519e-03	5.840654e-04	0.000000e+00	0.000000e+00	4.550178e-01	-1.222089e-01
4.550178e-01	0.000000e+00	1.167998e-03	5.315203e-04	0.000000e+00	0.000000e+00	0.000000e+00	0.000000e+00	1.341552e-04	0.000000e+00	0.000000e+00	0.000000e+00	1.914814e-05	0.000000e+00	0.000000e+00	7.197814e-05	4.021770e-05	1.547309e-04	9.488448e-04	3.863831e-05	0.000000e+00	2.359986e-04	0.000000e+00	2.881892e-03	0.000000e+00	0.000000e+00	1.536519e-03	5.840654e-04	0.000000e+00	0.000000e+00	4.550178e-01	-1.222089e-01
4.550178e-01	0.000000e+00	1.167998e-03	5.315203e-04	0.000000e+00	0.000000e+00	0.000000e+00	0.000000e+00	1.341552e-04	0.000000e+00	0.000000e+00	0.000000e+00	1.914814e-05	0.000000e+00	0.000000e+00	7.197814e-05	4.021770e-05	1.547309e-04	9.488448e-04	3.863831e-05	0.000000e+00	2.359986e-04	0.000000e+00	2.881892e-03	0.000000e+00	0.000000e+00	1.536519e-03	5.840654e-04	0.000000e+00	0.000000e+00	4.550178e-01	-1.222089e-01
4.550178e-01	0.000000e+00	1.167998e-03	5.315203e-04	0.000000e+00	0.000000e+00	0.000000e+00	0.000000e+00	1.341552e-04	0.000000e+00	0.000000e+00	0.000000e+00	1.914814e-05	0.000000e+00	0.000000e+00	7.197814e-05	4.021770e-05	1.547309e-04	9.488448e-04	3.863831e-05	0.000000e+00	2.359986e-04	0.000000e+00	2.881892e-03	0.000000e+00	0.000000e+00	1.536519e-03	5.840654e-04	0.000000e+00	0.000000e+00	4.550178e-01	-1.222089e-01
4.550178e-01	0.000000e+00	1.167998e-03	5.315203e-04	0.000000e+00	0.000000e+00	0.000000e+00	0.000000e+00	1.341552e-04	0.000000e+00	0.000000e+00	0.000000e+00	1.914814e-05	0.000000e+00	0.000000e+00	7.197814e-05	4.021770e-05	1.547309e-04	9.488448e-04	3.863831e-05	0.000000e+00	2.359986e-04	0.000000e+00	2.881892e-03	0.000000e+00	0.000000e+00	1.536519e-03	5.840654e-04	0.000000e+00	0.000000e+00	4.550178e-01	-1.222089e-01
4.550178e-01	0.000000e+00	1.167998e-03	5.315203e-04	0.000000e+00	0.000000e+00	0.000000e+00	0.000000e+00	1.341552e-04	0.000000e+00	0.000000e+00	0.000000e+00	1.914814e-05	0.000000e+00	0.000000e+00	7.197814e-05	4.021770e-05	1.547309e-04	9.488448e-04	3.863831e-05	0.000000e+00	2.359986e-04	0.000000e+00	2.881892e-03	0.000000e+00	0.000000e+00	1.536519e-03	5.840654e-04	0.000000e+00	0.000000e+00	4.550178e-01	-1.222089e-01
4.506087e-01	6.824939e-04	1.858226e-03	5.006389e-06	0.000000e+00	1.520744e-03	0.000000e+00	0.000000e+00	0.000000e+00	3.917113e-04	2.104007e-03	0.000000e+00	5.408179e-04	1.469446e-05	1.509035e-03	3.598907e-05	0.000000e+00	0.000000e+00	0.000000e+00	0.000000e+00	0.000000e+00	0.000000e+00	1.289563e-03	3.483522e-03	0.000000e+00	0.000000e+00	1.135886e-04	0.000000e+00	7.066241e-07	6.415523e-04	4.506087e-01	-1.188726e-01
4.477262e-01	2.729976e-03	5.937494e-04	1.034287e-05	5.174016e-03	3.053740e-03	0.000000e+00	0.000000e+00	0.000000e+00	6.668561e-05	1.998321e-03	4.234396e-04	3.231827e-04	9.889583e-06	0.000000e+00	0.000000e+00	0.000000e+00	1.777084e-04	1.872599e-03	0.000000e+00	0.000000e+00	0.000000e+00	4.318640e-03	8.172735e-03	0.000000e+00	0.000000e+00	0.000000e+00	0.000000e+00	0.000000e+00	6.917549e-04	4.477262e-01	-1.095844e-01
4.437557e-01	6.824939e-04	5.839989e-04	6.429909e-06	1.264310e-05	1.520744e-03	0.000000e+00	4.277019e-05	4.510312e-04	1.333712e-04	5.127911e-04	1.058599e-04	4.927399e-04	1.469446e-05	0.000000e+00	7.197814e-05	2.010885e-05	1.863858e-04	4.744224e-04	1.931915e-05	0.000000e+00	1.168310e-03	8.420410e-03	0.000000e+00	0.000000e+00	0.000000e+00	7.572574e-05	1.359468e-03	0.000000e+00	9.874298e-04	4.437557e-01	-9.780224e-02
4.418129e-01	0.000000e+00	1.064284e-03	6.429909e-06	0.000000e+00	3.035362e-03	0.000000e+00	4.277019e-05	1.757173e-04	1.333712e-04	0.000000e+00	0.000000e+00	9.615608e-05	1.469446e-05	0.000000e+00	7.197814e-05	6.032655e-05	1.547309e-04	1.283760e-03	3.863831e-05	1.069878e-03	1.168310e-03	0.000000e+00	0.000000e+00	0.000000e+00	0.000000e+00	7.572574e-05	2.920327e-04	0.000000e+00	0.000000e+00	4.418129e-01	-9.014869e-02
4.393599e-01	0.000000e+00	7.399003e-04	2.290010e-06	5.689396e-05	1.520744e-03	0.000000e+00	3.740197e-03	2.849043e-04	1.514448e-03	0.000000e+00	2.871096e-04	8.089937e-04	2.204169e-05	4.310050e-03	0.000000e+00	5.965633e-03	8.166780e-04	1.953592e-03	1.367875e-03	0.000000e+00	4.971050e-05	2.135933e-03	0.000000e+00	0.000000e+00	0.000000e+00	0.000000e+00	1.315145e-03	5.668333e-05	0.000000e+00	4.393599e-01	-7.228641e-02
4.372253e-01	1.364988e-03	1.148497e-03	2.503194e-06	9.803842e-04	1.523807e-03	2.701011e-04	2.822464e-03	2.172793e-04	0.000000e+00	0.000000e+00	0.000000e+00	1.731640e-04	1.055431e-04	3.612747e-03	7.631243e-04	0.000000e+00	0.000000e+00	0.000000e+00	1.502894e-03	1.136569e-03	0.000000e+00	0.000000e+00	4.162719e-04	0.000000e+00	5.010547e-03	1.677824e-03	0.000000e+00	0.000000e+00	0.000000e+00	4.372253e-01	-5.898873e-02
4.354536e-01	0.000000e+00	1.167998e-03	2.503194e-06	0.000000e+00	0.000000e+00	3.560905e-04	0.000000e+00	1.341552e-04	1.447763e-03	0.000000e+00	1.114927e-03	1.914814e-05	0.000000e+00	4.310050e-03	7.197814e-05	4.021770e-05	8.579864e-05	9.488448e-04	3.863831e-05	0.000000e+00	0.000000e+00	2.135933e-03	0.000000e+00	0.000000e+00	0.000000e+00	1.536519e-03	1.343096e-02	0.000000e+00	0.000000e+00	4.354536e-01	-4.507177e-02
4.336211e-01	0.000000e+00	1.858226e-03	5.006389e-06	0.000000e+00	0.000000e+00	0.000000e+00	0.000000e+00	0.000000e+00	3.917113e-04	2.104007e-03	0.000000e+00	9.142650e-04	7.387412e-05	1.509035e-03	3.598907e-05	7.847429e-04	0.000000e+00	0.000000e+00	0.000000e+00	0.000000e+00	0.000000e+00	1.289563e-03	3.483522e-03	0.000000e+00	0.000000e+00	2.396476e-02	0.000000e+00	7.066241e-07	8.510462e-03	4.336211e-01	-2.660280e-02
4.324936e-01	0.000000e+00	0.000000e+00	6.560570e-06	2.528620e-05	0.000000e+00	0.000000e+00	3.670001e-03	2.163894e-04	3.243837e-04	0.000000e+00	0.000000e+00	0.000000e+00	2.242915e-05	3.864646e-03	7.631243e-04	2.098536e-02	0.000000e+00	0.000000e+00	2.720162e-03	2.090267e-04	0.000000e+00	3.088209e-03	9.422812e-04	0.000000e+00	0.000000e+00	0.000000e+00	2.134870e-03	0.000000e+00	1.974860e-03	4.324936e-01	-1.781562e-02
4.310724e-01	1.947271e-03	2.092491e-04	2.290010e-06	0.000000e+00	0.000000e+00	0.000000e+00	3.740197e-03	2.192479e-04	0.000000e+00	0.000000e+00	0.000000e+00	1.273901e-03	6.959302e-05	4.085943e-03	0.000000e+00	0.000000e+00	9.319290e-05	0.000000e+00	4.676082e-03	0.000000e+00	1.612616e-02	5.230775e-03	5.331730e-04	0.000000e+00	0.000000e+00	1.060668e-02	6.097881e-04	3.400210e-02	2.440682e-03	4.310724e-01	4.314941e-03
4.281068e-01	0.000000e+00	1.341657e-03	7.681506e-06	2.528620e-05	3.035362e-03	5.095941e-04	3.740197e-03	0.000000e+00	1.388244e-03	1.998321e-03	2.871096e-04	0.000000e+00	1.469446e-05	5.037983e-04	0.000000e+00	6.358004e-03	8.166780e-04	1.953592e-03	5.586246e-04	4.847444e-04	4.971050e-05	3.558819e-03	0.000000e+00	0.000000e+00	0.000000e+00	0.000000e+00	1.398918e-04	0.000000e+00	6.917549e-04	4.281068e-01	2.066600e-02
4.266347e-01	6.824939e-04	5.839989e-04	5.143927e-06	1.935482e-03	1.520744e-03	1.049796e-03	4.277019e-05	1.629595e-04	1.333712e-04	0.000000e+00	0.000000e+00	1.507622e-04	0.000000e+00	0.000000e+00	7.197814e-05	8.043540e-05	1.863858e-04	4.744224e-04	1.221435e-03	0.000000e+00	5.616893e-03	2.334983e-03	0.000000e+00	6.790636e-03	0.000000e+00	0.000000e+00	1.398918e-04	0.000000e+00	2.253786e-03	4.266347e-01	3.538422e-02
4.252645e-01	0.000000e+00	6.547117e-04	0.000000e+00	6.321551e-05	0.000000e+00	0.000000e+00	0.000000e+00	5.698085e-04	4.598136e-04	5.284306e-05	0.000000e+00	6.151379e-04	1.251354e-04	9.463920e-04	0.000000e+00	0.000000e+00	0.000000e+00	0.000000e+00	1.618501e-03	2.090267e-04	0.000000e+00	2.410880e-03	0.000000e+00	0.000000e+00	0.000000e+00	9.289655e-03	2.350506e-03	1.140733e-04	1.623399e-03	4.252645e-01	4.909862e-02
4.229277e-01	0.000000e+00	0.000000e+00	9.091272e-06	0.000000e+00	4.580611e-03	0.000000e+00	3.629196e-04	1.547325e-03	2.884663e-04	1.998321e-03	1.382975e-03	8.620051e-04	0.000000e+00	0.000000e+00	7.742022e-05	7.847429e-04	6.196410e-04	8.259576e-04	4.540113e-03	1.487932e-03	4.971050e-05	3.363287e-03	1.471588e-03	0.000000e+00	0.000000e+00	0.000000e+00	1.398918e-04	0.000000e+00	2.253786e-03	4.229277e-01	7.629109e-02
4.215512e-01	0.000000e+00	3.290115e-02	1.065921e-07	0.000000e+00	1.529933e-03	2.547970e-04	0.000000e+00	8.075351e-04	3.222710e-04	0.000000e+00	5.574636e-04	0.000000e+00	3.173182e-05	0.000000e+00	1.874929e-04	0.000000e+00	0.000000e+00	2.251339e-04	2.793123e-04	3.090632e-04	0.000000e+00	2.675125e-04	1.557876e-03	0.000000e+00	0.000000e+00	0.000000e+00	0.000000e+00	0.000000e+00	1.394633e-04	4.215512e-01	9.489418e-02
4.215512e-01	1.364988e-03	3.290115e-02	5.329603e-08	3.792931e-05	1.523807e-03	2.547970e-04	3.415670e-04	4.351059e-04	3.222710e-04	0.000000e+00	0.000000e+00	4.711589e-04	1.681108e-04	6.309280e-04	7.271352e-04	0.000000e+00	0.000000e+00	1.125669e-04	5.416796e-03	1.241083e-03	0.000000e+00	0.000000e+00	2.990187e-03	0.000000e+00	5.010547e-03	1.056882e-02	0.000000e+00	0.000000e+00	1.394633e-04	4.215512e-01	1.002147e-01
4.189723e-01	0.000000e+00	3.386586e-04	0.000000e+00	3.792931e-05	3.059867e-03	0.000000e+00	3.415670e-04	7.521206e-05	3.976271e-04	1.009729e-02	0.000000e+00	4.789809e-02	6.224579e-05	1.134726e-03	3.716214e-04	0.000000e+00	0.000000e+00	0.000000e+00	5.277140e-03	0.000000e+00	1.835046e-02	2.188062e-03	2.211248e-03	0.000000e+00	0.000000e+00	1.056882e-02	0.000000e+00	0.000000e+00	1.160369e-03	4.189723e-01	1.393453e-01
4.170066e-01	0.000000e+00	0.000000e+00	0.000000e+00	0.000000e+00	0.000000e+00	2.329695e-02	0.000000e+00	0.000000e+00	0.000000e+00	0.000000e+00	0.000000e+00	0.000000e+00	8.208236e-07	1.007597e-03	5.722211e-02	0.000000e+00	5.438803e-05	0.000000e+00	2.955911e-04	0.000000e+00	2.197494e-04	0.000000e+00	0.000000e+00	0.000000e+00	0.000000e+00	0.000000e+00	0.000000e+00	0.000000e+00	0.000000e+00	4.170066e-01	1.591951e-01
4.141372e-01	0.000000e+00	0.000000e+00	5.228169e-06	0.000000e+00	0.000000e+00	0.000000e+00	1.627042e-03	1.086396e-04	3.196652e-04	0.000000e+00	0.000000e+00	4.480370e-05	7.496521e-05	1.574960e-03	3.553091e-04	0.000000e+00	0.000000e+00	0.000000e+00	2.498914e-03	0.000000e+00	0.000000e+00	2.056608e-03	1.884562e-03	0.000000e+00	0.000000e+00	5.284410e-03	1.157069e-02	0.000000e+00	2.831190e-03	4.141372e-01	1.848920e-01
4.123790e-01	0.000000e+00	0.000000e+00	2.518667e-06	9.677411e-04	7.527142e-04	0.000000e+00	0.000000e+00	0.000000e+00	2.819871e-04	0.000000e+00	5.878229e-04	7.538109e-05	0.000000e+00	1.007597e-03	2.632448e-04	4.021770e-05	0.000000e+00	8.642289e-04	4.710613e-04	9.320193e-04	3.028196e-03	1.033735e-03	0.000000e+00	1.358127e-02	1.418629e-05	0.000000e+00	0.000000e+00	0.000000e+00	1.057161e-03	4.123790e-01	2.067353e-01
4.118234e-01	0.000000e+00	3.290115e-02	1.065921e-07	0.000000e+00	0.000000e+00	0.000000e+00	0.000000e+00	8.075351e-04	3.222710e-04	0.000000e+00	0.000000e+00	0.000000e+00	3.173182e-05	1.007597e-03	2.632448e-04	0.000000e+00	0.000000e+00	2.251339e-04	0.000000e+00	4.660096e-04	0.000000e+00	0.000000e+00	1.557876e-03	0.000000e+00	7.093143e-06	5.284410e-03	1.157069e-02	0.000000e+00	0.000000e+00	4.118234e-01	2.202874e-01
2.580294e-01	0.000000e+00	0.000000e+00	0.000000e+00	0.000000e+00	0.000000e+00	0.000000e+00	0.000000e+00	0.000000e+00	0.000000e+00	0.000000e+00	8.665547e-04	0.000000e+00	8.208236e-07	1.007597e-03	2.632448e-04	0.000000e+00	0.000000e+00	0.000000e+00	0.000000e+00	0.000000e+00	2.197494e-04	0.000000e+00	0.000000e+00	0.000000e+00	1.418629e-05	0.000000e+00	0.000000e+00	0.000000e+00	0.000000e+00	2.580294e-01	2.427197e-01
2.580294e-01	0.000000e+00	0.000000e+00	0.000000e+00	0.000000e+00	0.000000e+00	0.000000e+00	0.000000e+00	0.000000e+00	0.000000e+00	0.000000e+00	8.665547e-04	0.000000e+00	8.208236e-07	1.007597e-03	2.632448e-04	0.000000e+00	0.000000e+00	0.000000e+00	0.000000e+00	0.000000e+00	2.197494e-04	0.000000e+00	0.000000e+00	0.000000e+00	1.418629e-05	0.000000e+00	0.000000e+00	0.000000e+00	0.000000e+00	2.580294e-01	2.427197e-01
2.580294e-01	0.000000e+00	0.000000e+00	0.000000e+00	0.000000e+00	0.000000e+00	0.000000e+00	0.000000e+00	0.000000e+00	0.000000e+00	0.000000e+00	8.665547e-04	0.000000e+00	8.208236e-07	1.007597e-03	2.632448e-04	0.000000e+00	0.000000e+00	0.000000e+00	0.000000e+00	0.000000e+00	2.197494e-04	0.000000e+00	0.000000e+00	0.000000e+00	1.418629e-05	0.000000e+00	0.000000e+00	0.000000e+00	0.000000e+00	2.580294e-01	2.427197e-01
2.580294e-01	0.000000e+00	0.000000e+00	0.000000e+00	0.000000e+00	0.000000e+00	0.000000e+00	0.000000e+00	0.000000e+00	0.000000e+00	0.000000e+00	8.665547e-04	0.000000e+00	8.208236e-07	1.007597e-03	2.632448e-04	0.000000e+00	0.000000e+00	0.000000e+00	0.000000e+00	0.000000e+00	2.197494e-04	0.000000e+00	0.000000e+00	0.000000e+00	1.418629e-05	0.000000e+00	0.000000e+00	0.000000e+00	0.000000e+00	2.580294e-01	2.427197e-01
2.580294e-01	0.000000e+00	0.000000e+00	0.000000e+00	0.000000e+00	0.000000e+00	0.000000e+00	0.000000e+00	0.000000e+00	0.000000e+00	0.000000e+00	8.665547e-04	0.000000e+00	8.208236e-07	1.007597e-03	2.632448e-04	0.000000e+00	0.000000e+00	0.000000e+00	0.000000e+00	0.000000e+00	2.197494e-04	0.000000e+00	0.000000e+00	0.000000e+00	1.418629e-05	0.000000e+00	0.000000e+00	0.000000e+00	0.000000e+00	2.580294e-01	2.427197e-01
2.580294e-01	0.000000e+00	0.000000e+00	0.000000e+00	0.000000e+00	0.000000e+00	0.000000e+00	0.000000e+00	0.000000e+00	0.000000e+00	0.000000e+00	8.665547e-04	0.000000e+00	8.208236e-07	1.007597e-03	2.632448e-04	0.000000e+00	0.000000e+00	0.000000e+00	0.000000e+00	0.000000e+00	2.197494e-04	0.000000e+00	0.000000e+00	0.000000e+00	1.418629e-05	0.000000e+00	0.000000e+00	0.000000e+00	0.000000e+00	2.580294e-01	2.427197e-01
2.580294e-01	0.000000e+00	0.000000e+00	0.000000e+00	0.000000e+00	0.000000e+00	0.000000e+00	0.000000e+00	0.000000e+00	0.000000e+00	0.000000e+00	8.665547e-04	0.000000e+00	8.208236e-07	1.007597e-03	2.632448e-04	0.000000e+00	0.000000e+00	0.000000e+00	0.000000e+00	0.000000e+00	2.197494e-04	0.000000e+00	0.000000e+00	0.000000e+00	1.418629e-05	0.000000e+00	0.000000e+00	0.000000e+00	0.000000e+00	2.580294e-01	2.427197e-01
2.580294e-01	0.000000e+00	0.000000e+00	0.000000e+00	0.000000e+00	0.000000e+00	0.000000e+00	0.000000e+00	0.000000e+00	0.000000e+00	0.000000e+00	8.665547e-04	0.000000e+00	8.208236e-07	1.007597e-03	2.632448e-04	0.000000e+00	0.000000e+00	0.000000e+00	0.000000e+00	0.000000e+00	2.197494e-04	0.000000e+00	0.000000e+00	0.000000e+00	1.418629e-05	0.000000e+00	0.000000e+00	0.000000e+00	0.000000e+00	2.580294e-01	2.427197e-01
2.580294e-01	0.000000e+00	0.000000e+00	0.000000e+00	0.000000e+00	0.000000e+00	0.000000e+00	0.000000e+00	0.000000e+00	0.000000e+00	0.000000e+00	8.665547e-04	0.000000e+00	8.208236e-07	1.007597e-03	2.632448e-04	0.000000e+00	0.000000e+00	0.000000e+00	0.000000e+00	0.000000e+00	2.197494e-04	0.000000e+00	0.000000e+00	0.000000e+00	1.418629e-05	0.000000e+00	0.000000e+00	0.000000e+00	0.000000e+00	2.580294e-01	2.427197e-01
2.580294e-01	0.000000e+00	0.000000e+00	0.000000e+00	0.000000e+00	0.000000e+00	0.000000e+00	0.000000e+00	0.000000e+00	0.000000e+00	0.000000e+00	8.665547e-04	0.000000e+00	8.208236e-07	1.007597e-03	2.632448e-04	0.000000e+00	0.000000e+00	0.000000e+00	0.000000e+00	0.000000e+00	2.197494e-04	0.000000e+00	0.000000e+00	0.000000e+00	1.418629e-05	0.000000e+00	0.000000e+00	0.000000e+00	0.000000e+00	2.580294e-01	2.427197e-01
2.501344e-01	0.000000e+00	1.251774e-04	0.000000e+00	0.000000e+00	6.738807e-04	2.326153e-05	0.000000e+00	1.086396e-04	0.000000e+00	0.000000e+00	0.000000e+00	0.000000e+00	0.000000e+00	5.650030e-04	4.796563e-04	0.000000e+00	0.000000e+00	0.000000e+00	0.000000e+00	0.000000e+00	0.000000e+00	0.000000e+00	0.000000e+00	0.000000e+00	1.344560e-04	0.000000e+00	0.000000e+00	0.000000e+00	0.000000e+00	2.501344e-01	2.502246e-01
2.433259e-01	0.000000e+00	1.030883e-04	2.011773e-04	3.970472e-04	0.000000e+00	4.652305e-05	5.045269e-04	0.000000e+00	0.000000e+00	2.065146e-04	6.022673e-04	0.000000e+00	6.156177e-05	0.000000e+00	2.910061e-05	0.000000e+00	0.000000e+00	0.000000e+00	1.257953e-04	0.000000e+00	4.394989e-04	0.000000e+00	0.000000e+00	0.000000e+00	1.981374e-04	0.000000e+00	7.808493e-04	0.000000e+00	0.000000e+00	2.433259e-01	2.695866e-01
2.384881e-01	0.000000e+00	5.044922e-04	7.517171e-05	6.012964e-04	0.000000e+00	0.000000e+00	1.509393e-03	0.000000e+00	0.000000e+00	0.000000e+00	0.000000e+00	0.000000e+00	3.447459e-05	4.319929e-04	2.632448e-04	0.000000e+00	0.000000e+00	0.000000e+00	0.000000e+00	0.000000e+00	0.000000e+00	1.542456e-03	0.000000e+00	0.000000e+00	0.000000e+00	0.000000e+00	3.813034e-04	0.000000e+00	0.000000e+00	2.384881e-01	2.898405e-01
2.333546e-01	0.000000e+00	0.000000e+00	1.029976e-04	5.469216e-04	7.351426e-05	0.000000e+00	1.265228e-05	0.000000e+00	2.366325e-04	1.526574e-04	0.000000e+00	0.000000e+00	1.969977e-05	5.826445e-05	5.315062e-04	0.000000e+00	0.000000e+00	5.722429e-05	0.000000e+00	0.000000e+00	0.000000e+00	0.000000e+00	0.000000e+00	0.000000e+00	1.273628e-04	0.000000e+00	2.656604e-03	0.000000e+00	0.000000e+00	2.333546e-01	3.158407e-01
2.273183e-01	0.000000e+00	0.000000e+00	3.655569e-04	9.046433e-04	0.000000e+00	0.000000e+00	6.693729e-04	0.000000e+00	0.000000e+00	0.000000e+00	1.281604e-03	0.000000e+00	0.000000e+00	5.037983e-04	2.253688e-04	0.000000e+00	0.000000e+00	0.000000e+00	0.000000e+00	0.000000e+00	0.000000e+00	7.712279e-04	0.000000e+00	0.000000e+00	1.645234e-04	0.000000e+00	0.000000e+00	0.000000e+00	0.000000e+00	2.273183e-01	3.523670e-01
2.238502e-01	0.000000e+00	2.092942e-04	7.517171e-05	5.296402e-04	0.000000e+00	0.000000e+00	1.018294e-03	0.000000e+00	0.000000e+00	0.000000e+00	1.526624e-03	3.380681e-03	3.447459e-05	1.031138e-03	0.000000e+00	0.000000e+00	0.000000e+00	4.001146e-05	0.000000e+00	0.000000e+00	0.000000e+00	0.000000e+00	0.000000e+00	0.000000e+00	2.081650e-05	0.000000e+00	0.000000e+00	0.000000e+00	0.000000e+00	2.238502e-01	3.762695e-01
2.185070e-01	0.000000e+00	8.345159e-05	1.478810e-04	3.311166e-04	3.675713e-04	0.000000e+00	7.257832e-04	0.000000e+00	2.366325e-04	0.000000e+00	0.000000e+00	0.000000e+00	0.000000e+00	8.804670e-04	1.455030e-05	0.000000e+00	0.000000e+00	5.141077e-05	0.000000e+00	0.000000e+00	0.000000e+00	0.000000e+00	0.000000e+00	0.000000e+00	7.786770e-05	0.000000e+00	0.000000e+00	0.000000e+00	0.000000e+00	2.185070e-01	4.132409e-01
2.143991e-01	0.000000e+00	4.172579e-05	2.198226e-05	1.813582e-04	0.000000e+00	1.628307e-04	1.484089e-03	0.000000e+00	0.000000e+00	0.000000e+00	6.793364e-04	1.825915e-02	1.231235e-06	3.154640e-04	4.055580e-04	3.685775e-04	0.000000e+00	6.025872e-03	0.000000e+00	0.000000e+00	1.098747e-04	1.542456e-03	0.000000e+00	0.000000e+00	1.662967e-04	0.000000e+00	1.474597e-03	0.000000e+00	0.000000e+00	2.143991e-01	4.507119e-01
2.088314e-01	0.000000e+00	0.000000e+00	3.765481e-04	4.285536e-05	0.000000e+00	1.744615e-05	3.919035e-04	0.000000e+00	5.915813e-05	0.000000e+00	0.000000e+00	0.000000e+00	0.000000e+00	6.120866e-04	5.459557e-04	0.000000e+00	0.000000e+00	0.000000e+00	0.000000e+00	0.000000e+00	1.098747e-04	0.000000e+00	0.000000e+00	0.000000e+00	6.722799e-05	0.000000e+00	0.000000e+00	0.000000e+00	0.000000e+00	2.088314e-01	4.863528e-01
2.032636e-01	0.000000e+00	1.251774e-04	0.000000e+00	5.185172e-04	6.738807e-04	2.326153e-05	0.000000e+00	0.000000e+00	0.000000e+00	0.000000e+00	0.000000e+00	0.000000e+00	0.000000e+00	5.650030e-04	9.861877e-04	0.000000e+00	0.000000e+00	0.000000e+00	0.000000e+00	0.000000e+00	0.000000e+00	4.772997e-04	0.000000e+00	0.000000e+00	1.344560e-04	0.000000e+00	1.470549e-04	0.000000e+00	0.000000e+00	2.032636e-01	5.292260e-01
1.976959e-01	0.000000e+00	7.051941e-04	1.278452e-05	1.212050e-04	3.675713e-05	1.163076e-05	0.000000e+00	0.000000e+00	1.183163e-04	0.000000e+00	0.000000e+00	0.000000e+00	3.693706e-06	8.639858e-04	7.832490e-05	0.000000e+00	0.000000e+00	2.288971e-04	0.000000e+00	0.000000e+00	2.197494e-04	0.000000e+00	0.000000e+00	0.000000e+00	0.000000e+00	0.000000e+00	9.366070e-05	0.000000e+00	0.000000e+00	1.976959e-01	5.702699e-01
1.907312e-01	0.000000e+00	5.044922e-04	7.640291e-05	5.185172e-04	7.351426e-05	6.978458e-05	0.000000e+00	0.000000e+00	0.000000e+00	0.000000e+00	0.000000e+00	0.000000e+00	0.000000e+00	0.000000e+00	4.519956e-04	0.000000e+00	0.000000e+00	4.577943e-04	0.000000e+00	0.000000e+00	0.000000e+00	0.000000e+00	0.000000e+00	0.000000e+00	1.344560e-04	0.000000e+00	2.055638e-04	0.000000e+00	0.000000e+00	1.907312e-01	6.186339e-01
1.826241e-01	0.000000e+00	0.000000e+00	1.793389e-06	6.339785e-04	1.225238e-04	1.599230e-05	2.003500e-03	0.000000e+00	3.155100e-04	0.000000e+00	0.000000e+00	0.000000e+00	0.000000e+00	1.111175e-03	2.259978e-04	0.000000e+00	0.000000e+00	2.002850e-04	0.000000e+00	0.000000e+00	2.197494e-04	2.386498e-04	0.000000e+00	0.000000e+00	1.967624e-04	0.000000e+00	0.000000e+00	0.000000e+00	0.000000e+00	1.826241e-01	6.687575e-01
8.219384e-02	0.000000e+00	8.345159e-05	4.396453e-05	2.415114e-04	7.351426e-05	4.652305e-05	3.919035e-04	0.000000e+00	0.000000e+00	0.000000e+00	7.706907e-05	0.000000e+00	0.000000e+00	0.000000e+00	7.327911e-04	0.000000e+00	0.000000e+00	0.000000e+00	0.000000e+00	0.000000e+00	0.000000e+00	0.000000e+00	0.000000e+00	0.000000e+00	1.344560e-04	0.000000e+00	2.055638e-04	0.000000e+00	0.000000e+00	8.219384e-02	6.702270e-01
8.219384e-02	0.000000e+00	8.345159e-05	4.396453e-05	2.415114e-04	7.351426e-05	4.652305e-05	3.919035e-04	0.000000e+00	0.000000e+00	0.000000e+00	7.706907e-05	0.000000e+00	0.000000e+00	0.000000e+00	7.327911e-04	0.000000e+00	0.000000e+00	0.000000e+00	0.000000e+00	0.000000e+00	0.000000e+00	0.000000e+00	0.000000e+00	0.000000e+00	1.344560e-04	0.000000e+00	2.055638e-04	0.000000e+00	0.000000e+00	8.219384e-02	6.702270e-01
8.219384e-02	0.000000e+00	8.345159e-05	4.396453e-05	2.415114e-04	7.351426e-05	4.652305e-05	3.919035e-04	0.000000e+00	0.000000e+00	0.000000e+00	7.706907e-05	0.000000e+00	0.000000e+00	0.000000e+00	7.327911e-04	0.000000e+00	0.000000e+00	0.000000e+00	0.000000e+00	0.000000e+00	0.000000e+00	0.000000e+00	0.000000e+00	0.000000e+00	1.344560e-04	0.000000e+00	2.055638e-04	0.000000e+00	0.000000e+00	8.219384e-02	6.702270e-01
8.219384e-02	0.000000e+00	8.345159e-05	4.396453e-05	2.415114e-04	7.351426e-05	4.652305e-05	3.919035e-04	0.000000e+00	0.000000e+00	0.000000e+00	7.706907e-05	0.000000e+00	0.000000e+00	0.000000e+00	7.327911e-04	0.000000e+00	0.000000e+00	0.000000e+00	0.000000e+00	0.000000e+00	0.000000e+00	0.000000e+00	0.000000e+00	0.000000e+00	1.344560e-04	0.000000e+00	2.055638e-04	0.000000e+00	0.000000e+00	8.219384e-02	6.702270e-01
8.219384e-02	0.000000e+00	8.345159e-05	4.396453e-05	2.415114e-04	7.351426e-05	4.652305e-05	3.919035e-04	0.000000e+00	0.000000e+00	0.000000e+00	7.706907e-05	0.000000e+00	0.000000e+00	0.000000e+00	7.327911e-04	0.000000e+00	0.000000e+00	0.000000e+00	0.000000e+00	0.000000e+00	0.000000e+00	0.000000e+00	0.000000e+00	0.000000e+00	1.344560e-04	0.000000e+00	2.055638e-04	0.000000e+00	0.000000e+00	8.219384e-02	6.702270e-01
8.219384e-02	0.000000e+00	8.345159e-05	4.396453e-05	2.415114e-04	7.351426e-05	4.652305e-05	3.919035e-04	0.000000e+00	0.000000e+00	0.000000e+00	7.706907e-05	0.000000e+00	0.000000e+00	0.000000e+00	7.327911e-04	0.000000e+00	0.000000e+00	0.000000e+00	0.000000e+00	0.000000e+00	0.000000e+00	0.000000e+00	0.000000e+00	0.000000e+00	1.344560e-04	0.000000e+00	2.055638e-04	0.000000e+00	0.000000e+00	8.219384e-02	6.702270e-01
8.219384e-02	0.000000e+00	8.345159e-05	4.396453e-05	2.415114e-04	7.351426e-05	4.652305e-05	3.919035e-04	0.000000e+00	0.000000e+00	0.000000e+00	7.706907e-05	0.000000e+00	0.000000e+00	0.000000e+00	7.327911e-04	0.000000e+00	0.000000e+00	0.000000e+00	0.000000e+00	0.000000e+00	0.000000e+00	0.000000e+00	0.000000e+00	0.000000e+00	1.344560e-04	0.000000e+00	2.055638e-04	0.000000e+00	0.000000e+00	8.219384e-02	6.702270e-01
7.267762e-02	0.000000e+00	3.943229e-04	5.035679e-05	4.587291e-04	2.634261e-04	1.744615e-05	2.447657e-04	0.000000e+00	5.915813e-05	0.000000e+00	0.000000e+00	0.000000e+00	0.000000e+00	8.086616e-04	1.704077e-04	0.000000e+00	0.000000e+00	0.000000e+00	0.000000e+00	0.000000e+00	0.000000e+00	0.000000e+00	0.000000e+00	0.000000e+00	6.722799e-05	0.000000e+00	1.203578e-04	0.000000e+00	0.000000e+00	7.267762e-02	6.761248e-01
6.027315e-02	0.000000e+00	0.000000e+00	0.000000e+00	2.415114e-04	0.000000e+00	6.978458e-05	0.000000e+00	0.000000e+00	0.000000e+00	0.000000e+00	7.706907e-05	0.000000e+00	0.000000e+00	7.533374e-04	0.000000e+00	0.000000e+00	0.000000e+00	0.000000e+00	0.000000e+00	0.000000e+00	0.000000e+00	8.371726e-04	0.000000e+00	0.000000e+00	1.134903e-04	0.000000e+00	0.000000e+00	0.000000e+00	0.000000e+00	6.027315e-02	6.979025e-01
4.853097e-02	0.000000e+00	9.394414e-04	2.198226e-05	0.000000e+00	0.000000e+00	1.453845e-05	0.000000e+00	0.000000e+00	0.000000e+00	0.000000e+00	0.000000e+00	0.000000e+00	0.000000e+00	7.062538e-05	1.099187e-03	9.214438e-05	0.000000e+00	0.000000e+00	0.000000e+00	3.199666e-04	0.000000e+00	0.000000e+00	0.000000e+00	0.000000e+00	1.108788e-04	1.589630e-03	7.352746e-05	0.000000e+00	0.000000e+00	4.853097e-02	7.324196e-01
3.739550e-02	0.000000e+00	1.251774e-04	0.000000e+00	3.408395e-04	4.900951e-04	4.652305e-05	3.919035e-04	0.000000e+00	0.000000e+00	3.845787e-04	1.156036e-04	0.000000e+00	0.000000e+00	0.000000e+00	7.327911e-04	0.000000e+00	0.000000e+00	0.000000e+00	0.000000e+00	0.000000e+00	0.000000e+00	0.000000e+00	0.000000e+00	0.000000e+00	1.680700e-04	0.000000e+00	3.083458e-04	0.000000e+00	0.000000e+00	3.739550e-02	7.729893e-01
2.595667e-02	0.000000e+00	0.000000e+00	2.198226e-05	3.202262e-04	0.000000e+00	2.326153e-05	1.016271e-03	0.000000e+00	0.000000e+00	0.000000e+00	7.706907e-05	0.000000e+00	0.000000e+00	2.825015e-04	1.203092e-03	1.842888e-04	0.000000e+00	0.000000e+00	0.000000e+00	6.399332e-04	0.000000e+00	0.000000e+00	0.000000e+00	0.000000e+00	8.081139e-05	0.000000e+00	2.205824e-04	0.000000e+00	0.000000e+00	2.595667e-02	8.211533e-01
1.242604e-02	0.000000e+00	4.172579e-05	4.657999e-05	6.380933e-04	4.900951e-04	6.106151e-05	9.419404e-04	0.000000e+00	0.000000e+00	0.000000e+00	7.706907e-05	0.000000e+00	0.000000e+00	2.825015e-04	8.366961e-04	0.000000e+00	0.000000e+00	0.000000e+00	0.000000e+00	0.000000e+00	0.000000e+00	1.046466e-04	0.000000e+00	0.000000e+00	1.344560e-04	0.000000e+00	0.000000e+00	0.000000e+00	0.000000e+00	1.242604e-02	8.848704e-01
0.000000e+00	0.000000e+00	8.345159e-05	0.000000e+00	3.202262e-04	0.000000e+00	4.652305e-05	2.942755e-04	0.000000e+00	0.000000e+00	0.000000e+00	3.853454e-05	0.000000e+00	0.000000e+00	3.766687e-04	7.327911e-04	1.842888e-04	0.000000e+00	0.000000e+00	0.000000e+00	0.000000e+00	0.000000e+00	0.000000e+00	0.000000e+00	0.000000e+00	1.344560e-04	0.000000e+00	1.470549e-04	0.000000e+00	0.000000e+00	0.000000e+00	1.000732e+00
