8.523538e-01	2.261439e-03	0.000000e+00	0.000000e+00	4.447841e-04	0.000000e+00	3.878310e-03	0.000000e+00	0.000000e+00	5.006410e-04	4.879008e-05	0.000000e+00	0.000000e+00	0.000000e+00	3.554047e-03	3.160456e-03	0.000000e+00	2.699954e-04	7.794258e-04	0.000000e+00	0.000000e+00	8.186430e-04	1.056806e-03	0.000000e+00	0.000000e+00	2.059877e-03	0.000000e+00	1.335792e-03	1.057769e-03	1.877414e-03	8.523538e-01	-7.693883e-01
8.501259e-01	0.000000e+00	0.000000e+00	0.000000e+00	3.587216e-05	0.000000e+00	3.878310e-03	0.000000e+00	1.322773e-04	5.006410e-04	3.659256e-05	0.000000e+00	0.000000e+00	0.000000e+00	3.554047e-03	3.160456e-03	6.893297e-04	2.871333e-03	1.101683e-03	0.000000e+00	9.039712e-04	0.000000e+00	1.196707e-02	3.139440e-03	0.000000e+00	0.000000e+00	0.000000e+00	0.000000e+00	9.780688e-04	6.982195e-04	8.501259e-01	-7.665012e-01
8.476789e-01	0.000000e+00	0.000000e+00	0.000000e+00	2.271349e-04	0.000000e+00	2.901233e-03	0.000000e+00	8.818488e-05	5.109779e-03	0.000000e+00	0.000000e+00	0.000000e+00	0.000000e+00	1.777024e-03	3.084142e-03	2.536131e-03	3.699895e-03	1.854686e-03	0.000000e+00	4.728337e-03	5.311274e-05	1.284852e-02	2.092960e-03	1.400353e-03	6.051295e-03	0.000000e+00	0.000000e+00	9.416037e-03	4.654796e-04	8.476789e-01	-7.563138e-01
8.476789e-01	0.000000e+00	0.000000e+00	0.000000e+00	2.271349e-04	0.000000e+00	2.901233e-03	0.000000e+00	8.818488e-05	5.109779e-03	0.000000e+00	0.000000e+00	0.000000e+00	0.000000e+00	1.777024e-03	3.084142e-03	2.536131e-03	3.699895e-03	1.854686e-03	0.000000e+00	4.728337e-03	5.311274e-05	1.284852e-02	2.092960e-03	1.400353e-03	6.051295e-03	0.000000e+00	0.000000e+00	9.416037e-03	4.654796e-04	8.476789e-01	-7.563138e-01
8.441679e-01	0.000000e+00	0.000000e+00	1.555142e-03	9.085397e-04	7.668628e-04	1.713406e-03	0.000000e+00	1.871799e-03	5.543585e-03	6.058947e-06	0.000000e+00	0.000000e+00	0.000000e+00	0.000000e+00	6.320912e-03	8.100644e-04	0.000000e+00	2.420346e-03	0.000000e+00	7.887716e-03	3.791304e-04	1.921079e-02	0.000000e+00	0.000000e+00	0.000000e+00	0.000000e+00	6.177015e-04	3.427399e-02	5.814535e-04	8.441679e-01	-7.345072e-01
8.432506e-01	2.261439e-03	0.000000e+00	0.000000e+00	2.271349e-04	0.000000e+00	3.754211e-03	0.000000e+00	8.818488e-05	5.109779e-03	0.000000e+00	0.000000e+00	0.000000e+00	0.000000e+00	1.153245e-02	0.000000e+00	2.536131e-03	3.699895e-03	1.854686e-03	0.000000e+00	3.824366e-03	5.311274e-05	6.117893e-03	2.092960e-03	0.000000e+00	7.824234e-03	0.000000e+00	1.910833e-03	9.834473e-04	4.654796e-04	8.432506e-01	-7.334991e-01
8.410067e-01	2.261439e-03	0.000000e+00	0.000000e+00	0.000000e+00	0.000000e+00	3.878310e-03	0.000000e+00	8.818488e-05	5.006410e-04	7.318512e-05	0.000000e+00	0.000000e+00	0.000000e+00	3.554047e-03	3.160456e-03	6.893297e-04	0.000000e+00	1.101683e-03	3.937424e-04	0.000000e+00	2.358176e-04	2.940020e-03	2.092960e-03	0.000000e+00	0.000000e+00	0.000000e+00	1.523666e-03	9.780688e-04	4.654796e-04	8.410067e-01	-7.206980e-01
8.410067e-01	2.261439e-03	0.000000e+00	0.000000e+00	0.000000e+00	0.000000e+00	3.878310e-03	0.000000e+00	8.818488e-05	5.006410e-04	7.318512e-05	0.000000e+00	0.000000e+00	0.000000e+00	3.554047e-03	3.160456e-03	6.893297e-04	0.000000e+00	1.101683e-03	3.937424e-04	0.000000e+00	2.358176e-04	2.940020e-03	2.092960e-03	0.000000e+00	0.000000e+00	0.000000e+00	1.523666e-03	9.780688e-04	4.654796e-04	8.410067e-01	-7.206980e-01
8.410067e-01	1.130720e-03	0.000000e+00	0.000000e+00	0.000000e+00	8.796224e-02	3.878310e-03	7.463070e-06	6.021593e-04	5.006410e-04	3.204835e-05	0.000000e+00	0.000000e+00	0.000000e+00	0.000000e+00	3.160456e-03	6.893297e-04	2.080052e-02	2.593970e-04	3.937424e-04	0.000000e+00	3.558686e-05	5.023802e-03	1.535724e-03	4.789748e-03	0.000000e+00	0.000000e+00	4.307625e-03	4.890344e-04	4.654796e-04	8.410067e-01	-7.016621e-01
8.410067e-01	1.130720e-03	0.000000e+00	0.000000e+00	0.000000e+00	8.796224e-02	3.878310e-03	7.463070e-06	6.021593e-04	5.006410e-04	3.204835e-05	0.000000e+00	0.000000e+00	0.000000e+00	0.000000e+00	3.160456e-03	6.893297e-04	2.080052e-02	2.593970e-04	3.937424e-04	0.000000e+00	3.558686e-05	5.023802e-03	1.535724e-03	4.789748e-03	0.000000e+00	0.000000e+00	4.307625e-03	4.890344e-04	4.654796e-04	8.410067e-01	-7.016621e-01
8.410067e-01	1.130720e-03	0.000000e+00	0.000000e+00	0.000000e+00	8.796224e-02	3.878310e-03	7.463070e-06	6.021593e-04	5.006410e-04	3.204835e-05	0.000000e+00	0.000000e+00	0.000000e+00	0.000000e+00	3.160456e-03	6.893297e-04	2.080052e-02	2.593970e-04	3.937424e-04	0.000000e+00	3.558686e-05	5.023802e-03	1.535724e-03	4.789748e-03	0.000000e+00	0.000000e+00	4.307625e-03	4.890344e-04	4.654796e-04	8.410067e-01	-7.016621e-01
8.361126e-01	0.000000e+00	9.946338e-04	0.000000e+00	0.000000e+00	6.087503e-05	2.886235e-03	0.000000e+00	0.000000e+00	1.066488e-02	0.000000e+00	0.000000e+00	0.000000e+00	0.000000e+00	0.000000e+00	0.000000e+00	1.642706e-03	0.000000e+00	0.000000e+00	9.550167e-04	7.648731e-03	1.165651e-03	0.000000e+00	0.000000e+00	7.923299e-03	9.500212e-03	0.000000e+00	9.600446e-04	1.085064e-03	4.246195e-04	8.361126e-01	-6.644265e-01
8.354472e-01	0.000000e+00	0.000000e+00	0.000000e+00	1.022668e-03	2.160933e-03	4.678535e-03	0.000000e+00	9.967941e-05	2.841495e-03	7.165498e-05	0.000000e+00	6.236385e-05	0.000000e+00	0.000000e+00	7.901140e-03	0.000000e+00	0.000000e+00	8.743327e-04	0.000000e+00	2.337590e-02	3.095146e-03	2.113613e-03	0.000000e+00	0.000000e+00	0.000000e+00	0.000000e+00	6.177015e-04	2.252196e-03	3.493850e-03	8.354472e-01	-6.544287e-01
8.349772e-01	0.000000e+00	7.459754e-04	0.000000e+00	0.000000e+00	1.610735e-03	2.810753e-03	1.492614e-05	1.078779e-03	6.623229e-03	9.088421e-06	2.327540e-03	4.677289e-05	0.000000e+00	1.943903e-03	3.027425e-02	1.985195e-03	0.000000e+00	0.000000e+00	9.550167e-04	0.000000e+00	1.646439e-04	3.620231e-03	2.128699e-03	9.579496e-03	4.244587e-04	0.000000e+00	4.311616e-03	0.000000e+00	2.816061e-03	8.349772e-01	-6.450267e-01
8.338418e-01	0.000000e+00	4.973169e-04	0.000000e+00	0.000000e+00	1.375321e-03	1.509641e-04	0.000000e+00	3.241043e-04	8.083308e-03	0.000000e+00	4.655080e-03	9.354578e-05	0.000000e+00	3.887806e-03	6.320912e-03	2.773131e-03	0.000000e+00	0.000000e+00	9.550167e-04	3.824366e-03	2.063431e-03	0.000000e+00	4.257399e-03	0.000000e+00	8.489174e-04	1.584813e-03	7.663186e-03	2.970400e-03	3.493850e-03	8.338418e-01	-6.323966e-01
8.332925e-01	0.000000e+00	3.729877e-04	0.000000e+00	5.113339e-04	1.375637e-03	1.886416e-03	7.463070e-06	1.871799e-03	0.000000e+00	3.471473e-05	2.818291e-03	0.000000e+00	0.000000e+00	0.000000e+00	1.513712e-02	9.925976e-04	0.000000e+00	2.047813e-03	9.061358e-04	3.145434e-02	2.063431e-03	9.105544e-04	1.064350e-03	4.789748e-03	0.000000e+00	0.000000e+00	0.000000e+00	2.791030e-03	0.000000e+00	8.332925e-01	-6.219279e-01
8.326560e-01	0.000000e+00	0.000000e+00	0.000000e+00	8.153142e-04	0.000000e+00	6.144359e-04	0.000000e+00	8.818488e-05	9.718917e-03	0.000000e+00	0.000000e+00	0.000000e+00	0.000000e+00	0.000000e+00	0.000000e+00	9.261177e-03	3.699895e-03	6.445135e-04	3.937424e-04	5.512815e-03	0.000000e+00	3.766428e-03	0.000000e+00	2.800706e-03	5.818505e-03	0.000000e+00	0.000000e+00	9.256633e-04	4.654796e-04	8.326560e-01	-6.170438e-01
8.316247e-01	0.000000e+00	0.000000e+00	0.000000e+00	0.000000e+00	3.695814e-04	2.886235e-03	1.492614e-05	1.149453e-05	4.643311e-03	9.088421e-06	3.001720e-03	0.000000e+00	0.000000e+00	8.283632e-03	3.027425e-02	1.985195e-03	3.688728e-04	5.828885e-04	9.550167e-04	0.000000e+00	1.646439e-04	0.000000e+00	9.784877e-04	9.579496e-03	0.000000e+00	0.000000e+00	9.600446e-04	0.000000e+00	2.816061e-03	8.316247e-01	-5.972847e-01
8.308236e-01	0.000000e+00	0.000000e+00	1.668598e-02	1.630628e-03	9.763567e-04	4.045352e-03	1.194091e-04	1.763698e-04	9.628823e-03	0.000000e+00	3.154220e-03	1.247277e-04	0.000000e+00	1.812263e-03	1.526290e-04	1.780533e-03	8.741914e-04	0.000000e+00	0.000000e+00	0.000000e+00	1.666795e-04	1.046600e-03	3.768155e-03	4.331304e-03	5.643587e-04	0.000000e+00	5.959130e-03	3.124928e-04	1.355579e-03	8.308236e-01	-5.861077e-01
8.302940e-01	0.000000e+00	0.000000e+00	0.000000e+00	1.022668e-03	9.991490e-04	1.302222e-03	0.000000e+00	1.871799e-03	0.000000e+00	5.279841e-05	1.654521e-03	0.000000e+00	0.000000e+00	0.000000e+00	3.160456e-03	0.000000e+00	0.000000e+00	2.331554e-03	9.061358e-04	3.145434e-02	2.063431e-03	9.105544e-04	0.000000e+00	0.000000e+00	0.000000e+00	0.000000e+00	0.000000e+00	2.791030e-03	1.768731e-03	8.302940e-01	-5.785418e-01
8.302940e-01	0.000000e+00	0.000000e+00	0.000000e+00	1.022668e-03	9.991490e-04	1.302222e-03	0.000000e+00	1.871799e-03	0.000000e+00	5.279841e-05	1.654521e-03	0.000000e+00	0.000000e+00	0.000000e+00	3.160456e-03	0.000000e+00	0.000000e+00	2.331554e-03	9.061358e-04	3.145434e-02	2.063431e-03	9.105544e-04	0.000000e+00	0.000000e+00	0.000000e+00	0.000000e+00	0.000000e+00	2.791030e-03	1.768731e-03	8.302940e-01	-5.785418e-01
8.288017e-01	0.000000e+00	2.406961e-02	0.000000e+00	0.000000e+00	1.105941e-03	0.000000e+00	2.388182e-04	1.917403e-05	1.023454e-02	0.000000e+00	0.000000e+00	0.000000e+00	0.000000e+00	0.000000e+00	0.000000e+00	2.360526e-03	3.597000e-03	0.000000e+00	3.937424e-04	5.512815e-03	1.404305e-03	9.784166e-04	1.159984e-03	2.800706e-03	5.818505e-03	0.000000e+00	3.860635e-05	0.000000e+00	1.156821e-04	8.288017e-01	-5.519323e-01
8.288017e-01	0.000000e+00	2.406961e-02	0.000000e+00	0.000000e+00	1.105941e-03	0.000000e+00	2.388182e-04	1.917403e-05	1.023454e-02	0.000000e+00	0.000000e+00	0.000000e+00	0.000000e+00	0.000000e+00	0.000000e+00	2.360526e-03	3.597000e-03	0.000000e+00	3.937424e-04	5.512815e-03	1.404305e-03	9.784166e-04	1.159984e-03	2.800706e-03	5.818505e-03	0.000000e+00	3.860635e-05	0.000000e+00	1.156821e-04	8.288017e-01	-5.519323e-01
8.269342e-01	0.000000e+00	0.000000e+00	0.000000e+00	1.596912e-04	3.152781e-03	0.000000e+00	2.612074e-05	8.436985e-05	0.000000e+00	0.000000e+00	1.124171e-02	9.321246e-03	0.000000e+00	4.406883e-03	0.000000e+00	2.187558e-03	3.355050e-05	0.000000e+00	0.000000e+00	0.000000e+00	2.047314e-03	3.822383e-03	2.209321e-03	0.000000e+00	1.092352e-03	0.000000e+00	2.747927e-03	3.141288e-03	4.799282e-04	8.269342e-01	-5.206856e-01
8.263480e-01	0.000000e+00	0.000000e+00	0.000000e+00	0.000000e+00	3.438149e-03	1.815929e-03	2.388182e-04	9.340058e-04	1.068285e-02	0.000000e+00	1.577110e-03	6.236385e-05	0.000000e+00	6.022632e-03	2.297983e-03	2.419652e-03	2.763200e-03	0.000000e+00	0.000000e+00	0.000000e+00	2.202684e-03	3.232921e-03	3.817233e-03	2.165652e-03	0.000000e+00	0.000000e+00	2.747927e-03	3.084903e-03	2.274556e-04	8.263480e-01	-5.091216e-01
8.263480e-01	0.000000e+00	0.000000e+00	0.000000e+00	0.000000e+00	3.438149e-03	1.815929e-03	2.388182e-04	9.340058e-04	1.068285e-02	0.000000e+00	1.577110e-03	6.236385e-05	0.000000e+00	6.022632e-03	2.297983e-03	2.419652e-03	2.763200e-03	0.000000e+00	0.000000e+00	0.000000e+00	2.202684e-03	3.232921e-03	3.817233e-03	2.165652e-03	0.000000e+00	0.000000e+00	2.747927e-03	3.084903e-03	2.274556e-04	8.263480e-01	-5.091216e-01
8.263480e-01	0.000000e+00	0.000000e+00	0.000000e+00	0.000000e+00	3.438149e-03	1.815929e-03	2.388182e-04	9.340058e-04	1.068285e-02	0.000000e+00	1.577110e-03	6.236385e-05	0.000000e+00	6.022632e-03	2.297983e-03	2.419652e-03	2.763200e-03	0.000000e+00	0.000000e+00	0.000000e+00	2.202684e-03	3.232921e-03	3.817233e-03	2.165652e-03	0.000000e+00	0.000000e+00	2.747927e-03	3.084903e-03	2.274556e-04	8.263480e-01	-5.091216e-01
8.241326e-01	0.000000e+00	0.000000e+00	0.000000e+00	0.000000e+00	3.311375e-03	2.405196e-04	0.000000e+00	9.512585e-04	0.000000e+00	0.000000e+00	0.000000e+00	6.236385e-05	0.000000e+00	4.392335e-03	1.506550e-03	2.195268e-03	3.622724e-02	0.000000e+00	0.000000e+00	0.000000e+00	2.078022e-03	4.277660e-03	2.988738e-03	2.165652e-03	0.000000e+00	0.000000e+00	2.747927e-03	3.084903e-03	1.301307e-04	8.241326e-01	-4.631793e-01
6.520919e-01	0.000000e+00	0.000000e+00	0.000000e+00	8.307164e-04	1.058447e-03	4.810392e-04	5.970456e-05	1.380217e-04	0.000000e+00	3.017052e-05	2.837353e-03	0.000000e+00	0.000000e+00	0.000000e+00	0.000000e+00	1.179555e-03	2.057904e-04	0.000000e+00	0.000000e+00	0.000000e+00	5.619047e-04	4.683234e-04	2.209321e-03	0.000000e+00	0.000000e+00	0.000000e+00	0.000000e+00	3.084903e-03	6.995951e-04	6.520919e-01	-4.556426e-01
6.520919e-01	0.000000e+00	0.000000e+00	0.000000e+00	8.307164e-04	1.058447e-03	4.810392e-04	5.970456e-05	1.380217e-04	0.000000e+00	3.017052e-05	2.837353e-03	0.000000e+00	0.000000e+00	0.000000e+00	0.000000e+00	1.179555e-03	2.057904e-04	0.000000e+00	0.000000e+00	0.000000e+00	5.619047e-04	4.683234e-04	2.209321e-03	0.000000e+00	0.000000e+00	0.000000e+00	0.000000e+00	3.084903e-03	6.995951e-04	6.520919e-01	-4.556426e-01
6.520919e-01	0.000000e+00	0.000000e+00	0.000000e+00	8.307164e-04	1.058447e-03	4.810392e-04	5.970456e-05	1.380217e-04	0.000000e+00	3.017052e-05	2.837353e-03	0.000000e+00	0.000000e+00	0.000000e+00	0.000000e+00	1.179555e-03	2.057904e-04	0.000000e+00	0.000000e+00	0.000000e+00	5.619047e-04	4.683234e-04	2.209321e-03	0.000000e+00	0.000000e+00	0.000000e+00	0.000000e+00	3.084903e-03	6.995951e-04	6.520919e-01	-4.556426e-01
6.520919e-01	0.000000e+00	0.000000e+00	0.000000e+00	8.307164e-04	1.058447e-03	4.810392e-04	5.970456e-05	1.380217e-04	0.000000e+00	3.017052e-05	2.837353e-03	0.000000e+00	0.000000e+00	0.000000e+00	0.000000e+00	1.179555e-03	2.057904e-04	0.000000e+00	0.000000e+00	0.000000e+00	5.619047e-04	4.683234e-04	2.209321e-03	0.000000e+00	0.000000e+00	0.000000e+00	0.000000e+00	3.084903e-03	6.995951e-04	6.520919e-01	-4.556426e-01
6.520919e-01	0.000000e+00	0.000000e+00	0.000000e+00	8.307164e-04	1.058447e-03	4.810392e-04	5.970456e-05	1.380217e-04	0.000000e+00	3.017052e-05	2.837353e-03	0.000000e+00	0.000000e+00	0.000000e+00	0.000000e+00	1.179555e-03	2.057904e-04	0.000000e+00	0.000000e+00	0.000000e+00	5.619047e-04	4.683234e-04	2.209321e-03	0.000000e+00	0.000000e+00	0.000000e+00	0.000000e+00	3.084903e-03	6.995951e-04	6.520919e-01	-4.556426e-01
6.478330e-01	5.407673e-04	0.000000e+00	0.000000e+00	8.307164e-04	1.185221e-03	0.000000e+00	3.204230e-03	4.444252e-03	0.000000e+00	0.000000e+00	0.000000e+00	2.226531e-04	0.000000e+00	3.887806e-03	0.000000e+00	3.235780e-03	2.308207e-03	0.000000e+00	0.000000e+00	0.000000e+00	1.431398e-03	2.341617e-04	3.424628e-03	0.000000e+00	0.000000e+00	1.584813e-03	2.831132e-04	7.712258e-04	4.247044e-04	6.478330e-01	-4.460105e-01
6.443834e-01	0.000000e+00	2.242666e-03	0.000000e+00	1.427794e-04	3.270330e-03	0.000000e+00	0.000000e+00	0.000000e+00	1.031256e-03	0.000000e+00	0.000000e+00	0.000000e+00	0.000000e+00	0.000000e+00	7.914324e-04	2.645294e-03	0.000000e+00	1.080193e-04	0.000000e+00	0.000000e+00	1.091207e-03	4.690483e-03	4.529289e-03	0.000000e+00	0.000000e+00	0.000000e+00	7.721269e-05	0.000000e+00	0.000000e+00	6.443834e-01	-4.332781e-01
6.423969e-01	0.000000e+00	0.000000e+00	0.000000e+00	4.672780e-04	0.000000e+00	2.405196e-04	0.000000e+00	1.552744e-04	0.000000e+00	0.000000e+00	2.033387e-03	1.511607e-03	0.000000e+00	0.000000e+00	1.582865e-03	2.296092e-03	1.327456e-03	0.000000e+00	0.000000e+00	0.000000e+00	1.113642e-03	0.000000e+00	3.831261e-03	0.000000e+00	0.000000e+00	6.339252e-03	0.000000e+00	0.000000e+00	8.942450e-04	6.423969e-01	-4.215973e-01
6.417541e-01	2.821726e-04	0.000000e+00	0.000000e+00	0.000000e+00	0.000000e+00	7.673791e-04	0.000000e+00	0.000000e+00	2.002455e-04	6.460986e-04	3.094346e-02	1.367267e-03	0.000000e+00	8.151487e-03	1.187149e-03	3.082454e-03	0.000000e+00	5.221349e-04	1.180136e-03	0.000000e+00	1.516730e-03	0.000000e+00	2.209321e-03	0.000000e+00	0.000000e+00	6.339252e-03	0.000000e+00	3.806585e-03	5.152302e-04	6.417541e-01	-4.097309e-01
6.389540e-01	6.318774e-05	0.000000e+00	0.000000e+00	0.000000e+00	0.000000e+00	0.000000e+00	0.000000e+00	1.022359e-02	8.522872e-04	0.000000e+00	0.000000e+00	2.886806e-04	0.000000e+00	0.000000e+00	1.582865e-03	0.000000e+00	5.655957e-04	1.519412e-03	0.000000e+00	0.000000e+00	6.707449e-04	0.000000e+00	5.163954e-03	0.000000e+00	0.000000e+00	1.584813e-03	7.721269e-05	0.000000e+00	8.213763e-04	6.389540e-01	-3.958444e-01
6.379370e-01	9.600544e-05	0.000000e+00	5.857222e-02	6.230373e-04	7.049514e-04	0.000000e+00	0.000000e+00	2.187620e-03	0.000000e+00	6.034104e-05	9.303348e-03	8.883028e-04	0.000000e+00	6.521189e-03	1.582865e-03	1.730605e-04	0.000000e+00	1.150980e-03	0.000000e+00	0.000000e+00	1.895993e-03	0.000000e+00	1.541851e-03	0.000000e+00	0.000000e+00	0.000000e+00	0.000000e+00	3.276943e-03	8.213763e-04	6.379370e-01	-3.746419e-01
6.351309e-01	0.000000e+00	0.000000e+00	0.000000e+00	8.307164e-04	1.185221e-03	7.673791e-04	0.000000e+00	0.000000e+00	2.002455e-04	8.609030e-04	8.286655e-03	1.110378e-03	0.000000e+00	8.151487e-03	7.914324e-04	8.568553e-04	0.000000e+00	5.221349e-04	1.180136e-03	0.000000e+00	1.830230e-03	2.209548e-04	2.209321e-03	0.000000e+00	0.000000e+00	6.339252e-03	0.000000e+00	3.806585e-03	1.077227e-03	6.351309e-01	-3.565128e-01
6.351309e-01	0.000000e+00	0.000000e+00	0.000000e+00	5.191977e-04	1.185221e-03	7.673791e-04	0.000000e+00	0.000000e+00	2.002455e-04	8.609030e-04	2.183908e-02	1.110378e-03	0.000000e+00	8.151487e-03	1.187149e-03	8.568553e-04	0.000000e+00	5.221349e-04	1.180136e-03	0.000000e+00	2.545918e-03	2.449115e-03	2.209321e-03	0.000000e+00	0.000000e+00	6.339252e-03	0.000000e+00	3.806585e-03	8.648745e-04	6.351309e-01	-3.534422e-01
6.326927e-01	5.879231e-04	0.000000e+00	1.504271e-02	2.076791e-04	1.311995e-03	0.000000e+00	0.000000e+00	0.000000e+00	5.806605e-05	0.000000e+00	0.000000e+00	0.000000e+00	0.000000e+00	0.000000e+00	7.914324e-04	0.000000e+00	0.000000e+00	1.080193e-04	0.000000e+00	0.000000e+00	2.862773e-03	4.690483e-03	4.529289e-03	0.000000e+00	0.000000e+00	0.000000e+00	7.721269e-05	3.468982e-03	0.000000e+00	6.326927e-01	-3.305535e-01
6.310512e-01	2.223809e-04	0.000000e+00	0.000000e+00	2.531089e-04	5.694695e-04	1.294239e-03	0.000000e+00	2.232425e-02	1.704574e-03	0.000000e+00	0.000000e+00	1.920613e-03	0.000000e+00	0.000000e+00	0.000000e+00	2.645294e-03	0.000000e+00	0.000000e+00	0.000000e+00	0.000000e+00	1.010198e-03	1.017398e-02	4.207237e-03	0.000000e+00	0.000000e+00	0.000000e+00	2.059005e-04	0.000000e+00	1.469293e-03	6.310512e-01	-3.078862e-01
6.294098e-01	0.000000e+00	0.000000e+00	0.000000e+00	1.817192e-04	3.270330e-03	1.294239e-03	0.000000e+00	2.343531e-02	1.031256e-03	2.301412e-03	0.000000e+00	1.953627e-03	0.000000e+00	0.000000e+00	8.584878e-04	2.645294e-03	1.346429e-03	2.033415e-03	0.000000e+00	0.000000e+00	1.333065e-03	0.000000e+00	4.529289e-03	0.000000e+00	0.000000e+00	0.000000e+00	2.059005e-04	0.000000e+00	1.788490e-03	6.294098e-01	-2.865614e-01
6.279429e-01	9.600544e-05	0.000000e+00	1.504271e-02	0.000000e+00	1.133105e-03	0.000000e+00	0.000000e+00	2.222126e-03	0.000000e+00	2.071091e-04	1.072817e-03	2.886806e-04	0.000000e+00	0.000000e+00	1.582865e-03	0.000000e+00	5.655957e-04	1.519412e-03	0.000000e+00	0.000000e+00	1.895993e-03	0.000000e+00	5.173391e-03	0.000000e+00	0.000000e+00	1.584813e-03	7.721269e-05	3.276943e-03	8.213763e-04	6.279429e-01	-2.686852e-01
6.266574e-01	6.603506e-04	0.000000e+00	0.000000e+00	0.000000e+00	1.517947e-04	6.471193e-04	2.662728e-03	1.390528e-02	0.000000e+00	1.499306e-03	1.324049e-03	0.000000e+00	0.000000e+00	0.000000e+00	2.146220e-04	1.572724e-03	1.458273e-03	2.328214e-03	0.000000e+00	0.000000e+00	2.702168e-03	0.000000e+00	4.013407e-03	0.000000e+00	0.000000e+00	0.000000e+00	0.000000e+00	0.000000e+00	6.334683e-05	6.266574e-01	-2.509557e-01
6.256314e-01	1.200967e-04	0.000000e+00	0.000000e+00	0.000000e+00	5.388472e-04	4.810392e-04	0.000000e+00	2.121318e-02	1.446761e-03	0.000000e+00	1.043229e-02	1.687740e-03	0.000000e+00	0.000000e+00	0.000000e+00	1.401647e-05	7.347930e-04	3.344921e-03	1.885848e-05	0.000000e+00	0.000000e+00	0.000000e+00	4.857791e-03	0.000000e+00	0.000000e+00	0.000000e+00	1.544254e-04	0.000000e+00	1.989689e-03	6.256314e-01	-2.331998e-01
6.248984e-01	5.789367e-04	0.000000e+00	0.000000e+00	0.000000e+00	3.270330e-03	0.000000e+00	0.000000e+00	2.343531e-02	8.522872e-04	0.000000e+00	0.000000e+00	2.886806e-04	0.000000e+00	0.000000e+00	1.582865e-03	0.000000e+00	5.655957e-04	1.096970e-03	0.000000e+00	0.000000e+00	6.707449e-04	0.000000e+00	4.529289e-03	0.000000e+00	0.000000e+00	4.754439e-03	7.721269e-05	0.000000e+00	8.213763e-04	6.248984e-01	-2.229651e-01
6.226391e-01	2.557921e-04	0.000000e+00	0.000000e+00	0.000000e+00	2.614333e-03	1.294239e-03	6.656820e-04	2.222126e-03	1.525606e-03	1.568943e-02	0.000000e+00	1.132551e-03	0.000000e+00	0.000000e+00	6.438659e-04	3.719509e-04	1.463929e-03	4.247960e-03	0.000000e+00	0.000000e+00	8.887294e-04	1.104774e-04	2.853424e-03	0.000000e+00	0.000000e+00	0.000000e+00	1.029503e-04	0.000000e+00	0.000000e+00	6.226391e-01	-1.887195e-01
6.226391e-01	2.557921e-04	0.000000e+00	0.000000e+00	0.000000e+00	2.614333e-03	1.294239e-03	6.656820e-04	2.222126e-03	1.525606e-03	1.568943e-02	0.000000e+00	1.132551e-03	0.000000e+00	0.000000e+00	6.438659e-04	3.719509e-04	1.463929e-03	4.247960e-03	0.000000e+00	0.000000e+00	8.887294e-04	1.104774e-04	2.853424e-03	0.000000e+00	0.000000e+00	0.000000e+00	1.029503e-04	0.000000e+00	0.000000e+00	6.226391e-01	-1.887195e-01
6.194344e-01	5.407673e-04	0.000000e+00	0.000000e+00	1.038395e-04	3.270330e-03	0.000000e+00	0.000000e+00	0.000000e+00	0.000000e+00	4.989488e-04	9.043137e-03	0.000000e+00	0.000000e+00	0.000000e+00	4.292439e-04	0.000000e+00	1.827035e-03	2.193941e-03	0.000000e+00	0.000000e+00	1.622457e-03	0.000000e+00	0.000000e+00	0.000000e+00	0.000000e+00	1.204015e-02	9.265523e-04	3.468982e-03	6.383945e-04	6.194344e-01	-1.352720e-01
4.544288e-01	5.122368e-05	0.000000e+00	0.000000e+00	0.000000e+00	4.819358e-04	0.000000e+00	0.000000e+00	0.000000e+00	0.000000e+00	3.187803e-04	0.000000e+00	6.107082e-04	0.000000e+00	0.000000e+00	0.000000e+00	0.000000e+00	0.000000e+00	0.000000e+00	3.771695e-05	0.000000e+00	0.000000e+00	0.000000e+00	4.154532e-03	0.000000e+00	0.000000e+00	1.584813e-03	2.573756e-05	0.000000e+00	8.213763e-04	4.544288e-01	-1.224864e-01
4.544288e-01	5.122368e-05	0.000000e+00	0.000000e+00	0.000000e+00	4.819358e-04	0.000000e+00	0.000000e+00	0.000000e+00	0.000000e+00	3.187803e-04	0.000000e+00	6.107082e-04	0.000000e+00	0.000000e+00	0.000000e+00	0.000000e+00	0.000000e+00	0.000000e+00	3.771695e-05	0.000000e+00	0.000000e+00	0.000000e+00	4.154532e-03	0.000000e+00	0.000000e+00	1.584813e-03	2.573756e-05	0.000000e+00	8.213763e-04	4.544288e-01	-1.224864e-01
4.544288e-01	5.122368e-05	0.000000e+00	0.000000e+00	0.000000e+00	4.819358e-04	0.000000e+00	0.000000e+00	0.000000e+00	0.000000e+00	3.187803e-04	0.000000e+00	6.107082e-04	0.000000e+00	0.000000e+00	0.000000e+00	0.000000e+00	0.000000e+00	0.000000e+00	3.771695e-05	0.000000e+00	0.000000e+00	0.000000e+00	4.154532e-03	0.000000e+00	0.000000e+00	1.584813e-03	2.573756e-05	0.000000e+00	8.213763e-04	4.544288e-01	-1.224864e-01
4.544288e-01	5.122368e-05	0.000000e+00	0.000000e+00	0.000000e+00	4.819358e-04	0.000000e+00	0.000000e+00	0.000000e+00	0.000000e+00	3.187803e-04	0.000000e+00	6.107082e-04	0.000000e+00	0.000000e+00	0.000000e+00	0.000000e+00	0.000000e+00	0.000000e+00	3.771695e-05	0.000000e+00	0.000000e+00	0.000000e+00	4.154532e-03	0.000000e+00	0.000000e+00	1.584813e-03	2.573756e-05	0.000000e+00	8.213763e-04	4.544288e-01	-1.224864e-01
4.544288e-01	5.122368e-05	0.000000e+00	0.000000e+00	0.000000e+00	4.819358e-04	0.000000e+00	0.000000e+00	0.000000e+00	0.000000e+00	3.187803e-04	0.000000e+00	6.107082e-04	0.000000e+00	0.000000e+00	0.000000e+00	0.000000e+00	0.000000e+00	0.000000e+00	3.771695e-05	0.000000e+00	0.000000e+00	0.000000e+00	4.154532e-03	0.000000e+00	0.000000e+00	1.584813e-03	2.573756e-05	0.000000e+00	8.213763e-04	4.544288e-01	-1.224864e-01
4.544288e-01	5.122368e-05	0.000000e+00	0.000000e+00	0.000000e+00	4.819358e-04	0.000000e+00	0.000000e+00	0.000000e+00	0.000000e+00	3.187803e-04	0.000000e+00	6.107082e-04	0.000000e+00	0.000000e+00	0.000000e+00	0.000000e+00	0.000000e+00	0.000000e+00	3.771695e-05	0.000000e+00	0.000000e+00	0.000000e+00	4.154532e-03	0.000000e+00	0.000000e+00	1.584813e-03	2.573756e-05	0.000000e+00	8.213763e-04	4.544288e-01	-1.224864e-01
4.544288e-01	5.122368e-05	0.000000e+00	0.000000e+00	0.000000e+00	4.819358e-04	0.000000e+00	0.000000e+00	0.000000e+00	0.000000e+00	3.187803e-04	0.000000e+00	6.107082e-04	0.000000e+00	0.000000e+00	0.000000e+00	0.000000e+00	0.000000e+00	0.000000e+00	3.771695e-05	0.000000e+00	0.000000e+00	0.000000e+00	4.154532e-03	0.000000e+00	0.000000e+00	1.584813e-03	2.573756e-05	0.000000e+00	8.213763e-04	4.544288e-01	-1.224864e-01
4.544288e-01	5.122368e-05	0.000000e+00	0.000000e+00	0.000000e+00	4.819358e-04	0.000000e+00	0.000000e+00	0.000000e+00	0.000000e+00	3.187803e-04	0.000000e+00	6.107082e-04	0.000000e+00	0.000000e+00	0.000000e+00	0.000000e+00	0.000000e+00	0.000000e+00	3.771695e-05	0.000000e+00	0.000000e+00	0.000000e+00	4.154532e-03	0.000000e+00	0.000000e+00	1.584813e-03	2.573756e-05	0.000000e+00	8.213763e-04	4.544288e-01	-1.224864e-01
4.483829e-01	5.193433e-04	2.280515e-03	0.000000e+00	0.000000e+00	1.311995e-03	0.000000e+00	0.000000e+00	3.828336e-03	6.307646e-04	1.275121e-03	6.147103e-04	1.776606e-03	0.000000e+00	0.000000e+00	7.596556e-04	0.000000e+00	2.010612e-04	2.301960e-03	1.508678e-04	0.000000e+00	3.696534e-04	0.000000e+00	3.497526e-03	0.000000e+00	0.000000e+00	0.000000e+00	0.000000e+00	2.541476e-02	0.000000e+00	4.483829e-01	-1.081264e-01
4.419835e-01	5.193433e-04	4.485332e-03	0.000000e+00	0.000000e+00	7.536975e-04	0.000000e+00	0.000000e+00	4.375241e-03	6.307646e-04	1.275121e-03	6.147103e-04	1.776606e-03	0.000000e+00	0.000000e+00	0.000000e+00	0.000000e+00	1.570117e-03	2.301960e-03	1.508678e-04	0.000000e+00	3.271932e-04	0.000000e+00	3.497526e-03	0.000000e+00	0.000000e+00	0.000000e+00	0.000000e+00	0.000000e+00	0.000000e+00	4.419835e-01	-8.823921e-02
4.379873e-01	2.561184e-05	4.044079e-03	0.000000e+00	0.000000e+00	0.000000e+00	2.470224e-03	0.000000e+00	0.000000e+00	6.460986e-04	0.000000e+00	0.000000e+00	0.000000e+00	0.000000e+00	0.000000e+00	0.000000e+00	0.000000e+00	2.348604e-03	0.000000e+00	1.508678e-04	0.000000e+00	9.803309e-05	0.000000e+00	4.586061e-04	0.000000e+00	0.000000e+00	0.000000e+00	0.000000e+00	0.000000e+00	0.000000e+00	4.379873e-01	-6.684413e-02
4.348591e-01	6.402960e-05	4.409635e-03	0.000000e+00	0.000000e+00	6.559975e-04	3.888762e-03	0.000000e+00	4.194943e-03	3.153823e-04	7.587442e-05	0.000000e+00	2.564946e-04	0.000000e+00	1.625662e-04	0.000000e+00	0.000000e+00	7.850583e-04	0.000000e+00	1.508678e-04	0.000000e+00	6.025601e-05	0.000000e+00	4.383835e-03	0.000000e+00	0.000000e+00	0.000000e+00	0.000000e+00	0.000000e+00	0.000000e+00	4.348591e-01	-4.198360e-02
4.343409e-01	1.938654e-04	2.941670e-03	0.000000e+00	0.000000e+00	1.311995e-03	1.760437e-02	0.000000e+00	1.808988e-03	0.000000e+00	0.000000e+00	1.536776e-04	1.050969e-03	0.000000e+00	0.000000e+00	7.596556e-04	1.747482e-02	2.087661e-03	1.150980e-03	0.000000e+00	7.623310e-05	2.104277e-04	0.000000e+00	1.748763e-03	0.000000e+00	0.000000e+00	2.818833e-04	0.000000e+00	2.541476e-02	0.000000e+00	4.343409e-01	-2.638316e-02
4.289899e-01	2.561184e-05	0.000000e+00	0.000000e+00	0.000000e+00	4.819358e-04	0.000000e+00	0.000000e+00	0.000000e+00	0.000000e+00	0.000000e+00	0.000000e+00	6.107082e-04	0.000000e+00	0.000000e+00	0.000000e+00	0.000000e+00	2.348604e-03	0.000000e+00	3.771695e-05	0.000000e+00	0.000000e+00	0.000000e+00	7.871088e-04	0.000000e+00	0.000000e+00	0.000000e+00	2.573756e-05	0.000000e+00	8.213763e-04	4.289899e-01	7.213984e-03
4.255908e-01	0.000000e+00	0.000000e+00	0.000000e+00	0.000000e+00	0.000000e+00	3.552171e-03	0.000000e+00	0.000000e+00	3.664651e-04	6.375606e-04	0.000000e+00	5.129891e-04	0.000000e+00	3.251324e-04	1.519311e-03	0.000000e+00	3.625787e-03	0.000000e+00	7.543391e-05	0.000000e+00	1.698408e-04	0.000000e+00	1.772617e-03	2.153685e-04	0.000000e+00	5.637667e-04	0.000000e+00	0.000000e+00	0.000000e+00	4.255908e-01	4.394516e-02
4.227673e-01	7.683552e-05	0.000000e+00	9.349330e-05	0.000000e+00	1.311995e-03	0.000000e+00	0.000000e+00	5.096431e-03	4.475321e-04	0.000000e+00	0.000000e+00	0.000000e+00	0.000000e+00	0.000000e+00	0.000000e+00	0.000000e+00	2.348604e-03	0.000000e+00	0.000000e+00	0.000000e+00	0.000000e+00	0.000000e+00	4.586061e-04	2.806785e-03	0.000000e+00	0.000000e+00	0.000000e+00	0.000000e+00	4.276943e-04	4.227673e-01	7.527803e-02
4.204603e-01	0.000000e+00	5.771329e-04	5.345539e-03	0.000000e+00	0.000000e+00	0.000000e+00	0.000000e+00	4.493465e-03	0.000000e+00	0.000000e+00	0.000000e+00	0.000000e+00	0.000000e+00	9.192666e-03	0.000000e+00	0.000000e+00	3.339672e-04	0.000000e+00	1.170307e-03	0.000000e+00	2.023103e-04	0.000000e+00	0.000000e+00	0.000000e+00	0.000000e+00	4.215733e-03	0.000000e+00	0.000000e+00	3.207708e-04	4.204603e-01	1.049644e-01
4.170394e-01	0.000000e+00	2.941670e-03	9.349330e-05	0.000000e+00	0.000000e+00	1.776085e-03	0.000000e+00	1.352231e-04	6.460986e-04	0.000000e+00	0.000000e+00	0.000000e+00	0.000000e+00	1.625662e-04	3.798278e-04	0.000000e+00	1.664077e-03	0.000000e+00	0.000000e+00	0.000000e+00	1.192632e-04	0.000000e+00	8.863084e-04	2.153685e-04	0.000000e+00	1.039157e-03	0.000000e+00	0.000000e+00	1.069236e-04	4.170394e-01	1.436171e-01
4.138995e-01	5.122368e-05	0.000000e+00	1.869866e-04	0.000000e+00	0.000000e+00	0.000000e+00	0.000000e+00	1.442380e-03	1.932787e-04	0.000000e+00	0.000000e+00	1.401292e-03	0.000000e+00	0.000000e+00	1.519311e-03	0.000000e+00	0.000000e+00	0.000000e+00	0.000000e+00	0.000000e+00	0.000000e+00	0.000000e+00	0.000000e+00	0.000000e+00	0.000000e+00	0.000000e+00	0.000000e+00	0.000000e+00	0.000000e+00	4.138995e-01	1.826130e-01
4.106754e-01	0.000000e+00	0.000000e+00	0.000000e+00	0.000000e+00	0.000000e+00	6.731812e-04	0.000000e+00	3.605950e-04	0.000000e+00	4.858117e-04	0.000000e+00	0.000000e+00	0.000000e+00	0.000000e+00	0.000000e+00	0.000000e+00	0.000000e+00	0.000000e+00	1.508678e-04	0.000000e+00	1.248829e-05	0.000000e+00	0.000000e+00	0.000000e+00	0.000000e+00	0.000000e+00	0.000000e+00	0.000000e+00	0.000000e+00	4.106754e-01	2.243509e-01
2.564072e-01	5.122368e-05	0.000000e+00	1.869866e-04	0.000000e+00	0.000000e+00	0.000000e+00	0.000000e+00	1.442380e-03	0.000000e+00	0.000000e+00	0.000000e+00	0.000000e+00	0.000000e+00	0.000000e+00	0.000000e+00	0.000000e+00	0.000000e+00	0.000000e+00	0.000000e+00	0.000000e+00	0.000000e+00	0.000000e+00	0.000000e+00	0.000000e+00	0.000000e+00	0.000000e+00	0.000000e+00	0.000000e+00	0.000000e+00	2.564072e-01	2.427926e-01
2.564072e-01	5.122368e-05	0.000000e+00	1.869866e-04	0.000000e+00	0.000000e+00	0.000000e+00	0.000000e+00	1.442380e-03	0.000000e+00	0.000000e+00	0.000000e+00	0.000000e+00	0.000000e+00	0.000000e+00	0.000000e+00	0.000000e+00	0.000000e+00	0.000000e+00	0.000000e+00	0.000000e+00	0.000000e+00	0.000000e+00	0.000000e+00	0.000000e+00	0.000000e+00	0.000000e+00	0.000000e+00	0.000000e+00	0.000000e+00	2.564072e-01	2.427926e-01
2.564072e-01	0.000000e+00	0.000000e+00	1.869866e-04	0.000000e+00	0.000000e+00	0.000000e+00	0.000000e+00	2.704463e-04	0.000000e+00	0.000000e+00	0.000000e+00	0.000000e+00	0.000000e+00	0.000000e+00	0.000000e+00	0.000000e+00	0.000000e+00	0.000000e+00	8.304941e-04	0.000000e+00	8.117389e-05	0.000000e+00	0.000000e+00	0.000000e+00	0.000000e+00	0.000000e+00	0.000000e+00	0.000000e+00	2.138472e-04	2.564072e-01	2.427699e-01
2.564072e-01	0.000000e+00	0.000000e+00	1.869866e-04	0.000000e+00	0.000000e+00	0.000000e+00	0.000000e+00	2.704463e-04	0.000000e+00	0.000000e+00	0.000000e+00	0.000000e+00	0.000000e+00	0.000000e+00	0.000000e+00	0.000000e+00	0.000000e+00	0.000000e+00	8.304941e-04	0.000000e+00	8.117389e-05	0.000000e+00	0.000000e+00	0.000000e+00	0.000000e+00	0.000000e+00	0.000000e+00	0.000000e+00	2.138472e-04	2.564072e-01	2.427699e-01
2.564072e-01	0.000000e+00	0.000000e+00	1.869866e-04	0.000000e+00	0.000000e+00	0.000000e+00	0.000000e+00	2.704463e-04	0.000000e+00	0.000000e+00	0.000000e+00	0.000000e+00	0.000000e+00	0.000000e+00	0.000000e+00	0.000000e+00	0.000000e+00	0.000000e+00	8.304941e-04	0.000000e+00	8.117389e-05	0.000000e+00	0.000000e+00	0.000000e+00	0.000000e+00	0.000000e+00	0.000000e+00	0.000000e+00	2.138472e-04	2.564072e-01	2.427699e-01
2.564072e-01	0.000000e+00	0.000000e+00	1.869866e-04	0.000000e+00	0.000000e+00	0.000000e+00	0.000000e+00	2.704463e-04	0.000000e+00	0.000000e+00	0.000000e+00	0.000000e+00	0.000000e+00	0.000000e+00	0.000000e+00	0.000000e+00	0.000000e+00	0.000000e+00	8.304941e-04	0.000000e+00	8.117389e-05	0.000000e+00	0.000000e+00	0.000000e+00	0.000000e+00	0.000000e+00	0.000000e+00	0.000000e+00	2.138472e-04	2.564072e-01	2.427699e-01
2.564072e-01	0.000000e+00	0.000000e+00	1.869866e-04	0.000000e+00	0.000000e+00	0.000000e+00	0.000000e+00	2.704463e-04	0.000000e+00	0.000000e+00	0.000000e+00	0.000000e+00	0.000000e+00	0.000000e+00	0.000000e+00	0.000000e+00	0.000000e+00	0.000000e+00	8.304941e-04	0.000000e+00	8.117389e-05	0.000000e+00	0.000000e+00	0.000000e+00	0.000000e+00	0.000000e+00	0.000000e+00	0.000000e+00	2.138472e-04	2.564072e-01	2.427699e-01
2.564072e-01	0.000000e+00	0.000000e+00	1.869866e-04	0.000000e+00	0.000000e+00	0.000000e+00	0.000000e+00	2.704463e-04	0.000000e+00	0.000000e+00	0.000000e+00	0.000000e+00	0.000000e+00	0.000000e+00	0.000000e+00	0.000000e+00	0.000000e+00	0.000000e+00	8.304941e-04	0.000000e+00	8.117389e-05	0.000000e+00	0.000000e+00	0.000000e+00	0.000000e+00	0.000000e+00	0.000000e+00	0.000000e+00	2.138472e-04	2.564072e-01	2.427699e-01
2.564072e-01	8.964144e-05	0.000000e+00	1.869866e-04	0.000000e+00	0.000000e+00	0.000000e+00	1.930173e-04	2.704463e-04	0.000000e+00	2.960707e-04	0.000000e+00	0.000000e+00	0.000000e+00	0.000000e+00	1.519311e-03	0.000000e+00	0.000000e+00	0.000000e+00	0.000000e+00	0.000000e+00	0.000000e+00	0.000000e+00	0.000000e+00	0.000000e+00	0.000000e+00	0.000000e+00	0.000000e+00	0.000000e+00	0.000000e+00	2.564072e-01	2.429954e-01
2.444349e-01	2.626012e-03	2.787831e-03	8.881887e-04	0.000000e+00	0.000000e+00	0.000000e+00	7.720691e-04	7.211900e-04	0.000000e+00	6.179678e-04	0.000000e+00	0.000000e+00	0.000000e+00	0.000000e+00	0.000000e+00	0.000000e+00	0.000000e+00	6.210399e-05	1.642130e-03	0.000000e+00	8.741804e-06	0.000000e+00	2.379389e-03	0.000000e+00	0.000000e+00	4.684291e-05	0.000000e+00	4.564552e-04	0.000000e+00	2.444349e-01	2.679281e-01
2.359383e-01	7.683552e-05	0.000000e+00	0.000000e+00	0.000000e+00	0.000000e+00	0.000000e+00	3.860346e-04	2.163570e-03	0.000000e+00	5.921415e-04	0.000000e+00	0.000000e+00	0.000000e+00	0.000000e+00	0.000000e+00	0.000000e+00	0.000000e+00	0.000000e+00	0.000000e+00	0.000000e+00	2.247892e-05	0.000000e+00	0.000000e+00	0.000000e+00	0.000000e+00	0.000000e+00	0.000000e+00	1.067826e-03	0.000000e+00	2.359383e-01	3.019894e-01
2.286771e-01	0.000000e+00	0.000000e+00	0.000000e+00	0.000000e+00	0.000000e+00	0.000000e+00	0.000000e+00	0.000000e+00	0.000000e+00	0.000000e+00	0.000000e+00	0.000000e+00	0.000000e+00	0.000000e+00	0.000000e+00	0.000000e+00	4.174590e-05	0.000000e+00	0.000000e+00	0.000000e+00	0.000000e+00	0.000000e+00	0.000000e+00	0.000000e+00	0.000000e+00	0.000000e+00	0.000000e+00	7.303284e-04	0.000000e+00	2.286771e-01	3.427212e-01
2.221083e-01	0.000000e+00	2.987076e-03	2.032471e-04	0.000000e+00	0.000000e+00	0.000000e+00	0.000000e+00	0.000000e+00	0.000000e+00	0.000000e+00	0.000000e+00	0.000000e+00	0.000000e+00	0.000000e+00	0.000000e+00	0.000000e+00	2.405535e-04	0.000000e+00	0.000000e+00	1.524662e-04	8.117389e-05	0.000000e+00	5.309596e-04	0.000000e+00	7.437739e-04	8.929655e-05	0.000000e+00	1.334782e-04	0.000000e+00	2.221083e-01	3.877825e-01
2.150279e-01	5.122368e-05	0.000000e+00	0.000000e+00	0.000000e+00	0.000000e+00	0.000000e+00	0.000000e+00	7.211900e-04	7.959716e-05	6.179678e-04	0.000000e+00	0.000000e+00	0.000000e+00	0.000000e+00	0.000000e+00	0.000000e+00	1.047078e-04	0.000000e+00	0.000000e+00	0.000000e+00	0.000000e+00	0.000000e+00	0.000000e+00	0.000000e+00	1.239623e-04	0.000000e+00	0.000000e+00	0.000000e+00	2.138472e-04	2.150279e-01	4.389567e-01
2.077911e-01	5.122368e-05	0.000000e+00	1.869866e-04	0.000000e+00	0.000000e+00	0.000000e+00	0.000000e+00	1.442380e-03	0.000000e+00	0.000000e+00	0.000000e+00	0.000000e+00	0.000000e+00	0.000000e+00	0.000000e+00	0.000000e+00	1.782777e-04	0.000000e+00	0.000000e+00	0.000000e+00	3.886981e-05	0.000000e+00	6.006312e-04	0.000000e+00	0.000000e+00	0.000000e+00	0.000000e+00	4.004347e-04	0.000000e+00	2.077911e-01	4.944999e-01
1.997353e-01	3.841776e-05	0.000000e+00	0.000000e+00	0.000000e+00	0.000000e+00	0.000000e+00	0.000000e+00	1.442380e-03	0.000000e+00	5.643743e-04	0.000000e+00	0.000000e+00	0.000000e+00	0.000000e+00	0.000000e+00	0.000000e+00	2.094156e-04	0.000000e+00	0.000000e+00	0.000000e+00	3.122073e-05	0.000000e+00	0.000000e+00	0.000000e+00	2.479246e-04	5.270127e-05	0.000000e+00	2.669565e-04	0.000000e+00	1.997353e-01	5.554309e-01
1.906416e-01	1.280592e-05	0.000000e+00	1.951169e-04	0.000000e+00	0.000000e+00	0.000000e+00	1.930173e-04	0.000000e+00	2.387915e-04	0.000000e+00	0.000000e+00	0.000000e+00	0.000000e+00	0.000000e+00	0.000000e+00	0.000000e+00	2.094156e-04	0.000000e+00	0.000000e+00	1.524662e-04	7.945675e-05	0.000000e+00	8.661110e-04	0.000000e+00	2.479246e-04	4.099054e-05	0.000000e+00	5.339130e-04	0.000000e+00	1.906416e-01	6.192917e-01
7.986500e-02	1.920888e-05	0.000000e+00	3.902337e-04	0.000000e+00	0.000000e+00	0.000000e+00	0.000000e+00	1.802975e-04	1.591943e-04	5.772875e-04	0.000000e+00	0.000000e+00	0.000000e+00	0.000000e+00	0.000000e+00	0.000000e+00	2.094156e-04	0.000000e+00	0.000000e+00	7.623310e-05	3.730877e-05	0.000000e+00	4.330555e-04	0.000000e+00	2.479246e-04	4.099054e-05	0.000000e+00	0.000000e+00	0.000000e+00	7.986500e-02	6.708109e-01
7.986500e-02	1.920888e-05	0.000000e+00	3.902337e-04	0.000000e+00	0.000000e+00	0.000000e+00	0.000000e+00	1.802975e-04	1.591943e-04	5.772875e-04	0.000000e+00	0.000000e+00	0.000000e+00	0.000000e+00	0.000000e+00	0.000000e+00	2.094156e-04	0.000000e+00	0.000000e+00	7.623310e-05	3.730877e-05	0.000000e+00	4.330555e-04	0.000000e+00	2.479246e-04	4.099054e-05	0.000000e+00	0.000000e+00	0.000000e+00	7.986500e-02	6.708109e-01
7.986500e-02	1.920888e-05	0.000000e+00	3.902337e-04	0.000000e+00	0.000000e+00	0.000000e+00	0.000000e+00	1.802975e-04	1.591943e-04	5.772875e-04	0.000000e+00	0.000000e+00	0.000000e+00	0.000000e+00	0.000000e+00	0.000000e+00	2.094156e-04	0.000000e+00	0.000000e+00	7.623310e-05	3.730877e-05	0.000000e+00	4.330555e-04	0.000000e+00	2.479246e-04	4.099054e-05	0.000000e+00	0.000000e+00	0.000000e+00	7.986500e-02	6.708109e-01
7.986500e-02	1.920888e-05	0.000000e+00	3.902337e-04	0.000000e+00	0.000000e+00	0.000000e+00	0.000000e+00	1.802975e-04	1.591943e-04	5.772875e-04	0.000000e+00	0.000000e+00	0.000000e+00	0.000000e+00	0.000000e+00	0.000000e+00	2.094156e-04	0.000000e+00	0.000000e+00	7.623310e-05	3.730877e-05	0.000000e+00	4.330555e-04	0.000000e+00	2.479246e-04	4.099054e-05	0.000000e+00	0.000000e+00	0.000000e+00	7.986500e-02	6.708109e-01
7.986500e-02	1.920888e-05	0.000000e+00	3.902337e-04	0.000000e+00	0.000000e+00	0.000000e+00	0.000000e+00	1.802975e-04	1.591943e-04	5.772875e-04	0.000000e+00	0.000000e+00	0.000000e+00	0.000000e+00	0.000000e+00	0.000000e+00	2.094156e-04	0.000000e+00	0.000000e+00	7.623310e-05	3.730877e-05	0.000000e+00	4.330555e-04	0.000000e+00	2.479246e-04	4.099054e-05	0.000000e+00	0.000000e+00	0.000000e+00	7.986500e-02	6.708109e-01
7.986500e-02	1.920888e-05	0.000000e+00	3.902337e-04	0.000000e+00	0.000000e+00	0.000000e+00	0.000000e+00	1.802975e-04	1.591943e-04	5.772875e-04	0.000000e+00	0.000000e+00	0.000000e+00	0.000000e+00	0.000000e+00	0.000000e+00	2.094156e-04	0.000000e+00	0.000000e+00	7.623310e-05	3.730877e-05	0.000000e+00	4.330555e-04	0.000000e+00	2.479246e-04	4.099054e-05	0.000000e+00	0.000000e+00	0.000000e+00	7.986500e-02	6.708109e-01
7.597026e-02	0.000000e+00	0.000000e+00	2.967404e-04	0.000000e+00	0.000000e+00	0.000000e+00	3.896642e-03	2.253719e-04	6.457362e-04	0.000000e+00	0.000000e+00	0.000000e+00	0.000000e+00	0.000000e+00	0.000000e+00	0.000000e+00	2.094156e-04	0.000000e+00	0.000000e+00	7.623310e-05	6.228535e-05	0.000000e+00	8.661110e-04	0.000000e+00	3.258057e-03	6.880127e-05	0.000000e+00	0.000000e+00	1.069236e-04	7.597026e-02	6.749151e-01
6.140125e-02	0.000000e+00	2.038703e-03	1.898327e-03	0.000000e+00	0.000000e+00	0.000000e+00	5.217135e-03	0.000000e+00	2.387915e-04	6.805496e-04	0.000000e+00	0.000000e+00	0.000000e+00	0.000000e+00	0.000000e+00	0.000000e+00	0.000000e+00	3.105200e-05	0.000000e+00	0.000000e+00	7.945675e-05	0.000000e+00	1.500980e-03	0.000000e+00	1.627693e-03	2.342145e-05	0.000000e+00	6.673912e-05	2.138472e-04	6.140125e-02	6.984056e-01
4.586025e-02	3.841776e-05	0.000000e+00	0.000000e+00	0.000000e+00	0.000000e+00	0.000000e+00	0.000000e+00	0.000000e+00	1.591943e-04	5.847145e-04	9.220654e-04	0.000000e+00	0.000000e+00	0.000000e+00	0.000000e+00	0.000000e+00	1.461106e-04	6.210399e-05	0.000000e+00	7.623310e-05	1.345613e-04	0.000000e+00	1.327010e-03	0.000000e+00	9.916986e-04	0.000000e+00	0.000000e+00	0.000000e+00	2.138472e-04	4.586025e-02	7.416673e-01
2.973020e-02	1.313006e-03	9.483727e-04	0.000000e+00	0.000000e+00	0.000000e+00	0.000000e+00	1.436965e-05	0.000000e+00	3.183886e-04	0.000000e+00	0.000000e+00	0.000000e+00	0.000000e+00	0.000000e+00	1.962964e-03	0.000000e+00	1.252377e-04	0.000000e+00	0.000000e+00	1.626306e-03	9.834529e-05	0.000000e+00	0.000000e+00	0.000000e+00	9.916986e-04	0.000000e+00	0.000000e+00	0.000000e+00	0.000000e+00	2.973020e-02	8.057706e-01
1.598379e-02	0.000000e+00	0.000000e+00	1.701177e-03	0.000000e+00	0.000000e+00	0.000000e+00	0.000000e+00	0.000000e+00	1.591943e-04	0.000000e+00	0.000000e+00	0.000000e+00	0.000000e+00	1.494979e-05	0.000000e+00	0.000000e+00	1.043647e-04	0.000000e+00	0.000000e+00	0.000000e+00	0.000000e+00	0.000000e+00	1.131591e-03	0.000000e+00	0.000000e+00	5.855963e-05	0.000000e+00	7.303284e-04	0.000000e+00	1.598379e-02	8.670138e-01
0.000000e+00	0.000000e+00	0.000000e+00	0.000000e+00	0.000000e+00	0.000000e+00	0.000000e+00	0.000000e+00	0.000000e+00	1.591943e-04	0.000000e+00	0.000000e+00	0.000000e+00	0.000000e+00	0.000000e+00	0.000000e+00	0.000000e+00	2.619410e-04	0.000000e+00	0.000000e+00	0.000000e+00	4.339681e-05	0.000000e+00	1.160729e-03	0.000000e+00	3.718870e-04	5.855963e-05	0.000000e+00	7.303284e-04	0.000000e+00	0.000000e+00	1.000865e+00
