8.515965e-01	4.204411e-03	3.019601e-03	5.864152e-03	0.000000e+00	0.000000e+00	0.000000e+00	5.783973e-04	5.103047e-03	5.633871e-04	1.496102e-04	0.000000e+00	4.025979e-03	0.000000e+00	0.000000e+00	0.000000e+00	0.000000e+00	0.000000e+00	9.121028e-03	6.563180e-03	0.000000e+00	5.866689e-03	3.799975e-04	0.000000e+00	0.000000e+00	3.872803e-03	0.000000e+00	0.000000e+00	0.000000e+00	0.000000e+00	8.515965e-01	-7.650762e-01
8.484570e-01	2.858477e-03	0.000000e+00	1.127036e-04	0.000000e+00	0.000000e+00	7.044430e-03	3.288288e-04	4.868176e-03	1.715411e-03	1.568847e-04	0.000000e+00	1.803912e-03	0.000000e+00	5.953313e-04	0.000000e+00	0.000000e+00	9.926928e-04	6.175696e-03	0.000000e+00	0.000000e+00	3.280874e-03	5.171274e-04	0.000000e+00	0.000000e+00	0.000000e+00	0.000000e+00	0.000000e+00	8.511521e-04	1.384280e-03	8.484570e-01	-7.630938e-01
8.465219e-01	1.248827e-02	0.000000e+00	1.558358e-03	0.000000e+00	0.000000e+00	1.444068e-02	1.015678e-03	2.702109e-03	1.706440e-04	9.310237e-05	0.000000e+00	2.187899e-03	0.000000e+00	5.953313e-04	0.000000e+00	0.000000e+00	0.000000e+00	7.790878e-03	0.000000e+00	0.000000e+00	1.886731e-03	3.623058e-04	0.000000e+00	1.039305e-02	7.697689e-04	0.000000e+00	0.000000e+00	9.557428e-04	0.000000e+00	8.465219e-01	-7.518829e-01
8.450157e-01	0.000000e+00	4.282322e-03	0.000000e+00	0.000000e+00	9.641104e-04	1.064271e-02	1.347280e-03	3.492382e-03	8.270326e-05	0.000000e+00	0.000000e+00	2.187899e-03	0.000000e+00	1.785994e-03	0.000000e+00	0.000000e+00	6.509461e-05	5.843159e-03	2.510391e-03	0.000000e+00	0.000000e+00	3.351585e-04	0.000000e+00	1.039305e-02	1.686508e-03	0.000000e+00	0.000000e+00	1.280335e-03	0.000000e+00	8.450157e-01	-7.460351e-01
8.432286e-01	1.462392e-03	0.000000e+00	5.635178e-05	0.000000e+00	6.427402e-04	7.220341e-03	1.753754e-03	2.416464e-03	8.719198e-04	5.856465e-05	0.000000e+00	5.108359e-03	0.000000e+00	0.000000e+00	0.000000e+00	0.000000e+00	0.000000e+00	4.370493e-03	3.680096e-04	0.000000e+00	4.225358e-04	5.396852e-04	0.000000e+00	0.000000e+00	1.261282e-03	0.000000e+00	0.000000e+00	5.409865e-04	0.000000e+00	8.432286e-01	-7.379397e-01
8.432286e-01	1.462392e-03	7.301923e-03	5.674184e-03	2.992518e-03	6.427402e-04	7.220341e-03	3.288288e-04	2.416464e-03	2.290365e-03	5.406132e-05	0.000000e+00	5.108359e-03	0.000000e+00	0.000000e+00	0.000000e+00	0.000000e+00	0.000000e+00	4.335706e-03	4.843080e-03	0.000000e+00	2.208804e-03	5.396852e-04	0.000000e+00	0.000000e+00	1.261282e-03	4.889147e-02	0.000000e+00	5.409865e-04	0.000000e+00	8.432286e-01	-7.259221e-01
8.411074e-01	4.228715e-04	0.000000e+00	2.254071e-04	0.000000e+00	0.000000e+00	0.000000e+00	2.192192e-04	0.000000e+00	2.287214e-03	1.668017e-04	4.455826e-04	2.648083e-03	0.000000e+00	0.000000e+00	0.000000e+00	0.000000e+00	3.580204e-04	7.030792e-03	4.156635e-03	0.000000e+00	5.489679e-03	4.905780e-04	0.000000e+00	0.000000e+00	0.000000e+00	0.000000e+00	0.000000e+00	1.485910e-03	0.000000e+00	8.411074e-01	-7.213369e-01
8.399222e-01	4.204411e-03	0.000000e+00	2.752565e-03	0.000000e+00	0.000000e+00	0.000000e+00	0.000000e+00	0.000000e+00	8.719198e-04	1.911693e-04	0.000000e+00	2.554180e-03	0.000000e+00	0.000000e+00	0.000000e+00	0.000000e+00	3.580204e-04	5.320600e-03	2.024053e-03	0.000000e+00	4.455885e-03	4.781229e-04	8.291038e-04	0.000000e+00	2.412659e-03	0.000000e+00	0.000000e+00	1.731157e-04	0.000000e+00	8.399222e-01	-7.101650e-01
8.388905e-01	6.227559e-03	0.000000e+00	2.892141e-03	0.000000e+00	0.000000e+00	0.000000e+00	2.566702e-03	2.646291e-04	1.283168e-03	9.759065e-05	0.000000e+00	0.000000e+00	0.000000e+00	1.488328e-04	0.000000e+00	0.000000e+00	0.000000e+00	1.425161e-03	5.020781e-03	0.000000e+00	6.033929e-04	3.993159e-04	4.841390e-03	0.000000e+00	4.108300e-04	0.000000e+00	0.000000e+00	8.655784e-04	0.000000e+00	8.388905e-01	-6.996651e-01
8.380002e-01	6.630639e-05	1.460385e-02	0.000000e+00	0.000000e+00	1.285480e-03	1.444068e-02	0.000000e+00	2.130819e-03	7.065133e-04	9.759065e-05	0.000000e+00	0.000000e+00	0.000000e+00	2.083660e-03	0.000000e+00	0.000000e+00	0.000000e+00	1.520171e-03	7.360192e-04	0.000000e+00	3.350926e-03	5.847595e-04	7.971499e-03	0.000000e+00	2.082942e-03	0.000000e+00	0.000000e+00	2.308209e-04	0.000000e+00	8.380002e-01	-6.858155e-01
8.370891e-01	4.204411e-03	7.301923e-03	2.863965e-03	0.000000e+00	4.284935e-04	0.000000e+00	0.000000e+00	1.065410e-03	1.117762e-03	9.860032e-06	0.000000e+00	0.000000e+00	0.000000e+00	0.000000e+00	0.000000e+00	0.000000e+00	1.301892e-04	5.320600e-03	1.472038e-03	0.000000e+00	2.709257e-03	4.339580e-04	0.000000e+00	0.000000e+00	1.261282e-03	0.000000e+00	0.000000e+00	0.000000e+00	0.000000e+00	8.370891e-01	-6.793188e-01
8.361065e-01	1.074055e-03	0.000000e+00	0.000000e+00	0.000000e+00	0.000000e+00	0.000000e+00	1.415739e-04	2.646291e-04	1.283168e-03	1.934134e-04	0.000000e+00	1.460230e-03	0.000000e+00	5.578250e-04	0.000000e+00	0.000000e+00	3.580204e-04	6.045899e-03	2.078317e-03	0.000000e+00	2.208804e-03	3.993159e-04	4.841390e-03	0.000000e+00	4.108300e-04	0.000000e+00	0.000000e+00	8.655784e-04	1.363419e-02	8.361065e-01	-6.660594e-01
8.356847e-01	2.792170e-03	0.000000e+00	2.254071e-04	0.000000e+00	0.000000e+00	0.000000e+00	1.536864e-02	5.567837e-04	2.287214e-03	0.000000e+00	4.455826e-04	2.648083e-03	0.000000e+00	0.000000e+00	0.000000e+00	0.000000e+00	0.000000e+00	0.000000e+00	3.619103e-03	0.000000e+00	0.000000e+00	4.905780e-04	0.000000e+00	4.157219e-02	0.000000e+00	0.000000e+00	0.000000e+00	1.485910e-03	0.000000e+00	8.356847e-01	-6.546455e-01
8.346621e-01	0.000000e+00	1.460385e-02	0.000000e+00	0.000000e+00	1.285480e-03	0.000000e+00	0.000000e+00	0.000000e+00	7.065133e-04	8.943049e-05	1.699582e-02	0.000000e+00	0.000000e+00	2.678991e-03	0.000000e+00	0.000000e+00	0.000000e+00	6.080685e-03	5.656544e-03	0.000000e+00	3.350926e-03	2.140185e-04	0.000000e+00	0.000000e+00	2.082942e-03	0.000000e+00	0.000000e+00	0.000000e+00	0.000000e+00	8.346621e-01	-6.441321e-01
8.339042e-01	4.067125e-03	0.000000e+00	0.000000e+00	0.000000e+00	0.000000e+00	1.408886e-02	4.384384e-04	4.868176e-03	8.719198e-04	1.469677e-04	0.000000e+00	2.724281e-03	0.000000e+00	0.000000e+00	0.000000e+00	0.000000e+00	8.136826e-04	5.320600e-03	1.472038e-03	0.000000e+00	1.072070e-03	4.986437e-04	5.527359e-04	0.000000e+00	6.306411e-04	0.000000e+00	0.000000e+00	2.163946e-04	0.000000e+00	8.339042e-01	-6.363394e-01
8.339042e-01	4.067125e-03	0.000000e+00	3.639102e-03	0.000000e+00	8.212792e-04	1.408886e-02	1.551707e-02	4.244691e-04	1.945746e-03	1.469677e-04	4.455826e-04	2.724281e-03	0.000000e+00	3.539252e-04	0.000000e+00	0.000000e+00	0.000000e+00	5.320600e-03	2.579945e-03	0.000000e+00	0.000000e+00	0.000000e+00	9.692325e-03	0.000000e+00	2.082842e-02	0.000000e+00	0.000000e+00	1.161318e-03	0.000000e+00	8.339042e-01	-6.285255e-01
8.339042e-01	1.086487e-02	0.000000e+00	2.724389e-03	0.000000e+00	2.499545e-04	1.007371e-01	0.000000e+00	4.244691e-04	1.945746e-03	1.770707e-03	0.000000e+00	0.000000e+00	0.000000e+00	3.539252e-04	0.000000e+00	0.000000e+00	4.068413e-04	0.000000e+00	2.579945e-03	0.000000e+00	0.000000e+00	6.647590e-04	4.903848e-03	0.000000e+00	2.082842e-02	0.000000e+00	0.000000e+00	8.980376e-04	6.817096e-03	8.339042e-01	-6.161278e-01
8.314873e-01	2.033563e-03	0.000000e+00	3.321492e-04	5.985037e-03	0.000000e+00	0.000000e+00	4.384384e-04	4.106562e-03	8.327103e-04	1.201820e-04	1.721861e-02	6.804032e-04	0.000000e+00	1.153156e-03	0.000000e+00	0.000000e+00	3.417467e-04	2.660300e-03	1.130048e-03	0.000000e+00	0.000000e+00	0.000000e+00	0.000000e+00	0.000000e+00	8.216599e-04	0.000000e+00	0.000000e+00	9.882020e-04	0.000000e+00	8.314873e-01	-6.000649e-01
8.314873e-01	2.033563e-03	0.000000e+00	3.321492e-04	5.985037e-03	0.000000e+00	0.000000e+00	4.384384e-04	4.106562e-03	8.327103e-04	1.201820e-04	1.721861e-02	6.804032e-04	0.000000e+00	1.153156e-03	0.000000e+00	0.000000e+00	3.417467e-04	2.660300e-03	1.130048e-03	0.000000e+00	0.000000e+00	0.000000e+00	0.000000e+00	0.000000e+00	8.216599e-04	0.000000e+00	0.000000e+00	9.882020e-04	0.000000e+00	8.314873e-01	-6.000649e-01
8.295806e-01	0.000000e+00	0.000000e+00	5.561481e-03	0.000000e+00	0.000000e+00	0.000000e+00	8.768768e-04	5.795833e-04	0.000000e+00	1.382258e-04	9.997470e-04	0.000000e+00	0.000000e+00	7.501273e-05	0.000000e+00	0.000000e+00	5.858515e-04	7.600857e-04	8.886966e-04	0.000000e+00	0.000000e+00	3.993159e-04	3.985749e-03	0.000000e+00	3.564036e-03	0.000000e+00	0.000000e+00	9.665625e-04	0.000000e+00	8.295806e-01	-5.721962e-01
8.295806e-01	0.000000e+00	0.000000e+00	5.561481e-03	0.000000e+00	0.000000e+00	0.000000e+00	8.768768e-04	5.795833e-04	0.000000e+00	1.382258e-04	9.997470e-04	0.000000e+00	0.000000e+00	7.501273e-05	0.000000e+00	0.000000e+00	5.858515e-04	7.600857e-04	8.886966e-04	0.000000e+00	0.000000e+00	3.993159e-04	3.985749e-03	0.000000e+00	3.564036e-03	0.000000e+00	0.000000e+00	9.665625e-04	0.000000e+00	8.295806e-01	-5.721962e-01
8.282856e-01	1.105903e-02	0.000000e+00	5.561481e-03	0.000000e+00	5.713247e-04	0.000000e+00	8.768768e-04	4.721880e-03	0.000000e+00	8.943049e-05	1.597827e-04	0.000000e+00	0.000000e+00	5.953313e-04	0.000000e+00	0.000000e+00	4.556623e-04	0.000000e+00	2.073749e-03	0.000000e+00	2.566676e-03	7.349437e-04	0.000000e+00	0.000000e+00	2.522565e-03	0.000000e+00	0.000000e+00	0.000000e+00	0.000000e+00	8.282856e-01	-5.475971e-01
8.282856e-01	1.105903e-02	0.000000e+00	5.561481e-03	0.000000e+00	5.713247e-04	0.000000e+00	0.000000e+00	6.669217e-02	7.355091e-04	1.701031e-03	0.000000e+00	0.000000e+00	0.000000e+00	6.703441e-04	0.000000e+00	0.000000e+00	2.278311e-04	0.000000e+00	1.863467e-04	0.000000e+00	2.566676e-03	7.349437e-04	2.483153e-03	0.000000e+00	2.522565e-03	0.000000e+00	0.000000e+00	7.357416e-04	0.000000e+00	8.282856e-01	-5.366064e-01
8.267348e-01	0.000000e+00	0.000000e+00	3.321492e-04	0.000000e+00	0.000000e+00	1.408886e-02	0.000000e+00	4.106562e-03	1.471018e-03	1.201820e-04	3.577094e-04	6.804032e-04	0.000000e+00	0.000000e+00	0.000000e+00	0.000000e+00	5.858515e-04	2.660300e-03	2.805080e-04	0.000000e+00	0.000000e+00	8.129261e-04	5.527359e-04	0.000000e+00	0.000000e+00	0.000000e+00	0.000000e+00	1.327220e-03	0.000000e+00	8.267348e-01	-5.201737e-01
8.267348e-01	0.000000e+00	0.000000e+00	0.000000e+00	4.195187e-02	0.000000e+00	0.000000e+00	0.000000e+00	6.140822e-03	7.065133e-04	8.943049e-05	8.609306e-03	3.402016e-04	0.000000e+00	1.563341e-03	0.000000e+00	0.000000e+00	8.787772e-04	1.330150e-03	8.011038e-04	0.000000e+00	0.000000e+00	2.444235e-04	3.509749e-02	0.000000e+00	0.000000e+00	0.000000e+00	0.000000e+00	4.508221e-05	0.000000e+00	8.267348e-01	-5.081595e-01
8.267348e-01	0.000000e+00	0.000000e+00	0.000000e+00	4.195187e-02	0.000000e+00	0.000000e+00	0.000000e+00	6.140822e-03	7.065133e-04	8.943049e-05	8.609306e-03	3.402016e-04	0.000000e+00	1.563341e-03	0.000000e+00	0.000000e+00	8.787772e-04	1.330150e-03	8.011038e-04	0.000000e+00	0.000000e+00	2.444235e-04	3.509749e-02	0.000000e+00	0.000000e+00	0.000000e+00	0.000000e+00	4.508221e-05	0.000000e+00	8.267348e-01	-5.081595e-01
8.249258e-01	4.147138e-03	0.000000e+00	0.000000e+00	0.000000e+00	2.285299e-03	0.000000e+00	4.384384e-04	4.965493e-03	0.000000e+00	0.000000e+00	5.270190e-04	6.804032e-04	0.000000e+00	0.000000e+00	0.000000e+00	0.000000e+00	0.000000e+00	0.000000e+00	6.806589e-04	0.000000e+00	0.000000e+00	7.417090e-04	1.716507e-03	2.795427e-02	0.000000e+00	0.000000e+00	0.000000e+00	2.712146e-03	0.000000e+00	8.249258e-01	-4.822426e-01
8.243134e-01	0.000000e+00	0.000000e+00	0.000000e+00	0.000000e+00	2.285299e-03	0.000000e+00	0.000000e+00	4.299776e-03	1.471018e-03	1.346523e-02	0.000000e+00	0.000000e+00	0.000000e+00	2.250382e-04	0.000000e+00	0.000000e+00	0.000000e+00	0.000000e+00	2.890532e-02	0.000000e+00	0.000000e+00	5.579622e-04	6.126984e-04	0.000000e+00	0.000000e+00	0.000000e+00	0.000000e+00	2.712146e-03	6.860005e-05	8.243134e-01	-4.688023e-01
6.510388e-01	0.000000e+00	0.000000e+00	0.000000e+00	0.000000e+00	0.000000e+00	0.000000e+00	0.000000e+00	4.299776e-03	1.471018e-03	8.984461e-05	0.000000e+00	0.000000e+00	0.000000e+00	2.250382e-04	0.000000e+00	0.000000e+00	9.113246e-04	0.000000e+00	1.526052e-03	0.000000e+00	0.000000e+00	5.768030e-04	0.000000e+00	0.000000e+00	0.000000e+00	0.000000e+00	0.000000e+00	0.000000e+00	0.000000e+00	6.510388e-01	-4.558764e-01
6.510388e-01	0.000000e+00	0.000000e+00	0.000000e+00	0.000000e+00	0.000000e+00	0.000000e+00	0.000000e+00	4.299776e-03	1.471018e-03	8.984461e-05	0.000000e+00	0.000000e+00	0.000000e+00	2.250382e-04	0.000000e+00	0.000000e+00	9.113246e-04	0.000000e+00	1.526052e-03	0.000000e+00	0.000000e+00	5.768030e-04	0.000000e+00	0.000000e+00	0.000000e+00	0.000000e+00	0.000000e+00	0.000000e+00	0.000000e+00	6.510388e-01	-4.558764e-01
6.510388e-01	0.000000e+00	0.000000e+00	0.000000e+00	0.000000e+00	0.000000e+00	0.000000e+00	0.000000e+00	4.299776e-03	1.471018e-03	8.984461e-05	0.000000e+00	0.000000e+00	0.000000e+00	2.250382e-04	0.000000e+00	0.000000e+00	9.113246e-04	0.000000e+00	1.526052e-03	0.000000e+00	0.000000e+00	5.768030e-04	0.000000e+00	0.000000e+00	0.000000e+00	0.000000e+00	0.000000e+00	0.000000e+00	0.000000e+00	6.510388e-01	-4.558764e-01
6.510388e-01	0.000000e+00	0.000000e+00	0.000000e+00	0.000000e+00	0.000000e+00	0.000000e+00	0.000000e+00	4.299776e-03	1.471018e-03	8.984461e-05	0.000000e+00	0.000000e+00	0.000000e+00	2.250382e-04	0.000000e+00	0.000000e+00	9.113246e-04	0.000000e+00	1.526052e-03	0.000000e+00	0.000000e+00	5.768030e-04	0.000000e+00	0.000000e+00	0.000000e+00	0.000000e+00	0.000000e+00	0.000000e+00	0.000000e+00	6.510388e-01	-4.558764e-01
6.510388e-01	0.000000e+00	0.000000e+00	0.000000e+00	0.000000e+00	0.000000e+00	0.000000e+00	0.000000e+00	4.299776e-03	1.471018e-03	8.984461e-05	0.000000e+00	0.000000e+00	0.000000e+00	2.250382e-04	0.000000e+00	0.000000e+00	9.113246e-04	0.000000e+00	1.526052e-03	0.000000e+00	0.000000e+00	5.768030e-04	0.000000e+00	0.000000e+00	0.000000e+00	0.000000e+00	0.000000e+00	0.000000e+00	0.000000e+00	6.510388e-01	-4.558764e-01
6.477065e-01	4.506102e-03	0.000000e+00	6.585567e-03	0.000000e+00	0.000000e+00	2.057544e-04	0.000000e+00	5.033529e-03	7.221970e-04	0.000000e+00	0.000000e+00	0.000000e+00	1.463056e-04	5.625955e-05	0.000000e+00	0.000000e+00	9.330228e-04	7.673489e-04	1.948749e-03	0.000000e+00	0.000000e+00	5.768030e-04	0.000000e+00	9.653903e-07	1.725698e-03	0.000000e+00	6.406576e-03	0.000000e+00	0.000000e+00	6.477065e-01	-4.453273e-01
6.441224e-01	0.000000e+00	0.000000e+00	0.000000e+00	0.000000e+00	0.000000e+00	0.000000e+00	0.000000e+00	3.966917e-03	1.215825e-02	1.347669e-04	0.000000e+00	0.000000e+00	1.463056e-04	3.375573e-04	0.000000e+00	0.000000e+00	9.330228e-04	0.000000e+00	1.948749e-03	0.000000e+00	0.000000e+00	3.674935e-04	0.000000e+00	0.000000e+00	1.725698e-03	0.000000e+00	0.000000e+00	0.000000e+00	0.000000e+00	6.441224e-01	-4.317049e-01
6.441224e-01	4.506102e-03	0.000000e+00	0.000000e+00	0.000000e+00	0.000000e+00	0.000000e+00	0.000000e+00	4.827128e-03	1.215825e-02	8.984461e-05	0.000000e+00	0.000000e+00	1.463056e-04	2.250382e-04	0.000000e+00	0.000000e+00	9.330228e-04	0.000000e+00	1.948749e-03	0.000000e+00	0.000000e+00	5.768030e-04	2.004876e-02	4.651088e-02	1.725698e-03	0.000000e+00	0.000000e+00	0.000000e+00	0.000000e+00	6.441224e-01	-4.182518e-01
6.418342e-01	0.000000e+00	0.000000e+00	0.000000e+00	0.000000e+00	0.000000e+00	1.653891e-04	0.000000e+00	5.380855e-03	1.107560e-02	4.580774e-05	0.000000e+00	1.266079e-02	1.809680e-04	2.062850e-04	1.397155e-03	1.637003e-03	9.330228e-04	0.000000e+00	2.337554e-03	0.000000e+00	0.000000e+00	3.875743e-04	2.004876e-02	4.651088e-02	6.298596e-03	0.000000e+00	0.000000e+00	0.000000e+00	0.000000e+00	6.418342e-01	-4.015355e-01
6.386512e-01	0.000000e+00	0.000000e+00	6.585567e-03	0.000000e+00	0.000000e+00	1.849878e-03	4.694965e-03	8.315866e-03	0.000000e+00	0.000000e+00	1.038357e-04	3.402016e-04	0.000000e+00	3.094275e-04	0.000000e+00	0.000000e+00	7.160407e-04	0.000000e+00	7.630261e-04	0.000000e+00	0.000000e+00	4.981710e-04	0.000000e+00	1.615501e-02	4.572899e-03	0.000000e+00	6.406576e-03	0.000000e+00	0.000000e+00	6.386512e-01	-3.880583e-01
6.377147e-01	3.450486e-05	0.000000e+00	0.000000e+00	0.000000e+00	0.000000e+00	6.615564e-04	4.694965e-03	0.000000e+00	2.913660e-03	2.606233e-02	0.000000e+00	3.165198e-03	0.000000e+00	0.000000e+00	0.000000e+00	0.000000e+00	6.943425e-04	2.549702e-03	0.000000e+00	1.257696e-03	0.000000e+00	6.958486e-04	3.035473e-03	0.000000e+00	0.000000e+00	0.000000e+00	7.385286e-03	0.000000e+00	0.000000e+00	6.377147e-01	-3.794391e-01
6.348740e-01	0.000000e+00	0.000000e+00	0.000000e+00	0.000000e+00	0.000000e+00	1.653891e-04	0.000000e+00	5.380855e-03	1.497642e-03	4.580774e-05	0.000000e+00	1.266079e-02	1.809680e-04	2.062850e-04	1.397155e-03	1.637003e-03	0.000000e+00	0.000000e+00	8.595297e-04	0.000000e+00	0.000000e+00	2.111241e-04	1.517736e-03	0.000000e+00	0.000000e+00	0.000000e+00	0.000000e+00	0.000000e+00	0.000000e+00	6.348740e-01	-3.565053e-01
6.348740e-01	0.000000e+00	0.000000e+00	0.000000e+00	0.000000e+00	0.000000e+00	1.653891e-04	0.000000e+00	5.380855e-03	1.497642e-03	1.347669e-04	0.000000e+00	0.000000e+00	1.463056e-04	3.375573e-04	0.000000e+00	1.637003e-03	0.000000e+00	0.000000e+00	8.595297e-04	0.000000e+00	0.000000e+00	2.111241e-04	0.000000e+00	0.000000e+00	0.000000e+00	0.000000e+00	0.000000e+00	0.000000e+00	6.816993e-02	6.348740e-01	-3.465990e-01
6.331383e-01	0.000000e+00	0.000000e+00	0.000000e+00	0.000000e+00	0.000000e+00	9.392573e-03	0.000000e+00	5.030006e-02	5.954459e-05	4.492231e-05	0.000000e+00	0.000000e+00	0.000000e+00	3.750636e-05	3.391797e-03	0.000000e+00	6.943425e-04	0.000000e+00	7.776096e-04	1.676928e-03	0.000000e+00	3.173912e-04	5.519042e-04	0.000000e+00	1.937220e-04	0.000000e+00	0.000000e+00	0.000000e+00	0.000000e+00	6.331383e-01	-3.294185e-01
6.317154e-01	2.218546e-03	0.000000e+00	4.880591e-03	0.000000e+00	0.000000e+00	5.027065e-03	0.000000e+00	5.870023e-03	1.884141e-02	1.347669e-04	0.000000e+00	0.000000e+00	0.000000e+00	0.000000e+00	0.000000e+00	0.000000e+00	9.105201e-04	0.000000e+00	7.776096e-04	0.000000e+00	0.000000e+00	7.440856e-04	6.609473e-03	2.325544e-02	7.596022e-03	0.000000e+00	0.000000e+00	0.000000e+00	0.000000e+00	6.317154e-01	-3.107017e-01
6.291822e-01	3.450486e-05	1.004546e-02	0.000000e+00	0.000000e+00	0.000000e+00	8.269455e-04	0.000000e+00	0.000000e+00	2.913660e-03	0.000000e+00	0.000000e+00	0.000000e+00	0.000000e+00	0.000000e+00	1.279469e-03	0.000000e+00	6.943425e-04	2.549702e-03	0.000000e+00	1.257696e-03	0.000000e+00	4.442330e-04	0.000000e+00	0.000000e+00	3.099552e-03	0.000000e+00	7.385286e-03	0.000000e+00	0.000000e+00	6.291822e-01	-2.868352e-01
6.282094e-01	0.000000e+00	0.000000e+00	1.317113e-02	0.000000e+00	0.000000e+00	5.768980e-04	0.000000e+00	6.848360e-03	0.000000e+00	0.000000e+00	2.076714e-04	2.918210e-03	0.000000e+00	0.000000e+00	0.000000e+00	0.000000e+00	5.207569e-04	1.534698e-03	6.665225e-04	0.000000e+00	0.000000e+00	7.234271e-05	0.000000e+00	1.930781e-06	9.145798e-03	0.000000e+00	1.281315e-02	0.000000e+00	0.000000e+00	6.282094e-01	-2.701587e-01
6.263364e-01	6.900973e-05	1.004546e-02	0.000000e+00	0.000000e+00	0.000000e+00	9.392573e-03	0.000000e+00	0.000000e+00	2.125701e-03	2.423202e-05	0.000000e+00	0.000000e+00	0.000000e+00	0.000000e+00	1.279469e-03	4.778066e-03	6.943425e-04	2.952808e-03	0.000000e+00	0.000000e+00	0.000000e+00	4.676979e-04	5.519042e-04	0.000000e+00	0.000000e+00	0.000000e+00	0.000000e+00	0.000000e+00	0.000000e+00	6.263364e-01	-2.464162e-01
6.250161e-01	0.000000e+00	0.000000e+00	0.000000e+00	0.000000e+00	0.000000e+00	6.615564e-04	4.694965e-03	4.891686e-03	7.483441e-04	0.000000e+00	0.000000e+00	0.000000e+00	0.000000e+00	0.000000e+00	2.794310e-03	0.000000e+00	6.943425e-04	2.913946e-03	0.000000e+00	1.676928e-03	0.000000e+00	3.173912e-04	3.035473e-03	0.000000e+00	0.000000e+00	0.000000e+00	0.000000e+00	0.000000e+00	0.000000e+00	6.250161e-01	-2.285416e-01
6.237068e-01	3.450486e-05	5.022731e-03	0.000000e+00	0.000000e+00	0.000000e+00	5.196462e-03	4.694965e-03	1.956674e-03	2.943432e-03	8.854309e-07	0.000000e+00	0.000000e+00	0.000000e+00	0.000000e+00	2.975367e-03	0.000000e+00	6.834934e-04	2.913946e-03	1.333045e-03	2.096160e-03	0.000000e+00	3.898876e-04	2.759521e-04	0.000000e+00	9.099637e-04	0.000000e+00	0.000000e+00	0.000000e+00	0.000000e+00	6.237068e-01	-2.065906e-01
6.222954e-01	6.900973e-05	8.189800e-03	0.000000e+00	0.000000e+00	0.000000e+00	0.000000e+00	0.000000e+00	0.000000e+00	5.954459e-05	0.000000e+00	0.000000e+00	3.496348e-03	0.000000e+00	3.750636e-05	0.000000e+00	0.000000e+00	8.679281e-04	3.642432e-04	0.000000e+00	0.000000e+00	0.000000e+00	2.422379e-04	1.845430e-03	0.000000e+00	0.000000e+00	0.000000e+00	3.962230e-03	0.000000e+00	0.000000e+00	6.222954e-01	-1.863560e-01
6.214797e-01	6.038351e-05	6.811410e-03	0.000000e+00	0.000000e+00	0.000000e+00	8.008202e-03	0.000000e+00	0.000000e+00	1.190892e-04	0.000000e+00	0.000000e+00	6.992697e-03	1.270604e-05	7.501273e-05	1.194974e-03	7.067038e-03	6.726443e-04	7.284864e-04	6.109789e-04	0.000000e+00	0.000000e+00	1.495527e-04	0.000000e+00	0.000000e+00	3.874440e-04	0.000000e+00	6.636104e-03	0.000000e+00	1.829335e-04	6.214797e-01	-1.691252e-01
6.214797e-01	0.000000e+00	0.000000e+00	0.000000e+00	0.000000e+00	0.000000e+00	8.008202e-03	0.000000e+00	0.000000e+00	1.190892e-04	4.492231e-05	0.000000e+00	0.000000e+00	5.251887e-02	7.501273e-05	1.194974e-03	3.647253e-04	4.773605e-04	7.284864e-04	7.776096e-04	0.000000e+00	0.000000e+00	2.568318e-04	0.000000e+00	3.620214e-05	1.937220e-04	0.000000e+00	6.636104e-03	4.007110e-02	1.829335e-04	6.214797e-01	-1.554909e-01
4.532498e-01	6.900973e-05	8.189800e-03	0.000000e+00	0.000000e+00	0.000000e+00	0.000000e+00	0.000000e+00	0.000000e+00	0.000000e+00	0.000000e+00	0.000000e+00	0.000000e+00	0.000000e+00	0.000000e+00	0.000000e+00	0.000000e+00	8.679281e-04	0.000000e+00	0.000000e+00	0.000000e+00	0.000000e+00	2.422379e-04	6.829814e-03	0.000000e+00	0.000000e+00	0.000000e+00	0.000000e+00	0.000000e+00	0.000000e+00	4.532498e-01	-1.207909e-01
4.532498e-01	6.900973e-05	8.189800e-03	0.000000e+00	0.000000e+00	0.000000e+00	0.000000e+00	0.000000e+00	0.000000e+00	0.000000e+00	0.000000e+00	0.000000e+00	0.000000e+00	0.000000e+00	0.000000e+00	0.000000e+00	0.000000e+00	8.679281e-04	0.000000e+00	0.000000e+00	0.000000e+00	0.000000e+00	2.422379e-04	6.829814e-03	0.000000e+00	0.000000e+00	0.000000e+00	0.000000e+00	0.000000e+00	0.000000e+00	4.532498e-01	-1.207909e-01
4.532498e-01	6.900973e-05	8.189800e-03	0.000000e+00	0.000000e+00	0.000000e+00	0.000000e+00	0.000000e+00	0.000000e+00	0.000000e+00	0.000000e+00	0.000000e+00	0.000000e+00	0.000000e+00	0.000000e+00	0.000000e+00	0.000000e+00	8.679281e-04	0.000000e+00	0.000000e+00	0.000000e+00	0.000000e+00	2.422379e-04	6.829814e-03	0.000000e+00	0.000000e+00	0.000000e+00	0.000000e+00	0.000000e+00	0.000000e+00	4.532498e-01	-1.207909e-01
4.532498e-01	6.900973e-05	8.189800e-03	0.000000e+00	0.000000e+00	0.000000e+00	0.000000e+00	0.000000e+00	0.000000e+00	0.000000e+00	0.000000e+00	0.000000e+00	0.000000e+00	0.000000e+00	0.000000e+00	0.000000e+00	0.000000e+00	8.679281e-04	0.000000e+00	0.000000e+00	0.000000e+00	0.000000e+00	2.422379e-04	6.829814e-03	0.000000e+00	0.000000e+00	0.000000e+00	0.000000e+00	0.000000e+00	0.000000e+00	4.532498e-01	-1.207909e-01
4.532498e-01	6.900973e-05	8.189800e-03	0.000000e+00	0.000000e+00	0.000000e+00	0.000000e+00	0.000000e+00	0.000000e+00	0.000000e+00	0.000000e+00	0.000000e+00	0.000000e+00	0.000000e+00	0.000000e+00	0.000000e+00	0.000000e+00	8.679281e-04	0.000000e+00	0.000000e+00	0.000000e+00	0.000000e+00	2.422379e-04	6.829814e-03	0.000000e+00	0.000000e+00	0.000000e+00	0.000000e+00	0.000000e+00	0.000000e+00	4.532498e-01	-1.207909e-01
4.532498e-01	6.900973e-05	8.189800e-03	0.000000e+00	0.000000e+00	0.000000e+00	0.000000e+00	0.000000e+00	0.000000e+00	0.000000e+00	0.000000e+00	0.000000e+00	0.000000e+00	0.000000e+00	0.000000e+00	0.000000e+00	0.000000e+00	8.679281e-04	0.000000e+00	0.000000e+00	0.000000e+00	0.000000e+00	2.422379e-04	6.829814e-03	0.000000e+00	0.000000e+00	0.000000e+00	0.000000e+00	0.000000e+00	0.000000e+00	4.532498e-01	-1.207909e-01
4.532498e-01	6.900973e-05	8.189800e-03	0.000000e+00	0.000000e+00	0.000000e+00	0.000000e+00	0.000000e+00	0.000000e+00	0.000000e+00	0.000000e+00	0.000000e+00	0.000000e+00	0.000000e+00	0.000000e+00	0.000000e+00	0.000000e+00	8.679281e-04	0.000000e+00	0.000000e+00	0.000000e+00	0.000000e+00	2.422379e-04	6.829814e-03	0.000000e+00	0.000000e+00	0.000000e+00	0.000000e+00	0.000000e+00	0.000000e+00	4.532498e-01	-1.207909e-01
4.532498e-01	6.900973e-05	8.189800e-03	0.000000e+00	0.000000e+00	0.000000e+00	0.000000e+00	0.000000e+00	0.000000e+00	0.000000e+00	0.000000e+00	0.000000e+00	0.000000e+00	0.000000e+00	0.000000e+00	0.000000e+00	0.000000e+00	8.679281e-04	0.000000e+00	0.000000e+00	0.000000e+00	0.000000e+00	2.422379e-04	6.829814e-03	0.000000e+00	0.000000e+00	0.000000e+00	0.000000e+00	0.000000e+00	0.000000e+00	4.532498e-01	-1.207909e-01
4.457106e-01	4.313108e-05	4.955749e-03	0.000000e+00	0.000000e+00	0.000000e+00	5.079503e-04	0.000000e+00	3.532340e-04	0.000000e+00	0.000000e+00	0.000000e+00	0.000000e+00	0.000000e+00	1.608598e-04	4.043617e-04	7.294506e-04	4.339641e-04	0.000000e+00	0.000000e+00	0.000000e+00	0.000000e+00	1.211190e-04	0.000000e+00	7.240427e-05	0.000000e+00	0.000000e+00	5.347748e-03	0.000000e+00	0.000000e+00	4.457106e-01	-1.065696e-01
4.431167e-01	6.900973e-05	1.004546e-02	0.000000e+00	3.995188e-05	0.000000e+00	0.000000e+00	0.000000e+00	1.766170e-04	9.955486e-04	0.000000e+00	4.831675e-03	2.875507e-05	0.000000e+00	2.420609e-03	1.759269e-03	0.000000e+00	7.334410e-05	0.000000e+00	0.000000e+00	0.000000e+00	0.000000e+00	2.422379e-04	0.000000e+00	5.630941e-05	0.000000e+00	0.000000e+00	5.641253e-03	1.852449e-05	0.000000e+00	4.431167e-01	-9.299504e-02
4.381714e-01	4.313108e-05	4.094900e-03	0.000000e+00	0.000000e+00	0.000000e+00	2.155737e-04	0.000000e+00	0.000000e+00	1.002489e-03	0.000000e+00	0.000000e+00	0.000000e+00	0.000000e+00	2.192495e-03	7.391796e-04	3.948281e-04	0.000000e+00	0.000000e+00	0.000000e+00	0.000000e+00	0.000000e+00	5.095568e-04	1.926346e-03	0.000000e+00	0.000000e+00	0.000000e+00	5.347748e-03	0.000000e+00	0.000000e+00	4.381714e-01	-6.678840e-02
4.355775e-01	0.000000e+00	5.219311e-03	0.000000e+00	0.000000e+00	0.000000e+00	2.251730e-03	0.000000e+00	1.766170e-04	2.561259e-04	0.000000e+00	0.000000e+00	0.000000e+00	5.082417e-05	1.089660e-03	5.968029e-03	0.000000e+00	0.000000e+00	0.000000e+00	0.000000e+00	0.000000e+00	0.000000e+00	0.000000e+00	0.000000e+00	0.000000e+00	1.549776e-03	0.000000e+00	1.493503e-02	1.091274e-04	0.000000e+00	4.355775e-01	-4.502883e-02
4.321423e-01	2.156554e-05	0.000000e+00	0.000000e+00	0.000000e+00	0.000000e+00	1.269761e-03	0.000000e+00	1.766170e-04	1.608797e-02	0.000000e+00	0.000000e+00	0.000000e+00	0.000000e+00	0.000000e+00	1.279469e-03	6.950208e-04	0.000000e+00	0.000000e+00	0.000000e+00	0.000000e+00	0.000000e+00	6.055948e-05	1.121739e-02	7.641668e-05	0.000000e+00	0.000000e+00	2.673874e-03	0.000000e+00	0.000000e+00	4.321423e-01	-1.627592e-02
4.305109e-01	3.234831e-05	4.955749e-03	0.000000e+00	0.000000e+00	0.000000e+00	2.499485e-03	0.000000e+00	1.766170e-04	5.122519e-04	0.000000e+00	0.000000e+00	0.000000e+00	0.000000e+00	1.966401e-03	6.397343e-04	0.000000e+00	4.339641e-04	0.000000e+00	0.000000e+00	0.000000e+00	0.000000e+00	9.084788e-05	5.953337e-03	0.000000e+00	1.549776e-03	0.000000e+00	1.237600e-02	0.000000e+00	0.000000e+00	4.305109e-01	-1.929340e-03
4.262625e-01	6.900973e-05	0.000000e+00	0.000000e+00	0.000000e+00	0.000000e+00	6.694117e-04	2.347483e-03	0.000000e+00	0.000000e+00	0.000000e+00	0.000000e+00	0.000000e+00	0.000000e+00	0.000000e+00	6.397343e-04	0.000000e+00	8.679281e-04	1.092730e-03	0.000000e+00	4.192321e-04	0.000000e+00	2.422379e-04	6.829814e-03	2.728398e-03	0.000000e+00	0.000000e+00	0.000000e+00	0.000000e+00	3.658670e-04	4.262625e-01	3.738820e-02
4.227373e-01	0.000000e+00	0.000000e+00	0.000000e+00	1.997594e-05	0.000000e+00	4.529682e-04	0.000000e+00	0.000000e+00	2.550270e-03	0.000000e+00	0.000000e+00	1.437753e-05	7.623625e-05	0.000000e+00	0.000000e+00	3.302955e-04	0.000000e+00	0.000000e+00	0.000000e+00	0.000000e+00	0.000000e+00	5.799515e-04	2.489949e-03	0.000000e+00	8.717490e-04	0.000000e+00	4.337637e-03	7.754952e-05	0.000000e+00	4.227373e-01	7.535600e-02
4.199512e-01	3.881797e-05	2.477875e-03	0.000000e+00	0.000000e+00	0.000000e+00	8.465839e-04	0.000000e+00	0.000000e+00	1.514740e-03	0.000000e+00	0.000000e+00	0.000000e+00	5.082417e-05	3.217196e-04	1.279469e-03	3.302955e-04	1.018777e-03	0.000000e+00	0.000000e+00	0.000000e+00	0.000000e+00	0.000000e+00	3.609107e-03	0.000000e+00	1.549776e-03	0.000000e+00	2.296765e-04	3.704899e-05	0.000000e+00	4.199512e-01	1.084362e-01
4.166028e-01	0.000000e+00	0.000000e+00	1.580394e-04	7.990377e-05	0.000000e+00	1.015901e-03	0.000000e+00	3.532340e-04	1.514740e-03	0.000000e+00	0.000000e+00	5.751014e-05	0.000000e+00	4.197780e-03	2.239070e-03	1.059746e-03	1.014616e-03	0.000000e+00	0.000000e+00	0.000000e+00	0.000000e+00	0.000000e+00	1.022058e-03	1.126188e-04	0.000000e+00	0.000000e+00	5.870089e-04	3.704899e-05	0.000000e+00	4.166028e-01	1.498032e-01
4.145794e-01	1.725243e-05	0.000000e+00	0.000000e+00	0.000000e+00	0.000000e+00	5.502795e-04	0.000000e+00	0.000000e+00	1.002489e-03	0.000000e+00	0.000000e+00	0.000000e+00	0.000000e+00	0.000000e+00	1.059047e-03	3.948281e-04	5.239747e-04	0.000000e+00	0.000000e+00	5.441731e-02	0.000000e+00	5.095568e-04	1.926346e-03	0.000000e+00	0.000000e+00	0.000000e+00	1.840145e-03	0.000000e+00	0.000000e+00	4.145794e-01	1.859311e-01
4.122281e-01	1.940899e-05	1.024204e-02	0.000000e+00	0.000000e+00	0.000000e+00	2.607272e-03	0.000000e+00	1.766170e-04	1.013496e-03	0.000000e+00	0.000000e+00	0.000000e+00	7.623625e-05	1.250520e-03	5.968029e-03	0.000000e+00	0.000000e+00	0.000000e+00	0.000000e+00	0.000000e+00	0.000000e+00	2.245073e-04	1.804553e-03	0.000000e+00	3.486996e-03	0.000000e+00	1.504987e-02	0.000000e+00	0.000000e+00	4.122281e-01	2.123026e-01
2.557858e-01	0.000000e+00	0.000000e+00	0.000000e+00	0.000000e+00	0.000000e+00	1.354993e-04	0.000000e+00	0.000000e+00	0.000000e+00	0.000000e+00	0.000000e+00	0.000000e+00	0.000000e+00	0.000000e+00	1.279469e-03	6.605911e-04	1.563603e-03	0.000000e+00	0.000000e+00	0.000000e+00	0.000000e+00	0.000000e+00	0.000000e+00	8.042908e-05	0.000000e+00	0.000000e+00	0.000000e+00	7.409798e-05	0.000000e+00	2.557858e-01	2.435550e-01
2.557858e-01	0.000000e+00	0.000000e+00	0.000000e+00	0.000000e+00	0.000000e+00	1.354993e-04	0.000000e+00	0.000000e+00	0.000000e+00	0.000000e+00	0.000000e+00	0.000000e+00	0.000000e+00	0.000000e+00	1.279469e-03	6.605911e-04	1.563603e-03	0.000000e+00	0.000000e+00	0.000000e+00	0.000000e+00	0.000000e+00	0.000000e+00	8.042908e-05	0.000000e+00	0.000000e+00	0.000000e+00	7.409798e-05	0.000000e+00	2.557858e-01	2.435550e-01
2.557858e-01	0.000000e+00	0.000000e+00	0.000000e+00	0.000000e+00	0.000000e+00	1.354993e-04	0.000000e+00	0.000000e+00	0.000000e+00	0.000000e+00	0.000000e+00	0.000000e+00	0.000000e+00	0.000000e+00	1.279469e-03	6.605911e-04	1.563603e-03	0.000000e+00	0.000000e+00	0.000000e+00	0.000000e+00	0.000000e+00	0.000000e+00	8.042908e-05	0.000000e+00	0.000000e+00	0.000000e+00	7.409798e-05	0.000000e+00	2.557858e-01	2.435550e-01
2.557858e-01	0.000000e+00	0.000000e+00	0.000000e+00	0.000000e+00	0.000000e+00	1.354993e-04	0.000000e+00	0.000000e+00	0.000000e+00	0.000000e+00	0.000000e+00	0.000000e+00	0.000000e+00	0.000000e+00	1.279469e-03	6.605911e-04	1.563603e-03	0.000000e+00	0.000000e+00	0.000000e+00	0.000000e+00	0.000000e+00	0.000000e+00	8.042908e-05	0.000000e+00	0.000000e+00	0.000000e+00	7.409798e-05	0.000000e+00	2.557858e-01	2.435550e-01
2.557858e-01	0.000000e+00	0.000000e+00	0.000000e+00	0.000000e+00	0.000000e+00	1.354993e-04	0.000000e+00	0.000000e+00	0.000000e+00	0.000000e+00	0.000000e+00	0.000000e+00	0.000000e+00	0.000000e+00	1.279469e-03	6.605911e-04	1.563603e-03	0.000000e+00	0.000000e+00	0.000000e+00	0.000000e+00	0.000000e+00	0.000000e+00	8.042908e-05	0.000000e+00	0.000000e+00	0.000000e+00	7.409798e-05	0.000000e+00	2.557858e-01	2.435550e-01
2.557858e-01	0.000000e+00	0.000000e+00	0.000000e+00	0.000000e+00	0.000000e+00	1.354993e-04	0.000000e+00	0.000000e+00	0.000000e+00	0.000000e+00	0.000000e+00	0.000000e+00	0.000000e+00	0.000000e+00	1.279469e-03	6.605911e-04	1.563603e-03	0.000000e+00	0.000000e+00	0.000000e+00	0.000000e+00	0.000000e+00	0.000000e+00	8.042908e-05	0.000000e+00	0.000000e+00	0.000000e+00	7.409798e-05	0.000000e+00	2.557858e-01	2.435550e-01
2.557858e-01	0.000000e+00	0.000000e+00	0.000000e+00	0.000000e+00	0.000000e+00	1.354993e-04	0.000000e+00	0.000000e+00	0.000000e+00	0.000000e+00	0.000000e+00	0.000000e+00	0.000000e+00	0.000000e+00	1.279469e-03	6.605911e-04	1.563603e-03	0.000000e+00	0.000000e+00	0.000000e+00	0.000000e+00	0.000000e+00	0.000000e+00	8.042908e-05	0.000000e+00	0.000000e+00	0.000000e+00	7.409798e-05	0.000000e+00	2.557858e-01	2.435550e-01
2.557858e-01	0.000000e+00	0.000000e+00	0.000000e+00	0.000000e+00	0.000000e+00	1.354993e-04	0.000000e+00	0.000000e+00	0.000000e+00	0.000000e+00	0.000000e+00	0.000000e+00	0.000000e+00	0.000000e+00	1.279469e-03	6.605911e-04	1.563603e-03	0.000000e+00	0.000000e+00	0.000000e+00	0.000000e+00	0.000000e+00	0.000000e+00	8.042908e-05	0.000000e+00	0.000000e+00	0.000000e+00	7.409798e-05	0.000000e+00	2.557858e-01	2.435550e-01
2.557858e-01	0.000000e+00	0.000000e+00	0.000000e+00	0.000000e+00	0.000000e+00	1.354993e-04	0.000000e+00	0.000000e+00	0.000000e+00	0.000000e+00	0.000000e+00	0.000000e+00	0.000000e+00	0.000000e+00	1.279469e-03	6.605911e-04	1.563603e-03	0.000000e+00	0.000000e+00	0.000000e+00	0.000000e+00	0.000000e+00	0.000000e+00	8.042908e-05	0.000000e+00	0.000000e+00	0.000000e+00	7.409798e-05	0.000000e+00	2.557858e-01	2.435550e-01
2.439821e-01	0.000000e+00	0.000000e+00	0.000000e+00	0.000000e+00	0.000000e+00	6.772671e-04	0.000000e+00	0.000000e+00	9.306952e-04	0.000000e+00	0.000000e+00	1.150203e-04	0.000000e+00	3.901814e-03	2.558937e-03	3.747596e-04	7.433701e-04	0.000000e+00	0.000000e+00	0.000000e+00	0.000000e+00	0.000000e+00	0.000000e+00	9.653903e-05	0.000000e+00	0.000000e+00	2.838886e-03	6.462460e-05	0.000000e+00	2.439821e-01	2.692955e-01
2.376016e-01	0.000000e+00	0.000000e+00	0.000000e+00	0.000000e+00	0.000000e+00	2.539752e-04	0.000000e+00	0.000000e+00	5.049135e-04	0.000000e+00	0.000000e+00	0.000000e+00	0.000000e+00	1.691507e-03	6.397343e-04	4.631770e-04	1.301616e-03	0.000000e+00	0.000000e+00	0.000000e+00	0.000000e+00	0.000000e+00	0.000000e+00	4.564486e-05	0.000000e+00	0.000000e+00	0.000000e+00	1.128727e-04	0.000000e+00	2.376016e-01	2.939283e-01
2.292607e-01	0.000000e+00	0.000000e+00	0.000000e+00	0.000000e+00	0.000000e+00	1.015901e-03	0.000000e+00	0.000000e+00	0.000000e+00	0.000000e+00	4.835356e-04	0.000000e+00	0.000000e+00	3.157700e-03	0.000000e+00	0.000000e+00	1.400425e-03	0.000000e+00	0.000000e+00	0.000000e+00	0.000000e+00	0.000000e+00	0.000000e+00	5.430320e-06	0.000000e+00	0.000000e+00	4.043450e-03	1.856488e-04	0.000000e+00	2.292607e-01	3.413222e-01
2.224219e-01	0.000000e+00	0.000000e+00	0.000000e+00	0.000000e+00	0.000000e+00	1.354993e-04	0.000000e+00	0.000000e+00	7.693770e-04	0.000000e+00	0.000000e+00	1.917005e-04	0.000000e+00	0.000000e+00	1.279469e-03	6.605911e-04	1.368140e-03	0.000000e+00	0.000000e+00	0.000000e+00	0.000000e+00	0.000000e+00	0.000000e+00	8.042908e-05	0.000000e+00	0.000000e+00	0.000000e+00	7.409798e-05	0.000000e+00	2.224219e-01	3.854291e-01
2.165599e-01	1.884630e-03	0.000000e+00	0.000000e+00	0.000000e+00	0.000000e+00	2.708839e-04	0.000000e+00	0.000000e+00	3.726817e-04	0.000000e+00	0.000000e+00	1.917005e-04	0.000000e+00	0.000000e+00	2.132448e-04	0.000000e+00	4.475553e-04	1.429978e-03	0.000000e+00	2.899592e-02	0.000000e+00	1.839216e-02	0.000000e+00	1.867427e-05	1.549776e-03	0.000000e+00	0.000000e+00	1.633607e-04	0.000000e+00	2.165599e-01	4.398488e-01
2.081356e-01	0.000000e+00	6.523884e-03	0.000000e+00	0.000000e+00	0.000000e+00	0.000000e+00	0.000000e+00	0.000000e+00	5.169203e-04	0.000000e+00	0.000000e+00	0.000000e+00	1.738443e-04	1.178904e-03	0.000000e+00	1.521226e-03	2.474997e-05	0.000000e+00	0.000000e+00	0.000000e+00	0.000000e+00	0.000000e+00	0.000000e+00	1.375681e-04	0.000000e+00	0.000000e+00	9.238074e-03	1.644990e-04	0.000000e+00	2.081356e-01	4.958303e-01
1.998779e-01	1.884630e-03	0.000000e+00	0.000000e+00	0.000000e+00	0.000000e+00	3.386336e-04	0.000000e+00	0.000000e+00	3.726817e-04	0.000000e+00	0.000000e+00	1.917005e-04	0.000000e+00	0.000000e+00	8.529790e-04	0.000000e+00	3.207221e-04	1.429978e-03	0.000000e+00	0.000000e+00	0.000000e+00	1.839216e-02	0.000000e+00	5.345849e-05	1.549776e-03	0.000000e+00	0.000000e+00	5.874964e-05	0.000000e+00	1.998779e-01	5.598247e-01
1.914536e-01	0.000000e+00	0.000000e+00	0.000000e+00	0.000000e+00	0.000000e+00	1.693168e-04	0.000000e+00	0.000000e+00	1.863409e-04	0.000000e+00	4.835356e-04	3.834009e-04	0.000000e+00	1.378877e-03	6.397343e-04	3.380502e-04	0.000000e+00	7.149888e-04	0.000000e+00	0.000000e+00	0.000000e+00	1.069586e-02	0.000000e+00	1.086064e-05	0.000000e+00	0.000000e+00	0.000000e+00	1.370335e-04	0.000000e+00	1.914536e-01	6.169058e-01
8.331559e-02	0.000000e+00	0.000000e+00	0.000000e+00	0.000000e+00	0.000000e+00	0.000000e+00	0.000000e+00	0.000000e+00	0.000000e+00	0.000000e+00	0.000000e+00	0.000000e+00	0.000000e+00	0.000000e+00	0.000000e+00	4.631770e-04	1.817270e-03	0.000000e+00	0.000000e+00	0.000000e+00	0.000000e+00	0.000000e+00	0.000000e+00	1.086064e-05	0.000000e+00	0.000000e+00	0.000000e+00	1.556865e-04	0.000000e+00	8.331559e-02	6.703074e-01
8.331559e-02	0.000000e+00	0.000000e+00	0.000000e+00	0.000000e+00	0.000000e+00	0.000000e+00	0.000000e+00	0.000000e+00	0.000000e+00	0.000000e+00	0.000000e+00	0.000000e+00	0.000000e+00	0.000000e+00	0.000000e+00	4.631770e-04	1.817270e-03	0.000000e+00	0.000000e+00	0.000000e+00	0.000000e+00	0.000000e+00	0.000000e+00	1.086064e-05	0.000000e+00	0.000000e+00	0.000000e+00	1.556865e-04	0.000000e+00	8.331559e-02	6.703074e-01
8.331559e-02	0.000000e+00	0.000000e+00	0.000000e+00	0.000000e+00	0.000000e+00	0.000000e+00	0.000000e+00	0.000000e+00	0.000000e+00	0.000000e+00	0.000000e+00	0.000000e+00	0.000000e+00	0.000000e+00	0.000000e+00	4.631770e-04	1.817270e-03	0.000000e+00	0.000000e+00	0.000000e+00	0.000000e+00	0.000000e+00	0.000000e+00	1.086064e-05	0.000000e+00	0.000000e+00	0.000000e+00	1.556865e-04	0.000000e+00	8.331559e-02	6.703074e-01
8.331559e-02	0.000000e+00	0.000000e+00	0.000000e+00	0.000000e+00	0.000000e+00	0.000000e+00	0.000000e+00	0.000000e+00	0.000000e+00	0.000000e+00	0.000000e+00	0.000000e+00	0.000000e+00	0.000000e+00	0.000000e+00	4.631770e-04	1.817270e-03	0.000000e+00	0.000000e+00	0.000000e+00	0.000000e+00	0.000000e+00	0.000000e+00	1.086064e-05	0.000000e+00	0.000000e+00	0.000000e+00	1.556865e-04	0.000000e+00	8.331559e-02	6.703074e-01
8.331559e-02	0.000000e+00	0.000000e+00	0.000000e+00	0.000000e+00	0.000000e+00	0.000000e+00	0.000000e+00	0.000000e+00	0.000000e+00	0.000000e+00	9.670712e-04	0.000000e+00	0.000000e+00	0.000000e+00	0.000000e+00	3.380502e-04	1.817270e-03	0.000000e+00	0.000000e+00	0.000000e+00	0.000000e+00	0.000000e+00	0.000000e+00	1.086064e-05	0.000000e+00	0.000000e+00	0.000000e+00	1.556865e-04	0.000000e+00	8.331559e-02	6.705310e-01
8.331559e-02	0.000000e+00	0.000000e+00	0.000000e+00	0.000000e+00	0.000000e+00	0.000000e+00	0.000000e+00	0.000000e+00	0.000000e+00	0.000000e+00	9.670712e-04	0.000000e+00	0.000000e+00	0.000000e+00	0.000000e+00	3.380502e-04	1.817270e-03	0.000000e+00	0.000000e+00	0.000000e+00	0.000000e+00	0.000000e+00	0.000000e+00	1.086064e-05	0.000000e+00	0.000000e+00	0.000000e+00	1.556865e-04	0.000000e+00	8.331559e-02	6.705310e-01
7.545074e-02	0.000000e+00	0.000000e+00	0.000000e+00	0.000000e+00	0.000000e+00	0.000000e+00	0.000000e+00	0.000000e+00	0.000000e+00	0.000000e+00	0.000000e+00	1.054353e-04	0.000000e+00	1.378877e-03	1.919203e-03	0.000000e+00	0.000000e+00	0.000000e+00	0.000000e+00	0.000000e+00	0.000000e+00	6.040335e-04	0.000000e+00	9.563398e-05	5.520397e-04	0.000000e+00	0.000000e+00	1.855020e-04	0.000000e+00	7.545074e-02	6.740221e-01
5.721119e-02	0.000000e+00	0.000000e+00	0.000000e+00	0.000000e+00	0.000000e+00	0.000000e+00	0.000000e+00	0.000000e+00	0.000000e+00	0.000000e+00	4.835356e-04	0.000000e+00	0.000000e+00	0.000000e+00	1.705958e-03	0.000000e+00	1.094021e-03	0.000000e+00	0.000000e+00	0.000000e+00	0.000000e+00	6.040335e-04	0.000000e+00	8.748849e-06	2.756111e-04	0.000000e+00	0.000000e+00	1.530428e-04	0.000000e+00	5.721119e-02	7.062438e-01
4.559022e-02	0.000000e+00	0.000000e+00	0.000000e+00	0.000000e+00	0.000000e+00	0.000000e+00	0.000000e+00	0.000000e+00	0.000000e+00	0.000000e+00	1.934142e-03	0.000000e+00	0.000000e+00	0.000000e+00	2.132448e-04	8.028693e-04	1.492742e-03	0.000000e+00	0.000000e+00	0.000000e+00	0.000000e+00	0.000000e+00	0.000000e+00	1.086064e-05	0.000000e+00	0.000000e+00	0.000000e+00	1.556865e-04	0.000000e+00	4.559022e-02	7.426058e-01
3.110679e-02	0.000000e+00	0.000000e+00	0.000000e+00	0.000000e+00	0.000000e+00	9.481511e-04	0.000000e+00	0.000000e+00	0.000000e+00	0.000000e+00	0.000000e+00	0.000000e+00	0.000000e+00	0.000000e+00	3.411916e-03	8.203306e-03	1.553628e-03	0.000000e+00	0.000000e+00	0.000000e+00	0.000000e+00	6.040335e-04	0.000000e+00	0.000000e+00	2.756111e-04	0.000000e+00	0.000000e+00	1.503991e-04	0.000000e+00	3.110679e-02	8.021292e-01
1.304074e-02	0.000000e+00	0.000000e+00	0.000000e+00	0.000000e+00	0.000000e+00	0.000000e+00	0.000000e+00	0.000000e+00	0.000000e+00	0.000000e+00	9.670712e-04	0.000000e+00	0.000000e+00	0.000000e+00	2.639796e-02	3.380502e-04	1.674544e-03	0.000000e+00	0.000000e+00	0.000000e+00	0.000000e+00	1.208067e-03	0.000000e+00	3.228024e-05	5.512222e-04	0.000000e+00	0.000000e+00	1.556865e-04	0.000000e+00	1.304074e-02	8.897773e-01
0.000000e+00	0.000000e+00	0.000000e+00	0.000000e+00	0.000000e+00	0.000000e+00	0.000000e+00	0.000000e+00	0.000000e+00	0.000000e+00	0.000000e+00	4.835356e-04	0.000000e+00	0.000000e+00	0.000000e+00	2.132448e-04	1.098663e-03	6.590539e-04	0.000000e+00	0.000000e+00	0.000000e+00	0.000000e+00	0.000000e+00	0.000000e+00	0.000000e+00	2.764286e-04	0.000000e+00	0.000000e+00	1.177930e-04	0.000000e+00	0.000000e+00	1.000884e+00
