8.506293e-01	0.000000e+00	0.000000e+00	4.589107e-04	0.000000e+00	1.769024e-05	0.000000e+00	0.000000e+00	0.000000e+00	6.899743e-04	1.705254e-04	5.081390e-03	2.332934e-02	2.498835e-03	0.000000e+00	7.750449e-04	2.159683e-03	0.000000e+00	0.000000e+00	0.000000e+00	0.000000e+00	1.295624e-02	0.000000e+00	1.352738e-03	0.000000e+00	0.000000e+00	0.000000e+00	1.403818e-03	4.844960e-04	0.000000e+00	8.506293e-01	-7.641376e-01
8.506293e-01	0.000000e+00	0.000000e+00	4.589107e-04	0.000000e+00	1.769024e-05	0.000000e+00	0.000000e+00	0.000000e+00	6.899743e-04	1.705254e-04	5.081390e-03	2.332934e-02	2.498835e-03	0.000000e+00	7.750449e-04	2.159683e-03	0.000000e+00	0.000000e+00	0.000000e+00	0.000000e+00	1.295624e-02	0.000000e+00	1.352738e-03	0.000000e+00	0.000000e+00	0.000000e+00	1.403818e-03	4.844960e-04	0.000000e+00	8.506293e-01	-7.641376e-01
8.468198e-01	0.000000e+00	0.000000e+00	0.000000e+00	9.598176e-04	0.000000e+00	3.909394e-04	8.803086e-04	0.000000e+00	8.334814e-04	1.682577e-02	3.670174e-03	2.499884e-02	4.706220e-03	2.316121e-03	6.996605e-04	0.000000e+00	0.000000e+00	6.190006e-04	8.192211e-05	4.293122e-04	1.561808e-02	7.662629e-04	0.000000e+00	8.368857e-03	0.000000e+00	0.000000e+00	0.000000e+00	0.000000e+00	0.000000e+00	8.468198e-01	-7.489844e-01
8.451149e-01	0.000000e+00	0.000000e+00	0.000000e+00	0.000000e+00	0.000000e+00	0.000000e+00	0.000000e+00	0.000000e+00	0.000000e+00	1.932052e-02	0.000000e+00	1.662845e-02	4.344406e-03	9.251535e-04	3.315965e-03	0.000000e+00	3.437372e-03	0.000000e+00	2.133349e-02	0.000000e+00	0.000000e+00	0.000000e+00	0.000000e+00	8.005118e-03	0.000000e+00	0.000000e+00	1.839608e-02	0.000000e+00	0.000000e+00	8.451149e-01	-7.383341e-01
8.423273e-01	0.000000e+00	5.513499e-03	0.000000e+00	0.000000e+00	0.000000e+00	3.127515e-04	1.071680e-03	2.641655e-03	0.000000e+00	8.831776e-03	0.000000e+00	4.246991e-04	0.000000e+00	0.000000e+00	6.030755e-04	0.000000e+00	6.445072e-04	0.000000e+00	0.000000e+00	4.906425e-04	0.000000e+00	7.662629e-04	0.000000e+00	9.225354e-03	0.000000e+00	0.000000e+00	0.000000e+00	0.000000e+00	0.000000e+00	8.423273e-01	-7.306224e-01
8.417691e-01	2.880327e-04	0.000000e+00	0.000000e+00	0.000000e+00	0.000000e+00	1.877403e-04	0.000000e+00	3.797298e-03	2.155457e-03	6.557412e-03	0.000000e+00	4.246991e-04	2.207385e-03	0.000000e+00	3.359311e-03	2.159683e-03	3.362224e-03	0.000000e+00	5.243015e-04	2.453213e-04	0.000000e+00	3.831314e-04	0.000000e+00	8.005118e-03	0.000000e+00	2.152934e-03	2.861865e-03	4.302146e-04	9.961488e-05	8.417691e-01	-7.246616e-01
8.406246e-01	0.000000e+00	6.704575e-03	8.705971e-04	1.373725e-03	1.769024e-05	0.000000e+00	6.123886e-04	0.000000e+00	1.379949e-03	1.705254e-04	5.081390e-03	3.551349e-03	4.414770e-03	9.308506e-03	0.000000e+00	0.000000e+00	0.000000e+00	0.000000e+00	0.000000e+00	0.000000e+00	1.943437e-02	8.712382e-04	2.705476e-03	5.290531e-03	0.000000e+00	0.000000e+00	0.000000e+00	0.000000e+00	0.000000e+00	8.406246e-01	-7.108536e-01
8.406016e-01	2.880327e-04	0.000000e+00	0.000000e+00	0.000000e+00	0.000000e+00	0.000000e+00	0.000000e+00	6.480881e-03	0.000000e+00	7.042280e-03	0.000000e+00	2.232807e-02	3.922995e-03	2.070589e-03	4.094303e-04	3.599472e-04	4.427442e-04	0.000000e+00	2.621507e-04	7.972941e-04	1.465206e-04	0.000000e+00	0.000000e+00	0.000000e+00	0.000000e+00	2.093533e-03	1.341029e-02	7.114974e-03	0.000000e+00	8.406016e-01	-7.097300e-01
8.386745e-01	0.000000e+00	7.737111e-03	1.875908e-03	0.000000e+00	1.769024e-05	0.000000e+00	1.377874e-03	0.000000e+00	0.000000e+00	1.225657e-02	3.826724e-03	8.493981e-04	2.324699e-04	1.924341e-02	7.750449e-04	2.159683e-03	7.196547e-04	0.000000e+00	1.491897e-03	0.000000e+00	6.369129e-04	1.149394e-03	3.483439e-04	3.053341e-03	0.000000e+00	0.000000e+00	0.000000e+00	5.412832e-03	7.568372e-04	8.386745e-01	-6.911391e-01
8.378538e-01	0.000000e+00	0.000000e+00	1.875908e-03	0.000000e+00	1.769024e-05	0.000000e+00	0.000000e+00	0.000000e+00	6.899743e-04	2.300862e-03	3.826724e-03	8.493981e-04	2.498835e-03	1.924341e-02	7.750449e-04	2.159683e-03	1.502950e-04	0.000000e+00	1.967960e-03	0.000000e+00	1.193727e-04	0.000000e+00	1.352738e-03	3.053341e-03	0.000000e+00	0.000000e+00	1.773020e-02	5.412832e-03	0.000000e+00	8.378538e-01	-6.821145e-01
8.378538e-01	0.000000e+00	0.000000e+00	1.875908e-03	0.000000e+00	1.769024e-05	0.000000e+00	0.000000e+00	0.000000e+00	6.899743e-04	2.300862e-03	3.826724e-03	8.493981e-04	2.498835e-03	1.924341e-02	7.750449e-04	2.159683e-03	1.502950e-04	0.000000e+00	1.967960e-03	0.000000e+00	1.193727e-04	0.000000e+00	1.352738e-03	3.053341e-03	0.000000e+00	0.000000e+00	1.773020e-02	5.412832e-03	0.000000e+00	8.378538e-01	-6.821145e-01
8.378538e-01	0.000000e+00	0.000000e+00	1.875908e-03	0.000000e+00	1.769024e-05	0.000000e+00	0.000000e+00	0.000000e+00	6.899743e-04	2.300862e-03	3.826724e-03	8.493981e-04	2.498835e-03	1.924341e-02	7.750449e-04	2.159683e-03	1.502950e-04	0.000000e+00	1.967960e-03	0.000000e+00	1.193727e-04	0.000000e+00	1.352738e-03	3.053341e-03	0.000000e+00	0.000000e+00	1.773020e-02	5.412832e-03	0.000000e+00	8.378538e-01	-6.821145e-01
8.348992e-01	5.760653e-04	3.058537e-03	2.161310e-04	8.146768e-04	0.000000e+00	0.000000e+00	0.000000e+00	4.645224e-03	0.000000e+00	9.123952e-03	0.000000e+00	2.123495e-04	0.000000e+00	0.000000e+00	1.507689e-04	4.319367e-03	6.445072e-04	0.000000e+00	0.000000e+00	1.349267e-03	4.051903e-04	0.000000e+00	0.000000e+00	1.454954e-03	0.000000e+00	0.000000e+00	2.807635e-03	9.689920e-04	0.000000e+00	8.348992e-01	-6.512322e-01
8.348992e-01	5.760653e-04	3.058537e-03	2.161310e-04	8.146768e-04	0.000000e+00	0.000000e+00	0.000000e+00	4.645224e-03	0.000000e+00	9.123952e-03	0.000000e+00	2.123495e-04	0.000000e+00	0.000000e+00	1.507689e-04	4.319367e-03	6.445072e-04	0.000000e+00	0.000000e+00	1.349267e-03	4.051903e-04	0.000000e+00	0.000000e+00	1.454954e-03	0.000000e+00	0.000000e+00	2.807635e-03	9.689920e-04	0.000000e+00	8.348992e-01	-6.512322e-01
8.337734e-01	0.000000e+00	3.221365e-03	2.280867e-03	9.598176e-04	2.653535e-05	0.000000e+00	0.000000e+00	0.000000e+00	6.899743e-04	0.000000e+00	5.740085e-03	1.274097e-03	3.217776e-03	1.861659e-03	1.457036e-04	3.239525e-03	0.000000e+00	0.000000e+00	8.519899e-04	1.619114e-02	2.196757e-03	0.000000e+00	2.705476e-03	3.539453e-03	0.000000e+00	8.527934e-03	1.002057e-02	5.401525e-03	3.941664e-05	8.337734e-01	-6.286536e-01
8.329704e-01	0.000000e+00	1.239929e-02	2.191676e-04	0.000000e+00	0.000000e+00	3.127515e-04	0.000000e+00	2.111384e-03	1.841918e-03	5.902646e-04	4.398670e-03	1.126100e-03	3.428715e-03	0.000000e+00	3.015377e-04	0.000000e+00	1.289014e-03	0.000000e+00	0.000000e+00	1.165276e-03	1.393198e-03	0.000000e+00	4.098852e-03	0.000000e+00	0.000000e+00	0.000000e+00	1.200647e-02	6.474574e-03	1.140380e-02	8.329704e-01	-6.183123e-01
8.324258e-01	5.760653e-04	0.000000e+00	2.753481e-04	0.000000e+00	0.000000e+00	0.000000e+00	3.061943e-04	4.013922e-03	0.000000e+00	8.109615e-03	1.322797e-03	0.000000e+00	1.091506e-02	0.000000e+00	0.000000e+00	8.638733e-03	1.409505e-03	0.000000e+00	0.000000e+00	4.293122e-04	0.000000e+00	0.000000e+00	0.000000e+00	5.395335e-03	0.000000e+00	0.000000e+00	0.000000e+00	0.000000e+00	3.144617e-03	8.324258e-01	-6.135795e-01
8.314614e-01	2.880327e-04	4.670379e-03	0.000000e+00	0.000000e+00	5.128745e-05	0.000000e+00	0.000000e+00	0.000000e+00	0.000000e+00	0.000000e+00	3.151779e-03	6.370486e-04	1.608888e-03	3.268962e-03	3.263199e-04	0.000000e+00	1.409505e-03	0.000000e+00	1.474598e-03	3.373167e-04	1.386992e-03	0.000000e+00	0.000000e+00	4.669758e-03	0.000000e+00	5.985824e-03	5.010287e-03	2.700762e-03	1.970832e-05	8.314614e-01	-5.999703e-01
8.314614e-01	2.880327e-04	4.670379e-03	0.000000e+00	0.000000e+00	5.128745e-05	0.000000e+00	0.000000e+00	0.000000e+00	0.000000e+00	0.000000e+00	3.151779e-03	6.370486e-04	1.608888e-03	3.268962e-03	3.263199e-04	0.000000e+00	1.409505e-03	0.000000e+00	1.474598e-03	3.373167e-04	1.386992e-03	0.000000e+00	0.000000e+00	4.669758e-03	0.000000e+00	5.985824e-03	5.010287e-03	2.700762e-03	1.970832e-05	8.314614e-01	-5.999703e-01
8.299415e-01	5.760653e-04	1.547422e-02	0.000000e+00	0.000000e+00	1.769024e-05	0.000000e+00	0.000000e+00	7.620795e-03	3.333926e-03	0.000000e+00	0.000000e+00	0.000000e+00	4.414770e-03	2.915572e-03	3.015377e-04	4.319367e-03	4.577076e-04	0.000000e+00	2.064437e-03	1.226606e-03	1.295624e-02	0.000000e+00	1.576201e-03	2.440472e-03	0.000000e+00	0.000000e+00	5.723730e-03	8.604293e-04	0.000000e+00	8.299415e-01	-5.703020e-01
8.289768e-01	0.000000e+00	9.286787e-04	4.049590e-04	7.198632e-04	4.686489e-05	0.000000e+00	0.000000e+00	0.000000e+00	0.000000e+00	1.123932e-03	2.134056e-03	2.805604e-03	0.000000e+00	1.230755e-02	1.104539e-03	0.000000e+00	0.000000e+00	0.000000e+00	0.000000e+00	0.000000e+00	1.607117e-03	0.000000e+00	1.312100e-03	0.000000e+00	0.000000e+00	7.082032e-03	1.144746e-02	0.000000e+00	0.000000e+00	8.289768e-01	-5.578374e-01
8.289768e-01	0.000000e+00	9.286787e-04	4.049590e-04	7.198632e-04	4.686489e-05	0.000000e+00	0.000000e+00	0.000000e+00	0.000000e+00	1.123932e-03	2.134056e-03	2.805604e-03	0.000000e+00	1.230755e-02	1.104539e-03	0.000000e+00	0.000000e+00	0.000000e+00	0.000000e+00	0.000000e+00	1.607117e-03	0.000000e+00	1.312100e-03	0.000000e+00	0.000000e+00	7.082032e-03	1.144746e-02	0.000000e+00	0.000000e+00	8.289768e-01	-5.578374e-01
8.278477e-01	0.000000e+00	3.912486e-04	1.302859e-03	1.512297e-03	2.653535e-05	1.877403e-04	0.000000e+00	2.431280e-03	0.000000e+00	3.574138e-03	2.908547e-03	3.185243e-04	5.505672e-03	6.318971e-03	5.011876e-04	1.079842e-03	1.567941e-03	0.000000e+00	1.359907e-03	0.000000e+00	1.607117e-03	7.960653e-04	0.000000e+00	5.686926e-03	0.000000e+00	3.525050e-02	0.000000e+00	4.950951e-03	6.388849e-03	8.278477e-01	-5.309683e-01
8.266034e-01	0.000000e+00	3.059568e-03	0.000000e+00	2.399544e-03	0.000000e+00	0.000000e+00	0.000000e+00	4.421736e-03	0.000000e+00	5.619661e-04	0.000000e+00	2.676899e-03	5.505672e-03	5.677301e-03	0.000000e+00	3.239525e-03	1.890194e-03	0.000000e+00	0.000000e+00	0.000000e+00	2.423089e-03	7.960653e-04	0.000000e+00	5.618563e-04	0.000000e+00	9.458689e-04	0.000000e+00	5.401525e-03	6.780039e-04	8.266034e-01	-5.155350e-01
8.260739e-01	0.000000e+00	1.642922e-02	0.000000e+00	1.919635e-03	4.686489e-05	1.877403e-04	0.000000e+00	4.697624e-03	0.000000e+00	0.000000e+00	1.408682e-04	0.000000e+00	0.000000e+00	3.431472e-03	9.270974e-04	1.619763e-03	0.000000e+00	1.748636e-02	1.645560e-03	4.599774e-04	4.519093e-03	0.000000e+00	0.000000e+00	6.110324e-03	0.000000e+00	4.424671e-03	0.000000e+00	0.000000e+00	0.000000e+00	8.260739e-01	-5.014908e-01
8.260739e-01	1.644711e-02	1.642922e-02	0.000000e+00	1.919635e-03	2.785501e-05	3.754805e-04	0.000000e+00	4.697624e-03	0.000000e+00	0.000000e+00	2.817364e-04	0.000000e+00	0.000000e+00	2.817313e-03	9.270974e-04	1.619763e-03	0.000000e+00	1.748636e-02	1.645560e-03	4.599774e-04	7.356375e-03	6.635615e-04	0.000000e+00	6.720441e-03	0.000000e+00	3.595045e-03	0.000000e+00	0.000000e+00	3.390019e-04	8.260739e-01	-4.981133e-01
8.249660e-01	5.943366e-04	6.471901e-04	5.240984e-05	2.399544e-03	0.000000e+00	3.754805e-04	0.000000e+00	1.928164e-04	3.320170e-04	0.000000e+00	2.817364e-04	0.000000e+00	2.752836e-03	5.405158e-03	7.924013e-04	1.079842e-03	3.524064e-02	0.000000e+00	2.967728e-03	3.066516e-04	6.226963e-03	1.327123e-03	0.000000e+00	8.702214e-03	0.000000e+00	0.000000e+00	0.000000e+00	5.435447e-03	6.780039e-04	8.249660e-01	-4.780896e-01
8.238580e-01	1.783010e-03	3.341216e-04	4.208282e-04	3.599316e-04	0.000000e+00	2.148338e-04	0.000000e+00	0.000000e+00	1.031839e-03	0.000000e+00	4.038210e-04	0.000000e+00	2.752836e-03	4.364962e-03	4.936443e-04	1.079842e-03	0.000000e+00	0.000000e+00	2.002753e-03	3.066516e-04	0.000000e+00	0.000000e+00	0.000000e+00	5.644932e-03	0.000000e+00	2.225128e-04	0.000000e+00	1.759003e-03	0.000000e+00	8.238580e-01	-4.650173e-01
6.532919e-01	0.000000e+00	1.252274e-03	0.000000e+00	1.919635e-03	3.801978e-05	3.754805e-04	0.000000e+00	4.730418e-04	0.000000e+00	0.000000e+00	2.817364e-04	0.000000e+00	0.000000e+00	4.676265e-03	7.170169e-04	0.000000e+00	0.000000e+00	0.000000e+00	2.097206e-03	0.000000e+00	1.154453e-03	0.000000e+00	8.356752e-04	5.955193e-03	0.000000e+00	4.424671e-03	0.000000e+00	0.000000e+00	0.000000e+00	6.532919e-01	-4.535852e-01
6.532919e-01	0.000000e+00	1.252274e-03	0.000000e+00	1.919635e-03	3.801978e-05	3.754805e-04	0.000000e+00	4.730418e-04	0.000000e+00	0.000000e+00	2.817364e-04	0.000000e+00	0.000000e+00	4.676265e-03	7.170169e-04	0.000000e+00	0.000000e+00	0.000000e+00	2.097206e-03	0.000000e+00	1.154453e-03	0.000000e+00	8.356752e-04	5.955193e-03	0.000000e+00	4.424671e-03	0.000000e+00	0.000000e+00	0.000000e+00	6.532919e-01	-4.535852e-01
6.532919e-01	0.000000e+00	1.252274e-03	0.000000e+00	1.919635e-03	3.801978e-05	3.754805e-04	0.000000e+00	4.730418e-04	0.000000e+00	0.000000e+00	2.817364e-04	0.000000e+00	0.000000e+00	4.676265e-03	7.170169e-04	0.000000e+00	0.000000e+00	0.000000e+00	2.097206e-03	0.000000e+00	1.154453e-03	0.000000e+00	8.356752e-04	5.955193e-03	0.000000e+00	4.424671e-03	0.000000e+00	0.000000e+00	0.000000e+00	6.532919e-01	-4.535852e-01
6.532919e-01	0.000000e+00	1.252274e-03	0.000000e+00	1.919635e-03	3.801978e-05	3.754805e-04	0.000000e+00	4.730418e-04	0.000000e+00	0.000000e+00	2.817364e-04	0.000000e+00	0.000000e+00	4.676265e-03	7.170169e-04	0.000000e+00	0.000000e+00	0.000000e+00	2.097206e-03	0.000000e+00	1.154453e-03	0.000000e+00	8.356752e-04	5.955193e-03	0.000000e+00	4.424671e-03	0.000000e+00	0.000000e+00	0.000000e+00	6.532919e-01	-4.535852e-01
6.510760e-01	2.377346e-03	6.261369e-04	0.000000e+00	9.414763e-03	1.887048e-05	5.418703e-05	0.000000e+00	2.234886e-04	1.399644e-03	0.000000e+00	5.259057e-04	0.000000e+00	0.000000e+00	2.595872e-03	1.195028e-04	0.000000e+00	9.677062e-04	0.000000e+00	1.672555e-04	0.000000e+00	4.390197e-04	2.654246e-03	0.000000e+00	7.207518e-03	0.000000e+00	4.869697e-03	0.000000e+00	1.420758e-03	5.968619e-04	6.510760e-01	-4.509791e-01
6.464269e-01	0.000000e+00	3.025418e-04	4.208282e-04	3.599316e-04	0.000000e+00	3.131983e-04	0.000000e+00	0.000000e+00	0.000000e+00	0.000000e+00	0.000000e+00	0.000000e+00	0.000000e+00	2.338133e-03	5.862958e-04	0.000000e+00	0.000000e+00	0.000000e+00	2.685687e-03	0.000000e+00	0.000000e+00	0.000000e+00	1.290691e-03	5.644932e-03	0.000000e+00	2.462757e-03	0.000000e+00	1.759003e-03	0.000000e+00	6.464269e-01	-4.429912e-01
6.439937e-01	1.003213e-03	0.000000e+00	2.871707e-04	0.000000e+00	1.159697e-04	1.254581e-04	0.000000e+00	3.878076e-03	7.286592e-03	0.000000e+00	0.000000e+00	1.631420e-04	0.000000e+00	4.508934e-03	0.000000e+00	0.000000e+00	4.696030e-03	0.000000e+00	1.478245e-03	0.000000e+00	2.761998e-04	2.844932e-03	0.000000e+00	8.146657e-03	0.000000e+00	6.748263e-03	0.000000e+00	0.000000e+00	1.417392e-03	6.439937e-01	-4.270515e-01
6.417679e-01	0.000000e+00	8.737249e-04	2.426367e-04	0.000000e+00	3.801978e-05	0.000000e+00	0.000000e+00	4.982187e-03	3.578785e-05	0.000000e+00	0.000000e+00	0.000000e+00	0.000000e+00	6.633477e-03	5.975141e-04	0.000000e+00	1.357190e-03	0.000000e+00	1.935510e-03	0.000000e+00	5.523996e-04	0.000000e+00	0.000000e+00	7.481978e-03	0.000000e+00	1.659252e-03	0.000000e+00	1.930650e-03	0.000000e+00	6.417679e-01	-4.162535e-01
6.424043e-01	3.709205e-04	1.434652e-03	2.426367e-04	0.000000e+00	0.000000e+00	0.000000e+00	0.000000e+00	4.982187e-03	1.524684e-03	0.000000e+00	7.043368e-04	0.000000e+00	0.000000e+00	6.633477e-03	5.975141e-04	0.000000e+00	1.357190e-03	0.000000e+00	5.176317e-04	0.000000e+00	8.348061e-04	0.000000e+00	0.000000e+00	2.725347e-03	4.003488e-03	1.659252e-03	0.000000e+00	0.000000e+00	0.000000e+00	6.424043e-01	-4.205641e-01
6.382619e-01	0.000000e+00	0.000000e+00	5.213163e-03	7.927864e-03	1.900989e-05	1.877403e-04	0.000000e+00	2.105407e-03	0.000000e+00	0.000000e+00	9.766855e-04	2.069974e-04	0.000000e+00	5.203426e-03	4.182598e-04	0.000000e+00	0.000000e+00	0.000000e+00	2.997452e-03	0.000000e+00	5.896400e-04	0.000000e+00	0.000000e+00	7.986477e-03	0.000000e+00	2.212336e-03	0.000000e+00	0.000000e+00	3.187164e-04	6.382619e-01	-3.874773e-01
6.361078e-01	0.000000e+00	3.130684e-04	0.000000e+00	8.797699e-03	1.941985e-04	1.606468e-04	0.000000e+00	2.254572e-03	0.000000e+00	0.000000e+00	7.897188e-04	3.262841e-04	0.000000e+00	5.153784e-03	1.792542e-04	0.000000e+00	0.000000e+00	0.000000e+00	3.589734e-03	0.000000e+00	0.000000e+00	3.813713e-04	0.000000e+00	5.619267e-03	0.000000e+00	1.989823e-03	0.000000e+00	6.763500e-04	1.720516e-05	6.361078e-01	-3.683560e-01
6.348893e-01	3.709205e-04	8.085154e-04	2.984864e-04	0.000000e+00	0.000000e+00	3.486194e-05	0.000000e+00	1.386983e-03	1.524684e-03	0.000000e+00	1.051811e-03	0.000000e+00	0.000000e+00	1.327662e-03	5.975141e-04	7.808863e-04	7.560778e-03	0.000000e+00	9.677549e-04	0.000000e+00	5.523996e-04	0.000000e+00	3.964197e-04	3.740989e-03	4.003488e-03	0.000000e+00	0.000000e+00	0.000000e+00	0.000000e+00	6.348893e-01	-3.567348e-01
6.331759e-01	0.000000e+00	0.000000e+00	8.645901e-05	1.393609e-02	0.000000e+00	2.327403e-04	0.000000e+00	3.737773e-03	2.799287e-03	0.000000e+00	1.671635e-03	4.139948e-04	0.000000e+00	5.730586e-03	1.195028e-04	0.000000e+00	1.455492e-03	0.000000e+00	3.897699e-03	0.000000e+00	2.482695e-05	4.541880e-04	4.009813e-03	5.475418e-03	0.000000e+00	0.000000e+00	0.000000e+00	3.991205e-03	6.374329e-04	6.331759e-01	-3.333791e-01
6.311870e-01	1.854603e-04	8.599331e-04	0.000000e+00	0.000000e+00	0.000000e+00	0.000000e+00	0.000000e+00	6.934916e-04	3.482741e-03	0.000000e+00	6.573821e-04	0.000000e+00	0.000000e+00	0.000000e+00	1.848633e-04	3.904432e-04	4.150349e-03	0.000000e+00	0.000000e+00	0.000000e+00	3.449844e-04	0.000000e+00	0.000000e+00	0.000000e+00	0.000000e+00	0.000000e+00	0.000000e+00	0.000000e+00	0.000000e+00	6.311870e-01	-3.165405e-01
6.311870e-01	1.854603e-04	8.599331e-04	0.000000e+00	9.133443e-03	0.000000e+00	0.000000e+00	0.000000e+00	6.934916e-04	0.000000e+00	0.000000e+00	6.573821e-04	5.332815e-04	0.000000e+00	0.000000e+00	1.848633e-04	0.000000e+00	0.000000e+00	0.000000e+00	0.000000e+00	0.000000e+00	3.449844e-04	6.084653e-04	2.004906e-03	0.000000e+00	0.000000e+00	0.000000e+00	0.000000e+00	2.671952e-03	0.000000e+00	6.311870e-01	-3.152425e-01
6.291391e-01	1.854603e-04	0.000000e+00	3.822608e-04	0.000000e+00	0.000000e+00	0.000000e+00	0.000000e+00	4.982187e-03	4.055346e-03	0.000000e+00	1.314764e-04	0.000000e+00	0.000000e+00	0.000000e+00	8.962711e-05	0.000000e+00	4.603540e-03	0.000000e+00	1.935510e-03	0.000000e+00	0.000000e+00	4.541880e-04	1.982098e-04	1.003280e-03	8.006976e-03	0.000000e+00	0.000000e+00	0.000000e+00	2.291872e-03	6.291391e-01	-2.866697e-01
6.278306e-01	1.854603e-04	8.085154e-04	2.984864e-04	1.326461e-02	2.857893e-04	3.483870e-04	0.000000e+00	0.000000e+00	7.538087e-03	0.000000e+00	2.253891e-03	0.000000e+00	0.000000e+00	1.327662e-03	1.792542e-04	1.561773e-03	3.111556e-03	0.000000e+00	3.152311e-03	1.646832e-04	2.482695e-05	0.000000e+00	0.000000e+00	7.639909e-03	8.006976e-03	0.000000e+00	9.133029e-03	0.000000e+00	1.783369e-03	6.278306e-01	-2.624932e-01
6.268459e-01	9.273013e-05	0.000000e+00	1.492432e-04	6.632303e-03	9.504944e-06	1.741935e-04	0.000000e+00	0.000000e+00	0.000000e+00	8.855421e-05	6.198192e-04	1.034987e-04	4.155791e-02	8.249659e-04	3.883841e-04	0.000000e+00	0.000000e+00	0.000000e+00	0.000000e+00	0.000000e+00	6.878459e-05	6.087376e-04	0.000000e+00	3.819954e-03	8.006976e-03	0.000000e+00	0.000000e+00	0.000000e+00	1.593582e-04	6.268459e-01	-2.480207e-01
6.248297e-01	0.000000e+00	0.000000e+00	5.409344e-04	7.123825e-03	0.000000e+00	0.000000e+00	0.000000e+00	6.075926e-05	0.000000e+00	0.000000e+00	1.126945e-03	0.000000e+00	0.000000e+00	0.000000e+00	0.000000e+00	3.123545e-03	0.000000e+00	0.000000e+00	3.152311e-03	9.828174e-04	0.000000e+00	0.000000e+00	0.000000e+00	0.000000e+00	1.033703e-02	0.000000e+00	9.133029e-03	0.000000e+00	0.000000e+00	6.248297e-01	-2.232233e-01
6.248297e-01	0.000000e+00	0.000000e+00	5.409344e-04	7.123825e-03	0.000000e+00	0.000000e+00	0.000000e+00	6.075926e-05	0.000000e+00	0.000000e+00	1.126945e-03	0.000000e+00	0.000000e+00	0.000000e+00	0.000000e+00	3.123545e-03	0.000000e+00	0.000000e+00	3.152311e-03	9.828174e-04	0.000000e+00	0.000000e+00	0.000000e+00	0.000000e+00	1.033703e-02	0.000000e+00	9.133029e-03	0.000000e+00	0.000000e+00	6.248297e-01	-2.232233e-01
6.223505e-01	0.000000e+00	8.085154e-04	3.543360e-04	0.000000e+00	0.000000e+00	2.056688e-04	0.000000e+00	1.040237e-03	6.235989e-03	0.000000e+00	0.000000e+00	0.000000e+00	0.000000e+00	1.327662e-03	0.000000e+00	2.342659e-03	1.192302e-02	0.000000e+00	0.000000e+00	0.000000e+00	3.799074e-04	0.000000e+00	0.000000e+00	6.116446e-03	1.059123e-02	1.106168e-03	4.566514e-03	0.000000e+00	1.145936e-03	6.223505e-01	-1.817795e-01
6.206686e-01	0.000000e+00	1.965343e-03	1.212240e-04	0.000000e+00	0.000000e+00	0.000000e+00	0.000000e+00	0.000000e+00	0.000000e+00	1.771084e-04	0.000000e+00	5.169451e-03	0.000000e+00	0.000000e+00	0.000000e+00	3.123545e-03	1.740758e-03	0.000000e+00	0.000000e+00	0.000000e+00	0.000000e+00	1.217475e-03	0.000000e+00	0.000000e+00	0.000000e+00	1.106168e-03	0.000000e+00	0.000000e+00	0.000000e+00	6.206686e-01	-1.603580e-01
6.206686e-01	0.000000e+00	1.965343e-03	1.212240e-04	0.000000e+00	0.000000e+00	0.000000e+00	0.000000e+00	0.000000e+00	0.000000e+00	1.771084e-04	0.000000e+00	5.169451e-03	0.000000e+00	0.000000e+00	0.000000e+00	3.123545e-03	1.740758e-03	0.000000e+00	0.000000e+00	0.000000e+00	0.000000e+00	1.217475e-03	0.000000e+00	0.000000e+00	0.000000e+00	1.106168e-03	0.000000e+00	0.000000e+00	0.000000e+00	6.206686e-01	-1.603580e-01
4.528372e-01	0.000000e+00	0.000000e+00	0.000000e+00	0.000000e+00	0.000000e+00	0.000000e+00	0.000000e+00	6.075926e-05	0.000000e+00	1.771084e-04	0.000000e+00	0.000000e+00	0.000000e+00	3.222697e-04	0.000000e+00	0.000000e+00	0.000000e+00	0.000000e+00	0.000000e+00	9.828174e-04	0.000000e+00	1.217475e-03	0.000000e+00	0.000000e+00	0.000000e+00	0.000000e+00	0.000000e+00	0.000000e+00	0.000000e+00	4.528372e-01	-1.234029e-01
4.528372e-01	0.000000e+00	0.000000e+00	0.000000e+00	0.000000e+00	0.000000e+00	0.000000e+00	0.000000e+00	6.075926e-05	0.000000e+00	1.771084e-04	0.000000e+00	0.000000e+00	0.000000e+00	3.222697e-04	0.000000e+00	0.000000e+00	0.000000e+00	0.000000e+00	0.000000e+00	9.828174e-04	0.000000e+00	1.217475e-03	0.000000e+00	0.000000e+00	0.000000e+00	0.000000e+00	0.000000e+00	0.000000e+00	0.000000e+00	4.528372e-01	-1.234029e-01
4.528372e-01	0.000000e+00	0.000000e+00	0.000000e+00	0.000000e+00	0.000000e+00	0.000000e+00	0.000000e+00	6.075926e-05	0.000000e+00	1.771084e-04	0.000000e+00	0.000000e+00	0.000000e+00	3.222697e-04	0.000000e+00	0.000000e+00	0.000000e+00	0.000000e+00	0.000000e+00	9.828174e-04	0.000000e+00	1.217475e-03	0.000000e+00	0.000000e+00	0.000000e+00	0.000000e+00	0.000000e+00	0.000000e+00	0.000000e+00	4.528372e-01	-1.234029e-01
4.528372e-01	0.000000e+00	0.000000e+00	0.000000e+00	0.000000e+00	0.000000e+00	0.000000e+00	0.000000e+00	6.075926e-05	0.000000e+00	1.771084e-04	0.000000e+00	0.000000e+00	0.000000e+00	3.222697e-04	0.000000e+00	0.000000e+00	0.000000e+00	0.000000e+00	0.000000e+00	9.828174e-04	0.000000e+00	1.217475e-03	0.000000e+00	0.000000e+00	0.000000e+00	0.000000e+00	0.000000e+00	0.000000e+00	0.000000e+00	4.528372e-01	-1.234029e-01
4.528372e-01	0.000000e+00	0.000000e+00	0.000000e+00	0.000000e+00	0.000000e+00	0.000000e+00	0.000000e+00	6.075926e-05	0.000000e+00	1.771084e-04	0.000000e+00	0.000000e+00	0.000000e+00	3.222697e-04	0.000000e+00	0.000000e+00	0.000000e+00	0.000000e+00	0.000000e+00	9.828174e-04	0.000000e+00	1.217475e-03	0.000000e+00	0.000000e+00	0.000000e+00	0.000000e+00	0.000000e+00	0.000000e+00	0.000000e+00	4.528372e-01	-1.234029e-01
4.528372e-01	0.000000e+00	0.000000e+00	0.000000e+00	0.000000e+00	0.000000e+00	0.000000e+00	0.000000e+00	6.075926e-05	0.000000e+00	1.771084e-04	0.000000e+00	0.000000e+00	0.000000e+00	3.222697e-04	0.000000e+00	0.000000e+00	0.000000e+00	0.000000e+00	0.000000e+00	9.828174e-04	0.000000e+00	1.217475e-03	0.000000e+00	0.000000e+00	0.000000e+00	0.000000e+00	0.000000e+00	0.000000e+00	0.000000e+00	4.528372e-01	-1.234029e-01
4.528372e-01	0.000000e+00	0.000000e+00	0.000000e+00	0.000000e+00	0.000000e+00	0.000000e+00	0.000000e+00	6.075926e-05	0.000000e+00	1.771084e-04	0.000000e+00	0.000000e+00	0.000000e+00	3.222697e-04	0.000000e+00	0.000000e+00	0.000000e+00	0.000000e+00	0.000000e+00	9.828174e-04	0.000000e+00	1.217475e-03	0.000000e+00	0.000000e+00	0.000000e+00	0.000000e+00	0.000000e+00	0.000000e+00	0.000000e+00	4.528372e-01	-1.234029e-01
4.528372e-01	0.000000e+00	0.000000e+00	0.000000e+00	0.000000e+00	0.000000e+00	0.000000e+00	0.000000e+00	6.075926e-05	0.000000e+00	1.771084e-04	0.000000e+00	0.000000e+00	0.000000e+00	3.222697e-04	0.000000e+00	0.000000e+00	0.000000e+00	0.000000e+00	0.000000e+00	9.828174e-04	0.000000e+00	1.217475e-03	0.000000e+00	0.000000e+00	0.000000e+00	0.000000e+00	0.000000e+00	0.000000e+00	0.000000e+00	4.528372e-01	-1.234029e-01
4.452987e-01	0.000000e+00	1.210544e-04	0.000000e+00	4.864704e-04	0.000000e+00	8.734688e-05	0.000000e+00	0.000000e+00	7.157569e-05	2.518528e-04	0.000000e+00	0.000000e+00	7.393556e-04	1.611349e-04	0.000000e+00	0.000000e+00	0.000000e+00	0.000000e+00	0.000000e+00	9.828174e-04	0.000000e+00	1.217475e-03	0.000000e+00	0.000000e+00	0.000000e+00	0.000000e+00	0.000000e+00	0.000000e+00	4.255486e-05	4.452987e-01	-1.068969e-01
4.404826e-01	0.000000e+00	0.000000e+00	3.543360e-04	0.000000e+00	0.000000e+00	1.746938e-04	0.000000e+00	6.075926e-05	0.000000e+00	0.000000e+00	0.000000e+00	0.000000e+00	0.000000e+00	0.000000e+00	0.000000e+00	0.000000e+00	0.000000e+00	0.000000e+00	0.000000e+00	0.000000e+00	5.502767e-04	0.000000e+00	5.674955e-04	0.000000e+00	0.000000e+00	0.000000e+00	0.000000e+00	0.000000e+00	0.000000e+00	4.404826e-01	-8.427371e-02
4.377602e-01	0.000000e+00	2.421089e-04	1.771680e-04	9.729408e-04	0.000000e+00	1.746938e-04	0.000000e+00	0.000000e+00	2.863028e-04	1.218690e-04	0.000000e+00	0.000000e+00	2.957422e-03	0.000000e+00	0.000000e+00	0.000000e+00	3.699600e-04	0.000000e+00	6.262100e-04	2.620846e-03	0.000000e+00	1.217475e-03	0.000000e+00	0.000000e+00	0.000000e+00	0.000000e+00	0.000000e+00	0.000000e+00	1.702195e-04	4.377602e-01	-6.536325e-02
4.343317e-01	0.000000e+00	8.599331e-04	3.837960e-05	9.729408e-04	0.000000e+00	0.000000e+00	0.000000e+00	6.075926e-05	0.000000e+00	4.874762e-04	0.000000e+00	0.000000e+00	4.044429e-03	0.000000e+00	0.000000e+00	0.000000e+00	3.699600e-04	0.000000e+00	2.504840e-03	8.543432e-03	0.000000e+00	1.217475e-03	2.984697e-04	0.000000e+00	0.000000e+00	0.000000e+00	0.000000e+00	0.000000e+00	0.000000e+00	4.343317e-01	-3.776628e-02
4.310309e-01	0.000000e+00	0.000000e+00	0.000000e+00	0.000000e+00	3.583703e-04	4.367344e-05	0.000000e+00	0.000000e+00	2.863028e-04	0.000000e+00	0.000000e+00	1.333204e-04	5.914845e-03	0.000000e+00	0.000000e+00	0.000000e+00	1.849800e-04	0.000000e+00	0.000000e+00	0.000000e+00	2.751384e-04	6.087376e-04	1.345129e-04	0.000000e+00	0.000000e+00	0.000000e+00	0.000000e+00	0.000000e+00	1.702195e-04	4.310309e-01	-1.157096e-02
4.281674e-01	1.060407e-03	2.390899e-02	0.000000e+00	4.915218e-04	0.000000e+00	8.734688e-05	0.000000e+00	6.075926e-05	2.863028e-04	0.000000e+00	0.000000e+00	6.666018e-05	0.000000e+00	0.000000e+00	0.000000e+00	0.000000e+00	0.000000e+00	0.000000e+00	0.000000e+00	0.000000e+00	5.502767e-04	0.000000e+00	0.000000e+00	0.000000e+00	0.000000e+00	0.000000e+00	0.000000e+00	0.000000e+00	1.266749e-04	4.281674e-01	1.988365e-02
4.254163e-01	0.000000e+00	1.305630e-03	0.000000e+00	0.000000e+00	0.000000e+00	1.746938e-04	0.000000e+00	3.493657e-04	0.000000e+00	0.000000e+00	0.000000e+00	0.000000e+00	0.000000e+00	0.000000e+00	0.000000e+00	0.000000e+00	1.849800e-04	0.000000e+00	0.000000e+00	0.000000e+00	0.000000e+00	0.000000e+00	2.681275e-02	0.000000e+00	0.000000e+00	0.000000e+00	0.000000e+00	0.000000e+00	0.000000e+00	4.254163e-01	4.907305e-02
4.219967e-01	4.880221e-04	0.000000e+00	0.000000e+00	0.000000e+00	3.583703e-04	8.734688e-05	0.000000e+00	1.518981e-05	0.000000e+00	0.000000e+00	0.000000e+00	0.000000e+00	0.000000e+00	0.000000e+00	0.000000e+00	0.000000e+00	0.000000e+00	0.000000e+00	5.009680e-03	0.000000e+00	0.000000e+00	0.000000e+00	0.000000e+00	0.000000e+00	0.000000e+00	0.000000e+00	0.000000e+00	0.000000e+00	1.741781e-04	4.219967e-01	8.271514e-02
4.192389e-01	0.000000e+00	8.756633e-04	0.000000e+00	0.000000e+00	0.000000e+00	0.000000e+00	0.000000e+00	2.278472e-05	0.000000e+00	0.000000e+00	0.000000e+00	0.000000e+00	0.000000e+00	0.000000e+00	0.000000e+00	0.000000e+00	0.000000e+00	0.000000e+00	0.000000e+00	0.000000e+00	0.000000e+00	0.000000e+00	5.380518e-04	0.000000e+00	0.000000e+00	0.000000e+00	0.000000e+00	0.000000e+00	2.612671e-04	4.192389e-01	1.146263e-01
4.164297e-01	2.440111e-04	4.299665e-04	0.000000e+00	0.000000e+00	5.610358e-03	1.721122e-03	0.000000e+00	3.797454e-05	0.000000e+00	2.437381e-04	0.000000e+00	0.000000e+00	0.000000e+00	0.000000e+00	0.000000e+00	0.000000e+00	1.849800e-04	0.000000e+00	1.252420e-03	0.000000e+00	1.100553e-03	0.000000e+00	1.492348e-04	0.000000e+00	0.000000e+00	0.000000e+00	0.000000e+00	0.000000e+00	8.708903e-05	4.164297e-01	1.514879e-01
4.147204e-01	0.000000e+00	0.000000e+00	0.000000e+00	0.000000e+00	0.000000e+00	5.283019e-02	0.000000e+00	0.000000e+00	0.000000e+00	0.000000e+00	0.000000e+00	0.000000e+00	0.000000e+00	0.000000e+00	0.000000e+00	6.585461e-03	0.000000e+00	2.135852e-02	0.000000e+00	0.000000e+00	5.502767e-04	1.217475e-03	5.380518e-04	0.000000e+00	0.000000e+00	0.000000e+00	0.000000e+00	0.000000e+00	2.533499e-04	4.147204e-01	1.885742e-01
4.114620e-01	4.729650e-03	0.000000e+00	0.000000e+00	0.000000e+00	0.000000e+00	0.000000e+00	0.000000e+00	0.000000e+00	5.726055e-04	1.332593e-04	0.000000e+00	0.000000e+00	2.174014e-03	0.000000e+00	0.000000e+00	0.000000e+00	0.000000e+00	0.000000e+00	5.009680e-03	1.184517e-02	2.751384e-04	0.000000e+00	0.000000e+00	0.000000e+00	2.648802e-04	0.000000e+00	0.000000e+00	0.000000e+00	0.000000e+00	4.114620e-01	2.188417e-01
2.572887e-01	4.880221e-04	0.000000e+00	0.000000e+00	0.000000e+00	0.000000e+00	0.000000e+00	0.000000e+00	1.518981e-05	0.000000e+00	0.000000e+00	0.000000e+00	0.000000e+00	0.000000e+00	0.000000e+00	0.000000e+00	0.000000e+00	0.000000e+00	0.000000e+00	0.000000e+00	0.000000e+00	0.000000e+00	0.000000e+00	0.000000e+00	0.000000e+00	0.000000e+00	0.000000e+00	0.000000e+00	0.000000e+00	1.741781e-04	2.572887e-01	2.423476e-01
2.572887e-01	4.880221e-04	0.000000e+00	0.000000e+00	0.000000e+00	0.000000e+00	0.000000e+00	0.000000e+00	1.518981e-05	0.000000e+00	0.000000e+00	0.000000e+00	0.000000e+00	0.000000e+00	0.000000e+00	0.000000e+00	0.000000e+00	0.000000e+00	0.000000e+00	0.000000e+00	0.000000e+00	0.000000e+00	0.000000e+00	0.000000e+00	0.000000e+00	0.000000e+00	0.000000e+00	0.000000e+00	0.000000e+00	1.741781e-04	2.572887e-01	2.423476e-01
2.572887e-01	4.880221e-04	0.000000e+00	0.000000e+00	0.000000e+00	0.000000e+00	0.000000e+00	0.000000e+00	1.518981e-05	0.000000e+00	0.000000e+00	0.000000e+00	0.000000e+00	0.000000e+00	0.000000e+00	0.000000e+00	0.000000e+00	0.000000e+00	0.000000e+00	0.000000e+00	0.000000e+00	0.000000e+00	0.000000e+00	0.000000e+00	0.000000e+00	0.000000e+00	0.000000e+00	0.000000e+00	0.000000e+00	1.741781e-04	2.572887e-01	2.423476e-01
2.572887e-01	4.880221e-04	0.000000e+00	0.000000e+00	0.000000e+00	0.000000e+00	0.000000e+00	0.000000e+00	1.518981e-05	0.000000e+00	0.000000e+00	0.000000e+00	0.000000e+00	0.000000e+00	0.000000e+00	0.000000e+00	0.000000e+00	0.000000e+00	0.000000e+00	0.000000e+00	0.000000e+00	0.000000e+00	0.000000e+00	0.000000e+00	0.000000e+00	0.000000e+00	0.000000e+00	0.000000e+00	0.000000e+00	1.741781e-04	2.572887e-01	2.423476e-01
2.572887e-01	4.880221e-04	0.000000e+00	0.000000e+00	0.000000e+00	0.000000e+00	0.000000e+00	0.000000e+00	1.518981e-05	0.000000e+00	0.000000e+00	0.000000e+00	0.000000e+00	0.000000e+00	0.000000e+00	0.000000e+00	0.000000e+00	0.000000e+00	0.000000e+00	0.000000e+00	0.000000e+00	0.000000e+00	0.000000e+00	0.000000e+00	0.000000e+00	0.000000e+00	0.000000e+00	0.000000e+00	0.000000e+00	1.741781e-04	2.572887e-01	2.423476e-01
2.572887e-01	4.880221e-04	0.000000e+00	0.000000e+00	0.000000e+00	0.000000e+00	0.000000e+00	0.000000e+00	1.518981e-05	0.000000e+00	0.000000e+00	0.000000e+00	0.000000e+00	0.000000e+00	0.000000e+00	0.000000e+00	0.000000e+00	0.000000e+00	0.000000e+00	0.000000e+00	0.000000e+00	0.000000e+00	0.000000e+00	0.000000e+00	0.000000e+00	0.000000e+00	0.000000e+00	0.000000e+00	0.000000e+00	1.741781e-04	2.572887e-01	2.423476e-01
2.572887e-01	4.880221e-04	0.000000e+00	0.000000e+00	0.000000e+00	0.000000e+00	0.000000e+00	0.000000e+00	1.518981e-05	0.000000e+00	0.000000e+00	0.000000e+00	0.000000e+00	0.000000e+00	0.000000e+00	0.000000e+00	0.000000e+00	0.000000e+00	0.000000e+00	0.000000e+00	0.000000e+00	0.000000e+00	0.000000e+00	0.000000e+00	0.000000e+00	0.000000e+00	0.000000e+00	0.000000e+00	0.000000e+00	1.741781e-04	2.572887e-01	2.423476e-01
2.572887e-01	4.880221e-04	0.000000e+00	0.000000e+00	0.000000e+00	0.000000e+00	0.000000e+00	0.000000e+00	1.518981e-05	0.000000e+00	0.000000e+00	0.000000e+00	0.000000e+00	0.000000e+00	0.000000e+00	0.000000e+00	0.000000e+00	0.000000e+00	0.000000e+00	0.000000e+00	0.000000e+00	0.000000e+00	0.000000e+00	0.000000e+00	0.000000e+00	0.000000e+00	0.000000e+00	0.000000e+00	0.000000e+00	1.741781e-04	2.572887e-01	2.423476e-01
2.548267e-01	7.320332e-04	0.000000e+00	0.000000e+00	0.000000e+00	0.000000e+00	0.000000e+00	0.000000e+00	2.278472e-05	0.000000e+00	0.000000e+00	0.000000e+00	0.000000e+00	0.000000e+00	0.000000e+00	0.000000e+00	0.000000e+00	0.000000e+00	0.000000e+00	0.000000e+00	0.000000e+00	8.509364e-04	0.000000e+00	0.000000e+00	0.000000e+00	0.000000e+00	0.000000e+00	0.000000e+00	0.000000e+00	3.166874e-04	2.548267e-01	2.437398e-01
2.434003e-01	6.100276e-04	0.000000e+00	0.000000e+00	0.000000e+00	0.000000e+00	0.000000e+00	0.000000e+00	1.898727e-05	0.000000e+00	0.000000e+00	0.000000e+00	0.000000e+00	0.000000e+00	0.000000e+00	0.000000e+00	0.000000e+00	0.000000e+00	0.000000e+00	0.000000e+00	0.000000e+00	3.517023e-04	0.000000e+00	0.000000e+00	0.000000e+00	0.000000e+00	0.000000e+00	0.000000e+00	0.000000e+00	2.454327e-04	2.434003e-01	2.687430e-01
2.356503e-01	1.625075e-03	4.649573e-04	0.000000e+00	0.000000e+00	0.000000e+00	0.000000e+00	0.000000e+00	0.000000e+00	0.000000e+00	0.000000e+00	0.000000e+00	0.000000e+00	0.000000e+00	0.000000e+00	0.000000e+00	0.000000e+00	1.757310e-03	0.000000e+00	0.000000e+00	0.000000e+00	0.000000e+00	0.000000e+00	0.000000e+00	0.000000e+00	5.297603e-04	0.000000e+00	0.000000e+00	0.000000e+00	3.166874e-05	2.356503e-01	3.034903e-01
2.291228e-01	5.429531e-04	0.000000e+00	3.989326e-04	0.000000e+00	0.000000e+00	0.000000e+00	0.000000e+00	2.278472e-05	0.000000e+00	0.000000e+00	0.000000e+00	0.000000e+00	0.000000e+00	0.000000e+00	0.000000e+00	0.000000e+00	0.000000e+00	0.000000e+00	0.000000e+00	0.000000e+00	2.150064e-03	0.000000e+00	0.000000e+00	0.000000e+00	0.000000e+00	0.000000e+00	0.000000e+00	0.000000e+00	2.454327e-04	2.291228e-01	3.405426e-01
2.212113e-01	1.353599e-03	4.783777e-04	1.695474e-02	0.000000e+00	1.888730e-03	0.000000e+00	0.000000e+00	0.000000e+00	0.000000e+00	0.000000e+00	0.000000e+00	1.455896e-03	0.000000e+00	0.000000e+00	0.000000e+00	0.000000e+00	2.635965e-03	0.000000e+00	0.000000e+00	0.000000e+00	1.049511e-03	0.000000e+00	0.000000e+00	0.000000e+00	0.000000e+00	0.000000e+00	3.003698e-04	0.000000e+00	0.000000e+00	2.212113e-01	3.991331e-01
2.148666e-01	1.625075e-03	4.649573e-04	0.000000e+00	0.000000e+00	0.000000e+00	0.000000e+00	0.000000e+00	0.000000e+00	0.000000e+00	0.000000e+00	0.000000e+00	0.000000e+00	0.000000e+00	0.000000e+00	0.000000e+00	0.000000e+00	0.000000e+00	0.000000e+00	0.000000e+00	0.000000e+00	0.000000e+00	0.000000e+00	0.000000e+00	0.000000e+00	5.297603e-04	0.000000e+00	0.000000e+00	0.000000e+00	3.166874e-05	2.148666e-01	4.403508e-01
2.073834e-01	0.000000e+00	2.675942e-04	0.000000e+00	0.000000e+00	1.556652e-03	1.193110e-05	0.000000e+00	0.000000e+00	0.000000e+00	0.000000e+00	0.000000e+00	0.000000e+00	3.068821e-03	0.000000e+00	0.000000e+00	0.000000e+00	0.000000e+00	1.248852e-03	6.193949e-04	0.000000e+00	2.150064e-03	0.000000e+00	0.000000e+00	0.000000e+00	0.000000e+00	0.000000e+00	0.000000e+00	0.000000e+00	1.266749e-04	2.073834e-01	4.991019e-01
2.002447e-01	0.000000e+00	1.012149e-03	3.430842e-02	0.000000e+00	3.777460e-03	2.605493e-04	0.000000e+00	0.000000e+00	0.000000e+00	0.000000e+00	0.000000e+00	1.455896e-03	0.000000e+00	0.000000e+00	0.000000e+00	0.000000e+00	1.757310e-03	0.000000e+00	0.000000e+00	0.000000e+00	8.736597e-04	1.118403e-03	0.000000e+00	0.000000e+00	7.946405e-04	0.000000e+00	6.007396e-04	0.000000e+00	0.000000e+00	2.002447e-01	5.620569e-01
1.907599e-01	5.410610e-04	1.244628e-03	0.000000e+00	0.000000e+00	0.000000e+00	0.000000e+00	0.000000e+00	0.000000e+00	0.000000e+00	0.000000e+00	0.000000e+00	0.000000e+00	0.000000e+00	0.000000e+00	0.000000e+00	0.000000e+00	2.635965e-03	0.000000e+00	0.000000e+00	1.817282e-03	1.049511e-03	0.000000e+00	0.000000e+00	0.000000e+00	0.000000e+00	0.000000e+00	0.000000e+00	0.000000e+00	0.000000e+00	1.907599e-01	6.196082e-01
8.475486e-02	8.125375e-04	1.012149e-03	3.989326e-04	0.000000e+00	0.000000e+00	2.605493e-04	0.000000e+00	0.000000e+00	0.000000e+00	0.000000e+00	0.000000e+00	0.000000e+00	0.000000e+00	0.000000e+00	0.000000e+00	0.000000e+00	1.757310e-03	0.000000e+00	0.000000e+00	0.000000e+00	2.150064e-03	0.000000e+00	0.000000e+00	0.000000e+00	5.297603e-04	0.000000e+00	0.000000e+00	0.000000e+00	0.000000e+00	8.475486e-02	6.716503e-01
8.475486e-02	8.125375e-04	1.012149e-03	3.989326e-04	0.000000e+00	0.000000e+00	2.605493e-04	0.000000e+00	0.000000e+00	0.000000e+00	0.000000e+00	0.000000e+00	0.000000e+00	0.000000e+00	0.000000e+00	0.000000e+00	0.000000e+00	1.757310e-03	0.000000e+00	0.000000e+00	0.000000e+00	2.150064e-03	0.000000e+00	0.000000e+00	0.000000e+00	5.297603e-04	0.000000e+00	0.000000e+00	0.000000e+00	0.000000e+00	8.475486e-02	6.716503e-01
8.475486e-02	8.125375e-04	1.012149e-03	3.989326e-04	0.000000e+00	0.000000e+00	2.605493e-04	0.000000e+00	0.000000e+00	0.000000e+00	0.000000e+00	0.000000e+00	0.000000e+00	0.000000e+00	0.000000e+00	0.000000e+00	0.000000e+00	1.757310e-03	0.000000e+00	0.000000e+00	0.000000e+00	2.150064e-03	0.000000e+00	0.000000e+00	0.000000e+00	5.297603e-04	0.000000e+00	0.000000e+00	0.000000e+00	0.000000e+00	8.475486e-02	6.716503e-01
8.475486e-02	8.125375e-04	1.012149e-03	3.989326e-04	0.000000e+00	0.000000e+00	2.605493e-04	0.000000e+00	0.000000e+00	0.000000e+00	0.000000e+00	0.000000e+00	0.000000e+00	0.000000e+00	0.000000e+00	0.000000e+00	0.000000e+00	1.757310e-03	0.000000e+00	0.000000e+00	0.000000e+00	2.150064e-03	0.000000e+00	0.000000e+00	0.000000e+00	5.297603e-04	0.000000e+00	0.000000e+00	0.000000e+00	0.000000e+00	8.475486e-02	6.716503e-01
8.475486e-02	8.125375e-04	1.012149e-03	3.989326e-04	0.000000e+00	0.000000e+00	2.605493e-04	0.000000e+00	0.000000e+00	0.000000e+00	0.000000e+00	0.000000e+00	0.000000e+00	0.000000e+00	0.000000e+00	0.000000e+00	0.000000e+00	1.757310e-03	0.000000e+00	0.000000e+00	0.000000e+00	2.150064e-03	0.000000e+00	0.000000e+00	0.000000e+00	5.297603e-04	0.000000e+00	0.000000e+00	0.000000e+00	0.000000e+00	8.475486e-02	6.716503e-01
8.475486e-02	8.125375e-04	1.012149e-03	3.989326e-04	0.000000e+00	0.000000e+00	2.605493e-04	0.000000e+00	0.000000e+00	0.000000e+00	0.000000e+00	0.000000e+00	0.000000e+00	0.000000e+00	0.000000e+00	0.000000e+00	0.000000e+00	1.757310e-03	0.000000e+00	0.000000e+00	0.000000e+00	2.150064e-03	0.000000e+00	0.000000e+00	0.000000e+00	5.297603e-04	0.000000e+00	0.000000e+00	0.000000e+00	0.000000e+00	8.475486e-02	6.716503e-01
7.434575e-02	0.000000e+00	0.000000e+00	1.653065e-03	0.000000e+00	0.000000e+00	1.746938e-04	0.000000e+00	0.000000e+00	0.000000e+00	0.000000e+00	0.000000e+00	0.000000e+00	0.000000e+00	0.000000e+00	2.314121e-04	0.000000e+00	0.000000e+00	5.958728e-03	0.000000e+00	0.000000e+00	5.247554e-04	0.000000e+00	4.198570e-03	0.000000e+00	0.000000e+00	0.000000e+00	0.000000e+00	0.000000e+00	1.820952e-04	7.434575e-02	6.771606e-01
6.161698e-02	5.410610e-04	4.783777e-04	0.000000e+00	0.000000e+00	3.777460e-03	0.000000e+00	5.499508e-04	0.000000e+00	0.000000e+00	0.000000e+00	0.000000e+00	0.000000e+00	0.000000e+00	8.937334e-04	0.000000e+00	0.000000e+00	0.000000e+00	9.366392e-04	0.000000e+00	1.817282e-03	1.049511e-03	1.118403e-03	6.917497e-03	0.000000e+00	5.297603e-04	0.000000e+00	4.805917e-03	0.000000e+00	7.917184e-05	6.161698e-02	7.006017e-01
4.431347e-02	0.000000e+00	0.000000e+00	6.270664e-04	0.000000e+00	0.000000e+00	0.000000e+00	0.000000e+00	0.000000e+00	0.000000e+00	0.000000e+00	0.000000e+00	0.000000e+00	3.068821e-03	5.027251e-04	2.314121e-04	0.000000e+00	0.000000e+00	2.765215e-04	6.193949e-04	0.000000e+00	5.247554e-04	1.258203e-03	0.000000e+00	0.000000e+00	0.000000e+00	0.000000e+00	0.000000e+00	0.000000e+00	6.135818e-05	4.431347e-02	7.478753e-01
3.161698e-02	8.125375e-04	1.012149e-03	3.989326e-04	0.000000e+00	3.002762e-02	2.620406e-04	0.000000e+00	0.000000e+00	0.000000e+00	0.000000e+00	0.000000e+00	0.000000e+00	0.000000e+00	7.540876e-04	0.000000e+00	0.000000e+00	1.757310e-03	0.000000e+00	0.000000e+00	0.000000e+00	1.045279e-03	0.000000e+00	0.000000e+00	0.000000e+00	5.297603e-04	0.000000e+00	0.000000e+00	0.000000e+00	3.127288e-04	3.161698e-02	8.061391e-01
1.660084e-02	4.062688e-04	5.060747e-04	9.973314e-05	2.041241e-03	0.000000e+00	3.049684e-04	7.067267e-04	0.000000e+00	0.000000e+00	0.000000e+00	2.181298e-03	0.000000e+00	0.000000e+00	1.005450e-03	2.314121e-04	0.000000e+00	0.000000e+00	5.334302e-03	0.000000e+00	0.000000e+00	1.599788e-03	0.000000e+00	6.725647e-04	0.000000e+00	0.000000e+00	0.000000e+00	0.000000e+00	0.000000e+00	2.216812e-04	1.660084e-02	8.673312e-01
0.000000e+00	3.766517e-04	0.000000e+00	8.408665e-04	0.000000e+00	0.000000e+00	9.107535e-05	0.000000e+00	0.000000e+00	0.000000e+00	0.000000e+00	6.232280e-04	0.000000e+00	0.000000e+00	2.234334e-04	0.000000e+00	0.000000e+00	3.469978e-03	0.000000e+00	2.412454e-04	0.000000e+00	6.894555e-04	0.000000e+00	0.000000e+00	0.000000e+00	0.000000e+00	0.000000e+00	0.000000e+00	0.000000e+00	2.533499e-04	0.000000e+00	1.002113e+00
