6.507680e-01	2.562540e-05	0.000000e+00	0.000000e+00	0.000000e+00	3.918963e-03	1.011440e-03	2.350569e-04	0.000000e+00	0.000000e+00	5.975944e-05	0.000000e+00	7.976642e-04	1.058584e-03	0.000000e+00	1.809906e-03	7.673945e-04	7.775468e-04	0.000000e+00	0.000000e+00	1.477693e-02	1.745947e-03	1.568299e-04	3.280889e-03	0.000000e+00	0.000000e+00	5.622215e-04	8.378580e-05	1.550476e-03	9.685862e-04	6.507680e-01	-4.510503e-01
6.497573e-01	3.096389e-03	0.000000e+00	0.000000e+00	0.000000e+00	0.000000e+00	0.000000e+00	1.201460e-04	0.000000e+00	0.000000e+00	1.700881e-04	1.279960e-03	0.000000e+00	4.009545e-04	0.000000e+00	9.589118e-03	9.474600e-04	6.725594e-04	0.000000e+00	0.000000e+00	1.975160e-02	1.440763e-02	0.000000e+00	1.149102e-03	4.803646e-03	2.872707e-04	1.919089e-03	0.000000e+00	1.229548e-03	2.787303e-04	6.497573e-01	-4.446439e-01
6.471417e-01	1.750419e-04	0.000000e+00	0.000000e+00	0.000000e+00	1.332341e-02	0.000000e+00	2.410870e-04	0.000000e+00	0.000000e+00	1.723740e-05	2.265286e-03	0.000000e+00	1.386065e-03	1.438340e-03	0.000000e+00	7.673945e-04	4.719537e-04	0.000000e+00	0.000000e+00	1.560570e-02	9.643031e-03	3.066265e-06	9.967799e-04	8.048955e-03	0.000000e+00	1.919089e-03	0.000000e+00	2.150233e-03	2.787303e-04	6.471417e-01	-4.380567e-01
6.471417e-01	0.000000e+00	0.000000e+00	0.000000e+00	0.000000e+00	1.959481e-03	5.307648e-05	2.410870e-04	0.000000e+00	0.000000e+00	1.999679e-04	2.265286e-03	0.000000e+00	2.627273e-04	0.000000e+00	1.049407e-02	8.951491e-04	7.691000e-04	0.000000e+00	0.000000e+00	2.427301e-02	1.528061e-02	0.000000e+00	2.271769e-03	4.803646e-03	0.000000e+00	0.000000e+00	4.189290e-05	9.577859e-04	7.630234e-04	6.471417e-01	-4.367871e-01
6.443664e-01	0.000000e+00	0.000000e+00	0.000000e+00	9.351418e-05	1.693531e-02	7.231150e-04	2.248376e-04	0.000000e+00	0.000000e+00	1.723740e-05	2.561337e-04	3.276537e-04	4.031043e-04	0.000000e+00	2.535550e-03	7.673945e-04	4.631882e-04	0.000000e+00	5.297550e-04	1.225237e-02	1.745947e-03	1.128460e-03	3.280889e-03	0.000000e+00	1.958423e-04	1.193849e-03	5.827594e-04	8.490870e-04	1.131124e-03	6.443664e-01	-4.285267e-01
6.428174e-01	1.125965e-02	0.000000e+00	0.000000e+00	9.351418e-05	7.479953e-03	0.000000e+00	1.201460e-04	0.000000e+00	0.000000e+00	1.700881e-04	1.789929e-03	0.000000e+00	0.000000e+00	2.709638e-03	3.686678e-03	5.375369e-04	8.223644e-04	0.000000e+00	3.531700e-03	9.263921e-03	9.664917e-03	1.771793e-03	2.718078e-03	1.748197e-03	4.733556e-04	0.000000e+00	7.917043e-04	1.550476e-03	0.000000e+00	6.428174e-01	-4.170556e-01
6.424782e-01	2.836749e-04	0.000000e+00	0.000000e+00	3.740567e-04	1.887968e-02	0.000000e+00	1.791735e-04	0.000000e+00	2.424086e-02	0.000000e+00	1.024535e-03	1.913396e-03	4.395314e-04	0.000000e+00	2.902575e-03	3.412568e-04	3.932196e-04	0.000000e+00	2.119020e-03	0.000000e+00	6.509101e-03	0.000000e+00	2.393594e-03	1.583748e-02	1.170672e-03	2.526512e-03	1.995894e-03	2.088754e-03	6.501514e-04	6.424782e-01	-4.100578e-01
6.409202e-01	1.853708e-03	0.000000e+00	0.000000e+00	8.434614e-04	1.557145e-02	0.000000e+00	2.038591e-04	0.000000e+00	0.000000e+00	6.714568e-05	1.547499e-03	2.131131e-03	1.846391e-03	1.992757e-03	2.951561e-03	5.213773e-04	8.073197e-04	0.000000e+00	3.884870e-03	1.285755e-02	1.103240e-02	4.349720e-04	3.275160e-03	2.401823e-03	1.654426e-03	0.000000e+00	3.010084e-04	2.299184e-03	1.393652e-04	6.409202e-01	-4.027806e-01
6.396657e-01	2.054316e-04	0.000000e+00	0.000000e+00	3.005580e-03	0.000000e+00	5.872029e-03	1.201460e-04	0.000000e+00	0.000000e+00	1.700881e-04	0.000000e+00	0.000000e+00	0.000000e+00	2.709638e-03	9.589118e-03	0.000000e+00	1.463749e-03	0.000000e+00	0.000000e+00	8.663507e-03	9.664917e-03	9.674268e-04	5.534143e-03	0.000000e+00	2.872707e-04	3.818704e-03	2.100175e-03	1.229548e-03	2.759423e-03	6.396657e-01	-3.951759e-01
6.392833e-01	1.330515e-03	0.000000e+00	0.000000e+00	4.208138e-04	1.891072e-02	9.129835e-04	1.191004e-04	0.000000e+00	2.424086e-02	0.000000e+00	2.522534e-03	2.391745e-03	9.688236e-04	5.352107e-03	6.851233e-05	4.597151e-04	4.012527e-05	0.000000e+00	3.884870e-03	0.000000e+00	1.676643e-03	2.171485e-05	1.034555e-03	0.000000e+00	1.654426e-03	3.178315e-03	2.307961e-03	0.000000e+00	9.013690e-04	6.392833e-01	-3.894091e-01
6.380366e-01	5.591511e-03	2.902185e-04	0.000000e+00	3.799810e-03	0.000000e+00	1.148372e-03	1.096745e-04	0.000000e+00	2.475775e-04	0.000000e+00	1.860614e-03	1.759569e-03	1.160636e-03	2.136017e-03	3.290840e-03	1.015275e-03	7.566671e-04	0.000000e+00	0.000000e+00	0.000000e+00	4.775180e-03	1.704294e-03	3.197371e-03	0.000000e+00	0.000000e+00	1.837311e-03	1.570809e-02	0.000000e+00	8.724197e-04	6.380366e-01	-3.826933e-01
6.372134e-01	2.756652e-03	0.000000e+00	0.000000e+00	0.000000e+00	1.891072e-02	9.129835e-04	2.445845e-04	0.000000e+00	2.485366e-03	0.000000e+00	1.206070e-03	1.700936e-03	1.688300e-03	5.352107e-03	6.851233e-05	4.597151e-04	4.012527e-05	0.000000e+00	0.000000e+00	1.102602e-02	9.637225e-03	2.171485e-05	1.125622e-03	0.000000e+00	4.941524e-04	6.058715e-03	0.000000e+00	0.000000e+00	5.155071e-03	6.372134e-01	-3.717688e-01
6.364277e-01	1.335333e-02	0.000000e+00	0.000000e+00	1.870284e-04	5.138094e-03	2.410746e-03	0.000000e+00	0.000000e+00	0.000000e+00	5.226529e-04	4.785928e-03	9.566979e-04	1.058584e-03	2.376417e-03	3.822057e-03	0.000000e+00	7.775468e-04	0.000000e+00	7.063400e-03	0.000000e+00	0.000000e+00	1.158501e-03	0.000000e+00	0.000000e+00	1.440864e-03	1.303606e-03	1.415837e-03	0.000000e+00	5.024352e-04	6.364277e-01	-3.681827e-01
6.357079e-01	6.511427e-03	7.255461e-04	0.000000e+00	1.328782e-03	1.880890e-02	0.000000e+00	1.282589e-04	0.000000e+00	2.370606e-04	8.205855e-05	3.038627e-03	3.968737e-03	3.215648e-03	1.405295e-03	0.000000e+00	7.311533e-04	1.665796e-04	0.000000e+00	6.386532e-03	0.000000e+00	0.000000e+00	2.940174e-04	1.663166e-03	0.000000e+00	7.400179e-06	3.913629e-04	7.266251e-03	2.263463e-03	0.000000e+00	6.357079e-01	-3.590377e-01
6.350256e-01	2.449046e-02	0.000000e+00	0.000000e+00	1.078054e-03	0.000000e+00	9.052866e-04	3.055931e-05	0.000000e+00	0.000000e+00	0.000000e+00	1.019830e-03	1.759569e-03	1.335039e-03	5.678525e-03	0.000000e+00	8.720163e-04	5.844656e-04	0.000000e+00	0.000000e+00	5.734111e-03	0.000000e+00	1.704294e-03	1.035556e-03	0.000000e+00	1.066819e-03	6.312243e-03	0.000000e+00	2.094000e-03	0.000000e+00	6.350256e-01	-3.525005e-01
6.340815e-01	2.463230e-02	0.000000e+00	0.000000e+00	1.218325e-03	9.721825e-04	5.437291e-04	1.201460e-04	0.000000e+00	1.212043e-02	0.000000e+00	1.404031e-03	2.552440e-03	1.353252e-03	2.709638e-03	1.835127e-04	5.375369e-04	5.494813e-04	0.000000e+00	7.946324e-04	0.000000e+00	2.381577e-03	1.140064e-03	5.919080e-04	7.918740e-03	1.554234e-03	6.978574e-03	7.065675e-04	2.713833e-03	0.000000e+00	6.340815e-01	-3.389093e-01
6.331979e-01	3.901489e-03	0.000000e+00	0.000000e+00	7.718749e-04	1.158162e-02	4.585643e-03	0.000000e+00	0.000000e+00	4.951550e-04	5.226529e-04	3.064195e-03	1.700936e-03	2.113885e-03	2.019589e-03	3.685995e-03	0.000000e+00	1.371707e-04	0.000000e+00	1.412680e-03	0.000000e+00	1.055716e-03	1.158501e-03	1.274575e-03	0.000000e+00	1.257331e-03	7.997796e-03	6.724883e-03	2.271910e-03	0.000000e+00	6.331979e-01	-3.319311e-01
6.324108e-01	0.000000e+00	7.255461e-04	0.000000e+00	9.882144e-04	1.880890e-02	0.000000e+00	1.283850e-04	0.000000e+00	2.370606e-04	0.000000e+00	4.278183e-05	1.320187e-03	2.470569e-03	4.515848e-04	0.000000e+00	2.947870e-05	2.544764e-04	7.102297e-04	2.472190e-03	4.839211e-03	2.654675e-03	1.035265e-03	3.694405e-03	0.000000e+00	0.000000e+00	3.339283e-03	0.000000e+00	2.676971e-02	0.000000e+00	6.324108e-01	-3.202172e-01
6.315204e-01	2.708622e-04	5.804369e-04	0.000000e+00	9.882144e-04	1.880890e-02	0.000000e+00	1.283850e-04	0.000000e+00	2.370606e-04	0.000000e+00	1.978469e-03	2.121522e-03	2.307590e-03	0.000000e+00	0.000000e+00	2.235160e-04	2.544764e-04	0.000000e+00	2.825360e-03	3.837110e-03	1.687586e-03	5.221063e-04	2.700609e-03	0.000000e+00	0.000000e+00	2.300715e-03	3.631411e-04	1.684410e-03	3.863360e-04	6.315204e-01	-3.144476e-01
6.306340e-01	2.856023e-05	4.353277e-04	0.000000e+00	0.000000e+00	1.891072e-02	9.129835e-04	1.139208e-04	0.000000e+00	1.640682e-03	5.826722e-05	1.206070e-03	0.000000e+00	1.688300e-03	2.157852e-05	0.000000e+00	4.597151e-04	4.451780e-04	0.000000e+00	2.825360e-03	1.102602e-02	5.928465e-03	2.171485e-05	2.391326e-03	0.000000e+00	3.557784e-04	0.000000e+00	1.922309e-05	9.830215e-04	1.136220e-03	6.306340e-01	-3.021061e-01
6.302926e-01	2.071807e-04	0.000000e+00	0.000000e+00	3.192609e-03	0.000000e+00	6.026865e-04	1.779935e-04	0.000000e+00	0.000000e+00	3.342053e-04	1.734116e-03	3.484137e-03	0.000000e+00	4.081349e-03	5.167612e-03	1.133374e-03	1.180780e-03	0.000000e+00	4.973852e-03	0.000000e+00	0.000000e+00	2.610532e-04	2.671765e-03	0.000000e+00	5.491473e-04	1.770627e-03	1.572482e-02	1.545450e-03	1.282255e-03	6.302926e-01	-2.978157e-01
6.291561e-01	1.807907e-03	2.902185e-04	0.000000e+00	9.003707e-04	1.096388e-02	7.993163e-05	2.228240e-05	0.000000e+00	2.679578e-03	3.038351e-04	2.023774e-03	0.000000e+00	2.569316e-03	4.878879e-03	3.173887e-03	2.344916e-04	4.963285e-04	1.420459e-03	7.063400e-04	2.004202e-03	1.934179e-03	1.701104e-03	1.987592e-03	0.000000e+00	1.015968e-03	7.958819e-03	3.634798e-03	2.538732e-03	0.000000e+00	6.291561e-01	-2.818200e-01
6.284193e-01	0.000000e+00	5.804369e-04	0.000000e+00	7.905609e-03	0.000000e+00	0.000000e+00	2.174522e-04	0.000000e+00	7.463365e-03	1.672854e-04	2.238601e-03	4.718018e-04	8.535338e-04	2.277057e-03	0.000000e+00	8.593747e-04	0.000000e+00	0.000000e+00	2.383897e-03	7.106322e-03	6.104255e-03	0.000000e+00	2.948990e-03	7.401778e-04	0.000000e+00	0.000000e+00	0.000000e+00	1.798443e-03	1.317015e-03	6.284193e-01	-2.736380e-01
6.284193e-01	0.000000e+00	5.804369e-04	0.000000e+00	7.905609e-03	0.000000e+00	0.000000e+00	2.174522e-04	0.000000e+00	7.463365e-03	1.672854e-04	2.238601e-03	4.718018e-04	8.535338e-04	2.277057e-03	0.000000e+00	8.593747e-04	0.000000e+00	0.000000e+00	2.383897e-03	7.106322e-03	6.104255e-03	0.000000e+00	2.948990e-03	7.401778e-04	0.000000e+00	0.000000e+00	0.000000e+00	1.798443e-03	1.317015e-03	6.284193e-01	-2.736380e-01
6.273754e-01	0.000000e+00	5.804369e-04	0.000000e+00	2.134333e-03	1.332696e-02	2.613774e-04	2.062406e-04	0.000000e+00	0.000000e+00	6.047114e-04	0.000000e+00	3.062256e-03	1.185911e-03	5.281970e-05	1.193285e-03	4.789201e-04	6.784932e-04	0.000000e+00	4.605946e-03	3.837110e-03	1.687586e-03	6.747873e-04	4.036491e-03	0.000000e+00	0.000000e+00	2.451867e-04	4.860983e-03	1.684410e-03	3.276190e-03	6.273754e-01	-2.583863e-01
6.260537e-01	4.064417e-04	5.804369e-04	0.000000e+00	1.228315e-03	1.557145e-02	5.508688e-04	1.123444e-04	0.000000e+00	0.000000e+00	0.000000e+00	1.658705e-03	2.525978e-03	2.010966e-03	0.000000e+00	0.000000e+00	1.648931e-04	6.248194e-04	0.000000e+00	2.825360e-03	4.449059e-03	2.250114e-03	5.251710e-04	2.700609e-03	0.000000e+00	6.618763e-04	1.001512e-03	3.010084e-04	1.684410e-03	3.863360e-04	6.260537e-01	-2.403958e-01
6.256335e-01	1.874058e-02	4.353277e-04	0.000000e+00	7.905609e-03	0.000000e+00	0.000000e+00	1.437861e-04	0.000000e+00	0.000000e+00	3.342053e-04	9.244251e-04	8.797844e-04	0.000000e+00	3.002551e-03	5.167612e-03	8.593747e-04	1.106582e-03	0.000000e+00	0.000000e+00	2.121326e-03	4.356440e-03	1.506338e-03	2.948990e-03	0.000000e+00	5.491473e-04	1.770627e-03	1.572482e-02	7.013886e-04	1.282255e-03	6.256335e-01	-2.288095e-01
6.251844e-01	1.684315e-03	0.000000e+00	0.000000e+00	0.000000e+00	1.096388e-02	4.066601e-04	0.000000e+00	0.000000e+00	2.942846e-03	4.504733e-04	6.412453e-03	2.422132e-02	2.944690e-03	2.474434e-03	1.746112e-03	3.687475e-04	8.885621e-05	3.551149e-04	1.412680e-03	1.198054e-04	0.000000e+00	0.000000e+00	0.000000e+00	8.793950e-03	1.080884e-03	9.125311e-03	0.000000e+00	1.194755e-03	2.635063e-03	6.251844e-01	-2.203489e-01
6.241109e-01	0.000000e+00	2.902185e-04	0.000000e+00	3.846314e-03	1.421013e-02	0.000000e+00	2.070628e-04	0.000000e+00	1.164537e-02	3.375612e-04	4.986958e-03	1.973559e-03	8.197206e-04	4.510957e-03	0.000000e+00	1.191997e-03	0.000000e+00	1.420459e-03	1.412680e-03	0.000000e+00	9.844250e-04	5.639915e-04	0.000000e+00	2.152368e-03	0.000000e+00	3.953355e-04	0.000000e+00	1.630844e-03	8.376470e-04	6.241109e-01	-2.087669e-01
6.236728e-01	3.955549e-04	5.895062e-04	0.000000e+00	6.005704e-03	2.335718e-02	4.995748e-04	1.079849e-04	0.000000e+00	1.188552e-03	0.000000e+00	6.599382e-03	3.487011e-03	2.315115e-03	1.787196e-03	0.000000e+00	3.517373e-04	3.154186e-04	0.000000e+00	5.770307e-03	5.800232e-03	2.250114e-03	0.000000e+00	1.350304e-03	0.000000e+00	1.049179e-03	3.379013e-04	5.720861e-04	1.684410e-03	2.803297e-03	6.236728e-01	-1.990364e-01
6.222313e-01	0.000000e+00	0.000000e+00	0.000000e+00	6.984569e-03	1.623127e-03	1.061772e-03	4.519496e-05	0.000000e+00	4.482894e-03	0.000000e+00	2.824451e-03	2.202179e-03	1.002524e-03	0.000000e+00	6.892386e-04	5.192071e-04	1.193114e-03	3.551149e-03	0.000000e+00	5.283363e-03	1.617270e-03	3.730544e-04	0.000000e+00	1.076184e-03	6.618763e-04	2.916302e-03	0.000000e+00	0.000000e+00	0.000000e+00	6.222313e-01	-1.817396e-01
6.222313e-01	0.000000e+00	0.000000e+00	0.000000e+00	6.984569e-03	1.623127e-03	1.061772e-03	4.519496e-05	0.000000e+00	4.482894e-03	0.000000e+00	2.824451e-03	2.202179e-03	1.002524e-03	0.000000e+00	6.892386e-04	5.192071e-04	1.193114e-03	3.551149e-03	0.000000e+00	5.283363e-03	1.617270e-03	3.730544e-04	0.000000e+00	1.076184e-03	6.618763e-04	2.916302e-03	0.000000e+00	0.000000e+00	0.000000e+00	6.222313e-01	-1.817396e-01
6.212514e-01	2.177373e-05	5.441596e-05	0.000000e+00	0.000000e+00	0.000000e+00	6.534570e-04	7.727623e-05	0.000000e+00	1.122424e-03	2.572894e-05	1.959036e-03	6.039109e-04	1.402667e-03	0.000000e+00	3.097752e-03	3.517373e-04	6.188015e-04	7.102297e-04	0.000000e+00	2.360937e-03	0.000000e+00	4.446657e-02	0.000000e+00	1.758790e-02	6.341006e-05	8.257882e-03	3.618630e-04	0.000000e+00	0.000000e+00	6.212514e-01	-1.570073e-01
6.200243e-01	2.018570e-04	0.000000e+00	0.000000e+00	7.697081e-04	0.000000e+00	1.926856e-03	0.000000e+00	0.000000e+00	6.612486e-03	3.579679e-05	1.502373e-03	7.896935e-04	7.301034e-04	0.000000e+00	2.026478e-02	2.344916e-04	3.075588e-04	0.000000e+00	0.000000e+00	2.934623e-03	0.000000e+00	1.803979e-04	0.000000e+00	0.000000e+00	1.289743e-02	6.220244e-03	0.000000e+00	0.000000e+00	8.006959e-04	6.200243e-01	-1.415956e-01
6.206105e-01	0.000000e+00	7.255461e-05	0.000000e+00	1.582691e-03	1.557145e-02	5.508688e-04	6.855729e-05	0.000000e+00	2.903639e-03	0.000000e+00	1.184039e-02	2.525978e-03	2.010966e-03	3.574391e-03	0.000000e+00	9.544175e-05	0.000000e+00	0.000000e+00	5.889895e-03	5.063282e-03	0.000000e+00	1.147624e-06	0.000000e+00	1.713761e-02	6.618763e-04	6.930660e-03	8.548295e-04	0.000000e+00	4.833922e-03	6.206105e-01	-1.466166e-01
4.542374e-01	7.209994e-03	2.720798e-05	0.000000e+00	0.000000e+00	0.000000e+00	0.000000e+00	7.727623e-05	0.000000e+00	1.122424e-03	2.125434e-05	0.000000e+00	3.019555e-04	2.397034e-03	0.000000e+00	7.626060e-03	2.159167e-03	6.188015e-04	6.214510e-04	0.000000e+00	2.635277e-03	0.000000e+00	9.173129e-05	0.000000e+00	0.000000e+00	4.722897e-03	0.000000e+00	2.713973e-04	0.000000e+00	0.000000e+00	4.542374e-01	-1.180295e-01
4.542374e-01	7.209994e-03	2.720798e-05	0.000000e+00	0.000000e+00	0.000000e+00	0.000000e+00	7.727623e-05	0.000000e+00	1.122424e-03	2.125434e-05	0.000000e+00	3.019555e-04	2.397034e-03	0.000000e+00	7.626060e-03	2.159167e-03	6.188015e-04	6.214510e-04	0.000000e+00	2.635277e-03	0.000000e+00	9.173129e-05	0.000000e+00	0.000000e+00	4.722897e-03	0.000000e+00	2.713973e-04	0.000000e+00	0.000000e+00	4.542374e-01	-1.180295e-01
4.542374e-01	7.209994e-03	2.720798e-05	0.000000e+00	0.000000e+00	0.000000e+00	0.000000e+00	7.727623e-05	0.000000e+00	1.122424e-03	2.125434e-05	0.000000e+00	3.019555e-04	2.397034e-03	0.000000e+00	7.626060e-03	2.159167e-03	6.188015e-04	6.214510e-04	0.000000e+00	2.635277e-03	0.000000e+00	9.173129e-05	0.000000e+00	0.000000e+00	4.722897e-03	0.000000e+00	2.713973e-04	0.000000e+00	0.000000e+00	4.542374e-01	-1.180295e-01
4.542374e-01	7.209994e-03	2.720798e-05	0.000000e+00	0.000000e+00	0.000000e+00	0.000000e+00	7.727623e-05	0.000000e+00	1.122424e-03	2.125434e-05	0.000000e+00	3.019555e-04	2.397034e-03	0.000000e+00	7.626060e-03	2.159167e-03	6.188015e-04	6.214510e-04	0.000000e+00	2.635277e-03	0.000000e+00	9.173129e-05	0.000000e+00	0.000000e+00	4.722897e-03	0.000000e+00	2.713973e-04	0.000000e+00	0.000000e+00	4.542374e-01	-1.180295e-01
4.542374e-01	7.209994e-03	2.720798e-05	0.000000e+00	0.000000e+00	0.000000e+00	0.000000e+00	7.727623e-05	0.000000e+00	1.122424e-03	2.125434e-05	0.000000e+00	3.019555e-04	2.397034e-03	0.000000e+00	7.626060e-03	2.159167e-03	6.188015e-04	6.214510e-04	0.000000e+00	2.635277e-03	0.000000e+00	9.173129e-05	0.000000e+00	0.000000e+00	4.722897e-03	0.000000e+00	2.713973e-04	0.000000e+00	0.000000e+00	4.542374e-01	-1.180295e-01
4.542374e-01	7.209994e-03	2.720798e-05	0.000000e+00	0.000000e+00	0.000000e+00	0.000000e+00	7.727623e-05	0.000000e+00	1.122424e-03	2.125434e-05	0.000000e+00	3.019555e-04	2.397034e-03	0.000000e+00	7.626060e-03	2.159167e-03	6.188015e-04	6.214510e-04	0.000000e+00	2.635277e-03	0.000000e+00	9.173129e-05	0.000000e+00	0.000000e+00	4.722897e-03	0.000000e+00	2.713973e-04	0.000000e+00	0.000000e+00	4.542374e-01	-1.180295e-01
4.542374e-01	7.209994e-03	2.720798e-05	0.000000e+00	0.000000e+00	0.000000e+00	0.000000e+00	7.727623e-05	0.000000e+00	1.122424e-03	2.125434e-05	0.000000e+00	3.019555e-04	2.397034e-03	0.000000e+00	7.626060e-03	2.159167e-03	6.188015e-04	6.214510e-04	0.000000e+00	2.635277e-03	0.000000e+00	9.173129e-05	0.000000e+00	0.000000e+00	4.722897e-03	0.000000e+00	2.713973e-04	0.000000e+00	0.000000e+00	4.542374e-01	-1.180295e-01
4.542374e-01	7.209994e-03	2.720798e-05	0.000000e+00	0.000000e+00	0.000000e+00	0.000000e+00	7.727623e-05	0.000000e+00	1.122424e-03	2.125434e-05	0.000000e+00	3.019555e-04	2.397034e-03	0.000000e+00	7.626060e-03	2.159167e-03	6.188015e-04	6.214510e-04	0.000000e+00	2.635277e-03	0.000000e+00	9.173129e-05	0.000000e+00	0.000000e+00	4.722897e-03	0.000000e+00	2.713973e-04	0.000000e+00	0.000000e+00	4.542374e-01	-1.180295e-01
4.479545e-01	2.747254e-04	0.000000e+00	0.000000e+00	0.000000e+00	0.000000e+00	0.000000e+00	0.000000e+00	0.000000e+00	3.436625e-03	6.018764e-05	1.502373e-03	3.835137e-04	0.000000e+00	0.000000e+00	1.447866e-02	0.000000e+00	8.355346e-05	0.000000e+00	0.000000e+00	2.934623e-03	0.000000e+00	0.000000e+00	0.000000e+00	0.000000e+00	1.416060e-02	9.015181e-03	2.119979e-04	0.000000e+00	8.006959e-04	4.479545e-01	-1.065302e-01
4.452071e-01	3.673578e-03	1.360399e-05	1.054500e-03	1.146168e-02	0.000000e+00	1.633642e-03	0.000000e+00	0.000000e+00	1.316338e-04	6.018764e-05	1.502373e-03	1.523944e-04	0.000000e+00	0.000000e+00	1.447866e-02	6.149830e-03	0.000000e+00	0.000000e+00	0.000000e+00	2.500088e-03	1.801805e-03	9.609638e-04	0.000000e+00	0.000000e+00	7.770118e-03	2.312100e-03	2.119979e-04	3.967575e-04	0.000000e+00	4.452071e-01	-9.574667e-02
4.419983e-01	0.000000e+00	5.441596e-05	0.000000e+00	1.039398e-02	0.000000e+00	6.534570e-04	4.628184e-04	0.000000e+00	0.000000e+00	0.000000e+00	0.000000e+00	0.000000e+00	4.794068e-03	0.000000e+00	0.000000e+00	0.000000e+00	0.000000e+00	6.658403e-05	0.000000e+00	0.000000e+00	4.630543e-04	0.000000e+00	0.000000e+00	1.607455e-02	1.331090e-03	0.000000e+00	3.611797e-04	0.000000e+00	5.004349e-05	4.419983e-01	-8.573576e-02
4.400083e-01	1.078070e-02	4.081197e-05	0.000000e+00	0.000000e+00	0.000000e+00	6.534570e-04	0.000000e+00	0.000000e+00	8.244795e-04	3.188152e-05	0.000000e+00	4.529332e-04	2.747701e-03	0.000000e+00	5.361906e-03	1.255452e-03	6.188015e-04	3.107255e-04	0.000000e+00	2.498107e-03	0.000000e+00	1.826964e-04	0.000000e+00	8.037273e-03	9.382384e-03	6.193411e-03	2.823638e-04	0.000000e+00	0.000000e+00	4.400083e-01	-7.152061e-02
4.399549e-01	9.669044e-03	0.000000e+00	0.000000e+00	5.750712e-03	0.000000e+00	0.000000e+00	9.541549e-03	3.723488e-05	1.122424e-03	3.180781e-05	6.743146e-03	5.022121e-04	6.782768e-03	0.000000e+00	9.596688e-03	2.824846e-03	0.000000e+00	3.551149e-04	0.000000e+00	2.617454e-03	0.000000e+00	8.838912e-04	0.000000e+00	0.000000e+00	1.149582e-02	3.069139e-03	3.078331e-04	0.000000e+00	6.832444e-04	4.399549e-01	-6.654175e-02
4.353675e-01	7.096007e-03	2.720798e-05	0.000000e+00	0.000000e+00	0.000000e+00	3.267285e-04	5.502682e-04	8.412598e-04	2.411158e-03	5.534103e-05	1.502373e-03	0.000000e+00	3.391402e-03	0.000000e+00	4.587468e-03	5.134114e-03	2.785115e-05	5.770616e-04	0.000000e+00	2.029380e-03	0.000000e+00	0.000000e+00	0.000000e+00	0.000000e+00	3.743077e-03	3.874236e-03	4.070959e-04	1.980516e-04	2.001740e-04	4.353675e-01	-4.229434e-02
4.338887e-01	5.373205e-03	2.040599e-05	0.000000e+00	0.000000e+00	0.000000e+00	0.000000e+00	7.492894e-04	2.139956e-03	2.345341e-03	2.524721e-05	0.000000e+00	2.257583e-04	3.391402e-03	0.000000e+00	1.215437e-02	2.059199e-03	2.846249e-03	7.990084e-04	0.000000e+00	2.909617e-03	0.000000e+00	0.000000e+00	0.000000e+00	2.228808e-03	4.386572e-03	0.000000e+00	3.010969e-04	5.775336e-04	2.001740e-04	4.338887e-01	-2.928007e-02
4.321415e-01	6.858127e-05	0.000000e+00	1.054500e-03	1.161139e-02	0.000000e+00	1.306914e-03	2.478203e-03	0.000000e+00	8.591563e-04	0.000000e+00	4.310556e-03	1.416629e-06	1.424562e-03	0.000000e+00	1.298408e-02	8.045194e-03	6.188015e-04	0.000000e+00	0.000000e+00	2.746263e-03	0.000000e+00	9.601976e-04	6.253716e-04	3.140740e-03	8.957404e-03	5.023340e-04	0.000000e+00	1.172670e-03	0.000000e+00	4.321415e-01	-1.014099e-02
4.308568e-01	1.169468e-04	3.363007e-03	0.000000e+00	2.312037e-03	0.000000e+00	6.534570e-04	3.980423e-04	1.217016e-03	0.000000e+00	1.719076e-05	0.000000e+00	0.000000e+00	0.000000e+00	0.000000e+00	0.000000e+00	0.000000e+00	2.145907e-02	4.438936e-05	0.000000e+00	1.809796e-03	0.000000e+00	1.481117e-03	0.000000e+00	0.000000e+00	0.000000e+00	0.000000e+00	8.612673e-05	1.298538e-03	2.001740e-04	4.308568e-01	-4.463750e-03
4.288620e-01	1.169468e-04	0.000000e+00	0.000000e+00	1.039398e-02	0.000000e+00	0.000000e+00	4.012654e-03	1.948044e-03	2.997710e-03	7.274516e-05	0.000000e+00	0.000000e+00	8.054579e-03	2.783690e-04	1.069137e-02	1.983298e-03	0.000000e+00	4.438936e-04	0.000000e+00	2.441313e-03	0.000000e+00	4.037073e-05	0.000000e+00	5.572019e-03	4.353670e-04	0.000000e+00	0.000000e+00	0.000000e+00	1.000870e-04	4.288620e-01	1.776830e-02
4.281063e-01	0.000000e+00	0.000000e+00	0.000000e+00	5.159563e-03	0.000000e+00	0.000000e+00	1.682147e-03	4.279912e-03	2.706621e-03	1.889368e-05	1.740268e-03	0.000000e+00	2.498472e-03	5.567380e-04	3.297210e-03	2.347221e-03	4.454894e-03	1.775574e-04	0.000000e+00	0.000000e+00	3.310079e-03	2.068532e-03	2.945899e-04	4.457615e-03	0.000000e+00	5.094096e-04	3.217607e-04	5.440625e-04	2.502175e-04	4.281063e-01	2.343730e-02
4.254858e-01	0.000000e+00	6.726014e-03	0.000000e+00	1.031913e-02	0.000000e+00	0.000000e+00	3.364294e-03	3.410101e-03	4.018501e-03	6.966887e-05	1.314576e-03	0.000000e+00	6.358878e-03	0.000000e+00	9.830071e-03	5.949895e-03	0.000000e+00	3.551149e-04	0.000000e+00	2.125573e-03	0.000000e+00	2.887351e-04	5.891799e-04	4.457615e-03	4.604164e-03	5.094096e-04	9.258852e-04	9.915242e-04	0.000000e+00	4.254858e-01	5.616676e-02
4.231467e-01	0.000000e+00	0.000000e+00	0.000000e+00	1.497063e-04	0.000000e+00	0.000000e+00	1.296720e-03	1.948044e-03	3.021588e-03	2.596511e-05	1.740268e-03	1.416629e-06	3.391402e-03	5.567380e-04	5.040311e-03	0.000000e+00	0.000000e+00	2.663361e-04	0.000000e+00	1.501586e-03	0.000000e+00	1.411827e-03	0.000000e+00	2.228808e-03	3.191362e-03	2.547048e-04	1.356986e-04	0.000000e+00	2.001740e-04	4.231467e-01	7.373658e-02
4.231467e-01	5.353958e-03	2.040599e-05	0.000000e+00	7.485313e-05	0.000000e+00	0.000000e+00	0.000000e+00	2.615366e-03	1.004220e-01	3.822977e-05	3.286441e-04	2.257583e-04	4.740661e-03	0.000000e+00	0.000000e+00	2.059199e-03	0.000000e+00	8.544951e-04	0.000000e+00	3.660410e-03	0.000000e+00	0.000000e+00	0.000000e+00	3.162758e-03	5.478051e-03	1.273524e-04	3.689463e-04	5.533834e-04	1.751522e-04	4.231467e-01	9.561803e-02
4.198463e-01	1.169468e-04	0.000000e+00	0.000000e+00	1.041150e-03	0.000000e+00	0.000000e+00	7.692602e-04	1.948044e-03	0.000000e+00	4.390362e-05	0.000000e+00	0.000000e+00	1.771694e-03	0.000000e+00	3.834924e-03	1.983298e-03	1.405100e-02	8.877871e-05	0.000000e+00	1.915055e-03	0.000000e+00	1.083656e-03	0.000000e+00	1.443622e-03	7.147446e-04	0.000000e+00	5.490693e-04	1.478633e-05	2.001740e-04	4.198463e-01	1.135388e-01
4.185575e-01	1.817496e-04	0.000000e+00	0.000000e+00	0.000000e+00	0.000000e+00	0.000000e+00	1.154802e-03	1.298696e-03	1.782246e-02	2.619423e-05	6.593876e-04	7.751245e-05	0.000000e+00	3.711587e-04	8.351685e-05	0.000000e+00	3.882650e-03	1.775574e-04	0.000000e+00	0.000000e+00	0.000000e+00	1.908556e-03	0.000000e+00	0.000000e+00	0.000000e+00	0.000000e+00	2.385027e-03	0.000000e+00	0.000000e+00	4.185575e-01	1.289224e-01
4.161245e-01	3.849439e-05	0.000000e+00	0.000000e+00	0.000000e+00	0.000000e+00	0.000000e+00	0.000000e+00	9.972242e-04	1.109610e-03	0.000000e+00	1.082980e-03	1.416629e-06	6.928830e-04	5.567380e-04	1.063127e-03	0.000000e+00	8.675286e-03	1.553627e-04	0.000000e+00	0.000000e+00	3.310079e-03	2.015512e-03	0.000000e+00	3.609056e-04	1.008404e-03	0.000000e+00	0.000000e+00	4.830038e-05	2.502175e-04	4.161245e-01	1.575247e-01
4.139504e-01	1.535678e-04	0.000000e+00	0.000000e+00	0.000000e+00	0.000000e+00	0.000000e+00	1.347574e-03	9.740222e-04	9.132171e-03	1.733954e-05	9.890814e-04	0.000000e+00	0.000000e+00	5.567380e-04	0.000000e+00	0.000000e+00	2.339835e-03	0.000000e+00	0.000000e+00	0.000000e+00	0.000000e+00	2.321005e-03	0.000000e+00	0.000000e+00	0.000000e+00	0.000000e+00	2.713973e-04	0.000000e+00	0.000000e+00	4.139504e-01	1.847556e-01
4.139504e-01	1.535678e-04	0.000000e+00	0.000000e+00	0.000000e+00	0.000000e+00	0.000000e+00	1.347574e-03	9.740222e-04	9.132171e-03	1.733954e-05	9.890814e-04	0.000000e+00	0.000000e+00	5.567380e-04	0.000000e+00	0.000000e+00	2.339835e-03	0.000000e+00	0.000000e+00	0.000000e+00	0.000000e+00	2.321005e-03	0.000000e+00	0.000000e+00	0.000000e+00	0.000000e+00	2.713973e-04	0.000000e+00	0.000000e+00	4.139504e-01	1.847556e-01
4.114413e-01	7.698879e-05	0.000000e+00	0.000000e+00	5.205751e-04	0.000000e+00	0.000000e+00	4.778906e-04	1.508461e-03	1.945470e-04	0.000000e+00	0.000000e+00	0.000000e+00	9.618408e-04	0.000000e+00	1.875703e-03	9.916491e-04	1.735057e-02	1.331681e-04	0.000000e+00	1.160826e-03	6.620158e-03	1.496106e-03	0.000000e+00	7.218112e-04	2.382482e-04	0.000000e+00	1.421134e-04	1.088125e-03	1.000870e-04	4.114413e-01	2.213658e-01
2.557740e-01	1.211664e-04	0.000000e+00	0.000000e+00	0.000000e+00	0.000000e+00	0.000000e+00	1.154802e-03	1.298696e-03	2.209401e-04	2.619423e-05	6.593876e-04	7.751245e-05	0.000000e+00	3.711587e-04	8.351685e-05	0.000000e+00	7.424010e-03	1.775574e-04	0.000000e+00	1.276703e-03	0.000000e+00	1.908556e-03	0.000000e+00	0.000000e+00	1.786862e-04	0.000000e+00	2.385027e-03	0.000000e+00	0.000000e+00	2.557740e-01	2.467094e-01
2.557740e-01	1.211664e-04	0.000000e+00	0.000000e+00	0.000000e+00	0.000000e+00	0.000000e+00	1.154802e-03	1.298696e-03	2.209401e-04	2.619423e-05	6.593876e-04	7.751245e-05	0.000000e+00	3.711587e-04	8.351685e-05	0.000000e+00	7.424010e-03	1.775574e-04	0.000000e+00	1.276703e-03	0.000000e+00	1.908556e-03	0.000000e+00	0.000000e+00	1.786862e-04	0.000000e+00	2.385027e-03	0.000000e+00	0.000000e+00	2.557740e-01	2.467094e-01
2.557740e-01	1.211664e-04	0.000000e+00	0.000000e+00	0.000000e+00	0.000000e+00	0.000000e+00	1.154802e-03	1.298696e-03	2.209401e-04	2.619423e-05	6.593876e-04	7.751245e-05	0.000000e+00	3.711587e-04	8.351685e-05	0.000000e+00	7.424010e-03	1.775574e-04	0.000000e+00	1.276703e-03	0.000000e+00	1.908556e-03	0.000000e+00	0.000000e+00	1.786862e-04	0.000000e+00	2.385027e-03	0.000000e+00	0.000000e+00	2.557740e-01	2.467094e-01
2.557740e-01	1.211664e-04	0.000000e+00	0.000000e+00	0.000000e+00	0.000000e+00	0.000000e+00	1.154802e-03	1.298696e-03	2.209401e-04	2.619423e-05	6.593876e-04	7.751245e-05	0.000000e+00	3.711587e-04	8.351685e-05	0.000000e+00	7.424010e-03	1.775574e-04	0.000000e+00	1.276703e-03	0.000000e+00	1.908556e-03	0.000000e+00	0.000000e+00	1.786862e-04	0.000000e+00	2.385027e-03	0.000000e+00	0.000000e+00	2.557740e-01	2.467094e-01
2.557740e-01	1.211664e-04	0.000000e+00	0.000000e+00	0.000000e+00	0.000000e+00	0.000000e+00	1.154802e-03	1.298696e-03	2.209401e-04	2.619423e-05	6.593876e-04	7.751245e-05	0.000000e+00	3.711587e-04	8.351685e-05	0.000000e+00	7.424010e-03	1.775574e-04	0.000000e+00	1.276703e-03	0.000000e+00	1.908556e-03	0.000000e+00	0.000000e+00	1.786862e-04	0.000000e+00	2.385027e-03	0.000000e+00	0.000000e+00	2.557740e-01	2.467094e-01
2.557740e-01	1.211664e-04	0.000000e+00	0.000000e+00	0.000000e+00	0.000000e+00	0.000000e+00	1.154802e-03	1.298696e-03	2.209401e-04	2.619423e-05	6.593876e-04	7.751245e-05	0.000000e+00	3.711587e-04	8.351685e-05	0.000000e+00	7.424010e-03	1.775574e-04	0.000000e+00	1.276703e-03	0.000000e+00	1.908556e-03	0.000000e+00	0.000000e+00	1.786862e-04	0.000000e+00	2.385027e-03	0.000000e+00	0.000000e+00	2.557740e-01	2.467094e-01
2.557740e-01	1.211664e-04	0.000000e+00	0.000000e+00	0.000000e+00	0.000000e+00	0.000000e+00	1.154802e-03	1.298696e-03	2.209401e-04	2.619423e-05	6.593876e-04	7.751245e-05	0.000000e+00	3.711587e-04	8.351685e-05	0.000000e+00	7.424010e-03	1.775574e-04	0.000000e+00	1.276703e-03	0.000000e+00	1.908556e-03	0.000000e+00	0.000000e+00	1.786862e-04	0.000000e+00	2.385027e-03	0.000000e+00	0.000000e+00	2.557740e-01	2.467094e-01
2.557740e-01	1.211664e-04	0.000000e+00	0.000000e+00	0.000000e+00	0.000000e+00	0.000000e+00	1.154802e-03	1.298696e-03	2.209401e-04	2.619423e-05	6.593876e-04	7.751245e-05	0.000000e+00	3.711587e-04	8.351685e-05	0.000000e+00	7.424010e-03	1.775574e-04	0.000000e+00	1.276703e-03	0.000000e+00	1.908556e-03	0.000000e+00	0.000000e+00	1.786862e-04	0.000000e+00	2.385027e-03	0.000000e+00	0.000000e+00	2.557740e-01	2.467094e-01
2.557740e-01	1.211664e-04	0.000000e+00	0.000000e+00	0.000000e+00	0.000000e+00	0.000000e+00	1.154802e-03	1.298696e-03	2.209401e-04	2.619423e-05	6.593876e-04	7.751245e-05	0.000000e+00	3.711587e-04	8.351685e-05	0.000000e+00	7.424010e-03	1.775574e-04	0.000000e+00	1.276703e-03	0.000000e+00	1.908556e-03	0.000000e+00	0.000000e+00	1.786862e-04	0.000000e+00	2.385027e-03	0.000000e+00	0.000000e+00	2.557740e-01	2.467094e-01
2.557740e-01	1.211664e-04	0.000000e+00	0.000000e+00	0.000000e+00	0.000000e+00	0.000000e+00	1.154802e-03	1.298696e-03	2.209401e-04	2.619423e-05	6.593876e-04	7.751245e-05	0.000000e+00	3.711587e-04	8.351685e-05	0.000000e+00	7.424010e-03	1.775574e-04	0.000000e+00	1.276703e-03	0.000000e+00	1.908556e-03	0.000000e+00	0.000000e+00	1.786862e-04	0.000000e+00	2.385027e-03	0.000000e+00	0.000000e+00	2.557740e-01	2.467094e-01
2.504952e-01	1.568427e-04	0.000000e+00	0.000000e+00	0.000000e+00	0.000000e+00	0.000000e+00	1.154802e-03	2.743293e-03	0.000000e+00	3.929135e-05	0.000000e+00	3.875623e-05	1.785850e-05	5.465510e-05	8.351685e-05	0.000000e+00	7.197051e-03	1.775574e-04	0.000000e+00	1.915055e-03	2.049472e-04	1.423625e-05	0.000000e+00	0.000000e+00	1.786862e-04	0.000000e+00	1.427949e-03	2.637654e-03	0.000000e+00	2.504952e-01	2.532402e-01
2.449258e-01	9.251976e-03	0.000000e+00	0.000000e+00	0.000000e+00	0.000000e+00	0.000000e+00	1.154802e-03	0.000000e+00	3.725060e-03	5.238846e-05	0.000000e+00	0.000000e+00	1.785850e-05	0.000000e+00	4.175843e-05	0.000000e+00	1.050358e-02	2.663361e-04	0.000000e+00	0.000000e+00	0.000000e+00	9.685140e-04	2.516086e-03	0.000000e+00	2.680292e-04	0.000000e+00	0.000000e+00	5.505157e-04	0.000000e+00	2.449258e-01	2.701318e-01
2.396371e-01	1.403102e-04	0.000000e+00	0.000000e+00	0.000000e+00	0.000000e+00	0.000000e+00	1.154802e-03	1.149544e-03	0.000000e+00	2.619423e-05	9.890814e-04	1.162687e-04	0.000000e+00	5.567380e-04	1.269028e-04	0.000000e+00	1.627854e-03	1.775574e-04	0.000000e+00	1.276703e-03	0.000000e+00	2.339624e-03	0.000000e+00	0.000000e+00	8.934308e-05	0.000000e+00	3.374738e-03	1.719672e-03	0.000000e+00	2.396371e-01	2.869089e-01
2.335721e-01	0.000000e+00	0.000000e+00	0.000000e+00	2.130525e-03	0.000000e+00	0.000000e+00	0.000000e+00	5.966110e-04	0.000000e+00	0.000000e+00	0.000000e+00	0.000000e+00	1.246296e-04	0.000000e+00	1.605236e-04	2.772454e-03	6.095500e-03	0.000000e+00	0.000000e+00	0.000000e+00	1.899246e-03	2.181934e-03	5.032173e-03	0.000000e+00	0.000000e+00	4.110600e-03	1.222434e-03	8.104548e-04	0.000000e+00	2.335721e-01	3.199482e-01
2.290794e-01	7.296445e-05	0.000000e+00	0.000000e+00	0.000000e+00	0.000000e+00	0.000000e+00	0.000000e+00	2.889194e-03	6.193811e-04	2.092415e-04	0.000000e+00	0.000000e+00	3.571701e-05	0.000000e+00	0.000000e+00	0.000000e+00	1.920689e-02	0.000000e+00	0.000000e+00	1.276703e-03	5.087523e-03	1.857986e-03	0.000000e+00	0.000000e+00	0.000000e+00	0.000000e+00	0.000000e+00	8.166395e-03	0.000000e+00	2.290794e-01	3.493354e-01
2.245519e-01	1.198684e-04	0.000000e+00	0.000000e+00	8.539147e-04	0.000000e+00	0.000000e+00	5.774012e-04	1.298696e-03	1.353280e-03	0.000000e+00	9.890814e-04	1.162687e-04	2.051828e-05	5.567380e-04	2.521781e-04	1.962710e-03	7.424010e-03	8.877871e-05	0.000000e+00	1.276703e-03	0.000000e+00	1.389923e-03	5.860727e-04	0.000000e+00	8.934308e-05	0.000000e+00	1.192513e-03	0.000000e+00	0.000000e+00	2.245519e-01	3.743730e-01
2.191278e-01	6.546573e-05	0.000000e+00	0.000000e+00	8.539147e-04	0.000000e+00	0.000000e+00	0.000000e+00	0.000000e+00	3.105340e-03	0.000000e+00	6.593876e-04	7.751245e-05	5.167567e-05	3.711587e-04	2.505506e-04	2.463754e-03	1.403708e-02	0.000000e+00	0.000000e+00	0.000000e+00	2.111374e-03	2.135864e-03	1.844116e-03	0.000000e+00	0.000000e+00	0.000000e+00	0.000000e+00	0.000000e+00	0.000000e+00	2.191278e-01	4.146608e-01
2.141073e-01	8.413559e-05	0.000000e+00	0.000000e+00	0.000000e+00	0.000000e+00	0.000000e+00	0.000000e+00	0.000000e+00	0.000000e+00	0.000000e+00	1.318775e-03	1.550249e-04	0.000000e+00	7.423173e-04	1.670337e-04	0.000000e+00	8.109447e-04	0.000000e+00	0.000000e+00	0.000000e+00	2.669967e-03	0.000000e+00	3.688232e-03	0.000000e+00	0.000000e+00	0.000000e+00	3.958845e-03	4.174277e-03	0.000000e+00	2.141073e-01	4.497083e-01
2.095326e-01	4.584806e-05	0.000000e+00	0.000000e+00	0.000000e+00	0.000000e+00	0.000000e+00	0.000000e+00	2.983055e-04	1.474720e-03	0.000000e+00	6.593876e-04	1.550249e-04	6.231478e-05	3.711587e-04	8.026179e-05	7.682813e-04	1.240326e-02	0.000000e+00	0.000000e+00	0.000000e+00	2.669967e-03	8.713574e-04	4.873289e-03	0.000000e+00	0.000000e+00	2.055300e-03	1.979423e-03	0.000000e+00	0.000000e+00	2.095326e-01	4.873257e-01
2.041899e-01	4.962632e-05	0.000000e+00	0.000000e+00	5.945737e-03	0.000000e+00	0.000000e+00	0.000000e+00	8.731187e-03	0.000000e+00	0.000000e+00	1.449873e-03	0.000000e+00	1.261494e-04	6.330071e-04	4.110741e-04	3.073125e-03	0.000000e+00	0.000000e+00	0.000000e+00	0.000000e+00	4.925427e-03	0.000000e+00	8.738882e-03	0.000000e+00	0.000000e+00	0.000000e+00	2.815105e-03	6.842242e-03	0.000000e+00	2.041899e-01	5.318445e-01
1.985075e-01	3.637941e-05	0.000000e+00	0.000000e+00	0.000000e+00	0.000000e+00	0.000000e+00	0.000000e+00	1.368005e-02	5.992157e-03	7.321891e-04	1.318775e-03	0.000000e+00	9.727186e-05	7.423173e-04	1.041619e-04	1.536563e-03	2.399557e-02	0.000000e+00	0.000000e+00	0.000000e+00	3.220882e-03	6.294649e-03	0.000000e+00	0.000000e+00	0.000000e+00	0.000000e+00	0.000000e+00	3.613820e-03	0.000000e+00	1.985075e-01	5.785842e-01
1.919115e-01	7.856362e-06	0.000000e+00	0.000000e+00	1.172002e-03	0.000000e+00	0.000000e+00	0.000000e+00	2.983055e-04	0.000000e+00	0.000000e+00	0.000000e+00	0.000000e+00	1.611065e-04	0.000000e+00	9.765183e-06	7.299212e-03	0.000000e+00	0.000000e+00	0.000000e+00	0.000000e+00	4.200416e-03	0.000000e+00	6.712861e-03	0.000000e+00	0.000000e+00	2.055300e-03	2.770854e-03	5.848619e-05	0.000000e+00	1.919115e-01	6.161668e-01
1.846894e-01	6.749274e-05	0.000000e+00	0.000000e+00	6.372694e-03	0.000000e+00	0.000000e+00	2.887006e-04	9.380535e-03	6.766400e-04	0.000000e+00	1.285026e-03	0.000000e+00	9.879173e-05	5.402175e-04	3.243022e-04	4.054480e-03	3.306533e-03	4.438936e-05	0.000000e+00	6.383516e-04	3.590443e-03	7.881198e-03	7.187803e-03	0.000000e+00	4.467154e-05	0.000000e+00	1.431939e-03	6.842242e-03	0.000000e+00	1.846894e-01	6.688804e-01
8.562310e-02	8.413559e-05	0.000000e+00	0.000000e+00	0.000000e+00	0.000000e+00	0.000000e+00	0.000000e+00	0.000000e+00	0.000000e+00	0.000000e+00	1.318775e-03	1.550249e-04	0.000000e+00	7.423173e-04	0.000000e+00	0.000000e+00	8.109447e-04	0.000000e+00	0.000000e+00	0.000000e+00	2.669967e-03	0.000000e+00	3.688232e-03	0.000000e+00	0.000000e+00	0.000000e+00	3.958845e-03	0.000000e+00	0.000000e+00	8.562310e-02	6.735727e-01
8.562310e-02	8.413559e-05	0.000000e+00	0.000000e+00	0.000000e+00	0.000000e+00	0.000000e+00	0.000000e+00	0.000000e+00	0.000000e+00	0.000000e+00	1.318775e-03	1.550249e-04	0.000000e+00	7.423173e-04	0.000000e+00	0.000000e+00	8.109447e-04	0.000000e+00	0.000000e+00	0.000000e+00	2.669967e-03	0.000000e+00	3.688232e-03	0.000000e+00	0.000000e+00	0.000000e+00	3.958845e-03	0.000000e+00	0.000000e+00	8.562310e-02	6.735727e-01
8.562310e-02	8.413559e-05	0.000000e+00	0.000000e+00	0.000000e+00	0.000000e+00	0.000000e+00	0.000000e+00	0.000000e+00	0.000000e+00	0.000000e+00	1.318775e-03	1.550249e-04	0.000000e+00	7.423173e-04	0.000000e+00	0.000000e+00	8.109447e-04	0.000000e+00	0.000000e+00	0.000000e+00	2.669967e-03	0.000000e+00	3.688232e-03	0.000000e+00	0.000000e+00	0.000000e+00	3.958845e-03	0.000000e+00	0.000000e+00	8.562310e-02	6.735727e-01
8.562310e-02	8.413559e-05	0.000000e+00	0.000000e+00	0.000000e+00	0.000000e+00	0.000000e+00	0.000000e+00	0.000000e+00	0.000000e+00	0.000000e+00	1.318775e-03	1.550249e-04	0.000000e+00	7.423173e-04	0.000000e+00	0.000000e+00	8.109447e-04	0.000000e+00	0.000000e+00	0.000000e+00	2.669967e-03	0.000000e+00	3.688232e-03	0.000000e+00	0.000000e+00	0.000000e+00	3.958845e-03	0.000000e+00	0.000000e+00	8.562310e-02	6.735727e-01
8.562310e-02	8.413559e-05	0.000000e+00	0.000000e+00	0.000000e+00	0.000000e+00	0.000000e+00	0.000000e+00	0.000000e+00	0.000000e+00	0.000000e+00	1.318775e-03	1.550249e-04	0.000000e+00	7.423173e-04	0.000000e+00	0.000000e+00	8.109447e-04	0.000000e+00	0.000000e+00	0.000000e+00	2.669967e-03	0.000000e+00	3.688232e-03	0.000000e+00	0.000000e+00	0.000000e+00	3.958845e-03	0.000000e+00	0.000000e+00	8.562310e-02	6.735727e-01
8.562310e-02	8.413559e-05	0.000000e+00	0.000000e+00	0.000000e+00	0.000000e+00	0.000000e+00	0.000000e+00	0.000000e+00	0.000000e+00	0.000000e+00	1.318775e-03	1.550249e-04	0.000000e+00	7.423173e-04	0.000000e+00	0.000000e+00	8.109447e-04	0.000000e+00	0.000000e+00	0.000000e+00	2.669967e-03	0.000000e+00	3.688232e-03	0.000000e+00	0.000000e+00	0.000000e+00	3.958845e-03	0.000000e+00	0.000000e+00	8.562310e-02	6.735727e-01
8.562310e-02	8.413559e-05	0.000000e+00	0.000000e+00	0.000000e+00	0.000000e+00	0.000000e+00	0.000000e+00	0.000000e+00	0.000000e+00	0.000000e+00	1.318775e-03	1.550249e-04	0.000000e+00	7.423173e-04	0.000000e+00	0.000000e+00	8.109447e-04	0.000000e+00	0.000000e+00	0.000000e+00	2.669967e-03	0.000000e+00	3.688232e-03	0.000000e+00	0.000000e+00	0.000000e+00	3.958845e-03	0.000000e+00	0.000000e+00	8.562310e-02	6.735727e-01
6.807737e-02	0.000000e+00	0.000000e+00	0.000000e+00	0.000000e+00	0.000000e+00	0.000000e+00	0.000000e+00	0.000000e+00	0.000000e+00	0.000000e+00	0.000000e+00	0.000000e+00	9.727186e-05	0.000000e+00	3.210472e-04	5.544908e-03	0.000000e+00	0.000000e+00	0.000000e+00	0.000000e+00	0.000000e+00	3.552006e-04	0.000000e+00	0.000000e+00	0.000000e+00	8.221200e-03	3.958845e-03	1.699372e-03	0.000000e+00	6.807737e-02	6.871446e-01
5.884377e-02	1.247294e-05	0.000000e+00	0.000000e+00	5.501305e-03	0.000000e+00	0.000000e+00	0.000000e+00	3.352078e-03	7.865724e-05	0.000000e+00	0.000000e+00	0.000000e+00	1.215898e-05	0.000000e+00	2.604049e-05	1.312347e-02	9.984497e-04	0.000000e+00	0.000000e+00	0.000000e+00	3.137633e-03	3.996007e-04	3.324871e-03	0.000000e+00	0.000000e+00	0.000000e+00	8.759837e-03	5.817834e-03	0.000000e+00	5.884377e-02	7.129886e-01
4.876066e-02	2.562869e-05	0.000000e+00	0.000000e+00	0.000000e+00	0.000000e+00	0.000000e+00	0.000000e+00	7.020853e-04	0.000000e+00	0.000000e+00	1.318775e-03	1.550249e-04	0.000000e+00	7.423173e-04	8.351685e-05	1.092680e-02	8.109447e-04	0.000000e+00	0.000000e+00	0.000000e+00	2.669967e-03	0.000000e+00	1.917053e-03	0.000000e+00	0.000000e+00	0.000000e+00	3.958845e-03	1.474826e-03	0.000000e+00	4.876066e-02	7.373026e-01
3.608997e-02	9.245702e-05	0.000000e+00	0.000000e+00	0.000000e+00	0.000000e+00	0.000000e+00	0.000000e+00	0.000000e+00	1.262559e-03	0.000000e+00	1.335650e-03	2.325374e-04	0.000000e+00	8.433673e-04	0.000000e+00	0.000000e+00	0.000000e+00	0.000000e+00	0.000000e+00	0.000000e+00	2.209728e-03	0.000000e+00	1.938446e-03	0.000000e+00	0.000000e+00	0.000000e+00	5.222298e-03	0.000000e+00	0.000000e+00	3.608997e-02	7.810181e-01
2.487404e-02	7.317619e-05	0.000000e+00	0.000000e+00	1.067393e-04	0.000000e+00	0.000000e+00	0.000000e+00	0.000000e+00	1.262559e-03	0.000000e+00	0.000000e+00	0.000000e+00	0.000000e+00	6.362720e-04	0.000000e+00	0.000000e+00	0.000000e+00	0.000000e+00	0.000000e+00	0.000000e+00	0.000000e+00	1.563109e-03	1.057499e-03	0.000000e+00	0.000000e+00	0.000000e+00	3.472321e-03	1.251009e-04	0.000000e+00	2.487404e-02	8.271380e-01
1.249038e-02	8.413559e-05	0.000000e+00	0.000000e+00	0.000000e+00	0.000000e+00	0.000000e+00	0.000000e+00	0.000000e+00	0.000000e+00	0.000000e+00	5.193583e-03	2.583748e-04	0.000000e+00	1.307892e-03	0.000000e+00	0.000000e+00	1.719129e-03	0.000000e+00	0.000000e+00	0.000000e+00	2.439196e-03	0.000000e+00	3.702090e-03	0.000000e+00	0.000000e+00	0.000000e+00	6.238009e-03	0.000000e+00	0.000000e+00	1.249038e-02	8.896000e-01
0.000000e+00	6.965577e-05	0.000000e+00	0.000000e+00	0.000000e+00	0.000000e+00	0.000000e+00	0.000000e+00	0.000000e+00	1.232515e-05	0.000000e+00	1.318775e-03	1.550249e-04	0.000000e+00	7.423173e-04	0.000000e+00	0.000000e+00	0.000000e+00	0.000000e+00	0.000000e+00	0.000000e+00	2.279146e-03	0.000000e+00	1.452844e-03	0.000000e+00	0.000000e+00	0.000000e+00	5.695005e-03	0.000000e+00	0.000000e+00	0.000000e+00	1.003639e+00
