6.513808e-01	3.287662e-03	0.000000e+00	1.413643e-03	9.858673e-04	1.130268e-02	0.000000e+00	3.083190e-03	7.124251e-07	6.078618e-04	8.331485e-03	0.000000e+00	1.934446e-03	9.509679e-04	4.753045e-03	7.782579e-03	4.830026e-03	2.472060e-03	0.000000e+00	0.000000e+00	6.662002e-03	1.923724e-04	5.827211e-04	0.000000e+00	0.000000e+00	2.239246e-04	5.363183e-03	2.304900e-04	2.005269e-03	0.000000e+00	6.513808e-01	-4.454050e-01
6.513808e-01	6.020545e-03	3.501805e-03	8.671037e-03	9.796644e-04	2.892738e-03	2.309349e-05	3.219301e-03	7.124251e-07	2.692175e-04	7.289207e-03	1.882585e-03	4.322123e-03	9.509679e-04	2.173251e-02	8.283145e-03	7.104306e-03	0.000000e+00	3.995913e-04	2.012359e-03	3.029811e-03	3.002880e-03	5.827211e-04	3.358484e-03	9.834909e-04	1.043383e-03	2.102580e-03	9.801681e-04	8.957846e-04	6.625331e-04	6.513808e-01	-4.399543e-01
6.464085e-01	4.066283e-03	2.466681e-03	1.294534e-03	1.186171e-03	1.035896e-02	2.055721e-05	0.000000e+00	7.124251e-07	0.000000e+00	6.456105e-03	2.552193e-03	0.000000e+00	3.287200e-04	4.566626e-03	5.799410e-03	0.000000e+00	4.603568e-03	1.689245e-03	2.354710e-04	0.000000e+00	6.051258e-03	3.838550e-04	4.952824e-04	0.000000e+00	1.355669e-04	3.761121e-03	0.000000e+00	0.000000e+00	1.928736e-03	6.464085e-01	-4.354263e-01
6.464085e-01	1.275272e-02	1.585723e-03	3.591794e-03	0.000000e+00	0.000000e+00	6.711129e-05	0.000000e+00	3.303045e-03	0.000000e+00	5.983492e-03	7.202154e-03	2.306811e-02	1.168146e-03	7.830173e-03	2.930509e-03	2.312730e-03	2.920605e-03	1.188044e-03	2.354710e-04	1.004259e-03	0.000000e+00	8.733345e-04	1.508077e-04	1.327102e-04	1.015442e-03	9.723188e-03	0.000000e+00	7.889346e-04	6.125995e-04	6.464085e-01	-4.294310e-01
6.443954e-01	1.204109e-02	6.695276e-03	1.377674e-03	2.983764e-03	3.616674e-03	0.000000e+00	5.003936e-03	0.000000e+00	5.384349e-04	3.927413e-03	3.765170e-03	4.076127e-03	5.961062e-04	8.039027e-03	7.628894e-03	5.354802e-03	4.742297e-03	2.942083e-03	1.554431e-03	6.532431e-03	2.007708e-03	2.443103e-05	0.000000e+00	0.000000e+00	6.552119e-04	0.000000e+00	0.000000e+00	0.000000e+00	2.568181e-03	6.443954e-01	-4.210015e-01
6.432687e-01	1.623399e-02	1.457984e-02	1.684230e-03	7.524813e-04	0.000000e+00	6.023664e-06	0.000000e+00	2.202030e-03	7.021522e-04	0.000000e+00	1.799283e-03	5.631310e-04	3.269793e-03	4.479669e-03	0.000000e+00	1.340964e-04	1.357807e-02	3.994513e-03	1.488138e-03	4.908540e-03	6.962648e-04	0.000000e+00	1.998319e-03	1.061682e-04	1.174695e-03	1.270336e-02	8.175650e-04	0.000000e+00	4.364162e-04	6.432687e-01	-4.144893e-01
6.420864e-01	0.000000e+00	0.000000e+00	1.467590e-03	7.394005e-04	8.200471e-03	5.049199e-05	2.697326e-03	1.068638e-06	5.624131e-04	9.595831e-03	0.000000e+00	1.263627e-03	6.529148e-04	3.045813e-03	6.753644e-03	4.618031e-03	2.727932e-03	0.000000e+00	0.000000e+00	5.744597e-03	2.214147e-03	7.500307e-04	0.000000e+00	0.000000e+00	0.000000e+00	5.363183e-03	2.593013e-04	2.005269e-03	1.504369e-03	6.420864e-01	-4.124124e-01
6.401289e-01	0.000000e+00	1.938106e-03	2.414450e-03	1.050472e-03	9.868837e-03	2.362745e-05	5.742061e-04	5.967361e-06	0.000000e+00	4.580725e-03	1.046372e-03	1.964029e-04	0.000000e+00	4.245763e-03	3.867355e-03	0.000000e+00	8.326584e-03	3.156476e-03	1.696209e-03	0.000000e+00	6.051258e-03	4.415402e-04	1.696703e-03	0.000000e+00	4.542339e-04	0.000000e+00	0.000000e+00	0.000000e+00	0.000000e+00	6.401289e-01	-4.000356e-01
6.399641e-01	1.576737e-02	2.907159e-03	4.298077e-03	3.697002e-04	8.138295e-03	2.858320e-05	1.348663e-03	5.857183e-04	3.281506e-04	1.456960e-03	0.000000e+00	0.000000e+00	2.608429e-03	1.106342e-02	4.193129e-04	2.043076e-04	1.449149e-02	5.623411e-04	4.185860e-03	3.398987e-03	1.107074e-03	0.000000e+00	6.421596e-03	0.000000e+00	0.000000e+00	0.000000e+00	2.891745e-03	0.000000e+00	3.486264e-03	6.399641e-01	-3.922989e-01
6.386355e-01	0.000000e+00	5.814318e-03	3.775823e-03	2.095219e-03	5.880215e-03	1.009840e-04	0.000000e+00	3.289108e-03	0.000000e+00	3.136438e-03	0.000000e+00	0.000000e+00	8.643507e-04	0.000000e+00	4.909758e-03	1.770122e-03	5.848855e-03	2.607693e-03	4.593243e-03	4.728100e-04	0.000000e+00	9.585217e-04	6.295255e-03	4.946011e-04	1.478103e-03	1.548852e-02	0.000000e+00	0.000000e+00	1.243114e-03	6.386355e-01	-3.842097e-01
6.380347e-01	1.995238e-03	0.000000e+00	1.099070e-02	0.000000e+00	5.179479e-03	1.027861e-05	0.000000e+00	0.000000e+00	0.000000e+00	7.380744e-03	8.262758e-04	8.668141e-04	3.456403e-04	1.244763e-02	6.944103e-03	1.420477e-03	9.643684e-03	1.763545e-04	2.195154e-03	0.000000e+00	2.851563e-03	2.163585e-04	2.863968e-03	0.000000e+00	0.000000e+00	0.000000e+00	2.208675e-04	6.451260e-04	8.878680e-04	6.380347e-01	-3.795168e-01
6.367566e-01	3.183366e-03	2.907159e-03	4.833558e-03	0.000000e+00	5.846397e-03	2.562977e-05	0.000000e+00	1.687691e-03	4.694404e-05	0.000000e+00	0.000000e+00	0.000000e+00	2.571085e-03	1.339713e-02	0.000000e+00	2.061651e-04	6.695046e-03	1.223062e-03	4.721664e-03	5.266884e-04	0.000000e+00	0.000000e+00	6.421596e-03	0.000000e+00	2.758787e-04	0.000000e+00	2.762094e-03	0.000000e+00	2.799287e-03	6.367566e-01	-3.691555e-01
6.369047e-01	1.230571e-02	1.008696e-02	1.467590e-03	3.762406e-04	0.000000e+00	0.000000e+00	0.000000e+00	1.068638e-06	3.510761e-04	1.623474e-03	8.996413e-04	1.263627e-03	6.529148e-04	1.709508e-02	2.173777e-03	1.496323e-03	9.638896e-03	1.336536e-03	4.571367e-03	2.657016e-03	3.481324e-04	0.000000e+00	7.230971e-03	1.327102e-05	2.068040e-03	5.363183e-03	1.259300e-03	5.013173e-04	1.530004e-04	6.369047e-01	-3.659156e-01
6.352798e-01	7.306326e-03	3.523829e-03	3.487195e-03	0.000000e+00	5.518853e-03	2.562977e-05	0.000000e+00	5.439590e-05	6.536222e-04	4.766587e-04	2.187204e-03	0.000000e+00	3.457403e-03	7.556516e-03	2.894336e-04	5.418483e-04	9.643684e-03	5.708004e-04	9.030051e-04	0.000000e+00	0.000000e+00	5.641107e-04	3.923747e-04	2.123363e-04	0.000000e+00	1.266135e-02	2.794691e-03	0.000000e+00	0.000000e+00	6.352798e-01	-3.538320e-01
6.356713e-01	3.852468e-03	0.000000e+00	2.538552e-03	0.000000e+00	3.616674e-03	4.458513e-05	0.000000e+00	2.205014e-03	0.000000e+00	6.681910e-03	0.000000e+00	2.311721e-02	5.782281e-04	7.713220e-03	5.915019e-03	4.621746e-03	3.784869e-03	1.321441e-03	1.071609e-03	0.000000e+00	0.000000e+00	8.877558e-04	0.000000e+00	7.962613e-05	6.552119e-04	7.628763e-03	0.000000e+00	7.889346e-04	1.304154e-04	6.356713e-01	-3.551661e-01
6.340847e-01	8.303945e-03	6.497060e-04	3.884492e-03	5.353924e-04	5.020422e-03	2.122466e-05	0.000000e+00	0.000000e+00	6.536222e-04	3.955222e-03	0.000000e+00	4.334071e-04	3.630223e-03	6.583128e-03	4.406849e-02	1.252087e-03	0.000000e+00	6.589777e-04	0.000000e+00	0.000000e+00	1.425781e-03	5.013788e-04	7.090382e-03	0.000000e+00	0.000000e+00	5.149666e-03	9.801681e-04	0.000000e+00	4.439340e-04	6.340847e-01	-3.348823e-01
6.331059e-01	6.114954e-03	2.797039e-03	1.107723e-02	0.000000e+00	0.000000e+00	0.000000e+00	0.000000e+00	0.000000e+00	0.000000e+00	4.964429e-03	0.000000e+00	1.498628e-03	5.077377e-04	1.871186e-02	5.131287e-03	3.740148e-03	4.742297e-03	0.000000e+00	4.363102e-03	2.027462e-04	0.000000e+00	2.443103e-05	6.231812e-03	0.000000e+00	1.808299e-03	0.000000e+00	8.505175e-04	8.957846e-04	0.000000e+00	6.331059e-01	-3.278726e-01
6.328123e-01	1.785533e-02	8.104807e-03	2.565881e-03	2.244363e-03	1.053693e-03	1.127977e-05	2.642240e-03	0.000000e+00	8.426776e-04	0.000000e+00	5.153411e-03	2.389889e-03	2.059008e-03	9.271954e-03	1.830381e-03	2.045269e-03	1.059670e-02	1.862930e-03	1.170265e-03	5.568273e-03	3.606677e-03	6.616915e-05	0.000000e+00	1.061682e-04	1.299112e-04	5.447200e-03	1.232012e-03	2.005269e-03	1.725496e-03	6.328123e-01	-3.210773e-01
6.317265e-01	6.114954e-03	2.874123e-03	9.151349e-03	0.000000e+00	2.911045e-03	1.201396e-05	2.078229e-03	2.751599e-03	2.647011e-04	2.118092e-04	6.726827e-03	2.453039e-03	3.740061e-03	1.152043e-02	1.709614e-03	0.000000e+00	4.742297e-03	1.981619e-03	2.565883e-03	4.592425e-03	5.616784e-03	4.939015e-04	3.253056e-03	0.000000e+00	8.734622e-04	9.996124e-03	1.567523e-03	4.478923e-04	8.146317e-05	6.317265e-01	-3.085998e-01
6.313762e-01	1.428223e-02	0.000000e+00	5.842331e-03	0.000000e+00	3.353232e-03	2.469535e-06	2.792294e-03	0.000000e+00	4.178540e-04	0.000000e+00	1.440431e-02	5.087868e-03	5.004866e-03	5.469504e-03	7.846245e-04	0.000000e+00	1.567233e-02	2.357771e-03	0.000000e+00	4.842988e-03	1.140690e-02	6.984110e-04	0.000000e+00	0.000000e+00	0.000000e+00	3.868966e-03	1.371325e-03	0.000000e+00	1.629263e-04	6.313762e-01	-3.025609e-01
6.301326e-01	3.852468e-03	0.000000e+00	1.743352e-03	2.524908e-03	2.856588e-03	4.458513e-05	4.525091e-03	2.756267e-04	8.435487e-04	5.295229e-05	5.153411e-03	2.328654e-03	1.805139e-03	7.713220e-03	2.519224e-03	8.519358e-04	8.476312e-03	3.062836e-03	1.450499e-03	5.466900e-03	5.010873e-03	4.294733e-04	0.000000e+00	1.293925e-04	1.648867e-04	6.547110e-03	1.417493e-03	7.889346e-04	1.725496e-03	6.301326e-01	-2.916555e-01
6.295224e-01	7.901504e-03	6.849443e-03	9.439003e-03	1.122182e-03	2.965046e-03	0.000000e+00	0.000000e+00	0.000000e+00	2.124118e-04	4.964429e-03	0.000000e+00	1.496382e-04	0.000000e+00	2.061308e-02	5.654165e-03	4.762783e-03	2.204480e-03	0.000000e+00	4.948235e-03	5.653889e-04	0.000000e+00	1.918019e-04	6.506111e-03	5.308408e-05	1.746924e-03	7.891172e-04	7.808607e-04	1.898419e-03	0.000000e+00	6.295224e-01	-2.812567e-01
6.295224e-01	7.901504e-03	6.849443e-03	9.439003e-03	1.122182e-03	2.965046e-03	0.000000e+00	0.000000e+00	0.000000e+00	2.124118e-04	4.964429e-03	0.000000e+00	1.496382e-04	0.000000e+00	2.061308e-02	5.654165e-03	4.762783e-03	2.204480e-03	0.000000e+00	4.948235e-03	5.653889e-04	0.000000e+00	1.918019e-04	6.506111e-03	5.308408e-05	1.746924e-03	7.891172e-04	7.808607e-04	1.898419e-03	0.000000e+00	6.295224e-01	-2.812567e-01
6.277464e-01	1.095898e-02	1.097893e-02	6.318804e-03	2.070168e-03	0.000000e+00	0.000000e+00	3.765703e-03	2.757516e-03	4.672569e-04	3.830366e-05	0.000000e+00	1.854761e-03	0.000000e+00	5.451817e-03	2.056767e-03	1.551922e-03	5.015231e-04	2.399811e-03	5.102461e-03	6.730235e-03	3.606677e-03	0.000000e+00	3.253056e-03	6.882084e-04	1.220190e-03	2.199820e-03	1.575153e-03	2.353136e-03	0.000000e+00	6.277464e-01	-2.581327e-01
6.277464e-01	1.095898e-02	1.097893e-02	6.318804e-03	2.070168e-03	0.000000e+00	0.000000e+00	3.765703e-03	2.757516e-03	4.672569e-04	3.830366e-05	0.000000e+00	1.854761e-03	0.000000e+00	5.451817e-03	2.056767e-03	1.551922e-03	5.015231e-04	2.399811e-03	5.102461e-03	6.730235e-03	3.606677e-03	0.000000e+00	3.253056e-03	6.882084e-04	1.220190e-03	2.199820e-03	1.575153e-03	2.353136e-03	0.000000e+00	6.277464e-01	-2.581327e-01
6.264784e-01	7.979610e-03	0.000000e+00	3.252076e-03	0.000000e+00	1.940932e-04	0.000000e+00	1.428130e-03	0.000000e+00	5.873158e-04	0.000000e+00	1.535496e-02	5.269657e-03	2.529611e-03	2.292551e-03	0.000000e+00	1.232474e-03	1.965652e-02	1.265808e-03	0.000000e+00	4.719276e-03	1.158023e-02	6.008209e-04	0.000000e+00	0.000000e+00	0.000000e+00	2.769056e-03	5.877716e-04	0.000000e+00	1.629263e-04	6.264784e-01	-2.392418e-01
6.258801e-01	7.845585e-03	2.874123e-03	2.898236e-03	0.000000e+00	2.911045e-03	2.289326e-05	2.264740e-03	3.049087e-03	2.647011e-04	0.000000e+00	2.167244e-03	1.684918e-03	0.000000e+00	1.293347e-02	0.000000e+00	0.000000e+00	2.561335e-02	3.454752e-03	5.899917e-03	0.000000e+00	5.616784e-03	1.447832e-03	2.068449e-03	0.000000e+00	8.734622e-04	0.000000e+00	9.599487e-04	0.000000e+00	2.327077e-03	6.258801e-01	-2.293311e-01
6.246278e-01	0.000000e+00	0.000000e+00	0.000000e+00	0.000000e+00	5.997494e-03	0.000000e+00	3.603039e-04	3.051793e-05	3.389236e-04	8.093003e-04	4.578237e-03	7.169173e-04	0.000000e+00	2.024221e-02	0.000000e+00	0.000000e+00	1.221516e-02	4.535277e-04	6.883825e-03	4.412101e-04	4.257502e-04	2.428681e-03	0.000000e+00	3.663683e-03	0.000000e+00	0.000000e+00	6.898565e-05	0.000000e+00	2.665884e-04	6.246278e-01	-2.155357e-01
6.241060e-01	0.000000e+00	0.000000e+00	8.826195e-03	1.499472e-03	4.040979e-03	0.000000e+00	0.000000e+00	0.000000e+00	4.613557e-05	2.877203e-03	1.013505e-03	0.000000e+00	2.787079e-03	3.181330e-02	3.088891e-03	1.605430e-03	1.282890e-02	0.000000e+00	5.686600e-03	1.209035e-03	0.000000e+00	7.603874e-04	0.000000e+00	8.406871e-03	3.573911e-03	0.000000e+00	0.000000e+00	3.006712e-04	0.000000e+00	6.241060e-01	-2.017032e-01
6.232180e-01	0.000000e+00	0.000000e+00	7.266095e-03	4.498908e-04	2.558456e-03	0.000000e+00	1.519522e-03	8.595242e-04	1.735581e-04	4.141403e-04	1.013505e-03	0.000000e+00	2.787079e-03	1.172604e-02	1.290192e-03	0.000000e+00	1.197742e-02	1.018239e-03	5.763714e-03	4.291458e-03	0.000000e+00	6.644865e-04	1.626528e-03	0.000000e+00	3.310544e-03	0.000000e+00	3.431412e-04	5.280298e-04	4.395018e-04	6.232180e-01	-1.934664e-01
6.220846e-01	5.285581e-05	0.000000e+00	3.842545e-03	1.499472e-03	1.451094e-03	0.000000e+00	1.279334e-04	6.058067e-05	1.001183e-03	2.097347e-03	0.000000e+00	0.000000e+00	0.000000e+00	4.921869e-03	2.042302e-03	1.332191e-03	0.000000e+00	2.398598e-03	7.117517e-04	4.513175e-04	0.000000e+00	2.255316e-03	0.000000e+00	8.406871e-03	4.414059e-03	0.000000e+00	0.000000e+00	3.345584e-04	0.000000e+00	6.220846e-01	-1.794848e-01
6.217229e-01	4.095516e-03	0.000000e+00	4.937960e-03	1.499472e-03	4.997342e-04	0.000000e+00	6.479767e-04	3.355642e-05	3.389236e-04	1.265612e-03	5.388361e-03	2.543934e-03	2.094616e-03	2.267332e-02	5.105756e-04	1.381187e-03	3.720679e-03	0.000000e+00	0.000000e+00	6.552866e-04	5.644137e-03	2.163928e-03	0.000000e+00	5.628946e-03	4.706361e-04	1.384528e-03	2.396413e-04	0.000000e+00	5.346455e-04	6.217229e-01	-1.677159e-01
6.211940e-01	5.285581e-05	0.000000e+00	2.690258e-03	3.483906e-04	9.746008e-03	0.000000e+00	4.722455e-04	5.655051e-06	7.508413e-04	3.470110e-04	1.140400e-02	1.070256e-03	1.310142e-03	2.203468e-02	2.042302e-03	9.866947e-04	0.000000e+00	2.158855e-04	7.117517e-04	0.000000e+00	0.000000e+00	5.736900e-04	0.000000e+00	6.671112e-05	1.221638e-03	0.000000e+00	0.000000e+00	2.000502e-04	3.525488e-04	6.211940e-01	-1.612023e-01
6.199903e-01	0.000000e+00	0.000000e+00	1.455346e-03	3.483906e-04	9.194618e-03	0.000000e+00	4.882372e-04	1.176529e-05	0.000000e+00	4.270849e-04	1.140400e-02	1.070256e-03	1.341001e-03	2.233699e-02	2.042302e-03	3.454966e-04	0.000000e+00	6.923833e-04	4.865298e-03	0.000000e+00	4.257502e-04	1.132897e-03	0.000000e+00	0.000000e+00	1.127223e-03	0.000000e+00	5.896475e-05	0.000000e+00	2.962878e-04	6.199903e-01	-1.405159e-01
6.199903e-01	0.000000e+00	0.000000e+00	1.455346e-03	3.483906e-04	9.194618e-03	0.000000e+00	4.882372e-04	1.176529e-05	0.000000e+00	4.270849e-04	1.140400e-02	1.070256e-03	1.341001e-03	2.233699e-02	2.042302e-03	3.454966e-04	0.000000e+00	6.923833e-04	4.865298e-03	0.000000e+00	4.257502e-04	1.132897e-03	0.000000e+00	0.000000e+00	1.127223e-03	0.000000e+00	5.896475e-05	0.000000e+00	2.962878e-04	6.199903e-01	-1.405159e-01
4.543608e-01	0.000000e+00	6.756549e-04	0.000000e+00	1.165578e-03	0.000000e+00	1.688628e-04	3.198334e-05	6.365115e-05	0.000000e+00	1.910484e-03	0.000000e+00	0.000000e+00	1.418862e-03	3.233717e-03	8.935072e-04	1.318186e-03	0.000000e+00	1.922100e-03	6.070712e-04	4.726204e-04	1.581698e-04	6.439899e-03	0.000000e+00	8.885368e-03	1.077354e-03	2.427642e-04	2.069570e-04	4.001004e-04	4.769158e-04	4.543608e-01	-1.176218e-01
4.543608e-01	0.000000e+00	6.756549e-04	0.000000e+00	1.165578e-03	0.000000e+00	1.688628e-04	3.198334e-05	6.365115e-05	0.000000e+00	1.910484e-03	0.000000e+00	0.000000e+00	1.418862e-03	3.233717e-03	8.935072e-04	1.318186e-03	0.000000e+00	1.922100e-03	6.070712e-04	4.726204e-04	1.581698e-04	6.439899e-03	0.000000e+00	8.885368e-03	1.077354e-03	2.427642e-04	2.069570e-04	4.001004e-04	4.769158e-04	4.543608e-01	-1.176218e-01
4.543608e-01	0.000000e+00	6.756549e-04	0.000000e+00	1.165578e-03	0.000000e+00	1.688628e-04	3.198334e-05	6.365115e-05	0.000000e+00	1.910484e-03	0.000000e+00	0.000000e+00	1.418862e-03	3.233717e-03	8.935072e-04	1.318186e-03	0.000000e+00	1.922100e-03	6.070712e-04	4.726204e-04	1.581698e-04	6.439899e-03	0.000000e+00	8.885368e-03	1.077354e-03	2.427642e-04	2.069570e-04	4.001004e-04	4.769158e-04	4.543608e-01	-1.176218e-01
4.543608e-01	0.000000e+00	6.756549e-04	0.000000e+00	1.165578e-03	0.000000e+00	1.688628e-04	3.198334e-05	6.365115e-05	0.000000e+00	1.910484e-03	0.000000e+00	0.000000e+00	1.418862e-03	3.233717e-03	8.935072e-04	1.318186e-03	0.000000e+00	1.922100e-03	6.070712e-04	4.726204e-04	1.581698e-04	6.439899e-03	0.000000e+00	8.885368e-03	1.077354e-03	2.427642e-04	2.069570e-04	4.001004e-04	4.769158e-04	4.543608e-01	-1.176218e-01
4.543608e-01	1.057116e-04	0.000000e+00	3.107506e-03	1.499472e-03	1.102780e-03	0.000000e+00	0.000000e+00	4.881539e-05	1.501683e-03	1.670262e-03	0.000000e+00	0.000000e+00	8.298110e-04	5.258200e-03	0.000000e+00	9.866947e-04	0.000000e+00	1.922100e-03	7.117517e-04	3.880642e-04	0.000000e+00	3.378269e-03	0.000000e+00	7.460787e-03	1.888303e-04	0.000000e+00	0.000000e+00	4.001004e-04	6.456988e-04	4.543608e-01	-1.177379e-01
4.543608e-01	1.057116e-04	0.000000e+00	3.107506e-03	1.499472e-03	1.102780e-03	0.000000e+00	0.000000e+00	4.881539e-05	1.501683e-03	1.670262e-03	0.000000e+00	0.000000e+00	8.298110e-04	5.258200e-03	0.000000e+00	9.866947e-04	0.000000e+00	1.922100e-03	7.117517e-04	3.880642e-04	0.000000e+00	3.378269e-03	0.000000e+00	7.460787e-03	1.888303e-04	0.000000e+00	0.000000e+00	4.001004e-04	6.456988e-04	4.543608e-01	-1.177379e-01
4.543608e-01	1.057116e-04	0.000000e+00	3.107506e-03	1.499472e-03	1.102780e-03	0.000000e+00	0.000000e+00	4.881539e-05	1.501683e-03	1.670262e-03	0.000000e+00	0.000000e+00	8.298110e-04	5.258200e-03	0.000000e+00	9.866947e-04	0.000000e+00	1.922100e-03	7.117517e-04	3.880642e-04	0.000000e+00	3.378269e-03	0.000000e+00	7.460787e-03	1.888303e-04	0.000000e+00	0.000000e+00	4.001004e-04	6.456988e-04	4.543608e-01	-1.177379e-01
4.519534e-01	0.000000e+00	1.351310e-03	0.000000e+00	8.316842e-04	0.000000e+00	1.615210e-04	0.000000e+00	5.404597e-05	1.013705e-03	1.830410e-03	0.000000e+00	0.000000e+00	1.884478e-03	0.000000e+00	1.787014e-03	1.158118e-03	0.000000e+00	0.000000e+00	1.925894e-03	3.841917e-04	0.000000e+00	7.264703e-03	0.000000e+00	1.057679e-02	2.343539e-03	0.000000e+00	1.379713e-04	6.656925e-04	5.331768e-04	4.519534e-01	-1.163830e-01
4.461934e-01	0.000000e+00	3.815015e-05	7.884225e-04	1.215630e-03	0.000000e+00	1.174698e-04	3.198334e-05	5.043651e-05	0.000000e+00	4.270849e-04	0.000000e+00	0.000000e+00	8.560347e-04	5.047655e-03	0.000000e+00	7.391270e-04	5.206447e-05	2.731870e-03	0.000000e+00	0.000000e+00	4.257502e-04	3.652115e-03	0.000000e+00	6.816943e-03	1.127223e-03	0.000000e+00	1.438864e-04	3.277096e-05	4.264442e-04	4.461934e-01	-1.058690e-01
4.428407e-01	5.285581e-05	7.630030e-05	3.408985e-03	9.317884e-04	5.513902e-04	5.873490e-05	0.000000e+00	2.761669e-05	1.565821e-03	9.600705e-04	0.000000e+00	0.000000e+00	7.588236e-04	3.627875e-03	0.000000e+00	0.000000e+00	1.041289e-04	1.635648e-03	6.918843e-04	3.405193e-04	0.000000e+00	1.689134e-03	4.623443e-04	6.439944e-03	2.322703e-04	0.000000e+00	1.183019e-05	4.656423e-04	4.322336e-04	4.428407e-01	-9.206565e-02
4.409032e-01	6.373841e-04	1.351310e-03	7.999058e-05	1.385067e-03	3.308341e-03	1.174698e-04	1.279334e-04	3.660384e-05	1.183167e-03	1.049068e-03	0.000000e+00	3.022178e-04	7.618249e-04	9.678819e-04	2.042302e-03	4.432990e-04	7.198422e-05	2.492237e-03	0.000000e+00	3.055525e-04	1.416889e-04	6.098326e-03	0.000000e+00	6.412064e-03	1.544776e-03	0.000000e+00	5.896475e-05	6.656925e-04	5.128909e-04	4.409032e-01	-8.036372e-02
4.409032e-01	0.000000e+00	0.000000e+00	4.330592e-04	7.155941e-04	1.408888e-03	8.076048e-05	0.000000e+00	0.000000e+00	0.000000e+00	1.049068e-03	1.499930e-04	3.022178e-04	1.805632e-02	6.953632e-03	1.065907e-02	0.000000e+00	7.198422e-05	2.492237e-03	0.000000e+00	0.000000e+00	0.000000e+00	8.886544e-04	4.623443e-04	0.000000e+00	1.544776e-03	0.000000e+00	5.896475e-05	2.000502e-04	0.000000e+00	4.409032e-01	-7.757138e-02
4.387210e-01	6.472742e-04	1.351310e-03	1.314902e-03	8.316842e-04	4.196252e-03	1.174698e-04	1.279334e-04	4.030625e-05	1.183167e-03	9.689938e-04	2.999860e-04	3.022178e-04	2.486022e-03	5.862817e-03	2.042302e-03	1.232474e-03	0.000000e+00	2.071651e-03	1.925894e-03	4.745567e-04	6.260398e-05	6.098326e-03	0.000000e+00	9.727584e-03	2.578857e-03	0.000000e+00	2.974307e-05	6.656925e-04	5.331768e-04	4.387210e-01	-6.401681e-02
4.362606e-01	2.709634e-04	0.000000e+00	0.000000e+00	1.135367e-03	0.000000e+00	0.000000e+00	3.198334e-05	5.461787e-05	2.565537e-04	1.653992e-03	0.000000e+00	0.000000e+00	4.097136e-04	2.649773e-03	0.000000e+00	9.871733e-04	0.000000e+00	4.938099e-02	0.000000e+00	3.918252e-04	1.581698e-04	4.569784e-03	0.000000e+00	1.908265e-03	0.000000e+00	2.427642e-04	0.000000e+00	5.311842e-04	4.269305e-04	4.362606e-01	-4.319154e-02
4.333078e-01	0.000000e+00	0.000000e+00	0.000000e+00	8.173836e-04	0.000000e+00	1.468372e-04	0.000000e+00	0.000000e+00	3.225625e-03	6.688022e-04	0.000000e+00	0.000000e+00	1.687898e-02	6.417703e-03	9.608032e-03	0.000000e+00	1.326899e-04	1.480340e-03	0.000000e+00	5.740141e-04	0.000000e+00	1.988430e-03	0.000000e+00	0.000000e+00	7.269514e-05	0.000000e+00	0.000000e+00	0.000000e+00	5.394525e-04	4.333078e-01	-2.446942e-02
4.313205e-01	0.000000e+00	1.526006e-04	3.710464e-03	3.641048e-04	0.000000e+00	1.174698e-04	0.000000e+00	6.417992e-06	2.161441e-03	2.498791e-04	0.000000e+00	0.000000e+00	6.878363e-04	1.997550e-03	0.000000e+00	5.419598e-04	2.082579e-04	1.349196e-03	6.720168e-04	2.929745e-04	0.000000e+00	0.000000e+00	9.246887e-04	5.419100e-03	2.757103e-04	0.000000e+00	2.366037e-05	5.311842e-04	1.062463e-04	4.313205e-01	-1.178101e-02
4.296472e-01	0.000000e+00	0.000000e+00	4.330592e-04	9.994360e-04	0.000000e+00	1.174698e-04	0.000000e+00	0.000000e+00	3.188378e-03	4.997583e-04	0.000000e+00	0.000000e+00	1.722290e-02	7.416478e-03	1.046600e-02	1.008009e-04	1.283926e-04	1.201943e-03	0.000000e+00	4.638591e-04	0.000000e+00	1.349987e-03	0.000000e+00	0.000000e+00	9.441515e-05	0.000000e+00	0.000000e+00	0.000000e+00	0.000000e+00	4.296472e-01	8.882299e-03
4.283588e-01	6.302292e-04	9.767893e-03	1.855232e-03	3.577971e-04	0.000000e+00	0.000000e+00	0.000000e+00	3.208996e-06	2.760754e-03	0.000000e+00	8.287542e-04	0.000000e+00	9.523393e-03	0.000000e+00	0.000000e+00	4.687524e-04	1.019079e-02	0.000000e+00	3.360084e-04	0.000000e+00	0.000000e+00	0.000000e+00	4.623443e-04	3.031857e-03	1.263132e-02	0.000000e+00	3.393360e-05	1.395215e-03	9.326428e-03	4.283588e-01	2.570685e-02
4.260576e-01	0.000000e+00	1.081228e-02	0.000000e+00	4.658942e-04	1.408888e-03	7.341862e-06	0.000000e+00	1.048104e-05	3.269107e-03	3.819604e-05	1.499930e-04	0.000000e+00	6.878363e-04	0.000000e+00	0.000000e+00	6.753522e-04	0.000000e+00	7.268282e-04	0.000000e+00	1.944672e-05	0.000000e+00	6.486851e-04	4.623443e-04	1.715001e-04	0.000000e+00	0.000000e+00	0.000000e+00	0.000000e+00	0.000000e+00	4.260576e-01	4.025017e-02
4.242831e-01	3.120342e-05	0.000000e+00	2.493105e-04	0.000000e+00	0.000000e+00	1.174698e-04	0.000000e+00	0.000000e+00	5.189367e-03	0.000000e+00	0.000000e+00	0.000000e+00	5.354779e-04	5.429148e-03	0.000000e+00	0.000000e+00	1.405244e-04	0.000000e+00	0.000000e+00	2.416046e-04	0.000000e+00	0.000000e+00	0.000000e+00	0.000000e+00	7.269514e-05	0.000000e+00	6.680601e-06	2.992192e-04	3.259872e-04	4.242831e-01	5.809496e-02
4.225359e-01	0.000000e+00	4.845797e-03	0.000000e+00	0.000000e+00	0.000000e+00	0.000000e+00	0.000000e+00	0.000000e+00	4.066327e-03	7.346180e-05	8.287542e-04	0.000000e+00	2.060216e-04	3.363315e-04	0.000000e+00	2.966588e-04	1.015457e-02	0.000000e+00	0.000000e+00	2.288670e-04	0.000000e+00	2.196006e-04	0.000000e+00	0.000000e+00	0.000000e+00	0.000000e+00	0.000000e+00	1.095995e-03	0.000000e+00	4.225359e-01	7.988086e-02
4.210639e-01	4.905043e-04	0.000000e+00	0.000000e+00	0.000000e+00	0.000000e+00	1.174698e-04	0.000000e+00	0.000000e+00	5.189367e-03	3.325119e-05	0.000000e+00	0.000000e+00	5.354779e-04	3.047979e-03	0.000000e+00	0.000000e+00	0.000000e+00	0.000000e+00	8.896897e-05	2.416046e-04	1.319506e-05	7.310194e-05	0.000000e+00	0.000000e+00	0.000000e+00	0.000000e+00	4.008360e-05	1.310838e-04	0.000000e+00	4.210639e-01	9.446290e-02
4.193618e-01	5.601153e-04	1.526006e-04	5.386162e-04	0.000000e+00	0.000000e+00	1.651919e-05	0.000000e+00	6.069584e-06	3.080255e-03	6.300192e-04	0.000000e+00	0.000000e+00	0.000000e+00	5.354391e-03	4.804016e-03	0.000000e+00	4.149954e-05	2.596453e-04	1.344034e-03	4.355508e-04	1.054750e-04	4.823021e-03	9.246887e-04	1.643692e-03	7.487845e-04	0.000000e+00	2.142179e-05	4.481890e-03	7.050977e-04	4.193618e-01	1.192208e-01
4.182112e-01	3.333702e-04	0.000000e+00	4.986209e-04	0.000000e+00	0.000000e+00	0.000000e+00	0.000000e+00	0.000000e+00	3.698226e-03	3.673090e-05	0.000000e+00	0.000000e+00	1.030108e-04	6.726630e-04	0.000000e+00	1.483294e-04	1.566899e-05	0.000000e+00	0.000000e+00	3.417693e-04	1.054750e-04	7.310194e-05	0.000000e+00	2.135134e-04	0.000000e+00	0.000000e+00	1.336120e-05	1.129623e-03	0.000000e+00	4.182112e-01	1.284322e-01
4.167348e-01	0.000000e+00	0.000000e+00	1.855232e-03	0.000000e+00	1.408888e-03	6.607676e-05	0.000000e+00	1.369003e-05	3.232713e-03	1.264047e-04	1.499930e-04	0.000000e+00	1.031754e-03	0.000000e+00	0.000000e+00	3.917158e-04	0.000000e+00	8.940786e-04	2.828503e-04	0.000000e+00	0.000000e+00	5.939311e-04	7.742247e-04	2.586592e-03	1.378552e-04	0.000000e+00	1.183019e-05	1.410382e-03	0.000000e+00	4.167348e-01	1.484585e-01
4.146163e-01	6.302292e-04	9.691593e-03	0.000000e+00	0.000000e+00	0.000000e+00	0.000000e+00	0.000000e+00	0.000000e+00	3.292846e-03	0.000000e+00	8.287542e-04	0.000000e+00	1.761896e-02	0.000000e+00	0.000000e+00	1.977725e-04	1.015301e-02	0.000000e+00	0.000000e+00	1.159648e-04	0.000000e+00	3.660993e-04	0.000000e+00	1.256484e-03	0.000000e+00	0.000000e+00	2.210341e-05	1.129623e-03	9.543031e-03	4.146163e-01	1.838916e-01
4.123863e-01	8.506344e-04	9.691593e-03	9.431273e-04	0.000000e+00	0.000000e+00	0.000000e+00	4.371056e-04	0.000000e+00	3.188378e-03	1.938314e-04	0.000000e+00	0.000000e+00	1.722290e-02	0.000000e+00	1.046600e-02	0.000000e+00	1.253519e-05	0.000000e+00	0.000000e+00	1.159648e-04	0.000000e+00	3.660993e-04	0.000000e+00	2.839703e-03	0.000000e+00	0.000000e+00	6.699968e-03	1.196877e-03	2.260166e-04	4.123863e-01	2.128713e-01
4.105672e-01	0.000000e+00	4.285455e-03	0.000000e+00	0.000000e+00	0.000000e+00	5.506396e-05	2.627967e-03	7.595466e-06	0.000000e+00	0.000000e+00	0.000000e+00	0.000000e+00	0.000000e+00	6.726630e-04	0.000000e+00	2.234514e-04	7.834495e-06	1.889419e-03	0.000000e+00	5.527186e-04	0.000000e+00	0.000000e+00	0.000000e+00	6.866470e-04	7.453848e-03	0.000000e+00	0.000000e+00	1.101834e-03	0.000000e+00	4.105672e-01	2.295650e-01
2.565118e-01	1.847035e-03	0.000000e+00	0.000000e+00	0.000000e+00	0.000000e+00	0.000000e+00	0.000000e+00	0.000000e+00	2.234229e-03	7.346180e-05	0.000000e+00	1.533756e-03	0.000000e+00	0.000000e+00	0.000000e+00	9.286346e-04	1.842085e-03	1.014695e-03	1.063162e-04	5.467131e-04	0.000000e+00	1.095079e-04	3.009279e-04	5.889159e-04	0.000000e+00	1.694901e-04	0.000000e+00	7.446235e-04	5.561247e-04	2.565118e-01	2.452874e-01
2.565118e-01	1.847035e-03	0.000000e+00	0.000000e+00	0.000000e+00	0.000000e+00	0.000000e+00	0.000000e+00	0.000000e+00	2.234229e-03	7.346180e-05	0.000000e+00	1.533756e-03	0.000000e+00	0.000000e+00	0.000000e+00	9.286346e-04	1.842085e-03	1.014695e-03	1.063162e-04	5.467131e-04	0.000000e+00	1.095079e-04	3.009279e-04	5.889159e-04	0.000000e+00	1.694901e-04	0.000000e+00	7.446235e-04	5.561247e-04	2.565118e-01	2.452874e-01
2.565118e-01	1.847035e-03	0.000000e+00	0.000000e+00	0.000000e+00	0.000000e+00	0.000000e+00	0.000000e+00	0.000000e+00	2.234229e-03	7.346180e-05	0.000000e+00	1.533756e-03	0.000000e+00	0.000000e+00	0.000000e+00	9.286346e-04	1.842085e-03	1.014695e-03	1.063162e-04	5.467131e-04	0.000000e+00	1.095079e-04	3.009279e-04	5.889159e-04	0.000000e+00	1.694901e-04	0.000000e+00	7.446235e-04	5.561247e-04	2.565118e-01	2.452874e-01
2.565118e-01	1.847035e-03	0.000000e+00	0.000000e+00	0.000000e+00	0.000000e+00	0.000000e+00	0.000000e+00	0.000000e+00	2.234229e-03	7.346180e-05	0.000000e+00	1.533756e-03	0.000000e+00	0.000000e+00	0.000000e+00	9.286346e-04	1.842085e-03	1.014695e-03	1.063162e-04	5.467131e-04	0.000000e+00	1.095079e-04	3.009279e-04	5.889159e-04	0.000000e+00	1.694901e-04	0.000000e+00	7.446235e-04	5.561247e-04	2.565118e-01	2.452874e-01
2.565118e-01	1.847035e-03	0.000000e+00	0.000000e+00	0.000000e+00	0.000000e+00	0.000000e+00	0.000000e+00	0.000000e+00	2.234229e-03	7.346180e-05	0.000000e+00	1.533756e-03	0.000000e+00	0.000000e+00	0.000000e+00	9.286346e-04	1.842085e-03	1.014695e-03	1.063162e-04	5.467131e-04	0.000000e+00	1.095079e-04	3.009279e-04	5.889159e-04	0.000000e+00	1.694901e-04	0.000000e+00	7.446235e-04	5.561247e-04	2.565118e-01	2.452874e-01
2.565118e-01	1.847035e-03	0.000000e+00	0.000000e+00	0.000000e+00	0.000000e+00	0.000000e+00	0.000000e+00	0.000000e+00	2.234229e-03	7.346180e-05	0.000000e+00	1.533756e-03	0.000000e+00	0.000000e+00	0.000000e+00	9.286346e-04	1.842085e-03	1.014695e-03	1.063162e-04	5.467131e-04	0.000000e+00	1.095079e-04	3.009279e-04	5.889159e-04	0.000000e+00	1.694901e-04	0.000000e+00	7.446235e-04	5.561247e-04	2.565118e-01	2.452874e-01
2.565118e-01	1.847035e-03	0.000000e+00	0.000000e+00	0.000000e+00	0.000000e+00	0.000000e+00	0.000000e+00	0.000000e+00	2.234229e-03	7.346180e-05	0.000000e+00	1.533756e-03	0.000000e+00	0.000000e+00	0.000000e+00	9.286346e-04	1.842085e-03	1.014695e-03	1.063162e-04	5.467131e-04	0.000000e+00	1.095079e-04	3.009279e-04	5.889159e-04	0.000000e+00	1.694901e-04	0.000000e+00	7.446235e-04	5.561247e-04	2.565118e-01	2.452874e-01
2.565118e-01	1.847035e-03	0.000000e+00	0.000000e+00	0.000000e+00	0.000000e+00	0.000000e+00	0.000000e+00	0.000000e+00	2.234229e-03	7.346180e-05	0.000000e+00	1.533756e-03	0.000000e+00	0.000000e+00	0.000000e+00	9.286346e-04	1.842085e-03	1.014695e-03	1.063162e-04	5.467131e-04	0.000000e+00	1.095079e-04	3.009279e-04	5.889159e-04	0.000000e+00	1.694901e-04	0.000000e+00	7.446235e-04	5.561247e-04	2.565118e-01	2.452874e-01
2.565118e-01	1.847035e-03	0.000000e+00	0.000000e+00	0.000000e+00	0.000000e+00	0.000000e+00	0.000000e+00	0.000000e+00	2.234229e-03	7.346180e-05	0.000000e+00	1.533756e-03	0.000000e+00	0.000000e+00	0.000000e+00	9.286346e-04	1.842085e-03	1.014695e-03	1.063162e-04	5.467131e-04	0.000000e+00	1.095079e-04	3.009279e-04	5.889159e-04	0.000000e+00	1.694901e-04	0.000000e+00	7.446235e-04	5.561247e-04	2.565118e-01	2.452874e-01
2.565118e-01	1.847035e-03	0.000000e+00	0.000000e+00	0.000000e+00	0.000000e+00	0.000000e+00	0.000000e+00	0.000000e+00	2.234229e-03	7.346180e-05	0.000000e+00	1.533756e-03	0.000000e+00	0.000000e+00	0.000000e+00	9.286346e-04	1.842085e-03	1.014695e-03	1.063162e-04	5.467131e-04	0.000000e+00	1.095079e-04	3.009279e-04	5.889159e-04	0.000000e+00	1.694901e-04	0.000000e+00	7.446235e-04	5.561247e-04	2.565118e-01	2.452874e-01
2.494870e-01	1.217075e-03	0.000000e+00	5.084599e-04	0.000000e+00	0.000000e+00	0.000000e+00	0.000000e+00	0.000000e+00	2.199988e-03	1.755864e-04	0.000000e+00	7.668782e-04	0.000000e+00	0.000000e+00	2.260412e-04	9.286346e-04	1.816923e-03	5.073475e-04	1.063162e-04	1.744013e-03	0.000000e+00	1.213773e-04	1.504640e-04	5.939067e-04	7.480676e-04	1.464196e-04	0.000000e+00	9.707501e-04	5.561247e-04	2.494870e-01	2.541994e-01
2.437199e-01	1.315299e-03	0.000000e+00	0.000000e+00	0.000000e+00	0.000000e+00	0.000000e+00	1.796241e-03	1.784639e-06	1.725266e-03	3.673090e-05	0.000000e+00	1.150317e-03	0.000000e+00	2.263256e-04	2.560364e-03	5.492160e-04	1.057051e-05	5.073475e-04	1.328952e-04	5.806839e-03	0.000000e+00	5.475397e-05	1.504640e-04	6.815357e-04	1.262069e-02	1.657217e-04	0.000000e+00	0.000000e+00	2.780623e-04	2.437199e-01	2.742921e-01
2.375935e-01	1.847035e-03	0.000000e+00	0.000000e+00	0.000000e+00	0.000000e+00	0.000000e+00	0.000000e+00	0.000000e+00	2.234229e-03	7.346180e-05	0.000000e+00	1.533756e-03	0.000000e+00	0.000000e+00	0.000000e+00	9.286346e-04	1.842085e-03	1.014695e-03	1.063162e-04	5.467131e-04	0.000000e+00	1.095079e-04	3.009279e-04	6.306585e-04	0.000000e+00	1.694901e-04	0.000000e+00	7.446235e-04	0.000000e+00	2.375935e-01	2.956272e-01
2.332776e-01	0.000000e+00	1.211449e-03	0.000000e+00	0.000000e+00	0.000000e+00	0.000000e+00	3.650180e-03	0.000000e+00	2.116434e-03	0.000000e+00	0.000000e+00	0.000000e+00	3.236894e-04	2.263256e-04	0.000000e+00	4.643173e-04	1.057051e-05	5.167863e-03	0.000000e+00	2.283434e-03	0.000000e+00	1.537462e-04	3.045671e-03	6.977009e-04	0.000000e+00	3.700474e-04	5.488056e-03	2.504908e-04	6.727119e-04	2.332776e-01	3.213478e-01
2.294099e-01	1.167900e-03	0.000000e+00	0.000000e+00	0.000000e+00	1.841773e-03	0.000000e+00	1.198325e-03	2.732186e-06	1.109614e-03	3.673090e-05	0.000000e+00	1.150317e-03	1.618447e-04	1.131628e-03	1.268889e-03	1.061015e-03	1.750584e-03	1.061889e-03	1.328952e-04	5.548099e-03	1.480064e-04	2.014897e-04	1.504640e-04	9.466301e-04	0.000000e+00	2.253465e-04	2.744028e-03	9.985387e-04	2.780623e-04	2.294099e-01	3.437105e-01
2.238505e-01	1.372250e-04	1.211449e-03	0.000000e+00	0.000000e+00	0.000000e+00	0.000000e+00	1.863963e-04	5.464372e-06	2.801067e-03	0.000000e+00	0.000000e+00	7.202602e-04	3.018105e-03	0.000000e+00	0.000000e+00	1.857269e-03	1.006491e-04	2.029390e-03	0.000000e+00	6.876818e-04	2.960128e-04	2.562437e-05	6.018559e-04	4.055219e-04	0.000000e+00	9.228200e-05	5.488056e-03	1.405488e-03	6.727119e-04	2.238505e-01	3.795574e-01
2.191513e-01	2.947981e-04	9.691593e-03	0.000000e+00	0.000000e+00	0.000000e+00	0.000000e+00	5.255935e-03	1.991203e-04	2.664100e-03	0.000000e+00	0.000000e+00	0.000000e+00	0.000000e+00	0.000000e+00	4.668647e-03	0.000000e+00	0.000000e+00	0.000000e+00	0.000000e+00	8.196136e-03	2.455783e-04	7.310194e-05	0.000000e+00	4.254854e-04	1.996371e-03	0.000000e+00	0.000000e+00	1.345083e-03	0.000000e+00	2.191513e-01	4.161621e-01
2.139814e-01	2.230823e-03	6.057246e-04	1.764609e-03	0.000000e+00	0.000000e+00	0.000000e+00	4.475712e-03	1.808735e-04	1.687223e-03	0.000000e+00	0.000000e+00	4.753106e-03	0.000000e+00	1.438873e-04	1.077371e-03	0.000000e+00	0.000000e+00	0.000000e+00	3.614849e-03	4.047352e-03	0.000000e+00	2.152447e-04	0.000000e+00	9.470536e-04	0.000000e+00	2.525961e-04	1.681791e-05	2.782794e-04	2.148597e-03	2.139814e-01	4.532121e-01
2.096035e-01	0.000000e+00	6.057246e-04	1.925799e-03	0.000000e+00	3.225912e-04	1.451504e-04	1.198325e-03	2.732186e-06	1.048631e-03	3.798357e-04	0.000000e+00	0.000000e+00	0.000000e+00	5.350895e-04	9.619004e-04	9.286346e-04	1.025720e-03	7.039306e-03	9.138341e-04	4.827311e-03	1.480064e-04	2.014897e-04	1.841959e-03	7.407107e-04	4.182201e-03	2.876033e-04	2.744028e-03	9.985387e-04	3.363559e-04	2.096035e-01	4.878774e-01
2.039146e-01	2.833696e-03	0.000000e+00	1.764609e-03	0.000000e+00	0.000000e+00	2.880084e-03	5.258018e-03	2.732186e-06	1.582964e-03	0.000000e+00	0.000000e+00	4.784171e-03	1.509053e-03	0.000000e+00	1.135107e-03	9.286346e-04	2.102425e-04	0.000000e+00	3.614849e-03	2.713516e-03	0.000000e+00	2.357442e-04	4.367887e-03	8.969191e-04	6.103058e-03	2.548971e-04	1.681791e-05	1.043056e-04	1.812241e-03	2.039146e-01	5.337604e-01
1.974501e-01	9.767073e-04	0.000000e+00	0.000000e+00	0.000000e+00	3.683546e-03	2.033081e-02	2.418054e-03	5.582311e-06	1.890257e-03	0.000000e+00	1.359729e-02	0.000000e+00	3.236894e-04	0.000000e+00	1.099591e-03	0.000000e+00	1.001669e-03	2.256015e-04	0.000000e+00	2.107020e-03	3.100201e-04	8.199798e-05	0.000000e+00	1.080200e-03	0.000000e+00	2.989710e-04	1.374986e-02	0.000000e+00	2.711804e-03	1.974501e-01	5.873756e-01
1.905313e-01	0.000000e+00	4.845797e-03	0.000000e+00	0.000000e+00	3.683546e-03	0.000000e+00	0.000000e+00	5.582311e-06	1.432798e-03	0.000000e+00	0.000000e+00	0.000000e+00	3.236894e-04	1.810605e-03	2.085696e-03	1.023599e-03	3.480027e-03	1.109083e-03	0.000000e+00	7.678656e-03	0.000000e+00	1.486213e-04	0.000000e+00	9.556742e-04	1.630908e-03	1.192497e-04	2.735619e-03	1.144724e-03	0.000000e+00	1.905313e-01	6.276525e-01
8.173677e-02	1.372250e-04	1.211449e-03	0.000000e+00	0.000000e+00	6.451824e-04	0.000000e+00	2.396650e-03	0.000000e+00	0.000000e+00	2.777110e-04	0.000000e+00	7.202602e-04	0.000000e+00	1.070179e-03	1.019636e-03	0.000000e+00	0.000000e+00	1.159392e-03	0.000000e+00	4.318708e-03	2.960128e-04	2.459939e-04	0.000000e+00	1.017628e-03	5.372131e-03	4.979985e-04	5.488056e-03	3.479475e-04	6.727119e-04	8.173677e-02	6.768936e-01
8.173677e-02	1.372250e-04	1.211449e-03	0.000000e+00	0.000000e+00	6.451824e-04	0.000000e+00	2.396650e-03	0.000000e+00	0.000000e+00	2.777110e-04	0.000000e+00	7.202602e-04	0.000000e+00	1.070179e-03	1.019636e-03	0.000000e+00	0.000000e+00	1.159392e-03	0.000000e+00	4.318708e-03	2.960128e-04	2.459939e-04	0.000000e+00	1.017628e-03	5.372131e-03	4.979985e-04	5.488056e-03	3.479475e-04	6.727119e-04	8.173677e-02	6.768936e-01
8.173677e-02	1.372250e-04	1.211449e-03	0.000000e+00	0.000000e+00	6.451824e-04	0.000000e+00	2.396650e-03	0.000000e+00	0.000000e+00	2.777110e-04	0.000000e+00	7.202602e-04	0.000000e+00	1.070179e-03	1.019636e-03	0.000000e+00	0.000000e+00	1.159392e-03	0.000000e+00	4.318708e-03	2.960128e-04	2.459939e-04	0.000000e+00	1.017628e-03	5.372131e-03	4.979985e-04	5.488056e-03	3.479475e-04	6.727119e-04	8.173677e-02	6.768936e-01
8.173677e-02	1.372250e-04	1.211449e-03	0.000000e+00	0.000000e+00	6.451824e-04	0.000000e+00	2.396650e-03	0.000000e+00	0.000000e+00	2.777110e-04	0.000000e+00	7.202602e-04	0.000000e+00	1.070179e-03	1.019636e-03	0.000000e+00	0.000000e+00	1.159392e-03	0.000000e+00	4.318708e-03	2.960128e-04	2.459939e-04	0.000000e+00	1.017628e-03	5.372131e-03	4.979985e-04	5.488056e-03	3.479475e-04	6.727119e-04	8.173677e-02	6.768936e-01
8.173677e-02	1.372250e-04	1.211449e-03	0.000000e+00	0.000000e+00	6.451824e-04	0.000000e+00	2.396650e-03	0.000000e+00	0.000000e+00	2.777110e-04	0.000000e+00	7.202602e-04	0.000000e+00	1.070179e-03	1.019636e-03	0.000000e+00	0.000000e+00	1.159392e-03	0.000000e+00	4.318708e-03	2.960128e-04	2.459939e-04	0.000000e+00	1.017628e-03	5.372131e-03	4.979985e-04	5.488056e-03	3.479475e-04	6.727119e-04	8.173677e-02	6.768936e-01
8.173677e-02	1.372250e-04	1.211449e-03	0.000000e+00	0.000000e+00	6.451824e-04	0.000000e+00	2.396650e-03	0.000000e+00	0.000000e+00	2.777110e-04	0.000000e+00	7.202602e-04	0.000000e+00	1.070179e-03	1.019636e-03	0.000000e+00	0.000000e+00	1.159392e-03	0.000000e+00	4.318708e-03	2.960128e-04	2.459939e-04	0.000000e+00	1.017628e-03	5.372131e-03	4.979985e-04	5.488056e-03	3.479475e-04	6.727119e-04	8.173677e-02	6.768936e-01
8.173677e-02	1.372250e-04	1.211449e-03	0.000000e+00	0.000000e+00	6.451824e-04	0.000000e+00	2.396650e-03	0.000000e+00	0.000000e+00	2.777110e-04	0.000000e+00	7.202602e-04	0.000000e+00	1.070179e-03	1.019636e-03	0.000000e+00	0.000000e+00	1.159392e-03	0.000000e+00	4.318708e-03	2.960128e-04	2.459939e-04	0.000000e+00	1.017628e-03	5.372131e-03	4.979985e-04	5.488056e-03	3.479475e-04	6.727119e-04	8.173677e-02	6.768936e-01
8.173677e-02	1.372250e-04	1.211449e-03	0.000000e+00	0.000000e+00	6.451824e-04	0.000000e+00	2.396650e-03	0.000000e+00	0.000000e+00	2.777110e-04	0.000000e+00	7.202602e-04	0.000000e+00	1.070179e-03	1.019636e-03	0.000000e+00	0.000000e+00	1.159392e-03	0.000000e+00	4.318708e-03	2.960128e-04	2.459939e-04	0.000000e+00	1.017628e-03	5.372131e-03	4.979985e-04	5.488056e-03	3.479475e-04	6.727119e-04	8.173677e-02	6.768936e-01
7.299581e-02	0.000000e+00	1.817174e-03	0.000000e+00	0.000000e+00	3.225912e-04	0.000000e+00	0.000000e+00	5.117565e-05	0.000000e+00	1.388555e-04	0.000000e+00	1.170135e-03	0.000000e+00	1.584279e-03	0.000000e+00	2.716760e-03	0.000000e+00	5.409721e-04	2.561784e-03	4.632952e-03	2.837928e-03	5.124874e-04	3.446908e-03	1.830116e-03	4.569377e-03	3.495148e-04	0.000000e+00	1.739738e-04	3.441894e-04	7.299581e-02	6.830097e-01
6.160314e-02	1.342972e-03	0.000000e+00	0.000000e+00	0.000000e+00	1.290365e-03	8.955485e-03	3.961262e-03	1.808735e-04	1.687223e-03	0.000000e+00	0.000000e+00	7.823913e-04	4.305029e-03	7.824043e-04	1.135107e-03	0.000000e+00	5.939889e-04	2.318785e-03	0.000000e+00	1.651036e-03	5.920256e-04	2.869929e-04	0.000000e+00	9.173592e-04	0.000000e+00	5.026004e-04	5.488056e-03	0.000000e+00	0.000000e+00	6.160314e-02	7.042451e-01
4.990387e-02	1.416848e-03	3.937210e-03	1.010286e-03	0.000000e+00	3.522251e-03	1.440042e-03	2.629009e-03	0.000000e+00	1.969682e-03	0.000000e+00	0.000000e+00	1.807018e-03	1.078216e-03	1.018465e-03	2.653250e-03	0.000000e+00	3.585148e-03	8.385968e-04	5.265324e-04	6.718938e-03	3.065713e-03	1.024975e-05	4.604897e-04	4.890756e-04	2.397748e-03	7.194085e-05	2.744028e-03	1.109890e-03	8.969491e-04	4.990387e-02	7.392253e-01
3.712020e-02	1.363321e-03	0.000000e+00	2.100774e-03	0.000000e+00	0.000000e+00	1.011726e-02	3.961262e-03	0.000000e+00	1.969682e-03	0.000000e+00	0.000000e+00	1.583192e-03	4.305029e-03	0.000000e+00	1.135107e-03	0.000000e+00	0.000000e+00	2.218166e-03	6.885805e-05	1.678556e-03	0.000000e+00	2.049950e-04	0.000000e+00	7.394435e-04	5.372131e-03	4.933965e-04	5.488056e-03	0.000000e+00	0.000000e+00	3.712020e-02	7.852185e-01
2.595745e-02	4.069614e-05	0.000000e+00	0.000000e+00	0.000000e+00	0.000000e+00	5.082703e-03	0.000000e+00	5.117565e-05	3.607052e-04	0.000000e+00	0.000000e+00	1.601601e-03	0.000000e+00	5.431814e-03	0.000000e+00	2.716760e-03	0.000000e+00	1.070359e-03	2.596213e-03	3.312876e-03	2.689922e-03	4.919879e-04	3.446908e-03	1.691024e-03	4.569377e-03	3.472139e-04	0.000000e+00	0.000000e+00	7.833424e-06	2.595745e-02	8.301232e-01
1.289257e-02	0.000000e+00	3.343770e-03	8.022951e-03	2.157883e-03	1.841692e-02	0.000000e+00	6.466490e-03	1.502151e-04	1.969682e-03	0.000000e+00	6.981792e-04	1.583192e-03	5.240880e-03	0.000000e+00	2.125383e-03	5.972670e-03	1.123489e-02	2.364768e-04	0.000000e+00	6.767362e-03	3.081823e-03	6.662336e-04	8.530075e-03	1.886483e-03	0.000000e+00	0.000000e+00	2.238964e-02	5.380331e-04	1.581450e-03	1.289257e-02	9.144872e-01
0.000000e+00	1.342972e-03	1.211449e-03	0.000000e+00	0.000000e+00	1.290365e-03	8.168836e-03	4.303200e-03	1.795074e-04	1.540472e-03	0.000000e+00	0.000000e+00	7.823913e-04	4.305029e-03	3.297531e-04	1.418883e-03	0.000000e+00	4.986250e-04	2.318785e-03	0.000000e+00	0.000000e+00	2.960128e-04	3.382417e-04	8.024745e-04	9.167256e-04	9.775695e-04	5.953421e-04	5.270915e-03	0.000000e+00	6.727119e-04	0.000000e+00	1.011657e+00
