8.510378e-01	0.000000e+00	1.208413e-03	4.286346e-03	9.901339e-04	5.440016e-03	0.000000e+00	1.207547e-04	1.562754e-04	0.000000e+00	0.000000e+00	0.000000e+00	2.826811e-04	2.672777e-03	7.153638e-07	0.000000e+00	0.000000e+00	0.000000e+00	6.842563e-03	4.570750e-03	3.792049e-03	1.238853e-03	0.000000e+00	9.529232e-03	5.336319e-04	1.051401e-02	6.182759e-04	0.000000e+00	1.107425e-02	1.155872e-03	8.510378e-01	-7.621838e-01
8.475502e-01	1.025390e-03	8.343366e-04	2.767891e-03	1.924092e-03	7.630552e-03	0.000000e+00	0.000000e+00	9.305078e-05	6.540119e-04	4.045163e-04	0.000000e+00	5.862483e-04	1.667565e-03	5.757798e-07	3.014439e-04	0.000000e+00	0.000000e+00	0.000000e+00	6.720862e-03	5.519628e-03	1.462950e-03	0.000000e+00	1.600520e-02	1.000604e-03	4.849319e-03	4.986785e-04	9.302883e-03	0.000000e+00	2.329258e-03	8.475502e-01	-7.546352e-01
8.456286e-01	0.000000e+00	4.541553e-03	7.136283e-03	0.000000e+00	9.568973e-03	0.000000e+00	0.000000e+00	6.150623e-04	3.462619e-04	0.000000e+00	2.909626e-03	3.236101e-04	2.501347e-03	0.000000e+00	0.000000e+00	1.057729e-02	1.275066e-03	0.000000e+00	3.512306e-03	0.000000e+00	0.000000e+00	0.000000e+00	1.662055e-03	1.079344e-03	6.652562e-03	2.272587e-04	9.024822e-03	8.750605e-03	1.155872e-03	8.456286e-01	-7.451434e-01
8.440841e-01	0.000000e+00	0.000000e+00	0.000000e+00	0.000000e+00	1.110817e-03	6.272242e-05	4.260559e-04	7.700381e-05	0.000000e+00	0.000000e+00	0.000000e+00	2.197598e-02	1.410864e-03	1.786314e-03	0.000000e+00	0.000000e+00	5.104561e-04	7.707782e-03	4.217480e-03	0.000000e+00	1.238853e-03	0.000000e+00	0.000000e+00	6.037367e-04	1.006544e-02	7.630770e-04	0.000000e+00	1.264287e-02	1.003415e-03	8.440841e-01	-7.372346e-01
8.440841e-01	0.000000e+00	0.000000e+00	0.000000e+00	0.000000e+00	1.110817e-03	6.272242e-05	4.260559e-04	7.700381e-05	0.000000e+00	0.000000e+00	0.000000e+00	2.197598e-02	1.410864e-03	1.786314e-03	0.000000e+00	0.000000e+00	5.104561e-04	7.707782e-03	4.217480e-03	0.000000e+00	1.238853e-03	0.000000e+00	0.000000e+00	6.037367e-04	1.006544e-02	7.630770e-04	0.000000e+00	1.264287e-02	1.003415e-03	8.440841e-01	-7.372346e-01
8.415358e-01	0.000000e+00	2.811541e-03	3.673217e-03	0.000000e+00	9.568973e-03	0.000000e+00	0.000000e+00	7.635995e-04	1.102303e-03	0.000000e+00	0.000000e+00	2.826811e-04	1.667565e-03	0.000000e+00	0.000000e+00	1.057729e-02	1.275066e-03	0.000000e+00	3.512306e-03	0.000000e+00	0.000000e+00	0.000000e+00	3.324110e-03	7.042379e-04	3.284473e-03	0.000000e+00	1.780751e-03	8.249967e-03	1.155872e-03	8.415358e-01	-7.202528e-01
8.410892e-01	1.026117e-02	3.539733e-03	3.554198e-03	1.266429e-02	1.010298e-02	0.000000e+00	9.850958e-05	6.654121e-04	4.204860e-03	1.444701e-05	3.105226e-03	5.355934e-04	2.274394e-03	7.633888e-03	1.542389e-03	1.285802e-02	1.275066e-03	1.282981e-03	5.847095e-03	0.000000e+00	0.000000e+00	1.252036e-02	8.864452e-04	8.347349e-04	0.000000e+00	1.848366e-03	0.000000e+00	2.712842e-03	2.394677e-03	8.410892e-01	-7.080920e-01
8.393685e-01	0.000000e+00	2.553909e-03	5.336578e-03	0.000000e+00	6.285373e-03	0.000000e+00	0.000000e+00	6.150623e-04	0.000000e+00	1.805876e-04	0.000000e+00	5.268907e-04	5.303681e-04	0.000000e+00	0.000000e+00	6.803837e-03	1.820555e-03	2.779791e-03	2.530409e-03	0.000000e+00	0.000000e+00	0.000000e+00	1.662055e-03	7.906927e-04	7.004624e-03	0.000000e+00	1.780751e-03	8.750605e-03	1.070958e-03	8.393685e-01	-7.005453e-01
8.388541e-01	8.603005e-04	4.455812e-03	6.749952e-03	4.983166e-03	3.747436e-03	0.000000e+00	0.000000e+00	0.000000e+00	0.000000e+00	5.706569e-04	0.000000e+00	9.995159e-04	4.168912e-04	0.000000e+00	5.400503e-04	0.000000e+00	0.000000e+00	5.131922e-03	4.320183e-03	4.413848e-05	7.314749e-04	0.000000e+00	2.359124e-02	1.507947e-03	6.674835e-03	1.074764e-02	4.651441e-03	0.000000e+00	2.245269e-03	8.388541e-01	-6.898084e-01
8.377043e-01	0.000000e+00	2.016314e-03	0.000000e+00	0.000000e+00	2.858910e-03	0.000000e+00	3.177738e-04	2.238218e-04	0.000000e+00	5.593540e-04	3.911988e-04	5.243526e-04	3.886434e-03	1.526849e-02	2.487922e-03	0.000000e+00	1.901695e-03	2.565961e-03	5.242184e-03	9.291522e-04	0.000000e+00	0.000000e+00	1.130212e-02	7.486515e-04	0.000000e+00	4.315009e-03	1.949036e-03	7.843102e-04	0.000000e+00	8.377043e-01	-6.813955e-01
8.367546e-01	1.195027e-03	3.024470e-03	6.880920e-03	6.174310e-03	3.535781e-03	0.000000e+00	6.832091e-05	1.414854e-04	0.000000e+00	3.756223e-04	0.000000e+00	1.024012e-03	0.000000e+00	2.303119e-06	1.160523e-03	5.311124e-03	2.366044e-03	6.842563e-03	3.883299e-03	0.000000e+00	0.000000e+00	0.000000e+00	1.558864e-02	1.007645e-03	7.440302e-03	5.792042e-04	0.000000e+00	0.000000e+00	2.224849e-03	8.367546e-01	-6.684517e-01
8.365411e-01	0.000000e+00	4.379432e-03	3.394607e-03	6.579680e-03	1.046207e-02	0.000000e+00	0.000000e+00	7.984464e-04	1.219921e-03	2.272855e-04	5.760029e-04	2.222633e-04	8.716161e-04	2.385634e-02	0.000000e+00	5.384380e-03	1.077882e-03	1.710641e-03	6.763458e-03	0.000000e+00	0.000000e+00	0.000000e+00	3.324110e-03	8.929834e-03	3.284473e-03	0.000000e+00	5.180252e-04	0.000000e+00	2.373669e-03	8.365411e-01	-6.629396e-01
8.353046e-01	1.026117e-02	3.747908e-03	6.550478e-03	0.000000e+00	3.938908e-03	0.000000e+00	0.000000e+00	6.113855e-04	3.796494e-03	2.167052e-04	0.000000e+00	1.089727e-04	2.792095e-03	3.816889e-03	1.352157e-03	6.429011e-03	0.000000e+00	0.000000e+00	1.216109e-03	8.077478e-03	0.000000e+00	6.260180e-03	0.000000e+00	0.000000e+00	3.092244e-03	0.000000e+00	2.645444e-04	1.308047e-02	1.314651e-03	8.353046e-01	-6.487774e-01
8.346713e-01	1.026117e-02	3.135783e-03	5.697371e-03	1.315936e-02	1.139353e-02	0.000000e+00	0.000000e+00	6.316389e-04	4.204860e-03	0.000000e+00	2.909626e-03	4.147577e-04	1.667565e-03	0.000000e+00	4.957978e-04	2.410642e-03	3.242191e-04	3.421281e-03	1.216109e-03	0.000000e+00	0.000000e+00	0.000000e+00	0.000000e+00	7.272251e-04	0.000000e+00	0.000000e+00	1.244995e-03	7.857812e-03	2.972614e-03	8.346713e-01	-6.407890e-01
8.335692e-01	8.376199e-04	3.870840e-03	0.000000e+00	5.390564e-03	0.000000e+00	0.000000e+00	9.428993e-04	7.247791e-04	1.256477e-03	5.593540e-04	4.639695e-04	3.689670e-04	0.000000e+00	1.526849e-02	3.036364e-03	1.035971e-02	1.901695e-03	3.421281e-03	5.654742e-03	0.000000e+00	0.000000e+00	6.260180e-03	0.000000e+00	2.170994e-04	0.000000e+00	0.000000e+00	4.383257e-03	0.000000e+00	2.969569e-03	8.335692e-01	-6.264595e-01
8.335692e-01	1.074901e-02	3.870840e-03	1.325189e-02	0.000000e+00	8.658398e-03	0.000000e+00	0.000000e+00	7.247791e-04	5.052970e-03	4.478573e-04	0.000000e+00	0.000000e+00	3.881992e-03	1.354194e-03	1.549078e-03	4.846775e-03	0.000000e+00	0.000000e+00	2.040135e-03	1.197505e-02	0.000000e+00	4.394482e-03	0.000000e+00	0.000000e+00	4.787849e-03	0.000000e+00	3.675142e-03	0.000000e+00	2.969569e-03	8.335692e-01	-6.236762e-01
8.321965e-01	9.756791e-04	0.000000e+00	1.399460e-02	0.000000e+00	9.438981e-03	0.000000e+00	2.415094e-04	4.545532e-04	2.512953e-03	4.623044e-04	0.000000e+00	0.000000e+00	3.537960e-03	0.000000e+00	7.262034e-04	8.893605e-04	0.000000e+00	0.000000e+00	2.981648e-03	7.795149e-03	0.000000e+00	0.000000e+00	1.909768e-02	0.000000e+00	7.281909e-03	0.000000e+00	6.821195e-03	7.312831e-03	2.162933e-03	8.321965e-01	-6.029212e-01
8.315824e-01	1.234780e-03	3.577882e-02	5.353071e-03	1.063091e-02	0.000000e+00	0.000000e+00	0.000000e+00	4.368997e-04	0.000000e+00	0.000000e+00	9.337865e-05	1.062115e-03	4.168912e-04	0.000000e+00	2.460404e-03	3.800129e-03	0.000000e+00	8.553203e-03	4.076175e-03	3.093025e-04	0.000000e+00	6.260180e-03	7.794320e-03	5.844128e-04	0.000000e+00	1.747958e-04	4.026035e-03	7.689596e-03	2.317809e-03	8.315824e-01	-5.906188e-01
8.303638e-01	1.351218e-03	3.870840e-03	0.000000e+00	7.369544e-03	9.851922e-04	0.000000e+00	9.097834e-04	0.000000e+00	4.204860e-03	0.000000e+00	4.639695e-04	1.364788e-04	0.000000e+00	1.526849e-02	2.217897e-03	9.915025e-03	1.901695e-03	0.000000e+00	6.089891e-03	8.827696e-05	0.000000e+00	0.000000e+00	0.000000e+00	7.346267e-04	0.000000e+00	0.000000e+00	1.244995e-03	7.843102e-04	5.114564e-04	8.303638e-01	-5.787126e-01
8.295024e-01	0.000000e+00	8.797401e-04	5.917746e-04	5.018062e-03	0.000000e+00	1.254448e-04	6.106024e-04	5.662358e-04	0.000000e+00	0.000000e+00	0.000000e+00	5.696917e-04	1.358166e-03	4.925391e-03	3.323624e-04	4.053832e-03	1.020912e-03	1.730438e-03	1.333595e-03	0.000000e+00	0.000000e+00	3.731396e-03	7.794320e-03	1.402097e-04	3.890700e-03	2.896021e-04	0.000000e+00	3.137241e-03	2.664653e-03	8.295024e-01	-5.665596e-01
8.290145e-01	0.000000e+00	0.000000e+00	1.246844e-02	0.000000e+00	6.204314e-03	0.000000e+00	0.000000e+00	6.383609e-04	5.996623e-04	8.090326e-04	0.000000e+00	5.691536e-04	1.253096e-03	0.000000e+00	2.904814e-04	6.742070e-03	9.997885e-03	0.000000e+00	0.000000e+00	3.972364e-03	0.000000e+00	0.000000e+00	1.823722e-03	0.000000e+00	4.176172e-03	0.000000e+00	7.402192e-03	0.000000e+00	2.709636e-03	8.290145e-01	-5.556590e-01
8.287809e-01	9.228760e-04	0.000000e+00	2.530109e-02	1.063091e-02	0.000000e+00	0.000000e+00	0.000000e+00	4.368997e-04	1.996325e-02	1.203930e-03	0.000000e+00	1.062115e-03	0.000000e+00	0.000000e+00	0.000000e+00	3.371035e-03	0.000000e+00	0.000000e+00	0.000000e+00	5.493971e-03	2.253209e-03	0.000000e+00	0.000000e+00	1.835984e-04	1.073885e-02	8.669888e-04	7.444017e-03	0.000000e+00	3.830537e-03	8.287809e-01	-5.457890e-01
8.275285e-01	5.374504e-03	0.000000e+00	1.739709e-02	0.000000e+00	5.302478e-03	0.000000e+00	9.097834e-04	6.015272e-04	2.516187e-03	9.193186e-04	0.000000e+00	1.364788e-04	2.758284e-03	0.000000e+00	1.065020e-03	6.473268e-03	1.901695e-03	0.000000e+00	0.000000e+00	9.959890e-03	0.000000e+00	2.197241e-03	1.616667e-04	0.000000e+00	4.927860e-03	0.000000e+00	1.259132e-02	7.843102e-04	3.007586e-03	8.275285e-01	-5.259940e-01
8.270016e-01	6.351579e-03	2.503288e-03	0.000000e+00	1.509027e-02	0.000000e+00	1.254448e-04	5.764419e-04	1.014882e-04	3.605198e-03	0.000000e+00	0.000000e+00	1.878664e-04	2.399183e-03	4.924240e-03	2.460404e-03	4.378768e-04	0.000000e+00	1.710641e-03	6.080545e-04	0.000000e+00	0.000000e+00	0.000000e+00	0.000000e+00	5.844128e-04	2.088086e-03	0.000000e+00	0.000000e+00	7.101028e-03	3.170025e-03	8.270016e-01	-5.205928e-01
8.258321e-01	2.872080e-03	1.935420e-03	0.000000e+00	5.018062e-03	4.925961e-04	0.000000e+00	6.106024e-04	0.000000e+00	0.000000e+00	0.000000e+00	2.319847e-04	0.000000e+00	0.000000e+00	7.634245e-03	1.441311e-03	3.962475e-03	1.971760e-03	0.000000e+00	4.378541e-03	0.000000e+00	0.000000e+00	0.000000e+00	0.000000e+00	4.157239e-04	5.740058e-03	9.714110e-04	0.000000e+00	3.137241e-03	6.067671e-04	8.258321e-01	-5.007355e-01
8.250406e-01	2.657909e-03	0.000000e+00	5.917746e-04	1.676028e-02	0.000000e+00	0.000000e+00	5.335774e-04	2.033582e-04	0.000000e+00	0.000000e+00	0.000000e+00	3.821940e-04	0.000000e+00	0.000000e+00	3.323624e-04	6.904800e-04	1.020912e-03	0.000000e+00	1.333595e-03	0.000000e+00	0.000000e+00	0.000000e+00	0.000000e+00	1.402097e-04	1.110948e-02	1.404905e-03	2.353346e-03	0.000000e+00	2.266307e-03	8.250406e-01	-4.853563e-01
8.241732e-01	1.220995e-03	9.353963e-04	0.000000e+00	8.510587e-03	0.000000e+00	1.254448e-04	5.764419e-04	1.048491e-04	1.802599e-03	1.127487e-04	9.049669e-04	2.650644e-04	2.191948e-03	4.924240e-03	0.000000e+00	2.603591e-03	0.000000e+00	0.000000e+00	0.000000e+00	0.000000e+00	0.000000e+00	0.000000e+00	0.000000e+00	0.000000e+00	4.176172e-03	0.000000e+00	6.224977e-04	3.172122e-03	3.038536e-03	8.241732e-01	-4.692924e-01
8.241732e-01	3.622781e-03	2.388853e-03	7.454072e-04	1.771455e-02	0.000000e+00	1.620633e-04	1.128541e-03	0.000000e+00	6.005653e-04	5.125214e-04	5.187541e-04	0.000000e+00	1.736983e-03	6.497928e-04	1.041626e-03	4.655622e-03	2.481916e-03	1.684802e-04	2.658405e-03	0.000000e+00	0.000000e+00	9.328489e-04	0.000000e+00	2.076433e-04	4.176172e-03	4.857055e-04	0.000000e+00	3.172122e-03	2.116141e-03	8.241732e-01	-4.664653e-01
6.513721e-01	0.000000e+00	2.399735e-03	1.499829e-03	1.280206e-02	1.325919e-03	3.030976e-04	0.000000e+00	4.717910e-04	9.012995e-04	4.412336e-04	1.113669e-03	0.000000e+00	2.881078e-03	6.334897e-03	0.000000e+00	0.000000e+00	0.000000e+00	2.126962e-04	0.000000e+00	0.000000e+00	0.000000e+00	1.865698e-03	0.000000e+00	4.372151e-07	0.000000e+00	0.000000e+00	0.000000e+00	3.173552e-03	8.892407e-04	6.513721e-01	-4.510524e-01
6.513721e-01	0.000000e+00	2.399735e-03	1.499829e-03	1.280206e-02	1.325919e-03	3.030976e-04	0.000000e+00	4.717910e-04	9.012995e-04	4.412336e-04	1.113669e-03	0.000000e+00	2.881078e-03	6.334897e-03	0.000000e+00	0.000000e+00	0.000000e+00	2.126962e-04	0.000000e+00	0.000000e+00	0.000000e+00	1.865698e-03	0.000000e+00	4.372151e-07	0.000000e+00	0.000000e+00	0.000000e+00	3.173552e-03	8.892407e-04	6.513721e-01	-4.510524e-01
6.513721e-01	0.000000e+00	2.399735e-03	1.499829e-03	1.280206e-02	1.325919e-03	3.030976e-04	0.000000e+00	4.717910e-04	9.012995e-04	4.412336e-04	1.113669e-03	0.000000e+00	2.881078e-03	6.334897e-03	0.000000e+00	0.000000e+00	0.000000e+00	2.126962e-04	0.000000e+00	0.000000e+00	0.000000e+00	1.865698e-03	0.000000e+00	4.372151e-07	0.000000e+00	0.000000e+00	0.000000e+00	3.173552e-03	8.892407e-04	6.513721e-01	-4.510524e-01
6.513721e-01	0.000000e+00	2.399735e-03	1.499829e-03	1.280206e-02	1.325919e-03	3.030976e-04	0.000000e+00	4.717910e-04	9.012995e-04	4.412336e-04	1.113669e-03	0.000000e+00	2.881078e-03	6.334897e-03	0.000000e+00	0.000000e+00	0.000000e+00	2.126962e-04	0.000000e+00	0.000000e+00	0.000000e+00	1.865698e-03	0.000000e+00	4.372151e-07	0.000000e+00	0.000000e+00	0.000000e+00	3.173552e-03	8.892407e-04	6.513721e-01	-4.510524e-01
6.513721e-01	0.000000e+00	2.399735e-03	1.499829e-03	1.280206e-02	1.325919e-03	3.030976e-04	0.000000e+00	4.717910e-04	9.012995e-04	4.412336e-04	1.113669e-03	0.000000e+00	2.881078e-03	6.334897e-03	0.000000e+00	0.000000e+00	0.000000e+00	2.126962e-04	0.000000e+00	0.000000e+00	0.000000e+00	1.865698e-03	0.000000e+00	4.372151e-07	0.000000e+00	0.000000e+00	0.000000e+00	3.173552e-03	8.892407e-04	6.513721e-01	-4.510524e-01
6.474876e-01	2.186741e-03	2.621011e-03	1.495322e-03	2.160655e-02	0.000000e+00	3.136121e-04	8.232400e-04	7.000285e-05	1.051215e-03	7.331382e-04	9.595962e-04	0.000000e+00	3.177522e-03	1.185065e-07	3.209703e-04	2.674384e-03	1.496036e-03	2.748282e-04	4.691349e-04	0.000000e+00	0.000000e+00	1.865698e-03	0.000000e+00	0.000000e+00	0.000000e+00	0.000000e+00	0.000000e+00	2.710702e-03	2.257378e-03	6.474876e-01	-4.413791e-01
6.439745e-01	5.435282e-03	6.772442e-04	1.325230e-04	0.000000e+00	2.958210e-03	2.776053e-04	4.735846e-04	8.139598e-04	0.000000e+00	6.238393e-04	3.364911e-04	9.276660e-05	1.021241e-03	9.219926e-03	1.211209e-03	3.034543e-03	4.083468e-03	0.000000e+00	1.631838e-03	3.394436e-03	2.899205e-03	0.000000e+00	1.627686e-04	6.995442e-07	6.415622e-03	3.663723e-04	7.613072e-04	0.000000e+00	4.087734e-04	6.439745e-01	-4.263025e-01
6.420711e-01	5.716686e-03	2.399735e-03	3.736669e-03	9.191277e-03	3.221248e-03	2.314744e-04	0.000000e+00	4.449060e-05	0.000000e+00	4.412336e-04	2.147950e-04	0.000000e+00	2.230156e-03	0.000000e+00	5.921748e-04	0.000000e+00	2.339777e-03	2.126962e-04	0.000000e+00	6.020806e-03	0.000000e+00	1.865698e-03	1.587500e-03	0.000000e+00	1.772859e-03	1.218450e-03	6.436886e-04	2.766512e-03	6.317699e-04	6.420711e-01	-4.147695e-01
6.401901e-01	4.049223e-03	1.197304e-03	0.000000e+00	1.717954e-03	0.000000e+00	0.000000e+00	3.261849e-04	4.974660e-04	0.000000e+00	7.155948e-04	3.723953e-04	2.794456e-04	0.000000e+00	1.916001e-03	1.097281e-03	1.977734e-03	0.000000e+00	4.506705e-04	3.365385e-03	2.284071e-02	2.813688e-03	0.000000e+00	1.284131e-03	5.557239e-04	6.962846e-03	1.553461e-02	2.434550e-03	2.568416e-03	2.313165e-03	6.401901e-01	-3.960779e-01
6.384990e-01	0.000000e+00	1.145858e-03	1.645456e-03	1.185337e-02	8.694277e-04	4.546464e-04	0.000000e+00	7.076864e-04	0.000000e+00	5.541568e-04	1.670503e-03	0.000000e+00	3.663202e-03	4.907666e-06	0.000000e+00	0.000000e+00	0.000000e+00	2.729014e-04	0.000000e+00	0.000000e+00	0.000000e+00	2.798547e-03	0.000000e+00	6.558227e-07	9.773662e-03	0.000000e+00	1.974427e-03	2.609121e-03	5.788894e-04	6.384990e-01	-3.887572e-01
6.364104e-01	4.651269e-03	1.305676e-03	2.978575e-03	2.302556e-03	0.000000e+00	2.520348e-04	1.037855e-03	5.129795e-04	2.998312e-04	7.826537e-04	0.000000e+00	9.276660e-05	1.019360e-03	9.544763e-03	8.530081e-04	4.929429e-03	5.324426e-03	3.741321e-04	2.341789e-03	3.394436e-03	2.813688e-03	0.000000e+00	0.000000e+00	4.373712e-04	4.487233e-03	0.000000e+00	7.841236e-05	1.966883e-04	3.200910e-04	6.364104e-01	-3.676267e-01
6.347262e-01	8.056452e-03	3.961635e-04	6.937948e-03	1.717954e-03	3.973936e-03	6.165536e-05	4.001830e-04	3.676411e-04	3.308380e-04	1.040579e-04	5.171403e-04	2.866455e-04	1.110081e-03	0.000000e+00	1.183651e-03	1.256003e-03	0.000000e+00	4.840662e-04	1.469345e-03	4.621909e-03	4.275833e-04	0.000000e+00	6.424250e-03	0.000000e+00	8.032951e-03	1.218450e-03	1.217275e-03	1.331359e-03	6.878371e-04	6.347262e-01	-3.498922e-01
6.336998e-01	4.660125e-03	2.561022e-03	0.000000e+00	2.160655e-02	1.939414e-03	3.548371e-04	0.000000e+00	0.000000e+00	9.209671e-04	7.948027e-04	1.389186e-03	0.000000e+00	3.457064e-03	3.416270e-03	3.661696e-04	2.081180e-03	2.030806e-02	7.203642e-05	0.000000e+00	0.000000e+00	1.355175e-03	1.865698e-03	0.000000e+00	5.246581e-07	0.000000e+00	2.008222e-03	0.000000e+00	2.391457e-03	2.417423e-03	6.336998e-01	-3.345944e-01
6.315772e-01	6.473160e-03	1.131990e-03	1.812866e-03	0.000000e+00	5.260766e-04	2.132042e-04	0.000000e+00	6.019607e-04	1.562975e-03	1.948925e-04	4.295899e-04	0.000000e+00	1.740745e-03	1.185065e-07	1.105878e-03	8.658495e-04	0.000000e+00	4.523387e-04	1.238502e-03	0.000000e+00	1.710333e-04	0.000000e+00	3.255373e-04	0.000000e+00	0.000000e+00	1.218450e-03	1.365790e-03	2.609121e-03	0.000000e+00	6.315772e-01	-3.189329e-01
6.309713e-01	4.934181e-03	2.952482e-03	1.208577e-03	1.469943e-02	3.244322e-03	0.000000e+00	3.039574e-04	0.000000e+00	0.000000e+00	2.153873e-04	0.000000e+00	8.917774e-05	1.316831e-03	9.948139e-04	9.146514e-04	5.772330e-04	1.456439e-02	9.228560e-05	7.195438e-03	0.000000e+00	3.420666e-04	0.000000e+00	2.407382e-02	0.000000e+00	6.746979e-03	0.000000e+00	8.061672e-04	1.456451e-03	1.509943e-03	6.309713e-01	-2.993000e-01
6.289575e-01	3.166584e-03	9.280816e-04	1.174999e-02	0.000000e+00	0.000000e+00	0.000000e+00	8.003661e-04	3.151847e-06	1.562975e-03	2.595644e-04	1.288770e-03	5.732910e-04	1.619749e-03	4.907666e-06	1.555452e-04	7.803072e-04	0.000000e+00	4.523387e-04	4.616852e-04	9.243818e-03	5.130999e-04	0.000000e+00	1.219743e-02	0.000000e+00	0.000000e+00	0.000000e+00	8.209579e-05	2.609121e-03	2.264915e-03	6.289575e-01	-2.800037e-01
6.280179e-01	1.177079e-03	2.112768e-03	1.208577e-03	1.568482e-04	3.244322e-03	2.098729e-04	9.567271e-04	7.675189e-04	0.000000e+00	6.115559e-04	3.367427e-04	8.917774e-05	1.018667e-03	5.925327e-08	1.856791e-04	5.772330e-04	4.592616e-03	0.000000e+00	0.000000e+00	0.000000e+00	8.551665e-05	0.000000e+00	2.407382e-02	5.246581e-07	9.439767e-04	2.397904e-03	8.005300e-04	2.195004e-04	1.211631e-04	6.280179e-01	-2.679782e-01
6.262522e-01	0.000000e+00	1.631205e-03	9.770750e-04	1.876005e-03	1.583922e-03	2.298607e-04	7.373364e-04	5.653167e-04	0.000000e+00	1.831312e-04	1.538211e-04	0.000000e+00	6.794644e-04	5.925327e-08	5.529392e-04	7.315208e-04	1.397833e-03	5.251978e-04	4.027798e-03	0.000000e+00	8.551665e-05	0.000000e+00	1.627686e-04	2.623291e-07	4.016475e-03	0.000000e+00	7.415961e-04	1.947668e-03	0.000000e+00	6.262522e-01	-2.469798e-01
6.249443e-01	6.246861e-03	1.832548e-03	0.000000e+00	1.860249e-03	4.883386e-03	3.714416e-04	0.000000e+00	5.129795e-04	1.041984e-03	0.000000e+00	8.591798e-04	0.000000e+00	6.991977e-04	0.000000e+00	1.008844e-03	0.000000e+00	0.000000e+00	3.766336e-04	0.000000e+00	0.000000e+00	1.440692e-03	0.000000e+00	0.000000e+00	6.995442e-07	4.804939e-03	1.090784e-03	7.841236e-05	1.966883e-04	0.000000e+00	6.249443e-01	-2.265304e-01
6.233750e-01	3.741092e-04	1.425654e-03	8.400295e-03	0.000000e+00	9.510694e-05	2.406875e-04	1.836899e-03	6.852786e-04	2.604959e-04	0.000000e+00	0.000000e+00	2.866455e-04	4.602758e-04	0.000000e+00	0.000000e+00	1.186410e-03	4.925522e-03	4.055837e-04	3.438887e-03	4.621909e-03	0.000000e+00	0.000000e+00	6.098713e-03	3.497721e-07	0.000000e+00	0.000000e+00	0.000000e+00	1.151874e-03	0.000000e+00	6.233750e-01	-2.005119e-01
6.228386e-01	1.914248e-03	1.013525e-03	0.000000e+00	0.000000e+00	3.106181e-03	3.268853e-04	8.147731e-04	6.837027e-04	0.000000e+00	3.427398e-04	1.288770e-03	0.000000e+00	0.000000e+00	0.000000e+00	8.370083e-04	7.962563e-04	6.658115e-04	3.677311e-04	3.659175e-03	0.000000e+00	2.161038e-03	0.000000e+00	0.000000e+00	6.995442e-07	0.000000e+00	0.000000e+00	1.566836e-04	0.000000e+00	0.000000e+00	6.228386e-01	-1.953079e-01
6.208825e-01	2.869746e-03	1.876591e-03	9.625807e-03	0.000000e+00	3.287233e-03	3.073138e-04	1.410374e-03	5.740389e-04	4.199268e-04	4.786168e-05	0.000000e+00	2.866455e-04	0.000000e+00	0.000000e+00	8.978671e-05	5.076398e-04	0.000000e+00	6.231004e-04	2.486499e-03	0.000000e+00	0.000000e+00	0.000000e+00	6.098713e-03	5.246581e-07	1.808816e-03	0.000000e+00	0.000000e+00	1.702463e-03	0.000000e+00	6.208825e-01	-1.602814e-01
6.196120e-01	5.287278e-03	2.854233e-03	6.648872e-04	1.470479e-02	3.393802e-03	0.000000e+00	5.008082e-05	0.000000e+00	7.246858e-05	6.803806e-04	0.000000e+00	1.016404e-04	1.371170e-03	1.969997e-03	1.141554e-03	5.088412e-04	0.000000e+00	1.952056e-04	6.343301e-03	0.000000e+00	3.420666e-04	0.000000e+00	1.315910e-04	5.246581e-07	6.847420e-03	2.269196e-04	3.684359e-03	1.289286e-03	0.000000e+00	6.196120e-01	-1.354308e-01
4.523440e-01	1.913435e-03	2.766668e-03	0.000000e+00	0.000000e+00	1.593812e-03	3.577000e-04	2.527278e-03	0.000000e+00	2.099634e-04	0.000000e+00	0.000000e+00	1.433228e-04	7.908433e-04	0.000000e+00	3.479971e-04	1.443082e-04	0.000000e+00	7.272450e-04	7.862460e-04	3.470050e-03	0.000000e+00	0.000000e+00	0.000000e+00	0.000000e+00	9.044078e-04	0.000000e+00	0.000000e+00	0.000000e+00	0.000000e+00	4.523440e-01	-1.202447e-01
4.523440e-01	1.913435e-03	2.766668e-03	0.000000e+00	0.000000e+00	1.593812e-03	3.577000e-04	2.527278e-03	0.000000e+00	2.099634e-04	0.000000e+00	0.000000e+00	1.433228e-04	7.908433e-04	0.000000e+00	3.479971e-04	1.443082e-04	0.000000e+00	7.272450e-04	7.862460e-04	3.470050e-03	0.000000e+00	0.000000e+00	0.000000e+00	0.000000e+00	9.044078e-04	0.000000e+00	0.000000e+00	0.000000e+00	0.000000e+00	4.523440e-01	-1.202447e-01
4.523440e-01	1.913435e-03	2.766668e-03	0.000000e+00	0.000000e+00	1.593812e-03	3.577000e-04	2.527278e-03	0.000000e+00	2.099634e-04	0.000000e+00	0.000000e+00	1.433228e-04	7.908433e-04	0.000000e+00	3.479971e-04	1.443082e-04	0.000000e+00	7.272450e-04	7.862460e-04	3.470050e-03	0.000000e+00	0.000000e+00	0.000000e+00	0.000000e+00	9.044078e-04	0.000000e+00	0.000000e+00	0.000000e+00	0.000000e+00	4.523440e-01	-1.202447e-01
4.523440e-01	1.913435e-03	2.766668e-03	0.000000e+00	0.000000e+00	1.593812e-03	3.577000e-04	2.527278e-03	0.000000e+00	2.099634e-04	0.000000e+00	0.000000e+00	1.433228e-04	7.908433e-04	0.000000e+00	3.479971e-04	1.443082e-04	0.000000e+00	7.272450e-04	7.862460e-04	3.470050e-03	0.000000e+00	0.000000e+00	0.000000e+00	0.000000e+00	9.044078e-04	0.000000e+00	0.000000e+00	0.000000e+00	0.000000e+00	4.523440e-01	-1.202447e-01
4.523440e-01	1.913435e-03	2.766668e-03	0.000000e+00	0.000000e+00	1.593812e-03	3.577000e-04	2.527278e-03	0.000000e+00	2.099634e-04	0.000000e+00	0.000000e+00	1.433228e-04	7.908433e-04	0.000000e+00	3.479971e-04	1.443082e-04	0.000000e+00	7.272450e-04	7.862460e-04	3.470050e-03	0.000000e+00	0.000000e+00	0.000000e+00	0.000000e+00	9.044078e-04	0.000000e+00	0.000000e+00	0.000000e+00	0.000000e+00	4.523440e-01	-1.202447e-01
4.523440e-01	1.913435e-03	2.766668e-03	0.000000e+00	0.000000e+00	1.593812e-03	3.577000e-04	2.527278e-03	0.000000e+00	2.099634e-04	0.000000e+00	0.000000e+00	1.433228e-04	7.908433e-04	0.000000e+00	3.479971e-04	1.443082e-04	0.000000e+00	7.272450e-04	7.862460e-04	3.470050e-03	0.000000e+00	0.000000e+00	0.000000e+00	0.000000e+00	9.044078e-04	0.000000e+00	0.000000e+00	0.000000e+00	0.000000e+00	4.523440e-01	-1.202447e-01
4.523440e-01	1.913435e-03	2.766668e-03	0.000000e+00	0.000000e+00	1.593812e-03	3.577000e-04	2.527278e-03	0.000000e+00	2.099634e-04	0.000000e+00	0.000000e+00	1.433228e-04	7.908433e-04	0.000000e+00	3.479971e-04	1.443082e-04	0.000000e+00	7.272450e-04	7.862460e-04	3.470050e-03	0.000000e+00	0.000000e+00	0.000000e+00	0.000000e+00	9.044078e-04	0.000000e+00	0.000000e+00	0.000000e+00	0.000000e+00	4.523440e-01	-1.202447e-01
4.523440e-01	1.913435e-03	2.766668e-03	0.000000e+00	0.000000e+00	1.593812e-03	3.577000e-04	2.527278e-03	0.000000e+00	2.099634e-04	0.000000e+00	0.000000e+00	1.433228e-04	7.908433e-04	0.000000e+00	3.479971e-04	1.443082e-04	0.000000e+00	7.272450e-04	7.862460e-04	3.470050e-03	0.000000e+00	0.000000e+00	0.000000e+00	0.000000e+00	9.044078e-04	0.000000e+00	0.000000e+00	0.000000e+00	0.000000e+00	4.523440e-01	-1.202447e-01
4.462276e-01	6.845177e-03	1.425477e-03	2.451024e-03	0.000000e+00	4.745189e-03	5.596610e-04	7.183582e-04	4.612233e-04	3.188617e-04	4.384631e-04	0.000000e+00	0.000000e+00	0.000000e+00	0.000000e+00	1.795734e-04	0.000000e+00	2.462761e-03	6.030241e-04	1.604022e-03	0.000000e+00	0.000000e+00	0.000000e+00	0.000000e+00	1.049316e-06	3.617631e-03	0.000000e+00	0.000000e+00	1.297865e-03	0.000000e+00	4.462276e-01	-1.053627e-01
4.415293e-01	2.620442e-03	2.443596e-03	1.087380e-03	1.070577e-05	1.782023e-03	3.198063e-04	1.018758e-03	3.545148e-04	1.449372e-04	1.272726e-03	0.000000e+00	2.492525e-05	1.086777e-04	1.981940e-03	4.538051e-04	5.642242e-04	2.462761e-03	5.735712e-04	1.704273e-03	0.000000e+00	0.000000e+00	0.000000e+00	2.631820e-04	3.497721e-07	2.008816e-04	4.538392e-04	5.913108e-03	1.125770e-03	0.000000e+00	4.415293e-01	-8.488656e-02
4.377036e-01	1.435686e-03	2.564245e-03	2.525298e-03	6.615593e-05	1.655494e-03	3.198063e-04	1.436716e-03	6.837027e-04	0.000000e+00	4.649932e-04	0.000000e+00	1.277802e-04	9.340893e-04	0.000000e+00	1.515519e-04	6.301602e-04	2.462761e-03	3.677311e-04	1.604022e-03	0.000000e+00	0.000000e+00	0.000000e+00	0.000000e+00	5.246581e-07	0.000000e+00	2.064868e-04	1.177882e-04	1.392123e-03	3.556540e-04	4.377036e-01	-6.298704e-02
4.350830e-01	9.571239e-04	1.320047e-03	2.590527e-03	1.375728e-04	1.268400e-03	2.132042e-04	7.183582e-04	0.000000e+00	7.246858e-05	1.713699e-04	2.438954e-04	0.000000e+00	5.702211e-04	0.000000e+00	0.000000e+00	1.751877e-03	2.911957e-03	1.838656e-04	9.748293e-03	0.000000e+00	0.000000e+00	0.000000e+00	5.263640e-04	6.995442e-07	0.000000e+00	3.087261e-04	7.857842e-05	0.000000e+00	0.000000e+00	4.350830e-01	-4.283463e-02
4.316938e-01	1.435686e-03	3.148419e-03	1.861359e-03	0.000000e+00	1.408389e-03	3.198063e-04	1.822091e-03	0.000000e+00	0.000000e+00	6.729316e-04	0.000000e+00	0.000000e+00	1.140442e-03	0.000000e+00	3.031038e-04	0.000000e+00	1.006782e-03	5.401693e-04	0.000000e+00	3.470050e-03	0.000000e+00	0.000000e+00	3.788032e-03	0.000000e+00	0.000000e+00	2.586105e-04	3.985393e-07	2.135313e-03	0.000000e+00	4.316938e-01	-1.442060e-02
4.284706e-01	1.914248e-03	2.640094e-03	1.188375e-03	1.712924e-05	1.012232e-03	2.665052e-04	1.229363e-03	1.158126e-04	2.318995e-04	0.000000e+00	2.819863e-04	4.985050e-05	2.173553e-04	3.963880e-03	0.000000e+00	7.962563e-04	1.074283e-02	5.523023e-04	1.055030e-02	0.000000e+00	0.000000e+00	0.000000e+00	5.263640e-04	6.995442e-07	0.000000e+00	0.000000e+00	0.000000e+00	6.999622e-04	0.000000e+00	4.284706e-01	1.901415e-02
4.262798e-01	1.674967e-03	1.676416e-03	2.799301e-03	0.000000e+00	0.000000e+00	3.106451e-04	0.000000e+00	0.000000e+00	0.000000e+00	1.096158e-04	0.000000e+00	3.868134e-05	1.528670e-04	3.963880e-03	0.000000e+00	1.708615e-03	1.035174e-02	5.600133e-04	1.409025e-02	6.870445e-03	0.000000e+00	0.000000e+00	7.895459e-04	7.432657e-07	0.000000e+00	0.000000e+00	8.780212e-07	1.022385e-03	1.778270e-04	4.262798e-01	4.349549e-02
4.228983e-01	0.000000e+00	1.425477e-03	1.258127e-03	8.591566e-05	0.000000e+00	9.327683e-05	1.229363e-03	0.000000e+00	1.087029e-04	0.000000e+00	0.000000e+00	4.985050e-05	5.024658e-04	0.000000e+00	0.000000e+00	4.640642e-04	2.462761e-03	3.427231e-04	1.462244e-02	6.940099e-03	0.000000e+00	0.000000e+00	7.895459e-04	5.246581e-07	0.000000e+00	1.543630e-04	3.928921e-05	5.102945e-05	0.000000e+00	4.228983e-01	7.746102e-02
4.204426e-01	1.435686e-03	7.127383e-04	3.221851e-03	6.615593e-05	1.973007e-04	3.198063e-04	6.772077e-04	0.000000e+00	4.443288e-04	2.192316e-04	0.000000e+00	1.277802e-04	5.702211e-04	0.000000e+00	1.515519e-04	1.585781e-03	1.680577e-03	2.643709e-04	7.993894e-03	3.470050e-03	0.000000e+00	0.000000e+00	5.263640e-04	5.246581e-07	0.000000e+00	5.152129e-04	2.241784e-07	6.448459e-04	3.556540e-04	4.204426e-01	1.050351e-01
4.178220e-01	0.000000e+00	0.000000e+00	3.857199e-03	2.463846e-04	0.000000e+00	0.000000e+00	4.059500e-04	2.954218e-05	0.000000e+00	4.152493e-04	4.877909e-04	0.000000e+00	1.327959e-03	7.456113e-04	7.577594e-05	2.216945e-04	3.147838e-03	2.010647e-02	0.000000e+00	0.000000e+00	0.000000e+00	0.000000e+00	0.000000e+00	0.000000e+00	7.114911e-05	3.598457e-04	6.899335e-03	0.000000e+00	1.072489e-02	4.178220e-01	1.420412e-01
4.162635e-01	1.702956e-04	0.000000e+00	4.255941e-04	1.920643e-04	0.000000e+00	0.000000e+00	1.489108e-03	1.969479e-05	0.000000e+00	3.499101e-04	3.251939e-04	3.094507e-05	1.868179e-03	4.970742e-04	3.031038e-04	2.029170e-03	7.976252e-03	4.047732e-02	0.000000e+00	0.000000e+00	0.000000e+00	0.000000e+00	0.000000e+00	0.000000e+00	0.000000e+00	4.116348e-04	1.379836e-02	1.354400e-02	2.115923e-02	4.162635e-01	1.734380e-01
4.123427e-01	1.042272e-03	5.271483e-05	4.554252e-03	8.908474e-05	0.000000e+00	0.000000e+00	3.180286e-04	9.847394e-06	4.080945e-04	8.683219e-04	4.064924e-05	1.432528e-04	6.246006e-04	2.485371e-04	1.515519e-04	7.098425e-04	2.245981e-04	1.724382e-04	3.119747e-03	3.470050e-03	0.000000e+00	0.000000e+00	2.631820e-04	0.000000e+00	3.557455e-05	5.666672e-04	6.120077e-03	6.448459e-04	5.172049e-04	4.123427e-01	2.070930e-01
2.574026e-01	1.702956e-04	0.000000e+00	0.000000e+00	1.748658e-04	1.980781e-04	2.665052e-05	2.963640e-04	0.000000e+00	0.000000e+00	6.863759e-04	1.842007e-04	3.094507e-05	1.140523e-03	4.970742e-04	1.515519e-04	0.000000e+00	0.000000e+00	0.000000e+00	0.000000e+00	1.735025e-03	0.000000e+00	0.000000e+00	1.630834e-03	0.000000e+00	7.114911e-05	5.409400e-04	4.649625e-07	7.176753e-04	3.231017e-04	2.574026e-01	2.441650e-01
2.574026e-01	1.702956e-04	0.000000e+00	0.000000e+00	1.748658e-04	1.980781e-04	2.665052e-05	2.963640e-04	0.000000e+00	0.000000e+00	6.863759e-04	1.842007e-04	3.094507e-05	1.140523e-03	4.970742e-04	1.515519e-04	0.000000e+00	0.000000e+00	0.000000e+00	0.000000e+00	1.735025e-03	0.000000e+00	0.000000e+00	1.630834e-03	0.000000e+00	3.557455e-05	5.409400e-04	4.649625e-07	7.176753e-04	3.231017e-04	2.574026e-01	2.441568e-01
2.574026e-01	1.702956e-04	0.000000e+00	0.000000e+00	1.748658e-04	1.980781e-04	2.665052e-05	2.963640e-04	0.000000e+00	0.000000e+00	6.863759e-04	1.842007e-04	3.094507e-05	1.140523e-03	4.970742e-04	1.515519e-04	0.000000e+00	0.000000e+00	0.000000e+00	0.000000e+00	1.735025e-03	0.000000e+00	0.000000e+00	1.630834e-03	0.000000e+00	3.557455e-05	5.409400e-04	4.649625e-07	7.176753e-04	3.231017e-04	2.574026e-01	2.441568e-01
2.574026e-01	1.702956e-04	0.000000e+00	0.000000e+00	1.748658e-04	1.980781e-04	2.665052e-05	2.963640e-04	0.000000e+00	0.000000e+00	6.863759e-04	1.842007e-04	3.094507e-05	1.140523e-03	4.970742e-04	1.515519e-04	0.000000e+00	0.000000e+00	0.000000e+00	0.000000e+00	1.735025e-03	0.000000e+00	0.000000e+00	1.630834e-03	0.000000e+00	3.557455e-05	5.409400e-04	4.649625e-07	7.176753e-04	3.231017e-04	2.574026e-01	2.441568e-01
2.574026e-01	1.702956e-04	0.000000e+00	0.000000e+00	1.748658e-04	1.980781e-04	2.665052e-05	2.963640e-04	0.000000e+00	0.000000e+00	6.863759e-04	1.842007e-04	3.094507e-05	1.140523e-03	4.970742e-04	1.515519e-04	0.000000e+00	0.000000e+00	0.000000e+00	0.000000e+00	1.735025e-03	0.000000e+00	0.000000e+00	1.630834e-03	0.000000e+00	3.557455e-05	5.409400e-04	4.649625e-07	7.176753e-04	3.231017e-04	2.574026e-01	2.441568e-01
2.574026e-01	1.702956e-04	0.000000e+00	0.000000e+00	1.748658e-04	1.980781e-04	2.665052e-05	2.963640e-04	0.000000e+00	0.000000e+00	6.863759e-04	1.842007e-04	3.094507e-05	1.140523e-03	4.970742e-04	1.515519e-04	0.000000e+00	0.000000e+00	0.000000e+00	0.000000e+00	1.735025e-03	0.000000e+00	0.000000e+00	1.630834e-03	0.000000e+00	3.557455e-05	5.409400e-04	4.649625e-07	7.176753e-04	3.231017e-04	2.574026e-01	2.441568e-01
2.574026e-01	1.702956e-04	0.000000e+00	0.000000e+00	1.748658e-04	1.980781e-04	2.665052e-05	2.963640e-04	0.000000e+00	0.000000e+00	6.863759e-04	1.842007e-04	3.094507e-05	1.140523e-03	4.970742e-04	1.515519e-04	0.000000e+00	0.000000e+00	0.000000e+00	0.000000e+00	1.735025e-03	0.000000e+00	0.000000e+00	1.630834e-03	0.000000e+00	3.557455e-05	5.409400e-04	4.649625e-07	7.176753e-04	3.231017e-04	2.574026e-01	2.441568e-01
2.574026e-01	1.702956e-04	0.000000e+00	0.000000e+00	1.748658e-04	1.980781e-04	2.665052e-05	2.963640e-04	0.000000e+00	0.000000e+00	6.863759e-04	1.842007e-04	3.094507e-05	1.140523e-03	4.970742e-04	1.515519e-04	0.000000e+00	0.000000e+00	0.000000e+00	0.000000e+00	1.735025e-03	0.000000e+00	0.000000e+00	1.630834e-03	0.000000e+00	3.557455e-05	5.409400e-04	4.649625e-07	7.176753e-04	3.231017e-04	2.574026e-01	2.441568e-01
2.557910e-01	1.702956e-04	0.000000e+00	5.255327e-03	1.834304e-04	0.000000e+00	0.000000e+00	0.000000e+00	1.969479e-05	0.000000e+00	3.499101e-04	3.251939e-04	3.094507e-05	6.789800e-04	4.970742e-04	0.000000e+00	0.000000e+00	0.000000e+00	0.000000e+00	0.000000e+00	0.000000e+00	0.000000e+00	0.000000e+00	0.000000e+00	0.000000e+00	7.114911e-05	4.116348e-04	2.656929e-07	0.000000e+00	3.231017e-04	2.557910e-01	2.446015e-01
2.438537e-01	0.000000e+00	0.000000e+00	3.503552e-03	1.789565e-05	0.000000e+00	0.000000e+00	0.000000e+00	4.213612e-04	1.235085e-03	6.998202e-04	0.000000e+00	2.687590e-04	3.145974e-04	0.000000e+00	2.242062e-04	1.206978e-03	0.000000e+00	8.068318e-04	0.000000e+00	0.000000e+00	1.381647e-03	0.000000e+00	0.000000e+00	0.000000e+00	6.508633e-04	4.129735e-04	0.000000e+00	0.000000e+00	0.000000e+00	2.438537e-01	2.694683e-01
2.363185e-01	1.702956e-04	0.000000e+00	1.313832e-03	8.743291e-05	9.903907e-05	2.665052e-05	1.481820e-04	2.394916e-04	0.000000e+00	3.431879e-04	1.506580e-04	7.072857e-04	5.702617e-04	2.485371e-04	6.235606e-04	0.000000e+00	0.000000e+00	0.000000e+00	2.058544e-03	8.675124e-04	1.036235e-03	0.000000e+00	2.273435e-03	0.000000e+00	3.557455e-05	4.187482e-04	2.324813e-07	3.588377e-04	1.615508e-04	2.363185e-01	3.018560e-01
2.288455e-01	1.702956e-04	1.131281e-03	5.255327e-03	1.834304e-04	0.000000e+00	0.000000e+00	6.146815e-04	7.717855e-05	0.000000e+00	3.499101e-04	3.251939e-04	0.000000e+00	4.054474e-03	1.981300e-03	0.000000e+00	1.804998e-03	0.000000e+00	0.000000e+00	0.000000e+00	0.000000e+00	0.000000e+00	0.000000e+00	0.000000e+00	0.000000e+00	7.114911e-05	4.116348e-04	2.656929e-07	0.000000e+00	3.231017e-04	2.288455e-01	3.454390e-01
2.227696e-01	0.000000e+00	0.000000e+00	4.817384e-03	0.000000e+00	0.000000e+00	0.000000e+00	2.963640e-04	0.000000e+00	1.235085e-03	3.566322e-04	0.000000e+00	9.450996e-04	0.000000e+00	0.000000e+00	6.962148e-04	1.206978e-03	0.000000e+00	0.000000e+00	2.058544e-03	0.000000e+00	2.417882e-03	0.000000e+00	1.630834e-03	0.000000e+00	6.152887e-04	2.907817e-04	4.649625e-07	7.176753e-04	0.000000e+00	2.227696e-01	3.860088e-01
2.152344e-01	0.000000e+00	0.000000e+00	2.627664e-03	0.000000e+00	0.000000e+00	0.000000e+00	0.000000e+00	4.789832e-04	0.000000e+00	0.000000e+00	1.171153e-04	1.383626e-03	0.000000e+00	0.000000e+00	1.095569e-03	0.000000e+00	0.000000e+00	0.000000e+00	4.117088e-03	0.000000e+00	2.072471e-03	0.000000e+00	2.536993e-04	0.000000e+00	0.000000e+00	2.965564e-04	0.000000e+00	0.000000e+00	0.000000e+00	2.152344e-01	4.399090e-01
2.082277e-01	5.960346e-04	0.000000e+00	0.000000e+00	0.000000e+00	0.000000e+00	0.000000e+00	0.000000e+00	4.452418e-04	1.810339e-03	1.224685e-03	0.000000e+00	1.383626e-03	0.000000e+00	9.941483e-04	2.482746e-04	9.134367e-04	0.000000e+00	4.034159e-04	0.000000e+00	7.389172e-03	5.052406e-03	0.000000e+00	0.000000e+00	0.000000e+00	2.898571e-04	5.030432e-04	5.021184e-07	0.000000e+00	0.000000e+00	2.082277e-01	4.955484e-01
1.997915e-01	1.702956e-04	0.000000e+00	1.313832e-03	9.331035e-06	2.497423e-05	2.665052e-05	0.000000e+00	5.536891e-06	0.000000e+00	6.863759e-04	2.274083e-05	4.921538e-04	0.000000e+00	4.953251e-04	0.000000e+00	0.000000e+00	0.000000e+00	0.000000e+00	0.000000e+00	1.735025e-03	6.908235e-04	0.000000e+00	3.382658e-04	0.000000e+00	0.000000e+00	5.184976e-04	3.347456e-07	7.176753e-04	0.000000e+00	1.997915e-01	5.560748e-01
1.910241e-01	0.000000e+00	0.000000e+00	0.000000e+00	3.310696e-04	3.462078e-04	0.000000e+00	1.145292e-03	3.339745e-04	0.000000e+00	0.000000e+00	5.093947e-04	0.000000e+00	1.020437e-03	3.498106e-06	1.974843e-03	1.209796e-03	1.421092e-02	0.000000e+00	1.117805e-02	0.000000e+00	0.000000e+00	0.000000e+00	0.000000e+00	0.000000e+00	5.423861e-04	4.488488e-05	9.804570e-07	0.000000e+00	2.965945e-03	1.910241e-01	6.247856e-01
8.242238e-02	0.000000e+00	0.000000e+00	2.627664e-03	0.000000e+00	0.000000e+00	0.000000e+00	0.000000e+00	3.450483e-04	0.000000e+00	0.000000e+00	1.864748e-04	9.224175e-04	0.000000e+00	0.000000e+00	1.095569e-03	1.206978e-03	0.000000e+00	0.000000e+00	2.744725e-03	0.000000e+00	1.381647e-03	0.000000e+00	1.691329e-04	0.000000e+00	0.000000e+00	0.000000e+00	3.347456e-07	0.000000e+00	0.000000e+00	8.242238e-02	6.725093e-01
8.242238e-02	0.000000e+00	0.000000e+00	2.627664e-03	0.000000e+00	0.000000e+00	0.000000e+00	0.000000e+00	3.450483e-04	0.000000e+00	0.000000e+00	1.864748e-04	9.224175e-04	0.000000e+00	0.000000e+00	1.095569e-03	1.206978e-03	0.000000e+00	0.000000e+00	2.744725e-03	0.000000e+00	1.381647e-03	0.000000e+00	1.691329e-04	0.000000e+00	0.000000e+00	0.000000e+00	3.347456e-07	0.000000e+00	0.000000e+00	8.242238e-02	6.725093e-01
8.242238e-02	0.000000e+00	0.000000e+00	2.627664e-03	0.000000e+00	0.000000e+00	0.000000e+00	0.000000e+00	3.450483e-04	0.000000e+00	0.000000e+00	1.864748e-04	9.224175e-04	0.000000e+00	0.000000e+00	1.095569e-03	1.206978e-03	0.000000e+00	0.000000e+00	2.744725e-03	0.000000e+00	1.381647e-03	0.000000e+00	1.691329e-04	0.000000e+00	0.000000e+00	0.000000e+00	3.347456e-07	0.000000e+00	0.000000e+00	8.242238e-02	6.725093e-01
8.242238e-02	0.000000e+00	0.000000e+00	2.627664e-03	0.000000e+00	0.000000e+00	0.000000e+00	0.000000e+00	3.450483e-04	0.000000e+00	0.000000e+00	1.864748e-04	9.224175e-04	0.000000e+00	0.000000e+00	1.095569e-03	1.206978e-03	0.000000e+00	0.000000e+00	2.744725e-03	0.000000e+00	1.381647e-03	0.000000e+00	1.691329e-04	0.000000e+00	0.000000e+00	0.000000e+00	3.347456e-07	0.000000e+00	0.000000e+00	8.242238e-02	6.725093e-01
8.242238e-02	0.000000e+00	0.000000e+00	2.627664e-03	0.000000e+00	0.000000e+00	0.000000e+00	0.000000e+00	3.450483e-04	0.000000e+00	0.000000e+00	1.864748e-04	9.224175e-04	0.000000e+00	0.000000e+00	1.095569e-03	1.206978e-03	0.000000e+00	0.000000e+00	2.744725e-03	0.000000e+00	1.381647e-03	0.000000e+00	1.691329e-04	0.000000e+00	0.000000e+00	0.000000e+00	3.347456e-07	0.000000e+00	0.000000e+00	8.242238e-02	6.725093e-01
8.242238e-02	0.000000e+00	0.000000e+00	2.627664e-03	0.000000e+00	0.000000e+00	0.000000e+00	0.000000e+00	3.450483e-04	0.000000e+00	0.000000e+00	1.864748e-04	9.224175e-04	0.000000e+00	0.000000e+00	1.095569e-03	1.206978e-03	0.000000e+00	0.000000e+00	2.744725e-03	0.000000e+00	1.381647e-03	0.000000e+00	1.691329e-04	0.000000e+00	0.000000e+00	0.000000e+00	3.347456e-07	0.000000e+00	0.000000e+00	8.242238e-02	6.725093e-01
7.382057e-02	0.000000e+00	0.000000e+00	1.075385e-03	0.000000e+00	0.000000e+00	0.000000e+00	0.000000e+00	3.215369e-04	0.000000e+00	0.000000e+00	1.864748e-04	2.306044e-04	5.102185e-04	0.000000e+00	1.204059e-03	1.206978e-03	7.105462e-03	0.000000e+00	2.744725e-03	0.000000e+00	1.381647e-03	0.000000e+00	4.228322e-05	0.000000e+00	2.711930e-04	0.000000e+00	5.739149e-07	0.000000e+00	1.482973e-03	7.382057e-02	6.789688e-01
6.028713e-02	0.000000e+00	0.000000e+00	3.503552e-03	0.000000e+00	2.958308e-04	0.000000e+00	0.000000e+00	1.545497e-04	0.000000e+00	0.000000e+00	0.000000e+00	7.610791e-04	2.773485e-03	0.000000e+00	2.166378e-04	6.048562e-04	0.000000e+00	0.000000e+00	0.000000e+00	0.000000e+00	7.658570e-03	0.000000e+00	0.000000e+00	0.000000e+00	0.000000e+00	0.000000e+00	3.141670e-07	0.000000e+00	0.000000e+00	6.028713e-02	7.016477e-01
4.713214e-02	0.000000e+00	3.333935e-04	3.841747e-03	1.817527e-04	0.000000e+00	0.000000e+00	0.000000e+00	6.176350e-04	6.996150e-04	1.005991e-03	5.230392e-05	8.212137e-04	0.000000e+00	0.000000e+00	0.000000e+00	1.445194e-03	0.000000e+00	0.000000e+00	0.000000e+00	0.000000e+00	1.781219e-03	0.000000e+00	0.000000e+00	0.000000e+00	5.877310e-04	5.617595e-04	0.000000e+00	0.000000e+00	4.065692e-04	4.713214e-02	7.393729e-01
2.890970e-02	0.000000e+00	6.667870e-04	1.751776e-03	3.277142e-04	0.000000e+00	0.000000e+00	0.000000e+00	5.839790e-04	9.051695e-04	6.123426e-04	2.910827e-04	1.335514e-03	2.062040e-04	4.970742e-04	0.000000e+00	1.683410e-03	0.000000e+00	2.017079e-04	2.058544e-03	0.000000e+00	2.180791e-03	0.000000e+00	0.000000e+00	0.000000e+00	1.449285e-04	2.975720e-04	3.441203e-07	0.000000e+00	2.296111e-03	2.890970e-02	8.117342e-01
1.601636e-02	8.514780e-05	5.656407e-04	4.856333e-03	1.096109e-04	0.000000e+00	0.000000e+00	3.073408e-04	3.809972e-04	1.235085e-03	8.747752e-04	6.935954e-05	3.341501e-02	2.086725e-03	9.906502e-04	1.027483e-03	1.505988e-03	0.000000e+00	8.068318e-04	0.000000e+00	0.000000e+00	0.000000e+00	0.000000e+00	0.000000e+00	0.000000e+00	5.508413e-04	6.187909e-04	0.000000e+00	0.000000e+00	0.000000e+00	1.601636e-02	8.801109e-01
0.000000e+00	0.000000e+00	0.000000e+00	1.613078e-03	0.000000e+00	0.000000e+00	0.000000e+00	0.000000e+00	6.836484e-05	0.000000e+00	0.000000e+00	4.502685e-04	1.447048e-03	2.597957e-05	0.000000e+00	2.971040e-04	1.256433e-03	0.000000e+00	0.000000e+00	0.000000e+00	0.000000e+00	2.072471e-03	0.000000e+00	1.268497e-04	0.000000e+00	0.000000e+00	0.000000e+00	6.866400e-07	0.000000e+00	4.279612e-04	0.000000e+00	1.002416e+00
