8.482176e-01	5.458234e-03	0.000000e+00	0.000000e+00	3.939235e-03	0.000000e+00	9.433919e-05	1.415037e-03	4.978850e-03	0.000000e+00	0.000000e+00	4.863450e-03	0.000000e+00	0.000000e+00	2.471900e-04	0.000000e+00	1.934548e-03	0.000000e+00	0.000000e+00	2.776021e-02	0.000000e+00	3.879366e-03	2.303164e-04	0.000000e+00	0.000000e+00	0.000000e+00	5.615966e-03	1.268050e-02	1.059555e-04	1.091920e-02	8.482176e-01	-7.537130e-01
8.465973e-01	2.546422e-03	0.000000e+00	8.034790e-03	1.584038e-03	2.690461e-03	1.883600e-03	2.912094e-03	4.513738e-03	0.000000e+00	0.000000e+00	5.217394e-03	0.000000e+00	4.812979e-03	3.227416e-04	0.000000e+00	1.030655e-03	0.000000e+00	0.000000e+00	2.920909e-02	2.809648e-04	0.000000e+00	0.000000e+00	0.000000e+00	0.000000e+00	0.000000e+00	5.253520e-03	1.558168e-02	0.000000e+00	1.299236e-02	8.465973e-01	-7.451983e-01
8.445459e-01	5.265729e-03	0.000000e+00	1.842144e-03	0.000000e+00	2.057458e-03	9.433919e-05	0.000000e+00	2.722438e-03	0.000000e+00	0.000000e+00	6.815215e-03	0.000000e+00	0.000000e+00	2.443133e-04	0.000000e+00	1.408187e-03	0.000000e+00	3.166702e-05	2.002310e-02	0.000000e+00	4.446277e-03	2.303164e-04	1.587655e-03	7.802738e-03	5.514879e-03	6.940024e-03	1.040859e-02	1.847771e-04	8.557476e-03	8.445459e-01	-7.366335e-01
8.442578e-01	4.058023e-03	3.424398e-04	2.323165e-03	8.491184e-03	0.000000e+00	4.121471e-03	7.752570e-03	5.741675e-03	0.000000e+00	9.106981e-03	0.000000e+00	2.779926e-04	6.917028e-04	2.226219e-04	1.970516e-05	1.774929e-03	4.464049e-03	0.000000e+00	2.549564e-02	1.961924e-03	4.015434e-02	7.885326e-04	7.803457e-04	0.000000e+00	0.000000e+00	2.145954e-03	0.000000e+00	0.000000e+00	4.737050e-03	8.442578e-01	-7.281750e-01
8.424160e-01	1.911601e-03	2.150055e-03	2.399469e-03	0.000000e+00	1.537636e-02	7.248351e-03	6.048498e-03	2.450985e-03	0.000000e+00	1.243728e-02	2.402227e-03	1.111970e-03	3.750395e-03	1.763800e-04	1.050942e-04	7.458676e-04	1.632986e-03	2.375027e-05	5.061525e-03	2.615899e-03	2.303468e-03	1.237892e-04	6.451494e-03	2.412603e-03	0.000000e+00	0.000000e+00	7.931357e-03	2.364648e-04	4.508092e-03	8.424160e-01	-7.209749e-01
8.418506e-01	2.165828e-03	6.454625e-04	2.590228e-02	0.000000e+00	0.000000e+00	1.470826e-03	1.415037e-03	1.160131e-02	0.000000e+00	0.000000e+00	3.406103e-03	0.000000e+00	9.960822e-03	5.191157e-05	2.627355e-04	1.030655e-03	5.220985e-03	0.000000e+00	2.400580e-02	6.008305e-03	6.535791e-03	0.000000e+00	1.492634e-03	0.000000e+00	0.000000e+00	0.000000e+00	1.358725e-02	0.000000e+00	4.962284e-03	8.418506e-01	-7.116686e-01
8.410557e-01	1.903157e-03	0.000000e+00	8.034790e-03	0.000000e+00	1.360495e-02	1.883600e-03	2.912094e-03	0.000000e+00	0.000000e+00	1.821396e-02	2.824019e-03	1.111970e-03	9.169924e-04	3.227416e-04	0.000000e+00	4.557335e-04	0.000000e+00	3.958378e-05	2.920909e-02	0.000000e+00	0.000000e+00	8.941218e-04	0.000000e+00	4.778334e-03	2.757439e-03	4.814563e-03	5.845851e-03	2.500317e-04	6.762266e-03	8.410557e-01	-7.069650e-01
8.397080e-01	3.532059e-04	2.752335e-04	2.399469e-03	0.000000e+00	1.257622e-02	8.661043e-03	8.395364e-03	4.164848e-03	0.000000e+00	1.821396e-02	1.119464e-03	1.111970e-03	5.897404e-03	1.662106e-04	7.882066e-05	2.669676e-04	1.414559e-03	2.375027e-05	1.127949e-02	2.615899e-03	0.000000e+00	7.789636e-04	6.831295e-03	8.769651e-04	0.000000e+00	1.344551e-03	7.435183e-03	1.576432e-04	4.964671e-03	8.397080e-01	-6.953890e-01
8.380553e-01	4.058023e-03	3.424398e-04	0.000000e+00	8.491184e-03	0.000000e+00	8.227579e-03	0.000000e+00	1.798732e-04	0.000000e+00	0.000000e+00	9.846622e-04	2.779926e-04	6.917028e-04	3.350691e-05	0.000000e+00	1.774929e-03	0.000000e+00	3.562540e-05	7.767184e-03	1.961924e-03	0.000000e+00	0.000000e+00	7.803457e-04	9.796145e-03	0.000000e+00	2.257061e-03	0.000000e+00	2.089188e-03	4.737050e-03	8.380553e-01	-6.859902e-01
8.376810e-01	7.246134e-04	1.741909e-04	2.018035e-04	3.196920e-04	1.356646e-02	9.433919e-05	1.051792e-02	7.606488e-03	0.000000e+00	2.886509e-02	0.000000e+00	0.000000e+00	3.064001e-03	2.097688e-04	3.941033e-04	2.643581e-04	0.000000e+00	2.375027e-05	4.140445e-03	4.043692e-03	3.879366e-03	9.654319e-04	0.000000e+00	0.000000e+00	0.000000e+00	0.000000e+00	5.397831e-03	0.000000e+00	3.173314e-03	8.376810e-01	-6.761431e-01
8.366263e-01	2.465308e-03	6.848797e-04	6.488473e-03	9.103898e-03	0.000000e+00	8.148603e-03	1.267507e-02	4.248087e-03	0.000000e+00	9.106981e-03	0.000000e+00	5.559852e-04	1.383406e-03	2.226219e-04	3.941033e-05	1.088948e-03	4.464049e-03	0.000000e+00	1.549397e-02	3.923849e-03	4.391516e-03	1.346749e-03	3.148346e-03	2.883292e-03	0.000000e+00	0.000000e+00	6.773631e-03	0.000000e+00	4.737050e-03	8.366263e-01	-6.610116e-01
8.363742e-01	3.678495e-03	5.368045e-04	4.644822e-03	0.000000e+00	7.085624e-03	2.811549e-03	8.082614e-03	5.829007e-03	0.000000e+00	1.725338e-02	2.392617e-03	2.365152e-03	0.000000e+00	2.481081e-04	7.882066e-05	9.954424e-04	1.127031e-02	0.000000e+00	1.622510e-02	7.373705e-04	3.267896e-03	9.832735e-04	8.166968e-03	0.000000e+00	0.000000e+00	1.296338e-03	1.038149e-02	0.000000e+00	6.533452e-03	8.363742e-01	-6.559531e-01
8.350080e-01	5.345485e-03	6.848797e-04	6.488473e-03	0.000000e+00	1.032496e-02	1.696832e-03	5.769716e-03	4.303349e-03	0.000000e+00	1.725338e-02	0.000000e+00	0.000000e+00	0.000000e+00	2.858850e-04	1.313678e-04	1.774123e-04	1.394026e-02	0.000000e+00	1.382589e-02	5.357958e-04	4.807862e-03	4.213332e-04	7.400274e-03	2.042860e-04	1.591360e-03	0.000000e+00	7.804922e-03	0.000000e+00	4.524168e-03	8.350080e-01	-6.396334e-01
8.340284e-01	3.678495e-03	2.427806e-04	0.000000e+00	0.000000e+00	6.590506e-03	0.000000e+00	2.830074e-03	3.931221e-04	0.000000e+00	0.000000e+00	4.930821e-03	0.000000e+00	0.000000e+00	1.105256e-04	1.050942e-04	1.805828e-03	5.339900e-03	0.000000e+00	1.659606e-03	0.000000e+00	5.651637e-03	0.000000e+00	3.342889e-03	2.603496e-02	1.102976e-02	2.648115e-03	2.545573e-03	1.576432e-04	2.334132e-03	8.340284e-01	-6.306707e-01
8.336703e-01	3.289237e-03	0.000000e+00	7.995934e-04	1.350653e-02	1.980472e-03	2.662730e-03	5.660149e-03	6.883282e-03	0.000000e+00	2.310673e-02	2.365294e-03	0.000000e+00	4.294018e-03	1.390279e-04	6.305653e-04	1.025436e-03	1.502708e-02	0.000000e+00	1.409552e-02	2.855587e-03	4.517816e-03	3.729365e-04	3.349342e-03	7.387757e-03	0.000000e+00	0.000000e+00	6.387425e-03	0.000000e+00	3.247290e-03	8.336703e-01	-6.183982e-01
8.327025e-01	0.000000e+00	1.826028e-04	0.000000e+00	1.871146e-02	0.000000e+00	2.229433e-03	5.401249e-03	3.504631e-03	0.000000e+00	0.000000e+00	3.931401e-03	9.327754e-03	4.503815e-04	4.662876e-05	0.000000e+00	1.636060e-03	0.000000e+00	0.000000e+00	5.127582e-03	5.375324e-04	2.053688e-03	1.123881e-03	3.174137e-03	1.926980e-02	7.847037e-03	2.067331e-02	5.153138e-03	0.000000e+00	5.550944e-03	8.327025e-01	-6.055663e-01
8.318109e-01	0.000000e+00	0.000000e+00	0.000000e+00	1.123619e-02	0.000000e+00	6.632223e-03	2.040536e-03	1.657895e-03	0.000000e+00	1.921166e-03	1.684211e-03	1.111970e-03	5.414761e-03	8.339517e-05	0.000000e+00	4.775986e-04	0.000000e+00	2.375027e-05	1.454554e-02	0.000000e+00	0.000000e+00	0.000000e+00	6.090072e-03	1.124214e-02	0.000000e+00	2.462835e-03	7.391200e-03	1.970956e-03	3.163818e-03	8.318109e-01	-5.982672e-01
8.314299e-01	0.000000e+00	5.782668e-04	0.000000e+00	9.751155e-03	1.265934e-02	7.219999e-03	6.254987e-04	3.263858e-03	0.000000e+00	2.555542e-03	0.000000e+00	6.455174e-03	8.218338e-03	1.463517e-04	0.000000e+00	1.029663e-03	0.000000e+00	2.375027e-05	7.609825e-03	5.134924e-04	0.000000e+00	0.000000e+00	8.174332e-03	4.605716e-03	0.000000e+00	2.358615e-03	7.682566e-03	0.000000e+00	3.515050e-03	8.314299e-01	-5.909653e-01
8.299701e-01	3.333981e-03	2.884313e-04	0.000000e+00	0.000000e+00	6.478667e-03	0.000000e+00	7.754535e-04	4.533155e-04	0.000000e+00	0.000000e+00	5.221552e-03	4.254141e-03	0.000000e+00	1.221827e-04	1.050942e-04	0.000000e+00	5.339900e-03	0.000000e+00	3.291633e-04	1.343831e-04	5.133621e-03	0.000000e+00	1.640750e-03	1.967838e-02	1.102976e-02	8.725103e-03	0.000000e+00	0.000000e+00	1.532376e-03	8.299701e-01	-5.693666e-01
8.299273e-01	4.384907e-03	7.932476e-04	4.798939e-03	9.225215e-03	0.000000e+00	4.057640e-03	1.553973e-02	5.407028e-03	0.000000e+00	3.258559e-02	3.801326e-03	0.000000e+00	9.652851e-04	2.761565e-04	2.627355e-04	1.384566e-03	7.513539e-03	0.000000e+00	1.861824e-02	5.231798e-03	4.037094e-03	1.557927e-03	1.053051e-03	5.304601e-03	4.454948e-03	4.115476e-04	2.633539e-03	0.000000e+00	5.935838e-03	8.299273e-01	-5.574040e-01
8.286124e-01	0.000000e+00	4.565071e-05	0.000000e+00	1.350653e-02	0.000000e+00	5.273704e-03	0.000000e+00	1.718088e-03	0.000000e+00	1.155337e-02	1.974942e-03	1.830115e-03	5.527356e-03	9.505236e-05	0.000000e+00	8.480279e-04	0.000000e+00	0.000000e+00	1.321510e-02	1.343831e-04	0.000000e+00	0.000000e+00	6.094346e-03	4.885561e-03	0.000000e+00	2.725937e-03	3.304968e-04	0.000000e+00	2.362062e-03	8.286124e-01	-5.465291e-01
8.283061e-01	5.002328e-03	1.485979e-03	2.093057e-03	0.000000e+00	6.831829e-03	0.000000e+00	3.479627e-03	5.407028e-03	0.000000e+00	3.258559e-02	6.032938e-03	5.423436e-03	8.481320e-04	1.053354e-03	9.067271e-04	0.000000e+00	5.339900e-03	7.916756e-06	0.000000e+00	5.231798e-03	6.089992e-03	1.644804e-03	0.000000e+00	5.304601e-03	1.102976e-02	4.115476e-04	1.667172e-03	0.000000e+00	1.621653e-03	8.283061e-01	-5.347333e-01
8.275489e-01	3.333981e-03	2.884313e-04	0.000000e+00	0.000000e+00	6.478667e-03	8.451076e-03	0.000000e+00	4.533155e-04	0.000000e+00	0.000000e+00	5.221552e-03	6.187656e-03	0.000000e+00	1.221827e-04	0.000000e+00	9.559553e-04	0.000000e+00	0.000000e+00	6.104827e-03	2.119987e-04	0.000000e+00	0.000000e+00	7.138022e-03	9.860357e-04	1.102976e-02	8.725103e-03	2.657069e-03	0.000000e+00	1.429354e-03	8.275489e-01	-5.279382e-01
8.268198e-01	3.111156e-03	4.083718e-03	3.438124e-04	1.283800e-02	7.063243e-04	1.114717e-03	7.075186e-04	7.152334e-03	0.000000e+00	0.000000e+00	9.388711e-04	6.921640e-03	2.915447e-03	1.915412e-03	1.314257e-03	8.180301e-04	1.530552e-03	2.851254e-04	2.563791e-03	2.247685e-03	2.897924e-03	4.823685e-02	2.685500e-03	0.000000e+00	3.072587e-03	1.033665e-02	2.576569e-03	0.000000e+00	2.775472e-03	8.268198e-01	-5.052307e-01
8.260325e-01	8.885880e-03	7.984834e-03	6.876248e-04	7.166772e-03	1.537941e-03	0.000000e+00	3.279033e-03	7.643301e-03	0.000000e+00	0.000000e+00	1.493641e-03	7.755332e-03	6.841173e-03	0.000000e+00	2.628513e-03	0.000000e+00	1.530552e-03	2.898426e-04	0.000000e+00	5.512123e-04	3.742160e-03	4.905364e-02	2.073966e-03	0.000000e+00	3.072587e-03	4.124026e-04	2.458425e-04	2.159644e-04	4.642915e-03	8.260325e-01	-4.908219e-01
8.252842e-01	0.000000e+00	1.422139e-03	4.186114e-03	5.742943e-03	2.533009e-03	6.732453e-03	0.000000e+00	1.410081e-02	0.000000e+00	1.282212e-02	1.535875e-03	3.017969e-03	7.223620e-03	0.000000e+00	1.603266e-03	2.166444e-04	4.843589e-03	1.583351e-05	2.054930e-02	5.818583e-04	7.092284e-03	0.000000e+00	6.499234e-03	0.000000e+00	4.212166e-03	5.478170e-03	3.664840e-03	1.872429e-03	4.207851e-03	8.252842e-01	-4.766970e-01
8.244608e-01	0.000000e+00	0.000000e+00	0.000000e+00	1.236652e-02	0.000000e+00	0.000000e+00	1.415037e-03	6.193390e-03	0.000000e+00	1.282212e-02	0.000000e+00	1.726786e-03	6.601586e-03	0.000000e+00	0.000000e+00	0.000000e+00	1.656519e-03	0.000000e+00	2.329398e-02	0.000000e+00	0.000000e+00	9.323412e-05	6.862817e-03	9.722185e-03	0.000000e+00	1.115619e-03	8.707969e-03	1.892134e-03	4.910405e-03	8.244608e-01	-4.640750e-01
8.240012e-01	4.756332e-03	4.083718e-03	3.438124e-04	7.219910e-03	7.063243e-04	4.874339e-03	1.415037e-03	8.487092e-03	0.000000e+00	9.509938e-03	2.138979e-03	6.365655e-03	7.754163e-03	1.948326e-03	2.627355e-04	0.000000e+00	1.530552e-03	2.765101e-04	8.980646e-03	2.247685e-03	2.986964e-03	4.823685e-02	8.081455e-04	0.000000e+00	3.072587e-03	0.000000e+00	2.592584e-04	0.000000e+00	4.737181e-03	8.240012e-01	-4.491037e-01
6.547375e-01	5.771235e-03	0.000000e+00	3.262194e-03	6.964544e-03	1.412649e-03	0.000000e+00	7.455982e-03	8.947153e-03	0.000000e+00	0.000000e+00	2.149802e-03	1.164204e-02	5.181251e-03	3.763784e-03	2.847460e-03	5.226664e-04	3.061103e-03	5.669909e-04	0.000000e+00	3.957838e-03	4.935024e-03	9.368959e-04	1.624260e-03	3.039918e-03	2.605425e-03	0.000000e+00	0.000000e+00	3.941080e-05	0.000000e+00	6.547375e-01	-4.416852e-01
6.539813e-01	6.222313e-03	7.984834e-03	6.876248e-04	6.964544e-03	1.412649e-03	0.000000e+00	7.455982e-03	1.080004e-02	0.000000e+00	0.000000e+00	3.901284e-03	4.515527e-03	5.380513e-03	3.784195e-03	2.628513e-03	0.000000e+00	3.061103e-03	5.702508e-04	0.000000e+00	3.957838e-03	3.742160e-03	0.000000e+00	2.196863e-03	3.039918e-03	0.000000e+00	0.000000e+00	0.000000e+00	0.000000e+00	0.000000e+00	6.539813e-01	-4.430291e-01
6.539813e-01	6.222313e-03	7.984834e-03	6.876248e-04	6.964544e-03	1.412649e-03	0.000000e+00	7.455982e-03	1.080004e-02	0.000000e+00	0.000000e+00	3.901284e-03	4.515527e-03	5.380513e-03	3.784195e-03	2.628513e-03	0.000000e+00	3.061103e-03	5.702508e-04	0.000000e+00	3.957838e-03	3.742160e-03	0.000000e+00	2.196863e-03	3.039918e-03	0.000000e+00	0.000000e+00	0.000000e+00	0.000000e+00	0.000000e+00	6.539813e-01	-4.430291e-01
6.539813e-01	6.222313e-03	7.984834e-03	6.876248e-04	6.964544e-03	1.412649e-03	0.000000e+00	7.455982e-03	1.080004e-02	0.000000e+00	0.000000e+00	3.901284e-03	4.515527e-03	5.380513e-03	3.784195e-03	2.628513e-03	0.000000e+00	3.061103e-03	5.702508e-04	0.000000e+00	3.957838e-03	3.742160e-03	0.000000e+00	2.196863e-03	3.039918e-03	0.000000e+00	0.000000e+00	0.000000e+00	0.000000e+00	0.000000e+00	6.539813e-01	-4.430291e-01
6.547375e-01	5.771235e-03	0.000000e+00	3.262194e-03	6.964544e-03	1.412649e-03	0.000000e+00	7.455982e-03	8.947153e-03	0.000000e+00	0.000000e+00	2.149802e-03	1.164204e-02	5.181251e-03	3.763784e-03	2.847460e-03	5.226664e-04	3.061103e-03	5.669909e-04	0.000000e+00	3.957838e-03	4.935024e-03	9.368959e-04	1.624260e-03	3.039918e-03	2.605425e-03	0.000000e+00	0.000000e+00	3.941080e-05	0.000000e+00	6.547375e-01	-4.416852e-01
6.472602e-01	8.681897e-03	9.744224e-03	0.000000e+00	3.947180e-03	0.000000e+00	0.000000e+00	7.455982e-03	1.826050e-02	0.000000e+00	0.000000e+00	4.733663e-03	4.344653e-03	7.436983e-03	4.964071e-03	6.595863e-03	0.000000e+00	5.817055e-04	1.900856e-03	0.000000e+00	5.509591e-03	3.055840e-03	8.460147e-03	0.000000e+00	0.000000e+00	0.000000e+00	0.000000e+00	0.000000e+00	0.000000e+00	0.000000e+00	6.472602e-01	-4.315538e-01
6.444154e-01	3.102610e-03	1.373664e-02	2.937718e-03	1.023693e-02	0.000000e+00	0.000000e+00	7.455982e-03	1.918694e-02	0.000000e+00	0.000000e+00	5.609404e-03	7.813985e-04	7.536614e-03	4.974277e-03	6.486390e-03	0.000000e+00	0.000000e+00	1.902486e-03	0.000000e+00	5.509591e-03	2.459408e-03	7.991699e-03	2.863015e-04	3.496860e-03	0.000000e+00	0.000000e+00	0.000000e+00	0.000000e+00	0.000000e+00	6.444154e-01	-4.179120e-01
6.421979e-01	8.259097e-03	0.000000e+00	3.438124e-04	2.208889e-03	3.385969e-03	3.396672e-03	3.727991e-03	1.029518e-02	0.000000e+00	0.000000e+00	1.950642e-03	2.779353e-03	4.011045e-03	9.445424e-04	1.118300e-03	3.948456e-04	3.061103e-03	2.666494e-05	6.943673e-03	4.722670e-03	6.747829e-03	1.633594e-03	3.380416e-03	2.440413e-04	0.000000e+00	1.672569e-03	0.000000e+00	5.967431e-04	4.087322e-05	6.421979e-01	-4.109555e-01
6.398740e-01	1.058805e-03	4.624225e-03	2.595839e-03	1.136331e-02	6.347114e-04	2.337893e-04	2.541825e-03	8.223022e-03	4.359472e-04	4.719362e-03	8.119250e-03	9.289072e-03	2.978138e-03	7.408550e-03	3.458319e-03	2.556417e-04	0.000000e+00	2.981508e-03	1.743026e-02	0.000000e+00	3.874798e-03	0.000000e+00	3.731513e-03	1.976901e-03	0.000000e+00	4.329469e-03	1.103475e-03	0.000000e+00	2.544452e-04	6.398740e-01	-3.882916e-01
6.381352e-01	0.000000e+00	6.710494e-03	4.372100e-04	2.315165e-03	1.722736e-03	0.000000e+00	0.000000e+00	1.198277e-02	0.000000e+00	4.552708e-03	3.241318e-03	0.000000e+00	5.837025e-03	7.307134e-03	2.207342e-03	1.908029e-04	3.061103e-03	0.000000e+00	7.025742e-03	8.115616e-03	0.000000e+00	0.000000e+00	8.487748e-04	2.100079e-03	0.000000e+00	8.477635e-04	2.683162e-05	1.648144e-04	2.294056e-04	6.381352e-01	-3.802575e-01
6.370584e-01	9.922343e-03	4.686243e-04	1.223944e-03	2.800295e-03	1.440480e-03	0.000000e+00	0.000000e+00	4.255570e-03	1.926557e-04	3.004646e-02	7.551797e-03	3.462369e-03	3.632541e-03	4.496599e-03	8.650817e-03	2.234084e-04	0.000000e+00	1.714039e-03	7.072578e-03	1.529663e-03	1.146044e-02	0.000000e+00	5.460611e-03	1.128223e-03	8.560693e-04	7.674606e-03	1.103475e-03	1.680478e-03	1.680958e-04	6.370584e-01	-3.611078e-01
6.344421e-01	5.997679e-03	4.686243e-04	1.735130e-03	4.291218e-03	1.597235e-03	1.168946e-04	1.118397e-02	0.000000e+00	0.000000e+00	0.000000e+00	4.976185e-03	9.814955e-03	6.810881e-03	1.781308e-04	4.052243e-03	3.186237e-04	2.770250e-03	0.000000e+00	0.000000e+00	5.002886e-03	4.094791e-04	3.051640e-05	7.270096e-04	2.582975e-03	0.000000e+00	0.000000e+00	0.000000e+00	0.000000e+00	0.000000e+00	6.344421e-01	-3.448608e-01
6.331445e-01	1.093916e-02	4.062022e-03	2.530018e-03	7.749644e-03	1.571499e-03	0.000000e+00	2.335502e-04	1.034785e-02	2.721901e-05	0.000000e+00	6.229352e-03	8.926422e-03	0.000000e+00	0.000000e+00	0.000000e+00	0.000000e+00	0.000000e+00	1.900856e-03	2.422423e-02	3.448570e-03	1.937399e-03	0.000000e+00	0.000000e+00	4.060643e-03	0.000000e+00	0.000000e+00	5.517373e-04	0.000000e+00	0.000000e+00	6.331445e-01	-3.254781e-01
6.315182e-01	9.076963e-03	1.079913e-02	0.000000e+00	0.000000e+00	1.571499e-03	9.351571e-04	0.000000e+00	1.457692e-02	2.025430e-04	0.000000e+00	0.000000e+00	1.754171e-04	2.173384e-03	1.074103e-02	0.000000e+00	0.000000e+00	0.000000e+00	1.900856e-03	0.000000e+00	3.324405e-03	0.000000e+00	0.000000e+00	0.000000e+00	4.124941e-03	1.439545e-03	8.566303e-03	0.000000e+00	2.668109e-04	0.000000e+00	6.315182e-01	-3.095920e-01
6.304144e-01	6.220503e-03	1.076867e-02	0.000000e+00	1.231119e-02	1.043476e-03	9.351571e-04	0.000000e+00	9.790331e-03	2.025430e-04	9.105416e-03	0.000000e+00	1.043179e-03	2.320515e-03	1.097591e-02	0.000000e+00	0.000000e+00	0.000000e+00	1.900856e-03	0.000000e+00	1.867742e-03	0.000000e+00	8.758631e-04	4.563968e-03	3.953803e-03	1.439545e-03	8.566303e-03	0.000000e+00	2.668109e-04	0.000000e+00	6.304144e-01	-2.922133e-01
6.293552e-01	8.802955e-04	2.649344e-03	2.807734e-04	3.824151e-03	7.077052e-04	0.000000e+00	1.659780e-02	8.219206e-03	0.000000e+00	1.250434e-02	1.001964e-02	8.084375e-03	4.995726e-03	8.607395e-03	1.753676e-02	1.963244e-04	0.000000e+00	1.900856e-03	2.316077e-03	4.315053e-03	6.028632e-03	0.000000e+00	1.990665e-03	5.177836e-03	0.000000e+00	4.631763e-05	0.000000e+00	1.163046e-03	0.000000e+00	6.293552e-01	-2.726468e-01
6.280571e-01	3.082979e-03	1.075080e-04	0.000000e+00	3.984671e-03	0.000000e+00	7.027132e-03	0.000000e+00	4.427699e-03	0.000000e+00	9.389960e-03	7.873260e-03	0.000000e+00	0.000000e+00	0.000000e+00	2.481340e-03	3.984390e-04	0.000000e+00	1.311611e-03	0.000000e+00	0.000000e+00	7.057636e-03	0.000000e+00	3.521445e-03	0.000000e+00	6.519816e-05	5.198839e-03	0.000000e+00	2.413172e-03	4.883143e-03	6.280571e-01	-2.652596e-01
6.273397e-01	7.728120e-03	0.000000e+00	6.983930e-04	1.851998e-03	4.013670e-02	3.455119e-03	1.863996e-03	1.140155e-02	7.965525e-05	9.374358e-03	1.990222e-02	2.209193e-03	3.951103e-03	3.252482e-03	5.429397e-03	6.460980e-05	1.530552e-03	1.900856e-03	3.131761e-02	6.519113e-03	6.464026e-03	1.041838e-03	2.411302e-03	1.220664e-03	0.000000e+00	1.689837e-03	0.000000e+00	1.564864e-02	2.498423e-04	6.273397e-01	-2.327165e-01
6.255746e-01	9.226324e-03	1.715274e-03	4.453643e-04	2.952255e-03	2.097561e-03	0.000000e+00	1.270913e-03	6.923783e-03	4.106293e-04	2.927615e-02	8.474535e-03	8.032662e-03	3.891161e-03	8.697240e-03	7.929447e-03	2.184162e-04	0.000000e+00	2.767590e-03	1.477501e-02	1.372388e-03	1.339784e-02	0.000000e+00	6.056796e-03	1.910734e-03	0.000000e+00	7.589095e-03	7.266417e-05	1.163046e-03	0.000000e+00	6.255746e-01	-2.146186e-01
6.240521e-01	1.040976e-02	2.548680e-03	1.758585e-03	2.067991e-03	0.000000e+00	1.756783e-03	0.000000e+00	6.236342e-03	2.723110e-04	3.004646e-02	9.267887e-03	4.281886e-03	0.000000e+00	7.307134e-03	1.058284e-02	1.180182e-04	0.000000e+00	1.428914e-03	1.550910e-02	4.466741e-03	0.000000e+00	8.367656e-05	4.424558e-03	4.366651e-03	2.810674e-04	1.157941e-05	0.000000e+00	7.906256e-04	0.000000e+00	6.240521e-01	-1.956177e-01
6.219647e-01	9.271676e-03	0.000000e+00	1.288177e-03	0.000000e+00	1.389281e-03	4.244903e-03	4.149450e-03	1.710039e-03	0.000000e+00	1.138177e-02	9.143519e-03	0.000000e+00	3.474415e-03	5.617822e-03	9.383027e-03	0.000000e+00	0.000000e+00	1.631345e-03	0.000000e+00	1.894317e-03	0.000000e+00	9.001633e-04	4.563968e-03	4.067268e-03	0.000000e+00	4.306310e-03	0.000000e+00	1.177625e-03	0.000000e+00	6.219647e-01	-1.695499e-01
6.216891e-01	3.204653e-03	0.000000e+00	1.402170e-03	5.829789e-03	7.496506e-04	2.021576e-02	9.319978e-04	3.692208e-03	0.000000e+00	1.250434e-02	1.622488e-02	7.314939e-04	8.152940e-04	0.000000e+00	7.615756e-03	2.979309e-04	7.652758e-04	8.744074e-04	1.768420e-02	0.000000e+00	3.232013e-03	2.250408e-04	1.462809e-03	0.000000e+00	2.173272e-05	1.062259e-03	3.165096e-03	9.687380e-03	3.380350e-03	6.216891e-01	-1.581650e-01
6.205356e-01	4.782964e-03	2.822515e-03	2.267593e-04	0.000000e+00	1.684820e-03	3.513566e-03	1.294490e-03	1.061056e-02	2.025430e-04	9.503424e-03	0.000000e+00	3.380788e-03	2.450223e-03	6.986097e-03	1.152963e-02	4.596140e-05	1.530552e-03	3.818054e-04	1.445762e-02	6.822891e-03	9.709041e-03	0.000000e+00	1.784221e-03	2.460590e-03	3.480244e-04	8.566303e-03	0.000000e+00	1.920878e-03	0.000000e+00	6.205356e-01	-1.406395e-01
4.559221e-01	2.450844e-03	2.130926e-03	1.052974e-03	1.105939e-02	0.000000e+00	1.895578e-02	0.000000e+00	2.886597e-03	0.000000e+00	6.259973e-03	6.273775e-03	1.484868e-04	0.000000e+00	0.000000e+00	4.901057e-03	2.656260e-04	0.000000e+00	8.744074e-04	2.025395e-03	3.145510e-04	0.000000e+00	0.000000e+00	2.539142e-03	4.118789e-04	4.346544e-05	4.500492e-03	3.165096e-03	1.996464e-03	3.255428e-03	4.559221e-01	-1.077056e-01
4.559221e-01	2.450844e-03	2.130926e-03	1.052974e-03	1.105939e-02	0.000000e+00	1.895578e-02	0.000000e+00	2.886597e-03	0.000000e+00	6.259973e-03	6.273775e-03	1.484868e-04	0.000000e+00	0.000000e+00	4.901057e-03	2.656260e-04	0.000000e+00	8.744074e-04	2.025395e-03	3.145510e-04	0.000000e+00	0.000000e+00	2.539142e-03	4.118789e-04	4.346544e-05	4.500492e-03	3.165096e-03	1.996464e-03	3.255428e-03	4.559221e-01	-1.077056e-01
4.559221e-01	2.450844e-03	2.130926e-03	1.052974e-03	1.105939e-02	0.000000e+00	1.895578e-02	0.000000e+00	2.886597e-03	0.000000e+00	6.259973e-03	6.273775e-03	1.484868e-04	0.000000e+00	0.000000e+00	4.901057e-03	2.656260e-04	0.000000e+00	8.744074e-04	2.025395e-03	3.145510e-04	0.000000e+00	0.000000e+00	2.539142e-03	4.118789e-04	4.346544e-05	4.500492e-03	3.165096e-03	1.996464e-03	3.255428e-03	4.559221e-01	-1.077056e-01
4.559221e-01	2.450844e-03	2.130926e-03	1.052974e-03	1.105939e-02	0.000000e+00	1.895578e-02	0.000000e+00	2.886597e-03	0.000000e+00	6.259973e-03	6.273775e-03	1.484868e-04	0.000000e+00	0.000000e+00	4.901057e-03	2.656260e-04	0.000000e+00	8.744074e-04	2.025395e-03	3.145510e-04	0.000000e+00	0.000000e+00	2.539142e-03	4.118789e-04	4.346544e-05	4.500492e-03	3.165096e-03	1.996464e-03	3.255428e-03	4.559221e-01	-1.077056e-01
4.559221e-01	2.450844e-03	2.130926e-03	1.052974e-03	7.123960e-03	0.000000e+00	3.053311e-03	0.000000e+00	2.886597e-03	0.000000e+00	0.000000e+00	6.273775e-03	1.484868e-04	0.000000e+00	0.000000e+00	0.000000e+00	2.656260e-04	2.327950e-02	8.744074e-04	1.301034e-03	3.145510e-04	0.000000e+00	0.000000e+00	2.539142e-03	4.118789e-04	4.346544e-05	4.500492e-03	8.927043e-03	1.996464e-03	3.546056e-03	4.559221e-01	-1.082000e-01
4.559221e-01	2.450844e-03	2.130926e-03	1.052974e-03	7.123960e-03	0.000000e+00	3.053311e-03	0.000000e+00	2.886597e-03	0.000000e+00	0.000000e+00	6.273775e-03	1.484868e-04	0.000000e+00	0.000000e+00	0.000000e+00	2.656260e-04	2.327950e-02	8.744074e-04	1.301034e-03	3.145510e-04	0.000000e+00	0.000000e+00	2.539142e-03	4.118789e-04	4.346544e-05	4.500492e-03	8.927043e-03	1.996464e-03	3.546056e-03	4.559221e-01	-1.082000e-01
4.559221e-01	2.450844e-03	2.130926e-03	1.052974e-03	7.123960e-03	0.000000e+00	3.053311e-03	0.000000e+00	2.886597e-03	0.000000e+00	0.000000e+00	6.273775e-03	1.484868e-04	0.000000e+00	0.000000e+00	0.000000e+00	2.656260e-04	2.327950e-02	8.744074e-04	1.301034e-03	3.145510e-04	0.000000e+00	0.000000e+00	2.539142e-03	4.118789e-04	4.346544e-05	4.500492e-03	8.927043e-03	1.996464e-03	3.546056e-03	4.559221e-01	-1.082000e-01
4.559221e-01	2.450844e-03	2.130926e-03	1.052974e-03	7.123960e-03	0.000000e+00	3.053311e-03	0.000000e+00	2.886597e-03	0.000000e+00	0.000000e+00	6.273775e-03	1.484868e-04	0.000000e+00	0.000000e+00	0.000000e+00	2.656260e-04	2.327950e-02	8.744074e-04	1.301034e-03	3.145510e-04	0.000000e+00	0.000000e+00	2.539142e-03	4.118789e-04	4.346544e-05	4.500492e-03	8.927043e-03	1.996464e-03	3.546056e-03	4.559221e-01	-1.082000e-01
4.472057e-01	3.617188e-03	2.130926e-03	1.294507e-03	1.041140e-02	0.000000e+00	1.895578e-02	6.224175e-03	3.474877e-03	0.000000e+00	8.251783e-03	1.426232e-02	1.484868e-04	0.000000e+00	0.000000e+00	8.856178e-03	2.656260e-04	0.000000e+00	8.744074e-04	1.302207e-03	4.403223e-04	0.000000e+00	0.000000e+00	3.020484e-03	2.059394e-04	9.706827e-05	4.500492e-03	3.165096e-03	1.175107e-03	3.255428e-03	4.472057e-01	-9.432835e-02
4.430501e-01	2.121140e-03	2.130926e-03	1.052974e-03	0.000000e+00	0.000000e+00	1.547017e-02	0.000000e+00	3.068443e-03	0.000000e+00	1.991810e-03	2.744379e-04	2.227302e-04	3.265459e-03	0.000000e+00	0.000000e+00	0.000000e+00	0.000000e+00	2.477036e-04	4.342645e-04	2.227204e-04	4.418775e-02	0.000000e+00	2.647358e-03	4.118789e-04	4.346544e-05	1.689516e-03	4.311873e-03	4.296630e-03	4.472585e-03	4.430501e-01	-7.891768e-02
4.384894e-01	4.783533e-03	7.863703e-04	4.291941e-03	9.763404e-03	0.000000e+00	1.366742e-04	1.244835e-02	2.522906e-03	0.000000e+00	1.772620e-03	2.225086e-02	1.484868e-04	0.000000e+00	0.000000e+00	1.281130e-02	2.656260e-04	0.000000e+00	2.781227e-03	5.790194e-04	5.660937e-04	0.000000e+00	0.000000e+00	3.501825e-03	0.000000e+00	2.948155e-04	1.895297e-03	6.874183e-03	3.537505e-04	4.040737e-03	4.384894e-01	-5.296921e-02
4.353862e-01	0.000000e+00	0.000000e+00	0.000000e+00	1.982809e-02	0.000000e+00	8.029090e-03	0.000000e+00	0.000000e+00	7.440001e-04	2.828107e-04	0.000000e+00	2.448985e-04	3.114767e-03	5.532596e-05	3.388876e-04	0.000000e+00	1.614956e-02	0.000000e+00	0.000000e+00	1.999490e-04	5.305053e-03	0.000000e+00	1.925366e-03	2.313632e-03	0.000000e+00	2.796242e-06	1.058339e-02	5.946753e-03	4.609615e-03	4.353862e-01	-3.352141e-02
4.320534e-01	1.284500e-03	3.196389e-03	4.523051e-04	1.658908e-02	2.070099e-02	2.597527e-02	0.000000e+00	2.298318e-03	0.000000e+00	3.129987e-03	9.410662e-03	2.227302e-04	8.875706e-03	0.000000e+00	3.618666e-03	3.984390e-04	0.000000e+00	0.000000e+00	1.591717e-03	0.000000e+00	0.000000e+00	0.000000e+00	2.846030e-03	0.000000e+00	5.360283e-04	6.750738e-03	0.000000e+00	6.406474e-03	2.672435e-03	4.320534e-01	1.983900e-03
4.278397e-01	1.195883e-03	2.209063e-03	5.669972e-06	7.123960e-03	0.000000e+00	2.190654e-02	1.037362e-03	8.020342e-04	1.895440e-03	0.000000e+00	2.744379e-04	7.088619e-05	0.000000e+00	0.000000e+00	0.000000e+00	1.328130e-04	0.000000e+00	0.000000e+00	2.895097e-04	8.653979e-07	0.000000e+00	0.000000e+00	1.872606e-03	4.118789e-04	0.000000e+00	4.500492e-03	6.425931e-03	5.068195e-03	4.472585e-03	4.278397e-01	3.012233e-02
4.254425e-01	3.110251e-03	5.327315e-04	8.268210e-04	8.743462e-03	0.000000e+00	0.000000e+00	0.000000e+00	1.737438e-03	3.720000e-04	2.276354e-03	1.568444e-03	1.595709e-04	0.000000e+00	2.766298e-05	0.000000e+00	0.000000e+00	3.135428e-02	8.744074e-04	5.051755e-04	4.145255e-04	2.652527e-03	0.000000e+00	2.078810e-03	4.135152e-03	2.948155e-04	1.126521e-03	1.421874e-02	1.766603e-03	4.514646e-03	4.254425e-01	6.022667e-02
4.254425e-01	3.110251e-03	7.708849e-04	0.000000e+00	8.743462e-03	0.000000e+00	7.066315e-03	0.000000e+00	1.737438e-03	3.720000e-04	2.276354e-03	1.568444e-03	3.064754e-04	0.000000e+00	2.766298e-05	0.000000e+00	0.000000e+00	3.135428e-02	8.744074e-04	0.000000e+00	4.145255e-04	2.652527e-03	0.000000e+00	2.078810e-03	4.135152e-03	0.000000e+00	1.126521e-03	1.421874e-02	1.766603e-03	4.514646e-03	4.254425e-01	6.145250e-02
4.208478e-01	5.907774e-05	2.369079e-03	1.133994e-05	1.797666e-03	0.000000e+00	1.054503e-02	2.074725e-03	4.275096e-04	1.286138e-03	0.000000e+00	6.822650e-03	2.395932e-04	0.000000e+00	8.075646e-03	0.000000e+00	2.656260e-04	0.000000e+00	4.393606e-05	5.790194e-04	0.000000e+00	4.560310e-03	0.000000e+00	0.000000e+00	2.782512e-03	3.752198e-04	3.559440e-03	6.317065e-03	8.586214e-03	0.000000e+00	4.208478e-01	1.076970e-01
4.171557e-01	2.450844e-03	2.381534e-04	1.133994e-05	0.000000e+00	7.111918e-03	1.054503e-02	0.000000e+00	2.886597e-03	4.712582e-04	0.000000e+00	6.273775e-03	1.484868e-04	5.812426e-03	1.156176e-02	0.000000e+00	0.000000e+00	0.000000e+00	4.393606e-05	0.000000e+00	0.000000e+00	1.358382e-02	0.000000e+00	2.873361e-03	2.782512e-03	1.179262e-03	8.260133e-03	6.166417e-03	4.258219e-03	2.878093e-03	4.171557e-01	1.588965e-01
4.160030e-01	0.000000e+00	8.663783e-04	1.984490e-05	1.196938e-02	0.000000e+00	1.074973e-02	0.000000e+00	4.010171e-04	9.477200e-04	0.000000e+00	0.000000e+00	1.886808e-04	0.000000e+00	2.766298e-05	4.783822e-04	0.000000e+00	0.000000e+00	2.196803e-05	1.447548e-04	0.000000e+00	5.305053e-03	0.000000e+00	1.616481e-03	1.218350e-03	0.000000e+00	2.251512e-03	7.708283e-03	5.280541e-03	3.877049e-03	4.160030e-01	1.657519e-01
4.127367e-01	0.000000e+00	0.000000e+00	0.000000e+00	0.000000e+00	1.184766e-02	9.305664e-03	0.000000e+00	1.417574e-03	4.712582e-04	0.000000e+00	2.265108e-04	4.321856e-04	5.812426e-03	1.811270e-02	0.000000e+00	0.000000e+00	4.929136e-02	3.159447e-05	0.000000e+00	0.000000e+00	0.000000e+00	0.000000e+00	2.873361e-03	3.383893e-03	7.504396e-04	6.014917e-03	1.601367e-02	4.525030e-03	4.929940e-03	4.127367e-01	2.254457e-01
2.570584e-01	0.000000e+00	4.763068e-04	3.401983e-05	1.681481e-02	0.000000e+00	7.066315e-03	0.000000e+00	0.000000e+00	0.000000e+00	0.000000e+00	8.494153e-05	3.064754e-04	0.000000e+00	5.532596e-05	9.567645e-04	0.000000e+00	0.000000e+00	4.393606e-05	0.000000e+00	2.857796e-04	4.919190e-03	0.000000e+00	1.360357e-03	2.024821e-03	0.000000e+00	2.531509e-06	8.990634e-03	5.492887e-03	3.281513e-03	2.570584e-01	2.543354e-01
2.570584e-01	0.000000e+00	4.763068e-04	3.401983e-05	1.681481e-02	0.000000e+00	7.066315e-03	0.000000e+00	0.000000e+00	0.000000e+00	0.000000e+00	8.494153e-05	3.064754e-04	0.000000e+00	5.532596e-05	9.567645e-04	0.000000e+00	0.000000e+00	4.393606e-05	0.000000e+00	2.857796e-04	4.919190e-03	0.000000e+00	1.360357e-03	2.024821e-03	0.000000e+00	2.531509e-06	8.990634e-03	5.492887e-03	3.281513e-03	2.570584e-01	2.543354e-01
2.570584e-01	0.000000e+00	4.763068e-04	3.401983e-05	1.681481e-02	0.000000e+00	7.066315e-03	0.000000e+00	0.000000e+00	0.000000e+00	0.000000e+00	8.494153e-05	3.064754e-04	0.000000e+00	5.532596e-05	9.567645e-04	0.000000e+00	0.000000e+00	4.393606e-05	0.000000e+00	2.857796e-04	4.919190e-03	0.000000e+00	1.360357e-03	2.024821e-03	0.000000e+00	2.531509e-06	8.990634e-03	5.492887e-03	3.281513e-03	2.570584e-01	2.543354e-01
2.570584e-01	0.000000e+00	0.000000e+00	3.401983e-05	1.681481e-02	0.000000e+00	7.066315e-03	0.000000e+00	0.000000e+00	0.000000e+00	0.000000e+00	8.494153e-05	3.064754e-04	0.000000e+00	5.532596e-05	9.567645e-04	0.000000e+00	0.000000e+00	4.393606e-05	0.000000e+00	2.857796e-04	4.919190e-03	0.000000e+00	1.360357e-03	2.024821e-03	0.000000e+00	2.531509e-06	8.990634e-03	5.492887e-03	3.281513e-03	2.570584e-01	2.542247e-01
2.570584e-01	0.000000e+00	0.000000e+00	3.401983e-05	1.681481e-02	0.000000e+00	7.066315e-03	0.000000e+00	0.000000e+00	0.000000e+00	0.000000e+00	8.494153e-05	3.064754e-04	0.000000e+00	5.532596e-05	9.567645e-04	0.000000e+00	0.000000e+00	4.393606e-05	0.000000e+00	2.857796e-04	4.919190e-03	0.000000e+00	1.360357e-03	2.024821e-03	0.000000e+00	2.531509e-06	8.990634e-03	5.492887e-03	3.281513e-03	2.570584e-01	2.542247e-01
2.570584e-01	0.000000e+00	0.000000e+00	3.401983e-05	1.681481e-02	0.000000e+00	7.066315e-03	0.000000e+00	0.000000e+00	0.000000e+00	0.000000e+00	8.494153e-05	3.064754e-04	0.000000e+00	5.532596e-05	9.567645e-04	0.000000e+00	0.000000e+00	4.393606e-05	0.000000e+00	2.857796e-04	4.919190e-03	0.000000e+00	1.360357e-03	2.024821e-03	0.000000e+00	2.531509e-06	8.990634e-03	5.492887e-03	3.281513e-03	2.570584e-01	2.542247e-01
2.570584e-01	0.000000e+00	0.000000e+00	3.401983e-05	1.681481e-02	0.000000e+00	7.066315e-03	0.000000e+00	0.000000e+00	0.000000e+00	0.000000e+00	8.494153e-05	3.064754e-04	0.000000e+00	5.532596e-05	9.567645e-04	0.000000e+00	0.000000e+00	4.393606e-05	0.000000e+00	2.857796e-04	4.919190e-03	0.000000e+00	1.360357e-03	2.024821e-03	0.000000e+00	2.531509e-06	8.990634e-03	5.492887e-03	3.281513e-03	2.570584e-01	2.542247e-01
2.570584e-01	0.000000e+00	0.000000e+00	3.401983e-05	1.681481e-02	0.000000e+00	7.066315e-03	0.000000e+00	0.000000e+00	0.000000e+00	0.000000e+00	8.494153e-05	3.064754e-04	0.000000e+00	5.532596e-05	9.567645e-04	0.000000e+00	0.000000e+00	4.393606e-05	0.000000e+00	2.857796e-04	4.919190e-03	0.000000e+00	1.360357e-03	2.024821e-03	0.000000e+00	2.531509e-06	8.990634e-03	5.492887e-03	3.281513e-03	2.570584e-01	2.542247e-01
2.552124e-01	0.000000e+00	2.381534e-04	2.267989e-05	1.464507e-02	0.000000e+00	8.096002e-03	0.000000e+00	0.000000e+00	0.000000e+00	0.000000e+00	1.415692e-04	2.092244e-04	1.285258e-03	2.589450e-03	9.567645e-04	0.000000e+00	0.000000e+00	0.000000e+00	0.000000e+00	6.074305e-05	7.478037e-03	0.000000e+00	4.084862e-04	1.653797e-03	0.000000e+00	3.375345e-06	2.367606e-03	5.498423e-03	3.477431e-03	2.552124e-01	2.544272e-01
2.446273e-01	0.000000e+00	0.000000e+00	0.000000e+00	8.136152e-03	0.000000e+00	3.714362e-02	0.000000e+00	0.000000e+00	1.225525e-04	0.000000e+00	1.971251e-04	2.443979e-04	1.411009e-03	2.589450e-03	4.994670e-04	0.000000e+00	0.000000e+00	0.000000e+00	0.000000e+00	4.465706e-04	4.020920e-03	0.000000e+00	1.371745e-03	3.251169e-03	0.000000e+00	2.953427e-06	4.378118e-03	7.309483e-03	3.281513e-03	2.446273e-01	2.816646e-01
2.358898e-01	0.000000e+00	0.000000e+00	0.000000e+00	1.030559e-02	3.248174e-03	1.015538e-02	0.000000e+00	0.000000e+00	6.817013e-04	0.000000e+00	2.548246e-04	2.578267e-04	1.380701e-03	5.532596e-05	9.567645e-04	7.579400e-03	0.000000e+00	4.393606e-05	0.000000e+00	4.319759e-04	8.472909e-03	0.000000e+00	1.900151e-03	2.407404e-03	0.000000e+00	0.000000e+00	1.131801e-03	5.492887e-03	3.281513e-03	2.358898e-01	3.148822e-01
2.299301e-01	0.000000e+00	4.730761e-03	0.000000e+00	1.085663e-02	1.066118e-02	0.000000e+00	0.000000e+00	0.000000e+00	3.739045e-05	0.000000e+00	1.415692e-04	7.208432e-04	1.900088e-03	5.393246e-03	1.948724e-03	0.000000e+00	3.037373e-02	1.098401e-05	0.000000e+00	7.144490e-05	1.525941e-03	0.000000e+00	0.000000e+00	2.152349e-03	0.000000e+00	4.219181e-07	1.104414e-02	7.226039e-03	3.281513e-03	2.299301e-01	3.565426e-01
2.221976e-01	0.000000e+00	0.000000e+00	0.000000e+00	8.679124e-03	1.066118e-02	6.411382e-03	0.000000e+00	0.000000e+00	2.960021e-03	0.000000e+00	1.111118e-04	5.402320e-05	3.424268e-03	5.178900e-03	0.000000e+00	4.250016e-03	1.798459e-02	0.000000e+00	0.000000e+00	9.266455e-04	1.270787e-03	3.214218e-04	0.000000e+00	3.459322e-03	0.000000e+00	3.375345e-06	3.537902e-03	9.268587e-03	3.039970e-03	2.221976e-01	4.053067e-01
2.175874e-01	0.000000e+00	0.000000e+00	1.700991e-05	8.407405e-03	7.235830e-03	5.261664e-03	4.270683e-04	0.000000e+00	3.086549e-03	0.000000e+00	8.494153e-05	3.841145e-04	0.000000e+00	2.724286e-03	1.184256e-03	0.000000e+00	3.950960e-02	3.462610e-05	0.000000e+00	9.525048e-05	4.445753e-02	1.178547e-03	3.251174e-03	1.012411e-03	0.000000e+00	1.265754e-06	1.001739e-02	7.132397e-03	0.000000e+00	2.175874e-01	4.516853e-01
2.084146e-01	0.000000e+00	4.968914e-03	2.243332e-03	1.411109e-02	0.000000e+00	0.000000e+00	0.000000e+00	0.000000e+00	0.000000e+00	0.000000e+00	1.137913e-04	2.429504e-04	8.000177e-04	5.874729e-03	2.177373e-03	0.000000e+00	3.037373e-02	3.295204e-05	0.000000e+00	0.000000e+00	2.567362e-03	0.000000e+00	8.427138e-05	1.602939e-03	0.000000e+00	0.000000e+00	7.367476e-03	6.320509e-03	3.281513e-03	2.084146e-01	5.087348e-01
2.008165e-01	0.000000e+00	5.445221e-03	2.267989e-05	7.195362e-03	1.066118e-02	8.293243e-03	0.000000e+00	0.000000e+00	7.223513e-04	0.000000e+00	1.415692e-04	7.362201e-04	3.631419e-03	5.915167e-03	9.567645e-04	7.923978e-04	3.301320e-02	4.393606e-05	0.000000e+00	1.608154e-04	9.397162e-04	9.240876e-04	1.808289e-04	2.585567e-03	4.053614e-03	0.000000e+00	6.566487e-03	7.699537e-03	1.640757e-03	2.008165e-01	5.714196e-01
1.909842e-01	0.000000e+00	2.381534e-04	2.226323e-03	1.898463e-02	5.330590e-03	0.000000e+00	0.000000e+00	0.000000e+00	1.480011e-03	0.000000e+00	1.268764e-04	1.167243e-04	2.512152e-03	8.436516e-03	1.392945e-04	2.125008e-03	3.936602e-02	6.368260e-05	0.000000e+00	3.204329e-04	7.431609e-04	1.607109e-04	0.000000e+00	2.320189e-03	0.000000e+00	3.375345e-06	4.641110e-03	6.436510e-03	3.160742e-03	1.909842e-01	6.404013e-01
8.818743e-02	0.000000e+00	0.000000e+00	0.000000e+00	0.000000e+00	1.447166e-02	3.457013e-03	8.541367e-04	0.000000e+00	6.173098e-03	0.000000e+00	0.000000e+00	1.605835e-04	2.305249e-03	5.393246e-03	1.411748e-03	0.000000e+00	0.000000e+00	2.531614e-05	0.000000e+00	1.763144e-03	6.813439e-04	2.357093e-03	2.505342e-03	0.000000e+00	0.000000e+00	0.000000e+00	1.104414e-02	8.771908e-03	3.682354e-03	8.818743e-02	6.882630e-01
8.818743e-02	0.000000e+00	0.000000e+00	0.000000e+00	0.000000e+00	1.447166e-02	3.457013e-03	8.541367e-04	0.000000e+00	6.173098e-03	0.000000e+00	0.000000e+00	1.605835e-04	2.305249e-03	5.393246e-03	1.411748e-03	0.000000e+00	0.000000e+00	2.531614e-05	0.000000e+00	1.763144e-03	6.813439e-04	2.357093e-03	2.505342e-03	0.000000e+00	0.000000e+00	0.000000e+00	1.104414e-02	8.771908e-03	3.682354e-03	8.818743e-02	6.882630e-01
8.818743e-02	0.000000e+00	0.000000e+00	0.000000e+00	0.000000e+00	1.447166e-02	3.457013e-03	8.541367e-04	0.000000e+00	6.173098e-03	0.000000e+00	0.000000e+00	1.605835e-04	2.305249e-03	5.393246e-03	1.411748e-03	0.000000e+00	0.000000e+00	2.531614e-05	0.000000e+00	1.763144e-03	6.813439e-04	2.357093e-03	2.505342e-03	0.000000e+00	0.000000e+00	0.000000e+00	1.104414e-02	8.771908e-03	3.682354e-03	8.818743e-02	6.882630e-01
8.818743e-02	0.000000e+00	0.000000e+00	0.000000e+00	0.000000e+00	1.447166e-02	3.457013e-03	8.541367e-04	0.000000e+00	6.173098e-03	0.000000e+00	0.000000e+00	1.605835e-04	2.305249e-03	5.393246e-03	1.411748e-03	0.000000e+00	0.000000e+00	2.531614e-05	0.000000e+00	1.763144e-03	6.813439e-04	2.357093e-03	2.505342e-03	0.000000e+00	0.000000e+00	0.000000e+00	1.104414e-02	8.771908e-03	3.682354e-03	8.818743e-02	6.882630e-01
8.818743e-02	0.000000e+00	0.000000e+00	0.000000e+00	0.000000e+00	1.447166e-02	3.457013e-03	8.541367e-04	0.000000e+00	6.173098e-03	0.000000e+00	0.000000e+00	1.605835e-04	2.305249e-03	5.393246e-03	1.411748e-03	0.000000e+00	0.000000e+00	2.531614e-05	0.000000e+00	1.763144e-03	6.813439e-04	2.357093e-03	2.505342e-03	0.000000e+00	0.000000e+00	0.000000e+00	1.104414e-02	8.771908e-03	3.682354e-03	8.818743e-02	6.882630e-01
8.818743e-02	0.000000e+00	0.000000e+00	0.000000e+00	0.000000e+00	1.447166e-02	3.457013e-03	8.541367e-04	0.000000e+00	6.173098e-03	0.000000e+00	0.000000e+00	1.605835e-04	2.305249e-03	5.393246e-03	1.411748e-03	0.000000e+00	0.000000e+00	2.531614e-05	0.000000e+00	1.763144e-03	6.813439e-04	2.357093e-03	2.505342e-03	0.000000e+00	0.000000e+00	0.000000e+00	1.104414e-02	8.771908e-03	3.682354e-03	8.818743e-02	6.882630e-01
7.654571e-02	0.000000e+00	9.665557e-03	2.721586e-04	2.576377e-03	3.839760e-03	3.762423e-03	1.281205e-03	0.000000e+00	4.491663e-03	0.000000e+00	4.139897e-05	4.450139e-04	2.056269e-03	2.777499e-03	1.446572e-03	7.424087e-03	2.131795e-03	1.605994e-04	0.000000e+00	7.474492e-04	1.562607e-03	5.571311e-03	2.716313e-03	1.284364e-04	0.000000e+00	1.165287e-02	8.383057e-03	8.334758e-03	3.053431e-03	7.654571e-02	6.945221e-01
5.784691e-02	0.000000e+00	5.985699e-03	0.000000e+00	0.000000e+00	1.092769e-02	3.346371e-03	0.000000e+00	0.000000e+00	0.000000e+00	0.000000e+00	7.927876e-04	4.450139e-04	2.808885e-03	1.496915e-03	1.411748e-03	2.591640e-02	2.131795e-03	7.041057e-05	0.000000e+00	1.464082e-03	6.706968e-04	3.428499e-03	2.505342e-03	1.284364e-04	0.000000e+00	0.000000e+00	8.383057e-03	8.952488e-03	3.218171e-03	5.784691e-02	7.263653e-01
4.630261e-02	0.000000e+00	5.087991e-03	2.243332e-03	4.339562e-03	7.679519e-03	5.814085e-03	8.541367e-04	0.000000e+00	3.259650e-03	0.000000e+00	7.655456e-04	2.434124e-04	2.296065e-03	0.000000e+00	1.295852e-03	2.381674e-03	0.000000e+00	8.250533e-05	0.000000e+00	8.891089e-04	9.392621e-04	3.428499e-03	1.176994e-03	1.883760e-03	0.000000e+00	0.000000e+00	7.977198e-03	8.393894e-03	3.672605e-03	4.630261e-02	7.567600e-01
3.138696e-02	0.000000e+00	7.359714e-03	0.000000e+00	0.000000e+00	1.092769e-02	3.457013e-03	8.541367e-04	0.000000e+00	5.298809e-03	0.000000e+00	4.139897e-05	2.553936e-04	2.808885e-03	4.094469e-03	1.411748e-03	5.303559e-03	2.131795e-03	7.041057e-05	0.000000e+00	1.464082e-03	6.706968e-04	3.428499e-03	2.505342e-03	1.284364e-04	0.000000e+00	0.000000e+00	5.924283e-03	8.952488e-03	3.190162e-03	3.138696e-02	8.165534e-01
1.510782e-02	0.000000e+00	4.611684e-03	0.000000e+00	5.152754e-03	9.222339e-03	4.067833e-03	1.708273e-03	0.000000e+00	4.558804e-03	0.000000e+00	0.000000e+00	2.990757e-04	8.000177e-04	2.759306e-03	1.481395e-03	4.241055e-03	0.000000e+00	1.022519e-04	0.000000e+00	3.298782e-04	2.465165e-03	3.428499e-03	2.505342e-03	0.000000e+00	0.000000e+00	2.330573e-02	9.026872e-03	7.536449e-03	3.408892e-03	1.510782e-02	8.967030e-01
0.000000e+00	0.000000e+00	5.807084e-03	0.000000e+00	3.928259e-03	1.332570e-04	0.000000e+00	0.000000e+00	0.000000e+00	4.019326e-03	0.000000e+00	0.000000e+00	3.321164e-04	3.705811e-03	1.739758e-03	1.411748e-03	4.236575e-03	0.000000e+00	2.531614e-05	0.000000e+00	1.061919e-03	9.772701e-03	2.357093e-03	3.715878e-03	0.000000e+00	1.621446e-02	0.000000e+00	9.435518e-03	7.287910e-03	0.000000e+00	0.000000e+00	1.023333e+00
