8.520471e-01	0.000000e+00	0.000000e+00	4.026613e-05	0.000000e+00	0.000000e+00	1.581618e-02	1.800350e-03	0.000000e+00	9.038640e-03	1.309064e-02	0.000000e+00	0.000000e+00	0.000000e+00	0.000000e+00	6.351130e-03	6.112131e-02	1.435481e-02	6.983642e-03	8.861897e-03	0.000000e+00	0.000000e+00	0.000000e+00	2.858428e-02	5.244122e-02	1.719856e-02	1.683259e-04	0.000000e+00	0.000000e+00	4.209736e-03	8.520471e-01	-7.326153e-01
8.520471e-01	0.000000e+00	0.000000e+00	4.026613e-05	0.000000e+00	0.000000e+00	3.163235e-03	1.206128e-02	0.000000e+00	1.807728e-03	1.309064e-02	0.000000e+00	0.000000e+00	1.691592e-02	0.000000e+00	6.351130e-03	6.964014e-02	2.268333e-02	6.983642e-03	8.861897e-03	0.000000e+00	0.000000e+00	0.000000e+00	2.858428e-02	5.244122e-02	1.661023e-02	4.375175e-04	0.000000e+00	0.000000e+00	5.479607e-03	8.520471e-01	-7.282892e-01
8.520471e-01	0.000000e+00	0.000000e+00	4.026613e-05	0.000000e+00	0.000000e+00	3.163235e-03	1.206128e-02	0.000000e+00	1.807728e-03	1.309064e-02	0.000000e+00	0.000000e+00	1.691592e-02	0.000000e+00	6.351130e-03	6.964014e-02	2.268333e-02	6.983642e-03	8.861897e-03	0.000000e+00	0.000000e+00	0.000000e+00	2.858428e-02	5.244122e-02	1.661023e-02	4.375175e-04	0.000000e+00	0.000000e+00	5.479607e-03	8.520471e-01	-7.282892e-01
8.520471e-01	0.000000e+00	0.000000e+00	4.026613e-05	0.000000e+00	0.000000e+00	3.163235e-03	1.206128e-02	0.000000e+00	1.807728e-03	1.309064e-02	0.000000e+00	0.000000e+00	1.691592e-02	0.000000e+00	6.351130e-03	6.964014e-02	2.268333e-02	6.983642e-03	8.861897e-03	0.000000e+00	0.000000e+00	0.000000e+00	2.858428e-02	5.244122e-02	1.661023e-02	4.375175e-04	0.000000e+00	0.000000e+00	5.479607e-03	8.520471e-01	-7.282892e-01
8.483665e-01	0.000000e+00	0.000000e+00	1.449581e-05	0.000000e+00	0.000000e+00	8.786764e-03	1.144937e-02	0.000000e+00	7.881694e-03	2.764103e-02	0.000000e+00	0.000000e+00	2.293047e-02	0.000000e+00	3.528405e-03	0.000000e+00	1.435481e-02	6.983642e-03	8.861897e-03	0.000000e+00	0.000000e+00	9.674749e-02	1.149859e-01	2.559132e-02	1.675939e-02	5.721783e-04	0.000000e+00	0.000000e+00	7.577525e-03	8.483665e-01	-7.041189e-01
8.428457e-01	0.000000e+00	0.000000e+00	0.000000e+00	0.000000e+00	0.000000e+00	8.786764e-03	1.800350e-03	0.000000e+00	9.038640e-03	2.764103e-02	0.000000e+00	0.000000e+00	9.397733e-03	0.000000e+00	3.076769e-03	6.282508e-02	1.435481e-02	6.983642e-03	8.861897e-03	0.000000e+00	0.000000e+00	3.326020e-02	0.000000e+00	5.244122e-02	1.628436e-02	5.721783e-04	0.000000e+00	0.000000e+00	7.577525e-03	8.428457e-01	-6.948404e-01
8.428457e-01	0.000000e+00	0.000000e+00	0.000000e+00	0.000000e+00	0.000000e+00	8.786764e-03	1.800350e-03	0.000000e+00	9.038640e-03	2.764103e-02	0.000000e+00	0.000000e+00	9.397733e-03	0.000000e+00	3.076769e-03	6.282508e-02	1.435481e-02	6.983642e-03	8.861897e-03	0.000000e+00	0.000000e+00	3.326020e-02	0.000000e+00	5.244122e-02	1.628436e-02	5.721783e-04	0.000000e+00	0.000000e+00	7.577525e-03	8.428457e-01	-6.948404e-01
8.428457e-01	0.000000e+00	0.000000e+00	0.000000e+00	0.000000e+00	0.000000e+00	8.786764e-03	1.800350e-03	0.000000e+00	9.038640e-03	2.764103e-02	0.000000e+00	0.000000e+00	9.397733e-03	0.000000e+00	3.076769e-03	6.282508e-02	1.435481e-02	6.983642e-03	8.861897e-03	0.000000e+00	0.000000e+00	3.326020e-02	0.000000e+00	5.244122e-02	1.628436e-02	5.721783e-04	0.000000e+00	0.000000e+00	7.577525e-03	8.428457e-01	-6.948404e-01
8.447850e-01	0.000000e+00	0.000000e+00	2.705884e-05	0.000000e+00	0.000000e+00	0.000000e+00	0.000000e+00	0.000000e+00	9.038640e-03	2.492794e-02	8.214348e-03	0.000000e+00	1.368798e-02	0.000000e+00	1.270226e-03	6.729746e-02	5.700146e-03	8.197179e-02	3.086075e-05	5.691234e-03	0.000000e+00	7.636466e-02	7.369476e-02	2.351888e-02	1.602367e-02	6.169508e-02	2.956241e-02	0.000000e+00	3.685257e-03	8.447850e-01	-6.657358e-01
8.395189e-01	0.000000e+00	0.000000e+00	3.382355e-05	0.000000e+00	0.000000e+00	8.786764e-03	0.000000e+00	0.000000e+00	9.038640e-03	2.720374e-02	2.101872e-02	0.000000e+00	9.397733e-03	0.000000e+00	9.089172e-04	6.074648e-02	1.231894e-02	6.983642e-03	4.923276e-03	0.000000e+00	0.000000e+00	3.326020e-02	9.211846e-02	1.887884e-02	1.655228e-02	2.846184e-03	0.000000e+00	0.000000e+00	4.209736e-03	8.395189e-01	-6.541672e-01
8.395189e-01	0.000000e+00	0.000000e+00	3.382355e-05	0.000000e+00	0.000000e+00	8.786764e-03	0.000000e+00	0.000000e+00	9.038640e-03	2.720374e-02	2.101872e-02	0.000000e+00	9.397733e-03	0.000000e+00	9.089172e-04	6.074648e-02	1.231894e-02	6.983642e-03	4.923276e-03	0.000000e+00	0.000000e+00	3.326020e-02	9.211846e-02	1.887884e-02	1.655228e-02	2.846184e-03	0.000000e+00	0.000000e+00	4.209736e-03	8.395189e-01	-6.541672e-01
8.395189e-01	0.000000e+00	0.000000e+00	3.382355e-05	0.000000e+00	0.000000e+00	4.094026e-03	0.000000e+00	0.000000e+00	0.000000e+00	2.720374e-02	2.101872e-02	0.000000e+00	1.368798e-02	0.000000e+00	9.089172e-04	6.835465e-02	1.231894e-02	0.000000e+00	3.726259e-02	7.114042e-03	0.000000e+00	7.035005e-02	9.211846e-02	1.887884e-02	1.655228e-02	6.173469e-02	0.000000e+00	0.000000e+00	4.209736e-03	8.395189e-01	-6.318697e-01
8.359446e-01	0.000000e+00	0.000000e+00	0.000000e+00	0.000000e+00	0.000000e+00	6.059837e-05	0.000000e+00	0.000000e+00	9.038640e-03	1.582473e-02	0.000000e+00	0.000000e+00	9.397733e-03	0.000000e+00	3.076769e-03	6.282508e-02	0.000000e+00	6.983642e-03	8.861897e-03	4.268425e-03	0.000000e+00	5.717447e-02	0.000000e+00	8.516645e-03	1.711031e-02	2.139054e-04	3.272186e-02	0.000000e+00	1.587339e-03	8.359446e-01	-6.294257e-01
8.373088e-01	0.000000e+00	0.000000e+00	2.705884e-05	0.000000e+00	0.000000e+00	4.683527e-03	3.566610e-03	0.000000e+00	2.875874e-03	3.476617e-02	1.681498e-02	0.000000e+00	1.390250e-02	0.000000e+00	1.270226e-03	6.729746e-02	5.700146e-03	5.052963e-03	3.947035e-02	7.469744e-03	0.000000e+00	4.574210e-02	0.000000e+00	1.512828e-02	1.663085e-02	4.961403e-02	0.000000e+00	0.000000e+00	3.685257e-03	8.373088e-01	-6.293329e-01
8.360026e-01	0.000000e+00	0.000000e+00	3.382355e-05	0.000000e+00	0.000000e+00	4.094026e-03	0.000000e+00	0.000000e+00	7.230912e-03	2.720374e-02	2.101872e-02	0.000000e+00	1.368798e-02	0.000000e+00	9.089172e-04	5.755754e-02	0.000000e+00	5.586914e-03	1.202132e-02	7.114042e-03	0.000000e+00	6.196469e-02	9.211846e-02	1.887884e-02	1.655228e-02	6.173469e-02	0.000000e+00	0.000000e+00	4.209736e-03	8.360026e-01	-5.996471e-01
8.336442e-01	0.000000e+00	0.000000e+00	0.000000e+00	0.000000e+00	0.000000e+00	3.938894e-03	1.028326e-02	1.400205e-02	9.038640e-03	1.818799e-02	8.214348e-03	0.000000e+00	9.397733e-03	0.000000e+00	7.056811e-04	6.729746e-02	7.229624e-03	6.983642e-03	8.861897e-03	5.691234e-03	0.000000e+00	3.326020e-02	0.000000e+00	1.260494e-04	1.694512e-02	6.216859e-04	3.182537e-02	0.000000e+00	1.587339e-03	8.336442e-01	-5.954767e-01
8.336442e-01	0.000000e+00	0.000000e+00	2.705884e-05	0.000000e+00	0.000000e+00	4.683527e-03	0.000000e+00	0.000000e+00	9.038640e-03	3.476617e-02	1.681498e-02	0.000000e+00	8.539683e-03	0.000000e+00	1.270226e-03	6.729746e-02	5.700146e-03	5.052963e-03	0.000000e+00	0.000000e+00	0.000000e+00	4.574210e-02	0.000000e+00	6.744345e-02	1.602367e-02	4.905480e-02	0.000000e+00	0.000000e+00	1.587339e-03	8.336442e-01	-5.817019e-01
8.336442e-01	0.000000e+00	0.000000e+00	2.705884e-05	0.000000e+00	0.000000e+00	4.683527e-03	0.000000e+00	0.000000e+00	9.038640e-03	3.476617e-02	1.681498e-02	0.000000e+00	8.539683e-03	0.000000e+00	1.270226e-03	6.729746e-02	5.700146e-03	5.052963e-03	0.000000e+00	0.000000e+00	0.000000e+00	4.574210e-02	0.000000e+00	6.744345e-02	1.602367e-02	4.905480e-02	0.000000e+00	0.000000e+00	1.587339e-03	8.336442e-01	-5.817019e-01
8.336442e-01	0.000000e+00	0.000000e+00	2.705884e-05	0.000000e+00	0.000000e+00	4.683527e-03	0.000000e+00	0.000000e+00	9.038640e-03	3.476617e-02	1.681498e-02	0.000000e+00	8.539683e-03	0.000000e+00	1.270226e-03	6.729746e-02	5.700146e-03	5.052963e-03	0.000000e+00	0.000000e+00	0.000000e+00	4.574210e-02	0.000000e+00	6.744345e-02	1.602367e-02	4.905480e-02	0.000000e+00	0.000000e+00	1.587339e-03	8.336442e-01	-5.817019e-01
8.307126e-01	0.000000e+00	0.000000e+00	2.705884e-05	0.000000e+00	2.654619e-02	0.000000e+00	0.000000e+00	0.000000e+00	9.038640e-03	2.604675e-02	9.934474e-03	0.000000e+00	0.000000e+00	0.000000e+00	0.000000e+00	5.380108e-02	0.000000e+00	5.475302e-03	0.000000e+00	0.000000e+00	0.000000e+00	4.574210e-02	0.000000e+00	9.969416e-02	1.627509e-02	9.860922e-03	0.000000e+00	0.000000e+00	0.000000e+00	8.307126e-01	-5.422098e-01
8.307126e-01	0.000000e+00	0.000000e+00	2.705884e-05	0.000000e+00	2.654619e-02	0.000000e+00	0.000000e+00	0.000000e+00	9.038640e-03	2.604675e-02	9.934474e-03	0.000000e+00	0.000000e+00	0.000000e+00	0.000000e+00	5.380108e-02	0.000000e+00	5.475302e-03	0.000000e+00	0.000000e+00	0.000000e+00	4.574210e-02	0.000000e+00	9.969416e-02	1.627509e-02	9.860922e-03	0.000000e+00	0.000000e+00	0.000000e+00	8.307126e-01	-5.422098e-01
8.307126e-01	0.000000e+00	0.000000e+00	2.705884e-05	0.000000e+00	2.654619e-02	0.000000e+00	0.000000e+00	0.000000e+00	9.038640e-03	2.604675e-02	9.934474e-03	0.000000e+00	0.000000e+00	0.000000e+00	0.000000e+00	5.380108e-02	0.000000e+00	5.475302e-03	0.000000e+00	0.000000e+00	0.000000e+00	4.574210e-02	0.000000e+00	9.969416e-02	1.627509e-02	9.860922e-03	0.000000e+00	0.000000e+00	0.000000e+00	8.307126e-01	-5.422098e-01
8.284684e-01	1.562175e-03	0.000000e+00	9.008546e-05	0.000000e+00	0.000000e+00	9.223072e-03	2.173391e-02	1.597983e-02	0.000000e+00	0.000000e+00	0.000000e+00	0.000000e+00	0.000000e+00	0.000000e+00	3.167097e-03	0.000000e+00	0.000000e+00	0.000000e+00	4.830139e-02	2.208223e-02	4.899319e-02	5.830606e-02	4.780760e-03	0.000000e+00	1.694512e-02	6.232944e-02	0.000000e+00	9.097114e-03	1.923969e-03	8.284684e-01	-5.002730e-01
8.284684e-01	1.562175e-03	0.000000e+00	0.000000e+00	0.000000e+00	0.000000e+00	1.660153e-02	2.780083e-02	0.000000e+00	1.865195e-02	2.150363e-02	0.000000e+00	0.000000e+00	8.143846e-02	0.000000e+00	8.185900e-04	0.000000e+00	0.000000e+00	0.000000e+00	0.000000e+00	1.600660e-02	4.899319e-02	5.830606e-02	4.780760e-03	5.544167e-02	1.748115e-02	0.000000e+00	0.000000e+00	9.097114e-03	1.923969e-03	8.284684e-01	-4.904220e-01
8.284684e-01	1.562175e-03	0.000000e+00	0.000000e+00	0.000000e+00	0.000000e+00	1.660153e-02	2.780083e-02	0.000000e+00	1.865195e-02	2.150363e-02	0.000000e+00	0.000000e+00	8.143846e-02	0.000000e+00	8.185900e-04	0.000000e+00	0.000000e+00	0.000000e+00	0.000000e+00	1.600660e-02	4.899319e-02	5.830606e-02	4.780760e-03	5.544167e-02	1.748115e-02	0.000000e+00	0.000000e+00	9.097114e-03	1.923969e-03	8.284684e-01	-4.904220e-01
8.266731e-01	0.000000e+00	0.000000e+00	0.000000e+00	0.000000e+00	0.000000e+00	1.660153e-02	2.780083e-02	0.000000e+00	1.865195e-02	2.150363e-02	0.000000e+00	0.000000e+00	2.262029e-02	0.000000e+00	8.185900e-04	9.766432e-02	3.071033e-02	9.122467e-03	0.000000e+00	1.600660e-02	0.000000e+00	4.574210e-02	0.000000e+00	5.544167e-02	1.748115e-02	0.000000e+00	0.000000e+00	0.000000e+00	2.857210e-03	8.266731e-01	-4.573179e-01
8.266731e-01	0.000000e+00	0.000000e+00	0.000000e+00	0.000000e+00	0.000000e+00	1.660153e-02	2.780083e-02	0.000000e+00	1.865195e-02	2.150363e-02	0.000000e+00	0.000000e+00	2.262029e-02	0.000000e+00	8.185900e-04	9.766432e-02	3.071033e-02	9.122467e-03	0.000000e+00	1.600660e-02	0.000000e+00	4.574210e-02	0.000000e+00	5.544167e-02	1.748115e-02	0.000000e+00	0.000000e+00	0.000000e+00	2.857210e-03	8.266731e-01	-4.573179e-01
8.266731e-01	1.562175e-03	0.000000e+00	0.000000e+00	0.000000e+00	0.000000e+00	1.660153e-02	2.780083e-02	0.000000e+00	1.865195e-02	3.870653e-02	0.000000e+00	0.000000e+00	1.465892e-01	0.000000e+00	0.000000e+00	0.000000e+00	3.071033e-02	9.122467e-03	0.000000e+00	1.600660e-02	4.899319e-02	5.830606e-02	4.780760e-03	9.979500e-02	1.748115e-02	0.000000e+00	0.000000e+00	9.097114e-03	2.857210e-03	8.266731e-01	-4.280454e-01
6.499146e-01	8.678752e-04	0.000000e+00	7.032739e-05	0.000000e+00	0.000000e+00	2.181541e-03	1.207440e-02	8.877686e-03	2.362728e-03	0.000000e+00	0.000000e+00	0.000000e+00	0.000000e+00	0.000000e+00	5.430921e-04	0.000000e+00	5.448328e-03	5.834324e-04	0.000000e+00	4.516912e-03	6.124149e-02	5.272207e-02	2.655978e-03	1.520528e-02	1.711031e-02	7.434341e-04	0.000000e+00	5.053952e-03	0.000000e+00	6.499146e-01	-4.201209e-01
6.499146e-01	8.678752e-04	0.000000e+00	7.032739e-05	0.000000e+00	0.000000e+00	2.181541e-03	1.207440e-02	8.877686e-03	2.362728e-03	0.000000e+00	0.000000e+00	0.000000e+00	0.000000e+00	0.000000e+00	5.430921e-04	0.000000e+00	5.448328e-03	5.834324e-04	0.000000e+00	4.516912e-03	6.124149e-02	5.272207e-02	2.655978e-03	1.520528e-02	1.711031e-02	7.434341e-04	0.000000e+00	5.053952e-03	0.000000e+00	6.499146e-01	-4.201209e-01
6.499146e-01	8.678752e-04	0.000000e+00	7.032739e-05	0.000000e+00	0.000000e+00	2.181541e-03	1.207440e-02	8.877686e-03	2.362728e-03	0.000000e+00	0.000000e+00	0.000000e+00	0.000000e+00	0.000000e+00	5.430921e-04	0.000000e+00	5.448328e-03	5.834324e-04	0.000000e+00	4.516912e-03	6.124149e-02	5.272207e-02	2.655978e-03	1.520528e-02	1.711031e-02	7.434341e-04	0.000000e+00	5.053952e-03	0.000000e+00	6.499146e-01	-4.201209e-01
6.499146e-01	8.678752e-04	0.000000e+00	7.032739e-05	0.000000e+00	0.000000e+00	2.181541e-03	1.207440e-02	8.877686e-03	2.362728e-03	0.000000e+00	0.000000e+00	0.000000e+00	0.000000e+00	0.000000e+00	5.430921e-04	0.000000e+00	5.448328e-03	5.834324e-04	0.000000e+00	4.516912e-03	6.124149e-02	5.272207e-02	2.655978e-03	1.520528e-02	1.711031e-02	7.434341e-04	0.000000e+00	5.053952e-03	0.000000e+00	6.499146e-01	-4.201209e-01
6.499146e-01	8.678752e-04	0.000000e+00	7.032739e-05	0.000000e+00	0.000000e+00	2.181541e-03	1.207440e-02	8.877686e-03	2.362728e-03	0.000000e+00	0.000000e+00	0.000000e+00	0.000000e+00	0.000000e+00	5.430921e-04	0.000000e+00	5.448328e-03	5.834324e-04	0.000000e+00	4.516912e-03	6.124149e-02	5.272207e-02	2.655978e-03	1.520528e-02	1.711031e-02	7.434341e-04	0.000000e+00	5.053952e-03	0.000000e+00	6.499146e-01	-4.201209e-01
6.499146e-01	6.179271e-04	0.000000e+00	7.032739e-05	0.000000e+00	1.940605e-02	4.363083e-04	0.000000e+00	2.389751e-02	2.362728e-03	0.000000e+00	0.000000e+00	0.000000e+00	0.000000e+00	0.000000e+00	5.430921e-04	9.617018e-03	1.089666e-03	4.667459e-04	0.000000e+00	0.000000e+00	6.124149e-02	4.557445e-02	9.847506e-03	1.520528e-02	1.711031e-02	1.933070e-05	0.000000e+00	5.053952e-03	0.000000e+00	6.499146e-01	-4.162840e-01
6.435604e-01	1.640284e-03	0.000000e+00	1.651226e-03	0.000000e+00	0.000000e+00	7.853549e-04	1.207440e-02	0.000000e+00	7.529074e-04	0.000000e+00	0.000000e+00	0.000000e+00	7.725324e-03	0.000000e+00	0.000000e+00	1.965008e-02	0.000000e+00	5.834324e-04	0.000000e+00	1.298124e-02	8.543002e-02	5.969933e-03	2.655978e-03	1.778333e-02	8.091799e-04	2.361838e-04	0.000000e+00	1.010790e-03	2.604410e-04	6.435604e-01	-4.004113e-01
6.435604e-01	1.640284e-03	0.000000e+00	1.651226e-03	0.000000e+00	0.000000e+00	7.853549e-04	1.207440e-02	0.000000e+00	7.529074e-04	0.000000e+00	0.000000e+00	0.000000e+00	7.725324e-03	0.000000e+00	0.000000e+00	1.965008e-02	0.000000e+00	5.834324e-04	0.000000e+00	1.298124e-02	8.543002e-02	5.969933e-03	2.655978e-03	1.778333e-02	8.091799e-04	2.361838e-04	0.000000e+00	1.010790e-03	2.604410e-04	6.435604e-01	-4.004113e-01
6.409096e-01	1.640284e-03	0.000000e+00	5.174621e-02	0.000000e+00	0.000000e+00	0.000000e+00	1.207440e-02	8.877686e-03	2.362728e-03	0.000000e+00	0.000000e+00	0.000000e+00	4.845794e-02	0.000000e+00	0.000000e+00	5.988553e-04	0.000000e+00	5.834324e-04	0.000000e+00	4.516912e-03	6.124149e-02	2.659605e-02	2.655978e-03	0.000000e+00	5.286096e-04	2.361838e-04	0.000000e+00	5.053952e-03	0.000000e+00	6.409096e-01	-3.727580e-01
6.409096e-01	1.640284e-03	0.000000e+00	5.174621e-02	0.000000e+00	0.000000e+00	0.000000e+00	1.207440e-02	8.877686e-03	2.362728e-03	0.000000e+00	0.000000e+00	0.000000e+00	4.845794e-02	0.000000e+00	0.000000e+00	5.988553e-04	0.000000e+00	5.834324e-04	0.000000e+00	4.516912e-03	6.124149e-02	2.659605e-02	2.655978e-03	0.000000e+00	5.286096e-04	2.361838e-04	0.000000e+00	5.053952e-03	0.000000e+00	6.409096e-01	-3.727580e-01
6.409096e-01	1.640284e-03	0.000000e+00	5.174621e-02	0.000000e+00	0.000000e+00	0.000000e+00	1.207440e-02	8.877686e-03	2.362728e-03	0.000000e+00	0.000000e+00	0.000000e+00	4.845794e-02	0.000000e+00	0.000000e+00	5.988553e-04	0.000000e+00	5.834324e-04	0.000000e+00	4.516912e-03	6.124149e-02	2.659605e-02	2.655978e-03	0.000000e+00	5.286096e-04	2.361838e-04	0.000000e+00	5.053952e-03	0.000000e+00	6.409096e-01	-3.727580e-01
6.351162e-01	1.640284e-03	0.000000e+00	1.265257e-03	9.792489e-03	0.000000e+00	0.000000e+00	1.207440e-02	3.195967e-03	8.845205e-04	3.072696e-03	0.000000e+00	0.000000e+00	6.180259e-03	0.000000e+00	0.000000e+00	3.613416e-02	0.000000e+00	2.100357e-04	0.000000e+00	4.516912e-03	6.124149e-02	3.570060e-02	5.158562e-03	3.041055e-03	5.286096e-04	1.641020e-03	0.000000e+00	3.126150e-02	0.000000e+00	6.351162e-01	-3.228337e-01
6.350609e-01	4.887074e-02	0.000000e+00	7.817319e-04	0.000000e+00	0.000000e+00	0.000000e+00	1.207440e-02	8.080782e-02	8.845205e-04	0.000000e+00	0.000000e+00	2.712992e-03	6.180259e-03	0.000000e+00	0.000000e+00	1.627265e-02	0.000000e+00	2.100357e-04	0.000000e+00	4.712332e-03	6.124149e-02	2.659605e-02	0.000000e+00	3.041055e-03	5.286096e-04	2.361838e-04	0.000000e+00	0.000000e+00	0.000000e+00	6.350609e-01	-3.131529e-01
6.350609e-01	4.887074e-02	0.000000e+00	7.817319e-04	0.000000e+00	0.000000e+00	0.000000e+00	1.207440e-02	8.080782e-02	8.845205e-04	0.000000e+00	0.000000e+00	2.712992e-03	6.180259e-03	0.000000e+00	0.000000e+00	1.627265e-02	0.000000e+00	2.100357e-04	0.000000e+00	4.712332e-03	6.124149e-02	2.659605e-02	0.000000e+00	3.041055e-03	5.286096e-04	2.361838e-04	0.000000e+00	0.000000e+00	0.000000e+00	6.350609e-01	-3.131529e-01
6.314167e-01	1.701520e-02	0.000000e+00	3.023475e-03	0.000000e+00	0.000000e+00	0.000000e+00	2.414879e-03	7.370568e-02	4.513825e-04	3.840870e-03	0.000000e+00	0.000000e+00	1.741106e-02	0.000000e+00	5.306913e-02	3.760245e-02	0.000000e+00	2.100357e-04	0.000000e+00	1.148380e-02	3.762530e-02	0.000000e+00	0.000000e+00	0.000000e+00	7.530659e-04	1.141313e-03	0.000000e+00	0.000000e+00	1.067808e-04	6.314167e-01	-2.722256e-01
6.314167e-01	1.701520e-02	0.000000e+00	3.023475e-03	0.000000e+00	0.000000e+00	0.000000e+00	2.414879e-03	7.370568e-02	4.513825e-04	3.840870e-03	0.000000e+00	0.000000e+00	1.741106e-02	0.000000e+00	5.306913e-02	3.760245e-02	0.000000e+00	2.100357e-04	0.000000e+00	1.148380e-02	3.762530e-02	0.000000e+00	0.000000e+00	0.000000e+00	7.530659e-04	1.141313e-03	0.000000e+00	0.000000e+00	1.067808e-04	6.314167e-01	-2.722256e-01
6.299776e-01	0.000000e+00	0.000000e+00	2.046451e-03	0.000000e+00	0.000000e+00	0.000000e+00	0.000000e+00	0.000000e+00	3.504522e-04	0.000000e+00	0.000000e+00	2.712992e-03	9.656655e-03	0.000000e+00	1.588012e-03	3.199272e-02	0.000000e+00	1.904416e-02	4.486183e-03	1.148380e-02	1.065915e-01	0.000000e+00	0.000000e+00	1.538679e-02	4.368157e-03	4.085114e-02	3.112103e-03	0.000000e+00	3.255513e-04	6.299776e-01	-2.549757e-01
6.299776e-01	0.000000e+00	0.000000e+00	2.046451e-03	0.000000e+00	0.000000e+00	0.000000e+00	0.000000e+00	0.000000e+00	3.504522e-04	0.000000e+00	0.000000e+00	2.712992e-03	9.656655e-03	0.000000e+00	1.588012e-03	3.199272e-02	0.000000e+00	1.904416e-02	4.486183e-03	1.148380e-02	1.065915e-01	0.000000e+00	0.000000e+00	1.538679e-02	4.368157e-03	4.085114e-02	3.112103e-03	0.000000e+00	3.255513e-04	6.299776e-01	-2.549757e-01
6.237642e-01	1.437130e-02	0.000000e+00	8.251706e-04	0.000000e+00	0.000000e+00	0.000000e+00	0.000000e+00	0.000000e+00	3.504522e-04	0.000000e+00	0.000000e+00	6.619700e-03	2.297818e-02	0.000000e+00	4.883748e-03	3.366308e-02	0.000000e+00	1.820880e-02	1.162307e-04	0.000000e+00	0.000000e+00	0.000000e+00	0.000000e+00	0.000000e+00	3.494525e-03	0.000000e+00	9.486070e-03	6.122240e-03	2.734631e-04	6.237642e-01	-1.904692e-01
6.237642e-01	1.437130e-02	0.000000e+00	8.251706e-04	0.000000e+00	0.000000e+00	0.000000e+00	0.000000e+00	0.000000e+00	3.504522e-04	0.000000e+00	0.000000e+00	6.619700e-03	2.297818e-02	0.000000e+00	4.883748e-03	3.366308e-02	0.000000e+00	1.820880e-02	1.162307e-04	0.000000e+00	0.000000e+00	0.000000e+00	0.000000e+00	0.000000e+00	3.494525e-03	0.000000e+00	9.486070e-03	6.122240e-03	2.734631e-04	6.237642e-01	-1.904692e-01
6.237642e-01	1.437130e-02	2.334518e-02	0.000000e+00	0.000000e+00	0.000000e+00	0.000000e+00	0.000000e+00	0.000000e+00	3.504522e-04	0.000000e+00	0.000000e+00	6.619700e-03	2.297818e-02	0.000000e+00	0.000000e+00	3.254113e-02	0.000000e+00	1.820880e-02	0.000000e+00	0.000000e+00	0.000000e+00	0.000000e+00	7.922105e-03	0.000000e+00	1.258029e-03	7.261901e-02	1.586004e-02	6.122240e-03	6.511025e-05	6.237642e-01	-1.712103e-01
6.237642e-01	1.437130e-02	2.334518e-02	0.000000e+00	0.000000e+00	0.000000e+00	0.000000e+00	0.000000e+00	0.000000e+00	3.504522e-04	0.000000e+00	0.000000e+00	6.619700e-03	2.297818e-02	0.000000e+00	0.000000e+00	3.254113e-02	0.000000e+00	1.820880e-02	0.000000e+00	0.000000e+00	0.000000e+00	0.000000e+00	7.922105e-03	0.000000e+00	1.258029e-03	7.261901e-02	1.586004e-02	6.122240e-03	6.511025e-05	6.237642e-01	-1.712103e-01
4.568253e-01	1.701520e-02	0.000000e+00	3.023475e-03	0.000000e+00	2.156021e-03	0.000000e+00	0.000000e+00	0.000000e+00	4.513825e-04	0.000000e+00	0.000000e+00	4.883385e-03	1.741106e-02	0.000000e+00	1.588012e-03	3.760245e-02	0.000000e+00	0.000000e+00	0.000000e+00	0.000000e+00	7.271616e-03	0.000000e+00	0.000000e+00	0.000000e+00	1.572536e-03	0.000000e+00	0.000000e+00	0.000000e+00	1.067808e-04	4.568253e-01	-1.030576e-01
4.568253e-01	1.701520e-02	0.000000e+00	3.023475e-03	0.000000e+00	2.156021e-03	0.000000e+00	0.000000e+00	0.000000e+00	4.513825e-04	0.000000e+00	0.000000e+00	4.883385e-03	1.741106e-02	0.000000e+00	1.588012e-03	3.760245e-02	0.000000e+00	0.000000e+00	0.000000e+00	0.000000e+00	7.271616e-03	0.000000e+00	0.000000e+00	0.000000e+00	1.572536e-03	0.000000e+00	0.000000e+00	0.000000e+00	1.067808e-04	4.568253e-01	-1.030576e-01
4.568253e-01	1.701520e-02	0.000000e+00	3.023475e-03	0.000000e+00	2.156021e-03	0.000000e+00	0.000000e+00	0.000000e+00	4.513825e-04	0.000000e+00	0.000000e+00	4.883385e-03	1.741106e-02	0.000000e+00	1.588012e-03	3.760245e-02	0.000000e+00	0.000000e+00	0.000000e+00	0.000000e+00	7.271616e-03	0.000000e+00	0.000000e+00	0.000000e+00	1.572536e-03	0.000000e+00	0.000000e+00	0.000000e+00	1.067808e-04	4.568253e-01	-1.030576e-01
4.568253e-01	1.701520e-02	0.000000e+00	3.023475e-03	0.000000e+00	2.156021e-03	0.000000e+00	0.000000e+00	0.000000e+00	4.513825e-04	0.000000e+00	0.000000e+00	4.883385e-03	1.741106e-02	0.000000e+00	1.588012e-03	3.760245e-02	0.000000e+00	0.000000e+00	0.000000e+00	0.000000e+00	7.271616e-03	0.000000e+00	0.000000e+00	0.000000e+00	1.572536e-03	0.000000e+00	0.000000e+00	0.000000e+00	1.067808e-04	4.568253e-01	-1.030576e-01
4.568253e-01	1.701520e-02	0.000000e+00	3.023475e-03	0.000000e+00	2.156021e-03	0.000000e+00	0.000000e+00	0.000000e+00	4.513825e-04	0.000000e+00	0.000000e+00	4.883385e-03	1.741106e-02	0.000000e+00	1.588012e-03	3.760245e-02	0.000000e+00	0.000000e+00	0.000000e+00	0.000000e+00	7.271616e-03	0.000000e+00	0.000000e+00	0.000000e+00	1.572536e-03	0.000000e+00	0.000000e+00	0.000000e+00	1.067808e-04	4.568253e-01	-1.030576e-01
4.568253e-01	1.701520e-02	0.000000e+00	3.023475e-03	0.000000e+00	2.156021e-03	0.000000e+00	0.000000e+00	0.000000e+00	4.513825e-04	0.000000e+00	0.000000e+00	4.883385e-03	1.741106e-02	0.000000e+00	1.588012e-03	3.760245e-02	0.000000e+00	0.000000e+00	0.000000e+00	0.000000e+00	7.271616e-03	0.000000e+00	0.000000e+00	0.000000e+00	1.572536e-03	0.000000e+00	0.000000e+00	0.000000e+00	1.067808e-04	4.568253e-01	-1.030576e-01
4.568253e-01	1.701520e-02	0.000000e+00	3.023475e-03	0.000000e+00	2.156021e-03	0.000000e+00	0.000000e+00	0.000000e+00	4.513825e-04	0.000000e+00	0.000000e+00	4.883385e-03	1.741106e-02	0.000000e+00	1.588012e-03	3.760245e-02	0.000000e+00	0.000000e+00	0.000000e+00	0.000000e+00	7.271616e-03	0.000000e+00	0.000000e+00	0.000000e+00	1.572536e-03	0.000000e+00	0.000000e+00	0.000000e+00	1.067808e-04	4.568253e-01	-1.030576e-01
4.568253e-01	1.701520e-02	0.000000e+00	3.023475e-03	0.000000e+00	2.156021e-03	0.000000e+00	0.000000e+00	0.000000e+00	4.513825e-04	0.000000e+00	0.000000e+00	4.883385e-03	1.741106e-02	0.000000e+00	1.588012e-03	3.760245e-02	0.000000e+00	0.000000e+00	0.000000e+00	0.000000e+00	7.271616e-03	0.000000e+00	0.000000e+00	0.000000e+00	1.572536e-03	0.000000e+00	0.000000e+00	0.000000e+00	1.067808e-04	4.568253e-01	-1.030576e-01
4.568253e-01	1.701520e-02	0.000000e+00	3.023475e-03	0.000000e+00	2.156021e-03	0.000000e+00	0.000000e+00	0.000000e+00	4.418502e-04	0.000000e+00	0.000000e+00	0.000000e+00	1.741106e-02	0.000000e+00	1.588012e-03	3.760245e-02	0.000000e+00	1.665167e-02	0.000000e+00	0.000000e+00	8.353128e-03	0.000000e+00	0.000000e+00	0.000000e+00	1.572536e-03	0.000000e+00	8.423402e-03	0.000000e+00	1.187611e-04	4.568253e-01	-9.865115e-02
4.464917e-01	7.399782e-03	0.000000e+00	1.264832e-03	0.000000e+00	0.000000e+00	8.725649e-03	0.000000e+00	0.000000e+00	0.000000e+00	0.000000e+00	0.000000e+00	2.224653e-02	2.198693e-02	0.000000e+00	6.576443e-03	3.059029e-02	0.000000e+00	2.122377e-02	5.811535e-04	0.000000e+00	4.682132e-03	0.000000e+00	9.902631e-03	0.000000e+00	1.572536e-03	0.000000e+00	1.107956e-02	0.000000e+00	0.000000e+00	4.464917e-01	-8.126002e-02
4.464917e-01	7.399782e-03	0.000000e+00	1.264832e-03	0.000000e+00	0.000000e+00	8.725649e-03	0.000000e+00	0.000000e+00	0.000000e+00	0.000000e+00	0.000000e+00	2.224653e-02	2.198693e-02	0.000000e+00	6.576443e-03	3.059029e-02	0.000000e+00	2.122377e-02	5.811535e-04	0.000000e+00	4.682132e-03	0.000000e+00	9.902631e-03	0.000000e+00	1.572536e-03	0.000000e+00	1.107956e-02	0.000000e+00	0.000000e+00	4.464917e-01	-8.126002e-02
4.382248e-01	9.671804e-03	0.000000e+00	3.438505e-03	4.717337e-03	2.695026e-03	9.901446e-04	0.000000e+00	0.000000e+00	0.000000e+00	0.000000e+00	0.000000e+00	4.297204e-02	1.995321e-02	0.000000e+00	3.288221e-03	3.199272e-02	0.000000e+00	1.855964e-02	1.266779e-02	0.000000e+00	7.532218e-03	0.000000e+00	4.456184e-03	1.816025e-03	0.000000e+00	0.000000e+00	1.492498e-02	6.558689e-03	0.000000e+00	4.382248e-01	-3.163022e-02
4.358840e-01	1.562158e-02	0.000000e+00	4.139513e-03	0.000000e+00	6.036858e-03	1.425808e-03	0.000000e+00	0.000000e+00	3.504522e-04	0.000000e+00	0.000000e+00	0.000000e+00	4.021472e-02	0.000000e+00	2.670134e-03	3.311466e-02	0.000000e+00	2.122377e-02	1.399193e-02	0.000000e+00	4.682132e-03	0.000000e+00	9.902631e-03	6.066976e-04	7.561859e-02	0.000000e+00	1.107956e-02	0.000000e+00	6.511025e-05	4.358840e-01	-3.441679e-03
4.358840e-01	2.003624e-03	0.000000e+00	2.134692e-03	0.000000e+00	6.036858e-03	1.425808e-03	0.000000e+00	0.000000e+00	5.046512e-04	0.000000e+00	0.000000e+00	0.000000e+00	4.104125e-02	0.000000e+00	0.000000e+00	3.139870e-02	0.000000e+00	2.122377e-02	1.399193e-02	0.000000e+00	4.682132e-03	0.000000e+00	9.902631e-03	6.066976e-04	7.561859e-02	0.000000e+00	8.387633e-02	0.000000e+00	6.511025e-05	4.358840e-01	7.952078e-03
4.300215e-01	1.784217e-02	0.000000e+00	3.455134e-04	8.490659e-03	0.000000e+00	0.000000e+00	0.000000e+00	0.000000e+00	2.107423e-04	0.000000e+00	0.000000e+00	3.217509e-02	3.337362e-02	0.000000e+00	4.338121e-03	1.954836e-02	0.000000e+00	2.372168e-02	9.297464e-03	0.000000e+00	0.000000e+00	0.000000e+00	0.000000e+00	6.072787e-04	2.058275e-02	0.000000e+00	0.000000e+00	0.000000e+00	0.000000e+00	4.300215e-01	3.196939e-02
4.300215e-01	1.784217e-02	0.000000e+00	3.455134e-04	8.490659e-03	0.000000e+00	0.000000e+00	0.000000e+00	0.000000e+00	2.107423e-04	0.000000e+00	0.000000e+00	3.217509e-02	3.337362e-02	0.000000e+00	4.338121e-03	1.954836e-02	0.000000e+00	2.372168e-02	9.297464e-03	0.000000e+00	0.000000e+00	0.000000e+00	0.000000e+00	6.072787e-04	2.058275e-02	0.000000e+00	0.000000e+00	0.000000e+00	0.000000e+00	4.300215e-01	3.196939e-02
4.300215e-01	1.784217e-02	0.000000e+00	3.455134e-04	8.490659e-03	0.000000e+00	0.000000e+00	0.000000e+00	0.000000e+00	2.107423e-04	0.000000e+00	0.000000e+00	3.217509e-02	3.337362e-02	0.000000e+00	4.338121e-03	1.954836e-02	0.000000e+00	2.372168e-02	9.297464e-03	0.000000e+00	0.000000e+00	0.000000e+00	0.000000e+00	6.072787e-04	2.058275e-02	0.000000e+00	0.000000e+00	0.000000e+00	0.000000e+00	4.300215e-01	3.196939e-02
4.203151e-01	1.606570e-02	0.000000e+00	3.380713e-03	5.549900e-03	4.829486e-03	1.140647e-03	0.000000e+00	0.000000e+00	3.225102e-04	0.000000e+00	0.000000e+00	4.317298e-02	0.000000e+00	0.000000e+00	7.626342e-03	3.040140e-02	0.000000e+00	0.000000e+00	4.597080e-03	0.000000e+00	3.745706e-03	1.057441e-02	7.922105e-03	6.068138e-04	0.000000e+00	0.000000e+00	2.984996e-03	1.311738e-03	0.000000e+00	4.203151e-01	1.316844e-01
4.190019e-01	6.460566e-03	0.000000e+00	0.000000e+00	0.000000e+00	9.455863e-03	3.359684e-03	0.000000e+00	0.000000e+00	3.504522e-04	0.000000e+00	0.000000e+00	4.297204e-02	1.995321e-02	0.000000e+00	5.698288e-03	3.311466e-02	0.000000e+00	3.156229e-02	1.896091e-02	0.000000e+00	4.682132e-03	0.000000e+00	1.346758e-02	0.000000e+00	2.645386e-02	0.000000e+00	5.280329e-02	0.000000e+00	0.000000e+00	4.190019e-01	1.742301e-01
4.137489e-01	9.671804e-03	0.000000e+00	3.063836e-04	4.717337e-03	0.000000e+00	9.669381e-03	0.000000e+00	0.000000e+00	0.000000e+00	0.000000e+00	0.000000e+00	4.297204e-02	1.995321e-02	0.000000e+00	5.698288e-03	0.000000e+00	0.000000e+00	3.156229e-02	1.162183e-02	0.000000e+00	0.000000e+00	0.000000e+00	0.000000e+00	0.000000e+00	0.000000e+00	0.000000e+00	0.000000e+00	0.000000e+00	0.000000e+00	4.137489e-01	2.123696e-01
4.137489e-01	5.900071e-02	0.000000e+00	0.000000e+00	0.000000e+00	0.000000e+00	9.669381e-03	0.000000e+00	0.000000e+00	0.000000e+00	0.000000e+00	0.000000e+00	4.297204e-02	1.995321e-02	4.394928e-02	5.698288e-03	0.000000e+00	0.000000e+00	3.156229e-02	1.162183e-02	0.000000e+00	1.685568e-03	0.000000e+00	3.564947e-03	0.000000e+00	2.645386e-02	0.000000e+00	0.000000e+00	0.000000e+00	0.000000e+00	4.137489e-01	2.379730e-01
2.604966e-01	1.196745e-02	0.000000e+00	3.653836e-03	5.758040e-03	0.000000e+00	0.000000e+00	0.000000e+00	0.000000e+00	2.888848e-04	0.000000e+00	0.000000e+00	2.753178e-03	0.000000e+00	0.000000e+00	5.698288e-03	2.256761e-02	0.000000e+00	2.272479e-02	0.000000e+00	0.000000e+00	1.148226e-02	0.000000e+00	0.000000e+00	4.858230e-04	0.000000e+00	0.000000e+00	0.000000e+00	0.000000e+00	3.938910e-04	2.604966e-01	2.634856e-01
2.604966e-01	1.196745e-02	0.000000e+00	3.653836e-03	5.758040e-03	0.000000e+00	0.000000e+00	0.000000e+00	0.000000e+00	2.888848e-04	0.000000e+00	0.000000e+00	2.753178e-03	0.000000e+00	0.000000e+00	5.698288e-03	2.256761e-02	0.000000e+00	2.272479e-02	0.000000e+00	0.000000e+00	1.148226e-02	0.000000e+00	0.000000e+00	4.858230e-04	0.000000e+00	0.000000e+00	0.000000e+00	0.000000e+00	3.938910e-04	2.604966e-01	2.634856e-01
2.604966e-01	1.196745e-02	0.000000e+00	3.653836e-03	5.758040e-03	0.000000e+00	0.000000e+00	0.000000e+00	0.000000e+00	2.888848e-04	0.000000e+00	0.000000e+00	2.753178e-03	0.000000e+00	0.000000e+00	5.698288e-03	2.256761e-02	0.000000e+00	2.272479e-02	0.000000e+00	0.000000e+00	1.148226e-02	0.000000e+00	0.000000e+00	4.858230e-04	0.000000e+00	0.000000e+00	0.000000e+00	0.000000e+00	3.938910e-04	2.604966e-01	2.634856e-01
2.604966e-01	1.196745e-02	0.000000e+00	3.653836e-03	5.758040e-03	0.000000e+00	0.000000e+00	0.000000e+00	0.000000e+00	2.888848e-04	0.000000e+00	0.000000e+00	2.753178e-03	0.000000e+00	0.000000e+00	5.698288e-03	2.256761e-02	0.000000e+00	2.272479e-02	0.000000e+00	0.000000e+00	1.148226e-02	0.000000e+00	0.000000e+00	4.858230e-04	0.000000e+00	0.000000e+00	0.000000e+00	0.000000e+00	3.938910e-04	2.604966e-01	2.634856e-01
2.604966e-01	1.196745e-02	0.000000e+00	3.653836e-03	5.758040e-03	0.000000e+00	0.000000e+00	0.000000e+00	0.000000e+00	2.888848e-04	0.000000e+00	0.000000e+00	2.753178e-03	0.000000e+00	0.000000e+00	5.698288e-03	2.256761e-02	0.000000e+00	2.272479e-02	0.000000e+00	0.000000e+00	1.148226e-02	0.000000e+00	0.000000e+00	4.858230e-04	0.000000e+00	0.000000e+00	0.000000e+00	0.000000e+00	3.938910e-04	2.604966e-01	2.634856e-01
2.604966e-01	1.196745e-02	0.000000e+00	3.653836e-03	5.758040e-03	0.000000e+00	0.000000e+00	0.000000e+00	0.000000e+00	2.888848e-04	0.000000e+00	0.000000e+00	2.753178e-03	0.000000e+00	0.000000e+00	5.698288e-03	2.256761e-02	0.000000e+00	2.272479e-02	0.000000e+00	0.000000e+00	1.148226e-02	0.000000e+00	0.000000e+00	4.858230e-04	0.000000e+00	0.000000e+00	0.000000e+00	0.000000e+00	3.938910e-04	2.604966e-01	2.634856e-01
2.604966e-01	1.196745e-02	0.000000e+00	3.653836e-03	5.758040e-03	0.000000e+00	0.000000e+00	0.000000e+00	0.000000e+00	2.888848e-04	0.000000e+00	0.000000e+00	2.753178e-03	0.000000e+00	0.000000e+00	5.698288e-03	2.256761e-02	0.000000e+00	2.272479e-02	0.000000e+00	0.000000e+00	1.148226e-02	0.000000e+00	0.000000e+00	4.858230e-04	0.000000e+00	0.000000e+00	0.000000e+00	0.000000e+00	3.938910e-04	2.604966e-01	2.634856e-01
2.604966e-01	1.196745e-02	0.000000e+00	3.653836e-03	5.758040e-03	0.000000e+00	0.000000e+00	0.000000e+00	0.000000e+00	2.888848e-04	0.000000e+00	0.000000e+00	2.753178e-03	0.000000e+00	0.000000e+00	5.698288e-03	2.256761e-02	0.000000e+00	2.272479e-02	0.000000e+00	0.000000e+00	1.148226e-02	0.000000e+00	0.000000e+00	4.858230e-04	0.000000e+00	0.000000e+00	0.000000e+00	0.000000e+00	3.938910e-04	2.604966e-01	2.634856e-01
2.518852e-01	0.000000e+00	0.000000e+00	0.000000e+00	2.772883e-03	0.000000e+00	0.000000e+00	0.000000e+00	0.000000e+00	0.000000e+00	0.000000e+00	0.000000e+00	6.403589e-02	0.000000e+00	0.000000e+00	0.000000e+00	1.494758e-02	0.000000e+00	1.621940e-02	8.274743e-03	0.000000e+00	0.000000e+00	0.000000e+00	3.672153e-02	2.024872e-02	0.000000e+00	0.000000e+00	0.000000e+00	8.023012e-03	0.000000e+00	2.518852e-01	2.866559e-01
2.437623e-01	4.892263e-04	0.000000e+00	3.806322e-02	4.795947e-03	5.894461e-05	0.000000e+00	0.000000e+00	0.000000e+00	2.888848e-04	1.369825e-02	0.000000e+00	2.753178e-03	0.000000e+00	0.000000e+00	0.000000e+00	3.199272e-02	0.000000e+00	2.272479e-02	0.000000e+00	0.000000e+00	7.782566e-03	0.000000e+00	4.464364e-02	4.858230e-04	0.000000e+00	0.000000e+00	0.000000e+00	2.125778e-02	3.938910e-04	2.437623e-01	3.116631e-01
2.437623e-01	4.892263e-04	0.000000e+00	3.806322e-02	4.795947e-03	5.894461e-05	0.000000e+00	0.000000e+00	0.000000e+00	2.888848e-04	1.369825e-02	0.000000e+00	2.753178e-03	0.000000e+00	0.000000e+00	0.000000e+00	3.199272e-02	0.000000e+00	2.272479e-02	0.000000e+00	0.000000e+00	7.782566e-03	0.000000e+00	4.464364e-02	4.858230e-04	0.000000e+00	0.000000e+00	0.000000e+00	2.125778e-02	3.938910e-04	2.437623e-01	3.116631e-01
2.282321e-01	0.000000e+00	0.000000e+00	0.000000e+00	0.000000e+00	0.000000e+00	0.000000e+00	0.000000e+00	0.000000e+00	0.000000e+00	0.000000e+00	0.000000e+00	9.474591e-02	0.000000e+00	0.000000e+00	0.000000e+00	1.264621e-02	0.000000e+00	2.280064e-03	1.357058e-02	0.000000e+00	0.000000e+00	0.000000e+00	1.090925e-02	3.505050e-02	0.000000e+00	0.000000e+00	0.000000e+00	8.023012e-03	0.000000e+00	2.282321e-01	3.873904e-01
2.234561e-01	5.135629e-03	0.000000e+00	3.653836e-03	1.036447e-02	4.788081e-03	0.000000e+00	0.000000e+00	0.000000e+00	2.888848e-04	1.095860e-02	0.000000e+00	6.218877e-02	2.111056e-02	0.000000e+00	1.139658e-03	2.780633e-02	0.000000e+00	2.272479e-02	1.489454e-02	0.000000e+00	1.832820e-03	0.000000e+00	9.902631e-03	1.606121e-02	0.000000e+00	0.000000e+00	0.000000e+00	0.000000e+00	3.938910e-04	2.234561e-01	4.279157e-01
2.141960e-01	3.427674e-03	0.000000e+00	0.000000e+00	1.036447e-02	0.000000e+00	7.735505e-02	0.000000e+00	0.000000e+00	0.000000e+00	6.164214e-03	0.000000e+00	7.704766e-02	2.638821e-02	0.000000e+00	0.000000e+00	2.911601e-02	0.000000e+00	0.000000e+00	1.489454e-02	0.000000e+00	1.832820e-03	0.000000e+00	1.237829e-02	1.995505e-02	0.000000e+00	0.000000e+00	0.000000e+00	4.423993e-03	0.000000e+00	2.141960e-01	5.128101e-01
2.141960e-01	3.427674e-03	0.000000e+00	0.000000e+00	1.036447e-02	0.000000e+00	7.735505e-02	0.000000e+00	0.000000e+00	0.000000e+00	6.164214e-03	0.000000e+00	7.704766e-02	2.638821e-02	0.000000e+00	0.000000e+00	2.911601e-02	0.000000e+00	0.000000e+00	1.489454e-02	0.000000e+00	1.832820e-03	0.000000e+00	1.237829e-02	1.995505e-02	0.000000e+00	0.000000e+00	0.000000e+00	4.423993e-03	0.000000e+00	2.141960e-01	5.128101e-01
1.983081e-01	2.408847e-02	0.000000e+00	0.000000e+00	4.795947e-03	2.948604e-03	3.867752e-02	0.000000e+00	0.000000e+00	0.000000e+00	0.000000e+00	0.000000e+00	3.866013e-02	0.000000e+00	0.000000e+00	0.000000e+00	3.199272e-02	0.000000e+00	0.000000e+00	8.274743e-03	0.000000e+00	7.782566e-03	8.595587e-03	0.000000e+00	1.452820e-03	0.000000e+00	0.000000e+00	2.766479e-02	2.125778e-02	0.000000e+00	1.983081e-01	6.176150e-01
1.946634e-01	3.427674e-03	3.519264e-03	0.000000e+00	1.036447e-02	0.000000e+00	3.867752e-02	0.000000e+00	0.000000e+00	0.000000e+00	0.000000e+00	0.000000e+00	7.704766e-02	3.577068e-02	0.000000e+00	7.918756e-04	3.199272e-02	0.000000e+00	0.000000e+00	5.787155e-03	0.000000e+00	0.000000e+00	1.719117e-03	1.295077e-02	5.306205e-02	0.000000e+00	0.000000e+00	0.000000e+00	2.125778e-02	0.000000e+00	1.946634e-01	6.634094e-01
9.081998e-02	0.000000e+00	0.000000e+00	3.653836e-03	2.072895e-03	8.933705e-03	0.000000e+00	0.000000e+00	0.000000e+00	2.888848e-04	1.369825e-02	0.000000e+00	0.000000e+00	2.359051e-02	0.000000e+00	4.700353e-03	2.911601e-02	0.000000e+00	0.000000e+00	0.000000e+00	0.000000e+00	0.000000e+00	5.501176e-03	1.588510e-02	1.307538e-02	0.000000e+00	0.000000e+00	0.000000e+00	4.423993e-03	0.000000e+00	9.081998e-02	7.057931e-01
9.081998e-02	0.000000e+00	0.000000e+00	3.653836e-03	2.072895e-03	8.933705e-03	0.000000e+00	0.000000e+00	0.000000e+00	2.888848e-04	1.369825e-02	0.000000e+00	0.000000e+00	2.359051e-02	0.000000e+00	4.700353e-03	2.911601e-02	0.000000e+00	0.000000e+00	0.000000e+00	0.000000e+00	0.000000e+00	5.501176e-03	1.588510e-02	1.307538e-02	0.000000e+00	0.000000e+00	0.000000e+00	4.423993e-03	0.000000e+00	9.081998e-02	7.057931e-01
9.081998e-02	0.000000e+00	0.000000e+00	3.653836e-03	2.072895e-03	8.933705e-03	0.000000e+00	0.000000e+00	0.000000e+00	2.888848e-04	1.369825e-02	0.000000e+00	0.000000e+00	2.359051e-02	0.000000e+00	4.700353e-03	2.911601e-02	0.000000e+00	0.000000e+00	0.000000e+00	0.000000e+00	0.000000e+00	5.501176e-03	1.588510e-02	1.307538e-02	0.000000e+00	0.000000e+00	0.000000e+00	4.423993e-03	0.000000e+00	9.081998e-02	7.057931e-01
9.081998e-02	0.000000e+00	0.000000e+00	3.653836e-03	2.072895e-03	8.933705e-03	0.000000e+00	0.000000e+00	0.000000e+00	2.888848e-04	1.369825e-02	0.000000e+00	0.000000e+00	2.359051e-02	0.000000e+00	4.700353e-03	2.911601e-02	0.000000e+00	0.000000e+00	0.000000e+00	0.000000e+00	0.000000e+00	5.501176e-03	1.588510e-02	1.307538e-02	0.000000e+00	0.000000e+00	0.000000e+00	4.423993e-03	0.000000e+00	9.081998e-02	7.057931e-01
9.081998e-02	0.000000e+00	0.000000e+00	3.653836e-03	2.072895e-03	8.933705e-03	0.000000e+00	0.000000e+00	0.000000e+00	2.888848e-04	1.369825e-02	0.000000e+00	0.000000e+00	2.359051e-02	0.000000e+00	4.700353e-03	2.911601e-02	0.000000e+00	0.000000e+00	0.000000e+00	0.000000e+00	0.000000e+00	5.501176e-03	1.588510e-02	1.307538e-02	0.000000e+00	0.000000e+00	0.000000e+00	4.423993e-03	0.000000e+00	9.081998e-02	7.057931e-01
9.081998e-02	0.000000e+00	0.000000e+00	3.653836e-03	2.072895e-03	8.933705e-03	0.000000e+00	0.000000e+00	0.000000e+00	2.888848e-04	1.369825e-02	0.000000e+00	0.000000e+00	2.359051e-02	0.000000e+00	4.700353e-03	2.911601e-02	0.000000e+00	0.000000e+00	0.000000e+00	0.000000e+00	0.000000e+00	5.501176e-03	1.588510e-02	1.307538e-02	0.000000e+00	0.000000e+00	0.000000e+00	4.423993e-03	0.000000e+00	9.081998e-02	7.057931e-01
6.640414e-02	0.000000e+00	0.000000e+00	0.000000e+00	0.000000e+00	5.757276e-03	3.867752e-02	0.000000e+00	0.000000e+00	0.000000e+00	1.369825e-02	0.000000e+00	0.000000e+00	2.638821e-02	0.000000e+00	1.819431e-03	2.911601e-02	0.000000e+00	0.000000e+00	2.487588e-03	0.000000e+00	0.000000e+00	1.547206e-02	1.756644e-02	4.864785e-02	0.000000e+00	0.000000e+00	0.000000e+00	4.423993e-03	0.000000e+00	6.640414e-02	7.398236e-01
6.030018e-02	1.147822e-02	0.000000e+00	0.000000e+00	0.000000e+00	4.963169e-03	3.768738e-02	0.000000e+00	0.000000e+00	0.000000e+00	0.000000e+00	0.000000e+00	0.000000e+00	1.466011e-02	0.000000e+00	1.621463e-03	0.000000e+00	0.000000e+00	0.000000e+00	3.109485e-03	0.000000e+00	0.000000e+00	1.719117e-02	1.685083e-02	7.264099e-03	0.000000e+00	0.000000e+00	0.000000e+00	1.720340e-01	0.000000e+00	6.030018e-02	7.755964e-01
4.868634e-02	1.707596e-02	0.000000e+00	3.653836e-03	0.000000e+00	1.608067e-02	0.000000e+00	0.000000e+00	0.000000e+00	0.000000e+00	2.465686e-02	0.000000e+00	0.000000e+00	4.470107e-02	0.000000e+00	8.460635e-03	2.681464e-02	0.000000e+00	0.000000e+00	0.000000e+00	0.000000e+00	0.000000e+00	5.501176e-03	1.673075e-02	2.237343e-02	0.000000e+00	0.000000e+00	0.000000e+00	0.000000e+00	0.000000e+00	4.868634e-02	7.821640e-01
1.816400e-02	0.000000e+00	0.000000e+00	3.653836e-03	1.202279e-02	8.420806e-03	0.000000e+00	0.000000e+00	0.000000e+00	5.199926e-04	2.191721e-03	0.000000e+00	0.000000e+00	4.222113e-03	0.000000e+00	9.051974e-03	2.964742e-02	0.000000e+00	2.272479e-02	1.489454e-02	0.000000e+00	1.832820e-03	0.000000e+00	4.085773e-03	8.622768e-03	0.000000e+00	0.000000e+00	0.000000e+00	3.539195e-03	3.938910e-04	1.816400e-02	8.918573e-01
1.524606e-02	2.020362e-02	0.000000e+00	0.000000e+00	7.082844e-03	1.786741e-03	8.725649e-03	0.000000e+00	0.000000e+00	0.000000e+00	2.739651e-03	3.381652e-02	3.397527e-02	5.277641e-03	0.000000e+00	2.284894e-03	1.897172e-02	0.000000e+00	0.000000e+00	0.000000e+00	0.000000e+00	0.000000e+00	1.074448e-02	0.000000e+00	2.615076e-03	0.000000e+00	1.168230e-02	0.000000e+00	8.847987e-04	0.000000e+00	1.524606e-02	9.163562e-01
0.000000e+00	0.000000e+00	0.000000e+00	0.000000e+00	0.000000e+00	8.933705e-03	3.867752e-02	2.553715e-02	0.000000e+00	0.000000e+00	1.369825e-02	0.000000e+00	0.000000e+00	2.638821e-02	0.000000e+00	4.700353e-03	2.911601e-02	0.000000e+00	0.000000e+00	0.000000e+00	0.000000e+00	0.000000e+00	8.595587e-03	1.057051e-03	1.307538e-02	0.000000e+00	0.000000e+00	0.000000e+00	4.423993e-03	0.000000e+00	0.000000e+00	1.054063e+00
