8.478366e-01	0.000000e+00	0.000000e+00	0.000000e+00	0.000000e+00	2.148077e-02	0.000000e+00	0.000000e+00	3.305867e-03	5.422297e-03	0.000000e+00	0.000000e+00	3.938945e-02	0.000000e+00	8.568505e-04	0.000000e+00	0.000000e+00	0.000000e+00	0.000000e+00	1.053320e-03	0.000000e+00	1.762429e-03	1.908663e-02	0.000000e+00	3.816837e-03	0.000000e+00	2.461794e-03	0.000000e+00	0.000000e+00	2.904692e-02	8.478366e-01	-7.450997e-01
8.478366e-01	0.000000e+00	0.000000e+00	0.000000e+00	0.000000e+00	2.148077e-02	0.000000e+00	0.000000e+00	3.305867e-03	5.422297e-03	0.000000e+00	0.000000e+00	3.938945e-02	0.000000e+00	8.568505e-04	0.000000e+00	0.000000e+00	0.000000e+00	0.000000e+00	1.053320e-03	0.000000e+00	1.762429e-03	1.908663e-02	0.000000e+00	3.816837e-03	0.000000e+00	2.461794e-03	0.000000e+00	0.000000e+00	2.904692e-02	8.478366e-01	-7.450997e-01
8.453936e-01	0.000000e+00	0.000000e+00	3.420297e-03	0.000000e+00	2.966315e-02	0.000000e+00	0.000000e+00	5.754457e-03	5.422297e-03	0.000000e+00	0.000000e+00	3.907571e-02	0.000000e+00	1.660948e-03	0.000000e+00	3.108262e-02	0.000000e+00	9.783026e-03	0.000000e+00	0.000000e+00	1.762429e-03	1.526930e-02	0.000000e+00	6.870307e-03	0.000000e+00	2.461794e-03	1.003576e-02	0.000000e+00	0.000000e+00	8.453936e-01	-7.285186e-01
8.453936e-01	0.000000e+00	0.000000e+00	3.420297e-03	0.000000e+00	2.966315e-02	0.000000e+00	0.000000e+00	5.754457e-03	5.422297e-03	0.000000e+00	0.000000e+00	3.907571e-02	0.000000e+00	1.660948e-03	0.000000e+00	3.108262e-02	0.000000e+00	9.783026e-03	0.000000e+00	0.000000e+00	1.762429e-03	1.526930e-02	0.000000e+00	6.870307e-03	0.000000e+00	2.461794e-03	1.003576e-02	0.000000e+00	0.000000e+00	8.453936e-01	-7.285186e-01
8.430544e-01	0.000000e+00	0.000000e+00	5.625488e-03	0.000000e+00	7.080700e-03	0.000000e+00	0.000000e+00	0.000000e+00	0.000000e+00	0.000000e+00	0.000000e+00	3.842012e-02	0.000000e+00	3.024556e-03	0.000000e+00	4.475897e-02	0.000000e+00	1.222878e-02	1.053320e-03	0.000000e+00	4.597354e-04	3.404927e-02	0.000000e+00	1.387097e-03	4.446332e-04	2.168234e-03	3.484640e-02	0.000000e+00	3.039979e-04	8.430544e-01	-7.096743e-01
8.415135e-01	0.000000e+00	0.000000e+00	2.242311e-02	0.000000e+00	0.000000e+00	0.000000e+00	3.500308e-03	5.722124e-03	4.337838e-03	0.000000e+00	0.000000e+00	2.224803e-02	0.000000e+00	0.000000e+00	0.000000e+00	0.000000e+00	4.323693e-03	0.000000e+00	1.886242e-03	0.000000e+00	0.000000e+00	9.925046e-03	1.958691e-02	8.062942e-03	4.293359e-03	2.435164e-03	0.000000e+00	0.000000e+00	2.299434e-02	8.415135e-01	-7.068024e-01
8.415135e-01	0.000000e+00	0.000000e+00	2.242311e-02	0.000000e+00	0.000000e+00	0.000000e+00	3.500308e-03	5.722124e-03	4.337838e-03	0.000000e+00	0.000000e+00	2.224803e-02	0.000000e+00	0.000000e+00	0.000000e+00	0.000000e+00	4.323693e-03	0.000000e+00	1.886242e-03	0.000000e+00	0.000000e+00	9.925046e-03	1.958691e-02	8.062942e-03	4.293359e-03	2.435164e-03	0.000000e+00	0.000000e+00	2.299434e-02	8.415135e-01	-7.068024e-01
8.394159e-01	0.000000e+00	0.000000e+00	0.000000e+00	0.000000e+00	7.080700e-03	0.000000e+00	4.375386e-03	5.722124e-03	0.000000e+00	0.000000e+00	0.000000e+00	2.521542e-02	0.000000e+00	0.000000e+00	0.000000e+00	0.000000e+00	4.323693e-03	0.000000e+00	1.053320e-03	0.000000e+00	0.000000e+00	0.000000e+00	4.625914e-02	6.870307e-03	0.000000e+00	2.179499e-03	0.000000e+00	0.000000e+00	5.228446e-02	8.394159e-01	-6.832460e-01
8.394159e-01	0.000000e+00	0.000000e+00	9.768097e-03	0.000000e+00	7.080700e-03	0.000000e+00	0.000000e+00	0.000000e+00	7.808108e-03	0.000000e+00	0.000000e+00	3.842012e-02	0.000000e+00	2.709632e-03	0.000000e+00	4.475897e-02	2.094589e-03	1.222878e-02	1.053320e-03	0.000000e+00	4.597354e-04	1.870330e-02	0.000000e+00	1.387097e-03	4.217620e-03	2.872291e-03	3.484640e-02	0.000000e+00	3.039979e-04	8.394159e-01	-6.775158e-01
8.377471e-01	0.000000e+00	0.000000e+00	0.000000e+00	0.000000e+00	1.043803e-02	0.000000e+00	0.000000e+00	2.668529e-03	0.000000e+00	0.000000e+00	0.000000e+00	3.231243e-02	0.000000e+00	0.000000e+00	0.000000e+00	0.000000e+00	8.519600e-02	9.783026e-03	1.053320e-03	0.000000e+00	6.686656e-04	0.000000e+00	0.000000e+00	0.000000e+00	9.576124e-03	1.619186e-03	1.211261e-02	1.206579e-02	0.000000e+00	8.377471e-01	-6.615147e-01
8.374897e-01	0.000000e+00	0.000000e+00	0.000000e+00	0.000000e+00	0.000000e+00	1.167650e-02	3.500308e-03	5.754457e-03	1.084459e-03	0.000000e+00	0.000000e+00	4.186921e-02	0.000000e+00	1.713701e-04	0.000000e+00	1.243305e-02	0.000000e+00	9.783026e-03	1.408468e-04	0.000000e+00	1.762429e-03	1.175736e-02	4.555757e-02	0.000000e+00	0.000000e+00	2.428506e-03	0.000000e+00	0.000000e+00	4.763695e-02	8.374897e-01	-6.554517e-01
8.358849e-01	0.000000e+00	0.000000e+00	0.000000e+00	0.000000e+00	1.879802e-02	0.000000e+00	0.000000e+00	3.832638e-03	0.000000e+00	0.000000e+00	0.000000e+00	2.366348e-02	0.000000e+00	1.755841e-03	0.000000e+00	0.000000e+00	2.402051e-03	0.000000e+00	1.053320e-03	0.000000e+00	0.000000e+00	1.908663e-02	4.625914e-02	6.870307e-03	0.000000e+00	2.121118e-03	0.000000e+00	0.000000e+00	2.904692e-02	8.358849e-01	-6.429536e-01
8.358849e-01	0.000000e+00	0.000000e+00	0.000000e+00	0.000000e+00	1.082734e-02	0.000000e+00	0.000000e+00	1.151065e-02	0.000000e+00	0.000000e+00	0.000000e+00	2.366348e-02	0.000000e+00	4.429229e-03	0.000000e+00	4.475897e-02	1.921641e-03	0.000000e+00	1.053320e-03	0.000000e+00	4.597354e-04	4.931857e-02	0.000000e+00	6.870307e-03	0.000000e+00	2.255519e-03	3.484640e-02	0.000000e+00	2.904692e-02	8.358849e-01	-6.315602e-01
8.346010e-01	0.000000e+00	0.000000e+00	1.934981e-02	0.000000e+00	7.080700e-03	0.000000e+00	2.800247e-03	5.722124e-03	0.000000e+00	0.000000e+00	0.000000e+00	9.098893e-03	0.000000e+00	0.000000e+00	0.000000e+00	0.000000e+00	4.323693e-03	0.000000e+00	0.000000e+00	0.000000e+00	6.597155e-04	0.000000e+00	1.693234e-02	9.811406e-03	3.719253e-03	2.435164e-03	0.000000e+00	0.000000e+00	6.715649e-02	8.346010e-01	-6.270193e-01
8.344295e-01	0.000000e+00	0.000000e+00	8.707413e-03	0.000000e+00	1.411472e-02	0.000000e+00	1.260111e-03	5.786411e-04	0.000000e+00	0.000000e+00	0.000000e+00	2.521542e-02	0.000000e+00	8.989907e-04	0.000000e+00	2.486609e-02	1.150787e-01	1.760945e-02	1.053320e-03	0.000000e+00	2.678791e-03	0.000000e+00	0.000000e+00	6.870307e-03	9.530185e-03	2.012011e-03	0.000000e+00	0.000000e+00	0.000000e+00	8.344295e-01	-6.106223e-01
8.324982e-01	0.000000e+00	0.000000e+00	8.707413e-03	0.000000e+00	1.411472e-02	0.000000e+00	1.260111e-03	5.722124e-03	0.000000e+00	0.000000e+00	0.000000e+00	2.521542e-02	0.000000e+00	0.000000e+00	0.000000e+00	0.000000e+00	0.000000e+00	0.000000e+00	1.053320e-03	0.000000e+00	0.000000e+00	0.000000e+00	4.625914e-02	6.870307e-03	1.673664e-03	2.012011e-03	0.000000e+00	0.000000e+00	0.000000e+00	8.324982e-01	-6.030209e-01
8.314711e-01	0.000000e+00	0.000000e+00	2.418726e-02	0.000000e+00	4.740868e-03	0.000000e+00	3.500308e-03	1.470780e-03	0.000000e+00	0.000000e+00	0.000000e+00	2.172355e-02	0.000000e+00	3.160514e-03	0.000000e+00	0.000000e+00	0.000000e+00	0.000000e+00	2.728898e-03	0.000000e+00	2.587074e-03	0.000000e+00	8.899079e-03	3.676374e-03	4.649066e-03	2.263248e-03	0.000000e+00	0.000000e+00	2.323754e-02	8.314711e-01	-5.882246e-01
8.314711e-01	0.000000e+00	0.000000e+00	7.814478e-03	0.000000e+00	4.740868e-03	1.167650e-02	3.500308e-03	3.619634e-03	0.000000e+00	0.000000e+00	0.000000e+00	2.172355e-02	0.000000e+00	3.160514e-03	0.000000e+00	0.000000e+00	0.000000e+00	0.000000e+00	1.408468e-04	0.000000e+00	1.595285e-03	2.672000e-02	4.555757e-02	3.676374e-03	4.649066e-03	2.263248e-03	0.000000e+00	0.000000e+00	2.323754e-02	8.314711e-01	-5.783926e-01
8.304540e-01	0.000000e+00	0.000000e+00	3.420297e-03	0.000000e+00	1.661561e-02	0.000000e+00	0.000000e+00	3.109763e-03	9.760135e-03	0.000000e+00	0.000000e+00	5.197024e-02	0.000000e+00	9.754674e-04	0.000000e+00	5.594871e-02	2.402051e-03	9.783026e-03	0.000000e+00	0.000000e+00	3.172373e-03	0.000000e+00	0.000000e+00	3.816837e-03	0.000000e+00	2.734336e-03	1.003576e-02	0.000000e+00	0.000000e+00	8.304540e-01	-5.603629e-01
8.304540e-01	0.000000e+00	0.000000e+00	2.736237e-03	0.000000e+00	2.630970e-02	0.000000e+00	0.000000e+00	3.109763e-03	9.760135e-03	0.000000e+00	0.000000e+00	5.197024e-02	0.000000e+00	1.123738e-03	0.000000e+00	3.108262e-02	4.167705e-02	9.783026e-03	0.000000e+00	0.000000e+00	3.172373e-03	0.000000e+00	0.000000e+00	3.816837e-03	3.661828e-03	2.813396e-03	3.944333e-02	0.000000e+00	0.000000e+00	8.304540e-01	-5.505413e-01
8.294607e-01	0.000000e+00	0.000000e+00	1.238388e-02	0.000000e+00	1.082734e-02	0.000000e+00	0.000000e+00	3.832638e-03	0.000000e+00	0.000000e+00	0.000000e+00	7.857339e-03	0.000000e+00	1.755841e-03	0.000000e+00	0.000000e+00	0.000000e+00	0.000000e+00	1.053320e-03	0.000000e+00	1.632281e-03	1.908663e-02	1.693234e-02	2.248353e-02	5.428835e-03	2.121118e-03	0.000000e+00	4.131999e-03	6.715649e-02	8.294607e-01	-5.432415e-01
8.280040e-01	0.000000e+00	0.000000e+00	0.000000e+00	0.000000e+00	1.879802e-02	0.000000e+00	0.000000e+00	3.832638e-03	0.000000e+00	0.000000e+00	0.000000e+00	2.366348e-02	0.000000e+00	1.755841e-03	0.000000e+00	0.000000e+00	2.402051e-03	0.000000e+00	1.053320e-03	0.000000e+00	1.632281e-03	1.908663e-02	0.000000e+00	6.870307e-03	5.428835e-03	2.121118e-03	0.000000e+00	4.131999e-03	0.000000e+00	8.280040e-01	-5.325580e-01
8.280040e-01	0.000000e+00	0.000000e+00	0.000000e+00	0.000000e+00	9.115570e-03	0.000000e+00	0.000000e+00	0.000000e+00	4.049110e-02	0.000000e+00	0.000000e+00	2.366348e-02	0.000000e+00	1.768575e-02	0.000000e+00	0.000000e+00	0.000000e+00	8.217742e-03	1.768696e-03	0.000000e+00	4.242801e-03	1.908663e-02	6.672365e-03	0.000000e+00	8.281911e-03	2.574143e-03	3.484640e-02	4.131999e-03	0.000000e+00	8.280040e-01	-5.170752e-01
8.277000e-01	0.000000e+00	0.000000e+00	1.440125e-02	0.000000e+00	1.513265e-02	0.000000e+00	1.024582e-01	3.066110e-03	2.289631e-02	0.000000e+00	4.936513e-02	2.203482e-02	0.000000e+00	0.000000e+00	0.000000e+00	0.000000e+00	0.000000e+00	0.000000e+00	8.248841e-04	0.000000e+00	4.850285e-04	2.097893e-03	0.000000e+00	3.301188e-03	1.285442e-02	2.003005e-03	0.000000e+00	4.131999e-03	3.039979e-04	8.277000e-01	-4.986459e-01
8.277000e-01	0.000000e+00	0.000000e+00	1.440125e-02	0.000000e+00	1.513265e-02	0.000000e+00	1.024582e-01	3.066110e-03	2.289631e-02	0.000000e+00	4.936513e-02	2.203482e-02	0.000000e+00	0.000000e+00	0.000000e+00	0.000000e+00	0.000000e+00	0.000000e+00	8.248841e-04	0.000000e+00	4.850285e-04	2.097893e-03	0.000000e+00	3.301188e-03	1.285442e-02	2.003005e-03	0.000000e+00	4.131999e-03	3.039979e-04	8.277000e-01	-4.986459e-01
8.254806e-01	0.000000e+00	0.000000e+00	0.000000e+00	0.000000e+00	1.644189e-02	0.000000e+00	0.000000e+00	0.000000e+00	0.000000e+00	0.000000e+00	0.000000e+00	2.172355e-02	0.000000e+00	1.404673e-03	0.000000e+00	0.000000e+00	1.921641e-03	6.283897e-02	3.254741e-03	0.000000e+00	2.587074e-03	9.126122e-03	1.745816e-02	0.000000e+00	4.649066e-03	2.598246e-03	0.000000e+00	4.131999e-03	0.000000e+00	8.254806e-01	-4.756857e-01
8.252497e-01	0.000000e+00	0.000000e+00	0.000000e+00	0.000000e+00	3.149398e-03	0.000000e+00	1.702114e-02	0.000000e+00	4.049110e-02	0.000000e+00	0.000000e+00	6.266357e-02	0.000000e+00	1.768575e-02	0.000000e+00	0.000000e+00	0.000000e+00	8.217742e-03	1.768696e-03	2.328848e-02	4.242801e-03	1.908663e-02	6.672365e-03	0.000000e+00	0.000000e+00	2.574143e-03	3.484640e-02	4.131999e-03	0.000000e+00	8.252497e-01	-4.542546e-01
8.246900e-01	0.000000e+00	0.000000e+00	1.688080e-02	0.000000e+00	0.000000e+00	0.000000e+00	0.000000e+00	0.000000e+00	2.476271e-02	0.000000e+00	0.000000e+00	2.172355e-02	0.000000e+00	2.719502e-02	0.000000e+00	2.428330e-02	1.537313e-03	0.000000e+00	5.027640e-05	0.000000e+00	2.587074e-03	9.872220e-03	8.781021e-02	1.274084e-02	1.754775e-02	2.598246e-03	0.000000e+00	4.131999e-03	4.013956e-04	8.246900e-01	-4.418269e-01
8.239980e-01	0.000000e+00	0.000000e+00	0.000000e+00	0.000000e+00	7.386697e-03	0.000000e+00	1.024582e-01	0.000000e+00	5.528919e-02	0.000000e+00	4.936513e-02	0.000000e+00	0.000000e+00	0.000000e+00	0.000000e+00	0.000000e+00	0.000000e+00	0.000000e+00	1.397185e-03	0.000000e+00	2.573444e-03	2.097893e-03	0.000000e+00	0.000000e+00	1.508909e-02	5.999738e-02	0.000000e+00	4.131999e-03	8.948751e-04	8.239980e-01	-4.198649e-01
8.226713e-01	2.020212e-02	0.000000e+00	0.000000e+00	0.000000e+00	0.000000e+00	0.000000e+00	1.855304e-02	0.000000e+00	2.996478e-02	0.000000e+00	0.000000e+00	2.231631e-02	0.000000e+00	2.691408e-02	0.000000e+00	0.000000e+00	0.000000e+00	0.000000e+00	1.994962e-03	0.000000e+00	1.075176e-03	1.253414e-02	0.000000e+00	0.000000e+00	0.000000e+00	1.835221e-02	0.000000e+00	2.065999e-02	4.013956e-04	8.226713e-01	-4.149998e-01
8.226713e-01	2.020212e-02	0.000000e+00	0.000000e+00	0.000000e+00	0.000000e+00	0.000000e+00	1.855304e-02	0.000000e+00	2.996478e-02	0.000000e+00	0.000000e+00	2.231631e-02	0.000000e+00	2.691408e-02	0.000000e+00	0.000000e+00	0.000000e+00	0.000000e+00	1.994962e-03	0.000000e+00	1.075176e-03	1.253414e-02	0.000000e+00	0.000000e+00	0.000000e+00	1.835221e-02	0.000000e+00	2.065999e-02	4.013956e-04	8.226713e-01	-4.149998e-01
8.212472e-01	1.345326e-02	0.000000e+00	0.000000e+00	0.000000e+00	0.000000e+00	0.000000e+00	2.127642e-02	0.000000e+00	2.497167e-02	0.000000e+00	0.000000e+00	7.047366e-02	0.000000e+00	2.691408e-02	0.000000e+00	0.000000e+00	0.000000e+00	0.000000e+00	2.992981e-03	0.000000e+00	3.447215e-03	1.311183e-02	1.430173e-02	2.707159e-03	1.844420e-03	2.483591e-02	0.000000e+00	2.065999e-02	0.000000e+00	8.212472e-01	-3.730863e-01
8.211532e-01	0.000000e+00	0.000000e+00	3.342880e-02	0.000000e+00	0.000000e+00	0.000000e+00	0.000000e+00	1.286957e-02	6.241388e-03	0.000000e+00	1.777145e-02	8.518852e-03	0.000000e+00	5.333315e-02	0.000000e+00	0.000000e+00	0.000000e+00	0.000000e+00	1.948984e-03	2.911060e-02	3.031524e-02	7.637890e-03	1.253281e-02	0.000000e+00	1.547251e-02	6.592401e-02	0.000000e+00	7.437598e-03	4.173037e-03	8.211532e-01	-3.595436e-01
8.191225e-01	2.399597e-03	0.000000e+00	3.797093e-02	0.000000e+00	0.000000e+00	0.000000e+00	0.000000e+00	0.000000e+00	0.000000e+00	0.000000e+00	6.318737e-03	0.000000e+00	0.000000e+00	4.081506e-03	0.000000e+00	0.000000e+00	1.921641e-03	0.000000e+00	0.000000e+00	0.000000e+00	0.000000e+00	6.666462e-03	0.000000e+00	8.214392e-03	4.649066e-03	5.791878e-02	0.000000e+00	3.718799e-02	0.000000e+00	8.191225e-01	-3.393455e-01
8.191225e-01	2.399597e-03	0.000000e+00	3.797093e-02	0.000000e+00	0.000000e+00	0.000000e+00	0.000000e+00	0.000000e+00	0.000000e+00	0.000000e+00	6.318737e-03	0.000000e+00	0.000000e+00	4.081506e-03	0.000000e+00	0.000000e+00	1.921641e-03	0.000000e+00	0.000000e+00	0.000000e+00	0.000000e+00	6.666462e-03	0.000000e+00	8.214392e-03	4.649066e-03	5.791878e-02	0.000000e+00	3.718799e-02	0.000000e+00	8.191225e-01	-3.393455e-01
8.184639e-01	0.000000e+00	0.000000e+00	1.688080e-02	0.000000e+00	0.000000e+00	0.000000e+00	0.000000e+00	0.000000e+00	3.676477e-02	0.000000e+00	0.000000e+00	4.893293e-03	0.000000e+00	1.245543e-01	0.000000e+00	0.000000e+00	0.000000e+00	0.000000e+00	1.157016e-03	0.000000e+00	0.000000e+00	0.000000e+00	8.781021e-02	1.742196e-03	2.197487e-02	2.525439e-03	0.000000e+00	4.131999e-03	0.000000e+00	8.184639e-01	-3.009143e-01
8.170107e-01	6.611096e-03	0.000000e+00	1.350464e-02	0.000000e+00	0.000000e+00	0.000000e+00	3.404227e-03	0.000000e+00	0.000000e+00	0.000000e+00	0.000000e+00	2.000390e-02	0.000000e+00	7.097819e-02	0.000000e+00	0.000000e+00	1.537313e-03	0.000000e+00	1.247524e-03	0.000000e+00	7.485245e-03	8.610007e-04	7.024817e-02	1.742196e-03	1.795571e-02	1.021455e-02	0.000000e+00	7.437598e-03	3.194644e-05	8.170107e-01	-2.797684e-01
8.170107e-01	6.611096e-03	0.000000e+00	1.350464e-02	0.000000e+00	0.000000e+00	0.000000e+00	3.404227e-03	0.000000e+00	0.000000e+00	0.000000e+00	0.000000e+00	2.000390e-02	0.000000e+00	1.092694e-01	0.000000e+00	0.000000e+00	1.537313e-03	0.000000e+00	1.247524e-03	0.000000e+00	7.485245e-03	8.610007e-04	7.024817e-02	0.000000e+00	4.295938e-02	3.368459e-02	0.000000e+00	7.437598e-03	3.194644e-05	8.170107e-01	-2.648277e-01
8.148018e-01	0.000000e+00	0.000000e+00	5.455104e-03	0.000000e+00	0.000000e+00	0.000000e+00	1.361691e-02	2.316523e-02	0.000000e+00	0.000000e+00	0.000000e+00	0.000000e+00	0.000000e+00	2.764180e-02	0.000000e+00	0.000000e+00	0.000000e+00	0.000000e+00	0.000000e+00	2.328848e-02	3.085098e-02	0.000000e+00	0.000000e+00	0.000000e+00	1.090247e-02	2.109921e-03	0.000000e+00	1.008208e-02	3.338430e-03	8.148018e-01	-2.421885e-01
8.148018e-01	0.000000e+00	0.000000e+00	5.455104e-03	0.000000e+00	0.000000e+00	0.000000e+00	1.361691e-02	2.316523e-02	0.000000e+00	0.000000e+00	0.000000e+00	0.000000e+00	0.000000e+00	2.764180e-02	0.000000e+00	0.000000e+00	0.000000e+00	0.000000e+00	0.000000e+00	2.328848e-02	3.085098e-02	0.000000e+00	0.000000e+00	0.000000e+00	1.090247e-02	2.109921e-03	0.000000e+00	1.008208e-02	3.338430e-03	8.148018e-01	-2.421885e-01
8.130216e-01	0.000000e+00	0.000000e+00	3.342880e-02	0.000000e+00	0.000000e+00	0.000000e+00	0.000000e+00	7.149762e-03	6.241388e-03	0.000000e+00	8.885724e-02	0.000000e+00	0.000000e+00	0.000000e+00	0.000000e+00	0.000000e+00	0.000000e+00	0.000000e+00	0.000000e+00	0.000000e+00	1.684180e-02	4.305004e-03	0.000000e+00	0.000000e+00	0.000000e+00	4.649143e-04	0.000000e+00	2.065999e-02	1.597322e-04	8.130216e-01	-1.943827e-01
8.130216e-01	2.961495e-02	0.000000e+00	0.000000e+00	0.000000e+00	4.972422e-03	0.000000e+00	0.000000e+00	1.286957e-02	6.241388e-03	0.000000e+00	1.599430e-01	0.000000e+00	0.000000e+00	2.170884e-02	0.000000e+00	0.000000e+00	0.000000e+00	0.000000e+00	0.000000e+00	0.000000e+00	1.071567e-02	4.305004e-03	2.860345e-03	5.414319e-04	0.000000e+00	0.000000e+00	0.000000e+00	2.065999e-02	3.211165e-04	8.130216e-01	-1.774604e-01
8.130216e-01	2.961495e-02	0.000000e+00	0.000000e+00	0.000000e+00	4.972422e-03	0.000000e+00	0.000000e+00	1.286957e-02	0.000000e+00	0.000000e+00	1.599430e-01	2.681898e-02	0.000000e+00	1.084395e-01	0.000000e+00	0.000000e+00	1.537313e-03	0.000000e+00	2.806711e-03	0.000000e+00	1.071567e-02	5.422241e-03	2.860345e-03	1.742196e-03	0.000000e+00	0.000000e+00	0.000000e+00	0.000000e+00	3.211165e-04	8.130216e-01	-1.609517e-01
8.109737e-01	0.000000e+00	0.000000e+00	1.992416e-02	0.000000e+00	0.000000e+00	0.000000e+00	0.000000e+00	1.744542e-02	0.000000e+00	0.000000e+00	1.283493e-01	0.000000e+00	0.000000e+00	5.820332e-02	0.000000e+00	0.000000e+00	0.000000e+00	0.000000e+00	0.000000e+00	0.000000e+00	2.432705e-02	3.810117e-03	0.000000e+00	6.571514e-03	0.000000e+00	1.668445e-04	0.000000e+00	3.388239e-02	1.597322e-04	8.109737e-01	-1.237684e-01
4.513203e-01	0.000000e+00	0.000000e+00	0.000000e+00	0.000000e+00	0.000000e+00	0.000000e+00	0.000000e+00	1.286957e-02	6.241388e-03	0.000000e+00	0.000000e+00	0.000000e+00	0.000000e+00	6.506555e-03	0.000000e+00	0.000000e+00	0.000000e+00	0.000000e+00	0.000000e+00	0.000000e+00	9.356556e-03	4.140996e-05	0.000000e+00	0.000000e+00	0.000000e+00	0.000000e+00	0.000000e+00	0.000000e+00	0.000000e+00	4.513203e-01	-1.155094e-01
4.513203e-01	0.000000e+00	0.000000e+00	0.000000e+00	0.000000e+00	0.000000e+00	0.000000e+00	0.000000e+00	1.286957e-02	6.241388e-03	0.000000e+00	0.000000e+00	0.000000e+00	0.000000e+00	6.506555e-03	0.000000e+00	0.000000e+00	0.000000e+00	0.000000e+00	0.000000e+00	0.000000e+00	9.356556e-03	4.140996e-05	0.000000e+00	0.000000e+00	0.000000e+00	0.000000e+00	0.000000e+00	0.000000e+00	0.000000e+00	4.513203e-01	-1.155094e-01
4.513203e-01	0.000000e+00	0.000000e+00	0.000000e+00	0.000000e+00	0.000000e+00	0.000000e+00	0.000000e+00	1.286957e-02	6.241388e-03	0.000000e+00	0.000000e+00	0.000000e+00	0.000000e+00	6.506555e-03	0.000000e+00	0.000000e+00	0.000000e+00	0.000000e+00	0.000000e+00	0.000000e+00	9.356556e-03	4.140996e-05	0.000000e+00	0.000000e+00	0.000000e+00	0.000000e+00	0.000000e+00	0.000000e+00	0.000000e+00	4.513203e-01	-1.155094e-01
4.513203e-01	0.000000e+00	0.000000e+00	0.000000e+00	0.000000e+00	0.000000e+00	0.000000e+00	0.000000e+00	1.286957e-02	6.241388e-03	0.000000e+00	0.000000e+00	0.000000e+00	0.000000e+00	6.506555e-03	0.000000e+00	0.000000e+00	0.000000e+00	0.000000e+00	0.000000e+00	0.000000e+00	9.356556e-03	4.140996e-05	0.000000e+00	0.000000e+00	0.000000e+00	0.000000e+00	0.000000e+00	0.000000e+00	0.000000e+00	4.513203e-01	-1.155094e-01
4.513203e-01	0.000000e+00	0.000000e+00	0.000000e+00	0.000000e+00	0.000000e+00	0.000000e+00	0.000000e+00	1.286957e-02	6.241388e-03	0.000000e+00	0.000000e+00	0.000000e+00	0.000000e+00	6.506555e-03	0.000000e+00	0.000000e+00	0.000000e+00	0.000000e+00	0.000000e+00	0.000000e+00	9.356556e-03	4.140996e-05	0.000000e+00	0.000000e+00	0.000000e+00	0.000000e+00	0.000000e+00	0.000000e+00	0.000000e+00	4.513203e-01	-1.155094e-01
4.513203e-01	0.000000e+00	0.000000e+00	0.000000e+00	0.000000e+00	0.000000e+00	0.000000e+00	0.000000e+00	1.286957e-02	6.241388e-03	0.000000e+00	0.000000e+00	0.000000e+00	0.000000e+00	6.506555e-03	0.000000e+00	0.000000e+00	0.000000e+00	0.000000e+00	0.000000e+00	0.000000e+00	9.356556e-03	4.140996e-05	0.000000e+00	0.000000e+00	0.000000e+00	0.000000e+00	0.000000e+00	0.000000e+00	0.000000e+00	4.513203e-01	-1.155094e-01
4.513203e-01	0.000000e+00	0.000000e+00	0.000000e+00	0.000000e+00	0.000000e+00	0.000000e+00	0.000000e+00	1.286957e-02	6.241388e-03	0.000000e+00	0.000000e+00	0.000000e+00	0.000000e+00	6.506555e-03	0.000000e+00	0.000000e+00	0.000000e+00	0.000000e+00	0.000000e+00	0.000000e+00	9.356556e-03	4.140996e-05	0.000000e+00	0.000000e+00	0.000000e+00	0.000000e+00	0.000000e+00	0.000000e+00	0.000000e+00	4.513203e-01	-1.155094e-01
4.513203e-01	0.000000e+00	0.000000e+00	0.000000e+00	0.000000e+00	0.000000e+00	0.000000e+00	0.000000e+00	1.286957e-02	6.241388e-03	0.000000e+00	0.000000e+00	0.000000e+00	0.000000e+00	6.506555e-03	0.000000e+00	0.000000e+00	0.000000e+00	0.000000e+00	0.000000e+00	0.000000e+00	9.356556e-03	4.140996e-05	0.000000e+00	0.000000e+00	0.000000e+00	0.000000e+00	0.000000e+00	0.000000e+00	0.000000e+00	4.513203e-01	-1.155094e-01
4.513203e-01	0.000000e+00	0.000000e+00	0.000000e+00	0.000000e+00	0.000000e+00	0.000000e+00	0.000000e+00	1.286957e-02	6.241388e-03	0.000000e+00	0.000000e+00	0.000000e+00	0.000000e+00	6.506555e-03	0.000000e+00	0.000000e+00	0.000000e+00	0.000000e+00	0.000000e+00	0.000000e+00	9.356556e-03	4.140996e-05	0.000000e+00	0.000000e+00	0.000000e+00	0.000000e+00	0.000000e+00	0.000000e+00	0.000000e+00	4.513203e-01	-1.155094e-01
4.513203e-01	0.000000e+00	0.000000e+00	0.000000e+00	0.000000e+00	0.000000e+00	0.000000e+00	0.000000e+00	1.286957e-02	6.241388e-03	0.000000e+00	0.000000e+00	0.000000e+00	0.000000e+00	6.506555e-03	0.000000e+00	0.000000e+00	0.000000e+00	0.000000e+00	0.000000e+00	0.000000e+00	9.356556e-03	4.140996e-05	0.000000e+00	0.000000e+00	0.000000e+00	0.000000e+00	0.000000e+00	0.000000e+00	0.000000e+00	4.513203e-01	-1.155094e-01
4.513203e-01	0.000000e+00	0.000000e+00	0.000000e+00	0.000000e+00	0.000000e+00	0.000000e+00	0.000000e+00	1.286957e-02	6.241388e-03	0.000000e+00	0.000000e+00	0.000000e+00	0.000000e+00	6.506555e-03	0.000000e+00	0.000000e+00	0.000000e+00	0.000000e+00	0.000000e+00	0.000000e+00	9.356556e-03	4.140996e-05	0.000000e+00	0.000000e+00	0.000000e+00	0.000000e+00	0.000000e+00	0.000000e+00	0.000000e+00	4.513203e-01	-1.155094e-01
4.513203e-01	0.000000e+00	0.000000e+00	0.000000e+00	0.000000e+00	0.000000e+00	0.000000e+00	0.000000e+00	1.286957e-02	6.241388e-03	0.000000e+00	0.000000e+00	0.000000e+00	0.000000e+00	6.506555e-03	0.000000e+00	0.000000e+00	0.000000e+00	0.000000e+00	0.000000e+00	0.000000e+00	9.356556e-03	4.140996e-05	0.000000e+00	0.000000e+00	0.000000e+00	0.000000e+00	0.000000e+00	0.000000e+00	0.000000e+00	4.513203e-01	-1.155094e-01
4.513203e-01	0.000000e+00	0.000000e+00	0.000000e+00	0.000000e+00	0.000000e+00	0.000000e+00	0.000000e+00	1.286957e-02	6.241388e-03	0.000000e+00	0.000000e+00	0.000000e+00	0.000000e+00	6.506555e-03	0.000000e+00	0.000000e+00	0.000000e+00	0.000000e+00	0.000000e+00	0.000000e+00	9.356556e-03	4.140996e-05	0.000000e+00	0.000000e+00	0.000000e+00	0.000000e+00	0.000000e+00	0.000000e+00	0.000000e+00	4.513203e-01	-1.155094e-01
4.513203e-01	0.000000e+00	0.000000e+00	0.000000e+00	0.000000e+00	0.000000e+00	0.000000e+00	0.000000e+00	1.286957e-02	6.241388e-03	0.000000e+00	0.000000e+00	0.000000e+00	0.000000e+00	6.506555e-03	0.000000e+00	0.000000e+00	0.000000e+00	0.000000e+00	0.000000e+00	0.000000e+00	9.356556e-03	4.140996e-05	0.000000e+00	0.000000e+00	0.000000e+00	0.000000e+00	0.000000e+00	0.000000e+00	0.000000e+00	4.513203e-01	-1.155094e-01
4.498890e-01	0.000000e+00	0.000000e+00	0.000000e+00	1.700198e-03	0.000000e+00	0.000000e+00	0.000000e+00	0.000000e+00	4.406603e-03	0.000000e+00	0.000000e+00	0.000000e+00	0.000000e+00	0.000000e+00	0.000000e+00	9.673919e-03	0.000000e+00	0.000000e+00	0.000000e+00	0.000000e+00	9.356556e-03	0.000000e+00	0.000000e+00	0.000000e+00	9.516147e-03	0.000000e+00	0.000000e+00	0.000000e+00	0.000000e+00	4.498890e-01	-1.134665e-01
4.456947e-01	0.000000e+00	0.000000e+00	2.012270e-02	0.000000e+00	0.000000e+00	0.000000e+00	0.000000e+00	0.000000e+00	6.241388e-03	0.000000e+00	0.000000e+00	0.000000e+00	0.000000e+00	6.506555e-03	0.000000e+00	0.000000e+00	0.000000e+00	0.000000e+00	0.000000e+00	0.000000e+00	9.356556e-03	4.140996e-05	0.000000e+00	0.000000e+00	0.000000e+00	0.000000e+00	0.000000e+00	0.000000e+00	0.000000e+00	4.456947e-01	-1.004745e-01
4.456947e-01	0.000000e+00	0.000000e+00	2.012270e-02	0.000000e+00	0.000000e+00	0.000000e+00	0.000000e+00	0.000000e+00	6.241388e-03	0.000000e+00	0.000000e+00	0.000000e+00	0.000000e+00	6.506555e-03	0.000000e+00	0.000000e+00	0.000000e+00	0.000000e+00	0.000000e+00	0.000000e+00	9.356556e-03	4.140996e-05	0.000000e+00	0.000000e+00	0.000000e+00	0.000000e+00	0.000000e+00	0.000000e+00	0.000000e+00	4.456947e-01	-1.004745e-01
4.359821e-01	2.174402e-02	0.000000e+00	0.000000e+00	2.577205e-03	0.000000e+00	0.000000e+00	0.000000e+00	0.000000e+00	1.197325e-02	0.000000e+00	2.395766e-03	2.501234e-03	6.943192e-04	4.374476e-03	0.000000e+00	0.000000e+00	0.000000e+00	0.000000e+00	0.000000e+00	0.000000e+00	7.725780e-03	0.000000e+00	0.000000e+00	1.493195e-03	7.042004e-04	4.305702e-04	0.000000e+00	0.000000e+00	0.000000e+00	4.359821e-01	-4.287880e-02
4.323430e-01	0.000000e+00	0.000000e+00	0.000000e+00	3.221507e-03	0.000000e+00	0.000000e+00	0.000000e+00	0.000000e+00	6.241388e-03	0.000000e+00	0.000000e+00	0.000000e+00	0.000000e+00	6.506555e-03	0.000000e+00	0.000000e+00	0.000000e+00	0.000000e+00	0.000000e+00	0.000000e+00	9.356556e-03	0.000000e+00	0.000000e+00	0.000000e+00	9.516147e-03	0.000000e+00	0.000000e+00	0.000000e+00	0.000000e+00	4.323430e-01	-1.777488e-02
4.323430e-01	0.000000e+00	0.000000e+00	0.000000e+00	3.221507e-03	0.000000e+00	0.000000e+00	0.000000e+00	0.000000e+00	6.241388e-03	0.000000e+00	0.000000e+00	0.000000e+00	0.000000e+00	6.506555e-03	0.000000e+00	0.000000e+00	0.000000e+00	0.000000e+00	0.000000e+00	0.000000e+00	9.356556e-03	0.000000e+00	0.000000e+00	0.000000e+00	9.516147e-03	0.000000e+00	0.000000e+00	0.000000e+00	0.000000e+00	4.323430e-01	-1.777488e-02
4.317051e-01	0.000000e+00	0.000000e+00	0.000000e+00	0.000000e+00	0.000000e+00	0.000000e+00	0.000000e+00	1.029566e-02	4.475948e-02	0.000000e+00	0.000000e+00	0.000000e+00	0.000000e+00	1.035018e-01	0.000000e+00	1.209240e-02	0.000000e+00	0.000000e+00	0.000000e+00	0.000000e+00	1.440780e-02	0.000000e+00	0.000000e+00	5.972780e-03	9.516147e-03	0.000000e+00	0.000000e+00	6.396268e-02	0.000000e+00	4.317051e-01	3.626769e-02
4.264626e-01	1.294792e-02	0.000000e+00	0.000000e+00	2.125248e-03	0.000000e+00	0.000000e+00	0.000000e+00	8.937203e-03	3.490070e-02	0.000000e+00	0.000000e+00	6.947872e-03	1.152640e-02	8.822048e-02	0.000000e+00	0.000000e+00	0.000000e+00	0.000000e+00	3.466799e-03	0.000000e+00	0.000000e+00	6.778078e-05	0.000000e+00	7.465974e-03	0.000000e+00	1.393719e-03	0.000000e+00	0.000000e+00	0.000000e+00	4.264626e-01	6.931787e-02
4.264626e-01	1.294792e-02	0.000000e+00	0.000000e+00	2.125248e-03	0.000000e+00	0.000000e+00	0.000000e+00	0.000000e+00	3.490070e-02	0.000000e+00	0.000000e+00	6.947872e-03	1.152640e-02	8.055308e-02	0.000000e+00	0.000000e+00	0.000000e+00	0.000000e+00	3.466799e-03	0.000000e+00	3.978159e-02	6.778078e-05	0.000000e+00	7.465974e-03	3.521002e-03	1.393719e-03	0.000000e+00	0.000000e+00	0.000000e+00	4.264626e-01	7.497496e-02
4.215949e-01	3.689096e-02	0.000000e+00	0.000000e+00	0.000000e+00	0.000000e+00	0.000000e+00	0.000000e+00	0.000000e+00	2.380945e-02	0.000000e+00	0.000000e+00	2.011615e-02	7.173691e-04	8.068349e-02	0.000000e+00	0.000000e+00	0.000000e+00	0.000000e+00	0.000000e+00	0.000000e+00	0.000000e+00	0.000000e+00	0.000000e+00	0.000000e+00	9.516147e-03	1.632925e-03	2.417488e-02	2.661007e-02	1.938153e-02	4.215949e-01	1.376064e-01
4.198058e-01	0.000000e+00	0.000000e+00	0.000000e+00	2.244158e-03	0.000000e+00	0.000000e+00	0.000000e+00	0.000000e+00	3.373563e-02	0.000000e+00	0.000000e+00	5.558298e-03	2.074752e-02	7.458282e-02	0.000000e+00	1.209240e-02	0.000000e+00	0.000000e+00	4.608284e-02	0.000000e+00	0.000000e+00	7.200012e-05	0.000000e+00	1.343875e-02	6.699345e-03	1.491853e-03	0.000000e+00	0.000000e+00	0.000000e+00	4.198058e-01	1.532261e-01
4.198058e-01	0.000000e+00	0.000000e+00	0.000000e+00	2.244158e-03	0.000000e+00	0.000000e+00	0.000000e+00	0.000000e+00	3.373563e-02	0.000000e+00	0.000000e+00	5.558298e-03	2.074752e-02	7.458282e-02	0.000000e+00	1.209240e-02	0.000000e+00	0.000000e+00	4.608284e-02	0.000000e+00	0.000000e+00	7.200012e-05	0.000000e+00	1.343875e-02	6.699345e-03	1.491853e-03	0.000000e+00	0.000000e+00	0.000000e+00	4.198058e-01	1.532261e-01
4.198058e-01	0.000000e+00	0.000000e+00	0.000000e+00	2.244158e-03	0.000000e+00	0.000000e+00	0.000000e+00	0.000000e+00	3.373563e-02	0.000000e+00	0.000000e+00	5.558298e-03	2.074752e-02	7.458282e-02	0.000000e+00	1.209240e-02	0.000000e+00	0.000000e+00	4.608284e-02	0.000000e+00	0.000000e+00	7.200012e-05	0.000000e+00	1.343875e-02	6.699345e-03	1.491853e-03	0.000000e+00	0.000000e+00	0.000000e+00	4.198058e-01	1.532261e-01
2.570356e-01	0.000000e+00	0.000000e+00	0.000000e+00	2.244158e-03	0.000000e+00	0.000000e+00	0.000000e+00	0.000000e+00	1.186210e-02	0.000000e+00	0.000000e+00	5.558298e-03	1.337062e-02	7.458282e-02	0.000000e+00	0.000000e+00	0.000000e+00	0.000000e+00	2.472117e-03	0.000000e+00	0.000000e+00	7.200012e-05	0.000000e+00	1.078645e-02	4.156671e-03	1.491853e-03	0.000000e+00	0.000000e+00	0.000000e+00	2.570356e-01	2.716560e-01
2.570356e-01	0.000000e+00	0.000000e+00	0.000000e+00	2.244158e-03	0.000000e+00	0.000000e+00	0.000000e+00	0.000000e+00	1.186210e-02	0.000000e+00	0.000000e+00	5.558298e-03	1.337062e-02	7.458282e-02	0.000000e+00	0.000000e+00	0.000000e+00	0.000000e+00	2.472117e-03	0.000000e+00	0.000000e+00	7.200012e-05	0.000000e+00	1.078645e-02	4.156671e-03	1.491853e-03	0.000000e+00	0.000000e+00	0.000000e+00	2.570356e-01	2.716560e-01
2.570356e-01	0.000000e+00	0.000000e+00	0.000000e+00	2.244158e-03	0.000000e+00	0.000000e+00	0.000000e+00	0.000000e+00	1.186210e-02	0.000000e+00	0.000000e+00	5.558298e-03	1.337062e-02	7.458282e-02	0.000000e+00	0.000000e+00	0.000000e+00	0.000000e+00	2.472117e-03	0.000000e+00	0.000000e+00	7.200012e-05	0.000000e+00	1.078645e-02	4.156671e-03	1.491853e-03	0.000000e+00	0.000000e+00	0.000000e+00	2.570356e-01	2.716560e-01
2.570356e-01	0.000000e+00	0.000000e+00	0.000000e+00	2.244158e-03	0.000000e+00	0.000000e+00	0.000000e+00	0.000000e+00	1.186210e-02	0.000000e+00	0.000000e+00	5.558298e-03	1.337062e-02	7.458282e-02	0.000000e+00	0.000000e+00	0.000000e+00	0.000000e+00	2.472117e-03	0.000000e+00	0.000000e+00	7.200012e-05	0.000000e+00	1.078645e-02	4.156671e-03	1.491853e-03	0.000000e+00	0.000000e+00	0.000000e+00	2.570356e-01	2.716560e-01
2.570356e-01	0.000000e+00	0.000000e+00	0.000000e+00	2.244158e-03	0.000000e+00	0.000000e+00	0.000000e+00	0.000000e+00	1.186210e-02	0.000000e+00	0.000000e+00	5.558298e-03	1.337062e-02	7.458282e-02	0.000000e+00	0.000000e+00	0.000000e+00	0.000000e+00	2.472117e-03	0.000000e+00	0.000000e+00	7.200012e-05	0.000000e+00	1.078645e-02	4.156671e-03	1.491853e-03	0.000000e+00	0.000000e+00	0.000000e+00	2.570356e-01	2.716560e-01
2.570356e-01	0.000000e+00	0.000000e+00	0.000000e+00	2.244158e-03	0.000000e+00	0.000000e+00	0.000000e+00	0.000000e+00	1.186210e-02	0.000000e+00	0.000000e+00	5.558298e-03	1.337062e-02	7.458282e-02	0.000000e+00	0.000000e+00	0.000000e+00	0.000000e+00	2.472117e-03	0.000000e+00	0.000000e+00	7.200012e-05	0.000000e+00	1.078645e-02	4.156671e-03	1.491853e-03	0.000000e+00	0.000000e+00	0.000000e+00	2.570356e-01	2.716560e-01
2.570356e-01	0.000000e+00	0.000000e+00	0.000000e+00	2.244158e-03	0.000000e+00	0.000000e+00	0.000000e+00	0.000000e+00	1.186210e-02	0.000000e+00	0.000000e+00	5.558298e-03	1.337062e-02	7.458282e-02	0.000000e+00	0.000000e+00	0.000000e+00	0.000000e+00	2.472117e-03	0.000000e+00	0.000000e+00	7.200012e-05	0.000000e+00	1.078645e-02	4.156671e-03	1.491853e-03	0.000000e+00	0.000000e+00	0.000000e+00	2.570356e-01	2.716560e-01
2.570356e-01	0.000000e+00	0.000000e+00	0.000000e+00	2.244158e-03	0.000000e+00	0.000000e+00	0.000000e+00	0.000000e+00	1.186210e-02	0.000000e+00	0.000000e+00	5.558298e-03	1.337062e-02	7.458282e-02	0.000000e+00	0.000000e+00	0.000000e+00	0.000000e+00	2.472117e-03	0.000000e+00	0.000000e+00	7.200012e-05	0.000000e+00	1.078645e-02	4.156671e-03	1.491853e-03	0.000000e+00	0.000000e+00	0.000000e+00	2.570356e-01	2.716560e-01
2.570356e-01	0.000000e+00	0.000000e+00	0.000000e+00	2.244158e-03	0.000000e+00	0.000000e+00	0.000000e+00	0.000000e+00	1.186210e-02	0.000000e+00	0.000000e+00	5.558298e-03	1.337062e-02	7.458282e-02	0.000000e+00	0.000000e+00	0.000000e+00	0.000000e+00	2.472117e-03	0.000000e+00	0.000000e+00	7.200012e-05	0.000000e+00	1.078645e-02	4.156671e-03	1.491853e-03	0.000000e+00	0.000000e+00	0.000000e+00	2.570356e-01	2.716560e-01
2.479651e-01	0.000000e+00	0.000000e+00	0.000000e+00	3.931067e-03	0.000000e+00	0.000000e+00	0.000000e+00	0.000000e+00	5.138892e-03	0.000000e+00	0.000000e+00	3.800898e-03	4.445337e-04	7.878106e-02	0.000000e+00	2.539334e-02	0.000000e+00	2.703795e-03	2.436390e-03	0.000000e+00	1.045086e-03	0.000000e+00	7.747072e-03	1.425389e-02	1.038401e-02	3.614141e-05	0.000000e+00	4.261819e-02	0.000000e+00	2.479651e-01	3.011257e-01
2.384939e-01	0.000000e+00	0.000000e+00	0.000000e+00	5.494633e-03	0.000000e+00	0.000000e+00	0.000000e+00	0.000000e+00	9.250006e-03	0.000000e+00	0.000000e+00	6.841617e-03	5.880075e-05	8.066747e-02	0.000000e+00	4.685159e-03	0.000000e+00	0.000000e+00	2.436390e-03	0.000000e+00	0.000000e+00	0.000000e+00	2.151965e-02	1.728572e-03	0.000000e+00	2.560738e-03	0.000000e+00	1.801551e-02	0.000000e+00	2.384939e-01	3.246443e-01
2.298271e-01	9.355200e-03	0.000000e+00	0.000000e+00	1.508602e-03	0.000000e+00	0.000000e+00	4.730477e-04	0.000000e+00	5.138892e-03	0.000000e+00	1.067116e-03	6.947872e-03	5.880075e-05	9.333857e-02	0.000000e+00	4.685159e-03	0.000000e+00	0.000000e+00	4.270501e-04	0.000000e+00	0.000000e+00	0.000000e+00	1.844134e-02	0.000000e+00	0.000000e+00	2.560738e-03	0.000000e+00	0.000000e+00	0.000000e+00	2.298271e-01	3.694950e-01
2.252658e-01	9.355200e-03	7.982806e-04	0.000000e+00	4.488316e-04	1.948031e-03	0.000000e+00	0.000000e+00	0.000000e+00	2.372420e-03	3.311295e-03	1.067116e-03	3.800898e-03	3.367152e-03	9.265725e-02	0.000000e+00	0.000000e+00	0.000000e+00	0.000000e+00	4.914308e-04	0.000000e+00	0.000000e+00	0.000000e+00	0.000000e+00	1.640653e-02	1.109057e-02	0.000000e+00	4.834975e-03	0.000000e+00	0.000000e+00	2.252658e-01	4.008614e-01
2.167358e-01	1.169400e-02	9.119982e-03	3.583824e-02	1.976611e-03	0.000000e+00	0.000000e+00	1.314021e-03	0.000000e+00	0.000000e+00	4.139119e-03	0.000000e+00	0.000000e+00	1.109926e-02	9.568330e-02	0.000000e+00	3.371058e-03	0.000000e+00	2.482172e-03	3.843451e-03	0.000000e+00	0.000000e+00	0.000000e+00	0.000000e+00	4.808579e-03	9.203302e-03	0.000000e+00	0.000000e+00	2.763188e-03	0.000000e+00	2.167358e-01	4.728743e-01
2.073288e-01	0.000000e+00	1.338363e-02	1.991013e-02	5.884443e-04	0.000000e+00	0.000000e+00	2.128715e-04	0.000000e+00	5.378565e-03	0.000000e+00	0.000000e+00	5.558298e-03	4.557398e-03	9.639195e-02	0.000000e+00	0.000000e+00	0.000000e+00	0.000000e+00	2.472117e-03	0.000000e+00	0.000000e+00	0.000000e+00	0.000000e+00	1.343774e-02	3.325337e-03	0.000000e+00	0.000000e+00	0.000000e+00	0.000000e+00	2.073288e-01	5.370982e-01
2.066863e-01	4.727915e-02	7.982806e-04	6.203603e-02	1.037276e-03	3.189184e-03	0.000000e+00	0.000000e+00	0.000000e+00	7.750985e-03	0.000000e+00	0.000000e+00	6.841617e-03	9.698653e-03	7.765265e-02	0.000000e+00	0.000000e+00	0.000000e+00	4.467910e-03	2.127484e-03	0.000000e+00	0.000000e+00	0.000000e+00	0.000000e+00	2.503569e-02	1.441591e-02	0.000000e+00	0.000000e+00	0.000000e+00	0.000000e+00	2.066863e-01	5.655437e-01
1.927727e-01	0.000000e+00	1.504825e-02	0.000000e+00	1.554845e-03	9.740156e-03	0.000000e+00	0.000000e+00	0.000000e+00	3.369526e-02	3.311295e-03	0.000000e+00	0.000000e+00	1.105222e-02	8.055308e-02	0.000000e+00	0.000000e+00	0.000000e+00	0.000000e+00	2.511675e-03	0.000000e+00	3.727014e-04	0.000000e+00	3.847884e-03	3.884878e-03	3.521002e-03	0.000000e+00	0.000000e+00	2.210550e-03	0.000000e+00	1.927727e-01	6.459787e-01
8.721366e-02	1.169400e-02	1.338363e-02	0.000000e+00	0.000000e+00	2.435039e-03	0.000000e+00	5.913097e-04	0.000000e+00	0.000000e+00	0.000000e+00	1.333895e-03	0.000000e+00	8.662838e-04	9.639195e-02	0.000000e+00	0.000000e+00	0.000000e+00	0.000000e+00	0.000000e+00	0.000000e+00	9.317534e-05	0.000000e+00	0.000000e+00	4.808579e-03	0.000000e+00	0.000000e+00	0.000000e+00	0.000000e+00	0.000000e+00	8.721366e-02	7.054523e-01
8.721366e-02	1.169400e-02	1.338363e-02	0.000000e+00	0.000000e+00	2.435039e-03	0.000000e+00	5.913097e-04	0.000000e+00	0.000000e+00	0.000000e+00	1.333895e-03	0.000000e+00	8.662838e-04	9.639195e-02	0.000000e+00	0.000000e+00	0.000000e+00	0.000000e+00	0.000000e+00	0.000000e+00	9.317534e-05	0.000000e+00	0.000000e+00	4.808579e-03	0.000000e+00	0.000000e+00	0.000000e+00	0.000000e+00	0.000000e+00	8.721366e-02	7.054523e-01
8.721366e-02	1.169400e-02	1.338363e-02	0.000000e+00	0.000000e+00	2.435039e-03	0.000000e+00	5.913097e-04	0.000000e+00	0.000000e+00	0.000000e+00	1.333895e-03	0.000000e+00	8.662838e-04	9.639195e-02	0.000000e+00	0.000000e+00	0.000000e+00	0.000000e+00	0.000000e+00	0.000000e+00	9.317534e-05	0.000000e+00	0.000000e+00	4.808579e-03	0.000000e+00	0.000000e+00	0.000000e+00	0.000000e+00	0.000000e+00	8.721366e-02	7.054523e-01
8.721366e-02	1.169400e-02	1.338363e-02	0.000000e+00	0.000000e+00	2.435039e-03	0.000000e+00	5.913097e-04	0.000000e+00	0.000000e+00	0.000000e+00	1.333895e-03	0.000000e+00	8.662838e-04	9.639195e-02	0.000000e+00	0.000000e+00	0.000000e+00	0.000000e+00	0.000000e+00	0.000000e+00	9.317534e-05	0.000000e+00	0.000000e+00	4.808579e-03	0.000000e+00	0.000000e+00	0.000000e+00	0.000000e+00	0.000000e+00	8.721366e-02	7.054523e-01
8.721366e-02	1.169400e-02	1.338363e-02	0.000000e+00	0.000000e+00	2.435039e-03	0.000000e+00	5.913097e-04	0.000000e+00	0.000000e+00	0.000000e+00	1.333895e-03	0.000000e+00	8.662838e-04	9.639195e-02	0.000000e+00	0.000000e+00	0.000000e+00	0.000000e+00	0.000000e+00	0.000000e+00	9.317534e-05	0.000000e+00	0.000000e+00	4.808579e-03	0.000000e+00	0.000000e+00	0.000000e+00	0.000000e+00	0.000000e+00	8.721366e-02	7.054523e-01
8.721366e-02	1.169400e-02	1.338363e-02	0.000000e+00	0.000000e+00	2.435039e-03	0.000000e+00	5.913097e-04	0.000000e+00	0.000000e+00	0.000000e+00	1.333895e-03	0.000000e+00	8.662838e-04	9.639195e-02	0.000000e+00	0.000000e+00	0.000000e+00	0.000000e+00	0.000000e+00	0.000000e+00	9.317534e-05	0.000000e+00	0.000000e+00	4.808579e-03	0.000000e+00	0.000000e+00	0.000000e+00	0.000000e+00	0.000000e+00	8.721366e-02	7.054523e-01
5.816792e-02	0.000000e+00	1.139998e-02	1.991013e-02	0.000000e+00	0.000000e+00	0.000000e+00	1.642527e-03	0.000000e+00	0.000000e+00	0.000000e+00	8.394336e-03	0.000000e+00	5.414274e-03	9.639195e-02	0.000000e+00	7.139291e-04	0.000000e+00	0.000000e+00	0.000000e+00	0.000000e+00	0.000000e+00	0.000000e+00	7.659048e-03	3.157224e-03	9.173620e-03	0.000000e+00	0.000000e+00	0.000000e+00	0.000000e+00	5.816792e-02	7.473523e-01
5.816792e-02	0.000000e+00	1.139998e-02	1.991013e-02	0.000000e+00	0.000000e+00	0.000000e+00	1.642527e-03	0.000000e+00	0.000000e+00	0.000000e+00	8.394336e-03	0.000000e+00	5.414274e-03	9.639195e-02	0.000000e+00	7.139291e-04	0.000000e+00	0.000000e+00	0.000000e+00	0.000000e+00	0.000000e+00	0.000000e+00	7.659048e-03	3.157224e-03	9.173620e-03	0.000000e+00	0.000000e+00	0.000000e+00	0.000000e+00	5.816792e-02	7.473523e-01
4.694309e-02	5.663435e-02	1.007792e-02	1.991013e-02	3.989927e-03	3.189184e-03	0.000000e+00	1.642527e-03	0.000000e+00	0.000000e+00	0.000000e+00	8.394336e-03	1.368323e-03	5.414274e-03	8.966531e-02	0.000000e+00	7.139291e-04	0.000000e+00	0.000000e+00	5.715168e-04	0.000000e+00	0.000000e+00	0.000000e+00	0.000000e+00	3.157224e-03	5.191198e-02	0.000000e+00	0.000000e+00	0.000000e+00	0.000000e+00	4.694309e-02	8.077938e-01
2.597278e-02	2.193761e-02	9.319552e-03	1.592811e-02	3.469045e-04	2.435039e-03	0.000000e+00	1.314021e-03	0.000000e+00	0.000000e+00	0.000000e+00	1.722746e-02	0.000000e+00	0.000000e+00	8.571561e-02	0.000000e+00	8.275153e-03	0.000000e+00	4.964345e-04	9.828617e-05	0.000000e+00	9.317534e-05	0.000000e+00	0.000000e+00	1.255967e-02	9.179557e-03	0.000000e+00	0.000000e+00	5.526376e-04	2.015285e-02	2.597278e-02	8.786751e-01
1.066256e-02	0.000000e+00	1.139998e-02	1.991013e-02	0.000000e+00	0.000000e+00	0.000000e+00	1.642527e-03	0.000000e+00	0.000000e+00	0.000000e+00	8.394336e-03	0.000000e+00	5.414274e-03	9.918678e-02	0.000000e+00	3.371978e-03	0.000000e+00	0.000000e+00	0.000000e+00	0.000000e+00	0.000000e+00	0.000000e+00	0.000000e+00	1.449744e-02	9.173620e-03	0.000000e+00	0.000000e+00	0.000000e+00	2.519106e-02	1.066256e-02	9.516118e-01
0.000000e+00	1.169400e-02	9.978508e-04	0.000000e+00	1.662222e-03	1.217519e-02	0.000000e+00	0.000000e+00	0.000000e+00	0.000000e+00	8.278237e-04	1.333895e-03	0.000000e+00	7.316372e-03	9.568330e-02	0.000000e+00	0.000000e+00	0.000000e+00	2.482172e-03	4.914308e-04	0.000000e+00	0.000000e+00	0.000000e+00	0.000000e+00	0.000000e+00	6.814534e-03	0.000000e+00	0.000000e+00	0.000000e+00	0.000000e+00	0.000000e+00	1.043907e+00
