6.537456e-01	0.000000e+00	4.496325e-03	0.000000e+00	1.858941e-02	0.000000e+00	3.830295e-02	8.556778e-03	3.563468e-02	8.476796e-04	0.000000e+00	0.000000e+00	5.464753e-03	0.000000e+00	5.521321e-04	3.787577e-04	2.193924e-03	1.895643e-03	1.229736e-02	1.046851e-02	3.008940e-04	4.647347e-02	0.000000e+00	0.000000e+00	1.955970e-02	4.271569e-04	2.210645e-02	0.000000e+00	4.474613e-04	8.884566e-02	6.537456e-01	-3.980699e-01
6.537456e-01	0.000000e+00	4.496325e-03	0.000000e+00	1.858941e-02	0.000000e+00	3.830295e-02	8.556778e-03	3.563468e-02	8.476796e-04	0.000000e+00	0.000000e+00	5.464753e-03	0.000000e+00	5.521321e-04	3.787577e-04	2.193924e-03	1.895643e-03	1.229736e-02	1.046851e-02	3.008940e-04	4.647347e-02	0.000000e+00	0.000000e+00	1.955970e-02	4.271569e-04	2.210645e-02	0.000000e+00	4.474613e-04	8.884566e-02	6.537456e-01	-3.980699e-01
6.537456e-01	0.000000e+00	4.496325e-03	0.000000e+00	1.858941e-02	0.000000e+00	3.830295e-02	8.556778e-03	3.563468e-02	8.476796e-04	0.000000e+00	0.000000e+00	5.464753e-03	0.000000e+00	5.521321e-04	3.787577e-04	2.193924e-03	1.895643e-03	1.229736e-02	1.046851e-02	3.008940e-04	4.647347e-02	0.000000e+00	0.000000e+00	1.955970e-02	4.271569e-04	2.210645e-02	0.000000e+00	4.474613e-04	8.884566e-02	6.537456e-01	-3.980699e-01
6.537456e-01	0.000000e+00	4.496325e-03	0.000000e+00	1.858941e-02	0.000000e+00	3.830295e-02	8.556778e-03	3.563468e-02	8.476796e-04	0.000000e+00	0.000000e+00	5.464753e-03	0.000000e+00	5.521321e-04	3.787577e-04	2.193924e-03	1.895643e-03	1.229736e-02	1.046851e-02	3.008940e-04	4.647347e-02	0.000000e+00	0.000000e+00	1.955970e-02	4.271569e-04	2.210645e-02	0.000000e+00	4.474613e-04	8.884566e-02	6.537456e-01	-3.980699e-01
6.537456e-01	0.000000e+00	4.496325e-03	3.493752e-03	1.858941e-02	0.000000e+00	3.830295e-02	8.556778e-03	3.563468e-02	8.362591e-03	2.316610e-02	0.000000e+00	5.464753e-03	0.000000e+00	2.205397e-03	0.000000e+00	9.214480e-03	4.705574e-02	1.229736e-02	0.000000e+00	0.000000e+00	4.527599e-03	0.000000e+00	0.000000e+00	0.000000e+00	5.491400e-04	2.210645e-02	0.000000e+00	6.877571e-02	9.455408e-02	6.537456e-01	-3.809377e-01
6.537456e-01	0.000000e+00	4.496325e-03	3.493752e-03	1.858941e-02	0.000000e+00	3.830295e-02	8.556778e-03	3.563468e-02	8.362591e-03	2.316610e-02	0.000000e+00	5.464753e-03	0.000000e+00	2.205397e-03	0.000000e+00	9.214480e-03	4.705574e-02	1.229736e-02	0.000000e+00	0.000000e+00	4.527599e-03	0.000000e+00	0.000000e+00	0.000000e+00	5.491400e-04	2.210645e-02	0.000000e+00	6.877571e-02	9.455408e-02	6.537456e-01	-3.809377e-01
6.491147e-01	0.000000e+00	4.496325e-03	0.000000e+00	8.303458e-03	0.000000e+00	3.830295e-02	8.556778e-03	2.001562e-01	8.476796e-04	0.000000e+00	0.000000e+00	3.772981e-03	0.000000e+00	5.740874e-04	0.000000e+00	0.000000e+00	2.521389e-03	2.229085e-02	9.873305e-03	3.008940e-04	4.647347e-02	0.000000e+00	3.338788e-02	1.769431e-02	4.955020e-04	2.946845e-03	5.418448e-04	4.474613e-04	3.198444e-02	6.491147e-01	-3.724013e-01
6.491147e-01	0.000000e+00	4.496325e-03	0.000000e+00	8.303458e-03	0.000000e+00	3.830295e-02	8.556778e-03	2.001562e-01	8.476796e-04	0.000000e+00	0.000000e+00	3.772981e-03	0.000000e+00	5.740874e-04	0.000000e+00	0.000000e+00	2.521389e-03	2.229085e-02	9.873305e-03	3.008940e-04	4.647347e-02	0.000000e+00	3.338788e-02	1.769431e-02	4.955020e-04	2.946845e-03	5.418448e-04	4.474613e-04	3.198444e-02	6.491147e-01	-3.724013e-01
6.392434e-01	0.000000e+00	7.769650e-03	0.000000e+00	0.000000e+00	3.230783e-02	0.000000e+00	2.917861e-02	0.000000e+00	3.967740e-03	1.287005e-02	0.000000e+00	3.447888e-04	4.994641e-03	2.026170e-03	3.030062e-04	4.475111e-02	5.198326e-02	1.951620e-02	1.039587e-02	0.000000e+00	0.000000e+00	0.000000e+00	0.000000e+00	0.000000e+00	4.944639e-04	2.004264e-02	2.472227e-03	2.235050e-02	0.000000e+00	6.392434e-01	-3.524563e-01
6.392434e-01	0.000000e+00	7.769650e-03	0.000000e+00	0.000000e+00	3.230783e-02	0.000000e+00	2.917861e-02	0.000000e+00	3.967740e-03	1.287005e-02	0.000000e+00	3.447888e-04	4.994641e-03	2.026170e-03	3.030062e-04	4.475111e-02	5.198326e-02	1.951620e-02	1.039587e-02	0.000000e+00	0.000000e+00	0.000000e+00	0.000000e+00	0.000000e+00	4.944639e-04	2.004264e-02	2.472227e-03	2.235050e-02	0.000000e+00	6.392434e-01	-3.524563e-01
6.392434e-01	0.000000e+00	7.339801e-03	6.987504e-04	1.920104e-02	3.230783e-02	8.810359e-03	1.677228e-02	0.000000e+00	8.362591e-03	1.287005e-02	0.000000e+00	2.169378e-03	4.994641e-03	1.015644e-03	3.030062e-04	0.000000e+00	3.222717e-02	1.951620e-02	1.039587e-02	0.000000e+00	8.180381e-02	0.000000e+00	0.000000e+00	1.193851e-03	4.944639e-04	4.971686e-02	1.604095e-03	2.235050e-02	0.000000e+00	6.392434e-01	-3.393494e-01
6.367685e-01	0.000000e+00	7.769650e-03	0.000000e+00	2.084679e-02	0.000000e+00	7.048287e-03	9.317931e-03	0.000000e+00	0.000000e+00	1.287005e-02	0.000000e+00	1.842809e-02	0.000000e+00	2.170269e-03	0.000000e+00	0.000000e+00	3.212706e-02	1.139693e-02	0.000000e+00	0.000000e+00	2.024396e-02	0.000000e+00	3.338788e-02	1.492314e-03	4.271569e-04	7.081853e-02	2.472227e-03	4.474613e-04	0.000000e+00	6.367685e-01	-3.330701e-01
6.367685e-01	0.000000e+00	7.769650e-03	0.000000e+00	2.084679e-02	0.000000e+00	7.048287e-03	9.317931e-03	0.000000e+00	0.000000e+00	1.287005e-02	0.000000e+00	1.842809e-02	0.000000e+00	2.170269e-03	0.000000e+00	0.000000e+00	3.212706e-02	1.139693e-02	0.000000e+00	0.000000e+00	2.024396e-02	0.000000e+00	3.338788e-02	1.492314e-03	4.271569e-04	7.081853e-02	2.472227e-03	4.474613e-04	0.000000e+00	6.367685e-01	-3.330701e-01
6.367685e-01	0.000000e+00	7.769650e-03	0.000000e+00	2.084679e-02	0.000000e+00	7.048287e-03	9.317931e-03	0.000000e+00	0.000000e+00	1.287005e-02	0.000000e+00	1.842809e-02	0.000000e+00	2.170269e-03	0.000000e+00	0.000000e+00	3.212706e-02	1.139693e-02	0.000000e+00	0.000000e+00	2.024396e-02	0.000000e+00	3.338788e-02	1.492314e-03	4.271569e-04	7.081853e-02	2.472227e-03	4.474613e-04	0.000000e+00	6.367685e-01	-3.330701e-01
6.360275e-01	6.550011e-02	7.339801e-03	6.987504e-04	1.920104e-02	0.000000e+00	8.810359e-03	1.677228e-02	0.000000e+00	8.362591e-03	2.316610e-02	0.000000e+00	2.169378e-03	0.000000e+00	1.015644e-03	2.424049e-04	0.000000e+00	3.222717e-02	1.299589e-02	3.735254e-03	0.000000e+00	8.180381e-02	0.000000e+00	0.000000e+00	1.193851e-03	4.944639e-04	4.971686e-02	1.604095e-03	4.786873e-03	0.000000e+00	6.360275e-01	-3.083919e-01
6.330637e-01	0.000000e+00	5.620406e-03	3.493752e-03	1.261803e-02	3.230783e-02	0.000000e+00	9.317931e-03	0.000000e+00	8.362591e-03	2.316610e-02	0.000000e+00	1.086644e-03	0.000000e+00	2.187833e-03	0.000000e+00	1.096962e-02	3.262765e-02	1.939172e-02	3.354322e-03	0.000000e+00	4.527599e-03	0.000000e+00	0.000000e+00	0.000000e+00	4.944639e-04	3.652832e-02	0.000000e+00	2.214452e-02	0.000000e+00	6.330637e-01	-2.980736e-01
6.330637e-01	0.000000e+00	5.620406e-03	3.493752e-03	1.261803e-02	3.230783e-02	0.000000e+00	9.317931e-03	0.000000e+00	8.362591e-03	2.316610e-02	0.000000e+00	1.086644e-03	0.000000e+00	2.187833e-03	0.000000e+00	1.096962e-02	3.262765e-02	1.939172e-02	3.354322e-03	0.000000e+00	4.527599e-03	0.000000e+00	0.000000e+00	0.000000e+00	4.944639e-04	3.652832e-02	0.000000e+00	2.214452e-02	0.000000e+00	6.330637e-01	-2.980736e-01
6.323795e-01	6.550011e-02	5.620406e-03	3.493752e-03	1.261803e-02	2.713858e-02	7.048287e-03	0.000000e+00	0.000000e+00	8.362591e-03	0.000000e+00	0.000000e+00	0.000000e+00	1.278628e-03	1.953395e-03	0.000000e+00	1.053083e-02	3.167590e-02	1.939172e-02	3.342144e-03	0.000000e+00	0.000000e+00	0.000000e+00	0.000000e+00	0.000000e+00	4.944639e-04	3.863848e-02	3.736860e-04	2.214452e-02	0.000000e+00	6.323795e-01	-2.840069e-01
6.296425e-01	1.310002e-02	0.000000e+00	1.315864e-02	1.261803e-02	1.163082e-02	0.000000e+00	0.000000e+00	0.000000e+00	0.000000e+00	2.059208e-03	0.000000e+00	0.000000e+00	1.278628e-03	1.015644e-03	0.000000e+00	1.439214e-02	2.786891e-02	8.069460e-03	0.000000e+00	0.000000e+00	4.527599e-03	0.000000e+00	0.000000e+00	0.000000e+00	4.944639e-04	4.496899e-02	3.736860e-04	0.000000e+00	0.000000e+00	6.296425e-01	-2.693543e-01
6.296425e-01	1.310002e-02	1.011673e-02	1.315864e-02	1.261803e-02	1.163082e-02	0.000000e+00	7.454345e-03	0.000000e+00	0.000000e+00	2.059208e-03	0.000000e+00	1.086644e-03	3.196570e-04	1.015644e-03	0.000000e+00	4.282539e-03	3.262765e-02	8.069460e-03	0.000000e+00	0.000000e+00	4.527599e-03	0.000000e+00	0.000000e+00	0.000000e+00	4.944639e-04	4.496899e-02	7.473721e-05	0.000000e+00	0.000000e+00	6.296425e-01	-2.670626e-01
6.288285e-01	0.000000e+00	8.659995e-03	1.037733e-02	1.261803e-02	6.461566e-03	0.000000e+00	0.000000e+00	0.000000e+00	0.000000e+00	2.316610e-02	0.000000e+00	2.173288e-04	9.124290e-04	8.125156e-04	1.306061e-05	7.020556e-03	7.414583e-03	1.939172e-02	6.099778e-04	9.793047e-03	3.622079e-03	0.000000e+00	0.000000e+00	0.000000e+00	3.955711e-04	4.707915e-02	3.736860e-04	6.857244e-05	0.000000e+00	6.288285e-01	-2.577581e-01
6.288285e-01	0.000000e+00	8.659995e-03	1.037733e-02	1.261803e-02	6.461566e-03	0.000000e+00	0.000000e+00	0.000000e+00	0.000000e+00	2.316610e-02	0.000000e+00	2.173288e-04	9.124290e-04	8.125156e-04	1.306061e-05	7.020556e-03	7.414583e-03	1.939172e-02	6.099778e-04	9.793047e-03	3.622079e-03	0.000000e+00	0.000000e+00	0.000000e+00	3.955711e-04	4.707915e-02	3.736860e-04	6.857244e-05	0.000000e+00	6.288285e-01	-2.577581e-01
6.288285e-01	0.000000e+00	8.659995e-03	1.037733e-02	1.261803e-02	6.461566e-03	0.000000e+00	0.000000e+00	0.000000e+00	0.000000e+00	2.316610e-02	0.000000e+00	2.173288e-04	9.124290e-04	8.125156e-04	1.306061e-05	7.020556e-03	7.414583e-03	1.939172e-02	6.099778e-04	9.793047e-03	3.622079e-03	0.000000e+00	0.000000e+00	0.000000e+00	3.955711e-04	4.707915e-02	3.736860e-04	6.857244e-05	0.000000e+00	6.288285e-01	-2.577581e-01
6.288285e-01	0.000000e+00	8.659995e-03	1.037733e-02	1.261803e-02	6.461566e-03	0.000000e+00	0.000000e+00	0.000000e+00	0.000000e+00	2.316610e-02	0.000000e+00	2.173288e-04	9.124290e-04	8.125156e-04	1.306061e-05	7.020556e-03	7.414583e-03	1.939172e-02	6.099778e-04	9.793047e-03	3.622079e-03	0.000000e+00	0.000000e+00	0.000000e+00	3.955711e-04	4.707915e-02	3.736860e-04	6.857244e-05	0.000000e+00	6.288285e-01	-2.577581e-01
6.255725e-01	0.000000e+00	2.833051e-03	0.000000e+00	1.261803e-02	0.000000e+00	2.029652e-02	1.863586e-03	0.000000e+00	0.000000e+00	3.489504e-03	0.000000e+00	0.000000e+00	3.283517e-03	0.000000e+00	6.530306e-05	0.000000e+00	1.894117e-02	8.250146e-04	3.049889e-03	4.896523e-02	0.000000e+00	0.000000e+00	0.000000e+00	0.000000e+00	0.000000e+00	3.652832e-02	0.000000e+00	6.857244e-05	0.000000e+00	6.255725e-01	-2.122720e-01
6.255725e-01	0.000000e+00	2.833051e-03	0.000000e+00	1.261803e-02	0.000000e+00	2.029652e-02	1.863586e-03	0.000000e+00	0.000000e+00	3.489504e-03	0.000000e+00	0.000000e+00	3.283517e-03	0.000000e+00	6.530306e-05	0.000000e+00	1.894117e-02	8.250146e-04	3.049889e-03	4.896523e-02	0.000000e+00	0.000000e+00	0.000000e+00	0.000000e+00	0.000000e+00	3.652832e-02	0.000000e+00	6.857244e-05	0.000000e+00	6.255725e-01	-2.122720e-01
6.255725e-01	0.000000e+00	2.833051e-03	0.000000e+00	1.261803e-02	0.000000e+00	2.029652e-02	1.863586e-03	0.000000e+00	0.000000e+00	3.489504e-03	0.000000e+00	0.000000e+00	3.283517e-03	0.000000e+00	6.530306e-05	0.000000e+00	1.894117e-02	8.250146e-04	3.049889e-03	4.896523e-02	0.000000e+00	0.000000e+00	0.000000e+00	0.000000e+00	0.000000e+00	3.652832e-02	0.000000e+00	6.857244e-05	0.000000e+00	6.255725e-01	-2.122720e-01
6.230325e-01	0.000000e+00	7.608453e-03	9.678583e-03	4.477409e-04	5.373444e-03	0.000000e+00	9.317931e-03	0.000000e+00	0.000000e+00	1.029604e-02	2.226220e-03	1.148148e-02	0.000000e+00	2.187833e-03	6.530306e-05	0.000000e+00	5.948426e-03	1.033616e-02	3.049889e-03	1.410877e-02	0.000000e+00	0.000000e+00	0.000000e+00	0.000000e+00	0.000000e+00	5.167963e-02	0.000000e+00	7.533415e-04	0.000000e+00	6.230325e-01	-1.744689e-01
6.228355e-01	0.000000e+00	5.620406e-03	2.075467e-03	3.168352e-03	1.292313e-03	0.000000e+00	1.490869e-03	0.000000e+00	0.000000e+00	2.316610e-02	1.780976e-03	4.346577e-05	2.023710e-03	1.625031e-04	5.485457e-05	7.020556e-03	2.882066e-02	1.214728e-02	3.293435e-03	0.000000e+00	0.000000e+00	0.000000e+00	0.000000e+00	0.000000e+00	4.944639e-04	4.707915e-02	7.473721e-05	2.279465e-04	0.000000e+00	6.228355e-01	-1.721747e-01
6.228355e-01	0.000000e+00	5.620406e-03	2.075467e-03	3.168352e-03	1.292313e-03	0.000000e+00	1.490869e-03	0.000000e+00	0.000000e+00	2.316610e-02	1.780976e-03	4.346577e-05	2.023710e-03	1.625031e-04	5.485457e-05	7.020556e-03	2.882066e-02	1.214728e-02	3.293435e-03	0.000000e+00	0.000000e+00	0.000000e+00	0.000000e+00	0.000000e+00	4.944639e-04	4.707915e-02	7.473721e-05	2.279465e-04	0.000000e+00	6.228355e-01	-1.721747e-01
6.228355e-01	0.000000e+00	5.620406e-03	2.075467e-03	3.168352e-03	1.292313e-03	0.000000e+00	1.490869e-03	0.000000e+00	0.000000e+00	2.316610e-02	1.780976e-03	4.346577e-05	2.023710e-03	1.625031e-04	5.485457e-05	7.020556e-03	2.882066e-02	1.214728e-02	3.293435e-03	0.000000e+00	0.000000e+00	0.000000e+00	0.000000e+00	0.000000e+00	4.944639e-04	4.707915e-02	7.473721e-05	2.279465e-04	0.000000e+00	6.228355e-01	-1.721747e-01
6.201269e-01	0.000000e+00	6.031662e-04	4.150933e-04	1.072809e-02	0.000000e+00	0.000000e+00	3.354455e-03	0.000000e+00	0.000000e+00	6.281106e-03	2.226220e-03	8.693153e-06	3.031556e-03	2.187833e-03	1.175455e-04	1.404111e-03	5.948426e-03	1.033616e-02	3.098598e-03	1.410877e-02	0.000000e+00	0.000000e+00	0.000000e+00	0.000000e+00	0.000000e+00	3.863848e-02	1.494744e-05	1.004472e-04	0.000000e+00	6.201269e-01	-1.345773e-01
6.201269e-01	0.000000e+00	7.404314e-03	4.150933e-04	1.072809e-02	0.000000e+00	0.000000e+00	2.981738e-04	0.000000e+00	0.000000e+00	2.701373e-02	2.226220e-03	2.747972e-02	1.439690e-03	0.000000e+00	1.175455e-04	5.897267e-03	2.882066e-02	1.033616e-02	3.098598e-03	3.752353e-03	0.000000e+00	0.000000e+00	0.000000e+00	0.000000e+00	4.944639e-04	3.863848e-02	6.277925e-05	1.004472e-04	0.000000e+00	6.201269e-01	-1.220485e-01
4.514356e-01	0.000000e+00	2.833051e-03	0.000000e+00	8.059337e-04	0.000000e+00	2.029652e-02	1.863586e-03	1.223757e-04	0.000000e+00	1.109065e-02	2.226220e-03	0.000000e+00	2.301531e-03	0.000000e+00	6.530306e-05	0.000000e+00	5.948426e-03	1.033616e-02	0.000000e+00	1.879922e-02	0.000000e+00	0.000000e+00	0.000000e+00	0.000000e+00	0.000000e+00	3.652832e-02	0.000000e+00	2.677900e-04	0.000000e+00	4.514356e-01	-9.937607e-02
4.514356e-01	0.000000e+00	2.833051e-03	0.000000e+00	8.059337e-04	0.000000e+00	2.029652e-02	1.863586e-03	1.223757e-04	0.000000e+00	1.109065e-02	2.226220e-03	0.000000e+00	2.301531e-03	0.000000e+00	6.530306e-05	0.000000e+00	5.948426e-03	1.033616e-02	0.000000e+00	1.879922e-02	0.000000e+00	0.000000e+00	0.000000e+00	0.000000e+00	0.000000e+00	3.652832e-02	0.000000e+00	2.677900e-04	0.000000e+00	4.514356e-01	-9.937607e-02
4.514356e-01	0.000000e+00	2.833051e-03	0.000000e+00	8.059337e-04	0.000000e+00	2.029652e-02	1.863586e-03	1.223757e-04	0.000000e+00	1.109065e-02	2.226220e-03	0.000000e+00	2.301531e-03	0.000000e+00	6.530306e-05	0.000000e+00	5.948426e-03	1.033616e-02	0.000000e+00	1.879922e-02	0.000000e+00	0.000000e+00	0.000000e+00	0.000000e+00	0.000000e+00	3.652832e-02	0.000000e+00	2.677900e-04	0.000000e+00	4.514356e-01	-9.937607e-02
4.514356e-01	0.000000e+00	2.833051e-03	0.000000e+00	8.059337e-04	0.000000e+00	2.029652e-02	1.863586e-03	1.223757e-04	0.000000e+00	1.109065e-02	2.226220e-03	0.000000e+00	2.301531e-03	0.000000e+00	6.530306e-05	0.000000e+00	5.948426e-03	1.033616e-02	0.000000e+00	1.879922e-02	0.000000e+00	0.000000e+00	0.000000e+00	0.000000e+00	0.000000e+00	3.652832e-02	0.000000e+00	2.677900e-04	0.000000e+00	4.514356e-01	-9.937607e-02
4.514356e-01	0.000000e+00	2.833051e-03	0.000000e+00	8.059337e-04	0.000000e+00	2.029652e-02	1.863586e-03	1.223757e-04	0.000000e+00	1.109065e-02	2.226220e-03	0.000000e+00	2.301531e-03	0.000000e+00	6.530306e-05	0.000000e+00	5.948426e-03	1.033616e-02	0.000000e+00	1.879922e-02	0.000000e+00	0.000000e+00	0.000000e+00	0.000000e+00	0.000000e+00	3.652832e-02	0.000000e+00	2.677900e-04	0.000000e+00	4.514356e-01	-9.937607e-02
4.514356e-01	0.000000e+00	2.833051e-03	0.000000e+00	8.059337e-04	0.000000e+00	2.029652e-02	1.863586e-03	1.223757e-04	0.000000e+00	1.109065e-02	2.226220e-03	0.000000e+00	2.301531e-03	0.000000e+00	6.530306e-05	0.000000e+00	5.948426e-03	1.033616e-02	0.000000e+00	1.879922e-02	0.000000e+00	0.000000e+00	0.000000e+00	0.000000e+00	0.000000e+00	3.652832e-02	0.000000e+00	2.677900e-04	0.000000e+00	4.514356e-01	-9.937607e-02
4.514356e-01	0.000000e+00	2.833051e-03	0.000000e+00	8.059337e-04	0.000000e+00	2.029652e-02	1.863586e-03	1.223757e-04	0.000000e+00	1.109065e-02	2.226220e-03	0.000000e+00	2.301531e-03	0.000000e+00	6.530306e-05	0.000000e+00	5.948426e-03	1.033616e-02	0.000000e+00	1.879922e-02	0.000000e+00	0.000000e+00	0.000000e+00	0.000000e+00	0.000000e+00	3.652832e-02	0.000000e+00	2.677900e-04	0.000000e+00	4.514356e-01	-9.937607e-02
4.514356e-01	0.000000e+00	2.833051e-03	0.000000e+00	8.059337e-04	0.000000e+00	2.029652e-02	1.863586e-03	1.223757e-04	0.000000e+00	1.109065e-02	2.226220e-03	0.000000e+00	2.301531e-03	0.000000e+00	6.530306e-05	0.000000e+00	5.948426e-03	1.033616e-02	0.000000e+00	1.879922e-02	0.000000e+00	0.000000e+00	0.000000e+00	0.000000e+00	0.000000e+00	3.652832e-02	0.000000e+00	2.677900e-04	0.000000e+00	4.514356e-01	-9.937607e-02
4.489517e-01	1.676563e-02	2.629229e-03	0.000000e+00	0.000000e+00	4.180157e-02	1.623722e-02	0.000000e+00	4.056702e-03	0.000000e+00	1.077303e-02	0.000000e+00	0.000000e+00	0.000000e+00	2.940522e-02	4.081441e-04	0.000000e+00	0.000000e+00	0.000000e+00	8.376118e-03	1.006360e-03	9.121866e-04	0.000000e+00	1.229435e-03	0.000000e+00	9.889277e-05	3.868125e-03	0.000000e+00	2.282698e-04	0.000000e+00	4.489517e-01	-9.015940e-02
4.471773e-01	7.788018e-03	2.180821e-03	0.000000e+00	8.059337e-04	0.000000e+00	7.306747e-03	1.863586e-03	1.663494e-02	0.000000e+00	1.109065e-02	2.226220e-03	7.348148e-03	2.301531e-03	0.000000e+00	0.000000e+00	0.000000e+00	5.948426e-03	1.033616e-02	0.000000e+00	1.879922e-02	1.039160e-02	0.000000e+00	0.000000e+00	0.000000e+00	2.531655e-04	3.652832e-02	0.000000e+00	2.175386e-04	1.876258e-02	4.471773e-01	-8.071568e-02
4.436288e-01	0.000000e+00	2.833051e-03	0.000000e+00	8.059337e-04	0.000000e+00	0.000000e+00	1.863586e-03	1.223757e-04	0.000000e+00	1.176845e-02	2.226220e-03	0.000000e+00	2.301531e-03	0.000000e+00	6.530306e-05	0.000000e+00	5.948426e-03	1.033616e-02	0.000000e+00	1.879922e-02	1.390169e-02	0.000000e+00	0.000000e+00	0.000000e+00	0.000000e+00	3.652832e-02	0.000000e+00	2.175386e-04	0.000000e+00	4.436288e-01	-7.843816e-02
4.436288e-01	0.000000e+00	2.833051e-03	0.000000e+00	8.059337e-04	0.000000e+00	0.000000e+00	1.863586e-03	1.223757e-04	0.000000e+00	1.176845e-02	2.226220e-03	0.000000e+00	2.301531e-03	0.000000e+00	6.530306e-05	0.000000e+00	5.948426e-03	1.033616e-02	0.000000e+00	1.879922e-02	1.390169e-02	0.000000e+00	0.000000e+00	0.000000e+00	0.000000e+00	3.652832e-02	0.000000e+00	2.175386e-04	0.000000e+00	4.436288e-01	-7.843816e-02
4.436288e-01	0.000000e+00	2.833051e-03	0.000000e+00	8.059337e-04	0.000000e+00	0.000000e+00	1.863586e-03	1.223757e-04	0.000000e+00	1.176845e-02	2.226220e-03	0.000000e+00	2.301531e-03	0.000000e+00	6.530306e-05	0.000000e+00	5.948426e-03	1.033616e-02	0.000000e+00	1.879922e-02	1.390169e-02	0.000000e+00	0.000000e+00	0.000000e+00	0.000000e+00	3.652832e-02	0.000000e+00	2.175386e-04	0.000000e+00	4.436288e-01	-7.843816e-02
4.366297e-01	0.000000e+00	2.833051e-03	4.746143e-02	8.059337e-04	0.000000e+00	9.283572e-03	0.000000e+00	3.095392e-02	0.000000e+00	0.000000e+00	2.226220e-03	0.000000e+00	2.301531e-03	0.000000e+00	6.530306e-05	0.000000e+00	5.948426e-03	0.000000e+00	0.000000e+00	4.097417e-03	1.390169e-02	0.000000e+00	0.000000e+00	0.000000e+00	0.000000e+00	6.500697e-03	0.000000e+00	0.000000e+00	0.000000e+00	4.366297e-01	-3.306637e-02
4.352133e-01	0.000000e+00	8.810526e-03	0.000000e+00	8.059337e-04	0.000000e+00	1.380017e-02	1.863586e-03	2.164015e-02	2.753515e-05	3.150029e-03	4.007195e-03	0.000000e+00	4.603061e-04	3.572559e-03	3.318167e-02	0.000000e+00	1.189685e-03	1.033616e-02	0.000000e+00	2.127206e-02	3.646730e-03	0.000000e+00	2.603527e-03	0.000000e+00	0.000000e+00	6.500697e-03	0.000000e+00	2.175386e-04	0.000000e+00	4.352133e-01	-2.014313e-02
4.352133e-01	0.000000e+00	8.810526e-03	0.000000e+00	8.059337e-04	0.000000e+00	1.380017e-02	1.863586e-03	2.164015e-02	2.753515e-05	3.150029e-03	4.007195e-03	0.000000e+00	4.603061e-04	3.572559e-03	3.318167e-02	0.000000e+00	1.189685e-03	1.033616e-02	0.000000e+00	2.127206e-02	3.646730e-03	0.000000e+00	2.603527e-03	0.000000e+00	0.000000e+00	6.500697e-03	0.000000e+00	2.175386e-04	0.000000e+00	4.352133e-01	-2.014313e-02
4.352133e-01	0.000000e+00	8.810526e-03	0.000000e+00	8.059337e-04	0.000000e+00	1.380017e-02	1.863586e-03	2.164015e-02	2.753515e-05	3.150029e-03	4.007195e-03	0.000000e+00	4.603061e-04	3.572559e-03	3.318167e-02	0.000000e+00	1.189685e-03	1.033616e-02	0.000000e+00	2.127206e-02	3.646730e-03	0.000000e+00	2.603527e-03	0.000000e+00	0.000000e+00	6.500697e-03	0.000000e+00	2.175386e-04	0.000000e+00	4.352133e-01	-2.014313e-02
4.352133e-01	0.000000e+00	8.810526e-03	0.000000e+00	8.059337e-04	0.000000e+00	1.380017e-02	1.863586e-03	2.164015e-02	2.753515e-05	3.150029e-03	4.007195e-03	0.000000e+00	4.603061e-04	3.572559e-03	3.318167e-02	0.000000e+00	1.189685e-03	1.033616e-02	0.000000e+00	2.127206e-02	3.646730e-03	0.000000e+00	2.603527e-03	0.000000e+00	0.000000e+00	6.500697e-03	0.000000e+00	2.175386e-04	0.000000e+00	4.352133e-01	-2.014313e-02
4.352133e-01	0.000000e+00	8.810526e-03	0.000000e+00	8.059337e-04	0.000000e+00	1.380017e-02	1.863586e-03	2.164015e-02	2.753515e-05	3.150029e-03	4.007195e-03	0.000000e+00	4.603061e-04	3.572559e-03	3.318167e-02	0.000000e+00	1.189685e-03	1.033616e-02	0.000000e+00	2.127206e-02	3.646730e-03	0.000000e+00	2.603527e-03	0.000000e+00	0.000000e+00	6.500697e-03	0.000000e+00	2.175386e-04	0.000000e+00	4.352133e-01	-2.014313e-02
4.267423e-01	0.000000e+00	1.861959e-04	1.924823e-03	0.000000e+00	2.352209e-02	1.376619e-02	1.135947e-02	1.804130e-04	0.000000e+00	3.323981e-02	0.000000e+00	0.000000e+00	0.000000e+00	1.633624e-02	4.081441e-04	0.000000e+00	0.000000e+00	0.000000e+00	0.000000e+00	1.006360e-03	1.038793e-02	0.000000e+00	5.475483e-03	0.000000e+00	1.296563e-02	0.000000e+00	5.476210e-04	5.037840e-04	2.345322e-02	4.267423e-01	6.156757e-02
4.261103e-01	0.000000e+00	1.030490e-02	0.000000e+00	0.000000e+00	0.000000e+00	2.653379e-02	0.000000e+00	1.804130e-04	3.441894e-05	4.388834e-04	8.720255e-02	0.000000e+00	0.000000e+00	4.465698e-03	4.146076e-02	0.000000e+00	0.000000e+00	0.000000e+00	0.000000e+00	2.384657e-02	1.082990e-03	0.000000e+00	3.254408e-03	0.000000e+00	0.000000e+00	0.000000e+00	0.000000e+00	0.000000e+00	0.000000e+00	4.261103e-01	7.746092e-02
4.237594e-01	0.000000e+00	8.430112e-03	1.924823e-03	0.000000e+00	0.000000e+00	1.910693e-02	1.490869e-03	0.000000e+00	3.441894e-05	7.197688e-04	4.007195e-03	0.000000e+00	0.000000e+00	4.465698e-03	0.000000e+00	0.000000e+00	0.000000e+00	8.268932e-03	0.000000e+00	3.560801e-02	0.000000e+00	0.000000e+00	0.000000e+00	0.000000e+00	0.000000e+00	2.402210e-02	4.462131e-02	0.000000e+00	0.000000e+00	4.237594e-01	9.343566e-02
4.214878e-01	0.000000e+00	1.579546e-02	0.000000e+00	0.000000e+00	0.000000e+00	1.101295e-02	1.419934e-02	0.000000e+00	0.000000e+00	2.194417e-03	0.000000e+00	0.000000e+00	0.000000e+00	0.000000e+00	3.135616e-03	0.000000e+00	0.000000e+00	0.000000e+00	7.603263e-03	0.000000e+00	3.104185e-03	0.000000e+00	7.405554e-04	0.000000e+00	4.153497e-04	0.000000e+00	0.000000e+00	2.129021e-04	4.454351e-02	4.214878e-01	1.090352e-01
4.214878e-01	0.000000e+00	8.810526e-03	0.000000e+00	0.000000e+00	5.091554e-02	1.380017e-02	0.000000e+00	2.164015e-02	2.753515e-05	3.323981e-02	4.007195e-03	0.000000e+00	4.603061e-04	0.000000e+00	3.135616e-03	0.000000e+00	0.000000e+00	1.033616e-02	0.000000e+00	2.127206e-02	3.646730e-03	0.000000e+00	2.603527e-03	0.000000e+00	0.000000e+00	3.659082e-03	0.000000e+00	2.829395e-02	0.000000e+00	4.214878e-01	1.308410e-01
4.214878e-01	0.000000e+00	8.810526e-03	0.000000e+00	0.000000e+00	5.091554e-02	1.380017e-02	0.000000e+00	2.164015e-02	2.753515e-05	3.323981e-02	4.007195e-03	0.000000e+00	4.603061e-04	0.000000e+00	3.135616e-03	0.000000e+00	0.000000e+00	1.033616e-02	0.000000e+00	2.127206e-02	3.646730e-03	0.000000e+00	2.603527e-03	0.000000e+00	0.000000e+00	3.659082e-03	0.000000e+00	2.829395e-02	0.000000e+00	4.214878e-01	1.308410e-01
4.169472e-01	0.000000e+00	8.839641e-03	1.539858e-03	8.059337e-04	0.000000e+00	1.380017e-02	1.863586e-03	0.000000e+00	1.402037e-03	4.388834e-04	1.760563e-02	0.000000e+00	0.000000e+00	3.572559e-03	3.318167e-02	0.000000e+00	0.000000e+00	0.000000e+00	0.000000e+00	0.000000e+00	7.876305e-03	0.000000e+00	1.171587e-03	0.000000e+00	0.000000e+00	0.000000e+00	4.380968e-04	0.000000e+00	1.876258e-02	4.169472e-01	1.661216e-01
4.162914e-01	0.000000e+00	0.000000e+00	1.539858e-03	0.000000e+00	5.034054e-02	0.000000e+00	0.000000e+00	0.000000e+00	0.000000e+00	0.000000e+00	6.226994e-02	0.000000e+00	0.000000e+00	0.000000e+00	2.075891e-02	0.000000e+00	0.000000e+00	0.000000e+00	0.000000e+00	1.984461e-02	3.104185e-03	0.000000e+00	5.475483e-03	0.000000e+00	3.955711e-04	0.000000e+00	0.000000e+00	0.000000e+00	2.527287e-02	4.162914e-01	1.909158e-01
4.162914e-01	0.000000e+00	0.000000e+00	1.539858e-03	0.000000e+00	5.034054e-02	0.000000e+00	0.000000e+00	0.000000e+00	0.000000e+00	0.000000e+00	6.226994e-02	0.000000e+00	0.000000e+00	0.000000e+00	2.075891e-02	0.000000e+00	0.000000e+00	0.000000e+00	0.000000e+00	1.984461e-02	3.104185e-03	0.000000e+00	5.475483e-03	0.000000e+00	3.955711e-04	0.000000e+00	0.000000e+00	0.000000e+00	2.527287e-02	4.162914e-01	1.909158e-01
4.116459e-01	0.000000e+00	2.403938e-02	0.000000e+00	0.000000e+00	0.000000e+00	2.653379e-02	1.135947e-02	1.804130e-04	0.000000e+00	2.545524e-03	1.994609e-02	0.000000e+00	0.000000e+00	1.151953e-03	1.969710e-02	0.000000e+00	0.000000e+00	0.000000e+00	0.000000e+00	3.201572e-03	0.000000e+00	0.000000e+00	3.254408e-03	0.000000e+00	9.889277e-05	0.000000e+00	0.000000e+00	3.858669e-02	2.432522e-02	4.116459e-01	2.482350e-01
2.592106e-01	0.000000e+00	1.573911e-02	0.000000e+00	0.000000e+00	0.000000e+00	0.000000e+00	0.000000e+00	1.804130e-04	1.424065e-03	4.388834e-04	2.081139e-02	0.000000e+00	0.000000e+00	8.161127e-03	0.000000e+00	0.000000e+00	0.000000e+00	0.000000e+00	0.000000e+00	1.191380e-02	2.483348e-03	9.510930e-04	2.445129e-03	0.000000e+00	0.000000e+00	7.010898e-03	0.000000e+00	0.000000e+00	0.000000e+00	2.592106e-01	2.590240e-01
2.592106e-01	0.000000e+00	1.573911e-02	0.000000e+00	0.000000e+00	0.000000e+00	0.000000e+00	0.000000e+00	1.804130e-04	1.424065e-03	4.388834e-04	2.081139e-02	0.000000e+00	0.000000e+00	8.161127e-03	0.000000e+00	0.000000e+00	0.000000e+00	0.000000e+00	0.000000e+00	1.191380e-02	2.483348e-03	9.510930e-04	2.445129e-03	0.000000e+00	0.000000e+00	7.010898e-03	0.000000e+00	0.000000e+00	0.000000e+00	2.592106e-01	2.590240e-01
2.592106e-01	0.000000e+00	1.573911e-02	0.000000e+00	0.000000e+00	0.000000e+00	0.000000e+00	0.000000e+00	1.804130e-04	1.424065e-03	4.388834e-04	2.081139e-02	0.000000e+00	0.000000e+00	8.161127e-03	0.000000e+00	0.000000e+00	0.000000e+00	0.000000e+00	0.000000e+00	1.191380e-02	2.483348e-03	9.510930e-04	2.445129e-03	0.000000e+00	0.000000e+00	7.010898e-03	0.000000e+00	0.000000e+00	0.000000e+00	2.592106e-01	2.590240e-01
2.592106e-01	0.000000e+00	1.573911e-02	0.000000e+00	0.000000e+00	0.000000e+00	0.000000e+00	0.000000e+00	1.804130e-04	1.424065e-03	4.388834e-04	2.081139e-02	0.000000e+00	0.000000e+00	8.161127e-03	0.000000e+00	0.000000e+00	0.000000e+00	0.000000e+00	0.000000e+00	1.191380e-02	2.483348e-03	9.510930e-04	2.445129e-03	0.000000e+00	0.000000e+00	7.010898e-03	0.000000e+00	0.000000e+00	0.000000e+00	2.592106e-01	2.590240e-01
2.592106e-01	0.000000e+00	1.573911e-02	0.000000e+00	0.000000e+00	0.000000e+00	0.000000e+00	0.000000e+00	1.804130e-04	1.424065e-03	4.388834e-04	2.081139e-02	0.000000e+00	0.000000e+00	8.161127e-03	0.000000e+00	0.000000e+00	0.000000e+00	0.000000e+00	0.000000e+00	1.191380e-02	2.483348e-03	9.510930e-04	2.445129e-03	0.000000e+00	0.000000e+00	7.010898e-03	0.000000e+00	0.000000e+00	0.000000e+00	2.592106e-01	2.590240e-01
2.592106e-01	0.000000e+00	1.573911e-02	0.000000e+00	0.000000e+00	0.000000e+00	0.000000e+00	0.000000e+00	1.804130e-04	1.424065e-03	4.388834e-04	2.081139e-02	0.000000e+00	0.000000e+00	8.161127e-03	0.000000e+00	0.000000e+00	0.000000e+00	0.000000e+00	0.000000e+00	1.191380e-02	2.483348e-03	9.510930e-04	2.445129e-03	0.000000e+00	0.000000e+00	7.010898e-03	0.000000e+00	0.000000e+00	0.000000e+00	2.592106e-01	2.590240e-01
2.592106e-01	0.000000e+00	1.573911e-02	0.000000e+00	0.000000e+00	0.000000e+00	0.000000e+00	0.000000e+00	1.804130e-04	1.424065e-03	4.388834e-04	2.081139e-02	0.000000e+00	0.000000e+00	8.161127e-03	0.000000e+00	0.000000e+00	0.000000e+00	0.000000e+00	0.000000e+00	1.191380e-02	2.483348e-03	9.510930e-04	2.445129e-03	0.000000e+00	0.000000e+00	7.010898e-03	0.000000e+00	0.000000e+00	0.000000e+00	2.592106e-01	2.590240e-01
2.592106e-01	0.000000e+00	1.573911e-02	0.000000e+00	0.000000e+00	0.000000e+00	0.000000e+00	0.000000e+00	1.804130e-04	1.424065e-03	4.388834e-04	2.081139e-02	0.000000e+00	0.000000e+00	8.161127e-03	0.000000e+00	0.000000e+00	0.000000e+00	0.000000e+00	0.000000e+00	1.191380e-02	2.483348e-03	9.510930e-04	2.445129e-03	0.000000e+00	0.000000e+00	7.010898e-03	0.000000e+00	0.000000e+00	0.000000e+00	2.592106e-01	2.590240e-01
2.592106e-01	0.000000e+00	1.573911e-02	0.000000e+00	0.000000e+00	0.000000e+00	0.000000e+00	0.000000e+00	1.804130e-04	1.424065e-03	4.388834e-04	2.081139e-02	0.000000e+00	0.000000e+00	8.161127e-03	0.000000e+00	0.000000e+00	0.000000e+00	0.000000e+00	0.000000e+00	1.191380e-02	2.483348e-03	9.510930e-04	2.445129e-03	0.000000e+00	0.000000e+00	7.010898e-03	0.000000e+00	0.000000e+00	0.000000e+00	2.592106e-01	2.590240e-01
2.592106e-01	0.000000e+00	1.573911e-02	0.000000e+00	0.000000e+00	0.000000e+00	0.000000e+00	0.000000e+00	1.804130e-04	1.424065e-03	4.388834e-04	2.081139e-02	0.000000e+00	0.000000e+00	8.161127e-03	0.000000e+00	0.000000e+00	0.000000e+00	0.000000e+00	0.000000e+00	1.191380e-02	2.483348e-03	9.510930e-04	2.445129e-03	0.000000e+00	0.000000e+00	7.010898e-03	0.000000e+00	0.000000e+00	0.000000e+00	2.592106e-01	2.590240e-01
2.528135e-01	0.000000e+00	0.000000e+00	0.000000e+00	0.000000e+00	0.000000e+00	0.000000e+00	0.000000e+00	1.900869e-02	1.139252e-03	5.617708e-05	1.690032e-03	0.000000e+00	0.000000e+00	9.414870e-03	4.401791e-02	0.000000e+00	0.000000e+00	0.000000e+00	3.132831e-03	0.000000e+00	2.374547e-02	7.608744e-04	8.621667e-03	9.436576e-03	0.000000e+00	4.308579e-03	1.758922e-02	0.000000e+00	0.000000e+00	2.528135e-01	2.786929e-01
2.494217e-01	1.726382e-02	3.285079e-02	0.000000e+00	0.000000e+00	1.333502e-03	0.000000e+00	0.000000e+00	1.443304e-04	0.000000e+00	3.949951e-03	1.690032e-03	0.000000e+00	0.000000e+00	9.414870e-03	0.000000e+00	0.000000e+00	0.000000e+00	0.000000e+00	3.132831e-03	6.130538e-03	2.374547e-02	7.608744e-04	1.046032e-02	9.436576e-03	0.000000e+00	0.000000e+00	0.000000e+00	0.000000e+00	0.000000e+00	2.494217e-01	2.792985e-01
2.417246e-01	0.000000e+00	1.573911e-02	0.000000e+00	0.000000e+00	0.000000e+00	0.000000e+00	0.000000e+00	9.691955e-03	2.563317e-03	7.899902e-04	2.081139e-02	0.000000e+00	0.000000e+00	5.644319e-02	0.000000e+00	0.000000e+00	0.000000e+00	0.000000e+00	0.000000e+00	1.191380e-02	4.470026e-03	3.521744e-03	2.445129e-03	2.130573e-03	0.000000e+00	7.010898e-03	0.000000e+00	0.000000e+00	1.341138e-02	2.417246e-01	3.102038e-01
2.355142e-01	3.333107e-02	1.573911e-02	0.000000e+00	0.000000e+00	0.000000e+00	0.000000e+00	0.000000e+00	1.804130e-04	2.563317e-03	6.343279e-02	1.070082e-03	0.000000e+00	0.000000e+00	8.161127e-03	0.000000e+00	0.000000e+00	0.000000e+00	0.000000e+00	0.000000e+00	1.191380e-02	2.483348e-03	9.510930e-04	2.445129e-03	0.000000e+00	0.000000e+00	7.010898e-03	0.000000e+00	0.000000e+00	0.000000e+00	2.355142e-01	3.383718e-01
2.314650e-01	2.008406e-02	0.000000e+00	0.000000e+00	0.000000e+00	0.000000e+00	0.000000e+00	3.423337e-02	0.000000e+00	5.126633e-04	0.000000e+00	1.070082e-03	0.000000e+00	0.000000e+00	5.644203e-03	0.000000e+00	0.000000e+00	0.000000e+00	0.000000e+00	4.855119e-04	1.998802e-02	2.194393e-02	0.000000e+00	2.084642e-05	1.330557e-02	0.000000e+00	2.031468e-03	0.000000e+00	0.000000e+00	1.042070e-02	2.314650e-01	3.562454e-01
2.272253e-01	3.333107e-02	1.573911e-02	0.000000e+00	0.000000e+00	0.000000e+00	0.000000e+00	3.423337e-02	1.804130e-04	2.563317e-03	0.000000e+00	1.070082e-03	0.000000e+00	0.000000e+00	7.158132e-03	0.000000e+00	0.000000e+00	0.000000e+00	0.000000e+00	0.000000e+00	1.804433e-02	1.986678e-03	9.510930e-04	2.445129e-03	0.000000e+00	0.000000e+00	7.010898e-03	0.000000e+00	0.000000e+00	0.000000e+00	2.272253e-01	3.813821e-01
2.272253e-01	6.428939e-03	1.882146e-04	0.000000e+00	0.000000e+00	0.000000e+00	0.000000e+00	3.423337e-02	1.804130e-04	2.563317e-03	5.569097e-03	1.070082e-03	4.353037e-04	0.000000e+00	0.000000e+00	1.356942e-02	0.000000e+00	0.000000e+00	0.000000e+00	0.000000e+00	6.643944e-03	1.986678e-03	0.000000e+00	2.445129e-03	0.000000e+00	0.000000e+00	7.010898e-03	0.000000e+00	0.000000e+00	6.902335e-02	2.272253e-01	3.877187e-01
2.160080e-01	0.000000e+00	4.338580e-02	0.000000e+00	0.000000e+00	0.000000e+00	0.000000e+00	0.000000e+00	0.000000e+00	1.545625e-02	0.000000e+00	5.741225e-04	0.000000e+00	0.000000e+00	0.000000e+00	0.000000e+00	0.000000e+00	0.000000e+00	0.000000e+00	0.000000e+00	2.634926e-02	4.934236e-03	0.000000e+00	0.000000e+00	0.000000e+00	0.000000e+00	0.000000e+00	0.000000e+00	0.000000e+00	0.000000e+00	2.160080e-01	4.527752e-01
2.120454e-01	0.000000e+00	0.000000e+00	0.000000e+00	0.000000e+00	0.000000e+00	0.000000e+00	0.000000e+00	2.597947e-04	0.000000e+00	0.000000e+00	1.070082e-03	0.000000e+00	0.000000e+00	3.857688e-03	0.000000e+00	2.480343e-02	0.000000e+00	0.000000e+00	0.000000e+00	0.000000e+00	2.916156e-02	0.000000e+00	7.173045e-03	0.000000e+00	0.000000e+00	0.000000e+00	0.000000e+00	0.000000e+00	0.000000e+00	2.120454e-01	4.770448e-01
2.067856e-01	0.000000e+00	4.793744e-02	0.000000e+00	0.000000e+00	0.000000e+00	0.000000e+00	0.000000e+00	0.000000e+00	0.000000e+00	0.000000e+00	1.070082e-03	0.000000e+00	0.000000e+00	6.268715e-03	0.000000e+00	0.000000e+00	0.000000e+00	0.000000e+00	6.068899e-04	0.000000e+00	2.742992e-02	0.000000e+00	3.985025e-03	9.436576e-03	0.000000e+00	0.000000e+00	0.000000e+00	0.000000e+00	0.000000e+00	2.067856e-01	5.247600e-01
2.052074e-01	0.000000e+00	4.377837e-02	0.000000e+00	0.000000e+00	0.000000e+00	0.000000e+00	3.423337e-02	0.000000e+00	0.000000e+00	0.000000e+00	1.070082e-03	0.000000e+00	0.000000e+00	7.158132e-03	0.000000e+00	0.000000e+00	0.000000e+00	0.000000e+00	0.000000e+00	0.000000e+00	1.986678e-03	0.000000e+00	7.973041e-02	7.549261e-03	0.000000e+00	0.000000e+00	0.000000e+00	0.000000e+00	0.000000e+00	2.052074e-01	5.558744e-01
1.964752e-01	0.000000e+00	0.000000e+00	0.000000e+00	0.000000e+00	0.000000e+00	0.000000e+00	0.000000e+00	3.247434e-04	1.424065e-03	0.000000e+00	3.610848e-02	0.000000e+00	0.000000e+00	7.158132e-03	0.000000e+00	0.000000e+00	0.000000e+00	0.000000e+00	0.000000e+00	1.191380e-02	0.000000e+00	0.000000e+00	2.445129e-03	0.000000e+00	0.000000e+00	1.015734e-02	0.000000e+00	0.000000e+00	1.393046e-02	1.964752e-01	5.986554e-01
1.899005e-01	1.176191e-02	1.277950e-02	0.000000e+00	0.000000e+00	0.000000e+00	0.000000e+00	0.000000e+00	0.000000e+00	0.000000e+00	8.667491e-03	5.626658e-04	4.353037e-04	0.000000e+00	1.253743e-03	6.784708e-03	0.000000e+00	0.000000e+00	0.000000e+00	8.730988e-03	0.000000e+00	2.810642e-02	0.000000e+00	3.985025e-03	0.000000e+00	0.000000e+00	0.000000e+00	0.000000e+00	0.000000e+00	4.459010e-02	1.899005e-01	6.545406e-01
8.091405e-02	0.000000e+00	3.131648e-02	0.000000e+00	0.000000e+00	0.000000e+00	0.000000e+00	0.000000e+00	0.000000e+00	0.000000e+00	0.000000e+00	1.070082e-03	0.000000e+00	0.000000e+00	7.158132e-03	0.000000e+00	0.000000e+00	0.000000e+00	0.000000e+00	0.000000e+00	1.804433e-02	1.986678e-03	0.000000e+00	3.985025e-03	0.000000e+00	0.000000e+00	0.000000e+00	0.000000e+00	0.000000e+00	0.000000e+00	8.091405e-02	6.868190e-01
8.091405e-02	0.000000e+00	3.131648e-02	0.000000e+00	0.000000e+00	0.000000e+00	0.000000e+00	0.000000e+00	0.000000e+00	0.000000e+00	0.000000e+00	1.070082e-03	0.000000e+00	0.000000e+00	7.158132e-03	0.000000e+00	0.000000e+00	0.000000e+00	0.000000e+00	0.000000e+00	1.804433e-02	1.986678e-03	0.000000e+00	3.985025e-03	0.000000e+00	0.000000e+00	0.000000e+00	0.000000e+00	0.000000e+00	0.000000e+00	8.091405e-02	6.868190e-01
8.091405e-02	0.000000e+00	3.131648e-02	0.000000e+00	0.000000e+00	0.000000e+00	0.000000e+00	0.000000e+00	0.000000e+00	0.000000e+00	0.000000e+00	1.070082e-03	0.000000e+00	0.000000e+00	7.158132e-03	0.000000e+00	0.000000e+00	0.000000e+00	0.000000e+00	0.000000e+00	1.804433e-02	1.986678e-03	0.000000e+00	3.985025e-03	0.000000e+00	0.000000e+00	0.000000e+00	0.000000e+00	0.000000e+00	0.000000e+00	8.091405e-02	6.868190e-01
8.091405e-02	0.000000e+00	3.131648e-02	0.000000e+00	0.000000e+00	0.000000e+00	0.000000e+00	0.000000e+00	0.000000e+00	0.000000e+00	0.000000e+00	1.070082e-03	0.000000e+00	0.000000e+00	7.158132e-03	0.000000e+00	0.000000e+00	0.000000e+00	0.000000e+00	0.000000e+00	1.804433e-02	1.986678e-03	0.000000e+00	3.985025e-03	0.000000e+00	0.000000e+00	0.000000e+00	0.000000e+00	0.000000e+00	0.000000e+00	8.091405e-02	6.868190e-01
8.091405e-02	0.000000e+00	3.131648e-02	0.000000e+00	0.000000e+00	0.000000e+00	0.000000e+00	0.000000e+00	0.000000e+00	0.000000e+00	0.000000e+00	1.070082e-03	0.000000e+00	0.000000e+00	7.158132e-03	0.000000e+00	0.000000e+00	0.000000e+00	0.000000e+00	0.000000e+00	1.804433e-02	1.986678e-03	0.000000e+00	3.985025e-03	0.000000e+00	0.000000e+00	0.000000e+00	0.000000e+00	0.000000e+00	0.000000e+00	8.091405e-02	6.868190e-01
8.091405e-02	0.000000e+00	3.131648e-02	0.000000e+00	0.000000e+00	0.000000e+00	0.000000e+00	0.000000e+00	0.000000e+00	0.000000e+00	0.000000e+00	1.070082e-03	0.000000e+00	0.000000e+00	7.158132e-03	0.000000e+00	0.000000e+00	0.000000e+00	0.000000e+00	0.000000e+00	1.804433e-02	1.986678e-03	0.000000e+00	3.985025e-03	0.000000e+00	0.000000e+00	0.000000e+00	0.000000e+00	0.000000e+00	0.000000e+00	8.091405e-02	6.868190e-01
8.091405e-02	0.000000e+00	3.131648e-02	0.000000e+00	0.000000e+00	0.000000e+00	0.000000e+00	0.000000e+00	0.000000e+00	0.000000e+00	0.000000e+00	1.070082e-03	0.000000e+00	0.000000e+00	7.158132e-03	0.000000e+00	0.000000e+00	0.000000e+00	0.000000e+00	0.000000e+00	1.804433e-02	1.986678e-03	0.000000e+00	3.985025e-03	0.000000e+00	0.000000e+00	0.000000e+00	0.000000e+00	0.000000e+00	0.000000e+00	8.091405e-02	6.868190e-01
8.091405e-02	0.000000e+00	3.131648e-02	0.000000e+00	0.000000e+00	0.000000e+00	0.000000e+00	0.000000e+00	0.000000e+00	0.000000e+00	0.000000e+00	1.070082e-03	0.000000e+00	0.000000e+00	7.158132e-03	0.000000e+00	0.000000e+00	0.000000e+00	0.000000e+00	0.000000e+00	1.804433e-02	1.986678e-03	0.000000e+00	3.985025e-03	0.000000e+00	0.000000e+00	0.000000e+00	0.000000e+00	0.000000e+00	0.000000e+00	8.091405e-02	6.868190e-01
6.645077e-02	0.000000e+00	3.413726e-02	0.000000e+00	0.000000e+00	0.000000e+00	0.000000e+00	0.000000e+00	0.000000e+00	0.000000e+00	0.000000e+00	1.070082e-03	0.000000e+00	0.000000e+00	6.268715e-03	0.000000e+00	0.000000e+00	0.000000e+00	3.156457e-02	1.359114e-02	0.000000e+00	0.000000e+00	0.000000e+00	0.000000e+00	0.000000e+00	0.000000e+00	0.000000e+00	0.000000e+00	0.000000e+00	1.547116e-02	6.645077e-02	7.120822e-01
5.339173e-02	0.000000e+00	4.793744e-02	0.000000e+00	0.000000e+00	0.000000e+00	0.000000e+00	0.000000e+00	0.000000e+00	0.000000e+00	0.000000e+00	6.003148e-04	3.433643e-02	0.000000e+00	6.268715e-03	0.000000e+00	0.000000e+00	0.000000e+00	0.000000e+00	9.153624e-03	0.000000e+00	3.476206e-02	0.000000e+00	3.985025e-03	0.000000e+00	0.000000e+00	0.000000e+00	0.000000e+00	0.000000e+00	0.000000e+00	5.339173e-02	7.535128e-01
4.417951e-02	0.000000e+00	3.413726e-02	0.000000e+00	0.000000e+00	0.000000e+00	0.000000e+00	0.000000e+00	0.000000e+00	0.000000e+00	0.000000e+00	1.070082e-03	0.000000e+00	0.000000e+00	3.857688e-03	0.000000e+00	0.000000e+00	0.000000e+00	0.000000e+00	0.000000e+00	0.000000e+00	2.916156e-02	0.000000e+00	7.173045e-03	0.000000e+00	0.000000e+00	0.000000e+00	0.000000e+00	2.120948e-02	0.000000e+00	4.417951e-02	7.732223e-01
3.423392e-02	0.000000e+00	4.793744e-02	0.000000e+00	0.000000e+00	1.066801e-03	0.000000e+00	0.000000e+00	1.443304e-04	1.139252e-03	0.000000e+00	1.070082e-03	0.000000e+00	0.000000e+00	6.268715e-03	0.000000e+00	0.000000e+00	0.000000e+00	0.000000e+00	1.213780e-04	0.000000e+00	4.664613e-03	0.000000e+00	2.753108e-03	0.000000e+00	0.000000e+00	0.000000e+00	0.000000e+00	0.000000e+00	0.000000e+00	3.423392e-02	8.032183e-01
2.400409e-02	0.000000e+00	1.815541e-02	0.000000e+00	0.000000e+00	0.000000e+00	0.000000e+00	0.000000e+00	0.000000e+00	0.000000e+00	0.000000e+00	1.070082e-03	0.000000e+00	0.000000e+00	1.099223e-02	0.000000e+00	0.000000e+00	0.000000e+00	0.000000e+00	5.404299e-03	1.443547e-02	1.386626e-02	0.000000e+00	3.985025e-03	0.000000e+00	0.000000e+00	0.000000e+00	3.329931e-03	0.000000e+00	0.000000e+00	2.400409e-02	8.490385e-01
1.301452e-03	0.000000e+00	6.276703e-02	0.000000e+00	0.000000e+00	2.510244e-02	0.000000e+00	0.000000e+00	0.000000e+00	0.000000e+00	0.000000e+00	1.006248e-03	0.000000e+00	3.207624e-03	3.122560e-03	0.000000e+00	0.000000e+00	0.000000e+00	0.000000e+00	1.123148e-02	3.413225e-03	1.386626e-02	0.000000e+00	3.985025e-03	0.000000e+00	0.000000e+00	0.000000e+00	0.000000e+00	0.000000e+00	0.000000e+00	1.301452e-03	1.002795e+00
0.000000e+00	0.000000e+00	5.138749e-02	0.000000e+00	0.000000e+00	0.000000e+00	0.000000e+00	0.000000e+00	0.000000e+00	0.000000e+00	0.000000e+00	1.070082e-03	0.000000e+00	0.000000e+00	1.128369e-02	0.000000e+00	0.000000e+00	0.000000e+00	3.945571e-02	8.938847e-03	0.000000e+00	2.042261e-02	0.000000e+00	0.000000e+00	0.000000e+00	0.000000e+00	0.000000e+00	0.000000e+00	0.000000e+00	0.000000e+00	0.000000e+00	1.041139e+00
