8.518487e-01	3.847935e-02	0.000000e+00	5.768588e-02	0.000000e+00	1.088881e-02	3.300902e-03	6.560810e-02	0.000000e+00	0.000000e+00	0.000000e+00	0.000000e+00	1.601010e-02	8.101568e-04	0.000000e+00	3.011301e-02	0.000000e+00	0.000000e+00	1.718603e-02	0.000000e+00	0.000000e+00	0.000000e+00	1.196025e-02	0.000000e+00	0.000000e+00	0.000000e+00	0.000000e+00	0.000000e+00	0.000000e+00	0.000000e+00	8.518487e-01	-7.305661e-01
8.508958e-01	3.847935e-02	0.000000e+00	0.000000e+00	0.000000e+00	1.139911e-02	3.300902e-03	3.279194e-02	0.000000e+00	0.000000e+00	0.000000e+00	0.000000e+00	0.000000e+00	4.666503e-03	0.000000e+00	7.671956e-02	2.803066e-02	0.000000e+00	0.000000e+00	0.000000e+00	5.896129e-02	0.000000e+00	0.000000e+00	2.105641e-02	0.000000e+00	0.000000e+00	1.367891e-02	0.000000e+00	0.000000e+00	0.000000e+00	8.508958e-01	-7.237732e-01
8.493116e-01	3.847935e-02	0.000000e+00	4.005964e-02	0.000000e+00	5.699555e-02	3.300902e-03	6.560810e-02	0.000000e+00	0.000000e+00	0.000000e+00	0.000000e+00	1.601010e-02	3.240627e-03	0.000000e+00	3.011301e-02	2.774679e-02	0.000000e+00	1.718603e-02	0.000000e+00	0.000000e+00	0.000000e+00	0.000000e+00	9.633356e-03	0.000000e+00	0.000000e+00	1.094312e-02	0.000000e+00	0.000000e+00	0.000000e+00	8.493116e-01	-7.161808e-01
8.493116e-01	3.847935e-02	0.000000e+00	4.005964e-02	0.000000e+00	5.699555e-02	3.300902e-03	6.560810e-02	0.000000e+00	0.000000e+00	0.000000e+00	0.000000e+00	1.601010e-02	3.240627e-03	0.000000e+00	3.011301e-02	2.774679e-02	0.000000e+00	1.718603e-02	0.000000e+00	0.000000e+00	0.000000e+00	0.000000e+00	9.633356e-03	0.000000e+00	0.000000e+00	1.094312e-02	0.000000e+00	0.000000e+00	0.000000e+00	8.493116e-01	-7.161808e-01
8.429749e-01	3.847935e-02	0.000000e+00	2.891985e-02	0.000000e+00	8.553893e-03	3.300902e-03	1.043273e-01	0.000000e+00	0.000000e+00	0.000000e+00	0.000000e+00	1.150165e-02	3.240627e-03	0.000000e+00	0.000000e+00	2.702007e-02	0.000000e+00	1.718603e-02	0.000000e+00	0.000000e+00	0.000000e+00	4.822927e-03	0.000000e+00	0.000000e+00	0.000000e+00	1.094312e-02	0.000000e+00	0.000000e+00	4.688408e-03	8.429749e-01	-6.957811e-01
8.429749e-01	3.847935e-02	0.000000e+00	2.891985e-02	0.000000e+00	8.553893e-03	3.300902e-03	1.043273e-01	0.000000e+00	0.000000e+00	0.000000e+00	0.000000e+00	1.150165e-02	3.240627e-03	0.000000e+00	0.000000e+00	2.702007e-02	0.000000e+00	1.718603e-02	0.000000e+00	0.000000e+00	0.000000e+00	4.822927e-03	0.000000e+00	0.000000e+00	0.000000e+00	1.094312e-02	0.000000e+00	0.000000e+00	4.688408e-03	8.429749e-01	-6.957811e-01
8.429749e-01	3.847935e-02	0.000000e+00	2.891985e-02	4.516381e-02	1.871579e-03	3.300902e-03	6.216627e-02	0.000000e+00	0.000000e+00	0.000000e+00	0.000000e+00	1.150165e-02	6.481254e-04	0.000000e+00	1.328564e-01	2.702007e-02	0.000000e+00	1.718603e-02	0.000000e+00	0.000000e+00	0.000000e+00	4.822927e-03	0.000000e+00	0.000000e+00	0.000000e+00	0.000000e+00	0.000000e+00	0.000000e+00	0.000000e+00	8.429749e-01	-6.764277e-01
8.398456e-01	4.945790e-02	0.000000e+00	2.891985e-02	0.000000e+00	0.000000e+00	3.300902e-03	1.000781e-01	1.640658e-02	0.000000e+00	0.000000e+00	0.000000e+00	2.438658e-03	0.000000e+00	0.000000e+00	0.000000e+00	2.702007e-02	0.000000e+00	0.000000e+00	0.000000e+00	0.000000e+00	0.000000e+00	2.108109e-02	0.000000e+00	0.000000e+00	0.000000e+00	8.754499e-03	0.000000e+00	0.000000e+00	9.611235e-03	8.398456e-01	-6.682421e-01
8.378857e-01	0.000000e+00	0.000000e+00	4.005964e-02	0.000000e+00	0.000000e+00	3.300902e-03	0.000000e+00	0.000000e+00	0.000000e+00	0.000000e+00	0.000000e+00	0.000000e+00	0.000000e+00	0.000000e+00	0.000000e+00	6.130726e-03	0.000000e+00	0.000000e+00	0.000000e+00	4.716903e-02	0.000000e+00	2.493944e-02	2.148754e-02	0.000000e+00	0.000000e+00	1.503720e-02	0.000000e+00	0.000000e+00	1.336196e-02	8.378857e-01	-6.641164e-01
8.378857e-01	4.925356e-03	0.000000e+00	3.114781e-02	0.000000e+00	4.787626e-02	3.300902e-03	2.757598e-02	1.312527e-02	0.000000e+00	0.000000e+00	0.000000e+00	0.000000e+00	6.481254e-04	0.000000e+00	0.000000e+00	5.549357e-03	0.000000e+00	0.000000e+00	0.000000e+00	4.716903e-02	8.913676e-03	2.493944e-02	1.861224e-02	0.000000e+00	0.000000e+00	1.328630e-02	0.000000e+00	0.000000e+00	2.105095e-02	8.378857e-01	-6.474071e-01
8.378857e-01	4.925356e-03	0.000000e+00	3.114781e-02	0.000000e+00	4.787626e-02	3.300902e-03	2.757598e-02	1.312527e-02	0.000000e+00	0.000000e+00	0.000000e+00	0.000000e+00	6.481254e-04	0.000000e+00	0.000000e+00	5.549357e-03	0.000000e+00	0.000000e+00	0.000000e+00	4.716903e-02	8.913676e-03	2.493944e-02	1.861224e-02	0.000000e+00	0.000000e+00	1.328630e-02	0.000000e+00	0.000000e+00	2.105095e-02	8.378857e-01	-6.474071e-01
8.378857e-01	4.925356e-03	0.000000e+00	3.114781e-02	0.000000e+00	4.787626e-02	3.300902e-03	2.757598e-02	1.312527e-02	0.000000e+00	0.000000e+00	0.000000e+00	0.000000e+00	6.481254e-04	0.000000e+00	0.000000e+00	5.549357e-03	0.000000e+00	0.000000e+00	0.000000e+00	4.716903e-02	8.913676e-03	2.493944e-02	1.861224e-02	0.000000e+00	0.000000e+00	1.328630e-02	0.000000e+00	0.000000e+00	2.105095e-02	8.378857e-01	-6.474071e-01
8.343077e-01	2.462678e-02	0.000000e+00	3.383007e-02	0.000000e+00	1.139911e-02	3.300902e-03	0.000000e+00	0.000000e+00	0.000000e+00	0.000000e+00	0.000000e+00	2.102574e-02	5.185004e-04	0.000000e+00	9.436465e-04	2.774679e-02	0.000000e+00	0.000000e+00	0.000000e+00	0.000000e+00	0.000000e+00	1.609321e-02	2.970752e-02	0.000000e+00	0.000000e+00	0.000000e+00	0.000000e+00	0.000000e+00	0.000000e+00	8.343077e-01	-6.195311e-01
8.343077e-01	2.462678e-02	0.000000e+00	3.383007e-02	0.000000e+00	1.139911e-02	3.300902e-03	0.000000e+00	0.000000e+00	0.000000e+00	0.000000e+00	0.000000e+00	2.102574e-02	5.185004e-04	0.000000e+00	9.436465e-04	2.774679e-02	0.000000e+00	0.000000e+00	0.000000e+00	0.000000e+00	0.000000e+00	1.609321e-02	2.970752e-02	0.000000e+00	0.000000e+00	0.000000e+00	0.000000e+00	0.000000e+00	0.000000e+00	8.343077e-01	-6.195311e-01
8.343077e-01	0.000000e+00	0.000000e+00	4.005964e-02	0.000000e+00	5.699555e-02	3.300902e-03	1.651595e-01	0.000000e+00	0.000000e+00	0.000000e+00	0.000000e+00	0.000000e+00	0.000000e+00	0.000000e+00	9.436465e-04	0.000000e+00	0.000000e+00	0.000000e+00	0.000000e+00	0.000000e+00	0.000000e+00	8.839525e-03	2.970752e-02	0.000000e+00	0.000000e+00	6.179507e-03	0.000000e+00	0.000000e+00	0.000000e+00	8.343077e-01	-5.948800e-01
8.343077e-01	0.000000e+00	0.000000e+00	4.005964e-02	0.000000e+00	5.699555e-02	3.300902e-03	1.651595e-01	0.000000e+00	0.000000e+00	0.000000e+00	0.000000e+00	0.000000e+00	0.000000e+00	0.000000e+00	9.436465e-04	0.000000e+00	0.000000e+00	0.000000e+00	0.000000e+00	0.000000e+00	0.000000e+00	8.839525e-03	2.970752e-02	0.000000e+00	0.000000e+00	6.179507e-03	0.000000e+00	0.000000e+00	0.000000e+00	8.343077e-01	-5.948800e-01
8.343077e-01	0.000000e+00	0.000000e+00	4.005964e-02	0.000000e+00	5.699555e-02	3.300902e-03	1.651595e-01	0.000000e+00	0.000000e+00	0.000000e+00	0.000000e+00	0.000000e+00	0.000000e+00	0.000000e+00	9.436465e-04	0.000000e+00	0.000000e+00	0.000000e+00	0.000000e+00	0.000000e+00	0.000000e+00	8.839525e-03	2.970752e-02	0.000000e+00	0.000000e+00	6.179507e-03	0.000000e+00	0.000000e+00	0.000000e+00	8.343077e-01	-5.948800e-01
8.314454e-01	1.197477e-01	0.000000e+00	4.718910e-02	0.000000e+00	6.429098e-02	2.616664e-03	0.000000e+00	0.000000e+00	0.000000e+00	0.000000e+00	0.000000e+00	0.000000e+00	0.000000e+00	0.000000e+00	1.698564e-03	0.000000e+00	0.000000e+00	0.000000e+00	0.000000e+00	0.000000e+00	0.000000e+00	0.000000e+00	3.858375e-02	0.000000e+00	0.000000e+00	0.000000e+00	0.000000e+00	0.000000e+00	0.000000e+00	8.314454e-01	-5.589013e-01
8.314454e-01	1.197477e-01	0.000000e+00	4.718910e-02	0.000000e+00	6.429098e-02	2.616664e-03	0.000000e+00	0.000000e+00	0.000000e+00	0.000000e+00	0.000000e+00	0.000000e+00	0.000000e+00	0.000000e+00	1.698564e-03	0.000000e+00	0.000000e+00	0.000000e+00	0.000000e+00	0.000000e+00	0.000000e+00	0.000000e+00	3.858375e-02	0.000000e+00	0.000000e+00	0.000000e+00	0.000000e+00	0.000000e+00	0.000000e+00	8.314454e-01	-5.589013e-01
8.314454e-01	1.197477e-01	0.000000e+00	4.718910e-02	0.000000e+00	6.429098e-02	2.616664e-03	0.000000e+00	0.000000e+00	0.000000e+00	0.000000e+00	0.000000e+00	0.000000e+00	0.000000e+00	0.000000e+00	1.698564e-03	0.000000e+00	0.000000e+00	0.000000e+00	0.000000e+00	0.000000e+00	0.000000e+00	0.000000e+00	3.858375e-02	0.000000e+00	0.000000e+00	0.000000e+00	0.000000e+00	0.000000e+00	0.000000e+00	8.314454e-01	-5.589013e-01
8.296455e-01	1.197477e-01	0.000000e+00	1.800825e-02	0.000000e+00	4.899176e-02	2.616664e-03	0.000000e+00	1.236310e-02	0.000000e+00	0.000000e+00	0.000000e+00	0.000000e+00	0.000000e+00	8.007480e-03	5.785963e-02	0.000000e+00	0.000000e+00	0.000000e+00	0.000000e+00	0.000000e+00	0.000000e+00	1.251368e-02	5.561421e-03	0.000000e+00	0.000000e+00	0.000000e+00	0.000000e+00	0.000000e+00	2.589857e-02	8.296455e-01	-5.229013e-01
8.296455e-01	1.197477e-01	0.000000e+00	1.800825e-02	0.000000e+00	4.899176e-02	2.616664e-03	0.000000e+00	1.236310e-02	0.000000e+00	0.000000e+00	0.000000e+00	0.000000e+00	0.000000e+00	8.007480e-03	5.785963e-02	0.000000e+00	0.000000e+00	0.000000e+00	0.000000e+00	0.000000e+00	0.000000e+00	1.251368e-02	5.561421e-03	0.000000e+00	0.000000e+00	0.000000e+00	0.000000e+00	0.000000e+00	2.589857e-02	8.296455e-01	-5.229013e-01
8.296455e-01	1.197477e-01	0.000000e+00	1.800825e-02	0.000000e+00	4.899176e-02	2.616664e-03	0.000000e+00	1.236310e-02	0.000000e+00	0.000000e+00	0.000000e+00	0.000000e+00	0.000000e+00	8.007480e-03	5.785963e-02	0.000000e+00	0.000000e+00	0.000000e+00	0.000000e+00	0.000000e+00	0.000000e+00	1.251368e-02	5.561421e-03	0.000000e+00	0.000000e+00	0.000000e+00	0.000000e+00	0.000000e+00	2.589857e-02	8.296455e-01	-5.229013e-01
8.296455e-01	1.197477e-01	0.000000e+00	5.770075e-02	0.000000e+00	9.347271e-02	2.616664e-03	1.977357e-01	0.000000e+00	0.000000e+00	0.000000e+00	1.545477e-02	0.000000e+00	0.000000e+00	0.000000e+00	1.108534e-04	0.000000e+00	0.000000e+00	1.211459e-02	0.000000e+00	0.000000e+00	0.000000e+00	0.000000e+00	2.970752e-02	0.000000e+00	0.000000e+00	0.000000e+00	0.000000e+00	0.000000e+00	0.000000e+00	8.296455e-01	-4.843907e-01
8.277361e-01	1.000463e-01	0.000000e+00	1.800825e-02	0.000000e+00	1.139911e-02	3.647323e-02	9.256362e-02	6.830572e-03	0.000000e+00	0.000000e+00	0.000000e+00	0.000000e+00	0.000000e+00	0.000000e+00	7.712016e-02	0.000000e+00	0.000000e+00	1.021399e-02	0.000000e+00	0.000000e+00	0.000000e+00	1.722275e-02	0.000000e+00	0.000000e+00	0.000000e+00	3.862192e-03	0.000000e+00	0.000000e+00	4.044588e-02	8.277361e-01	-4.713504e-01
8.277361e-01	1.000463e-01	0.000000e+00	1.800825e-02	0.000000e+00	0.000000e+00	3.647323e-02	9.256362e-02	6.830572e-03	0.000000e+00	0.000000e+00	0.000000e+00	4.935165e-02	0.000000e+00	0.000000e+00	7.712016e-02	0.000000e+00	0.000000e+00	1.021399e-02	0.000000e+00	0.000000e+00	0.000000e+00	1.722275e-02	0.000000e+00	0.000000e+00	0.000000e+00	3.862192e-03	0.000000e+00	0.000000e+00	4.044588e-02	8.277361e-01	-4.646025e-01
8.277361e-01	1.000463e-01	0.000000e+00	1.800825e-02	0.000000e+00	0.000000e+00	3.647323e-02	9.256362e-02	6.830572e-03	0.000000e+00	0.000000e+00	0.000000e+00	4.935165e-02	0.000000e+00	0.000000e+00	7.712016e-02	0.000000e+00	0.000000e+00	1.021399e-02	0.000000e+00	0.000000e+00	0.000000e+00	1.722275e-02	0.000000e+00	0.000000e+00	0.000000e+00	3.862192e-03	0.000000e+00	0.000000e+00	4.044588e-02	8.277361e-01	-4.646025e-01
8.277361e-01	1.000463e-01	0.000000e+00	1.800825e-02	0.000000e+00	0.000000e+00	3.647323e-02	9.256362e-02	6.830572e-03	0.000000e+00	0.000000e+00	0.000000e+00	4.935165e-02	0.000000e+00	0.000000e+00	7.712016e-02	0.000000e+00	0.000000e+00	1.021399e-02	0.000000e+00	0.000000e+00	0.000000e+00	1.722275e-02	0.000000e+00	0.000000e+00	0.000000e+00	3.862192e-03	0.000000e+00	0.000000e+00	4.044588e-02	8.277361e-01	-4.646025e-01
6.566939e-01	0.000000e+00	2.027344e-02	0.000000e+00	3.152415e-03	2.140386e-02	4.156200e-03	0.000000e+00	0.000000e+00	0.000000e+00	2.077632e-03	0.000000e+00	2.876949e-03	0.000000e+00	0.000000e+00	3.348346e-03	0.000000e+00	5.468269e-03	2.420981e-02	6.007993e-03	5.509300e-03	0.000000e+00	1.081825e-02	0.000000e+00	0.000000e+00	0.000000e+00	2.298681e-02	0.000000e+00	5.801039e-02	0.000000e+00	6.566939e-01	-4.171207e-01
6.566939e-01	0.000000e+00	2.027344e-02	0.000000e+00	3.152415e-03	2.140386e-02	4.156200e-03	0.000000e+00	0.000000e+00	0.000000e+00	2.077632e-03	0.000000e+00	2.876949e-03	0.000000e+00	0.000000e+00	3.348346e-03	0.000000e+00	5.468269e-03	2.420981e-02	6.007993e-03	5.509300e-03	0.000000e+00	1.081825e-02	0.000000e+00	0.000000e+00	0.000000e+00	2.298681e-02	0.000000e+00	5.801039e-02	0.000000e+00	6.566939e-01	-4.171207e-01
6.566939e-01	0.000000e+00	2.027344e-02	0.000000e+00	3.152415e-03	2.140386e-02	4.156200e-03	0.000000e+00	0.000000e+00	0.000000e+00	2.077632e-03	0.000000e+00	2.876949e-03	0.000000e+00	0.000000e+00	3.348346e-03	0.000000e+00	5.468269e-03	2.420981e-02	6.007993e-03	5.509300e-03	0.000000e+00	1.081825e-02	0.000000e+00	0.000000e+00	0.000000e+00	2.298681e-02	0.000000e+00	5.801039e-02	0.000000e+00	6.566939e-01	-4.171207e-01
6.566939e-01	0.000000e+00	2.027344e-02	0.000000e+00	3.152415e-03	2.140386e-02	4.156200e-03	0.000000e+00	0.000000e+00	0.000000e+00	2.077632e-03	0.000000e+00	2.876949e-03	0.000000e+00	0.000000e+00	3.348346e-03	0.000000e+00	5.468269e-03	2.420981e-02	6.007993e-03	5.509300e-03	0.000000e+00	1.081825e-02	0.000000e+00	0.000000e+00	0.000000e+00	2.298681e-02	0.000000e+00	5.801039e-02	0.000000e+00	6.566939e-01	-4.171207e-01
6.566939e-01	0.000000e+00	2.027344e-02	0.000000e+00	3.152415e-03	2.140386e-02	4.156200e-03	0.000000e+00	0.000000e+00	0.000000e+00	2.077632e-03	0.000000e+00	2.876949e-03	0.000000e+00	0.000000e+00	3.348346e-03	0.000000e+00	5.468269e-03	2.420981e-02	6.007993e-03	5.509300e-03	0.000000e+00	1.081825e-02	0.000000e+00	0.000000e+00	0.000000e+00	2.298681e-02	0.000000e+00	5.801039e-02	0.000000e+00	6.566939e-01	-4.171207e-01
6.508175e-01	0.000000e+00	2.690642e-02	0.000000e+00	1.733828e-03	0.000000e+00	4.614815e-03	9.619777e-03	3.824889e-03	0.000000e+00	1.752698e-03	0.000000e+00	1.964843e-03	0.000000e+00	0.000000e+00	2.214515e-03	0.000000e+00	8.544171e-03	1.911882e-02	5.326235e-03	9.211550e-03	0.000000e+00	1.349622e-02	3.468008e-03	0.000000e+00	6.620058e-02	2.033467e-02	9.562149e-03	3.244378e-02	0.000000e+00	6.508175e-01	-4.122930e-01
6.486708e-01	0.000000e+00	3.053324e-03	6.823930e-02	1.549089e-02	0.000000e+00	6.796922e-03	0.000000e+00	3.824889e-03	0.000000e+00	2.077632e-03	0.000000e+00	1.745457e-03	0.000000e+00	0.000000e+00	3.781708e-03	2.154194e-02	8.544171e-03	5.328289e-02	0.000000e+00	5.509300e-03	0.000000e+00	1.360780e-02	3.468008e-03	0.000000e+00	6.620058e-02	2.033467e-02	9.562149e-03	0.000000e+00	0.000000e+00	6.486708e-01	-3.957136e-01
6.449410e-01	0.000000e+00	2.690642e-02	0.000000e+00	4.925648e-03	0.000000e+00	3.582931e-03	2.028416e-02	3.266986e-02	0.000000e+00	1.752698e-03	0.000000e+00	1.745457e-03	5.028348e-02	0.000000e+00	2.214515e-03	5.790930e-04	8.544171e-03	3.057354e-02	5.326235e-03	5.509300e-03	0.000000e+00	1.081825e-02	0.000000e+00	0.000000e+00	0.000000e+00	1.619071e-02	9.562149e-03	7.691004e-02	0.000000e+00	6.449410e-01	-3.817423e-01
6.434719e-01	0.000000e+00	2.690642e-02	0.000000e+00	4.925648e-03	0.000000e+00	3.582931e-03	0.000000e+00	0.000000e+00	0.000000e+00	1.752698e-03	0.000000e+00	1.920966e-03	5.007318e-02	0.000000e+00	2.214515e-03	0.000000e+00	1.708834e-03	3.057354e-02	2.428032e-02	5.509300e-03	0.000000e+00	1.081825e-02	1.029193e-01	0.000000e+00	0.000000e+00	2.842369e-02	9.562149e-03	4.289067e-02	0.000000e+00	6.434719e-01	-3.663488e-01
6.434719e-01	0.000000e+00	2.690642e-02	0.000000e+00	4.925648e-03	0.000000e+00	3.582931e-03	0.000000e+00	0.000000e+00	0.000000e+00	1.752698e-03	0.000000e+00	1.920966e-03	5.007318e-02	0.000000e+00	2.214515e-03	0.000000e+00	1.708834e-03	3.057354e-02	2.428032e-02	5.509300e-03	0.000000e+00	1.081825e-02	1.029193e-01	0.000000e+00	0.000000e+00	2.842369e-02	9.562149e-03	4.289067e-02	0.000000e+00	6.434719e-01	-3.663488e-01
6.434719e-01	0.000000e+00	2.690642e-02	0.000000e+00	0.000000e+00	0.000000e+00	3.582931e-03	0.000000e+00	0.000000e+00	0.000000e+00	1.752698e-03	0.000000e+00	1.920966e-03	0.000000e+00	0.000000e+00	2.214515e-03	0.000000e+00	3.075901e-03	5.503237e-02	2.428032e-02	9.916741e-03	0.000000e+00	1.081825e-02	1.876108e-01	0.000000e+00	0.000000e+00	4.273013e-02	1.403748e-02	7.540515e-02	0.000000e+00	6.434719e-01	-3.448828e-01
6.434719e-01	0.000000e+00	2.690642e-02	0.000000e+00	0.000000e+00	0.000000e+00	3.582931e-03	0.000000e+00	0.000000e+00	0.000000e+00	1.752698e-03	0.000000e+00	1.920966e-03	0.000000e+00	0.000000e+00	2.214515e-03	0.000000e+00	3.075901e-03	5.503237e-02	2.428032e-02	9.916741e-03	0.000000e+00	1.081825e-02	1.876108e-01	0.000000e+00	0.000000e+00	4.273013e-02	1.403748e-02	7.540515e-02	0.000000e+00	6.434719e-01	-3.448828e-01
6.434719e-01	0.000000e+00	2.690642e-02	0.000000e+00	0.000000e+00	0.000000e+00	3.582931e-03	0.000000e+00	0.000000e+00	0.000000e+00	1.752698e-03	0.000000e+00	1.920966e-03	0.000000e+00	0.000000e+00	2.214515e-03	0.000000e+00	3.075901e-03	5.503237e-02	2.428032e-02	9.916741e-03	0.000000e+00	1.081825e-02	1.876108e-01	0.000000e+00	0.000000e+00	4.273013e-02	1.403748e-02	7.540515e-02	0.000000e+00	6.434719e-01	-3.448828e-01
6.434719e-01	0.000000e+00	4.843156e-02	0.000000e+00	0.000000e+00	0.000000e+00	6.449276e-03	0.000000e+00	0.000000e+00	0.000000e+00	0.000000e+00	0.000000e+00	1.920966e-03	0.000000e+00	0.000000e+00	2.171996e-03	0.000000e+00	3.075901e-03	5.503237e-02	4.370457e-02	9.916741e-03	0.000000e+00	1.884190e-02	3.376995e-01	0.000000e+00	0.000000e+00	4.273013e-02	1.403748e-02	1.354105e-01	0.000000e+00	6.434719e-01	-2.939267e-01
6.434719e-01	0.000000e+00	4.843156e-02	0.000000e+00	0.000000e+00	0.000000e+00	6.449276e-03	0.000000e+00	0.000000e+00	0.000000e+00	0.000000e+00	0.000000e+00	1.920966e-03	0.000000e+00	0.000000e+00	2.171996e-03	0.000000e+00	3.075901e-03	5.503237e-02	4.370457e-02	9.916741e-03	0.000000e+00	1.884190e-02	3.376995e-01	0.000000e+00	0.000000e+00	4.273013e-02	1.403748e-02	1.354105e-01	0.000000e+00	6.434719e-01	-2.939267e-01
6.434719e-01	0.000000e+00	4.843156e-02	0.000000e+00	0.000000e+00	0.000000e+00	6.449276e-03	0.000000e+00	0.000000e+00	0.000000e+00	0.000000e+00	0.000000e+00	1.920966e-03	0.000000e+00	0.000000e+00	2.171996e-03	0.000000e+00	3.075901e-03	5.503237e-02	4.370457e-02	9.916741e-03	0.000000e+00	1.884190e-02	3.376995e-01	0.000000e+00	0.000000e+00	4.273013e-02	1.403748e-02	1.354105e-01	0.000000e+00	6.434719e-01	-2.939267e-01
6.434719e-01	0.000000e+00	4.843156e-02	0.000000e+00	0.000000e+00	0.000000e+00	6.449276e-03	0.000000e+00	0.000000e+00	0.000000e+00	0.000000e+00	0.000000e+00	1.920966e-03	0.000000e+00	0.000000e+00	2.171996e-03	0.000000e+00	3.075901e-03	5.503237e-02	4.370457e-02	9.916741e-03	0.000000e+00	1.884190e-02	3.376995e-01	0.000000e+00	0.000000e+00	4.273013e-02	1.403748e-02	1.354105e-01	0.000000e+00	6.434719e-01	-2.939267e-01
6.434719e-01	0.000000e+00	4.843156e-02	0.000000e+00	0.000000e+00	0.000000e+00	6.449276e-03	0.000000e+00	0.000000e+00	0.000000e+00	0.000000e+00	0.000000e+00	1.920966e-03	0.000000e+00	0.000000e+00	2.171996e-03	0.000000e+00	3.075901e-03	5.503237e-02	4.370457e-02	9.916741e-03	0.000000e+00	1.884190e-02	3.376995e-01	0.000000e+00	0.000000e+00	4.273013e-02	1.403748e-02	1.354105e-01	0.000000e+00	6.434719e-01	-2.939267e-01
6.434719e-01	0.000000e+00	4.843156e-02	0.000000e+00	0.000000e+00	0.000000e+00	6.449276e-03	0.000000e+00	0.000000e+00	0.000000e+00	0.000000e+00	0.000000e+00	1.920966e-03	0.000000e+00	0.000000e+00	2.171996e-03	0.000000e+00	3.075901e-03	5.503237e-02	4.370457e-02	9.916741e-03	0.000000e+00	1.884190e-02	3.376995e-01	0.000000e+00	0.000000e+00	4.273013e-02	1.403748e-02	1.354105e-01	0.000000e+00	6.434719e-01	-2.939267e-01
6.434719e-01	0.000000e+00	4.843156e-02	0.000000e+00	0.000000e+00	0.000000e+00	6.449276e-03	0.000000e+00	0.000000e+00	0.000000e+00	0.000000e+00	0.000000e+00	1.920966e-03	0.000000e+00	0.000000e+00	2.171996e-03	0.000000e+00	3.075901e-03	5.503237e-02	4.370457e-02	9.916741e-03	0.000000e+00	1.884190e-02	3.376995e-01	0.000000e+00	0.000000e+00	4.273013e-02	1.403748e-02	1.354105e-01	0.000000e+00	6.434719e-01	-2.939267e-01
6.434719e-01	0.000000e+00	4.843156e-02	0.000000e+00	0.000000e+00	0.000000e+00	6.449276e-03	0.000000e+00	0.000000e+00	0.000000e+00	0.000000e+00	0.000000e+00	1.920966e-03	0.000000e+00	0.000000e+00	2.171996e-03	0.000000e+00	3.075901e-03	5.503237e-02	4.370457e-02	9.916741e-03	0.000000e+00	1.884190e-02	3.376995e-01	0.000000e+00	0.000000e+00	4.273013e-02	1.403748e-02	1.354105e-01	0.000000e+00	6.434719e-01	-2.939267e-01
6.434719e-01	0.000000e+00	4.843156e-02	0.000000e+00	0.000000e+00	0.000000e+00	6.449276e-03	0.000000e+00	0.000000e+00	0.000000e+00	0.000000e+00	0.000000e+00	1.920966e-03	0.000000e+00	0.000000e+00	2.171996e-03	0.000000e+00	3.075901e-03	5.503237e-02	4.370457e-02	9.916741e-03	0.000000e+00	1.884190e-02	3.376995e-01	0.000000e+00	0.000000e+00	4.273013e-02	1.403748e-02	1.354105e-01	0.000000e+00	6.434719e-01	-2.939267e-01
6.195558e-01	2.898905e-02	0.000000e+00	0.000000e+00	0.000000e+00	0.000000e+00	0.000000e+00	1.695667e-02	9.857989e-03	0.000000e+00	4.195591e-02	1.835924e-02	2.259688e-03	4.995489e-02	0.000000e+00	3.986126e-03	0.000000e+00	0.000000e+00	0.000000e+00	1.822600e-02	0.000000e+00	0.000000e+00	1.360780e-02	0.000000e+00	0.000000e+00	1.652412e-02	1.054064e-02	3.967985e-03	1.348645e-03	0.000000e+00	6.195558e-01	-9.922645e-02
4.559451e-01	1.210583e-02	0.000000e+00	0.000000e+00	0.000000e+00	0.000000e+00	0.000000e+00	1.916834e-02	6.185323e-03	1.086408e-04	5.781274e-03	0.000000e+00	2.019690e-03	4.995489e-02	0.000000e+00	2.267663e-03	0.000000e+00	0.000000e+00	0.000000e+00	0.000000e+00	9.916741e-03	0.000000e+00	7.886793e-04	0.000000e+00	0.000000e+00	3.632286e-02	0.000000e+00	6.098954e-03	3.985036e-04	0.000000e+00	4.559451e-01	-9.200675e-02
4.559451e-01	1.210583e-02	0.000000e+00	0.000000e+00	0.000000e+00	0.000000e+00	0.000000e+00	1.916834e-02	6.185323e-03	1.086408e-04	5.781274e-03	0.000000e+00	2.019690e-03	4.995489e-02	0.000000e+00	2.267663e-03	0.000000e+00	0.000000e+00	0.000000e+00	0.000000e+00	9.916741e-03	0.000000e+00	7.886793e-04	0.000000e+00	0.000000e+00	3.632286e-02	0.000000e+00	6.098954e-03	3.985036e-04	0.000000e+00	4.559451e-01	-9.200675e-02
4.559451e-01	1.210583e-02	0.000000e+00	0.000000e+00	0.000000e+00	0.000000e+00	0.000000e+00	1.916834e-02	6.185323e-03	1.086408e-04	5.781274e-03	0.000000e+00	2.019690e-03	4.995489e-02	0.000000e+00	2.267663e-03	0.000000e+00	0.000000e+00	0.000000e+00	0.000000e+00	9.916741e-03	0.000000e+00	7.886793e-04	0.000000e+00	0.000000e+00	3.632286e-02	0.000000e+00	6.098954e-03	3.985036e-04	0.000000e+00	4.559451e-01	-9.200675e-02
4.559451e-01	1.210583e-02	0.000000e+00	0.000000e+00	0.000000e+00	0.000000e+00	0.000000e+00	1.916834e-02	6.185323e-03	1.086408e-04	5.781274e-03	0.000000e+00	2.019690e-03	4.995489e-02	0.000000e+00	2.267663e-03	0.000000e+00	0.000000e+00	0.000000e+00	0.000000e+00	9.916741e-03	0.000000e+00	7.886793e-04	0.000000e+00	0.000000e+00	3.632286e-02	0.000000e+00	6.098954e-03	3.985036e-04	0.000000e+00	4.559451e-01	-9.200675e-02
4.559451e-01	1.210583e-02	0.000000e+00	0.000000e+00	0.000000e+00	0.000000e+00	0.000000e+00	1.916834e-02	6.185323e-03	1.086408e-04	5.781274e-03	0.000000e+00	2.019690e-03	4.995489e-02	0.000000e+00	2.267663e-03	0.000000e+00	0.000000e+00	0.000000e+00	0.000000e+00	9.916741e-03	0.000000e+00	7.886793e-04	0.000000e+00	0.000000e+00	3.632286e-02	0.000000e+00	6.098954e-03	3.985036e-04	0.000000e+00	4.559451e-01	-9.200675e-02
4.559451e-01	1.210583e-02	0.000000e+00	0.000000e+00	0.000000e+00	0.000000e+00	0.000000e+00	1.916834e-02	6.185323e-03	1.086408e-04	5.781274e-03	0.000000e+00	2.019690e-03	4.995489e-02	0.000000e+00	2.267663e-03	0.000000e+00	0.000000e+00	0.000000e+00	0.000000e+00	9.916741e-03	0.000000e+00	7.886793e-04	0.000000e+00	0.000000e+00	3.632286e-02	0.000000e+00	6.098954e-03	3.985036e-04	0.000000e+00	4.559451e-01	-9.200675e-02
4.559451e-01	1.210583e-02	0.000000e+00	0.000000e+00	0.000000e+00	0.000000e+00	0.000000e+00	1.916834e-02	6.185323e-03	1.086408e-04	5.781274e-03	0.000000e+00	2.019690e-03	4.995489e-02	0.000000e+00	2.267663e-03	0.000000e+00	0.000000e+00	0.000000e+00	0.000000e+00	9.916741e-03	0.000000e+00	7.886793e-04	0.000000e+00	0.000000e+00	3.632286e-02	0.000000e+00	6.098954e-03	3.985036e-04	0.000000e+00	4.559451e-01	-9.200675e-02
4.559451e-01	0.000000e+00	0.000000e+00	1.922463e-03	0.000000e+00	0.000000e+00	0.000000e+00	0.000000e+00	4.046191e-02	1.086408e-04	5.781274e-03	0.000000e+00	2.019690e-03	4.995489e-02	0.000000e+00	3.578656e-04	0.000000e+00	0.000000e+00	0.000000e+00	4.370457e-02	9.916741e-03	0.000000e+00	7.886793e-04	0.000000e+00	1.089353e-02	0.000000e+00	0.000000e+00	6.098954e-03	3.985036e-04	1.641369e-03	4.559451e-01	-8.723434e-02
4.500686e-01	2.561240e-02	0.000000e+00	0.000000e+00	0.000000e+00	0.000000e+00	0.000000e+00	1.798161e-02	6.185323e-03	2.172815e-05	5.781274e-03	0.000000e+00	3.005495e-03	4.995489e-02	0.000000e+00	2.267663e-03	0.000000e+00	0.000000e+00	0.000000e+00	0.000000e+00	6.390788e-03	0.000000e+00	7.886793e-04	0.000000e+00	0.000000e+00	3.632286e-02	9.792795e-03	2.217137e-02	0.000000e+00	0.000000e+00	4.500686e-01	-8.224815e-02
4.477118e-01	0.000000e+00	0.000000e+00	1.922463e-03	1.082670e-02	0.000000e+00	9.526960e-02	1.226700e-02	0.000000e+00	1.018591e-04	4.625019e-03	0.000000e+00	2.835835e-03	5.047788e-02	0.000000e+00	1.814130e-03	0.000000e+00	0.000000e+00	1.005027e-02	4.908190e-04	5.585783e-04	0.000000e+00	1.296405e-03	3.755985e-04	2.723383e-03	3.348614e-02	6.586570e-03	1.944395e-02	1.912817e-03	4.938878e-02	4.477118e-01	-5.165773e-02
4.394175e-01	1.353618e-02	0.000000e+00	0.000000e+00	0.000000e+00	0.000000e+00	0.000000e+00	1.879382e-02	7.049002e-03	1.086408e-04	5.781274e-03	0.000000e+00	2.019690e-03	4.995489e-02	0.000000e+00	2.267663e-03	0.000000e+00	0.000000e+00	1.577954e-03	1.059900e-02	4.908589e-03	0.000000e+00	1.360780e-02	0.000000e+00	1.361692e-02	3.632286e-02	0.000000e+00	0.000000e+00	3.985036e-04	6.365237e-02	4.394175e-01	-2.711711e-02
4.371221e-01	2.462579e-02	0.000000e+00	0.000000e+00	0.000000e+00	0.000000e+00	0.000000e+00	2.468941e-02	5.211361e-03	1.138430e-04	1.404480e-02	3.304664e-02	2.046314e-03	5.794767e-02	0.000000e+00	4.081793e-03	0.000000e+00	0.000000e+00	0.000000e+00	1.059900e-02	0.000000e+00	5.008840e-03	3.824988e-04	9.389963e-03	1.361692e-02	3.859223e-02	9.792795e-03	0.000000e+00	1.992518e-03	0.000000e+00	4.371221e-01	-9.472130e-03
4.327147e-01	0.000000e+00	2.215492e-02	2.403078e-03	7.280423e-03	0.000000e+00	9.210752e-03	4.950217e-03	6.095675e-03	1.021379e-04	3.846858e-02	0.000000e+00	0.000000e+00	1.241724e-02	0.000000e+00	4.535326e-04	0.000000e+00	0.000000e+00	1.466762e-02	4.908190e-04	5.585783e-04	0.000000e+00	1.296405e-03	3.755985e-04	1.579562e-02	2.576752e-02	5.632206e-02	1.944395e-02	1.992518e-03	3.693079e-03	4.327147e-01	2.298260e-02
4.297765e-01	0.000000e+00	0.000000e+00	2.403078e-03	0.000000e+00	0.000000e+00	1.669449e-02	1.631131e-03	5.676271e-02	8.995767e-05	0.000000e+00	1.835924e-02	1.086132e-03	2.757966e-02	0.000000e+00	0.000000e+00	0.000000e+00	0.000000e+00	1.577954e-03	0.000000e+00	4.118237e-03	5.682222e-02	1.927348e-03	7.511971e-05	1.361692e-02	3.632286e-02	5.004914e-02	0.000000e+00	2.311321e-03	2.051711e-03	4.297765e-01	6.038789e-02
4.260685e-01	2.707237e-03	8.524150e-03	2.214677e-03	2.837023e-03	0.000000e+00	1.409245e-02	2.502176e-02	5.291433e-03	1.021379e-04	0.000000e+00	0.000000e+00	4.288357e-03	3.032824e-03	0.000000e+00	0.000000e+00	0.000000e+00	0.000000e+00	0.000000e+00	0.000000e+00	9.916741e-03	0.000000e+00	7.886793e-04	3.155028e-04	0.000000e+00	3.632286e-02	0.000000e+00	1.201159e-02	3.347430e-04	0.000000e+00	4.260685e-01	6.288719e-02
4.260685e-01	2.707237e-03	8.524150e-03	2.214677e-03	2.837023e-03	0.000000e+00	1.409245e-02	2.502176e-02	5.291433e-03	1.021379e-04	0.000000e+00	0.000000e+00	4.288357e-03	3.032824e-03	0.000000e+00	0.000000e+00	0.000000e+00	0.000000e+00	0.000000e+00	0.000000e+00	9.916741e-03	0.000000e+00	7.886793e-04	3.155028e-04	0.000000e+00	3.632286e-02	0.000000e+00	1.201159e-02	3.347430e-04	0.000000e+00	4.260685e-01	6.288719e-02
4.260685e-01	2.707237e-03	8.524150e-03	2.214677e-03	2.837023e-03	0.000000e+00	1.409245e-02	2.502176e-02	5.291433e-03	1.021379e-04	0.000000e+00	0.000000e+00	4.288357e-03	3.032824e-03	0.000000e+00	0.000000e+00	0.000000e+00	0.000000e+00	0.000000e+00	0.000000e+00	9.916741e-03	0.000000e+00	7.886793e-04	3.155028e-04	0.000000e+00	3.632286e-02	0.000000e+00	1.201159e-02	3.347430e-04	0.000000e+00	4.260685e-01	6.288719e-02
4.197834e-01	0.000000e+00	2.215492e-02	2.403078e-03	7.280423e-03	0.000000e+00	9.210752e-03	4.950217e-03	6.117960e-02	1.021379e-04	3.846858e-02	1.957747e-02	0.000000e+00	4.371532e-02	0.000000e+00	4.535326e-04	0.000000e+00	0.000000e+00	1.466762e-02	4.908190e-04	5.585783e-04	0.000000e+00	0.000000e+00	0.000000e+00	1.579562e-02	2.576752e-02	7.841155e-03	1.957250e-02	0.000000e+00	3.693079e-03	4.197834e-01	1.708278e-01
4.150822e-01	2.048992e-02	1.772393e-02	0.000000e+00	2.837023e-03	0.000000e+00	9.210752e-03	0.000000e+00	9.718835e-03	8.126513e-03	2.865984e-02	0.000000e+00	4.288357e-03	4.371532e-02	0.000000e+00	2.106371e-02	0.000000e+00	0.000000e+00	1.047173e-02	0.000000e+00	0.000000e+00	0.000000e+00	7.886793e-04	0.000000e+00	7.080797e-03	3.632286e-02	1.567539e-02	2.175696e-02	3.347430e-04	2.379985e-03	4.150822e-01	2.216726e-01
4.150822e-01	2.048992e-02	1.772393e-02	0.000000e+00	2.837023e-03	0.000000e+00	9.210752e-03	0.000000e+00	9.718835e-03	8.126513e-03	2.865984e-02	0.000000e+00	4.288357e-03	4.371532e-02	0.000000e+00	2.106371e-02	0.000000e+00	0.000000e+00	1.047173e-02	0.000000e+00	0.000000e+00	0.000000e+00	7.886793e-04	0.000000e+00	7.080797e-03	3.632286e-02	1.567539e-02	2.175696e-02	3.347430e-04	2.379985e-03	4.150822e-01	2.216726e-01
2.632110e-01	2.707237e-03	8.524150e-03	2.214677e-03	2.075666e-02	0.000000e+00	1.409245e-02	0.000000e+00	5.291433e-03	1.021379e-04	7.460360e-03	1.218231e-03	1.701068e-03	3.032824e-03	0.000000e+00	0.000000e+00	0.000000e+00	2.981890e-04	0.000000e+00	4.022735e-03	1.240799e-02	0.000000e+00	0.000000e+00	3.155028e-04	4.339714e-03	4.043944e-02	3.324650e-03	1.201159e-02	9.744472e-04	0.000000e+00	2.632110e-01	2.797325e-01
2.632110e-01	2.707237e-03	8.524150e-03	2.214677e-03	2.075666e-02	0.000000e+00	1.409245e-02	0.000000e+00	5.291433e-03	1.021379e-04	7.460360e-03	1.218231e-03	1.701068e-03	3.032824e-03	0.000000e+00	0.000000e+00	0.000000e+00	2.981890e-04	0.000000e+00	4.022735e-03	1.240799e-02	0.000000e+00	0.000000e+00	3.155028e-04	4.339714e-03	4.043944e-02	3.324650e-03	1.201159e-02	9.744472e-04	0.000000e+00	2.632110e-01	2.797325e-01
2.632110e-01	2.707237e-03	8.524150e-03	2.214677e-03	2.075666e-02	0.000000e+00	1.409245e-02	0.000000e+00	5.291433e-03	1.021379e-04	7.460360e-03	1.218231e-03	1.701068e-03	3.032824e-03	0.000000e+00	0.000000e+00	0.000000e+00	2.981890e-04	0.000000e+00	4.022735e-03	1.240799e-02	0.000000e+00	0.000000e+00	3.155028e-04	4.339714e-03	4.043944e-02	3.324650e-03	1.201159e-02	9.744472e-04	0.000000e+00	2.632110e-01	2.797325e-01
2.632110e-01	2.707237e-03	8.524150e-03	2.214677e-03	2.075666e-02	0.000000e+00	1.409245e-02	0.000000e+00	5.291433e-03	1.021379e-04	7.460360e-03	1.218231e-03	1.701068e-03	3.032824e-03	0.000000e+00	0.000000e+00	0.000000e+00	2.981890e-04	0.000000e+00	4.022735e-03	1.240799e-02	0.000000e+00	0.000000e+00	3.155028e-04	4.339714e-03	4.043944e-02	3.324650e-03	1.201159e-02	9.744472e-04	0.000000e+00	2.632110e-01	2.797325e-01
2.632110e-01	2.707237e-03	8.524150e-03	2.214677e-03	2.075666e-02	0.000000e+00	1.409245e-02	0.000000e+00	5.291433e-03	1.021379e-04	7.460360e-03	1.218231e-03	1.701068e-03	3.032824e-03	0.000000e+00	0.000000e+00	0.000000e+00	2.981890e-04	0.000000e+00	4.022735e-03	1.240799e-02	0.000000e+00	0.000000e+00	3.155028e-04	4.339714e-03	4.043944e-02	3.324650e-03	1.201159e-02	9.744472e-04	0.000000e+00	2.632110e-01	2.797325e-01
2.632110e-01	2.707237e-03	8.524150e-03	2.214677e-03	2.075666e-02	0.000000e+00	1.409245e-02	0.000000e+00	5.291433e-03	1.021379e-04	7.460360e-03	1.218231e-03	1.701068e-03	3.032824e-03	0.000000e+00	0.000000e+00	0.000000e+00	2.981890e-04	0.000000e+00	4.022735e-03	1.240799e-02	0.000000e+00	0.000000e+00	3.155028e-04	4.339714e-03	4.043944e-02	3.324650e-03	1.201159e-02	9.744472e-04	0.000000e+00	2.632110e-01	2.797325e-01
2.632110e-01	2.707237e-03	8.524150e-03	2.214677e-03	2.075666e-02	0.000000e+00	1.409245e-02	0.000000e+00	5.291433e-03	1.021379e-04	7.460360e-03	1.218231e-03	1.701068e-03	3.032824e-03	0.000000e+00	0.000000e+00	0.000000e+00	2.981890e-04	0.000000e+00	4.022735e-03	1.240799e-02	0.000000e+00	0.000000e+00	3.155028e-04	4.339714e-03	4.043944e-02	3.324650e-03	1.201159e-02	9.744472e-04	0.000000e+00	2.632110e-01	2.797325e-01
2.632110e-01	2.707237e-03	8.524150e-03	2.214677e-03	2.075666e-02	0.000000e+00	1.409245e-02	0.000000e+00	5.291433e-03	1.021379e-04	7.460360e-03	1.218231e-03	1.701068e-03	3.032824e-03	0.000000e+00	0.000000e+00	0.000000e+00	2.981890e-04	0.000000e+00	4.022735e-03	1.240799e-02	0.000000e+00	0.000000e+00	3.155028e-04	4.339714e-03	4.043944e-02	3.324650e-03	1.201159e-02	9.744472e-04	0.000000e+00	2.632110e-01	2.797325e-01
2.552165e-01	1.353618e-02	7.420939e-03	0.000000e+00	9.100529e-03	0.000000e+00	1.151344e-02	1.863836e-03	4.993664e-03	8.151959e-04	4.549000e-03	0.000000e+00	8.355955e-05	3.032824e-03	0.000000e+00	0.000000e+00	0.000000e+00	1.490945e-03	1.636209e-02	4.464754e-02	5.467167e-03	0.000000e+00	0.000000e+00	3.755985e-04	2.723383e-03	2.312869e-02	7.841155e-03	4.017345e-03	0.000000e+00	2.051711e-03	2.552165e-01	2.814507e-01
2.434122e-01	1.261473e-02	5.697171e-03	0.000000e+00	0.000000e+00	0.000000e+00	7.483736e-03	4.381182e-03	5.944838e-03	1.627369e-03	0.000000e+00	2.893498e-03	0.000000e+00	4.522453e-03	0.000000e+00	6.218191e-05	0.000000e+00	0.000000e+00	2.045261e-02	6.783359e-03	2.419843e-03	2.684784e-03	0.000000e+00	0.000000e+00	9.422192e-04	0.000000e+00	1.136968e-02	2.510841e-02	3.677898e-03	0.000000e+00	2.434122e-01	2.962390e-01
2.434122e-01	4.003282e-02	0.000000e+00	0.000000e+00	0.000000e+00	0.000000e+00	1.463128e-02	6.051263e-03	5.944838e-03	1.627369e-03	0.000000e+00	1.629563e-03	0.000000e+00	4.522453e-03	0.000000e+00	1.138765e-02	0.000000e+00	0.000000e+00	2.045261e-02	0.000000e+00	0.000000e+00	4.081941e-03	0.000000e+00	0.000000e+00	0.000000e+00	0.000000e+00	1.498288e-02	0.000000e+00	3.677898e-03	0.000000e+00	2.434122e-01	2.986751e-01
2.254495e-01	0.000000e+00	2.699566e-03	0.000000e+00	0.000000e+00	0.000000e+00	2.113346e-02	3.361813e-03	0.000000e+00	1.025368e-02	0.000000e+00	3.486086e-03	3.704406e-05	0.000000e+00	0.000000e+00	4.111124e-03	0.000000e+00	1.005764e-02	2.045261e-02	6.783359e-03	2.419843e-03	0.000000e+00	0.000000e+00	0.000000e+00	2.355548e-04	0.000000e+00	9.801444e-03	0.000000e+00	3.677898e-03	0.000000e+00	2.254495e-01	3.869016e-01
2.253611e-01	0.000000e+00	0.000000e+00	3.986419e-03	7.839525e-03	0.000000e+00	1.385297e-02	0.000000e+00	4.755870e-03	0.000000e+00	1.342865e-02	1.266897e-03	0.000000e+00	1.011907e-03	0.000000e+00	0.000000e+00	0.000000e+00	0.000000e+00	0.000000e+00	7.240923e-03	2.148547e-02	0.000000e+00	8.360309e-03	2.403831e-04	9.188154e-03	7.279099e-02	0.000000e+00	0.000000e+00	2.942318e-03	0.000000e+00	2.253611e-01	4.041389e-01
2.125748e-01	3.172752e-02	0.000000e+00	0.000000e+00	0.000000e+00	0.000000e+00	2.284736e-02	3.835768e-03	0.000000e+00	1.811980e-03	2.848461e-03	9.259193e-04	3.704406e-05	6.948712e-03	0.000000e+00	6.326471e-03	0.000000e+00	0.000000e+00	1.898002e-02	0.000000e+00	2.419843e-03	2.267745e-03	4.644616e-03	0.000000e+00	2.355548e-04	0.000000e+00	9.801444e-03	0.000000e+00	0.000000e+00	0.000000e+00	2.125748e-01	4.848241e-01
2.125748e-01	0.000000e+00	2.699566e-03	0.000000e+00	6.271620e-03	0.000000e+00	1.883077e-02	2.931982e-04	3.804696e-03	0.000000e+00	3.639200e-03	3.758868e-03	7.408813e-06	0.000000e+00	0.000000e+00	0.000000e+00	0.000000e+00	0.000000e+00	1.898002e-02	1.257610e-02	5.944675e-03	0.000000e+00	0.000000e+00	0.000000e+00	7.397634e-03	1.850295e-02	9.801444e-03	3.213876e-03	6.031753e-03	0.000000e+00	2.125748e-01	4.862875e-01
1.990323e-01	1.681660e-02	5.399133e-04	0.000000e+00	7.839525e-03	0.000000e+00	7.627357e-03	3.791897e-03	0.000000e+00	9.776305e-04	0.000000e+00	1.504619e-03	3.704406e-05	6.948712e-03	0.000000e+00	1.265294e-03	0.000000e+00	0.000000e+00	1.790390e-02	3.291774e-02	4.839685e-04	6.880261e-03	0.000000e+00	0.000000e+00	8.622823e-03	1.736136e-02	1.252439e-02	0.000000e+00	0.000000e+00	0.000000e+00	1.990323e-01	5.947599e-01
1.888825e-01	2.716695e-02	1.896128e-03	0.000000e+00	2.463239e-04	0.000000e+00	1.439180e-02	3.461265e-03	6.052545e-05	1.439234e-02	0.000000e+00	1.157399e-03	0.000000e+00	5.558970e-03	0.000000e+00	0.000000e+00	0.000000e+00	0.000000e+00	2.045261e-02	0.000000e+00	1.061127e-03	1.814196e-03	0.000000e+00	0.000000e+00	3.863099e-04	0.000000e+00	1.237334e-02	0.000000e+00	0.000000e+00	0.000000e+00	1.888825e-01	6.554512e-01
9.371706e-02	2.344367e-02	2.699566e-03	0.000000e+00	0.000000e+00	0.000000e+00	1.439180e-02	4.622021e-03	5.183898e-03	1.811980e-03	0.000000e+00	2.786962e-03	0.000000e+00	6.948712e-03	0.000000e+00	6.326471e-03	0.000000e+00	0.000000e+00	0.000000e+00	0.000000e+00	2.419843e-03	5.896137e-03	0.000000e+00	0.000000e+00	2.355548e-04	0.000000e+00	9.801444e-03	0.000000e+00	3.677898e-03	0.000000e+00	9.371706e-02	6.992392e-01
9.371706e-02	2.344367e-02	2.699566e-03	0.000000e+00	0.000000e+00	0.000000e+00	1.439180e-02	4.622021e-03	5.183898e-03	1.811980e-03	0.000000e+00	2.786962e-03	0.000000e+00	6.948712e-03	0.000000e+00	6.326471e-03	0.000000e+00	0.000000e+00	0.000000e+00	0.000000e+00	2.419843e-03	5.896137e-03	0.000000e+00	0.000000e+00	2.355548e-04	0.000000e+00	9.801444e-03	0.000000e+00	3.677898e-03	0.000000e+00	9.371706e-02	6.992392e-01
9.371706e-02	2.344367e-02	2.699566e-03	0.000000e+00	0.000000e+00	0.000000e+00	1.439180e-02	4.622021e-03	5.183898e-03	1.811980e-03	0.000000e+00	2.786962e-03	0.000000e+00	6.948712e-03	0.000000e+00	6.326471e-03	0.000000e+00	0.000000e+00	0.000000e+00	0.000000e+00	2.419843e-03	5.896137e-03	0.000000e+00	0.000000e+00	2.355548e-04	0.000000e+00	9.801444e-03	0.000000e+00	3.677898e-03	0.000000e+00	9.371706e-02	6.992392e-01
9.371706e-02	2.344367e-02	2.699566e-03	0.000000e+00	0.000000e+00	0.000000e+00	1.439180e-02	4.622021e-03	5.183898e-03	1.811980e-03	0.000000e+00	2.786962e-03	0.000000e+00	6.948712e-03	0.000000e+00	6.326471e-03	0.000000e+00	0.000000e+00	0.000000e+00	0.000000e+00	2.419843e-03	5.896137e-03	0.000000e+00	0.000000e+00	2.355548e-04	0.000000e+00	9.801444e-03	0.000000e+00	3.677898e-03	0.000000e+00	9.371706e-02	6.992392e-01
9.371706e-02	2.344367e-02	2.699566e-03	0.000000e+00	0.000000e+00	0.000000e+00	1.439180e-02	4.622021e-03	5.183898e-03	1.811980e-03	0.000000e+00	2.786962e-03	0.000000e+00	6.948712e-03	0.000000e+00	6.326471e-03	0.000000e+00	0.000000e+00	0.000000e+00	0.000000e+00	2.419843e-03	5.896137e-03	0.000000e+00	0.000000e+00	2.355548e-04	0.000000e+00	9.801444e-03	0.000000e+00	3.677898e-03	0.000000e+00	9.371706e-02	6.992392e-01
6.912644e-02	1.681660e-02	4.859219e-03	0.000000e+00	0.000000e+00	0.000000e+00	7.627357e-03	3.361813e-03	0.000000e+00	9.776305e-04	0.000000e+00	1.504619e-03	3.704406e-05	6.948712e-03	0.000000e+00	6.326471e-03	0.000000e+00	0.000000e+00	2.045261e-02	0.000000e+00	2.419843e-03	2.267745e-03	0.000000e+00	0.000000e+00	2.355548e-04	0.000000e+00	8.546859e-03	0.000000e+00	0.000000e+00	0.000000e+00	6.912644e-02	7.022896e-01
6.912644e-02	1.681660e-02	4.859219e-03	0.000000e+00	0.000000e+00	0.000000e+00	7.627357e-03	3.361813e-03	0.000000e+00	9.776305e-04	0.000000e+00	1.504619e-03	3.704406e-05	6.948712e-03	0.000000e+00	6.326471e-03	0.000000e+00	0.000000e+00	2.045261e-02	0.000000e+00	2.419843e-03	2.267745e-03	0.000000e+00	0.000000e+00	2.355548e-04	0.000000e+00	8.546859e-03	0.000000e+00	0.000000e+00	0.000000e+00	6.912644e-02	7.022896e-01
5.009335e-02	2.344367e-02	2.699566e-03	0.000000e+00	0.000000e+00	0.000000e+00	1.991825e-02	2.625879e-03	0.000000e+00	1.202396e-02	0.000000e+00	1.446749e-03	3.704406e-05	7.777926e-03	0.000000e+00	6.326471e-03	0.000000e+00	0.000000e+00	2.045261e-02	3.311334e-02	2.419843e-03	1.571275e-03	0.000000e+00	0.000000e+00	0.000000e+00	0.000000e+00	1.060438e-02	0.000000e+00	0.000000e+00	0.000000e+00	5.009335e-02	7.659620e-01
4.667313e-02	0.000000e+00	7.763353e-03	0.000000e+00	0.000000e+00	0.000000e+00	2.468951e-02	0.000000e+00	2.282818e-03	9.776305e-04	2.911360e-03	2.245354e-03	1.852203e-04	0.000000e+00	0.000000e+00	6.326471e-03	0.000000e+00	0.000000e+00	2.182325e-02	0.000000e+00	7.175582e-03	0.000000e+00	3.715693e-03	0.000000e+00	5.362198e-03	1.825586e-03	1.729679e-02	2.571101e-03	4.825402e-03	0.000000e+00	4.667313e-02	7.685717e-01
2.712749e-02	9.184997e-02	9.373750e-03	1.178107e-02	9.799406e-03	0.000000e+00	1.519669e-03	5.148365e-03	9.511740e-04	0.000000e+00	0.000000e+00	0.000000e+00	1.852203e-04	1.042307e-02	0.000000e+00	0.000000e+00	0.000000e+00	4.022860e-02	1.726672e-02	0.000000e+00	0.000000e+00	0.000000e+00	0.000000e+00	0.000000e+00	9.893301e-04	1.622097e-02	1.320512e-02	0.000000e+00	0.000000e+00	0.000000e+00	2.712749e-02	8.801757e-01
2.536863e-03	2.344367e-02	2.699566e-03	0.000000e+00	6.530134e-03	0.000000e+00	1.439180e-02	7.837247e-03	0.000000e+00	1.811980e-03	0.000000e+00	1.446749e-03	3.704406e-05	1.042307e-02	0.000000e+00	0.000000e+00	0.000000e+00	0.000000e+00	3.362881e-02	0.000000e+00	0.000000e+00	2.267745e-03	0.000000e+00	0.000000e+00	9.968679e-04	0.000000e+00	9.801444e-03	0.000000e+00	0.000000e+00	0.000000e+00	2.536863e-03	9.843252e-01
0.000000e+00	0.000000e+00	2.699566e-03	0.000000e+00	0.000000e+00	0.000000e+00	3.377106e-03	2.625879e-03	0.000000e+00	5.020145e-05	0.000000e+00	1.909709e-03	3.704406e-05	7.777926e-03	0.000000e+00	6.326471e-03	0.000000e+00	0.000000e+00	2.045261e-02	0.000000e+00	2.419843e-03	1.571275e-03	0.000000e+00	0.000000e+00	0.000000e+00	0.000000e+00	8.797776e-03	0.000000e+00	0.000000e+00	0.000000e+00	0.000000e+00	1.018014e+00
