6.540942e-01	1.861261e-03	0.000000e+00	4.196691e-02	3.430204e-03	9.657518e-03	0.000000e+00	1.282361e-02	0.000000e+00	0.000000e+00	5.428790e-03	3.336618e-03	0.000000e+00	0.000000e+00	2.010783e-03	0.000000e+00	1.120017e-02	3.927167e-03	2.076988e-02	6.891298e-03	0.000000e+00	5.182747e-04	2.605262e-02	3.077659e-03	0.000000e+00	3.861194e-03	0.000000e+00	1.489498e-02	0.000000e+00	9.048860e-03	6.540942e-01	-4.237298e-01
6.540942e-01	1.861261e-03	0.000000e+00	4.196691e-02	4.302303e-03	9.657518e-03	0.000000e+00	1.282361e-02	0.000000e+00	0.000000e+00	5.428790e-03	3.336618e-03	0.000000e+00	0.000000e+00	2.010783e-03	0.000000e+00	1.120017e-02	3.888219e-03	4.353206e-02	6.891298e-03	0.000000e+00	0.000000e+00	3.311708e-02	3.077659e-03	0.000000e+00	0.000000e+00	0.000000e+00	1.489498e-02	0.000000e+00	9.048860e-03	6.540942e-01	-4.187770e-01
6.506470e-01	1.861261e-03	0.000000e+00	1.510809e-02	1.313744e-03	6.748505e-03	0.000000e+00	1.670535e-02	0.000000e+00	0.000000e+00	2.180597e-02	3.336618e-03	0.000000e+00	0.000000e+00	2.010783e-03	3.880843e-05	6.006789e-02	0.000000e+00	8.760361e-03	2.480867e-03	3.517629e-02	0.000000e+00	0.000000e+00	2.277467e-02	0.000000e+00	1.214864e-02	0.000000e+00	1.489498e-02	0.000000e+00	8.534848e-03	6.506470e-01	-4.133385e-01
6.506470e-01	1.861261e-03	0.000000e+00	1.510809e-02	1.313744e-03	6.748505e-03	0.000000e+00	1.670535e-02	0.000000e+00	0.000000e+00	2.180597e-02	3.336618e-03	0.000000e+00	0.000000e+00	2.010783e-03	3.880843e-05	6.006789e-02	0.000000e+00	8.760361e-03	2.480867e-03	3.517629e-02	0.000000e+00	0.000000e+00	2.277467e-02	0.000000e+00	1.214864e-02	0.000000e+00	1.489498e-02	0.000000e+00	8.534848e-03	6.506470e-01	-4.133385e-01
6.470212e-01	2.269830e-04	0.000000e+00	1.510809e-02	3.406638e-04	7.952755e-03	0.000000e+00	2.291613e-02	0.000000e+00	0.000000e+00	7.166002e-03	1.668309e-02	0.000000e+00	0.000000e+00	6.785510e-03	5.284742e-05	4.290304e-02	0.000000e+00	1.661590e-02	5.276835e-02	0.000000e+00	0.000000e+00	0.000000e+00	1.292617e-02	0.000000e+00	1.998403e-02	0.000000e+00	1.466889e-02	0.000000e+00	8.406345e-03	6.470212e-01	-4.024561e-01
6.445236e-01	1.134915e-03	0.000000e+00	4.196691e-02	1.430788e-03	3.670158e-03	0.000000e+00	7.278263e-03	0.000000e+00	0.000000e+00	2.372875e-02	1.668309e-02	0.000000e+00	0.000000e+00	1.970428e-03	0.000000e+00	3.982433e-02	3.183740e-03	4.506863e-02	4.543921e-03	0.000000e+00	0.000000e+00	1.159013e-02	1.538829e-02	0.000000e+00	1.977685e-03	0.000000e+00	2.667310e-02	0.000000e+00	8.920357e-03	6.445236e-01	-3.898482e-01
6.429679e-01	1.861261e-03	0.000000e+00	9.448517e-02	2.489555e-03	9.657518e-03	0.000000e+00	1.504174e-02	0.000000e+00	0.000000e+00	0.000000e+00	2.638292e-02	0.000000e+00	0.000000e+00	2.010783e-03	0.000000e+00	1.120017e-02	2.327311e-03	2.076988e-02	6.891298e-03	0.000000e+00	8.566539e-04	9.378942e-03	3.077659e-03	0.000000e+00	1.177193e-02	0.000000e+00	1.489498e-02	0.000000e+00	9.048860e-03	6.429679e-01	-3.836289e-01
6.429679e-01	1.861261e-03	0.000000e+00	9.448517e-02	2.489555e-03	9.657518e-03	0.000000e+00	1.504174e-02	0.000000e+00	0.000000e+00	0.000000e+00	2.638292e-02	0.000000e+00	0.000000e+00	2.010783e-03	0.000000e+00	1.120017e-02	2.327311e-03	2.076988e-02	6.891298e-03	0.000000e+00	8.566539e-04	9.378942e-03	3.077659e-03	0.000000e+00	1.177193e-02	0.000000e+00	1.489498e-02	0.000000e+00	9.048860e-03	6.429679e-01	-3.836289e-01
6.399914e-01	1.861261e-03	0.000000e+00	4.196691e-02	2.489555e-03	1.931504e-03	0.000000e+00	1.504174e-02	0.000000e+00	0.000000e+00	5.428790e-03	3.336618e-03	0.000000e+00	0.000000e+00	4.021566e-04	1.700031e-05	1.836827e-02	2.327311e-03	6.174181e-02	6.891298e-03	0.000000e+00	0.000000e+00	9.378942e-03	3.077659e-03	0.000000e+00	1.177193e-02	0.000000e+00	1.489498e-02	0.000000e+00	9.048860e-03	6.399914e-01	-3.690984e-01
6.380248e-01	2.269830e-04	0.000000e+00	8.393381e-03	3.406638e-04	7.952755e-03	0.000000e+00	1.732920e-03	0.000000e+00	0.000000e+00	4.343032e-03	1.668309e-02	0.000000e+00	0.000000e+00	6.785510e-03	1.100772e-05	3.982433e-02	3.232425e-03	1.661590e-02	4.543921e-03	0.000000e+00	1.152823e-03	2.759555e-03	1.538829e-02	0.000000e+00	4.708773e-04	0.000000e+00	2.667310e-02	2.192759e-06	8.406345e-03	6.380248e-01	-3.610548e-01
6.380248e-01	2.269830e-04	0.000000e+00	0.000000e+00	3.406638e-04	7.952755e-03	0.000000e+00	1.732920e-03	0.000000e+00	0.000000e+00	4.343032e-03	1.668309e-02	0.000000e+00	0.000000e+00	6.785510e-03	5.284742e-05	3.748540e-02	0.000000e+00	1.661590e-02	5.276835e-02	0.000000e+00	1.193236e-02	1.875788e-03	2.683718e-03	0.000000e+00	0.000000e+00	0.000000e+00	1.466889e-02	1.824376e-05	8.406345e-03	6.380248e-01	-3.574454e-01
6.364657e-01	5.174198e-03	0.000000e+00	0.000000e+00	8.720993e-04	0.000000e+00	0.000000e+00	4.436275e-03	3.023277e-03	0.000000e+00	5.565460e-03	0.000000e+00	1.877281e-02	0.000000e+00	0.000000e+00	2.125039e-05	2.956844e-02	0.000000e+00	4.353206e-02	6.891298e-03	0.000000e+00	4.512980e-03	7.064461e-03	1.144889e-02	0.000000e+00	2.265108e-02	0.000000e+00	2.841139e-03	1.403366e-05	8.509147e-03	6.364657e-01	-3.446686e-01
6.364657e-01	5.174198e-03	0.000000e+00	0.000000e+00	8.720993e-04	0.000000e+00	0.000000e+00	4.436275e-03	3.023277e-03	0.000000e+00	5.565460e-03	0.000000e+00	1.877281e-02	0.000000e+00	0.000000e+00	2.125039e-05	2.956844e-02	0.000000e+00	4.353206e-02	6.891298e-03	0.000000e+00	4.512980e-03	7.064461e-03	1.144889e-02	0.000000e+00	2.265108e-02	0.000000e+00	2.841139e-03	1.403366e-05	8.509147e-03	6.364657e-01	-3.446686e-01
6.351626e-01	1.861261e-03	0.000000e+00	0.000000e+00	0.000000e+00	2.267405e-04	0.000000e+00	1.088274e-02	0.000000e+00	0.000000e+00	0.000000e+00	0.000000e+00	0.000000e+00	0.000000e+00	2.010783e-03	2.404526e-05	1.120017e-02	7.301893e-02	0.000000e+00	6.891298e-03	0.000000e+00	2.925061e-03	0.000000e+00	2.119891e-02	0.000000e+00	1.716329e-02	0.000000e+00	2.752911e-03	1.122693e-05	8.303543e-03	6.351626e-01	-3.345521e-01
6.351626e-01	1.861261e-03	0.000000e+00	0.000000e+00	0.000000e+00	2.267405e-04	0.000000e+00	1.088274e-02	0.000000e+00	0.000000e+00	0.000000e+00	0.000000e+00	0.000000e+00	0.000000e+00	2.010783e-03	2.404526e-05	1.120017e-02	7.301893e-02	0.000000e+00	6.891298e-03	0.000000e+00	2.925061e-03	0.000000e+00	2.119891e-02	0.000000e+00	1.716329e-02	0.000000e+00	2.752911e-03	1.122693e-05	8.303543e-03	6.351626e-01	-3.345521e-01
6.351626e-01	1.861261e-03	0.000000e+00	0.000000e+00	0.000000e+00	2.267405e-04	0.000000e+00	1.088274e-02	0.000000e+00	0.000000e+00	0.000000e+00	0.000000e+00	0.000000e+00	0.000000e+00	2.010783e-03	2.404526e-05	1.120017e-02	7.301893e-02	0.000000e+00	6.891298e-03	0.000000e+00	2.925061e-03	0.000000e+00	2.119891e-02	0.000000e+00	1.716329e-02	0.000000e+00	2.752911e-03	1.122693e-05	8.303543e-03	6.351626e-01	-3.345521e-01
6.329846e-01	2.269830e-04	0.000000e+00	8.393381e-03	3.406638e-04	8.761772e-04	0.000000e+00	1.732920e-03	0.000000e+00	0.000000e+00	4.745751e-03	1.668309e-02	0.000000e+00	0.000000e+00	1.718214e-03	0.000000e+00	3.982433e-02	3.183740e-03	4.506863e-02	4.543921e-03	0.000000e+00	2.676437e-04	2.759555e-03	1.538829e-02	0.000000e+00	4.708773e-04	0.000000e+00	2.667310e-02	8.771038e-06	8.406345e-03	6.329846e-01	-3.060920e-01
6.312667e-01	0.000000e+00	0.000000e+00	0.000000e+00	0.000000e+00	0.000000e+00	0.000000e+00	0.000000e+00	0.000000e+00	0.000000e+00	1.881566e-02	0.000000e+00	2.346601e-02	0.000000e+00	1.655160e-03	3.005657e-05	2.016030e-02	1.731733e-03	0.000000e+00	7.303909e-03	0.000000e+00	4.512980e-03	0.000000e+00	1.341859e-02	0.000000e+00	8.246004e-03	0.000000e+00	0.000000e+00	1.403366e-05	8.920357e-03	6.312667e-01	-2.992216e-01
6.312667e-01	0.000000e+00	0.000000e+00	0.000000e+00	0.000000e+00	0.000000e+00	0.000000e+00	0.000000e+00	0.000000e+00	0.000000e+00	1.881566e-02	0.000000e+00	2.346601e-02	0.000000e+00	1.655160e-03	3.005657e-05	2.016030e-02	1.731733e-03	0.000000e+00	7.303909e-03	0.000000e+00	4.512980e-03	0.000000e+00	1.341859e-02	0.000000e+00	8.246004e-03	0.000000e+00	0.000000e+00	1.403366e-05	8.920357e-03	6.312667e-01	-2.992216e-01
6.306784e-01	3.722522e-04	0.000000e+00	8.393381e-03	2.254393e-03	1.931504e-03	0.000000e+00	3.119256e-03	0.000000e+00	0.000000e+00	4.187473e-03	3.214449e-02	1.877281e-02	0.000000e+00	1.726284e-03	3.600271e-05	2.983768e-02	1.427392e-03	3.029329e-02	1.240434e-02	0.000000e+00	1.211577e-02	0.000000e+00	2.585233e-03	0.000000e+00	2.354387e-03	0.000000e+00	1.478469e-02	8.771038e-06	9.048860e-03	6.306784e-01	-2.766989e-01
6.293786e-01	0.000000e+00	0.000000e+00	0.000000e+00	0.000000e+00	1.776820e-04	0.000000e+00	0.000000e+00	0.000000e+00	0.000000e+00	0.000000e+00	6.367342e-02	2.346601e-02	0.000000e+00	1.655160e-03	3.750282e-05	2.520037e-02	1.731733e-03	0.000000e+00	1.628984e-03	0.000000e+00	4.512980e-03	0.000000e+00	0.000000e+00	0.000000e+00	0.000000e+00	0.000000e+00	0.000000e+00	1.096380e-05	8.245716e-03	6.293786e-01	-2.706298e-01
6.293786e-01	0.000000e+00	0.000000e+00	0.000000e+00	5.051722e-02	1.776820e-04	0.000000e+00	0.000000e+00	3.779097e-03	0.000000e+00	0.000000e+00	6.367342e-02	0.000000e+00	0.000000e+00	1.324128e-03	7.041477e-05	3.416051e-02	4.534576e-04	2.102571e-02	3.784055e-03	6.539517e-03	5.492729e-03	0.000000e+00	0.000000e+00	0.000000e+00	0.000000e+00	0.000000e+00	0.000000e+00	8.771038e-06	8.245716e-03	6.293786e-01	-2.575178e-01
6.288052e-01	4.437160e-03	0.000000e+00	0.000000e+00	0.000000e+00	1.776820e-04	0.000000e+00	6.044424e-03	2.418622e-03	0.000000e+00	0.000000e+00	6.367342e-02	2.346601e-02	0.000000e+00	1.655160e-03	5.315530e-05	2.520037e-02	1.731733e-03	3.482565e-02	1.628984e-03	0.000000e+00	0.000000e+00	4.717207e-03	9.159112e-03	0.000000e+00	0.000000e+00	0.000000e+00	0.000000e+00	1.824376e-05	8.956023e-03	6.288052e-01	-2.518873e-01
6.288052e-01	4.437160e-03	0.000000e+00	5.273036e-03	1.803514e-03	1.687348e-03	0.000000e+00	6.044424e-03	2.660484e-04	4.236646e-02	0.000000e+00	1.273468e-02	4.102443e-02	0.000000e+00	2.973676e-02	6.045103e-05	3.070225e-02	1.232605e-03	0.000000e+00	8.194485e-03	0.000000e+00	3.342842e-02	4.717207e-03	1.144300e-02	0.000000e+00	0.000000e+00	0.000000e+00	0.000000e+00	1.122693e-05	8.094305e-03	6.288052e-01	-2.413521e-01
6.288052e-01	4.437160e-03	0.000000e+00	5.273036e-03	1.803514e-03	1.687348e-03	0.000000e+00	6.044424e-03	2.660484e-04	4.236646e-02	0.000000e+00	1.273468e-02	4.102443e-02	0.000000e+00	2.973676e-02	6.045103e-05	3.070225e-02	1.232605e-03	0.000000e+00	8.194485e-03	0.000000e+00	3.342842e-02	4.717207e-03	1.144300e-02	0.000000e+00	0.000000e+00	0.000000e+00	0.000000e+00	1.122693e-05	8.094305e-03	6.288052e-01	-2.413521e-01
6.288052e-01	4.437160e-03	0.000000e+00	5.273036e-03	1.803514e-03	1.687348e-03	0.000000e+00	6.044424e-03	2.660484e-04	4.236646e-02	0.000000e+00	1.273468e-02	4.102443e-02	0.000000e+00	2.973676e-02	6.045103e-05	3.070225e-02	1.232605e-03	0.000000e+00	8.194485e-03	0.000000e+00	3.342842e-02	4.717207e-03	1.144300e-02	0.000000e+00	0.000000e+00	0.000000e+00	0.000000e+00	1.122693e-05	8.094305e-03	6.288052e-01	-2.413521e-01
6.288052e-01	4.437160e-03	0.000000e+00	5.273036e-03	1.803514e-03	1.687348e-03	0.000000e+00	6.044424e-03	2.660484e-04	4.236646e-02	0.000000e+00	1.273468e-02	4.102443e-02	0.000000e+00	2.973676e-02	6.045103e-05	3.070225e-02	1.232605e-03	0.000000e+00	8.194485e-03	0.000000e+00	3.342842e-02	4.717207e-03	1.144300e-02	0.000000e+00	0.000000e+00	0.000000e+00	0.000000e+00	1.122693e-05	8.094305e-03	6.288052e-01	-2.413521e-01
6.238229e-01	0.000000e+00	0.000000e+00	2.621217e-03	0.000000e+00	1.776820e-04	0.000000e+00	0.000000e+00	2.418622e-03	0.000000e+00	0.000000e+00	1.273468e-02	3.134296e-02	0.000000e+00	0.000000e+00	1.230092e-05	3.236848e-02	0.000000e+00	2.102571e-02	2.480867e-03	0.000000e+00	2.257869e-02	1.266579e-03	2.283890e-03	0.000000e+00	0.000000e+00	0.000000e+00	0.000000e+00	0.000000e+00	6.756114e-03	6.238229e-01	-1.882200e-01
6.238229e-01	0.000000e+00	0.000000e+00	2.621217e-03	0.000000e+00	1.776820e-04	0.000000e+00	0.000000e+00	2.418622e-03	0.000000e+00	0.000000e+00	1.273468e-02	3.134296e-02	0.000000e+00	0.000000e+00	1.230092e-05	3.236848e-02	0.000000e+00	2.102571e-02	2.480867e-03	0.000000e+00	2.257869e-02	1.266579e-03	2.283890e-03	0.000000e+00	0.000000e+00	0.000000e+00	0.000000e+00	0.000000e+00	6.756114e-03	6.238229e-01	-1.882200e-01
6.231356e-01	2.978017e-04	0.000000e+00	5.273036e-03	1.803514e-03	1.545203e-03	0.000000e+00	2.495405e-03	2.168404e-19	0.000000e+00	0.000000e+00	4.886711e-02	3.134296e-02	0.000000e+00	0.000000e+00	5.449403e-05	2.667019e-02	1.232605e-03	0.000000e+00	1.628984e-03	0.000000e+00	2.956587e-02	0.000000e+00	0.000000e+00	0.000000e+00	1.883509e-03	0.000000e+00	1.182775e-02	7.016830e-06	7.110349e-03	6.231356e-01	-1.709542e-01
6.224340e-01	0.000000e+00	0.000000e+00	3.276521e-03	4.041377e-02	0.000000e+00	0.000000e+00	0.000000e+00	1.088380e-03	0.000000e+00	0.000000e+00	6.367342e-02	2.194803e-02	0.000000e+00	2.070754e-02	4.403089e-05	2.800041e-03	4.534576e-04	0.000000e+00	0.000000e+00	0.000000e+00	2.956587e-02	6.488624e-04	2.854863e-03	0.000000e+00	1.265718e-03	0.000000e+00	0.000000e+00	0.000000e+00	7.110349e-03	6.224340e-01	-1.550430e-01
6.224340e-01	0.000000e+00	0.000000e+00	3.276521e-03	4.041377e-02	0.000000e+00	0.000000e+00	0.000000e+00	1.088380e-03	0.000000e+00	0.000000e+00	6.510164e-02	2.194803e-02	0.000000e+00	3.642612e-02	1.877471e-05	2.800041e-03	4.534576e-04	0.000000e+00	0.000000e+00	0.000000e+00	4.497268e-02	1.583224e-03	2.854863e-03	0.000000e+00	1.265718e-03	0.000000e+00	0.000000e+00	0.000000e+00	6.383714e-03	6.224340e-01	-1.487653e-01
6.224340e-01	0.000000e+00	0.000000e+00	3.276521e-03	3.269172e-02	0.000000e+00	0.000000e+00	6.448259e-02	1.136752e-03	0.000000e+00	0.000000e+00	0.000000e+00	3.350849e-02	0.000000e+00	3.642612e-02	1.877471e-05	2.340835e-02	4.534576e-04	2.102571e-02	1.177680e-03	0.000000e+00	4.550213e-02	5.983786e-03	3.441440e-03	0.000000e+00	1.265718e-03	0.000000e+00	0.000000e+00	9.500360e-03	7.512997e-03	6.224340e-01	-1.367822e-01
6.224340e-01	0.000000e+00	0.000000e+00	3.276521e-03	3.269172e-02	0.000000e+00	0.000000e+00	6.448259e-02	1.136752e-03	0.000000e+00	0.000000e+00	0.000000e+00	3.350849e-02	0.000000e+00	3.642612e-02	1.877471e-05	2.340835e-02	4.534576e-04	2.102571e-02	1.177680e-03	0.000000e+00	4.550213e-02	5.983786e-03	3.441440e-03	0.000000e+00	1.265718e-03	0.000000e+00	0.000000e+00	9.500360e-03	7.512997e-03	6.224340e-01	-1.367822e-01
4.586334e-01	0.000000e+00	0.000000e+00	0.000000e+00	0.000000e+00	1.776820e-04	0.000000e+00	0.000000e+00	0.000000e+00	0.000000e+00	0.000000e+00	0.000000e+00	1.551985e-02	0.000000e+00	0.000000e+00	0.000000e+00	1.400021e-02	2.729112e-03	0.000000e+00	1.628984e-03	3.850484e-02	9.115684e-04	3.244312e-03	1.407926e-03	0.000000e+00	0.000000e+00	0.000000e+00	0.000000e+00	0.000000e+00	2.568880e-03	4.586334e-01	-1.024766e-01
4.586334e-01	0.000000e+00	0.000000e+00	0.000000e+00	0.000000e+00	1.776820e-04	0.000000e+00	0.000000e+00	0.000000e+00	0.000000e+00	0.000000e+00	0.000000e+00	1.551985e-02	0.000000e+00	0.000000e+00	0.000000e+00	1.400021e-02	2.729112e-03	0.000000e+00	1.628984e-03	3.850484e-02	9.115684e-04	3.244312e-03	1.407926e-03	0.000000e+00	0.000000e+00	0.000000e+00	0.000000e+00	0.000000e+00	2.568880e-03	4.586334e-01	-1.024766e-01
4.586334e-01	0.000000e+00	0.000000e+00	0.000000e+00	0.000000e+00	1.776820e-04	0.000000e+00	0.000000e+00	0.000000e+00	0.000000e+00	0.000000e+00	0.000000e+00	1.551985e-02	0.000000e+00	0.000000e+00	0.000000e+00	1.400021e-02	2.729112e-03	0.000000e+00	1.628984e-03	3.850484e-02	9.115684e-04	3.244312e-03	1.407926e-03	0.000000e+00	0.000000e+00	0.000000e+00	0.000000e+00	0.000000e+00	2.568880e-03	4.586334e-01	-1.024766e-01
4.586334e-01	0.000000e+00	0.000000e+00	0.000000e+00	0.000000e+00	1.776820e-04	0.000000e+00	0.000000e+00	0.000000e+00	0.000000e+00	0.000000e+00	0.000000e+00	1.551985e-02	0.000000e+00	0.000000e+00	0.000000e+00	1.400021e-02	2.729112e-03	0.000000e+00	1.628984e-03	3.850484e-02	9.115684e-04	3.244312e-03	1.407926e-03	0.000000e+00	0.000000e+00	0.000000e+00	0.000000e+00	0.000000e+00	2.568880e-03	4.586334e-01	-1.024766e-01
4.586334e-01	0.000000e+00	0.000000e+00	0.000000e+00	0.000000e+00	1.776820e-04	0.000000e+00	0.000000e+00	0.000000e+00	0.000000e+00	0.000000e+00	0.000000e+00	1.551985e-02	0.000000e+00	0.000000e+00	0.000000e+00	1.400021e-02	2.729112e-03	0.000000e+00	1.628984e-03	3.850484e-02	9.115684e-04	3.244312e-03	1.407926e-03	0.000000e+00	0.000000e+00	0.000000e+00	0.000000e+00	0.000000e+00	2.568880e-03	4.586334e-01	-1.024766e-01
4.586334e-01	0.000000e+00	0.000000e+00	0.000000e+00	0.000000e+00	1.776820e-04	0.000000e+00	0.000000e+00	0.000000e+00	0.000000e+00	0.000000e+00	0.000000e+00	1.551985e-02	0.000000e+00	0.000000e+00	0.000000e+00	1.400021e-02	2.729112e-03	0.000000e+00	1.628984e-03	3.850484e-02	9.115684e-04	3.244312e-03	1.407926e-03	0.000000e+00	0.000000e+00	0.000000e+00	0.000000e+00	0.000000e+00	2.568880e-03	4.586334e-01	-1.024766e-01
4.586334e-01	0.000000e+00	0.000000e+00	0.000000e+00	0.000000e+00	1.776820e-04	0.000000e+00	0.000000e+00	0.000000e+00	0.000000e+00	0.000000e+00	0.000000e+00	1.551985e-02	0.000000e+00	0.000000e+00	0.000000e+00	1.400021e-02	2.729112e-03	0.000000e+00	1.628984e-03	3.850484e-02	9.115684e-04	3.244312e-03	1.407926e-03	0.000000e+00	0.000000e+00	0.000000e+00	0.000000e+00	0.000000e+00	2.568880e-03	4.586334e-01	-1.024766e-01
4.586334e-01	0.000000e+00	0.000000e+00	0.000000e+00	0.000000e+00	1.776820e-04	0.000000e+00	0.000000e+00	0.000000e+00	0.000000e+00	0.000000e+00	0.000000e+00	1.551985e-02	0.000000e+00	0.000000e+00	0.000000e+00	2.520037e-02	2.729112e-03	0.000000e+00	0.000000e+00	3.850484e-02	9.115684e-04	3.244312e-03	1.407926e-03	0.000000e+00	0.000000e+00	0.000000e+00	0.000000e+00	0.000000e+00	2.568880e-03	4.586334e-01	-1.004990e-01
4.586334e-01	0.000000e+00	2.437069e-02	0.000000e+00	0.000000e+00	3.553640e-05	2.596790e-02	5.421607e-03	0.000000e+00	0.000000e+00	0.000000e+00	0.000000e+00	1.551985e-02	0.000000e+00	0.000000e+00	0.000000e+00	2.800041e-03	2.729112e-03	0.000000e+00	4.548124e-03	3.850484e-02	2.550202e-03	3.244312e-03	1.407926e-03	0.000000e+00	0.000000e+00	0.000000e+00	0.000000e+00	0.000000e+00	2.568880e-03	4.586334e-01	-9.234202e-02
4.437832e-01	0.000000e+00	0.000000e+00	0.000000e+00	0.000000e+00	8.146080e-05	0.000000e+00	0.000000e+00	0.000000e+00	0.000000e+00	0.000000e+00	0.000000e+00	1.551985e-02	0.000000e+00	0.000000e+00	0.000000e+00	2.520037e-02	1.302819e-03	0.000000e+00	1.628984e-03	5.496794e-02	3.428097e-03	0.000000e+00	2.571150e-03	0.000000e+00	0.000000e+00	0.000000e+00	0.000000e+00	0.000000e+00	0.000000e+00	4.437832e-01	-7.975968e-02
4.416720e-01	2.518389e-02	0.000000e+00	0.000000e+00	0.000000e+00	8.900764e-05	0.000000e+00	0.000000e+00	0.000000e+00	0.000000e+00	0.000000e+00	2.342095e-03	6.866320e-03	0.000000e+00	0.000000e+00	0.000000e+00	0.000000e+00	3.609259e-03	0.000000e+00	2.932171e-03	5.496794e-02	4.337601e-03	0.000000e+00	5.657495e-03	0.000000e+00	0.000000e+00	0.000000e+00	0.000000e+00	0.000000e+00	0.000000e+00	4.416720e-01	-6.917472e-02
4.416720e-01	2.518389e-02	0.000000e+00	0.000000e+00	0.000000e+00	8.900764e-05	0.000000e+00	0.000000e+00	0.000000e+00	0.000000e+00	0.000000e+00	2.342095e-03	6.866320e-03	0.000000e+00	0.000000e+00	0.000000e+00	0.000000e+00	3.609259e-03	0.000000e+00	2.932171e-03	5.496794e-02	4.337601e-03	0.000000e+00	5.657495e-03	0.000000e+00	0.000000e+00	0.000000e+00	0.000000e+00	0.000000e+00	0.000000e+00	4.416720e-01	-6.917472e-02
4.404172e-01	8.135523e-03	0.000000e+00	0.000000e+00	0.000000e+00	3.252267e-05	0.000000e+00	5.421607e-03	0.000000e+00	0.000000e+00	0.000000e+00	2.299752e-03	6.866320e-03	0.000000e+00	0.000000e+00	0.000000e+00	7.675179e-02	0.000000e+00	3.448957e-03	2.345737e-03	3.497791e-02	0.000000e+00	0.000000e+00	6.028478e-03	1.304194e-03	0.000000e+00	0.000000e+00	0.000000e+00	0.000000e+00	7.667199e-03	4.404172e-01	-5.186079e-02
4.357553e-01	2.014711e-02	6.092672e-03	0.000000e+00	0.000000e+00	7.862011e-05	3.245988e-02	9.670362e-03	0.000000e+00	1.354947e-03	0.000000e+00	1.492589e-03	0.000000e+00	0.000000e+00	0.000000e+00	0.000000e+00	0.000000e+00	5.168350e-04	0.000000e+00	3.974721e-03	0.000000e+00	5.320053e-03	0.000000e+00	4.173562e-03	0.000000e+00	0.000000e+00	0.000000e+00	0.000000e+00	0.000000e+00	3.771601e-03	4.357553e-01	-3.438544e-02
4.357553e-01	2.014711e-02	6.092672e-03	0.000000e+00	0.000000e+00	7.862011e-05	3.245988e-02	9.670362e-03	0.000000e+00	1.354947e-03	0.000000e+00	1.492589e-03	0.000000e+00	0.000000e+00	0.000000e+00	0.000000e+00	0.000000e+00	5.168350e-04	0.000000e+00	3.974721e-03	0.000000e+00	5.320053e-03	0.000000e+00	4.173562e-03	0.000000e+00	0.000000e+00	0.000000e+00	0.000000e+00	0.000000e+00	3.771601e-03	4.357553e-01	-3.438544e-02
4.330914e-01	0.000000e+00	3.046336e-02	0.000000e+00	0.000000e+00	5.427295e-05	3.245988e-02	6.777008e-03	0.000000e+00	0.000000e+00	0.000000e+00	0.000000e+00	0.000000e+00	0.000000e+00	0.000000e+00	0.000000e+00	9.573008e-03	2.584175e-03	0.000000e+00	2.932171e-03	1.792597e-02	3.689115e-03	0.000000e+00	2.318645e-03	0.000000e+00	0.000000e+00	0.000000e+00	1.707718e-02	0.000000e+00	2.095334e-03	4.330914e-01	-4.738525e-03
4.313339e-01	0.000000e+00	4.118646e-02	0.000000e+00	0.000000e+00	1.090998e-04	0.000000e+00	1.798532e-02	0.000000e+00	0.000000e+00	3.247303e-02	2.144671e-03	0.000000e+00	0.000000e+00	0.000000e+00	0.000000e+00	9.573008e-03	1.036545e-03	2.207332e-03	0.000000e+00	1.933946e-03	4.900098e-03	0.000000e+00	0.000000e+00	4.246193e-03	0.000000e+00	0.000000e+00	0.000000e+00	0.000000e+00	6.788883e-03	4.313339e-01	1.005631e-02
4.301835e-01	2.014711e-02	4.386724e-02	0.000000e+00	0.000000e+00	1.146245e-04	0.000000e+00	1.039370e-02	0.000000e+00	0.000000e+00	0.000000e+00	2.680838e-03	6.866320e-03	0.000000e+00	0.000000e+00	0.000000e+00	7.373106e-03	0.000000e+00	0.000000e+00	1.628984e-03	3.497791e-02	2.903154e-03	0.000000e+00	2.116642e-03	1.779354e-03	0.000000e+00	0.000000e+00	0.000000e+00	0.000000e+00	3.771601e-03	4.301835e-01	2.369934e-02
4.268175e-01	0.000000e+00	6.092672e-03	0.000000e+00	0.000000e+00	4.341836e-05	3.245988e-02	9.670362e-03	0.000000e+00	0.000000e+00	0.000000e+00	0.000000e+00	0.000000e+00	0.000000e+00	0.000000e+00	0.000000e+00	0.000000e+00	3.923952e-03	0.000000e+00	0.000000e+00	1.792597e-02	5.320053e-03	0.000000e+00	4.173562e-03	0.000000e+00	0.000000e+00	0.000000e+00	0.000000e+00	0.000000e+00	3.771601e-03	4.268175e-01	4.562814e-02
4.245380e-01	0.000000e+00	0.000000e+00	0.000000e+00	0.000000e+00	3.252267e-05	0.000000e+00	0.000000e+00	0.000000e+00	0.000000e+00	0.000000e+00	0.000000e+00	6.866320e-03	0.000000e+00	0.000000e+00	0.000000e+00	0.000000e+00	3.609259e-03	0.000000e+00	1.628984e-03	5.496794e-02	3.428097e-03	0.000000e+00	2.116642e-03	0.000000e+00	0.000000e+00	0.000000e+00	0.000000e+00	0.000000e+00	0.000000e+00	4.245380e-01	6.787120e-02
4.268175e-01	0.000000e+00	6.092672e-03	0.000000e+00	0.000000e+00	4.341836e-05	3.245988e-02	9.670362e-03	0.000000e+00	0.000000e+00	0.000000e+00	0.000000e+00	0.000000e+00	0.000000e+00	0.000000e+00	0.000000e+00	0.000000e+00	3.923952e-03	0.000000e+00	0.000000e+00	1.792597e-02	5.320053e-03	0.000000e+00	4.173562e-03	0.000000e+00	0.000000e+00	0.000000e+00	0.000000e+00	0.000000e+00	3.771601e-03	4.268175e-01	4.562814e-02
4.228488e-01	2.518389e-02	0.000000e+00	0.000000e+00	0.000000e+00	5.427295e-05	4.013805e-02	4.520866e-03	0.000000e+00	1.693683e-03	0.000000e+00	1.865737e-03	0.000000e+00	0.000000e+00	0.000000e+00	0.000000e+00	0.000000e+00	0.000000e+00	2.759165e-03	1.303187e-03	2.121398e-03	6.524680e-05	0.000000e+00	1.483933e-03	2.224193e-03	0.000000e+00	0.000000e+00	6.041962e-02	0.000000e+00	0.000000e+00	4.228488e-01	1.018901e-01
4.228488e-01	2.518389e-02	0.000000e+00	0.000000e+00	0.000000e+00	5.427295e-05	4.013805e-02	4.520866e-03	0.000000e+00	1.693683e-03	0.000000e+00	1.865737e-03	0.000000e+00	0.000000e+00	0.000000e+00	0.000000e+00	0.000000e+00	0.000000e+00	2.759165e-03	1.303187e-03	2.121398e-03	6.524680e-05	0.000000e+00	1.483933e-03	2.224193e-03	0.000000e+00	0.000000e+00	6.041962e-02	0.000000e+00	0.000000e+00	4.228488e-01	1.018901e-01
4.195189e-01	0.000000e+00	3.046336e-02	0.000000e+00	0.000000e+00	2.383900e-05	3.245988e-02	6.777008e-03	0.000000e+00	0.000000e+00	0.000000e+00	0.000000e+00	6.866320e-03	0.000000e+00	0.000000e+00	0.000000e+00	9.573008e-03	2.584175e-03	0.000000e+00	0.000000e+00	5.496794e-02	3.689115e-03	0.000000e+00	3.600575e-03	2.466839e-03	0.000000e+00	0.000000e+00	0.000000e+00	0.000000e+00	2.095334e-03	4.195189e-01	1.436964e-01
4.181675e-01	0.000000e+00	7.896102e-02	0.000000e+00	0.000000e+00	7.815305e-05	0.000000e+00	1.039370e-02	0.000000e+00	0.000000e+00	0.000000e+00	2.130380e-03	1.373264e-03	0.000000e+00	0.000000e+00	0.000000e+00	9.573008e-03	0.000000e+00	2.207332e-03	0.000000e+00	5.496794e-02	3.689115e-03	0.000000e+00	7.512411e-03	4.246193e-03	0.000000e+00	0.000000e+00	0.000000e+00	0.000000e+00	6.788883e-03	4.181675e-01	1.658754e-01
4.160918e-01	0.000000e+00	0.000000e+00	0.000000e+00	0.000000e+00	0.000000e+00	0.000000e+00	0.000000e+00	0.000000e+00	8.468417e-03	0.000000e+00	1.058574e-03	1.093746e-02	0.000000e+00	0.000000e+00	0.000000e+00	6.718915e-02	0.000000e+00	0.000000e+00	0.000000e+00	1.319054e-02	0.000000e+00	0.000000e+00	0.000000e+00	0.000000e+00	0.000000e+00	5.575286e-02	0.000000e+00	0.000000e+00	9.583999e-03	4.160918e-01	1.885923e-01
4.160918e-01	0.000000e+00	0.000000e+00	0.000000e+00	0.000000e+00	0.000000e+00	0.000000e+00	0.000000e+00	0.000000e+00	8.468417e-03	0.000000e+00	2.117148e-04	1.093746e-02	0.000000e+00	0.000000e+00	0.000000e+00	6.718915e-02	0.000000e+00	0.000000e+00	0.000000e+00	1.319054e-02	0.000000e+00	0.000000e+00	0.000000e+00	0.000000e+00	0.000000e+00	5.575286e-02	3.238920e-02	0.000000e+00	9.583999e-03	4.160918e-01	1.953097e-01
4.134051e-01	0.000000e+00	7.896102e-02	0.000000e+00	0.000000e+00	7.815305e-05	0.000000e+00	0.000000e+00	6.535837e-05	0.000000e+00	0.000000e+00	2.117148e-04	1.373264e-03	0.000000e+00	0.000000e+00	0.000000e+00	2.197113e-03	0.000000e+00	2.207332e-03	0.000000e+00	4.642414e-02	9.410292e-03	0.000000e+00	2.444573e-03	1.235663e-03	0.000000e+00	0.000000e+00	9.813992e-04	0.000000e+00	0.000000e+00	4.134051e-01	2.188537e-01
2.536289e-01	0.000000e+00	0.000000e+00	0.000000e+00	0.000000e+00	0.000000e+00	0.000000e+00	0.000000e+00	0.000000e+00	4.704676e-03	0.000000e+00	2.117148e-04	0.000000e+00	0.000000e+00	0.000000e+00	0.000000e+00	2.197113e-03	0.000000e+00	0.000000e+00	0.000000e+00	1.529517e-02	0.000000e+00	0.000000e+00	6.334798e-03	1.235663e-03	0.000000e+00	0.000000e+00	5.385261e-06	0.000000e+00	9.583999e-03	2.536289e-01	2.535989e-01
2.589189e-01	0.000000e+00	0.000000e+00	0.000000e+00	0.000000e+00	0.000000e+00	0.000000e+00	0.000000e+00	0.000000e+00	4.704676e-03	0.000000e+00	0.000000e+00	0.000000e+00	0.000000e+00	0.000000e+00	0.000000e+00	3.954803e-03	0.000000e+00	0.000000e+00	0.000000e+00	1.529517e-02	0.000000e+00	0.000000e+00	6.334798e-03	6.178314e-03	0.000000e+00	0.000000e+00	5.385261e-06	0.000000e+00	3.450240e-03	2.589189e-01	2.515853e-01
2.589189e-01	0.000000e+00	0.000000e+00	0.000000e+00	0.000000e+00	0.000000e+00	0.000000e+00	0.000000e+00	0.000000e+00	4.704676e-03	0.000000e+00	0.000000e+00	0.000000e+00	0.000000e+00	0.000000e+00	0.000000e+00	3.954803e-03	0.000000e+00	0.000000e+00	0.000000e+00	1.529517e-02	0.000000e+00	0.000000e+00	6.334798e-03	6.178314e-03	0.000000e+00	0.000000e+00	5.385261e-06	0.000000e+00	3.450240e-03	2.589189e-01	2.515853e-01
2.589189e-01	0.000000e+00	0.000000e+00	0.000000e+00	0.000000e+00	0.000000e+00	0.000000e+00	0.000000e+00	0.000000e+00	4.704676e-03	0.000000e+00	0.000000e+00	0.000000e+00	0.000000e+00	0.000000e+00	0.000000e+00	3.954803e-03	0.000000e+00	0.000000e+00	0.000000e+00	1.529517e-02	0.000000e+00	0.000000e+00	6.334798e-03	6.178314e-03	0.000000e+00	0.000000e+00	5.385261e-06	0.000000e+00	3.450240e-03	2.589189e-01	2.515853e-01
2.589189e-01	0.000000e+00	0.000000e+00	0.000000e+00	0.000000e+00	0.000000e+00	0.000000e+00	0.000000e+00	0.000000e+00	4.704676e-03	0.000000e+00	0.000000e+00	0.000000e+00	0.000000e+00	0.000000e+00	0.000000e+00	3.954803e-03	0.000000e+00	0.000000e+00	0.000000e+00	1.529517e-02	0.000000e+00	0.000000e+00	6.334798e-03	6.178314e-03	0.000000e+00	0.000000e+00	5.385261e-06	0.000000e+00	3.450240e-03	2.589189e-01	2.515853e-01
2.589189e-01	0.000000e+00	0.000000e+00	0.000000e+00	0.000000e+00	0.000000e+00	0.000000e+00	0.000000e+00	0.000000e+00	4.704676e-03	0.000000e+00	0.000000e+00	0.000000e+00	0.000000e+00	0.000000e+00	0.000000e+00	3.954803e-03	0.000000e+00	0.000000e+00	0.000000e+00	1.529517e-02	0.000000e+00	0.000000e+00	6.334798e-03	6.178314e-03	0.000000e+00	0.000000e+00	5.385261e-06	0.000000e+00	3.450240e-03	2.589189e-01	2.515853e-01
2.589189e-01	0.000000e+00	0.000000e+00	0.000000e+00	0.000000e+00	0.000000e+00	0.000000e+00	0.000000e+00	0.000000e+00	4.704676e-03	0.000000e+00	0.000000e+00	0.000000e+00	0.000000e+00	0.000000e+00	0.000000e+00	3.954803e-03	0.000000e+00	0.000000e+00	0.000000e+00	1.529517e-02	0.000000e+00	0.000000e+00	6.334798e-03	6.178314e-03	0.000000e+00	0.000000e+00	5.385261e-06	0.000000e+00	3.450240e-03	2.589189e-01	2.515853e-01
2.589189e-01	0.000000e+00	0.000000e+00	0.000000e+00	0.000000e+00	0.000000e+00	0.000000e+00	0.000000e+00	0.000000e+00	4.704676e-03	0.000000e+00	0.000000e+00	0.000000e+00	0.000000e+00	0.000000e+00	0.000000e+00	3.954803e-03	0.000000e+00	0.000000e+00	0.000000e+00	1.529517e-02	0.000000e+00	0.000000e+00	6.334798e-03	6.178314e-03	0.000000e+00	0.000000e+00	5.385261e-06	0.000000e+00	3.450240e-03	2.589189e-01	2.515853e-01
2.589189e-01	0.000000e+00	0.000000e+00	0.000000e+00	0.000000e+00	0.000000e+00	0.000000e+00	0.000000e+00	0.000000e+00	4.704676e-03	0.000000e+00	0.000000e+00	0.000000e+00	0.000000e+00	0.000000e+00	0.000000e+00	3.954803e-03	0.000000e+00	0.000000e+00	0.000000e+00	1.529517e-02	0.000000e+00	0.000000e+00	6.334798e-03	6.178314e-03	0.000000e+00	0.000000e+00	5.385261e-06	0.000000e+00	3.450240e-03	2.589189e-01	2.515853e-01
2.589189e-01	0.000000e+00	0.000000e+00	0.000000e+00	0.000000e+00	0.000000e+00	0.000000e+00	0.000000e+00	0.000000e+00	4.704676e-03	0.000000e+00	0.000000e+00	0.000000e+00	0.000000e+00	0.000000e+00	0.000000e+00	3.954803e-03	0.000000e+00	0.000000e+00	0.000000e+00	1.529517e-02	0.000000e+00	0.000000e+00	6.334798e-03	6.178314e-03	0.000000e+00	0.000000e+00	5.385261e-06	0.000000e+00	3.450240e-03	2.589189e-01	2.515853e-01
2.536289e-01	0.000000e+00	0.000000e+00	0.000000e+00	0.000000e+00	0.000000e+00	0.000000e+00	0.000000e+00	0.000000e+00	4.704676e-03	0.000000e+00	2.117148e-04	0.000000e+00	0.000000e+00	0.000000e+00	0.000000e+00	2.197113e-03	0.000000e+00	0.000000e+00	0.000000e+00	1.529517e-02	0.000000e+00	0.000000e+00	6.334798e-03	1.235663e-03	0.000000e+00	0.000000e+00	5.385261e-06	0.000000e+00	9.583999e-03	2.536289e-01	2.535989e-01
2.476759e-01	6.995525e-02	0.000000e+00	0.000000e+00	0.000000e+00	0.000000e+00	7.466601e-04	0.000000e+00	8.169796e-05	0.000000e+00	0.000000e+00	0.000000e+00	0.000000e+00	3.545158e-03	0.000000e+00	0.000000e+00	0.000000e+00	0.000000e+00	0.000000e+00	0.000000e+00	4.615422e-03	7.151471e-03	0.000000e+00	0.000000e+00	6.178314e-03	0.000000e+00	0.000000e+00	1.232134e-03	0.000000e+00	0.000000e+00	2.476759e-01	2.771633e-01
2.429706e-01	5.578501e-02	0.000000e+00	0.000000e+00	0.000000e+00	0.000000e+00	2.986640e-03	0.000000e+00	3.267919e-04	4.704676e-03	0.000000e+00	2.117148e-04	0.000000e+00	0.000000e+00	0.000000e+00	0.000000e+00	2.197113e-03	0.000000e+00	0.000000e+00	0.000000e+00	1.529517e-02	0.000000e+00	0.000000e+00	0.000000e+00	6.178314e-03	0.000000e+00	0.000000e+00	1.225403e-03	0.000000e+00	0.000000e+00	2.429706e-01	2.908482e-01
2.363581e-01	6.995525e-02	0.000000e+00	0.000000e+00	0.000000e+00	0.000000e+00	0.000000e+00	0.000000e+00	0.000000e+00	4.704676e-03	0.000000e+00	0.000000e+00	0.000000e+00	0.000000e+00	0.000000e+00	0.000000e+00	0.000000e+00	0.000000e+00	0.000000e+00	0.000000e+00	4.615422e-03	0.000000e+00	0.000000e+00	0.000000e+00	6.178314e-03	0.000000e+00	0.000000e+00	3.905731e-02	0.000000e+00	0.000000e+00	2.363581e-01	3.281887e-01
2.363581e-01	1.399105e-02	0.000000e+00	0.000000e+00	0.000000e+00	0.000000e+00	0.000000e+00	6.228374e-03	0.000000e+00	1.672505e-02	0.000000e+00	0.000000e+00	4.832999e-03	1.437132e-02	0.000000e+00	0.000000e+00	1.754196e-02	1.306675e-06	2.961330e-02	0.000000e+00	0.000000e+00	1.792056e-02	0.000000e+00	0.000000e+00	0.000000e+00	0.000000e+00	0.000000e+00	3.905731e-02	0.000000e+00	0.000000e+00	2.363581e-01	3.366495e-01
2.363581e-01	1.399105e-02	0.000000e+00	0.000000e+00	0.000000e+00	0.000000e+00	0.000000e+00	6.228374e-03	0.000000e+00	1.672505e-02	0.000000e+00	0.000000e+00	4.832999e-03	1.437132e-02	0.000000e+00	0.000000e+00	1.754196e-02	1.306675e-06	2.961330e-02	0.000000e+00	0.000000e+00	1.792056e-02	0.000000e+00	0.000000e+00	0.000000e+00	0.000000e+00	0.000000e+00	3.905731e-02	0.000000e+00	0.000000e+00	2.363581e-01	3.366495e-01
2.225188e-01	0.000000e+00	0.000000e+00	0.000000e+00	0.000000e+00	2.589179e-02	4.517073e-03	6.228374e-03	8.169796e-05	0.000000e+00	0.000000e+00	1.042942e-02	0.000000e+00	3.545158e-03	0.000000e+00	0.000000e+00	1.929965e-02	0.000000e+00	0.000000e+00	0.000000e+00	4.615422e-03	7.151471e-03	0.000000e+00	0.000000e+00	6.178314e-03	0.000000e+00	0.000000e+00	9.813992e-04	0.000000e+00	0.000000e+00	2.225188e-01	4.047983e-01
2.225188e-01	0.000000e+00	0.000000e+00	0.000000e+00	0.000000e+00	2.589179e-02	4.517073e-03	6.228374e-03	8.169796e-05	0.000000e+00	0.000000e+00	1.042942e-02	0.000000e+00	3.545158e-03	0.000000e+00	0.000000e+00	1.929965e-02	0.000000e+00	0.000000e+00	0.000000e+00	4.615422e-03	7.151471e-03	0.000000e+00	0.000000e+00	6.178314e-03	0.000000e+00	0.000000e+00	9.813992e-04	0.000000e+00	0.000000e+00	2.225188e-01	4.047983e-01
2.134187e-01	0.000000e+00	0.000000e+00	0.000000e+00	0.000000e+00	3.236474e-02	5.646342e-03	7.785468e-03	0.000000e+00	4.704676e-03	0.000000e+00	1.303678e-02	6.041249e-03	0.000000e+00	0.000000e+00	0.000000e+00	2.313586e-02	6.805601e-07	0.000000e+00	0.000000e+00	2.541014e-02	0.000000e+00	0.000000e+00	0.000000e+00	0.000000e+00	0.000000e+00	0.000000e+00	1.225403e-03	0.000000e+00	0.000000e+00	2.134187e-01	4.792614e-01
2.134187e-01	4.375577e-03	0.000000e+00	0.000000e+00	0.000000e+00	0.000000e+00	5.646342e-03	5.124251e-02	0.000000e+00	4.290504e-02	0.000000e+00	1.303678e-02	6.041249e-03	4.595234e-02	0.000000e+00	0.000000e+00	1.757690e-03	6.805601e-07	0.000000e+00	0.000000e+00	2.541014e-02	4.458826e-02	0.000000e+00	2.490398e-02	4.343683e-03	0.000000e+00	0.000000e+00	1.225403e-03	0.000000e+00	0.000000e+00	2.134187e-01	5.158719e-01
2.055254e-01	0.000000e+00	0.000000e+00	0.000000e+00	0.000000e+00	0.000000e+00	0.000000e+00	2.660582e-02	0.000000e+00	4.290504e-02	0.000000e+00	1.693718e-04	8.439398e-04	3.350175e-02	0.000000e+00	0.000000e+00	1.757690e-03	3.402800e-06	0.000000e+00	0.000000e+00	0.000000e+00	3.390294e-02	0.000000e+00	2.084971e-02	7.988826e-03	0.000000e+00	0.000000e+00	1.307142e-02	5.514888e-02	0.000000e+00	2.055254e-01	5.682675e-01
1.951242e-01	0.000000e+00	0.000000e+00	0.000000e+00	0.000000e+00	2.589179e-02	0.000000e+00	6.228374e-03	3.431314e-04	3.763741e-03	0.000000e+00	0.000000e+00	9.037030e-03	0.000000e+00	0.000000e+00	0.000000e+00	0.000000e+00	0.000000e+00	0.000000e+00	0.000000e+00	1.200697e-02	7.151471e-03	0.000000e+00	0.000000e+00	7.395891e-03	0.000000e+00	0.000000e+00	0.000000e+00	0.000000e+00	0.000000e+00	1.951242e-01	6.054363e-01
1.951242e-01	0.000000e+00	0.000000e+00	0.000000e+00	0.000000e+00	2.205749e-02	4.185284e-02	0.000000e+00	0.000000e+00	1.848230e-02	0.000000e+00	0.000000e+00	6.041249e-03	0.000000e+00	0.000000e+00	0.000000e+00	0.000000e+00	0.000000e+00	0.000000e+00	0.000000e+00	1.200697e-02	7.151471e-03	0.000000e+00	0.000000e+00	7.395891e-03	0.000000e+00	0.000000e+00	0.000000e+00	0.000000e+00	0.000000e+00	1.951242e-01	6.159168e-01
8.219478e-02	0.000000e+00	0.000000e+00	0.000000e+00	0.000000e+00	0.000000e+00	0.000000e+00	0.000000e+00	0.000000e+00	1.973014e-02	0.000000e+00	0.000000e+00	3.723362e-03	2.162547e-03	0.000000e+00	0.000000e+00	0.000000e+00	0.000000e+00	0.000000e+00	0.000000e+00	0.000000e+00	2.240070e-02	0.000000e+00	2.533919e-04	8.964310e-03	0.000000e+00	0.000000e+00	0.000000e+00	0.000000e+00	0.000000e+00	8.219478e-02	6.849144e-01
8.219478e-02	0.000000e+00	0.000000e+00	0.000000e+00	0.000000e+00	0.000000e+00	0.000000e+00	0.000000e+00	0.000000e+00	1.973014e-02	0.000000e+00	0.000000e+00	3.723362e-03	2.162547e-03	0.000000e+00	0.000000e+00	0.000000e+00	0.000000e+00	0.000000e+00	0.000000e+00	0.000000e+00	2.240070e-02	0.000000e+00	2.533919e-04	8.964310e-03	0.000000e+00	0.000000e+00	0.000000e+00	0.000000e+00	0.000000e+00	8.219478e-02	6.849144e-01
8.219478e-02	0.000000e+00	0.000000e+00	0.000000e+00	0.000000e+00	0.000000e+00	0.000000e+00	0.000000e+00	0.000000e+00	1.973014e-02	0.000000e+00	0.000000e+00	3.723362e-03	2.162547e-03	0.000000e+00	0.000000e+00	0.000000e+00	0.000000e+00	0.000000e+00	0.000000e+00	0.000000e+00	2.240070e-02	0.000000e+00	2.533919e-04	8.964310e-03	0.000000e+00	0.000000e+00	0.000000e+00	0.000000e+00	0.000000e+00	8.219478e-02	6.849144e-01
8.219478e-02	0.000000e+00	0.000000e+00	0.000000e+00	0.000000e+00	0.000000e+00	0.000000e+00	0.000000e+00	0.000000e+00	1.973014e-02	0.000000e+00	0.000000e+00	3.723362e-03	2.162547e-03	0.000000e+00	0.000000e+00	0.000000e+00	0.000000e+00	0.000000e+00	0.000000e+00	0.000000e+00	2.240070e-02	0.000000e+00	2.533919e-04	8.964310e-03	0.000000e+00	0.000000e+00	0.000000e+00	0.000000e+00	0.000000e+00	8.219478e-02	6.849144e-01
8.219478e-02	0.000000e+00	0.000000e+00	0.000000e+00	0.000000e+00	0.000000e+00	0.000000e+00	0.000000e+00	0.000000e+00	1.973014e-02	0.000000e+00	0.000000e+00	3.723362e-03	2.162547e-03	0.000000e+00	0.000000e+00	0.000000e+00	0.000000e+00	0.000000e+00	0.000000e+00	0.000000e+00	2.240070e-02	0.000000e+00	2.533919e-04	8.964310e-03	0.000000e+00	0.000000e+00	0.000000e+00	0.000000e+00	0.000000e+00	8.219478e-02	6.849144e-01
8.219478e-02	0.000000e+00	0.000000e+00	0.000000e+00	0.000000e+00	0.000000e+00	0.000000e+00	0.000000e+00	0.000000e+00	1.973014e-02	0.000000e+00	0.000000e+00	3.723362e-03	2.162547e-03	0.000000e+00	0.000000e+00	0.000000e+00	0.000000e+00	0.000000e+00	0.000000e+00	0.000000e+00	2.240070e-02	0.000000e+00	2.533919e-04	8.964310e-03	0.000000e+00	0.000000e+00	0.000000e+00	0.000000e+00	0.000000e+00	8.219478e-02	6.849144e-01
8.219478e-02	0.000000e+00	0.000000e+00	0.000000e+00	0.000000e+00	0.000000e+00	0.000000e+00	0.000000e+00	0.000000e+00	1.973014e-02	0.000000e+00	0.000000e+00	3.723362e-03	2.162547e-03	0.000000e+00	0.000000e+00	0.000000e+00	0.000000e+00	0.000000e+00	0.000000e+00	0.000000e+00	2.240070e-02	0.000000e+00	2.533919e-04	8.964310e-03	0.000000e+00	0.000000e+00	0.000000e+00	0.000000e+00	0.000000e+00	8.219478e-02	6.849144e-01
8.219478e-02	0.000000e+00	0.000000e+00	0.000000e+00	0.000000e+00	0.000000e+00	0.000000e+00	0.000000e+00	0.000000e+00	1.973014e-02	0.000000e+00	0.000000e+00	3.723362e-03	2.162547e-03	0.000000e+00	0.000000e+00	0.000000e+00	0.000000e+00	0.000000e+00	0.000000e+00	0.000000e+00	2.240070e-02	0.000000e+00	2.533919e-04	8.964310e-03	0.000000e+00	0.000000e+00	0.000000e+00	0.000000e+00	0.000000e+00	8.219478e-02	6.849144e-01
7.130210e-02	0.000000e+00	0.000000e+00	0.000000e+00	0.000000e+00	0.000000e+00	0.000000e+00	3.591156e-02	0.000000e+00	1.973014e-02	0.000000e+00	2.528428e-02	1.271987e-03	2.162547e-03	0.000000e+00	0.000000e+00	0.000000e+00	0.000000e+00	0.000000e+00	0.000000e+00	0.000000e+00	2.240070e-02	0.000000e+00	2.533919e-04	7.974740e-03	0.000000e+00	0.000000e+00	0.000000e+00	0.000000e+00	0.000000e+00	7.130210e-02	7.080166e-01
5.971046e-02	0.000000e+00	0.000000e+00	0.000000e+00	0.000000e+00	0.000000e+00	0.000000e+00	2.573137e-02	0.000000e+00	1.973014e-02	0.000000e+00	9.294690e-03	3.723362e-03	0.000000e+00	0.000000e+00	0.000000e+00	2.777975e-02	0.000000e+00	0.000000e+00	0.000000e+00	0.000000e+00	1.422809e-02	0.000000e+00	0.000000e+00	1.224993e-02	0.000000e+00	0.000000e+00	1.719526e-03	0.000000e+00	0.000000e+00	5.971046e-02	7.299083e-01
4.099873e-02	0.000000e+00	0.000000e+00	0.000000e+00	0.000000e+00	0.000000e+00	0.000000e+00	0.000000e+00	0.000000e+00	1.973014e-02	0.000000e+00	0.000000e+00	3.878870e-03	0.000000e+00	0.000000e+00	0.000000e+00	0.000000e+00	0.000000e+00	0.000000e+00	0.000000e+00	2.369861e-03	1.101823e-02	0.000000e+00	7.038664e-04	5.792093e-03	6.000870e-03	0.000000e+00	3.095146e-03	0.000000e+00	0.000000e+00	4.099873e-02	7.728233e-01
3.348517e-02	0.000000e+00	0.000000e+00	0.000000e+00	0.000000e+00	0.000000e+00	0.000000e+00	0.000000e+00	0.000000e+00	1.973014e-02	0.000000e+00	0.000000e+00	8.789291e-03	2.162547e-03	0.000000e+00	0.000000e+00	0.000000e+00	2.177792e-06	3.701662e-02	0.000000e+00	1.345374e-02	0.000000e+00	0.000000e+00	0.000000e+00	6.039274e-03	0.000000e+00	0.000000e+00	0.000000e+00	0.000000e+00	0.000000e+00	3.348517e-02	8.125327e-01
1.919252e-02	1.790854e-03	0.000000e+00	0.000000e+00	0.000000e+00	0.000000e+00	0.000000e+00	4.193229e-02	0.000000e+00	0.000000e+00	0.000000e+00	3.244765e-03	0.000000e+00	2.797130e-02	0.000000e+00	0.000000e+00	1.733099e-02	3.402800e-06	0.000000e+00	0.000000e+00	2.369861e-03	1.101823e-02	0.000000e+00	7.038664e-04	2.561291e-03	0.000000e+00	0.000000e+00	1.358901e-02	0.000000e+00	0.000000e+00	1.919252e-02	8.859923e-01
1.098185e-02	0.000000e+00	0.000000e+00	0.000000e+00	0.000000e+00	0.000000e+00	5.646342e-03	0.000000e+00	0.000000e+00	1.848230e-02	0.000000e+00	1.303678e-02	6.041249e-03	0.000000e+00	0.000000e+00	0.000000e+00	0.000000e+00	0.000000e+00	0.000000e+00	0.000000e+00	2.369861e-03	1.329473e-02	0.000000e+00	3.167399e-04	5.841529e-03	0.000000e+00	0.000000e+00	2.476117e-03	0.000000e+00	0.000000e+00	1.098185e-02	9.113496e-01
0.000000e+00	0.000000e+00	0.000000e+00	0.000000e+00	0.000000e+00	0.000000e+00	0.000000e+00	0.000000e+00	0.000000e+00	1.973014e-02	0.000000e+00	0.000000e+00	3.723362e-03	3.892584e-03	0.000000e+00	0.000000e+00	0.000000e+00	1.742234e-06	0.000000e+00	0.000000e+00	0.000000e+00	2.240070e-02	0.000000e+00	2.533919e-04	8.964310e-03	0.000000e+00	0.000000e+00	0.000000e+00	0.000000e+00	0.000000e+00	0.000000e+00	1.018300e+00
