8.499129e-01 1.730879e-03 6.827606e-05 0.000000e+00 0.000000e+00 6.002246e-04 0.000000e+00 3.650614e-05 0.000000e+00 1.900373e-04 1.405657e-03 5.553071e-03 0.000000e+00 0.000000e+00 2.321029e-03 0.000000e+00 2.229416e-04 2.087715e-03 0.000000e+00 0.000000e+00 1.105617e-04 0.000000e+00 5.353971e-04 0.000000e+00 2.523399e-04 2.908785e-04 0.000000e+00 0.000000e+00 0.000000e+00 0.000000e+00 8.499129e-01 -7.692371e-01
8.476785e-01 0.000000e+00 0.000000e+00 2.191631e-03 5.612099e-05 3.054128e-04 0.000000e+00 3.650614e-05 0.000000e+00 0.000000e+00 1.320470e-03 9.590805e-03 2.292531e-03 0.000000e+00 1.402166e-03 0.000000e+00 8.520339e-05 2.713438e-03 1.019091e-02 4.496401e-05 4.748955e-03 0.000000e+00 3.879019e-04 0.000000e+00 2.207017e-04 5.440337e-04 0.000000e+00 1.308669e-03 0.000000e+00 1.182118e-03 8.476785e-01 -7.596349e-01
8.448505e-01 1.271847e-03 0.000000e+00 0.000000e+00 0.000000e+00 6.219364e-04 0.000000e+00 3.131409e-03 0.000000e+00 9.501867e-05 1.564596e-03 6.512762e-03 8.943830e-04 0.000000e+00 1.402166e-03 0.000000e+00 0.000000e+00 1.183389e-03 1.019091e-02 1.614784e-04 5.736253e-05 0.000000e+00 5.910552e-04 0.000000e+00 9.453173e-05 2.127794e-03 2.276258e-04 1.479405e-03 9.716184e-05 7.898473e-04 8.448505e-01 -7.475148e-01
8.431159e-01 1.202988e-03 6.582780e-03 0.000000e+00 3.567341e-06 9.303303e-04 0.000000e+00 3.650614e-05 8.643332e-04 1.900373e-04 1.533974e-03 2.776536e-03 0.000000e+00 0.000000e+00 4.158754e-03 0.000000e+00 5.448854e-04 2.016241e-03 0.000000e+00 0.000000e+00 1.262131e-04 0.000000e+00 8.303875e-04 0.000000e+00 3.156163e-04 0.000000e+00 5.704824e-04 0.000000e+00 0.000000e+00 0.000000e+00 8.431159e-01 -7.378752e-01
8.425175e-01 0.000000e+00 3.077067e-04 0.000000e+00 0.000000e+00 5.630383e-04 0.000000e+00 0.000000e+00 3.968041e-03 1.900373e-04 2.361862e-03 9.315925e-03 0.000000e+00 0.000000e+00 1.786764e-04 0.000000e+00 2.106468e-04 9.009097e-04 1.136206e-03 0.000000e+00 1.056621e-03 0.000000e+00 9.068246e-04 0.000000e+00 0.000000e+00 8.077507e-04 0.000000e+00 7.699527e-04 0.000000e+00 1.014199e-03 8.425175e-01 -7.332504e-01
8.404168e-01 1.266139e-03 3.847871e-03 0.000000e+00 0.000000e+00 8.252147e-04 0.000000e+00 0.000000e+00 3.798521e-03 0.000000e+00 0.000000e+00 6.335841e-03 0.000000e+00 0.000000e+00 6.619485e-04 0.000000e+00 3.003516e-05 2.609644e-03 3.145650e-03 0.000000e+00 1.005106e-05 0.000000e+00 6.713987e-04 0.000000e+00 1.915916e-04 7.828472e-03 3.785796e-03 2.215890e-03 0.000000e+00 0.000000e+00 8.404168e-01 -7.130857e-01
8.396130e-01 0.000000e+00 1.365521e-04 4.383261e-03 1.158093e-04 1.335601e-04 2.329706e-03 3.149662e-03 0.000000e+00 0.000000e+00 1.432541e-03 3.326297e-03 4.585061e-03 0.000000e+00 2.609913e-03 0.000000e+00 2.939987e-04 0.000000e+00 0.000000e+00 0.000000e+00 7.510880e-03 0.000000e+00 5.501009e-05 0.000000e+00 1.003254e-03 7.681788e-03 2.294184e-02 0.000000e+00 0.000000e+00 3.358394e-04 8.396130e-01 -7.011383e-01
8.381952e-01 1.202988e-03 6.582780e-03 0.000000e+00 1.269249e-05 9.303303e-04 0.000000e+00 7.600359e-04 9.233656e-03 1.900373e-04 6.386702e-04 0.000000e+00 0.000000e+00 0.000000e+00 4.158754e-03 0.000000e+00 5.448854e-04 0.000000e+00 0.000000e+00 4.316545e-03 1.262131e-04 0.000000e+00 8.303875e-04 0.000000e+00 3.156163e-04 4.898304e-03 0.000000e+00 1.476451e-03 7.772947e-04 5.070993e-04 8.381952e-01 -6.904152e-01
8.368434e-01 0.000000e+00 6.068788e-04 0.000000e+00 0.000000e+00 5.243528e-04 0.000000e+00 0.000000e+00 0.000000e+00 0.000000e+00 2.536854e-04 5.432934e-03 0.000000e+00 7.436232e-03 1.066570e-03 0.000000e+00 2.229416e-04 1.043858e-03 5.460227e-03 0.000000e+00 0.000000e+00 7.614310e-04 2.720033e-04 0.000000e+00 5.826166e-04 7.867782e-03 0.000000e+00 2.617338e-03 0.000000e+00 1.256784e-03 8.368434e-01 -6.751877e-01
8.362018e-01 1.101405e-03 6.582780e-03 0.000000e+00 9.519371e-06 9.303303e-04 0.000000e+00 3.650614e-05 0.000000e+00 3.462268e-03 0.000000e+00 0.000000e+00 0.000000e+00 0.000000e+00 4.158754e-03 0.000000e+00 7.296905e-04 0.000000e+00 0.000000e+00 4.083516e-03 1.020169e-03 0.000000e+00 8.303875e-04 0.000000e+00 2.997972e-04 3.194808e-03 5.704824e-04 8.192274e-04 5.829710e-04 3.906273e-03 8.362018e-01 -6.678446e-01
8.352380e-01 0.000000e+00 1.055176e-02 0.000000e+00 3.915027e-05 0.000000e+00 0.000000e+00 2.770133e-03 1.220922e-02 0.000000e+00 1.179612e-03 7.780893e-03 0.000000e+00 7.436232e-03 0.000000e+00 0.000000e+00 0.000000e+00 1.147652e-03 1.414405e-02 0.000000e+00 0.000000e+00 7.614310e-04 3.276614e-04 0.000000e+00 6.265811e-04 0.000000e+00 2.276258e-04 2.786334e-03 0.000000e+00 1.332045e-03 8.352380e-01 -6.502156e-01
8.344526e-01 0.000000e+00 1.230827e-03 0.000000e+00 3.915027e-05 0.000000e+00 0.000000e+00 2.770133e-03 1.220922e-02 9.728348e-04 1.420336e-04 0.000000e+00 8.943830e-04 2.974493e-03 0.000000e+00 0.000000e+00 0.000000e+00 1.043858e-03 0.000000e+00 0.000000e+00 0.000000e+00 1.465285e-04 7.798953e-04 0.000000e+00 6.265811e-04 0.000000e+00 0.000000e+00 2.786334e-03 0.000000e+00 4.855759e-03 8.344526e-01 -6.450445e-01
8.329911e-01 2.849222e-04 2.054946e-03 0.000000e+00 0.000000e+00 9.737540e-04 0.000000e+00 6.226311e-03 0.000000e+00 0.000000e+00 1.851852e-03 4.695918e-03 0.000000e+00 0.000000e+00 2.406944e-03 0.000000e+00 8.500922e-05 2.075888e-04 1.736765e-02 3.229568e-04 3.869494e-03 0.000000e+00 9.417037e-04 0.000000e+00 0.000000e+00 3.673831e-03 1.025734e-03 2.958809e-03 1.943237e-04 4.056794e-03 8.329911e-01 -6.205482e-01
8.323112e-01 5.623237e-04 4.120598e-04 0.000000e+00 0.000000e+00 9.446974e-04 0.000000e+00 4.072327e-03 2.014530e-02 6.544462e-03 1.748413e-04 8.014901e-03 0.000000e+00 0.000000e+00 1.601302e-03 5.735810e-03 1.329414e-04 0.000000e+00 8.867396e-03 0.000000e+00 0.000000e+00 0.000000e+00 3.181640e-03 0.000000e+00 1.187197e-04 4.114326e-03 5.467646e-04 1.708901e-03 2.508825e-03 7.644744e-03 8.323112e-01 -6.063145e-01
8.309592e-01 4.228139e-04 0.000000e+00 0.000000e+00 0.000000e+00 3.407068e-04 0.000000e+00 3.650614e-05 0.000000e+00 2.135707e-03 1.363600e-03 1.009090e-02 1.788766e-03 5.948986e-03 2.321029e-03 0.000000e+00 2.229416e-04 2.087715e-03 6.028330e-03 0.000000e+00 1.981473e-05 0.000000e+00 5.353971e-04 0.000000e+00 2.523399e-04 2.908785e-04 0.000000e+00 2.617338e-03 0.000000e+00 1.579695e-03 8.309592e-01 -5.917930e-01
8.299839e-01 7.879149e-04 6.886595e-05 0.000000e+00 1.879833e-04 5.243528e-04 0.000000e+00 1.815496e-03 0.000000e+00 0.000000e+00 9.259261e-04 3.358120e-03 6.373827e-03 0.000000e+00 0.000000e+00 0.000000e+00 9.350176e-04 1.251446e-03 2.038182e-02 8.992802e-05 2.947099e-04 0.000000e+00 9.016090e-04 0.000000e+00 9.546161e-05 1.852057e-03 5.128670e-04 2.755804e-03 0.000000e+00 3.356035e-04 8.299839e-01 -5.748959e-01
8.292689e-01 8.958934e-05 0.000000e+00 0.000000e+00 4.342849e-06 0.000000e+00 0.000000e+00 0.000000e+00 1.587217e-02 2.135707e-03 0.000000e+00 1.513634e-02 2.683149e-03 0.000000e+00 1.447272e-03 0.000000e+00 7.825250e-04 0.000000e+00 0.000000e+00 0.000000e+00 0.000000e+00 0.000000e+00 0.000000e+00 0.000000e+00 3.251747e-03 1.345747e-03 1.769220e-03 4.624725e-04 0.000000e+00 1.317028e-03 8.292689e-01 -5.623138e-01
8.281488e-01 5.765080e-04 1.032989e-04 0.000000e+00 2.819750e-04 6.161758e-04 0.000000e+00 6.226311e-03 0.000000e+00 0.000000e+00 9.259261e-04 8.641745e-03 6.373827e-03 0.000000e+00 1.672425e-03 0.000000e+00 1.612555e-04 2.075888e-04 0.000000e+00 1.348920e-04 1.787392e-03 0.000000e+00 6.339104e-04 0.000000e+00 9.546161e-05 1.852057e-03 5.128670e-04 5.639751e-04 0.000000e+00 4.056794e-03 8.281488e-01 -5.445820e-01
8.277437e-01 8.943105e-04 6.842793e-04 0.000000e+00 1.879833e-04 3.539994e-04 0.000000e+00 6.226311e-03 7.936083e-03 0.000000e+00 1.851852e-03 4.695918e-03 5.577099e-03 0.000000e+00 2.406944e-03 5.735810e-03 8.500922e-05 2.075888e-04 1.736765e-02 8.992802e-05 3.869494e-03 0.000000e+00 6.339104e-04 0.000000e+00 0.000000e+00 3.673831e-03 1.025734e-03 2.958809e-03 0.000000e+00 4.056794e-03 8.277437e-01 -5.313388e-01
8.264788e-01 6.356050e-04 1.230827e-03 0.000000e+00 0.000000e+00 0.000000e+00 0.000000e+00 0.000000e+00 1.587217e-02 1.327896e-02 0.000000e+00 2.199243e-03 1.953093e-04 0.000000e+00 1.469038e-03 1.147162e-02 7.825250e-04 0.000000e+00 0.000000e+00 0.000000e+00 4.016849e-03 0.000000e+00 0.000000e+00 0.000000e+00 3.251747e-03 1.345747e-03 1.652983e-03 4.624725e-04 0.000000e+00 0.000000e+00 8.264788e-01 -5.101967e-01
8.255790e-01 7.147515e-04 0.000000e+00 0.000000e+00 0.000000e+00 3.296551e-04 4.089166e-03 0.000000e+00 0.000000e+00 8.008684e-04 0.000000e+00 4.461085e-05 0.000000e+00 0.000000e+00 1.280896e-03 5.755098e-03 0.000000e+00 0.000000e+00 1.090076e-03 2.330287e-04 4.192742e-03 0.000000e+00 0.000000e+00 0.000000e+00 2.547360e-02 2.930755e-03 7.414790e-04 1.511462e-04 1.082786e-02 0.000000e+00 8.255790e-01 -4.929368e-01
8.247929e-01 0.000000e+00 6.886595e-05 0.000000e+00 1.879833e-04 5.243528e-04 0.000000e+00 0.000000e+00 0.000000e+00 0.000000e+00 1.716608e-03 1.009090e-02 1.788766e-03 0.000000e+00 0.000000e+00 0.000000e+00 9.350176e-04 0.000000e+00 2.038182e-02 8.992802e-05 0.000000e+00 0.000000e+00 0.000000e+00 0.000000e+00 9.546161e-05 0.000000e+00 3.991650e-03 2.755804e-03 0.000000e+00 0.000000e+00 8.247929e-01 -4.803483e-01
6.514292e-01 5.239880e-04 0.000000e+00 0.000000e+00 1.588242e-04 0.000000e+00 0.000000e+00 0.000000e+00 0.000000e+00 0.000000e+00 0.000000e+00 1.052055e-03 0.000000e+00 0.000000e+00 1.077326e-03 5.513602e-03 0.000000e+00 0.000000e+00 1.003355e-03 0.000000e+00 1.943813e-04 0.000000e+00 3.021738e-04 0.000000e+00 6.091062e-04 0.000000e+00 1.936168e-03 0.000000e+00 2.086662e-03 0.000000e+00 6.514292e-01 -4.552061e-01
6.514292e-01 5.239880e-04 0.000000e+00 0.000000e+00 1.588242e-04 0.000000e+00 0.000000e+00 0.000000e+00 0.000000e+00 0.000000e+00 0.000000e+00 1.052055e-03 0.000000e+00 0.000000e+00 1.077326e-03 5.513602e-03 0.000000e+00 0.000000e+00 1.003355e-03 0.000000e+00 1.943813e-04 0.000000e+00 3.021738e-04 0.000000e+00 6.091062e-04 0.000000e+00 1.936168e-03 0.000000e+00 2.086662e-03 0.000000e+00 6.514292e-01 -4.552061e-01
6.514292e-01 5.239880e-04 0.000000e+00 0.000000e+00 1.588242e-04 0.000000e+00 0.000000e+00 0.000000e+00 0.000000e+00 0.000000e+00 0.000000e+00 1.052055e-03 0.000000e+00 0.000000e+00 1.077326e-03 5.513602e-03 0.000000e+00 0.000000e+00 1.003355e-03 0.000000e+00 1.943813e-04 0.000000e+00 3.021738e-04 0.000000e+00 6.091062e-04 0.000000e+00 1.936168e-03 0.000000e+00 2.086662e-03 0.000000e+00 6.514292e-01 -4.552061e-01
6.514292e-01 5.239880e-04 0.000000e+00 0.000000e+00 1.588242e-04 0.000000e+00 0.000000e+00 0.000000e+00 0.000000e+00 0.000000e+00 0.000000e+00 1.052055e-03 0.000000e+00 0.000000e+00 1.077326e-03 5.513602e-03 0.000000e+00 0.000000e+00 1.003355e-03 0.000000e+00 1.943813e-04 0.000000e+00 3.021738e-04 0.000000e+00 6.091062e-04 0.000000e+00 1.936168e-03 0.000000e+00 2.086662e-03 0.000000e+00 6.514292e-01 -4.552061e-01
6.485567e-01 5.239880e-04 1.186422e-04 0.000000e+00 1.090464e-03 0.000000e+00 0.000000e+00 2.807759e-04 0.000000e+00 0.000000e+00 5.969986e-06 4.920108e-04 0.000000e+00 0.000000e+00 1.077326e-03 5.513602e-03 0.000000e+00 0.000000e+00 1.003355e-03 0.000000e+00 0.000000e+00 1.900165e-06 3.021738e-04 1.482370e-05 6.091062e-04 0.000000e+00 1.801645e-03 3.292893e-04 0.000000e+00 0.000000e+00 6.485567e-01 -4.507780e-01
6.453768e-01 7.859820e-04 0.000000e+00 0.000000e+00 3.854990e-04 0.000000e+00 0.000000e+00 0.000000e+00 5.136239e-06 2.227284e-04 7.959981e-06 6.671631e-04 1.788766e-03 0.000000e+00 2.693315e-04 0.000000e+00 9.350176e-04 0.000000e+00 3.121267e-04 7.686606e-04 1.529206e-04 0.000000e+00 0.000000e+00 0.000000e+00 6.710829e-04 0.000000e+00 5.531821e-04 0.000000e+00 4.136804e-03 1.471709e-05 6.453768e-01 -4.397655e-01
6.421221e-01 7.859820e-04 2.372844e-04 1.146961e-04 0.000000e+00 0.000000e+00 4.089166e-03 0.000000e+00 1.027248e-05 8.008684e-04 0.000000e+00 1.833191e-03 0.000000e+00 0.000000e+00 1.615989e-03 4.095277e-03 0.000000e+00 0.000000e+00 1.165658e-03 0.000000e+00 0.000000e+00 0.000000e+00 3.021738e-04 0.000000e+00 4.179226e-04 0.000000e+00 0.000000e+00 2.195262e-04 1.036027e-02 2.943418e-05 6.421221e-01 -4.190246e-01
6.396317e-01 3.083498e-04 1.186422e-04 1.146961e-04 1.203801e-03 0.000000e+00 0.000000e+00 5.615518e-04 0.000000e+00 2.642953e-04 9.701227e-06 4.636696e-04 0.000000e+00 0.000000e+00 8.812453e-04 2.756801e-03 0.000000e+00 0.000000e+00 1.003355e-03 0.000000e+00 0.000000e+00 1.900165e-06 1.807585e-02 1.482370e-05 5.110724e-04 2.435096e-05 1.446400e-03 0.000000e+00 0.000000e+00 0.000000e+00 6.396317e-01 -4.005908e-01
6.372651e-01 3.929910e-04 0.000000e+00 0.000000e+00 1.648166e-03 0.000000e+00 1.107610e-02 9.925751e-05 0.000000e+00 5.808749e-04 4.228740e-06 1.251594e-03 7.809088e-03 0.000000e+00 0.000000e+00 3.320519e-03 0.000000e+00 0.000000e+00 9.804996e-04 0.000000e+00 1.579348e-04 0.000000e+00 0.000000e+00 0.000000e+00 7.188458e-04 1.002226e-04 2.426439e-03 4.390523e-04 0.000000e+00 6.639664e-04 6.372651e-01 -3.793143e-01
6.354316e-01 0.000000e+00 5.932110e-05 1.843331e-04 9.964920e-04 0.000000e+00 0.000000e+00 4.956070e-04 0.000000e+00 5.808749e-04 1.193997e-05 2.176641e-04 0.000000e+00 0.000000e+00 3.425822e-04 2.566709e-05 0.000000e+00 0.000000e+00 5.016776e-04 0.000000e+00 0.000000e+00 0.000000e+00 2.384372e-02 0.000000e+00 0.000000e+00 4.586444e-05 0.000000e+00 0.000000e+00 0.000000e+00 0.000000e+00 6.354316e-01 -3.620688e-01
6.346756e-01 6.222358e-04 0.000000e+00 4.505919e-05 3.854990e-04 0.000000e+00 5.464065e-03 0.000000e+00 2.054496e-05 8.511791e-04 7.462482e-06 2.032730e-03 7.809088e-03 0.000000e+00 1.615989e-03 4.069610e-03 0.000000e+00 0.000000e+00 5.204163e-04 0.000000e+00 0.000000e+00 0.000000e+00 0.000000e+00 0.000000e+00 5.117722e-04 4.870191e-05 4.902710e-04 2.195262e-04 1.013169e-03 2.689236e-02 6.346756e-01 -3.493482e-01
6.317646e-01 3.274925e-04 0.000000e+00 1.392739e-04 6.758456e-04 0.000000e+00 0.000000e+00 1.488863e-04 0.000000e+00 4.098096e-04 2.238745e-05 0.000000e+00 0.000000e+00 0.000000e+00 0.000000e+00 5.133418e-05 0.000000e+00 0.000000e+00 0.000000e+00 7.686606e-04 4.035453e-04 0.000000e+00 1.183792e-02 0.000000e+00 4.833839e-04 1.578323e-04 0.000000e+00 0.000000e+00 0.000000e+00 0.000000e+00 6.317646e-01 -3.228470e-01
6.295438e-01 0.000000e+00 0.000000e+00 0.000000e+00 0.000000e+00 0.000000e+00 0.000000e+00 0.000000e+00 0.000000e+00 5.104310e-04 1.591996e-05 3.990765e-04 1.561818e-02 0.000000e+00 0.000000e+00 0.000000e+00 0.000000e+00 0.000000e+00 1.225757e-04 0.000000e+00 0.000000e+00 0.000000e+00 0.000000e+00 0.000000e+00 6.710829e-04 1.100500e-04 9.805420e-04 0.000000e+00 0.000000e+00 1.327933e-03 6.295438e-01 -2.936918e-01
6.278013e-01 3.385647e-04 4.144006e-04 0.000000e+00 6.978397e-04 0.000000e+00 1.479753e-04 5.790021e-05 0.000000e+00 1.299484e-04 0.000000e+00 0.000000e+00 0.000000e+00 0.000000e+00 2.073571e-04 6.980258e-04 0.000000e+00 0.000000e+00 1.264975e-03 1.537321e-03 0.000000e+00 0.000000e+00 0.000000e+00 0.000000e+00 5.463357e-04 9.454770e-05 1.225677e-03 0.000000e+00 1.051304e-03 0.000000e+00 6.278013e-01 -2.719841e-01
6.262069e-01 2.619940e-04 5.046530e-04 0.000000e+00 6.080985e-04 0.000000e+00 0.000000e+00 1.158004e-04 0.000000e+00 6.183531e-04 7.462482e-06 0.000000e+00 0.000000e+00 0.000000e+00 0.000000e+00 4.386165e-03 0.000000e+00 0.000000e+00 1.682870e-04 0.000000e+00 7.289298e-05 0.000000e+00 0.000000e+00 0.000000e+00 4.516038e-04 4.701757e-03 0.000000e+00 4.390523e-04 2.889952e-03 0.000000e+00 6.262069e-01 -2.477367e-01
6.247751e-01 5.239880e-04 0.000000e+00 0.000000e+00 7.875809e-04 0.000000e+00 5.464065e-03 1.158004e-04 0.000000e+00 7.369385e-04 1.492496e-06 1.923897e-03 7.809088e-03 0.000000e+00 2.073571e-04 3.254142e-04 0.000000e+00 0.000000e+00 1.264975e-03 1.537321e-03 0.000000e+00 0.000000e+00 0.000000e+00 0.000000e+00 3.921352e-04 2.576969e-05 1.225677e-03 2.195262e-04 7.123747e-04 2.689236e-02 6.247751e-01 -2.196383e-01
6.227074e-01 0.000000e+00 3.542323e-04 2.785477e-04 8.669930e-04 0.000000e+00 0.000000e+00 6.617167e-05 2.321972e-05 1.511662e-05 0.000000e+00 0.000000e+00 0.000000e+00 0.000000e+00 4.147141e-04 6.980258e-04 0.000000e+00 0.000000e+00 2.006711e-03 0.000000e+00 2.915719e-04 0.000000e+00 0.000000e+00 0.000000e+00 3.785650e-04 1.223810e-05 0.000000e+00 0.000000e+00 2.102607e-03 0.000000e+00 6.227074e-01 -1.951993e-01
6.213555e-01 0.000000e+00 0.000000e+00 3.823204e-05 0.000000e+00 0.000000e+00 0.000000e+00 0.000000e+00 0.000000e+00 0.000000e+00 0.000000e+00 0.000000e+00 1.624640e-02 0.000000e+00 0.000000e+00 0.000000e+00 0.000000e+00 0.000000e+00 6.128786e-05 7.686606e-04 0.000000e+00 1.387718e-04 1.543512e-04 0.000000e+00 0.000000e+00 1.340058e-04 0.000000e+00 0.000000e+00 0.000000e+00 4.031723e-05 6.213555e-01 -1.712443e-01
6.213555e-01 0.000000e+00 0.000000e+00 3.823204e-05 0.000000e+00 0.000000e+00 0.000000e+00 0.000000e+00 0.000000e+00 0.000000e+00 0.000000e+00 0.000000e+00 1.624640e-02 0.000000e+00 0.000000e+00 0.000000e+00 0.000000e+00 0.000000e+00 6.128786e-05 7.686606e-04 0.000000e+00 1.387718e-04 1.543512e-04 0.000000e+00 0.000000e+00 1.340058e-04 0.000000e+00 0.000000e+00 0.000000e+00 4.031723e-05 6.213555e-01 -1.712443e-01
4.535602e-01 0.000000e+00 0.000000e+00 0.000000e+00 0.000000e+00 0.000000e+00 0.000000e+00 0.000000e+00 0.000000e+00 3.523937e-04 0.000000e+00 0.000000e+00 0.000000e+00 0.000000e+00 0.000000e+00 0.000000e+00 0.000000e+00 0.000000e+00 0.000000e+00 0.000000e+00 0.000000e+00 0.000000e+00 0.000000e+00 0.000000e+00 0.000000e+00 0.000000e+00 0.000000e+00 0.000000e+00 0.000000e+00 0.000000e+00 4.535602e-01 -1.241224e-01
4.535602e-01 0.000000e+00 0.000000e+00 0.000000e+00 0.000000e+00 0.000000e+00 0.000000e+00 0.000000e+00 0.000000e+00 3.523937e-04 0.000000e+00 0.000000e+00 0.000000e+00 0.000000e+00 0.000000e+00 0.000000e+00 0.000000e+00 0.000000e+00 0.000000e+00 0.000000e+00 0.000000e+00 0.000000e+00 0.000000e+00 0.000000e+00 0.000000e+00 0.000000e+00 0.000000e+00 0.000000e+00 0.000000e+00 0.000000e+00 4.535602e-01 -1.241224e-01
4.535602e-01 0.000000e+00 0.000000e+00 0.000000e+00 0.000000e+00 0.000000e+00 0.000000e+00 0.000000e+00 0.000000e+00 3.523937e-04 0.000000e+00 0.000000e+00 0.000000e+00 0.000000e+00 0.000000e+00 0.000000e+00 0.000000e+00 0.000000e+00 0.000000e+00 0.000000e+00 0.000000e+00 0.000000e+00 0.000000e+00 0.000000e+00 0.000000e+00 0.000000e+00 0.000000e+00 0.000000e+00 0.000000e+00 0.000000e+00 4.535602e-01 -1.241224e-01
4.535602e-01 0.000000e+00 0.000000e+00 0.000000e+00 0.000000e+00 0.000000e+00 0.000000e+00 0.000000e+00 0.000000e+00 3.523937e-04 0.000000e+00 0.000000e+00 0.000000e+00 0.000000e+00 0.000000e+00 0.000000e+00 0.000000e+00 0.000000e+00 0.000000e+00 0.000000e+00 0.000000e+00 0.000000e+00 0.000000e+00 0.000000e+00 0.000000e+00 0.000000e+00 0.000000e+00 0.000000e+00 0.000000e+00 0.000000e+00 4.535602e-01 -1.241224e-01
4.535602e-01 0.000000e+00 0.000000e+00 0.000000e+00 0.000000e+00 0.000000e+00 0.000000e+00 0.000000e+00 0.000000e+00 3.523937e-04 0.000000e+00 0.000000e+00 0.000000e+00 0.000000e+00 0.000000e+00 0.000000e+00 0.000000e+00 0.000000e+00 0.000000e+00 0.000000e+00 0.000000e+00 0.000000e+00 0.000000e+00 0.000000e+00 0.000000e+00 0.000000e+00 0.000000e+00 0.000000e+00 0.000000e+00 0.000000e+00 4.535602e-01 -1.241224e-01
4.535602e-01 0.000000e+00 0.000000e+00 0.000000e+00 0.000000e+00 0.000000e+00 0.000000e+00 0.000000e+00 0.000000e+00 3.523937e-04 0.000000e+00 0.000000e+00 0.000000e+00 0.000000e+00 0.000000e+00 0.000000e+00 0.000000e+00 0.000000e+00 0.000000e+00 0.000000e+00 0.000000e+00 0.000000e+00 0.000000e+00 0.000000e+00 0.000000e+00 0.000000e+00 0.000000e+00 0.000000e+00 0.000000e+00 0.000000e+00 4.535602e-01 -1.241224e-01
4.469811e-01 0.000000e+00 0.000000e+00 0.000000e+00 0.000000e+00 2.602986e-03 0.000000e+00 0.000000e+00 0.000000e+00 3.523937e-04 0.000000e+00 0.000000e+00 1.216431e-04 0.000000e+00 0.000000e+00 0.000000e+00 0.000000e+00 0.000000e+00 0.000000e+00 0.000000e+00 0.000000e+00 1.377205e-04 0.000000e+00 0.000000e+00 0.000000e+00 0.000000e+00 0.000000e+00 0.000000e+00 0.000000e+00 1.006715e-04 4.469811e-01 -1.128537e-01
4.416228e-01 0.000000e+00 0.000000e+00 0.000000e+00 0.000000e+00 0.000000e+00 0.000000e+00 0.000000e+00 0.000000e+00 3.523937e-04 0.000000e+00 0.000000e+00 0.000000e+00 0.000000e+00 0.000000e+00 0.000000e+00 0.000000e+00 0.000000e+00 0.000000e+00 2.423924e-03 0.000000e+00 0.000000e+00 0.000000e+00 0.000000e+00 0.000000e+00 0.000000e+00 0.000000e+00 0.000000e+00 0.000000e+00 0.000000e+00 4.416228e-01 -9.038872e-02
4.367714e-01 0.000000e+00 0.000000e+00 0.000000e+00 8.791575e-03 0.000000e+00 0.000000e+00 0.000000e+00 0.000000e+00 2.555585e-04 7.227139e-03 0.000000e+00 0.000000e+00 9.291007e-05 0.000000e+00 0.000000e+00 0.000000e+00 0.000000e+00 8.754502e-05 0.000000e+00 0.000000e+00 2.270811e-04 0.000000e+00 0.000000e+00 0.000000e+00 5.555763e-05 0.000000e+00 1.388918e-05 0.000000e+00 1.028592e-04 4.367714e-01 -5.697503e-02
4.345117e-01 0.000000e+00 0.000000e+00 0.000000e+00 1.758315e-02 0.000000e+00 0.000000e+00 0.000000e+00 0.000000e+00 2.407911e-04 0.000000e+00 0.000000e+00 4.559752e-05 8.593694e-05 0.000000e+00 0.000000e+00 0.000000e+00 0.000000e+00 2.188625e-05 0.000000e+00 0.000000e+00 0.000000e+00 0.000000e+00 0.000000e+00 0.000000e+00 2.222305e-04 0.000000e+00 3.703781e-05 0.000000e+00 1.387510e-04 4.345117e-01 -3.943023e-02
4.295712e-01 0.000000e+00 0.000000e+00 0.000000e+00 1.300278e-05 5.205973e-03 0.000000e+00 0.000000e+00 0.000000e+00 7.020343e-05 0.000000e+00 0.000000e+00 3.387932e-04 1.088312e-04 0.000000e+00 0.000000e+00 0.000000e+00 0.000000e+00 0.000000e+00 0.000000e+00 0.000000e+00 1.534900e-04 0.000000e+00 0.000000e+00 0.000000e+00 5.004677e-02 0.000000e+00 2.592646e-04 0.000000e+00 0.000000e+00 4.295712e-01 1.223567e-02
4.256158e-01 0.000000e+00 0.000000e+00 0.000000e+00 2.600555e-05 0.000000e+00 0.000000e+00 0.000000e+00 0.000000e+00 4.934888e-04 0.000000e+00 0.000000e+00 7.082469e-05 3.450806e-05 0.000000e+00 0.000000e+00 0.000000e+00 0.000000e+00 0.000000e+00 0.000000e+00 0.000000e+00 6.097547e-05 0.000000e+00 0.000000e+00 0.000000e+00 0.000000e+00 0.000000e+00 5.555671e-05 0.000000e+00 1.006715e-04 4.256158e-01 4.106184e-02
4.213534e-01 0.000000e+00 0.000000e+00 0.000000e+00 5.201111e-05 0.000000e+00 0.000000e+00 0.000000e+00 0.000000e+00 6.984642e-05 0.000000e+00 0.000000e+00 2.432861e-04 6.901613e-05 0.000000e+00 0.000000e+00 0.000000e+00 0.000000e+00 8.754502e-05 0.000000e+00 0.000000e+00 1.850290e-04 6.174048e-04 0.000000e+00 0.000000e+00 0.000000e+00 0.000000e+00 0.000000e+00 0.000000e+00 1.228602e-04 4.213534e-01 8.925546e-02
4.184082e-01 0.000000e+00 0.000000e+00 0.000000e+00 2.600555e-05 0.000000e+00 0.000000e+00 0.000000e+00 0.000000e+00 3.523937e-04 0.000000e+00 0.000000e+00 1.853144e-04 3.450806e-05 0.000000e+00 0.000000e+00 0.000000e+00 0.000000e+00 8.754502e-05 0.000000e+00 0.000000e+00 1.282587e-04 6.174048e-04 0.000000e+00 0.000000e+00 0.000000e+00 0.000000e+00 5.555671e-05 0.000000e+00 1.006715e-04 4.184082e-01 1.247819e-01
4.143821e-01 0.000000e+00 0.000000e+00 0.000000e+00 5.201111e-05 0.000000e+00 0.000000e+00 0.000000e+00 0.000000e+00 6.984642e-05 0.000000e+00 0.000000e+00 2.351982e-04 6.901613e-05 0.000000e+00 0.000000e+00 0.000000e+00 0.000000e+00 8.754502e-05 0.000000e+00 0.000000e+00 2.270811e-04 1.543512e-04 0.000000e+00 0.000000e+00 0.000000e+00 0.000000e+00 0.000000e+00 0.000000e+00 6.857280e-05 4.143821e-01 1.755549e-01
4.102242e-01 0.000000e+00 0.000000e+00 0.000000e+00 0.000000e+00 0.000000e+00 0.000000e+00 0.000000e+00 0.000000e+00 2.407911e-04 0.000000e+00 0.000000e+00 4.559752e-05 8.593694e-05 0.000000e+00 0.000000e+00 0.000000e+00 0.000000e+00 0.000000e+00 0.000000e+00 0.000000e+00 1.149204e-04 0.000000e+00 0.000000e+00 0.000000e+00 2.222305e-04 0.000000e+00 3.703781e-05 0.000000e+00 1.387510e-04 4.102242e-01 2.301878e-01
2.584578e-01 0.000000e+00 0.000000e+00 0.000000e+00 0.000000e+00 0.000000e+00 0.000000e+00 0.000000e+00 0.000000e+00 7.020343e-05 0.000000e+00 0.000000e+00 2.095525e-04 0.000000e+00 0.000000e+00 0.000000e+00 0.000000e+00 0.000000e+00 4.377251e-05 0.000000e+00 0.000000e+00 1.345666e-04 0.000000e+00 0.000000e+00 0.000000e+00 0.000000e+00 0.000000e+00 0.000000e+00 0.000000e+00 0.000000e+00 2.584578e-01 2.423310e-01
2.584578e-01 0.000000e+00 0.000000e+00 0.000000e+00 0.000000e+00 0.000000e+00 0.000000e+00 0.000000e+00 0.000000e+00 7.020343e-05 0.000000e+00 0.000000e+00 2.095525e-04 0.000000e+00 0.000000e+00 0.000000e+00 0.000000e+00 0.000000e+00 4.377251e-05 0.000000e+00 0.000000e+00 1.345666e-04 0.000000e+00 0.000000e+00 0.000000e+00 0.000000e+00 0.000000e+00 0.000000e+00 0.000000e+00 0.000000e+00 2.584578e-01 2.423310e-01
2.584578e-01 0.000000e+00 0.000000e+00 0.000000e+00 0.000000e+00 0.000000e+00 0.000000e+00 0.000000e+00 0.000000e+00 7.020343e-05 0.000000e+00 0.000000e+00 2.257284e-04 0.000000e+00 0.000000e+00 0.000000e+00 0.000000e+00 0.000000e+00 0.000000e+00 0.000000e+00 0.000000e+00 1.345666e-04 0.000000e+00 0.000000e+00 0.000000e+00 0.000000e+00 0.000000e+00 0.000000e+00 0.000000e+00 0.000000e+00 2.584578e-01 2.423246e-01
2.584578e-01 0.000000e+00 0.000000e+00 0.000000e+00 0.000000e+00 0.000000e+00 0.000000e+00 0.000000e+00 0.000000e+00 7.020343e-05 0.000000e+00 0.000000e+00 2.257284e-04 0.000000e+00 0.000000e+00 0.000000e+00 0.000000e+00 0.000000e+00 0.000000e+00 0.000000e+00 0.000000e+00 1.345666e-04 0.000000e+00 0.000000e+00 0.000000e+00 0.000000e+00 0.000000e+00 0.000000e+00 0.000000e+00 0.000000e+00 2.584578e-01 2.423246e-01
2.584578e-01 0.000000e+00 0.000000e+00 0.000000e+00 0.000000e+00 0.000000e+00 0.000000e+00 0.000000e+00 0.000000e+00 7.020343e-05 0.000000e+00 0.000000e+00 2.257284e-04 0.000000e+00 0.000000e+00 0.000000e+00 0.000000e+00 0.000000e+00 0.000000e+00 0.000000e+00 0.000000e+00 1.345666e-04 0.000000e+00 0.000000e+00 0.000000e+00 0.000000e+00 0.000000e+00 0.000000e+00 0.000000e+00 0.000000e+00 2.584578e-01 2.423246e-01
2.584578e-01 0.000000e+00 0.000000e+00 0.000000e+00 0.000000e+00 0.000000e+00 0.000000e+00 0.000000e+00 0.000000e+00 7.020343e-05 0.000000e+00 0.000000e+00 2.257284e-04 0.000000e+00 0.000000e+00 0.000000e+00 0.000000e+00 0.000000e+00 0.000000e+00 0.000000e+00 0.000000e+00 1.345666e-04 0.000000e+00 0.000000e+00 0.000000e+00 0.000000e+00 0.000000e+00 0.000000e+00 0.000000e+00 0.000000e+00 2.584578e-01 2.423246e-01
2.563789e-01 0.000000e+00 0.000000e+00 0.000000e+00 0.000000e+00 0.000000e+00 0.000000e+00 0.000000e+00 0.000000e+00 1.556758e-04 0.000000e+00 0.000000e+00 1.309280e-04 8.460410e-06 0.000000e+00 0.000000e+00 0.000000e+00 0.000000e+00 4.377251e-05 0.000000e+00 0.000000e+00 7.848620e-05 0.000000e+00 0.000000e+00 0.000000e+00 1.111153e-04 0.000000e+00 0.000000e+00 0.000000e+00 3.508908e-05 2.563789e-01 2.425439e-01
2.440574e-01 0.000000e+00 9.878913e-04 0.000000e+00 0.000000e+00 0.000000e+00 0.000000e+00 0.000000e+00 0.000000e+00 3.510171e-05 0.000000e+00 0.000000e+00 4.169533e-04 4.578861e-05 0.000000e+00 0.000000e+00 0.000000e+00 0.000000e+00 0.000000e+00 0.000000e+00 0.000000e+00 1.682082e-04 0.000000e+00 0.000000e+00 0.000000e+00 0.000000e+00 0.000000e+00 0.000000e+00 0.000000e+00 5.058104e-04 2.440574e-01 2.666666e-01
2.344771e-01 0.000000e+00 0.000000e+00 0.000000e+00 0.000000e+00 0.000000e+00 0.000000e+00 0.000000e+00 0.000000e+00 1.053051e-04 0.000000e+00 0.000000e+00 2.176404e-04 0.000000e+00 0.000000e+00 0.000000e+00 0.000000e+00 0.000000e+00 0.000000e+00 0.000000e+00 0.000000e+00 6.728328e-05 0.000000e+00 0.000000e+00 0.000000e+00 0.000000e+00 0.000000e+00 0.000000e+00 0.000000e+00 0.000000e+00 2.344771e-01 3.087195e-01
2.249421e-01 0.000000e+00 0.000000e+00 0.000000e+00 0.000000e+00 0.000000e+00 0.000000e+00 0.000000e+00 0.000000e+00 0.000000e+00 0.000000e+00 0.000000e+00 2.257284e-04 0.000000e+00 0.000000e+00 0.000000e+00 0.000000e+00 0.000000e+00 0.000000e+00 0.000000e+00 0.000000e+00 3.784684e-04 0.000000e+00 0.000000e+00 0.000000e+00 0.000000e+00 0.000000e+00 0.000000e+00 0.000000e+00 5.058104e-04 2.249421e-01 3.672138e-01
2.143517e-01 0.000000e+00 0.000000e+00 0.000000e+00 0.000000e+00 0.000000e+00 0.000000e+00 0.000000e+00 0.000000e+00 1.789499e-05 0.000000e+00 0.000000e+00 2.171860e-04 0.000000e+00 0.000000e+00 0.000000e+00 0.000000e+00 0.000000e+00 0.000000e+00 0.000000e+00 0.000000e+00 2.691331e-04 0.000000e+00 0.000000e+00 0.000000e+00 0.000000e+00 0.000000e+00 0.000000e+00 0.000000e+00 0.000000e+00 2.143517e-01 4.437353e-01
2.062635e-01 0.000000e+00 0.000000e+00 0.000000e+00 0.000000e+00 0.000000e+00 0.000000e+00 0.000000e+00 0.000000e+00 0.000000e+00 0.000000e+00 0.000000e+00 4.250412e-04 8.053046e-05 0.000000e+00 0.000000e+00 0.000000e+00 0.000000e+00 0.000000e+00 0.000000e+00 0.000000e+00 2.354915e-04 0.000000e+00 0.000000e+00 0.000000e+00 0.000000e+00 0.000000e+00 0.000000e+00 0.000000e+00 0.000000e+00 2.062635e-01 5.056899e-01
1.964493e-01 0.000000e+00 0.000000e+00 0.000000e+00 0.000000e+00 0.000000e+00 0.000000e+00 0.000000e+00 0.000000e+00 1.314594e-04 0.000000e+00 0.000000e+00 2.176404e-04 0.000000e+00 0.000000e+00 0.000000e+00 0.000000e+00 0.000000e+00 4.347618e-04 0.000000e+00 0.000000e+00 6.728328e-05 0.000000e+00 0.000000e+00 0.000000e+00 0.000000e+00 0.000000e+00 0.000000e+00 0.000000e+00 0.000000e+00 1.964493e-01 5.788478e-01
8.294745e-02 0.000000e+00 0.000000e+00 0.000000e+00 0.000000e+00 0.000000e+00 0.000000e+00 0.000000e+00 0.000000e+00 0.000000e+00 0.000000e+00 0.000000e+00 2.257284e-04 0.000000e+00 0.000000e+00 0.000000e+00 0.000000e+00 0.000000e+00 0.000000e+00 0.000000e+00 0.000000e+00 2.691331e-04 0.000000e+00 0.000000e+00 0.000000e+00 0.000000e+00 0.000000e+00 0.000000e+00 0.000000e+00 0.000000e+00 8.294745e-02 6.697840e-01
8.294745e-02 0.000000e+00 0.000000e+00 0.000000e+00 0.000000e+00 0.000000e+00 0.000000e+00 0.000000e+00 0.000000e+00 0.000000e+00 0.000000e+00 0.000000e+00 2.257284e-04 0.000000e+00 0.000000e+00 0.000000e+00 0.000000e+00 0.000000e+00 0.000000e+00 0.000000e+00 0.000000e+00 2.691331e-04 0.000000e+00 0.000000e+00 0.000000e+00 0.000000e+00 0.000000e+00 0.000000e+00 0.000000e+00 0.000000e+00 8.294745e-02 6.697840e-01
8.294745e-02 0.000000e+00 0.000000e+00 0.000000e+00 0.000000e+00 0.000000e+00 0.000000e+00 0.000000e+00 0.000000e+00 0.000000e+00 0.000000e+00 0.000000e+00 2.257284e-04 0.000000e+00 0.000000e+00 0.000000e+00 0.000000e+00 0.000000e+00 0.000000e+00 0.000000e+00 0.000000e+00 2.691331e-04 0.000000e+00 0.000000e+00 0.000000e+00 0.000000e+00 0.000000e+00 0.000000e+00 0.000000e+00 0.000000e+00 8.294745e-02 6.697840e-01
8.294745e-02 0.000000e+00 0.000000e+00 0.000000e+00 0.000000e+00 0.000000e+00 0.000000e+00 0.000000e+00 0.000000e+00 0.000000e+00 0.000000e+00 0.000000e+00 2.257284e-04 0.000000e+00 0.000000e+00 0.000000e+00 0.000000e+00 0.000000e+00 0.000000e+00 0.000000e+00 0.000000e+00 2.691331e-04 0.000000e+00 0.000000e+00 0.000000e+00 0.000000e+00 0.000000e+00 0.000000e+00 0.000000e+00 0.000000e+00 8.294745e-02 6.697840e-01
8.294745e-02 0.000000e+00 0.000000e+00 0.000000e+00 0.000000e+00 0.000000e+00 0.000000e+00 0.000000e+00 0.000000e+00 0.000000e+00 0.000000e+00 0.000000e+00 2.257284e-04 0.000000e+00 0.000000e+00 0.000000e+00 0.000000e+00 0.000000e+00 0.000000e+00 0.000000e+00 0.000000e+00 2.691331e-04 0.000000e+00 0.000000e+00 0.000000e+00 0.000000e+00 0.000000e+00 0.000000e+00 0.000000e+00 0.000000e+00 8.294745e-02 6.697840e-01
7.576636e-02 0.000000e+00 0.000000e+00 0.000000e+00 0.000000e+00 0.000000e+00 0.000000e+00 0.000000e+00 0.000000e+00 1.404069e-04 0.000000e+00 0.000000e+00 3.989411e-04 8.053046e-05 0.000000e+00 0.000000e+00 0.000000e+00 0.000000e+00 0.000000e+00 0.000000e+00 0.000000e+00 2.354915e-04 0.000000e+00 0.000000e+00 0.000000e+00 0.000000e+00 0.000000e+00 0.000000e+00 0.000000e+00 0.000000e+00 7.576636e-02 6.727024e-01
5.698556e-02 0.000000e+00 0.000000e+00 0.000000e+00 0.000000e+00 0.000000e+00 0.000000e+00 0.000000e+00 0.000000e+00 2.544874e-04 0.000000e+00 0.000000e+00 2.257284e-04 0.000000e+00 0.000000e+00 0.000000e+00 0.000000e+00 0.000000e+00 0.000000e+00 0.000000e+00 0.000000e+00 2.775435e-04 0.000000e+00 0.000000e+00 0.000000e+00 0.000000e+00 0.000000e+00 0.000000e+00 0.000000e+00 1.379483e-04 5.698556e-02 7.059095e-01
3.886542e-02 0.000000e+00 0.000000e+00 0.000000e+00 0.000000e+00 0.000000e+00 0.000000e+00 0.000000e+00 0.000000e+00 0.000000e+00 0.000000e+00 0.000000e+00 3.818563e-04 1.034248e-04 0.000000e+00 0.000000e+00 0.000000e+00 0.000000e+00 0.000000e+00 0.000000e+00 0.000000e+00 0.000000e+00 0.000000e+00 0.000000e+00 0.000000e+00 0.000000e+00 0.000000e+00 0.000000e+00 0.000000e+00 0.000000e+00 3.886542e-02 7.664809e-01
1.987652e-02 0.000000e+00 0.000000e+00 0.000000e+00 0.000000e+00 0.000000e+00 0.000000e+00 0.000000e+00 0.000000e+00 1.720672e-05 0.000000e+00 0.000000e+00 2.952499e-04 6.315953e-05 0.000000e+00 0.000000e+00 0.000000e+00 0.000000e+00 2.173809e-04 0.000000e+00 0.000000e+00 1.682082e-05 0.000000e+00 0.000000e+00 0.000000e+00 0.000000e+00 0.000000e+00 0.000000e+00 0.000000e+00 0.000000e+00 1.987652e-02 8.475712e-01
0.000000e+00 0.000000e+00 0.000000e+00 0.000000e+00 2.709823e-05 0.000000e+00 0.000000e+00 0.000000e+00 0.000000e+00 2.106103e-04 0.000000e+00 0.000000e+00 8.700051e-05 0.000000e+00 0.000000e+00 0.000000e+00 0.000000e+00 0.000000e+00 0.000000e+00 0.000000e+00 0.000000e+00 0.000000e+00 0.000000e+00 0.000000e+00 0.000000e+00 0.000000e+00 0.000000e+00 0.000000e+00 0.000000e+00 0.000000e+00 0.000000e+00 1.000101e+00
