8.517364e-01 4.592188e-03 0.000000e+00 0.000000e+00 7.527047e-04 0.000000e+00 3.937512e-04 1.160804e-03 0.000000e+00 3.690615e-04 0.000000e+00 5.427193e-03 0.000000e+00 3.236623e-04 7.381515e-04 1.993065e-03 6.508396e-03 0.000000e+00 3.129435e-03 5.613307e-03 2.916107e-03 3.650037e-06 0.000000e+00 0.000000e+00 0.000000e+00 0.000000e+00 0.000000e+00 5.580494e-05 0.000000e+00 0.000000e+00 8.517364e-01 -7.676735e-01
8.474637e-01 6.409674e-03 0.000000e+00 0.000000e+00 3.586831e-04 1.163451e-03 0.000000e+00 1.365034e-03 0.000000e+00 0.000000e+00 2.105411e-04 4.934985e-06 1.320723e-03 4.119771e-03 0.000000e+00 1.486300e-03 4.163882e-04 2.384129e-03 0.000000e+00 1.568451e-02 0.000000e+00 0.000000e+00 1.113553e-03 0.000000e+00 6.424922e-04 9.577829e-04 0.000000e+00 1.911651e-04 0.000000e+00 0.000000e+00 8.474637e-01 -7.590009e-01
8.450957e-01 0.000000e+00 0.000000e+00 0.000000e+00 3.586831e-04 0.000000e+00 1.079923e-02 0.000000e+00 0.000000e+00 5.119327e-03 2.702568e-04 6.470999e-05 0.000000e+00 0.000000e+00 2.457495e-04 4.889126e-04 4.203075e-03 1.449996e-03 0.000000e+00 0.000000e+00 0.000000e+00 0.000000e+00 1.113553e-03 6.163979e-03 6.424922e-04 0.000000e+00 0.000000e+00 4.511315e-04 3.249574e-03 0.000000e+00 8.450957e-01 -7.485569e-01
8.435060e-01 3.767225e-03 0.000000e+00 1.575044e-02 4.524858e-03 0.000000e+00 0.000000e+00 1.569264e-03 2.807753e-04 0.000000e+00 2.996026e-04 3.403846e-03 1.987108e-03 0.000000e+00 5.745603e-04 1.857875e-03 5.080719e-03 1.070270e-03 0.000000e+00 0.000000e+00 0.000000e+00 0.000000e+00 4.466750e-04 0.000000e+00 5.386184e-04 0.000000e+00 0.000000e+00 0.000000e+00 0.000000e+00 0.000000e+00 8.435060e-01 -7.375135e-01
8.418997e-01 4.515185e-03 0.000000e+00 0.000000e+00 1.492541e-02 1.163451e-03 0.000000e+00 1.160804e-03 0.000000e+00 2.559663e-03 9.080242e-05 0.000000e+00 0.000000e+00 4.119771e-03 1.711156e-04 3.569035e-04 0.000000e+00 0.000000e+00 0.000000e+00 1.223983e-02 0.000000e+00 1.035711e-04 7.801142e-04 0.000000e+00 2.297754e-03 6.385219e-04 0.000000e+00 0.000000e+00 1.755409e-03 0.000000e+00 8.418997e-01 -7.244389e-01
8.405950e-01 4.592188e-03 0.000000e+00 0.000000e+00 2.262429e-03 1.179474e-05 0.000000e+00 2.619852e-04 0.000000e+00 3.690615e-04 5.263527e-05 1.055016e-03 0.000000e+00 0.000000e+00 7.381515e-04 4.889126e-04 2.556794e-03 0.000000e+00 0.000000e+00 6.995430e-03 0.000000e+00 1.635420e-04 0.000000e+00 0.000000e+00 2.157605e-04 1.995381e-04 0.000000e+00 5.580494e-05 3.510818e-03 0.000000e+00 8.405950e-01 -7.170479e-01
8.391774e-01 2.175352e-05 0.000000e+00 0.000000e+00 4.149756e-04 0.000000e+00 5.426388e-03 0.000000e+00 0.000000e+00 0.000000e+00 0.000000e+00 0.000000e+00 0.000000e+00 0.000000e+00 6.395914e-05 0.000000e+00 0.000000e+00 2.591231e-03 0.000000e+00 7.530643e-03 0.000000e+00 0.000000e+00 0.000000e+00 1.187312e-03 1.057987e-03 6.385219e-04 0.000000e+00 1.911651e-04 1.886031e-03 0.000000e+00 8.391774e-01 -7.036656e-01
8.378999e-01 3.336455e-03 0.000000e+00 0.000000e+00 4.712680e-04 0.000000e+00 2.984275e-03 6.519424e-04 8.182616e-03 2.251432e-03 1.347188e-04 3.605523e-03 5.319031e-03 0.000000e+00 2.393076e-03 3.494662e-04 1.665553e-03 7.467388e-04 0.000000e+00 7.354329e-06 7.859915e-04 1.068141e-03 0.000000e+00 4.515642e-04 2.385284e-03 0.000000e+00 0.000000e+00 0.000000e+00 0.000000e+00 0.000000e+00 8.378999e-01 -6.872481e-01
8.368822e-01 0.000000e+00 0.000000e+00 0.000000e+00 4.317370e-03 1.742950e-03 1.130149e-02 1.160804e-03 3.305732e-03 1.279832e-03 0.000000e+00 0.000000e+00 1.338793e-03 0.000000e+00 5.154172e-04 3.198044e-04 5.035851e-03 2.259435e-03 0.000000e+00 0.000000e+00 0.000000e+00 1.617170e-04 0.000000e+00 7.131393e-03 4.709734e-04 0.000000e+00 0.000000e+00 5.580494e-05 0.000000e+00 0.000000e+00 8.368822e-01 -6.748099e-01
8.357439e-01 1.134368e-03 0.000000e+00 0.000000e+00 0.000000e+00 2.358947e-05 1.979761e-03 0.000000e+00 1.403877e-04 0.000000e+00 1.522590e-04 0.000000e+00 3.986262e-03 0.000000e+00 5.879808e-04 1.124471e-04 0.000000e+00 0.000000e+00 0.000000e+00 6.263926e-03 0.000000e+00 5.959903e-04 0.000000e+00 0.000000e+00 1.006050e-03 7.183372e-04 0.000000e+00 0.000000e+00 1.711868e-03 0.000000e+00 8.357439e-01 -6.644005e-01
8.350797e-01 6.398797e-03 0.000000e+00 0.000000e+00 1.698035e-02 1.151656e-03 1.961658e-04 1.365034e-03 0.000000e+00 2.559663e-03 1.498013e-04 0.000000e+00 1.320723e-03 4.119771e-03 0.000000e+00 3.410621e-03 0.000000e+00 1.483401e-03 0.000000e+00 1.223983e-02 0.000000e+00 0.000000e+00 1.336891e-03 3.015673e-03 2.115974e-03 6.385219e-04 0.000000e+00 0.000000e+00 0.000000e+00 0.000000e+00 8.350797e-01 -6.489408e-01
8.339402e-01 1.134368e-03 0.000000e+00 0.000000e+00 2.366173e-03 1.602487e-03 6.893254e-03 9.809521e-04 0.000000e+00 0.000000e+00 4.698846e-05 0.000000e+00 5.381243e-03 5.735484e-03 5.879808e-04 9.972439e-05 0.000000e+00 0.000000e+00 0.000000e+00 3.499681e-03 4.799959e-04 4.142845e-04 7.402531e-03 1.183551e-03 5.745294e-04 0.000000e+00 0.000000e+00 3.358261e-04 3.483248e-04 0.000000e+00 8.339402e-01 -6.366302e-01
8.326546e-01 3.767225e-03 0.000000e+00 0.000000e+00 4.524858e-03 0.000000e+00 1.031286e-03 0.000000e+00 0.000000e+00 0.000000e+00 2.545598e-04 6.631186e-05 2.677586e-03 0.000000e+00 1.175962e-03 0.000000e+00 3.415166e-03 2.140540e-03 0.000000e+00 1.015726e-04 0.000000e+00 0.000000e+00 4.466750e-04 0.000000e+00 5.386184e-04 1.596305e-04 0.000000e+00 0.000000e+00 1.741624e-04 0.000000e+00 8.326546e-01 -6.210994e-01
8.318313e-01 0.000000e+00 0.000000e+00 0.000000e+00 3.586831e-04 1.695772e-03 1.079923e-02 0.000000e+00 0.000000e+00 5.119327e-03 3.595232e-04 2.608967e-03 5.331078e-03 3.752792e-03 1.947831e-03 1.750318e-03 0.000000e+00 0.000000e+00 0.000000e+00 1.319674e-03 0.000000e+00 3.506772e-04 4.656895e-03 6.163979e-03 6.424922e-04 0.000000e+00 0.000000e+00 1.464880e-03 0.000000e+00 0.000000e+00 8.318313e-01 -6.038305e-01
8.311535e-01 5.116912e-04 0.000000e+00 0.000000e+00 4.524858e-03 1.886412e-03 0.000000e+00 3.122708e-03 2.010557e-03 0.000000e+00 3.306893e-04 0.000000e+00 0.000000e+00 0.000000e+00 4.314933e-03 5.622357e-05 0.000000e+00 8.126916e-04 0.000000e+00 2.439047e-04 0.000000e+00 2.360903e-03 0.000000e+00 0.000000e+00 9.297569e-04 0.000000e+00 0.000000e+00 1.818643e-04 0.000000e+00 0.000000e+00 8.311535e-01 -5.977528e-01
8.299076e-01 2.827763e-03 0.000000e+00 0.000000e+00 0.000000e+00 1.244327e-03 0.000000e+00 1.365034e-03 7.812674e-03 1.550372e-03 1.069090e-04 1.535082e-03 2.678575e-03 4.259760e-03 1.636024e-03 1.249329e-03 0.000000e+00 1.483401e-03 0.000000e+00 9.662462e-04 0.000000e+00 8.648964e-04 1.745568e-03 0.000000e+00 2.885108e-03 6.385219e-04 0.000000e+00 1.818643e-04 0.000000e+00 2.026053e-05 8.299076e-01 -5.750458e-01
8.290916e-01 1.400437e-03 0.000000e+00 0.000000e+00 4.524858e-03 1.530757e-03 3.033316e-03 0.000000e+00 0.000000e+00 9.883491e-05 0.000000e+00 0.000000e+00 0.000000e+00 3.075311e-03 0.000000e+00 8.301516e-04 7.792870e-05 0.000000e+00 0.000000e+00 0.000000e+00 1.443815e-03 9.192127e-04 5.029733e-03 4.749247e-03 3.068321e-04 0.000000e+00 0.000000e+00 0.000000e+00 0.000000e+00 3.039080e-05 8.290916e-01 -5.625347e-01
8.278811e-01 1.384356e-04 0.000000e+00 0.000000e+00 0.000000e+00 1.993978e-03 1.961658e-04 0.000000e+00 0.000000e+00 4.723987e-03 1.198411e-04 3.136475e-03 0.000000e+00 1.263942e-03 2.096087e-03 3.129360e-03 5.119111e-05 6.647063e-04 0.000000e+00 1.657318e-03 0.000000e+00 0.000000e+00 3.089521e-03 0.000000e+00 2.569969e-03 0.000000e+00 0.000000e+00 8.762702e-04 0.000000e+00 0.000000e+00 8.278811e-01 -5.414408e-01
8.274674e-01 6.740160e-04 0.000000e+00 0.000000e+00 0.000000e+00 1.937007e-03 6.066632e-03 0.000000e+00 1.562535e-02 0.000000e+00 0.000000e+00 0.000000e+00 0.000000e+00 4.977700e-03 0.000000e+00 0.000000e+00 0.000000e+00 0.000000e+00 0.000000e+00 1.150255e-04 0.000000e+00 5.937090e-04 5.658324e-03 1.004270e-03 1.172757e-03 0.000000e+00 0.000000e+00 1.818643e-04 0.000000e+00 3.039080e-05 8.274674e-01 -5.318620e-01
8.261120e-01 2.557628e-03 0.000000e+00 0.000000e+00 0.000000e+00 3.243103e-04 6.066632e-03 0.000000e+00 0.000000e+00 1.180997e-03 0.000000e+00 0.000000e+00 0.000000e+00 4.977700e-03 0.000000e+00 0.000000e+00 0.000000e+00 0.000000e+00 0.000000e+00 8.984654e-04 0.000000e+00 8.648964e-04 4.248302e-03 7.165149e-04 0.000000e+00 0.000000e+00 0.000000e+00 1.177219e-03 0.000000e+00 0.000000e+00 8.261120e-01 -5.092003e-01
8.256370e-01 1.083935e-02 0.000000e+00 2.738041e-03 0.000000e+00 2.237593e-04 0.000000e+00 0.000000e+00 0.000000e+00 5.119327e-03 2.996026e-04 7.675408e-04 1.339287e-03 5.220753e-03 4.328353e-03 6.246644e-04 3.589846e-05 8.126916e-04 0.000000e+00 1.146245e-03 0.000000e+00 6.100994e-04 3.617117e-03 6.253544e-03 5.268130e-03 3.761091e-04 8.817286e-04 0.000000e+00 0.000000e+00 2.777909e-05 8.256370e-01 -4.954390e-01
8.244532e-01 7.645435e-03 0.000000e+00 1.922950e-03 0.000000e+00 1.389678e-04 0.000000e+00 0.000000e+00 0.000000e+00 1.748042e-03 0.000000e+00 5.791637e-04 1.270558e-03 4.549813e-04 0.000000e+00 0.000000e+00 1.558574e-04 4.028523e-04 0.000000e+00 4.153423e-04 9.676464e-04 1.617194e-03 3.808472e-03 7.165149e-04 2.237734e-04 0.000000e+00 0.000000e+00 3.637285e-04 0.000000e+00 2.026053e-05 8.244532e-01 -4.770604e-01
6.535200e-01 2.013194e-03 0.000000e+00 0.000000e+00 0.000000e+00 1.919003e-03 4.412982e-03 0.000000e+00 0.000000e+00 0.000000e+00 0.000000e+00 0.000000e+00 0.000000e+00 5.355199e-04 0.000000e+00 0.000000e+00 1.017045e-05 4.028523e-04 0.000000e+00 9.662462e-04 0.000000e+00 8.648964e-04 4.980395e-03 0.000000e+00 1.172757e-03 0.000000e+00 0.000000e+00 3.043009e-04 0.000000e+00 1.535368e-05 6.535200e-01 -4.546771e-01
6.535200e-01 2.013194e-03 0.000000e+00 0.000000e+00 0.000000e+00 1.919003e-03 4.412982e-03 0.000000e+00 0.000000e+00 0.000000e+00 0.000000e+00 0.000000e+00 0.000000e+00 5.355199e-04 0.000000e+00 0.000000e+00 1.017045e-05 4.028523e-04 0.000000e+00 9.662462e-04 0.000000e+00 8.648964e-04 4.980395e-03 0.000000e+00 1.172757e-03 0.000000e+00 0.000000e+00 3.043009e-04 0.000000e+00 1.535368e-05 6.535200e-01 -4.546771e-01
6.535200e-01 2.013194e-03 0.000000e+00 0.000000e+00 0.000000e+00 1.919003e-03 4.412982e-03 0.000000e+00 0.000000e+00 0.000000e+00 0.000000e+00 0.000000e+00 0.000000e+00 5.355199e-04 0.000000e+00 0.000000e+00 1.017045e-05 4.028523e-04 0.000000e+00 9.662462e-04 0.000000e+00 8.648964e-04 4.980395e-03 0.000000e+00 1.172757e-03 0.000000e+00 0.000000e+00 3.043009e-04 0.000000e+00 1.535368e-05 6.535200e-01 -4.546771e-01
6.535200e-01 2.013194e-03 0.000000e+00 0.000000e+00 0.000000e+00 1.919003e-03 4.412982e-03 0.000000e+00 0.000000e+00 0.000000e+00 0.000000e+00 0.000000e+00 0.000000e+00 5.355199e-04 0.000000e+00 0.000000e+00 1.017045e-05 4.028523e-04 0.000000e+00 9.662462e-04 0.000000e+00 8.648964e-04 4.980395e-03 0.000000e+00 1.172757e-03 0.000000e+00 0.000000e+00 3.043009e-04 0.000000e+00 1.535368e-05 6.535200e-01 -4.546771e-01
6.498591e-01 1.043207e-02 2.252120e-03 2.738041e-03 0.000000e+00 5.610971e-04 0.000000e+00 2.112444e-04 0.000000e+00 0.000000e+00 1.198411e-04 0.000000e+00 0.000000e+00 0.000000e+00 8.031542e-04 0.000000e+00 5.914641e-04 6.654931e-04 0.000000e+00 1.146245e-03 0.000000e+00 6.100994e-04 5.234530e-03 5.373862e-04 4.411955e-03 5.684817e-05 0.000000e+00 1.932826e-03 0.000000e+00 2.532566e-05 6.498591e-01 -4.499917e-01
6.454041e-01 8.106992e-04 7.037876e-04 3.291971e-03 0.000000e+00 0.000000e+00 0.000000e+00 4.540539e-04 0.000000e+00 0.000000e+00 0.000000e+00 0.000000e+00 0.000000e+00 0.000000e+00 4.015771e-04 3.790551e-04 1.668576e-04 2.679027e-04 2.748715e-03 0.000000e+00 0.000000e+00 0.000000e+00 3.970293e-03 8.259115e-04 2.204679e-03 1.421204e-05 0.000000e+00 1.030066e-03 0.000000e+00 4.020449e-05 6.454041e-01 -4.388416e-01
6.423703e-01 2.052050e-03 0.000000e+00 7.003143e-04 9.028099e-03 0.000000e+00 0.000000e+00 8.913615e-05 0.000000e+00 0.000000e+00 0.000000e+00 0.000000e+00 0.000000e+00 6.048740e-04 3.712050e-03 0.000000e+00 1.558574e-04 3.046570e-04 0.000000e+00 8.465100e-04 0.000000e+00 1.161751e-03 0.000000e+00 7.165149e-04 0.000000e+00 0.000000e+00 8.817286e-04 8.217945e-04 2.435683e-02 2.026053e-05 6.423703e-01 -4.170122e-01
6.396491e-01 5.667297e-03 1.407575e-03 2.330261e-03 0.000000e+00 3.603196e-04 3.307301e-03 0.000000e+00 0.000000e+00 0.000000e+00 0.000000e+00 0.000000e+00 0.000000e+00 2.782700e-04 0.000000e+00 0.000000e+00 1.355165e-04 2.251783e-04 0.000000e+00 0.000000e+00 7.654689e-06 9.697307e-03 5.499259e-03 6.167151e-04 0.000000e+00 0.000000e+00 0.000000e+00 9.323455e-04 0.000000e+00 5.033476e-05 6.396491e-01 -4.002147e-01
6.371910e-01 9.138887e-04 2.428067e-03 2.227534e-03 0.000000e+00 5.249959e-05 1.799741e-02 1.059558e-03 0.000000e+00 0.000000e+00 0.000000e+00 1.324062e-03 0.000000e+00 0.000000e+00 4.015771e-04 0.000000e+00 2.557477e-04 2.161520e-04 0.000000e+00 0.000000e+00 0.000000e+00 1.297345e-03 5.049316e-03 8.489257e-04 0.000000e+00 0.000000e+00 0.000000e+00 1.516595e-03 0.000000e+00 3.039080e-05 6.371910e-01 -3.778814e-01
6.371910e-01 9.138887e-04 2.428067e-03 2.227534e-03 0.000000e+00 5.249959e-05 1.799741e-02 1.059558e-03 0.000000e+00 0.000000e+00 0.000000e+00 1.324062e-03 0.000000e+00 0.000000e+00 4.015771e-04 0.000000e+00 2.557477e-04 2.161520e-04 0.000000e+00 0.000000e+00 0.000000e+00 1.297345e-03 5.049316e-03 8.489257e-04 0.000000e+00 0.000000e+00 0.000000e+00 1.516595e-03 0.000000e+00 3.039080e-05 6.371910e-01 -3.778814e-01
6.335090e-01 4.660507e-03 1.126060e-03 2.388791e-03 0.000000e+00 3.411085e-04 0.000000e+00 0.000000e+00 0.000000e+00 0.000000e+00 0.000000e+00 0.000000e+00 0.000000e+00 0.000000e+00 0.000000e+00 5.577866e-04 3.558737e-05 5.305435e-04 0.000000e+00 5.925178e-04 3.061876e-05 6.100994e-04 4.831701e-03 7.035518e-04 4.411955e-03 1.279084e-04 1.997666e-04 1.869631e-03 0.000000e+00 2.861009e-05 6.335090e-01 -3.419960e-01
6.318550e-01 0.000000e+00 1.689090e-03 1.922950e-03 0.000000e+00 3.243103e-04 0.000000e+00 3.484317e-04 0.000000e+00 0.000000e+00 2.981993e-04 0.000000e+00 0.000000e+00 6.872799e-04 0.000000e+00 3.790551e-04 3.301419e-04 1.032309e-04 2.748715e-03 8.278806e-04 0.000000e+00 1.187461e-05 3.843226e-03 1.084619e-03 5.850803e-04 5.684817e-05 0.000000e+00 8.849899e-04 0.000000e+00 0.000000e+00 6.318550e-01 -3.238196e-01
6.297813e-01 1.481430e-02 2.815150e-04 1.412914e-03 0.000000e+00 0.000000e+00 0.000000e+00 0.000000e+00 0.000000e+00 0.000000e+00 1.198411e-04 8.795313e-06 0.000000e+00 6.211825e-04 0.000000e+00 1.270406e-03 8.114026e-05 1.688911e-04 0.000000e+00 6.409572e-04 0.000000e+00 5.358529e-04 1.307391e-03 1.614881e-04 2.210040e-03 4.046966e-05 1.928781e-04 7.005521e-04 6.102926e-05 2.432451e-04 6.297813e-01 -2.958734e-01
6.283639e-01 0.000000e+00 2.604014e-03 2.927689e-04 0.000000e+00 3.513446e-04 0.000000e+00 2.119117e-03 0.000000e+00 0.000000e+00 0.000000e+00 2.648123e-03 4.829736e-03 3.105913e-04 0.000000e+00 5.994642e-05 5.312595e-04 8.444555e-05 0.000000e+00 0.000000e+00 0.000000e+00 3.443868e-03 7.091251e-04 1.966057e-04 1.045983e-03 7.708300e-05 0.000000e+00 3.502760e-04 1.525731e-04 1.573159e-04 6.283639e-01 -2.776604e-01
6.265940e-01 0.000000e+00 8.445451e-04 7.857937e-04 0.000000e+00 7.082390e-04 0.000000e+00 6.496159e-04 0.000000e+00 6.864604e-09 4.472990e-04 4.770793e-04 0.000000e+00 7.920423e-04 6.163027e-04 6.728246e-04 3.301419e-04 1.104451e-04 1.374357e-03 8.400996e-04 0.000000e+00 0.000000e+00 5.411743e-03 4.909998e-04 4.782470e-02 1.204557e-05 0.000000e+00 0.000000e+00 0.000000e+00 2.602212e-04 6.265940e-01 -2.444846e-01
6.250848e-01 0.000000e+00 8.445451e-04 2.927689e-04 0.000000e+00 3.243103e-04 0.000000e+00 0.000000e+00 0.000000e+00 2.745841e-08 1.490997e-04 0.000000e+00 0.000000e+00 3.436400e-04 0.000000e+00 1.964574e-03 1.958806e-04 0.000000e+00 6.871787e-03 4.437958e-04 0.000000e+00 0.000000e+00 3.843226e-03 7.621234e-04 0.000000e+00 7.106021e-05 1.377701e-04 4.424949e-04 0.000000e+00 5.124490e-04 6.250848e-01 -2.305702e-01
6.232230e-01 1.112815e-03 0.000000e+00 1.592327e-03 0.000000e+00 1.143119e-04 0.000000e+00 7.878611e-04 0.000000e+00 0.000000e+00 0.000000e+00 1.444431e-03 0.000000e+00 3.729926e-04 0.000000e+00 1.115573e-03 5.169756e-04 0.000000e+00 1.374357e-03 5.890774e-04 1.913672e-06 0.000000e+00 4.276600e-04 4.516932e-04 0.000000e+00 1.421204e-04 4.959723e-04 7.005521e-04 0.000000e+00 4.677334e-05 6.232230e-01 -2.027333e-01
6.209825e-01 1.626832e-04 0.000000e+00 2.023026e-03 0.000000e+00 0.000000e+00 0.000000e+00 8.204489e-04 0.000000e+00 0.000000e+00 0.000000e+00 9.629539e-04 0.000000e+00 4.777551e-04 0.000000e+00 1.857945e-03 0.000000e+00 0.000000e+00 0.000000e+00 8.158207e-04 3.827345e-06 3.023646e-03 1.461949e-04 1.026193e-04 0.000000e+00 1.136963e-04 4.959723e-04 0.000000e+00 0.000000e+00 3.118222e-05 6.209825e-01 -1.662829e-01
6.192370e-01 8.134161e-05 0.000000e+00 1.207936e-03 0.000000e+00 1.351712e-05 0.000000e+00 1.437195e-03 0.000000e+00 0.000000e+00 1.490997e-04 2.287016e-03 4.829736e-03 2.388775e-04 0.000000e+00 3.537160e-04 4.906893e-04 0.000000e+00 5.497430e-03 4.031745e-04 0.000000e+00 4.739643e-03 5.068083e-03 1.671713e-04 0.000000e+00 1.136963e-04 4.959723e-04 0.000000e+00 1.220585e-04 5.128447e-05 6.192370e-01 -1.335526e-01
4.531358e-01 1.626832e-04 0.000000e+00 1.061551e-03 0.000000e+00 0.000000e+00 0.000000e+00 8.204489e-04 0.000000e+00 0.000000e+00 0.000000e+00 9.629539e-04 0.000000e+00 4.777551e-04 0.000000e+00 1.857945e-03 4.546977e-04 0.000000e+00 0.000000e+00 7.466379e-04 3.827345e-06 3.023646e-03 1.461949e-04 1.026193e-04 0.000000e+00 1.136963e-04 0.000000e+00 0.000000e+00 0.000000e+00 3.118222e-05 4.531358e-01 -1.220397e-01
4.531358e-01 1.626832e-04 0.000000e+00 1.061551e-03 0.000000e+00 0.000000e+00 0.000000e+00 8.204489e-04 0.000000e+00 0.000000e+00 0.000000e+00 9.629539e-04 0.000000e+00 4.777551e-04 0.000000e+00 1.857945e-03 4.546977e-04 0.000000e+00 0.000000e+00 7.466379e-04 3.827345e-06 3.023646e-03 1.461949e-04 1.026193e-04 0.000000e+00 1.136963e-04 0.000000e+00 0.000000e+00 0.000000e+00 3.118222e-05 4.531358e-01 -1.220397e-01
4.531358e-01 1.626832e-04 0.000000e+00 1.061551e-03 0.000000e+00 0.000000e+00 0.000000e+00 8.204489e-04 0.000000e+00 0.000000e+00 0.000000e+00 9.629539e-04 0.000000e+00 4.777551e-04 0.000000e+00 1.857945e-03 4.546977e-04 0.000000e+00 0.000000e+00 7.466379e-04 3.827345e-06 3.023646e-03 1.461949e-04 1.026193e-04 0.000000e+00 1.136963e-04 0.000000e+00 0.000000e+00 0.000000e+00 3.118222e-05 4.531358e-01 -1.220397e-01
4.531358e-01 1.626832e-04 0.000000e+00 1.061551e-03 0.000000e+00 0.000000e+00 0.000000e+00 8.204489e-04 0.000000e+00 0.000000e+00 0.000000e+00 9.629539e-04 0.000000e+00 4.777551e-04 0.000000e+00 1.857945e-03 4.546977e-04 0.000000e+00 0.000000e+00 7.466379e-04 3.827345e-06 3.023646e-03 1.461949e-04 1.026193e-04 0.000000e+00 1.136963e-04 0.000000e+00 0.000000e+00 0.000000e+00 3.118222e-05 4.531358e-01 -1.220397e-01
4.531358e-01 1.626832e-04 0.000000e+00 1.061551e-03 0.000000e+00 0.000000e+00 0.000000e+00 8.204489e-04 0.000000e+00 0.000000e+00 0.000000e+00 9.629539e-04 0.000000e+00 4.777551e-04 0.000000e+00 1.857945e-03 4.546977e-04 0.000000e+00 0.000000e+00 7.466379e-04 3.827345e-06 3.023646e-03 1.461949e-04 1.026193e-04 0.000000e+00 1.136963e-04 0.000000e+00 0.000000e+00 0.000000e+00 3.118222e-05 4.531358e-01 -1.220397e-01
4.531358e-01 1.626832e-04 0.000000e+00 1.061551e-03 0.000000e+00 0.000000e+00 0.000000e+00 8.204489e-04 0.000000e+00 0.000000e+00 0.000000e+00 9.629539e-04 0.000000e+00 4.777551e-04 0.000000e+00 1.857945e-03 4.546977e-04 0.000000e+00 0.000000e+00 7.466379e-04 3.827345e-06 3.023646e-03 1.461949e-04 1.026193e-04 0.000000e+00 1.136963e-04 0.000000e+00 0.000000e+00 0.000000e+00 3.118222e-05 4.531358e-01 -1.220397e-01
4.482221e-01 2.440248e-04 0.000000e+00 1.075036e-03 3.631837e-05 0.000000e+00 3.357016e-03 1.389233e-03 0.000000e+00 0.000000e+00 1.703996e-04 3.583074e-03 0.000000e+00 4.890929e-04 0.000000e+00 5.617206e-04 1.616338e-03 0.000000e+00 0.000000e+00 7.466379e-04 2.332875e-03 3.253611e-03 0.000000e+00 1.026193e-04 0.000000e+00 1.070409e-04 0.000000e+00 0.000000e+00 2.441170e-04 3.118222e-05 4.482221e-01 -1.130211e-01
4.411449e-01 0.000000e+00 0.000000e+00 6.742184e-06 9.079591e-05 1.159407e-03 0.000000e+00 2.232910e-03 0.000000e+00 0.000000e+00 0.000000e+00 0.000000e+00 0.000000e+00 9.365211e-04 0.000000e+00 3.058545e-04 0.000000e+00 0.000000e+00 0.000000e+00 1.692761e-03 8.161234e-03 0.000000e+00 7.911059e-04 1.539290e-04 0.000000e+00 1.147536e-04 0.000000e+00 0.000000e+00 0.000000e+00 4.677334e-05 4.411449e-01 -8.511698e-02
4.374894e-01 1.220124e-04 0.000000e+00 3.033983e-05 8.171632e-05 0.000000e+00 3.357016e-03 9.790090e-04 0.000000e+00 0.000000e+00 3.407992e-04 0.000000e+00 0.000000e+00 7.982322e-04 0.000000e+00 2.889231e-04 0.000000e+00 0.000000e+00 0.000000e+00 1.692761e-03 1.913672e-06 6.936841e-04 7.911059e-04 4.408482e-03 2.175524e-04 1.158108e-04 0.000000e+00 0.000000e+00 1.676855e-03 2.338667e-05 4.374894e-01 -6.231513e-02
4.327222e-01 1.626832e-04 0.000000e+00 2.603610e-03 0.000000e+00 0.000000e+00 0.000000e+00 1.454689e-03 0.000000e+00 0.000000e+00 0.000000e+00 9.629539e-04 0.000000e+00 3.069046e-04 1.103551e-03 1.857945e-03 4.546977e-04 0.000000e+00 4.789157e-03 7.466379e-04 3.827345e-06 3.023646e-03 1.461949e-04 0.000000e+00 0.000000e+00 7.861686e-05 0.000000e+00 0.000000e+00 0.000000e+00 1.326471e-02 4.327222e-01 -2.188664e-02
4.294442e-01 4.212142e-04 0.000000e+00 1.061551e-03 0.000000e+00 1.416614e-03 0.000000e+00 8.204489e-04 0.000000e+00 1.779305e-05 0.000000e+00 9.629539e-04 0.000000e+00 0.000000e+00 1.379438e-03 0.000000e+00 0.000000e+00 0.000000e+00 2.394579e-03 3.953090e-03 3.827345e-06 3.023646e-03 1.461949e-04 8.727307e-03 7.251747e-05 1.136963e-04 0.000000e+00 0.000000e+00 0.000000e+00 0.000000e+00 4.294442e-01 6.832839e-03
4.255241e-01 0.000000e+00 0.000000e+00 0.000000e+00 7.263673e-05 1.159407e-03 6.714032e-03 2.643135e-03 0.000000e+00 1.087607e-02 0.000000e+00 9.908291e-05 0.000000e+00 0.000000e+00 0.000000e+00 6.559713e-05 3.173520e-04 0.000000e+00 4.789157e-03 2.066080e-03 6.996710e-03 0.000000e+00 5.210079e-04 0.000000e+00 1.450349e-04 7.861686e-05 0.000000e+00 0.000000e+00 0.000000e+00 0.000000e+00 4.255241e-01 4.952685e-02
4.218430e-01 0.000000e+00 0.000000e+00 0.000000e+00 0.000000e+00 0.000000e+00 1.007105e-02 1.137569e-03 0.000000e+00 0.000000e+00 0.000000e+00 0.000000e+00 0.000000e+00 0.000000e+00 0.000000e+00 4.995953e-04 0.000000e+00 1.068431e-04 0.000000e+00 2.305417e-03 0.000000e+00 0.000000e+00 0.000000e+00 2.204241e-03 2.900699e-04 1.179253e-04 0.000000e+00 0.000000e+00 1.554797e-03 6.192125e-04 4.218430e-01 8.718426e-02
4.181049e-01 1.220124e-04 0.000000e+00 2.696874e-05 7.263673e-05 0.000000e+00 6.714032e-03 1.137569e-03 0.000000e+00 1.779305e-05 3.407992e-04 1.824268e-03 0.000000e+00 3.299717e-04 0.000000e+00 1.687944e-04 5.297798e-03 0.000000e+00 0.000000e+00 0.000000e+00 1.166437e-03 6.936841e-04 0.000000e+00 0.000000e+00 2.900699e-04 9.827108e-05 0.000000e+00 0.000000e+00 1.676855e-03 0.000000e+00 4.181049e-01 1.323948e-01
4.151692e-01 2.106071e-04 0.000000e+00 5.307756e-04 8.171632e-05 0.000000e+00 0.000000e+00 0.000000e+00 0.000000e+00 0.000000e+00 3.407992e-04 2.196275e-04 0.000000e+00 0.000000e+00 0.000000e+00 2.889231e-04 0.000000e+00 1.068431e-04 1.197289e-03 1.692761e-03 1.913672e-06 1.394946e-03 7.309744e-05 0.000000e+00 3.625873e-05 3.275703e-05 0.000000e+00 0.000000e+00 0.000000e+00 0.000000e+00 4.151692e-01 1.665236e-01
4.107427e-01 0.000000e+00 0.000000e+00 0.000000e+00 0.000000e+00 1.105908e-03 1.007105e-02 1.454689e-03 0.000000e+00 1.779305e-05 0.000000e+00 5.236989e-04 0.000000e+00 0.000000e+00 0.000000e+00 2.862406e-04 0.000000e+00 0.000000e+00 0.000000e+00 2.066080e-03 0.000000e+00 2.337540e-04 0.000000e+00 0.000000e+00 0.000000e+00 4.818229e-05 0.000000e+00 0.000000e+00 0.000000e+00 0.000000e+00 4.107427e-01 2.264374e-01
2.562862e-01 0.000000e+00 0.000000e+00 0.000000e+00 3.173939e-04 2.272896e-03 0.000000e+00 0.000000e+00 6.886754e-04 0.000000e+00 0.000000e+00 0.000000e+00 0.000000e+00 0.000000e+00 0.000000e+00 4.995953e-04 0.000000e+00 1.068431e-04 0.000000e+00 5.235980e-04 0.000000e+00 0.000000e+00 0.000000e+00 0.000000e+00 0.000000e+00 0.000000e+00 0.000000e+00 0.000000e+00 0.000000e+00 0.000000e+00 2.562862e-01 2.434702e-01
2.562862e-01 0.000000e+00 0.000000e+00 0.000000e+00 3.173939e-04 2.272896e-03 0.000000e+00 0.000000e+00 6.886754e-04 0.000000e+00 0.000000e+00 0.000000e+00 0.000000e+00 0.000000e+00 0.000000e+00 4.995953e-04 0.000000e+00 1.068431e-04 0.000000e+00 5.235980e-04 0.000000e+00 0.000000e+00 0.000000e+00 0.000000e+00 0.000000e+00 0.000000e+00 0.000000e+00 0.000000e+00 0.000000e+00 0.000000e+00 2.562862e-01 2.434702e-01
2.562862e-01 0.000000e+00 0.000000e+00 0.000000e+00 3.173939e-04 2.272896e-03 0.000000e+00 0.000000e+00 6.886754e-04 0.000000e+00 0.000000e+00 0.000000e+00 0.000000e+00 0.000000e+00 0.000000e+00 4.995953e-04 0.000000e+00 1.068431e-04 0.000000e+00 5.235980e-04 0.000000e+00 0.000000e+00 0.000000e+00 0.000000e+00 0.000000e+00 0.000000e+00 0.000000e+00 0.000000e+00 0.000000e+00 0.000000e+00 2.562862e-01 2.434702e-01
2.562862e-01 0.000000e+00 0.000000e+00 0.000000e+00 3.173939e-04 2.272896e-03 0.000000e+00 0.000000e+00 6.886754e-04 0.000000e+00 0.000000e+00 0.000000e+00 0.000000e+00 0.000000e+00 0.000000e+00 4.995953e-04 0.000000e+00 1.068431e-04 0.000000e+00 5.235980e-04 0.000000e+00 0.000000e+00 0.000000e+00 0.000000e+00 0.000000e+00 0.000000e+00 0.000000e+00 0.000000e+00 0.000000e+00 0.000000e+00 2.562862e-01 2.434702e-01
2.562862e-01 0.000000e+00 0.000000e+00 0.000000e+00 3.173939e-04 2.272896e-03 0.000000e+00 0.000000e+00 6.886754e-04 0.000000e+00 0.000000e+00 0.000000e+00 0.000000e+00 0.000000e+00 0.000000e+00 4.995953e-04 0.000000e+00 1.068431e-04 0.000000e+00 5.235980e-04 0.000000e+00 0.000000e+00 0.000000e+00 0.000000e+00 0.000000e+00 0.000000e+00 0.000000e+00 0.000000e+00 0.000000e+00 0.000000e+00 2.562862e-01 2.434702e-01
2.562862e-01 0.000000e+00 0.000000e+00 0.000000e+00 3.173939e-04 2.272896e-03 0.000000e+00 0.000000e+00 6.886754e-04 0.000000e+00 0.000000e+00 0.000000e+00 0.000000e+00 0.000000e+00 0.000000e+00 4.995953e-04 0.000000e+00 1.068431e-04 0.000000e+00 5.235980e-04 0.000000e+00 0.000000e+00 0.000000e+00 0.000000e+00 0.000000e+00 0.000000e+00 0.000000e+00 0.000000e+00 0.000000e+00 0.000000e+00 2.562862e-01 2.434702e-01
2.562862e-01 0.000000e+00 0.000000e+00 0.000000e+00 3.173939e-04 2.272896e-03 0.000000e+00 0.000000e+00 6.886754e-04 0.000000e+00 0.000000e+00 0.000000e+00 0.000000e+00 0.000000e+00 0.000000e+00 4.995953e-04 0.000000e+00 1.068431e-04 0.000000e+00 5.235980e-04 0.000000e+00 0.000000e+00 0.000000e+00 0.000000e+00 0.000000e+00 0.000000e+00 0.000000e+00 0.000000e+00 0.000000e+00 0.000000e+00 2.562862e-01 2.434702e-01
2.431574e-01 6.238980e-05 0.000000e+00 0.000000e+00 3.173939e-04 2.531416e-04 0.000000e+00 0.000000e+00 0.000000e+00 0.000000e+00 0.000000e+00 0.000000e+00 0.000000e+00 0.000000e+00 1.212939e-04 4.995953e-04 1.013457e-05 2.337192e-05 0.000000e+00 0.000000e+00 0.000000e+00 0.000000e+00 9.997870e-05 0.000000e+00 0.000000e+00 0.000000e+00 0.000000e+00 0.000000e+00 0.000000e+00 1.772796e-04 2.431574e-01 2.696951e-01
2.336467e-01 1.077280e-03 0.000000e+00 0.000000e+00 3.173939e-04 7.381053e-04 0.000000e+00 2.089428e-03 1.721689e-04 0.000000e+00 1.022398e-03 0.000000e+00 0.000000e+00 0.000000e+00 1.212939e-04 5.833174e-04 1.013457e-05 1.185290e-04 0.000000e+00 3.130870e-03 0.000000e+00 0.000000e+00 9.997870e-05 0.000000e+00 9.668996e-05 0.000000e+00 0.000000e+00 0.000000e+00 4.151008e-04 1.772796e-04 2.336467e-01 3.155397e-01
2.249059e-01 0.000000e+00 0.000000e+00 0.000000e+00 0.000000e+00 0.000000e+00 0.000000e+00 0.000000e+00 0.000000e+00 0.000000e+00 8.519980e-05 9.164730e-04 0.000000e+00 0.000000e+00 0.000000e+00 1.674444e-04 0.000000e+00 0.000000e+00 0.000000e+00 3.140679e-03 0.000000e+00 0.000000e+00 1.999574e-04 0.000000e+00 0.000000e+00 7.861686e-05 0.000000e+00 0.000000e+00 0.000000e+00 0.000000e+00 2.249059e-01 3.682825e-01
2.160075e-01 6.238980e-05 0.000000e+00 0.000000e+00 4.173199e-04 2.915289e-03 0.000000e+00 2.739384e-03 1.721689e-04 0.000000e+00 0.000000e+00 0.000000e+00 0.000000e+00 0.000000e+00 8.086261e-05 0.000000e+00 1.266821e-05 7.679346e-05 0.000000e+00 0.000000e+00 0.000000e+00 0.000000e+00 0.000000e+00 0.000000e+00 9.668996e-05 0.000000e+00 0.000000e+00 0.000000e+00 0.000000e+00 1.772796e-04 2.160075e-01 4.327355e-01
2.058788e-01 9.358469e-05 0.000000e+00 0.000000e+00 0.000000e+00 2.531416e-04 0.000000e+00 0.000000e+00 3.443377e-04 0.000000e+00 0.000000e+00 0.000000e+00 0.000000e+00 0.000000e+00 1.212939e-04 2.132685e-04 1.013457e-05 2.604300e-04 0.000000e+00 0.000000e+00 0.000000e+00 0.000000e+00 9.997870e-05 0.000000e+00 0.000000e+00 0.000000e+00 0.000000e+00 0.000000e+00 4.151008e-04 8.863982e-05 2.058788e-01 5.089098e-01
1.953364e-01 0.000000e+00 0.000000e+00 0.000000e+00 6.347877e-04 1.476211e-03 0.000000e+00 2.747848e-03 3.443377e-04 0.000000e+00 6.815984e-04 0.000000e+00 0.000000e+00 0.000000e+00 2.425878e-04 9.776904e-04 1.013457e-05 2.838019e-04 0.000000e+00 0.000000e+00 0.000000e+00 0.000000e+00 1.999574e-04 0.000000e+00 1.933799e-04 0.000000e+00 0.000000e+00 0.000000e+00 1.899035e-04 3.545593e-04 1.953364e-01 5.885638e-01
1.843685e-01 6.238980e-05 0.000000e+00 0.000000e+00 1.591412e-03 2.626493e-04 0.000000e+00 2.108878e-03 8.608443e-05 0.000000e+00 0.000000e+00 0.000000e+00 0.000000e+00 0.000000e+00 8.086261e-05 3.267996e-04 1.266821e-06 4.140169e-04 0.000000e+00 0.000000e+00 0.000000e+00 0.000000e+00 0.000000e+00 0.000000e+00 0.000000e+00 0.000000e+00 0.000000e+00 0.000000e+00 1.958107e-03 0.000000e+00 1.843685e-01 6.592422e-01
8.307154e-02 6.238980e-05 0.000000e+00 0.000000e+00 0.000000e+00 1.599645e-03 0.000000e+00 0.000000e+00 6.886754e-04 0.000000e+00 0.000000e+00 0.000000e+00 0.000000e+00 0.000000e+00 1.617252e-04 2.132685e-04 5.067285e-06 3.071738e-04 0.000000e+00 0.000000e+00 0.000000e+00 0.000000e+00 0.000000e+00 0.000000e+00 0.000000e+00 0.000000e+00 0.000000e+00 0.000000e+00 1.122382e-03 0.000000e+00 8.307154e-02 6.707577e-01
8.307154e-02 6.238980e-05 0.000000e+00 0.000000e+00 0.000000e+00 1.599645e-03 0.000000e+00 0.000000e+00 6.886754e-04 0.000000e+00 0.000000e+00 0.000000e+00 0.000000e+00 0.000000e+00 1.617252e-04 2.132685e-04 5.067285e-06 3.071738e-04 0.000000e+00 0.000000e+00 0.000000e+00 0.000000e+00 0.000000e+00 0.000000e+00 0.000000e+00 0.000000e+00 0.000000e+00 0.000000e+00 1.122382e-03 0.000000e+00 8.307154e-02 6.707577e-01
8.307154e-02 6.238980e-05 0.000000e+00 0.000000e+00 0.000000e+00 1.599645e-03 0.000000e+00 0.000000e+00 6.886754e-04 0.000000e+00 0.000000e+00 0.000000e+00 0.000000e+00 0.000000e+00 1.617252e-04 2.132685e-04 5.067285e-06 3.071738e-04 0.000000e+00 0.000000e+00 0.000000e+00 0.000000e+00 0.000000e+00 0.000000e+00 0.000000e+00 0.000000e+00 0.000000e+00 0.000000e+00 1.122382e-03 0.000000e+00 8.307154e-02 6.707577e-01
8.307154e-02 6.238980e-05 0.000000e+00 0.000000e+00 0.000000e+00 1.599645e-03 0.000000e+00 0.000000e+00 6.886754e-04 0.000000e+00 0.000000e+00 0.000000e+00 0.000000e+00 0.000000e+00 1.617252e-04 2.132685e-04 5.067285e-06 3.071738e-04 0.000000e+00 0.000000e+00 0.000000e+00 0.000000e+00 0.000000e+00 0.000000e+00 0.000000e+00 0.000000e+00 0.000000e+00 0.000000e+00 1.122382e-03 0.000000e+00 8.307154e-02 6.707577e-01
7.529337e-02 0.000000e+00 0.000000e+00 0.000000e+00 0.000000e+00 0.000000e+00 0.000000e+00 0.000000e+00 0.000000e+00 0.000000e+00 0.000000e+00 9.164730e-04 0.000000e+00 0.000000e+00 1.617252e-04 5.765973e-04 0.000000e+00 0.000000e+00 0.000000e+00 0.000000e+00 0.000000e+00 0.000000e+00 4.998935e-05 0.000000e+00 0.000000e+00 0.000000e+00 0.000000e+00 0.000000e+00 1.958107e-03 0.000000e+00 7.529337e-02 6.738370e-01
5.719811e-02 3.908550e-04 0.000000e+00 0.000000e+00 0.000000e+00 1.547412e-03 0.000000e+00 0.000000e+00 6.886754e-04 0.000000e+00 3.407992e-04 0.000000e+00 0.000000e+00 0.000000e+00 0.000000e+00 3.563889e-04 0.000000e+00 3.071738e-04 0.000000e+00 2.339355e-03 0.000000e+00 0.000000e+00 0.000000e+00 0.000000e+00 0.000000e+00 0.000000e+00 0.000000e+00 0.000000e+00 1.604466e-03 0.000000e+00 5.719811e-02 7.071668e-01
3.804298e-02 3.908550e-04 0.000000e+00 0.000000e+00 3.695877e-04 1.599645e-03 0.000000e+00 0.000000e+00 4.014038e-04 0.000000e+00 0.000000e+00 0.000000e+00 0.000000e+00 0.000000e+00 6.469009e-04 2.518040e-03 0.000000e+00 0.000000e+00 0.000000e+00 7.739204e-04 0.000000e+00 0.000000e+00 0.000000e+00 8.716583e-05 0.000000e+00 0.000000e+00 3.132146e-04 0.000000e+00 0.000000e+00 0.000000e+00 3.804298e-02 7.715525e-01
2.053800e-02 7.998361e-04 0.000000e+00 0.000000e+00 0.000000e+00 9.418224e-04 0.000000e+00 0.000000e+00 1.318344e-04 0.000000e+00 0.000000e+00 2.529947e-04 0.000000e+00 0.000000e+00 2.021565e-04 2.365146e-03 1.266821e-06 3.071738e-04 0.000000e+00 0.000000e+00 0.000000e+00 0.000000e+00 0.000000e+00 0.000000e+00 0.000000e+00 0.000000e+00 4.332689e-04 0.000000e+00 0.000000e+00 0.000000e+00 2.053800e-02 8.459042e-01
0.000000e+00 6.238980e-05 0.000000e+00 0.000000e+00 3.161631e-05 2.272896e-03 0.000000e+00 0.000000e+00 6.886754e-04 0.000000e+00 0.000000e+00 0.000000e+00 0.000000e+00 0.000000e+00 8.086261e-04 0.000000e+00 0.000000e+00 2.337192e-05 0.000000e+00 5.235980e-04 0.000000e+00 0.000000e+00 0.000000e+00 8.716583e-05 0.000000e+00 0.000000e+00 0.000000e+00 0.000000e+00 0.000000e+00 0.000000e+00 0.000000e+00 1.001396e+00
