8.525509e-01 1.314565e-03 2.935844e-03 1.817956e-03 0.000000e+00 1.480415e-03 0.000000e+00 0.000000e+00 0.000000e+00 4.796616e-04 0.000000e+00 0.000000e+00 0.000000e+00 3.864793e-03 3.409602e-03 2.168404e-19 0.000000e+00 2.279635e-03 2.034188e-03 0.000000e+00 2.168119e-04 0.000000e+00 3.691756e-03 0.000000e+00 0.000000e+00 0.000000e+00 0.000000e+00 0.000000e+00 0.000000e+00 0.000000e+00 8.525509e-01 -7.692151e-01
8.491628e-01 0.000000e+00 2.871157e-03 1.888726e-03 0.000000e+00 3.484670e-03 2.874788e-04 0.000000e+00 1.851302e-03 1.691926e-03 0.000000e+00 0.000000e+00 0.000000e+00 0.000000e+00 6.350284e-03 1.626303e-19 0.000000e+00 1.066778e-03 0.000000e+00 0.000000e+00 0.000000e+00 9.385796e-05 2.026373e-03 0.000000e+00 0.000000e+00 4.621579e-03 0.000000e+00 1.313225e-04 2.461365e-03 0.000000e+00 8.491628e-01 -7.655360e-01
8.449427e-01 1.080321e-03 0.000000e+00 0.000000e+00 2.752708e-04 0.000000e+00 4.413011e-04 0.000000e+00 0.000000e+00 1.032788e-03 2.750641e-03 0.000000e+00 0.000000e+00 4.800798e-03 3.175142e-03 0.000000e+00 0.000000e+00 5.034574e-04 6.438745e-04 9.084227e-04 1.404060e-05 2.731560e-04 6.799026e-03 0.000000e+00 4.845641e-03 9.543777e-04 2.349257e-03 0.000000e+00 1.257848e-03 0.000000e+00 8.449427e-01 -7.481129e-01
8.435355e-01 1.319808e-03 2.888408e-03 2.940799e-03 0.000000e+00 1.610200e-03 6.393649e-04 0.000000e+00 1.851302e-03 6.893152e-04 0.000000e+00 4.423810e-04 0.000000e+00 1.174260e-02 2.733046e-03 0.000000e+00 0.000000e+00 1.938886e-04 1.712251e-03 0.000000e+00 2.639946e-04 1.053282e-03 0.000000e+00 0.000000e+00 0.000000e+00 4.144391e-03 0.000000e+00 1.471560e-04 6.017583e-04 2.528106e-03 8.435355e-01 -7.383317e-01
8.418483e-01 0.000000e+00 3.580354e-03 9.089781e-04 8.397226e-04 1.828748e-04 0.000000e+00 0.000000e+00 8.050063e-04 1.647788e-03 0.000000e+00 0.000000e+00 5.992801e-05 0.000000e+00 0.000000e+00 0.000000e+00 0.000000e+00 0.000000e+00 2.034188e-03 5.677642e-05 1.078717e-03 1.080519e-03 1.979388e-03 0.000000e+00 2.811949e-03 4.621579e-03 0.000000e+00 1.475066e-04 0.000000e+00 1.513931e-03 8.418483e-01 -7.279880e-01
8.412583e-01 1.600096e-03 2.238506e-02 1.312176e-03 2.752708e-04 3.885916e-03 3.586117e-04 0.000000e+00 2.776953e-03 9.438093e-04 0.000000e+00 1.559380e-05 0.000000e+00 1.067210e-02 5.908188e-03 8.131516e-20 0.000000e+00 0.000000e+00 1.712251e-03 0.000000e+00 0.000000e+00 1.100211e-03 2.414954e-03 0.000000e+00 3.540191e-03 2.264368e-03 0.000000e+00 1.908173e-04 0.000000e+00 2.528106e-03 8.412583e-01 -7.161558e-01
8.392730e-01 0.000000e+00 3.594067e-03 3.085886e-03 0.000000e+00 2.125833e-03 1.786110e-04 0.000000e+00 2.193483e-03 0.000000e+00 0.000000e+00 7.796901e-06 5.992801e-05 5.336050e-03 0.000000e+00 0.000000e+00 0.000000e+00 0.000000e+00 0.000000e+00 0.000000e+00 5.803951e-04 2.248153e-04 2.434553e-03 0.000000e+00 4.332387e-03 1.183859e-02 0.000000e+00 1.855773e-04 6.751084e-04 0.000000e+00 8.392730e-01 -7.019704e-01
8.386197e-01 6.709139e-04 1.796531e-04 2.245686e-03 0.000000e+00 7.370586e-03 3.339250e-04 0.000000e+00 3.702605e-03 1.452095e-03 0.000000e+00 0.000000e+00 0.000000e+00 2.141008e-03 1.822031e-03 5.421011e-20 0.000000e+00 1.208489e-04 0.000000e+00 6.877985e-04 1.084060e-04 2.119544e-04 1.804950e-04 0.000000e+00 0.000000e+00 9.243159e-03 0.000000e+00 2.943120e-04 2.461365e-03 5.056212e-03 8.386197e-01 -6.948961e-01
8.373940e-01 5.605747e-04 8.912354e-04 1.861280e-03 3.256031e-03 4.734307e-03 0.000000e+00 0.000000e+00 6.862446e-03 1.066550e-04 1.122764e-04 1.559380e-05 0.000000e+00 7.166886e-03 1.822746e-02 0.000000e+00 0.000000e+00 1.847160e-04 0.000000e+00 2.681455e-03 1.168783e-03 0.000000e+00 3.404324e-03 0.000000e+00 4.625268e-03 0.000000e+00 0.000000e+00 6.566123e-05 1.310372e-03 4.650542e-03 8.373940e-01 -6.772125e-01
8.357062e-01 1.314565e-03 5.625759e-03 3.085886e-03 0.000000e+00 1.480415e-03 0.000000e+00 0.000000e+00 0.000000e+00 0.000000e+00 0.000000e+00 0.000000e+00 0.000000e+00 3.864793e-03 3.409602e-03 2.168404e-19 0.000000e+00 2.279635e-03 0.000000e+00 3.318285e-03 2.168119e-04 2.248153e-04 0.000000e+00 0.000000e+00 1.738042e-03 0.000000e+00 0.000000e+00 3.263298e-04 6.751084e-04 3.294041e-03 8.357062e-01 -6.618144e-01
8.351100e-01 5.398289e-04 2.432699e-03 3.981834e-04 8.435392e-04 9.198829e-03 5.159815e-04 0.000000e+00 3.760010e-03 8.813292e-04 4.631076e-04 0.000000e+00 0.000000e+00 0.000000e+00 7.311820e-03 2.812371e-03 0.000000e+00 2.475635e-04 7.689393e-04 2.738231e-03 7.833818e-04 5.130227e-04 4.178771e-04 0.000000e+00 4.625268e-03 1.072473e-02 0.000000e+00 4.463016e-04 5.540253e-03 7.636721e-03 8.351100e-01 -6.484739e-01
8.340654e-01 3.623452e-05 4.506092e-03 2.524985e-03 0.000000e+00 9.252247e-03 9.289227e-05 9.700700e-04 3.702605e-03 9.357011e-04 4.491054e-04 8.886604e-04 0.000000e+00 3.315817e-03 1.456016e-03 5.709578e-03 0.000000e+00 3.877773e-04 0.000000e+00 0.000000e+00 1.940623e-03 0.000000e+00 0.000000e+00 0.000000e+00 3.496175e-03 9.243159e-03 0.000000e+00 3.259791e-04 1.910156e-03 5.161017e-03 8.340654e-01 -6.354640e-01
8.331272e-01 0.000000e+00 2.999670e-03 0.000000e+00 1.261492e-03 1.034448e-02 7.028742e-04 0.000000e+00 1.091214e-03 2.088452e-03 2.315538e-04 0.000000e+00 2.996401e-05 1.553603e-03 0.000000e+00 5.794415e-03 0.000000e+00 1.237817e-04 6.151515e-03 0.000000e+00 1.675528e-03 1.224623e-03 5.138424e-03 0.000000e+00 3.873444e-03 4.064653e-03 0.000000e+00 2.778688e-04 2.432572e-03 5.332291e-03 8.331272e-01 -6.220057e-01
8.322435e-01 5.605747e-04 9.186623e-04 4.500736e-04 3.333795e-04 1.480415e-03 2.779429e-06 7.275525e-04 0.000000e+00 2.045014e-04 0.000000e+00 8.828387e-04 1.198560e-04 0.000000e+00 6.583812e-03 2.168404e-19 0.000000e+00 0.000000e+00 0.000000e+00 0.000000e+00 1.721381e-04 3.096971e-04 2.454795e-03 0.000000e+00 0.000000e+00 1.443401e-02 0.000000e+00 0.000000e+00 4.922729e-03 9.034534e-04 8.322435e-01 -6.123513e-01
8.311457e-01 0.000000e+00 0.000000e+00 1.209670e-03 2.836169e-03 4.503530e-03 8.489852e-04 0.000000e+00 0.000000e+00 1.683117e-03 2.750641e-03 0.000000e+00 0.000000e+00 3.524428e-03 0.000000e+00 0.000000e+00 0.000000e+00 2.416978e-04 0.000000e+00 0.000000e+00 8.557650e-04 0.000000e+00 5.138424e-03 0.000000e+00 3.873444e-03 8.381625e-03 0.000000e+00 4.399983e-05 1.375619e-02 0.000000e+00 8.311457e-01 -5.928157e-01
8.299901e-01 4.684301e-04 1.418394e-03 1.516534e-05 0.000000e+00 1.480415e-03 9.009944e-04 0.000000e+00 2.067618e-03 1.683117e-03 0.000000e+00 0.000000e+00 1.198560e-04 0.000000e+00 0.000000e+00 3.393476e-04 0.000000e+00 3.625468e-04 9.227272e-03 1.135528e-04 1.084060e-04 1.371186e-03 2.454795e-03 0.000000e+00 2.680474e-03 0.000000e+00 0.000000e+00 0.000000e+00 1.793500e-03 0.000000e+00 8.299901e-01 -5.778587e-01
8.292692e-01 2.621701e-04 0.000000e+00 0.000000e+00 1.208154e-03 0.000000e+00 3.387611e-04 6.972378e-04 2.387298e-03 2.471348e-03 0.000000e+00 0.000000e+00 5.992801e-05 0.000000e+00 2.563898e-03 0.000000e+00 0.000000e+00 4.083071e-04 9.235959e-03 1.135528e-04 3.445366e-04 6.855932e-04 1.229651e-04 0.000000e+00 1.466714e-03 2.089199e-03 0.000000e+00 2.072777e-04 1.526248e-02 0.000000e+00 8.292692e-01 -5.634017e-01
8.292692e-01 2.621701e-04 0.000000e+00 0.000000e+00 1.208154e-03 0.000000e+00 3.387611e-04 6.972378e-04 2.387298e-03 2.471348e-03 0.000000e+00 0.000000e+00 5.992801e-05 0.000000e+00 2.563898e-03 0.000000e+00 0.000000e+00 4.083071e-04 9.235959e-03 1.135528e-04 3.445366e-04 6.855932e-04 1.229651e-04 0.000000e+00 1.466714e-03 2.089199e-03 0.000000e+00 2.072777e-04 1.526248e-02 0.000000e+00 8.292692e-01 -5.634017e-01
8.274216e-01 0.000000e+00 0.000000e+00 1.209670e-03 2.895232e-03 0.000000e+00 7.028742e-04 0.000000e+00 1.091214e-03 1.683117e-03 2.750641e-03 0.000000e+00 0.000000e+00 3.985424e-04 0.000000e+00 0.000000e+00 0.000000e+00 2.534292e-04 6.151515e-03 0.000000e+00 2.758479e-04 0.000000e+00 5.138424e-03 0.000000e+00 3.873444e-03 8.381625e-03 0.000000e+00 4.985900e-05 1.375619e-02 0.000000e+00 8.274216e-01 -5.292267e-01
8.265963e-01 0.000000e+00 0.000000e+00 6.909421e-04 1.992630e-03 7.847525e-03 6.669287e-04 0.000000e+00 0.000000e+00 1.683117e-03 8.595753e-04 0.000000e+00 2.308813e-03 3.325157e-03 2.563898e-03 0.000000e+00 0.000000e+00 2.713609e-02 0.000000e+00 2.608146e-03 7.178411e-04 0.000000e+00 5.326502e-03 0.000000e+00 0.000000e+00 8.381625e-03 0.000000e+00 1.907032e-05 1.450934e-02 0.000000e+00 8.265963e-01 -5.085108e-01
8.259883e-01 0.000000e+00 1.250044e-03 4.256406e-03 2.291155e-03 6.687991e-03 7.784942e-04 1.500577e-03 0.000000e+00 1.487235e-03 2.694503e-03 4.423810e-04 2.009173e-03 7.715660e-03 2.889474e-03 4.164417e-03 0.000000e+00 1.109537e-04 0.000000e+00 0.000000e+00 0.000000e+00 0.000000e+00 3.017456e-03 0.000000e+00 6.046525e-03 1.047082e-02 0.000000e+00 3.011160e-05 7.621487e-03 4.517267e-04 8.259883e-01 -4.995428e-01
8.246444e-01 9.428444e-04 0.000000e+00 1.587242e-03 2.836169e-03 8.331987e-05 1.268448e-04 0.000000e+00 0.000000e+00 1.145367e-03 1.719151e-03 0.000000e+00 4.617626e-03 9.947451e-03 0.000000e+00 4.974880e-03 0.000000e+00 0.000000e+00 3.075757e-03 5.329844e-03 0.000000e+00 9.014071e-05 0.000000e+00 0.000000e+00 2.977850e-03 0.000000e+00 0.000000e+00 9.885256e-05 5.568801e-03 4.868041e-03 8.246444e-01 -4.761630e-01
8.236646e-01 1.982602e-03 1.406124e-03 2.389009e-03 5.933967e-03 7.104678e-03 9.376063e-05 9.700700e-04 0.000000e+00 0.000000e+00 2.406811e-03 8.847620e-04 4.377914e-03 1.131842e-02 4.816575e-03 4.524130e-03 0.000000e+00 0.000000e+00 0.000000e+00 9.886049e-05 3.017010e-03 6.463585e-04 1.453936e-03 0.000000e+00 2.859468e-03 8.356795e-03 0.000000e+00 6.131568e-05 4.072268e-03 5.167052e-03 8.236646e-01 -4.524456e-01
6.512986e-01 1.646136e-04 3.893427e-03 0.000000e+00 0.000000e+00 3.785059e-04 4.900010e-04 1.394476e-03 1.615765e-03 0.000000e+00 0.000000e+00 8.847620e-04 5.992801e-04 0.000000e+00 5.778947e-03 5.156954e-03 0.000000e+00 9.152063e-05 4.631010e-03 0.000000e+00 7.978380e-04 6.463585e-04 0.000000e+00 0.000000e+00 4.735272e-04 8.356795e-03 0.000000e+00 4.145553e-04 0.000000e+00 0.000000e+00 6.512986e-01 -4.511538e-01
6.512986e-01 1.646136e-04 3.893427e-03 0.000000e+00 0.000000e+00 3.785059e-04 4.900010e-04 1.394476e-03 1.615765e-03 0.000000e+00 0.000000e+00 8.847620e-04 5.992801e-04 0.000000e+00 5.778947e-03 5.156954e-03 0.000000e+00 9.152063e-05 4.631010e-03 0.000000e+00 7.978380e-04 6.463585e-04 0.000000e+00 0.000000e+00 4.735272e-04 8.356795e-03 0.000000e+00 4.145553e-04 0.000000e+00 0.000000e+00 6.512986e-01 -4.511538e-01
6.512986e-01 1.646136e-04 3.893427e-03 0.000000e+00 0.000000e+00 3.785059e-04 4.900010e-04 1.394476e-03 1.615765e-03 0.000000e+00 0.000000e+00 8.847620e-04 5.992801e-04 0.000000e+00 5.778947e-03 5.156954e-03 0.000000e+00 9.152063e-05 4.631010e-03 0.000000e+00 7.978380e-04 6.463585e-04 0.000000e+00 0.000000e+00 4.735272e-04 8.356795e-03 0.000000e+00 4.145553e-04 0.000000e+00 0.000000e+00 6.512986e-01 -4.511538e-01
6.512986e-01 1.646136e-04 5.541801e-03 2.028185e-04 3.914902e-03 3.785059e-04 4.900010e-04 1.394476e-03 0.000000e+00 1.917745e-03 0.000000e+00 4.255628e-04 5.992801e-04 4.081675e-04 1.662809e-03 0.000000e+00 0.000000e+00 9.152063e-05 3.075757e-03 0.000000e+00 7.978380e-04 6.463585e-04 0.000000e+00 0.000000e+00 4.735272e-04 1.466368e-02 0.000000e+00 1.757047e-04 2.993067e-03 0.000000e+00 6.512986e-01 -4.503640e-01
6.462157e-01 1.982602e-03 2.080086e-03 2.597089e-03 3.136974e-03 6.884849e-03 1.603917e-04 1.424790e-03 9.724946e-04 1.698627e-02 7.483808e-04 1.104029e-03 0.000000e+00 1.897985e-03 5.778947e-03 4.255454e-03 0.000000e+00 2.003598e-05 0.000000e+00 0.000000e+00 1.034681e-03 0.000000e+00 0.000000e+00 0.000000e+00 2.367636e-04 3.116462e-03 0.000000e+00 2.072777e-04 0.000000e+00 3.474023e-04 6.462157e-01 -4.352972e-01
6.423782e-01 1.646136e-04 2.786679e-03 0.000000e+00 0.000000e+00 7.570119e-04 4.900010e-04 8.488112e-04 4.171294e-04 0.000000e+00 6.876603e-04 9.412434e-04 2.397121e-04 0.000000e+00 1.924745e-03 2.557128e-03 0.000000e+00 0.000000e+00 3.110506e-03 0.000000e+00 9.280426e-04 7.734227e-04 5.161065e-04 0.000000e+00 4.735272e-04 1.244000e-02 0.000000e+00 3.528962e-04 1.496534e-03 3.517317e-04 6.423782e-01 -4.195267e-01
6.400895e-01 3.075599e-03 4.326631e-03 8.112738e-04 1.634208e-03 8.333740e-04 0.000000e+00 7.275525e-04 1.227894e-04 1.829103e-03 0.000000e+00 4.255628e-04 5.097050e-03 1.212501e-03 4.377622e-03 0.000000e+00 0.000000e+00 1.398782e-04 0.000000e+00 1.977210e-04 1.249531e-03 9.761890e-04 0.000000e+00 0.000000e+00 1.183818e-04 1.009766e-02 0.000000e+00 2.479754e-04 3.799189e-03 1.613064e-04 6.400895e-01 -4.016342e-01
6.386219e-01 2.604110e-03 9.262014e-04 2.948304e-03 1.032599e-03 1.124441e-03 2.000587e-04 7.275525e-04 1.635310e-03 0.000000e+00 0.000000e+00 0.000000e+00 2.544356e-02 1.608667e-03 5.429625e-03 1.051520e-02 0.000000e+00 5.255367e-04 0.000000e+00 0.000000e+00 9.736470e-04 6.603438e-04 2.038336e-03 0.000000e+00 5.919089e-05 3.212775e-03 0.000000e+00 1.445415e-04 1.612243e-03 2.183572e-04 6.386219e-01 -3.854959e-01
6.362793e-01 3.006171e-03 3.713599e-03 3.747506e-02 4.130397e-03 7.657841e-04 4.020771e-04 2.500962e-03 8.096672e-05 2.307100e-03 4.045507e-04 8.847620e-04 2.428669e-03 6.592231e-04 3.064135e-03 0.000000e+00 0.000000e+00 1.538786e-03 0.000000e+00 3.584841e-04 1.127989e-03 3.161866e-04 0.000000e+00 0.000000e+00 1.841533e-03 6.919783e-03 0.000000e+00 3.581689e-04 0.000000e+00 0.000000e+00 6.362793e-01 -3.618374e-01
6.346752e-01 1.646136e-04 3.160225e-03 1.731393e-03 4.130397e-03 9.550371e-04 4.020771e-04 0.000000e+00 0.000000e+00 2.307100e-03 4.004521e-03 0.000000e+00 2.248885e-03 0.000000e+00 1.137034e-03 0.000000e+00 0.000000e+00 5.144867e-05 0.000000e+00 0.000000e+00 4.717407e-04 3.797187e-04 2.580533e-04 0.000000e+00 1.841533e-03 8.961387e-03 0.000000e+00 3.273393e-04 2.560570e-02 2.903514e-04 6.346752e-01 -3.482527e-01
6.319408e-01 4.002177e-04 5.646057e-04 2.537964e-03 4.130397e-03 9.042842e-04 0.000000e+00 1.561206e-03 7.727113e-04 0.000000e+00 8.102893e-06 1.106655e-03 0.000000e+00 1.173336e-03 1.957704e-02 0.000000e+00 0.000000e+00 2.003859e-04 3.475424e-03 6.181076e-04 7.039059e-04 9.683330e-04 8.331935e-04 0.000000e+00 2.676821e-03 3.582539e-04 0.000000e+00 0.000000e+00 0.000000e+00 2.096983e-04 6.319408e-01 -3.198649e-01
6.297527e-01 4.307761e-04 1.811643e-03 3.462786e-03 4.130397e-03 2.996705e-04 0.000000e+00 7.275525e-04 1.646121e-04 2.155536e-04 0.000000e+00 0.000000e+00 0.000000e+00 1.897985e-03 0.000000e+00 0.000000e+00 0.000000e+00 0.000000e+00 2.888033e-03 0.000000e+00 8.716326e-04 0.000000e+00 0.000000e+00 0.000000e+00 0.000000e+00 7.434729e-05 0.000000e+00 0.000000e+00 0.000000e+00 4.925780e-04 6.297527e-01 -2.968868e-01
6.288589e-01 1.628005e-03 2.448247e-03 1.622548e-03 2.065198e-03 1.087704e-03 0.000000e+00 1.667308e-03 8.306523e-04 0.000000e+00 0.000000e+00 0.000000e+00 2.799209e-02 1.951409e-03 5.429625e-03 8.387475e-03 0.000000e+00 0.000000e+00 0.000000e+00 0.000000e+00 1.034418e-03 8.079482e-05 1.666387e-03 0.000000e+00 0.000000e+00 0.000000e+00 0.000000e+00 1.578404e-04 1.612243e-03 0.000000e+00 6.288589e-01 -2.769808e-01
6.266886e-01 1.219748e-03 0.000000e+00 1.622548e-03 0.000000e+00 8.470171e-05 9.681134e-05 1.667308e-03 1.259992e-03 0.000000e+00 2.039260e-02 1.094076e-03 1.194566e-02 8.043334e-04 5.429625e-03 8.387475e-03 0.000000e+00 4.374299e-04 0.000000e+00 0.000000e+00 1.034418e-03 8.079482e-05 8.624157e-03 0.000000e+00 0.000000e+00 0.000000e+00 0.000000e+00 3.283354e-05 0.000000e+00 1.737011e-04 6.266886e-01 -2.455337e-01
6.247152e-01 0.000000e+00 5.850109e-04 0.000000e+00 0.000000e+00 0.000000e+00 1.978205e-04 0.000000e+00 4.423364e-04 0.000000e+00 2.239486e-02 1.094076e-03 3.483167e-04 0.000000e+00 0.000000e+00 0.000000e+00 0.000000e+00 2.003859e-04 1.129503e-03 2.785892e-04 7.039059e-04 1.464067e-02 7.734015e-03 0.000000e+00 0.000000e+00 1.756597e-05 0.000000e+00 1.242324e-04 1.320586e-03 2.096983e-04 6.247152e-01 -2.184836e-01
6.233821e-01 1.418275e-03 0.000000e+00 0.000000e+00 0.000000e+00 4.321131e-03 0.000000e+00 0.000000e+00 0.000000e+00 2.155536e-04 2.430868e-05 0.000000e+00 0.000000e+00 0.000000e+00 2.626683e-03 9.465573e-04 0.000000e+00 1.001929e-04 2.009679e-03 0.000000e+00 8.147286e-04 0.000000e+00 0.000000e+00 0.000000e+00 8.367384e-03 1.756597e-05 0.000000e+00 0.000000e+00 1.842691e-03 2.096983e-04 6.233821e-01 -2.030700e-01
6.224781e-01 0.000000e+00 0.000000e+00 1.726691e-03 4.130397e-03 1.355145e-03 0.000000e+00 1.561206e-03 7.727113e-04 2.653530e-02 8.102893e-06 1.106655e-03 0.000000e+00 1.173336e-03 1.957704e-02 0.000000e+00 0.000000e+00 2.003859e-04 5.799616e-03 7.169681e-04 6.962577e-04 0.000000e+00 8.331935e-04 0.000000e+00 6.978895e-03 3.450426e-04 0.000000e+00 0.000000e+00 0.000000e+00 2.096983e-04 6.224781e-01 -1.790094e-01
6.204359e-01 6.670484e-04 5.665445e-04 3.235691e-03 0.000000e+00 0.000000e+00 0.000000e+00 0.000000e+00 8.174392e-04 4.311072e-04 1.620579e-05 0.000000e+00 0.000000e+00 1.317543e-04 2.626683e-03 9.465573e-04 0.000000e+00 0.000000e+00 2.302464e-03 0.000000e+00 9.255514e-04 0.000000e+00 1.666387e-03 0.000000e+00 8.367384e-03 1.258485e-05 0.000000e+00 0.000000e+00 1.727467e-03 1.935676e-04 6.204359e-01 -1.545598e-01
4.538589e-01 1.865702e-04 0.000000e+00 0.000000e+00 0.000000e+00 0.000000e+00 0.000000e+00 0.000000e+00 8.174392e-04 0.000000e+00 2.430868e-05 0.000000e+00 0.000000e+00 0.000000e+00 0.000000e+00 0.000000e+00 0.000000e+00 0.000000e+00 2.302464e-03 0.000000e+00 7.039059e-04 0.000000e+00 0.000000e+00 0.000000e+00 0.000000e+00 1.311286e-04 0.000000e+00 0.000000e+00 2.304475e-04 1.935676e-04 4.538589e-01 -1.232735e-01
4.538589e-01 1.865702e-04 0.000000e+00 0.000000e+00 0.000000e+00 0.000000e+00 0.000000e+00 0.000000e+00 8.174392e-04 0.000000e+00 2.430868e-05 0.000000e+00 0.000000e+00 0.000000e+00 0.000000e+00 0.000000e+00 0.000000e+00 0.000000e+00 2.302464e-03 0.000000e+00 7.039059e-04 0.000000e+00 0.000000e+00 0.000000e+00 0.000000e+00 1.311286e-04 0.000000e+00 0.000000e+00 2.304475e-04 1.935676e-04 4.538589e-01 -1.232735e-01
4.538589e-01 1.865702e-04 0.000000e+00 0.000000e+00 0.000000e+00 0.000000e+00 0.000000e+00 0.000000e+00 8.174392e-04 0.000000e+00 2.430868e-05 0.000000e+00 0.000000e+00 0.000000e+00 0.000000e+00 0.000000e+00 0.000000e+00 0.000000e+00 2.302464e-03 0.000000e+00 7.039059e-04 0.000000e+00 0.000000e+00 0.000000e+00 0.000000e+00 1.311286e-04 0.000000e+00 0.000000e+00 2.304475e-04 1.935676e-04 4.538589e-01 -1.232735e-01
4.538589e-01 1.865702e-04 0.000000e+00 0.000000e+00 0.000000e+00 0.000000e+00 0.000000e+00 0.000000e+00 8.174392e-04 0.000000e+00 2.430868e-05 0.000000e+00 0.000000e+00 0.000000e+00 0.000000e+00 0.000000e+00 0.000000e+00 0.000000e+00 2.302464e-03 0.000000e+00 7.039059e-04 0.000000e+00 0.000000e+00 0.000000e+00 0.000000e+00 1.311286e-04 0.000000e+00 0.000000e+00 2.304475e-04 1.935676e-04 4.538589e-01 -1.232735e-01
4.538589e-01 1.865702e-04 0.000000e+00 0.000000e+00 0.000000e+00 0.000000e+00 0.000000e+00 0.000000e+00 8.174392e-04 0.000000e+00 2.430868e-05 0.000000e+00 0.000000e+00 0.000000e+00 0.000000e+00 0.000000e+00 0.000000e+00 0.000000e+00 2.302464e-03 0.000000e+00 7.039059e-04 0.000000e+00 0.000000e+00 0.000000e+00 0.000000e+00 1.311286e-04 0.000000e+00 0.000000e+00 2.304475e-04 1.935676e-04 4.538589e-01 -1.232735e-01
4.538589e-01 1.865702e-04 0.000000e+00 0.000000e+00 0.000000e+00 0.000000e+00 0.000000e+00 0.000000e+00 8.174392e-04 0.000000e+00 2.430868e-05 0.000000e+00 0.000000e+00 0.000000e+00 0.000000e+00 0.000000e+00 0.000000e+00 0.000000e+00 2.302464e-03 0.000000e+00 7.039059e-04 0.000000e+00 0.000000e+00 0.000000e+00 0.000000e+00 1.311286e-04 0.000000e+00 0.000000e+00 2.304475e-04 1.935676e-04 4.538589e-01 -1.232735e-01
4.473939e-01 1.865702e-04 4.937594e-04 0.000000e+00 0.000000e+00 0.000000e+00 3.026372e-06 0.000000e+00 9.931764e-04 3.533165e-04 2.430868e-05 8.705146e-04 0.000000e+00 0.000000e+00 0.000000e+00 0.000000e+00 0.000000e+00 0.000000e+00 2.302464e-03 0.000000e+00 7.545622e-04 0.000000e+00 0.000000e+00 0.000000e+00 0.000000e+00 1.311286e-04 0.000000e+00 0.000000e+00 2.304475e-04 1.935676e-04 4.473939e-01 -1.134199e-01
4.409290e-01 1.865702e-04 2.997948e-04 1.267465e-03 0.000000e+00 0.000000e+00 0.000000e+00 0.000000e+00 8.174392e-04 0.000000e+00 1.661270e-03 0.000000e+00 1.012803e-04 0.000000e+00 2.864194e-04 5.746955e-04 0.000000e+00 0.000000e+00 2.302464e-03 5.549342e-05 0.000000e+00 0.000000e+00 1.087593e-03 0.000000e+00 6.506653e-05 1.311286e-04 0.000000e+00 0.000000e+00 0.000000e+00 2.903514e-04 4.409290e-01 -8.527806e-02
4.367330e-01 1.453419e-03 5.680223e-04 3.739607e-04 0.000000e+00 0.000000e+00 2.942177e-05 0.000000e+00 1.918630e-03 3.533165e-04 0.000000e+00 4.794631e-04 7.627165e-05 0.000000e+00 8.592582e-04 6.642804e-04 0.000000e+00 0.000000e+00 2.302464e-03 9.400348e-05 0.000000e+00 0.000000e+00 0.000000e+00 0.000000e+00 0.000000e+00 3.360626e-04 0.000000e+00 0.000000e+00 0.000000e+00 0.000000e+00 4.367330e-01 -5.822582e-02
4.325369e-01 0.000000e+00 0.000000e+00 7.479215e-04 0.000000e+00 0.000000e+00 6.052744e-06 0.000000e+00 8.174392e-04 0.000000e+00 7.549067e-04 0.000000e+00 3.813582e-05 0.000000e+00 0.000000e+00 9.465573e-04 0.000000e+00 0.000000e+00 1.591122e-03 1.109868e-04 6.054909e-06 0.000000e+00 4.017698e-04 0.000000e+00 2.394319e-06 1.311286e-04 0.000000e+00 0.000000e+00 2.304475e-04 0.000000e+00 4.325369e-01 -2.553066e-02
4.291805e-01 2.236518e-04 3.021559e-04 0.000000e+00 0.000000e+00 2.886894e-05 0.000000e+00 0.000000e+00 5.554783e-04 6.539723e-05 0.000000e+00 2.312304e-04 5.064014e-05 0.000000e+00 2.085985e-04 4.183445e-04 0.000000e+00 0.000000e+00 1.151232e-03 4.748464e-05 7.456336e-04 0.000000e+00 1.359492e-04 0.000000e+00 4.337769e-05 6.556430e-05 0.000000e+00 0.000000e+00 6.145267e-04 4.381570e-03 4.291805e-01 6.211159e-03
4.262237e-01 1.434879e-03 3.031436e-04 0.000000e+00 0.000000e+00 2.886894e-05 1.210549e-05 3.637762e-04 1.325602e-03 7.262134e-05 0.000000e+00 3.196421e-04 7.627165e-05 0.000000e+00 5.728388e-04 4.428536e-04 0.000000e+00 0.000000e+00 8.797801e-04 6.266899e-05 0.000000e+00 0.000000e+00 4.758221e-04 0.000000e+00 4.788639e-06 2.453639e-02 0.000000e+00 0.000000e+00 0.000000e+00 0.000000e+00 4.262237e-01 4.086443e-02
4.219578e-01 5.965524e-05 3.523189e-04 0.000000e+00 0.000000e+00 0.000000e+00 6.052744e-06 6.062937e-04 3.876912e-04 2.155536e-04 1.295971e-03 1.598210e-04 0.000000e+00 0.000000e+00 2.864194e-04 1.298136e-03 0.000000e+00 0.000000e+00 6.188531e-03 0.000000e+00 1.927052e-04 0.000000e+00 4.089431e-04 0.000000e+00 6.506653e-05 1.749318e-04 0.000000e+00 0.000000e+00 0.000000e+00 1.935676e-04 4.219578e-01 8.437492e-02
4.185195e-01 5.965524e-05 3.021559e-04 3.739607e-04 0.000000e+00 0.000000e+00 3.026372e-06 6.062937e-04 0.000000e+00 6.539723e-05 0.000000e+00 1.598210e-04 0.000000e+00 0.000000e+00 2.864194e-04 1.298136e-03 0.000000e+00 0.000000e+00 6.188531e-03 0.000000e+00 3.967082e-04 0.000000e+00 3.368341e-04 0.000000e+00 4.457485e-05 6.556430e-05 0.000000e+00 0.000000e+00 0.000000e+00 4.284787e-03 4.185195e-01 1.261178e-01
4.141908e-01 0.000000e+00 1.482231e-04 1.267465e-03 0.000000e+00 0.000000e+00 0.000000e+00 0.000000e+00 2.064132e-04 0.000000e+00 1.661270e-03 0.000000e+00 7.239058e-05 0.000000e+00 0.000000e+00 3.583395e-04 0.000000e+00 0.000000e+00 0.000000e+00 3.133449e-05 1.855604e-04 0.000000e+00 2.718983e-04 0.000000e+00 7.801648e-05 0.000000e+00 0.000000e+00 0.000000e+00 0.000000e+00 9.678381e-05 4.141908e-01 1.787474e-01
4.105795e-01 1.546705e-03 1.284595e-04 0.000000e+00 0.000000e+00 2.886894e-05 3.026372e-06 3.637762e-04 4.404569e-04 1.053200e-04 6.479855e-04 3.196421e-04 0.000000e+00 0.000000e+00 2.635657e-04 4.652498e-04 0.000000e+00 0.000000e+00 8.797801e-04 7.592174e-06 2.681939e-04 0.000000e+00 4.083953e-04 0.000000e+00 4.788639e-06 5.468377e-05 0.000000e+00 0.000000e+00 0.000000e+00 0.000000e+00 4.105795e-01 2.265239e-01
2.578668e-01 0.000000e+00 0.000000e+00 0.000000e+00 0.000000e+00 0.000000e+00 0.000000e+00 0.000000e+00 1.035502e-04 0.000000e+00 0.000000e+00 0.000000e+00 0.000000e+00 0.000000e+00 0.000000e+00 1.014169e-05 0.000000e+00 0.000000e+00 0.000000e+00 0.000000e+00 2.783406e-04 0.000000e+00 0.000000e+00 0.000000e+00 6.630416e-07 6.985805e-04 0.000000e+00 0.000000e+00 0.000000e+00 1.935676e-04 2.578668e-01 2.424600e-01
2.578668e-01 0.000000e+00 0.000000e+00 0.000000e+00 0.000000e+00 0.000000e+00 0.000000e+00 0.000000e+00 1.035502e-04 0.000000e+00 0.000000e+00 0.000000e+00 0.000000e+00 0.000000e+00 0.000000e+00 1.014169e-05 0.000000e+00 0.000000e+00 0.000000e+00 0.000000e+00 2.783406e-04 0.000000e+00 0.000000e+00 0.000000e+00 6.630416e-07 6.985805e-04 0.000000e+00 0.000000e+00 0.000000e+00 1.935676e-04 2.578668e-01 2.424600e-01
2.578668e-01 0.000000e+00 0.000000e+00 0.000000e+00 0.000000e+00 0.000000e+00 0.000000e+00 0.000000e+00 1.035502e-04 0.000000e+00 0.000000e+00 0.000000e+00 0.000000e+00 0.000000e+00 0.000000e+00 1.014169e-05 0.000000e+00 0.000000e+00 0.000000e+00 0.000000e+00 2.783406e-04 0.000000e+00 0.000000e+00 0.000000e+00 6.630416e-07 6.985805e-04 0.000000e+00 0.000000e+00 0.000000e+00 1.935676e-04 2.578668e-01 2.424600e-01
2.578668e-01 0.000000e+00 0.000000e+00 0.000000e+00 0.000000e+00 0.000000e+00 0.000000e+00 0.000000e+00 1.035502e-04 0.000000e+00 0.000000e+00 0.000000e+00 0.000000e+00 0.000000e+00 0.000000e+00 1.014169e-05 0.000000e+00 0.000000e+00 0.000000e+00 0.000000e+00 2.783406e-04 0.000000e+00 0.000000e+00 0.000000e+00 6.630416e-07 6.985805e-04 0.000000e+00 0.000000e+00 0.000000e+00 1.935676e-04 2.578668e-01 2.424600e-01
2.578668e-01 0.000000e+00 0.000000e+00 0.000000e+00 0.000000e+00 0.000000e+00 0.000000e+00 0.000000e+00 1.035502e-04 0.000000e+00 0.000000e+00 0.000000e+00 0.000000e+00 0.000000e+00 0.000000e+00 1.014169e-05 0.000000e+00 0.000000e+00 0.000000e+00 0.000000e+00 2.783406e-04 0.000000e+00 0.000000e+00 0.000000e+00 6.630416e-07 6.985805e-04 0.000000e+00 0.000000e+00 0.000000e+00 1.935676e-04 2.578668e-01 2.424600e-01
2.578668e-01 0.000000e+00 0.000000e+00 0.000000e+00 0.000000e+00 0.000000e+00 0.000000e+00 0.000000e+00 1.035502e-04 0.000000e+00 0.000000e+00 0.000000e+00 0.000000e+00 0.000000e+00 0.000000e+00 1.014169e-05 0.000000e+00 0.000000e+00 0.000000e+00 0.000000e+00 2.783406e-04 0.000000e+00 0.000000e+00 0.000000e+00 6.630416e-07 6.985805e-04 0.000000e+00 0.000000e+00 0.000000e+00 1.935676e-04 2.578668e-01 2.424600e-01
2.568017e-01 0.000000e+00 6.431736e-04 3.946247e-04 0.000000e+00 0.000000e+00 0.000000e+00 0.000000e+00 3.643874e-04 0.000000e+00 0.000000e+00 0.000000e+00 3.698449e-05 0.000000e+00 0.000000e+00 2.028337e-05 0.000000e+00 0.000000e+00 0.000000e+00 0.000000e+00 5.446581e-04 0.000000e+00 0.000000e+00 0.000000e+00 2.432701e-05 0.000000e+00 0.000000e+00 0.000000e+00 0.000000e+00 9.678381e-05 2.568017e-01 2.427752e-01
2.418774e-01 0.000000e+00 6.431736e-04 0.000000e+00 0.000000e+00 0.000000e+00 0.000000e+00 0.000000e+00 1.572869e-04 0.000000e+00 0.000000e+00 0.000000e+00 0.000000e+00 0.000000e+00 0.000000e+00 0.000000e+00 0.000000e+00 0.000000e+00 0.000000e+00 0.000000e+00 5.446581e-04 0.000000e+00 0.000000e+00 0.000000e+00 4.337769e-05 0.000000e+00 0.000000e+00 0.000000e+00 0.000000e+00 1.935676e-04 2.418774e-01 2.745151e-01
2.322841e-01 0.000000e+00 4.016974e-04 6.337325e-04 0.000000e+00 0.000000e+00 0.000000e+00 0.000000e+00 6.571258e-04 0.000000e+00 0.000000e+00 0.000000e+00 0.000000e+00 0.000000e+00 0.000000e+00 3.515784e-04 0.000000e+00 0.000000e+00 0.000000e+00 0.000000e+00 0.000000e+00 0.000000e+00 0.000000e+00 0.000000e+00 1.915455e-05 2.730306e-05 0.000000e+00 0.000000e+00 0.000000e+00 3.226127e-04 2.322841e-01 3.213829e-01
2.238675e-01 0.000000e+00 1.591543e-04 0.000000e+00 0.000000e+00 0.000000e+00 0.000000e+00 0.000000e+00 0.000000e+00 0.000000e+00 0.000000e+00 0.000000e+00 0.000000e+00 0.000000e+00 0.000000e+00 0.000000e+00 0.000000e+00 0.000000e+00 0.000000e+00 0.000000e+00 3.711208e-04 0.000000e+00 0.000000e+00 0.000000e+00 3.368843e-05 6.985805e-04 0.000000e+00 0.000000e+00 0.000000e+00 9.678381e-05 2.238675e-01 3.746083e-01
2.178396e-01 0.000000e+00 0.000000e+00 3.946247e-04 0.000000e+00 0.000000e+00 0.000000e+00 0.000000e+00 8.563798e-05 0.000000e+00 5.508396e-04 0.000000e+00 1.424082e-04 0.000000e+00 0.000000e+00 0.000000e+00 0.000000e+00 0.000000e+00 1.228999e-02 0.000000e+00 0.000000e+00 0.000000e+00 0.000000e+00 0.000000e+00 1.796549e-05 0.000000e+00 0.000000e+00 0.000000e+00 0.000000e+00 1.451757e-04 2.178396e-01 4.207139e-01
2.058437e-01 0.000000e+00 7.227508e-04 0.000000e+00 0.000000e+00 0.000000e+00 0.000000e+00 0.000000e+00 2.429249e-04 0.000000e+00 0.000000e+00 0.000000e+00 1.849225e-05 0.000000e+00 0.000000e+00 0.000000e+00 0.000000e+00 0.000000e+00 0.000000e+00 0.000000e+00 9.879175e-05 0.000000e+00 0.000000e+00 0.000000e+00 4.481279e-05 0.000000e+00 0.000000e+00 0.000000e+00 0.000000e+00 1.935676e-04 2.058437e-01 5.090391e-01
1.954225e-01 0.000000e+00 0.000000e+00 0.000000e+00 0.000000e+00 0.000000e+00 2.476918e-04 1.228393e-03 6.994509e-06 0.000000e+00 0.000000e+00 0.000000e+00 1.188561e-04 0.000000e+00 0.000000e+00 0.000000e+00 0.000000e+00 0.000000e+00 0.000000e+00 0.000000e+00 0.000000e+00 0.000000e+00 0.000000e+00 0.000000e+00 9.605081e-06 0.000000e+00 0.000000e+00 0.000000e+00 0.000000e+00 4.839191e-05 1.954225e-01 5.863410e-01
1.834107e-01 0.000000e+00 0.000000e+00 0.000000e+00 0.000000e+00 0.000000e+00 2.476918e-04 0.000000e+00 1.191040e-03 0.000000e+00 0.000000e+00 0.000000e+00 1.188561e-04 3.288360e-04 0.000000e+00 0.000000e+00 0.000000e+00 0.000000e+00 0.000000e+00 0.000000e+00 0.000000e+00 0.000000e+00 0.000000e+00 0.000000e+00 2.180082e-05 3.424645e-04 0.000000e+00 0.000000e+00 0.000000e+00 0.000000e+00 1.834107e-01 6.636031e-01
8.268174e-02 0.000000e+00 1.657107e-04 0.000000e+00 0.000000e+00 0.000000e+00 0.000000e+00 0.000000e+00 3.285629e-04 0.000000e+00 1.101679e-03 0.000000e+00 8.835131e-06 0.000000e+00 0.000000e+00 0.000000e+00 0.000000e+00 0.000000e+00 0.000000e+00 0.000000e+00 0.000000e+00 0.000000e+00 0.000000e+00 0.000000e+00 1.796549e-05 7.054062e-04 0.000000e+00 0.000000e+00 0.000000e+00 0.000000e+00 8.268174e-02 6.702765e-01
8.268174e-02 0.000000e+00 1.657107e-04 0.000000e+00 0.000000e+00 0.000000e+00 0.000000e+00 0.000000e+00 3.285629e-04 0.000000e+00 1.101679e-03 0.000000e+00 8.835131e-06 0.000000e+00 0.000000e+00 0.000000e+00 0.000000e+00 0.000000e+00 0.000000e+00 0.000000e+00 0.000000e+00 0.000000e+00 0.000000e+00 0.000000e+00 1.796549e-05 7.054062e-04 0.000000e+00 0.000000e+00 0.000000e+00 0.000000e+00 8.268174e-02 6.702765e-01
8.268174e-02 0.000000e+00 1.657107e-04 0.000000e+00 0.000000e+00 0.000000e+00 0.000000e+00 0.000000e+00 3.285629e-04 0.000000e+00 1.101679e-03 0.000000e+00 8.835131e-06 0.000000e+00 0.000000e+00 0.000000e+00 0.000000e+00 0.000000e+00 0.000000e+00 0.000000e+00 0.000000e+00 0.000000e+00 0.000000e+00 0.000000e+00 1.796549e-05 7.054062e-04 0.000000e+00 0.000000e+00 0.000000e+00 0.000000e+00 8.268174e-02 6.702765e-01
8.268174e-02 0.000000e+00 1.657107e-04 0.000000e+00 0.000000e+00 0.000000e+00 0.000000e+00 0.000000e+00 3.285629e-04 0.000000e+00 1.101679e-03 0.000000e+00 8.835131e-06 0.000000e+00 0.000000e+00 0.000000e+00 0.000000e+00 0.000000e+00 0.000000e+00 0.000000e+00 0.000000e+00 0.000000e+00 0.000000e+00 0.000000e+00 1.796549e-05 7.054062e-04 0.000000e+00 0.000000e+00 0.000000e+00 0.000000e+00 8.268174e-02 6.702765e-01
7.668377e-02 0.000000e+00 3.572714e-04 0.000000e+00 0.000000e+00 0.000000e+00 0.000000e+00 0.000000e+00 0.000000e+00 0.000000e+00 1.101679e-03 0.000000e+00 8.835131e-06 0.000000e+00 0.000000e+00 1.757892e-04 0.000000e+00 0.000000e+00 0.000000e+00 0.000000e+00 0.000000e+00 0.000000e+00 0.000000e+00 0.000000e+00 2.599492e-05 7.054062e-04 0.000000e+00 0.000000e+00 0.000000e+00 0.000000e+00 7.668377e-02 6.724359e-01
5.660054e-02 3.924744e-03 0.000000e+00 0.000000e+00 0.000000e+00 0.000000e+00 2.667450e-04 0.000000e+00 0.000000e+00 0.000000e+00 1.652519e-03 0.000000e+00 0.000000e+00 0.000000e+00 0.000000e+00 0.000000e+00 0.000000e+00 0.000000e+00 0.000000e+00 0.000000e+00 0.000000e+00 0.000000e+00 0.000000e+00 0.000000e+00 2.118419e-05 8.868771e-04 0.000000e+00 0.000000e+00 3.468119e-04 0.000000e+00 5.660054e-02 7.086445e-01
3.858371e-02 0.000000e+00 3.398985e-04 1.028357e-03 0.000000e+00 0.000000e+00 9.526607e-06 0.000000e+00 0.000000e+00 0.000000e+00 0.000000e+00 0.000000e+00 1.478815e-04 2.055225e-04 0.000000e+00 0.000000e+00 0.000000e+00 0.000000e+00 0.000000e+00 0.000000e+00 2.614181e-04 0.000000e+00 0.000000e+00 0.000000e+00 1.765718e-05 3.561160e-04 0.000000e+00 0.000000e+00 0.000000e+00 8.065318e-05 3.858371e-02 7.681288e-01
1.825865e-02 0.000000e+00 0.000000e+00 0.000000e+00 0.000000e+00 0.000000e+00 3.286679e-04 0.000000e+00 4.107036e-05 0.000000e+00 1.377099e-03 0.000000e+00 8.835131e-06 8.220899e-05 0.000000e+00 0.000000e+00 0.000000e+00 0.000000e+00 0.000000e+00 0.000000e+00 0.000000e+00 0.000000e+00 0.000000e+00 0.000000e+00 1.812831e-05 7.961417e-04 0.000000e+00 0.000000e+00 3.468119e-04 0.000000e+00 1.825865e-02 8.558348e-01
0.000000e+00 0.000000e+00 0.000000e+00 0.000000e+00 0.000000e+00 0.000000e+00 1.238459e-04 0.000000e+00 8.214072e-05 0.000000e+00 5.508396e-04 0.000000e+00 1.818310e-04 1.644180e-04 0.000000e+00 0.000000e+00 0.000000e+00 0.000000e+00 0.000000e+00 0.000000e+00 0.000000e+00 0.000000e+00 0.000000e+00 0.000000e+00 1.988315e-05 5.239353e-04 0.000000e+00 0.000000e+00 0.000000e+00 1.613064e-04 0.000000e+00 1.000561e+00
