8.503088e-01 0.000000e+00 0.000000e+00 1.078790e-05 3.281027e-03 0.000000e+00 0.000000e+00 8.070856e-05 1.696621e-03 7.060272e-05 0.000000e+00 8.345362e-03 2.964239e-03 0.000000e+00 0.000000e+00 1.824349e-04 0.000000e+00 5.331611e-03 5.275563e-05 0.000000e+00 8.064817e-03 0.000000e+00 0.000000e+00 2.988528e-03 4.776867e-03 9.407187e-04 1.904980e-03 7.105213e-05 2.549570e-04 0.000000e+00 8.503088e-01 -7.655116e-01
8.473694e-01 1.269934e-02 4.205072e-03 0.000000e+00 8.730038e-03 1.891325e-03 4.635271e-03 8.070856e-05 0.000000e+00 5.596811e-04 0.000000e+00 0.000000e+00 2.037767e-03 4.433391e-04 0.000000e+00 1.668345e-04 0.000000e+00 0.000000e+00 0.000000e+00 0.000000e+00 1.788390e-03 6.139087e-03 3.346787e-03 0.000000e+00 1.725941e-03 2.049166e-03 1.944540e-03 1.298362e-03 1.641286e-04 0.000000e+00 8.473694e-01 -7.559426e-01
8.450421e-01 1.095320e-03 8.533925e-04 4.772623e-03 2.812233e-05 0.000000e+00 2.888242e-03 1.210628e-04 0.000000e+00 1.763487e-03 7.668049e-05 4.172681e-03 3.931974e-03 1.383135e-03 0.000000e+00 4.227166e-04 1.502167e-03 6.619833e-03 1.593660e-05 5.297148e-04 5.357015e-03 3.246061e-03 0.000000e+00 1.110287e-03 0.000000e+00 1.555119e-02 3.633614e-05 3.053128e-04 5.449707e-04 0.000000e+00 8.450421e-01 -7.445929e-01
8.441117e-01 0.000000e+00 1.398643e-04 0.000000e+00 3.960011e-03 1.586749e-03 4.266402e-03 2.558930e-04 6.832119e-03 0.000000e+00 0.000000e+00 5.044865e-03 0.000000e+00 2.091572e-04 0.000000e+00 8.454332e-04 2.508232e-03 1.011636e-02 0.000000e+00 0.000000e+00 1.768407e-03 4.712072e-03 0.000000e+00 3.180517e-03 0.000000e+00 2.703339e-02 2.788879e-04 3.552606e-05 1.089941e-03 0.000000e+00 8.441117e-01 -7.360129e-01
8.421230e-01 1.132954e-03 0.000000e+00 4.772623e-03 2.812233e-05 3.375487e-03 6.046803e-03 4.926440e-05 0.000000e+00 1.763487e-03 4.409128e-04 6.695113e-03 5.086185e-03 4.824102e-04 0.000000e+00 5.881681e-04 4.523640e-03 4.964866e-03 1.593660e-05 1.086458e-03 6.935523e-03 3.653005e-03 0.000000e+00 0.000000e+00 1.287485e-02 3.327802e-03 3.769701e-04 2.169352e-04 7.266276e-04 0.000000e+00 8.421230e-01 -7.224734e-01
8.404963e-01 0.000000e+00 0.000000e+00 2.587138e-04 0.000000e+00 0.000000e+00 0.000000e+00 0.000000e+00 2.734736e-03 1.501840e-03 0.000000e+00 0.000000e+00 5.785219e-03 6.472629e-05 0.000000e+00 0.000000e+00 4.597407e-04 0.000000e+00 0.000000e+00 0.000000e+00 1.291198e-02 0.000000e+00 0.000000e+00 3.428717e-03 8.359518e-03 1.719586e-03 2.553156e-03 4.135225e-04 0.000000e+00 0.000000e+00 8.404963e-01 -7.133243e-01
8.394306e-01 1.556775e-03 5.530302e-04 5.009762e-03 0.000000e+00 1.687744e-03 0.000000e+00 0.000000e+00 1.694285e-03 1.180369e-03 1.629460e-04 4.172681e-03 7.348098e-03 9.389783e-04 0.000000e+00 1.115134e-03 0.000000e+00 1.561655e-03 7.968299e-06 8.013292e-04 6.110258e-03 9.866667e-04 0.000000e+00 5.977056e-03 1.121429e-02 4.151052e-03 3.617436e-03 4.062477e-04 3.633138e-04 0.000000e+00 8.394306e-01 -6.995485e-01
8.384648e-01 0.000000e+00 4.938896e-03 0.000000e+00 0.000000e+00 0.000000e+00 2.165598e-03 2.184610e-04 4.043532e-03 0.000000e+00 7.284646e-04 0.000000e+00 3.529053e-03 1.801449e-03 0.000000e+00 1.898247e-04 3.041889e-03 0.000000e+00 0.000000e+00 0.000000e+00 9.900182e-03 0.000000e+00 2.650764e-03 3.071820e-03 8.772991e-03 2.703339e-02 0.000000e+00 3.552606e-05 5.354098e-04 0.000000e+00 8.384648e-01 -6.874037e-01
8.369455e-01 0.000000e+00 2.126383e-03 0.000000e+00 2.198728e-03 9.482932e-03 6.869167e-03 7.833862e-05 0.000000e+00 1.720571e-04 1.533610e-03 8.345362e-03 3.366930e-03 0.000000e+00 0.000000e+00 5.929598e-04 0.000000e+00 4.964866e-03 5.275563e-05 0.000000e+00 6.397306e-03 2.456415e-03 0.000000e+00 4.387635e-03 1.324985e-03 1.062967e-03 3.425728e-03 2.778134e-04 7.266276e-04 0.000000e+00 8.369455e-01 -6.722713e-01
8.358323e-01 3.059786e-03 0.000000e+00 4.742761e-04 3.903766e-03 8.105001e-03 1.056945e-02 4.739874e-06 4.097856e-04 1.298931e-03 1.150207e-04 0.000000e+00 7.999249e-03 9.131362e-04 0.000000e+00 0.000000e+00 4.030816e-03 0.000000e+00 0.000000e+00 5.432288e-04 3.132122e-03 4.084190e-03 1.341667e-03 0.000000e+00 7.165301e-03 3.067124e-03 9.492598e-04 0.000000e+00 0.000000e+00 0.000000e+00 8.358323e-01 -6.582905e-01
8.348532e-01 2.520191e-03 0.000000e+00 2.587138e-04 0.000000e+00 0.000000e+00 0.000000e+00 0.000000e+00 1.367368e-03 1.501840e-03 0.000000e+00 0.000000e+00 6.633646e-03 3.236315e-05 0.000000e+00 0.000000e+00 4.597407e-04 2.208301e-03 0.000000e+00 0.000000e+00 1.559990e-02 4.830820e-04 0.000000e+00 4.786178e-03 8.359518e-03 1.782807e-03 3.816408e-03 4.135225e-04 0.000000e+00 0.000000e+00 8.348532e-01 -6.473129e-01
8.337183e-01 7.393594e-03 4.805797e-03 0.000000e+00 4.397456e-03 1.821305e-03 6.988115e-03 8.070856e-05 6.209033e-04 0.000000e+00 1.533610e-04 0.000000e+00 7.327903e-03 0.000000e+00 0.000000e+00 1.824349e-04 5.057296e-03 0.000000e+00 0.000000e+00 0.000000e+00 3.132122e-03 2.353573e-04 0.000000e+00 1.577556e-03 2.388434e-03 9.734260e-04 0.000000e+00 1.373522e-03 5.354098e-04 0.000000e+00 8.337183e-01 -6.317928e-01
8.329681e-01 4.945818e-03 4.544840e-04 3.388171e-03 1.974254e-03 0.000000e+00 1.042997e-02 2.099472e-05 4.097856e-04 2.275466e-03 1.533610e-04 0.000000e+00 5.106639e-03 9.142761e-04 1.494247e-03 3.836152e-04 6.649661e-03 0.000000e+00 0.000000e+00 4.181355e-03 3.132122e-03 4.526492e-03 1.341667e-03 0.000000e+00 2.985542e-03 2.207331e-03 6.267835e-04 0.000000e+00 0.000000e+00 0.000000e+00 8.329681e-01 -6.194606e-01
8.317395e-01 7.430272e-03 0.000000e+00 4.742761e-04 5.074357e-03 4.607075e-04 7.546051e-03 0.000000e+00 0.000000e+00 7.135449e-04 2.300415e-04 0.000000e+00 7.482072e-03 0.000000e+00 0.000000e+00 0.000000e+00 4.523640e-03 2.208301e-03 2.088244e-05 0.000000e+00 9.143914e-03 4.830820e-04 0.000000e+00 3.071820e-03 0.000000e+00 1.846028e-03 0.000000e+00 5.284493e-04 7.521233e-04 0.000000e+00 8.317395e-01 -6.017811e-01
8.313769e-01 3.772065e-03 0.000000e+00 6.086504e-03 0.000000e+00 2.916834e-04 0.000000e+00 0.000000e+00 9.587367e-05 1.138647e-03 7.668049e-05 0.000000e+00 0.000000e+00 6.700620e-05 2.988495e-03 7.672304e-04 5.697431e-03 0.000000e+00 0.000000e+00 0.000000e+00 1.448805e-03 0.000000e+00 0.000000e+00 2.871951e-03 1.492771e-03 0.000000e+00 1.908204e-03 3.158450e-04 0.000000e+00 0.000000e+00 8.313769e-01 -5.999905e-01
8.299930e-01 5.882518e-03 4.805797e-03 6.005020e-03 2.198728e-03 6.760962e-04 5.812468e-03 7.833862e-05 6.759956e-04 6.194079e-04 1.084237e-03 0.000000e+00 4.506236e-03 0.000000e+00 6.848634e-04 1.477960e-05 3.041889e-03 2.760376e-03 0.000000e+00 0.000000e+00 1.933706e-03 0.000000e+00 6.643195e-03 2.056155e-03 1.194217e-03 0.000000e+00 0.000000e+00 1.454968e-05 5.354098e-04 0.000000e+00 8.299930e-01 -5.737265e-01
8.289115e-01 0.000000e+00 0.000000e+00 4.742761e-04 5.074357e-03 3.994892e-03 7.546051e-03 0.000000e+00 0.000000e+00 0.000000e+00 3.834024e-05 0.000000e+00 7.482072e-03 0.000000e+00 0.000000e+00 7.376712e-04 4.523640e-03 0.000000e+00 2.088244e-05 0.000000e+00 0.000000e+00 0.000000e+00 1.341667e-03 0.000000e+00 1.194217e-03 1.846028e-03 0.000000e+00 0.000000e+00 0.000000e+00 0.000000e+00 8.289115e-01 -5.581922e-01
8.282814e-01 0.000000e+00 0.000000e+00 1.264729e-02 0.000000e+00 3.520617e-04 0.000000e+00 1.083657e-05 2.180383e-04 2.447170e-03 0.000000e+00 0.000000e+00 2.355916e-03 3.236315e-05 0.000000e+00 3.688356e-04 3.398654e-03 1.104150e-03 0.000000e+00 0.000000e+00 1.948368e-03 2.415410e-04 0.000000e+00 1.055270e-03 2.298295e-02 1.782807e-03 3.816408e-03 2.913060e-02 0.000000e+00 0.000000e+00 8.282814e-01 -5.386803e-01
8.274120e-01 0.000000e+00 1.117359e-03 2.254614e-03 0.000000e+00 6.760962e-04 0.000000e+00 2.114773e-04 2.698862e-04 6.191977e-04 0.000000e+00 1.657729e-03 2.355916e-03 2.812203e-05 0.000000e+00 0.000000e+00 4.110609e-03 2.760376e-03 4.223564e-03 0.000000e+00 3.823070e-04 5.042743e-04 2.319111e-02 2.664919e-04 0.000000e+00 0.000000e+00 0.000000e+00 3.353607e-04 0.000000e+00 0.000000e+00 8.274120e-01 -5.296729e-01
8.262249e-01 0.000000e+00 4.544840e-04 1.418948e-03 3.009981e-03 3.380481e-04 7.207025e-04 2.518316e-04 2.180383e-04 1.425261e-03 0.000000e+00 1.594042e-03 1.960019e-03 2.109152e-05 0.000000e+00 2.972259e-03 2.468335e-03 0.000000e+00 9.452051e-05 0.000000e+00 7.502778e-04 1.241138e-02 0.000000e+00 3.997378e-04 0.000000e+00 0.000000e+00 1.549809e-03 4.252087e-04 3.577366e-04 0.000000e+00 8.262249e-01 -5.096714e-01
8.256221e-01 3.763401e-05 2.848713e-02 1.248432e-02 1.114666e-04 0.000000e+00 3.586435e-03 4.131441e-05 9.385333e-04 1.698141e-02 0.000000e+00 0.000000e+00 0.000000e+00 0.000000e+00 1.369727e-03 3.514209e-02 0.000000e+00 0.000000e+00 1.758521e-05 0.000000e+00 8.431671e-04 6.805169e-04 0.000000e+00 9.571994e-04 0.000000e+00 0.000000e+00 0.000000e+00 4.252087e-04 0.000000e+00 0.000000e+00 8.256221e-01 -4.863348e-01
8.243450e-01 0.000000e+00 1.410484e-03 2.254614e-03 9.191309e-04 0.000000e+00 0.000000e+00 2.709142e-05 1.150876e-04 1.507494e-03 0.000000e+00 1.141304e-03 2.355916e-03 0.000000e+00 1.992330e-03 7.376712e-04 3.111559e-04 0.000000e+00 5.989963e-05 0.000000e+00 0.000000e+00 4.770609e-04 2.683335e-03 0.000000e+00 0.000000e+00 0.000000e+00 7.894387e-04 1.310347e-04 0.000000e+00 0.000000e+00 8.243450e-01 -4.758486e-01
6.509964e-01 0.000000e+00 9.089681e-04 0.000000e+00 0.000000e+00 0.000000e+00 3.508701e-04 2.709142e-05 6.191946e-04 2.231324e-03 0.000000e+00 1.032849e-03 0.000000e+00 1.406101e-05 2.988495e-03 0.000000e+00 8.260616e-04 0.000000e+00 7.034084e-05 0.000000e+00 1.118249e-03 6.219529e-04 0.000000e+00 5.329837e-04 0.000000e+00 0.000000e+00 0.000000e+00 0.000000e+00 0.000000e+00 0.000000e+00 6.509964e-01 -4.554197e-01
6.509964e-01 0.000000e+00 9.089681e-04 0.000000e+00 0.000000e+00 0.000000e+00 3.508701e-04 2.709142e-05 6.191946e-04 2.231324e-03 0.000000e+00 1.032849e-03 0.000000e+00 1.406101e-05 2.988495e-03 0.000000e+00 8.260616e-04 0.000000e+00 7.034084e-05 0.000000e+00 1.118249e-03 6.219529e-04 0.000000e+00 5.329837e-04 0.000000e+00 0.000000e+00 0.000000e+00 0.000000e+00 0.000000e+00 0.000000e+00 6.509964e-01 -4.554197e-01
6.509964e-01 0.000000e+00 9.089681e-04 0.000000e+00 0.000000e+00 0.000000e+00 3.508701e-04 2.709142e-05 6.191946e-04 2.231324e-03 0.000000e+00 1.032849e-03 0.000000e+00 1.406101e-05 2.988495e-03 0.000000e+00 8.260616e-04 0.000000e+00 7.034084e-05 0.000000e+00 1.118249e-03 6.219529e-04 0.000000e+00 5.329837e-04 0.000000e+00 0.000000e+00 0.000000e+00 0.000000e+00 0.000000e+00 0.000000e+00 6.509964e-01 -4.554197e-01
6.509964e-01 0.000000e+00 9.089681e-04 0.000000e+00 0.000000e+00 0.000000e+00 3.508701e-04 2.709142e-05 6.191946e-04 2.231324e-03 0.000000e+00 1.032849e-03 0.000000e+00 1.406101e-05 2.988495e-03 0.000000e+00 8.260616e-04 0.000000e+00 7.034084e-05 0.000000e+00 1.118249e-03 6.219529e-04 0.000000e+00 5.329837e-04 0.000000e+00 0.000000e+00 0.000000e+00 0.000000e+00 0.000000e+00 0.000000e+00 6.509964e-01 -4.554197e-01
6.486223e-01 0.000000e+00 1.495219e-03 0.000000e+00 2.229331e-04 0.000000e+00 6.471129e-03 2.844599e-05 7.739932e-04 2.359402e-03 0.000000e+00 0.000000e+00 0.000000e+00 7.030506e-06 1.123486e-02 0.000000e+00 2.497931e-04 0.000000e+00 4.808456e-05 0.000000e+00 3.536344e-04 6.219529e-04 0.000000e+00 3.585233e-04 5.971084e-04 0.000000e+00 0.000000e+00 0.000000e+00 0.000000e+00 0.000000e+00 6.486223e-01 -4.487785e-01
6.442088e-01 0.000000e+00 9.089681e-04 1.629691e-04 5.029200e-04 5.794356e-03 3.398844e-03 3.839606e-05 0.000000e+00 1.894233e-03 0.000000e+00 0.000000e+00 0.000000e+00 5.198232e-05 2.490412e-04 2.012303e-03 3.564305e-03 1.601467e-03 0.000000e+00 0.000000e+00 3.544403e-03 5.661154e-04 0.000000e+00 7.291244e-04 2.985542e-04 3.358958e-04 0.000000e+00 2.418642e-04 0.000000e+00 0.000000e+00 6.442088e-01 -4.313844e-01
6.410943e-01 3.245688e-05 5.277261e-04 1.063648e-03 0.000000e+00 2.897178e-03 0.000000e+00 0.000000e+00 1.353157e-04 2.922470e-03 0.000000e+00 2.582124e-04 0.000000e+00 4.167373e-05 0.000000e+00 0.000000e+00 3.057897e-03 8.007335e-04 4.286395e-05 0.000000e+00 9.037972e-04 0.000000e+00 8.023624e-05 8.509247e-04 0.000000e+00 3.358958e-04 0.000000e+00 1.308204e-03 0.000000e+00 0.000000e+00 6.410943e-01 -4.140077e-01
6.404920e-01 0.000000e+00 5.277261e-04 9.708596e-04 0.000000e+00 1.359699e-03 3.574279e-03 1.111570e-04 0.000000e+00 0.000000e+00 0.000000e+00 1.549274e-03 1.247870e-04 0.000000e+00 1.336968e-03 3.567160e-03 2.497931e-04 1.201100e-03 4.890887e-05 0.000000e+00 3.239252e-03 0.000000e+00 0.000000e+00 9.196219e-04 0.000000e+00 5.038437e-04 0.000000e+00 1.066340e-03 0.000000e+00 0.000000e+00 6.404920e-01 -4.086451e-01
6.367595e-01 0.000000e+00 5.146691e-04 0.000000e+00 4.399123e-03 5.414503e-06 5.759094e-03 0.000000e+00 0.000000e+00 1.945761e-03 0.000000e+00 0.000000e+00 0.000000e+00 0.000000e+00 1.668362e-03 2.558471e-03 0.000000e+00 0.000000e+00 0.000000e+00 0.000000e+00 2.165198e-03 1.178722e-03 6.418899e-04 1.485045e-03 0.000000e+00 0.000000e+00 0.000000e+00 0.000000e+00 7.854272e-04 0.000000e+00 6.367595e-01 -3.761188e-01
6.351629e-01 0.000000e+00 1.363452e-03 0.000000e+00 0.000000e+00 0.000000e+00 3.574279e-03 1.111570e-04 2.572702e-04 1.957699e-03 0.000000e+00 1.549274e-03 0.000000e+00 1.757627e-05 1.336968e-03 2.012303e-03 2.497931e-04 1.201100e-03 4.890887e-05 0.000000e+00 3.239252e-03 6.225036e-04 0.000000e+00 9.196219e-04 0.000000e+00 5.038437e-04 0.000000e+00 2.418642e-04 0.000000e+00 0.000000e+00 6.351629e-01 -3.607847e-01
6.331648e-01 1.622844e-05 3.837209e-04 0.000000e+00 4.147663e-03 0.000000e+00 4.235107e-03 0.000000e+00 0.000000e+00 2.459880e-03 0.000000e+00 1.291062e-04 0.000000e+00 2.357168e-05 1.543841e-03 1.552319e-03 0.000000e+00 0.000000e+00 0.000000e+00 0.000000e+00 8.448952e-04 8.956644e-04 0.000000e+00 1.706856e-03 0.000000e+00 0.000000e+00 0.000000e+00 5.331700e-04 9.888713e-04 0.000000e+00 6.331648e-01 -3.387292e-01
6.313983e-01 0.000000e+00 2.396281e-03 0.000000e+00 3.752185e-04 0.000000e+00 4.843001e-03 0.000000e+00 4.897344e-06 2.026628e-03 0.000000e+00 0.000000e+00 0.000000e+00 2.812203e-05 0.000000e+00 3.935995e-03 2.200198e-03 2.135289e-03 3.077412e-05 0.000000e+00 0.000000e+00 5.122131e-04 6.155889e-05 8.148278e-04 0.000000e+00 0.000000e+00 3.874523e-04 3.781631e-03 9.264485e-03 0.000000e+00 6.313983e-01 -3.150781e-01
6.294375e-01 7.107011e-05 5.277261e-04 2.444537e-04 0.000000e+00 0.000000e+00 0.000000e+00 0.000000e+00 0.000000e+00 2.691824e-03 8.037893e-04 7.746371e-04 1.247870e-04 0.000000e+00 7.427439e-04 3.425401e-04 2.332755e-03 0.000000e+00 4.863410e-05 3.057874e-03 1.346619e-03 0.000000e+00 0.000000e+00 0.000000e+00 0.000000e+00 2.519218e-04 0.000000e+00 0.000000e+00 8.504704e-05 0.000000e+00 6.294375e-01 -2.934596e-01
6.277123e-01 6.491377e-05 9.089681e-04 1.855773e-04 0.000000e+00 1.777795e-04 0.000000e+00 0.000000e+00 2.812465e-04 0.000000e+00 0.000000e+00 6.885663e-04 2.495740e-04 9.740848e-05 0.000000e+00 2.214127e-03 0.000000e+00 2.135289e-03 0.000000e+00 0.000000e+00 0.000000e+00 5.361451e-06 1.604725e-04 1.616912e-04 0.000000e+00 6.717916e-04 0.000000e+00 4.837284e-04 0.000000e+00 0.000000e+00 6.277123e-01 -2.707169e-01
6.266116e-01 0.000000e+00 1.913834e-03 0.000000e+00 4.399123e-03 2.707252e-06 2.879547e-03 0.000000e+00 0.000000e+00 9.728805e-04 0.000000e+00 8.607079e-05 1.003319e-04 4.908824e-05 0.000000e+00 4.120691e-03 6.805135e-04 0.000000e+00 0.000000e+00 0.000000e+00 8.511648e-04 2.880062e-04 4.814175e-04 1.485045e-03 0.000000e+00 0.000000e+00 0.000000e+00 2.374544e-03 4.068881e-04 0.000000e+00 6.266116e-01 -2.525654e-01
6.242160e-01 6.491377e-05 9.089681e-04 1.629691e-04 0.000000e+00 1.852714e-05 0.000000e+00 0.000000e+00 0.000000e+00 2.205384e-03 5.358595e-04 0.000000e+00 0.000000e+00 9.740848e-05 1.485203e-04 2.697383e-03 0.000000e+00 0.000000e+00 4.835933e-05 2.446299e-03 0.000000e+00 0.000000e+00 0.000000e+00 0.000000e+00 0.000000e+00 0.000000e+00 0.000000e+00 2.011748e-03 0.000000e+00 0.000000e+00 6.242160e-01 -2.183253e-01
6.226210e-01 3.861323e-05 0.000000e+00 0.000000e+00 0.000000e+00 5.414503e-06 0.000000e+00 0.000000e+00 0.000000e+00 5.285481e-04 0.000000e+00 7.459468e-04 0.000000e+00 4.752735e-05 1.112241e-03 9.255752e-04 0.000000e+00 0.000000e+00 0.000000e+00 2.715620e-04 1.082599e-03 5.963019e-04 3.458481e-04 6.616767e-04 0.000000e+00 0.000000e+00 0.000000e+00 0.000000e+00 1.309504e-02 0.000000e+00 6.226210e-01 -1.915599e-01
6.209554e-01 1.709481e-02 1.198140e-03 0.000000e+00 3.752185e-04 1.606060e-04 2.421501e-03 0.000000e+00 5.019653e-05 2.186509e-03 0.000000e+00 0.000000e+00 1.492420e-04 6.217681e-05 0.000000e+00 2.344699e-03 1.100099e-03 1.601467e-03 0.000000e+00 0.000000e+00 0.000000e+00 2.609174e-04 1.604725e-04 1.081320e-03 0.000000e+00 0.000000e+00 1.937262e-04 1.890816e-03 0.000000e+00 0.000000e+00 6.209554e-01 -1.618171e-01
6.200600e-01 1.734874e-05 1.652624e-03 1.470376e-04 4.399123e-03 1.499888e-04 2.879547e-03 0.000000e+00 3.107978e-05 3.289201e-03 3.458379e-04 0.000000e+00 1.492420e-04 6.276525e-05 7.426017e-05 3.657904e-03 1.100099e-03 0.000000e+00 0.000000e+00 0.000000e+00 5.783127e-04 1.946175e-04 0.000000e+00 1.081320e-03 0.000000e+00 0.000000e+00 0.000000e+00 2.435893e-03 0.000000e+00 0.000000e+00 6.200600e-01 -1.486557e-01
4.546063e-01 0.000000e+00 0.000000e+00 0.000000e+00 0.000000e+00 5.683673e-06 0.000000e+00 0.000000e+00 9.549571e-05 0.000000e+00 0.000000e+00 0.000000e+00 0.000000e+00 9.623159e-05 0.000000e+00 7.534032e-04 0.000000e+00 0.000000e+00 0.000000e+00 1.223150e-03 0.000000e+00 1.110459e-04 0.000000e+00 0.000000e+00 0.000000e+00 0.000000e+00 0.000000e+00 0.000000e+00 2.834901e-05 0.000000e+00 4.546063e-01 -1.236236e-01
4.546063e-01 0.000000e+00 0.000000e+00 0.000000e+00 0.000000e+00 5.683673e-06 0.000000e+00 0.000000e+00 9.549571e-05 0.000000e+00 0.000000e+00 0.000000e+00 0.000000e+00 9.623159e-05 0.000000e+00 7.534032e-04 0.000000e+00 0.000000e+00 0.000000e+00 1.223150e-03 0.000000e+00 1.110459e-04 0.000000e+00 0.000000e+00 0.000000e+00 0.000000e+00 0.000000e+00 0.000000e+00 2.834901e-05 0.000000e+00 4.546063e-01 -1.236236e-01
4.546063e-01 0.000000e+00 0.000000e+00 0.000000e+00 0.000000e+00 5.683673e-06 0.000000e+00 0.000000e+00 9.549571e-05 0.000000e+00 0.000000e+00 0.000000e+00 0.000000e+00 9.623159e-05 0.000000e+00 7.534032e-04 0.000000e+00 0.000000e+00 0.000000e+00 1.223150e-03 0.000000e+00 1.110459e-04 0.000000e+00 0.000000e+00 0.000000e+00 0.000000e+00 0.000000e+00 0.000000e+00 2.834901e-05 0.000000e+00 4.546063e-01 -1.236236e-01
4.546063e-01 0.000000e+00 0.000000e+00 0.000000e+00 0.000000e+00 5.683673e-06 0.000000e+00 0.000000e+00 9.549571e-05 0.000000e+00 0.000000e+00 0.000000e+00 0.000000e+00 9.623159e-05 0.000000e+00 7.534032e-04 0.000000e+00 0.000000e+00 0.000000e+00 1.223150e-03 0.000000e+00 1.110459e-04 0.000000e+00 0.000000e+00 0.000000e+00 0.000000e+00 0.000000e+00 0.000000e+00 2.834901e-05 0.000000e+00 4.546063e-01 -1.236236e-01
4.546063e-01 0.000000e+00 0.000000e+00 0.000000e+00 0.000000e+00 5.683673e-06 0.000000e+00 0.000000e+00 9.549571e-05 0.000000e+00 0.000000e+00 0.000000e+00 0.000000e+00 9.623159e-05 0.000000e+00 7.534032e-04 0.000000e+00 0.000000e+00 0.000000e+00 1.223150e-03 0.000000e+00 1.110459e-04 0.000000e+00 0.000000e+00 0.000000e+00 0.000000e+00 0.000000e+00 0.000000e+00 2.834901e-05 0.000000e+00 4.546063e-01 -1.236236e-01
4.546063e-01 0.000000e+00 0.000000e+00 0.000000e+00 0.000000e+00 5.683673e-06 0.000000e+00 0.000000e+00 9.549571e-05 0.000000e+00 0.000000e+00 0.000000e+00 0.000000e+00 9.623159e-05 0.000000e+00 7.534032e-04 0.000000e+00 0.000000e+00 0.000000e+00 1.223150e-03 0.000000e+00 1.110459e-04 0.000000e+00 0.000000e+00 0.000000e+00 0.000000e+00 0.000000e+00 0.000000e+00 2.834901e-05 0.000000e+00 4.546063e-01 -1.236236e-01
4.458510e-01 7.331070e-05 0.000000e+00 1.801624e-04 0.000000e+00 6.083052e-05 0.000000e+00 0.000000e+00 6.215956e-05 0.000000e+00 6.916758e-04 0.000000e+00 3.760873e-04 0.000000e+00 2.109813e-04 0.000000e+00 0.000000e+00 0.000000e+00 0.000000e+00 2.542933e-04 5.368948e-04 4.095246e-04 0.000000e+00 9.958553e-04 0.000000e+00 0.000000e+00 0.000000e+00 1.226969e-04 4.252352e-05 0.000000e+00 4.458510e-01 -1.089592e-01
4.413156e-01 5.292448e-03 0.000000e+00 0.000000e+00 0.000000e+00 4.893498e-05 0.000000e+00 0.000000e+00 8.428661e-05 0.000000e+00 1.645865e-02 0.000000e+00 2.647030e-04 0.000000e+00 0.000000e+00 1.086206e-03 0.000000e+00 0.000000e+00 0.000000e+00 1.086248e-03 8.237549e-04 1.071267e-05 0.000000e+00 0.000000e+00 0.000000e+00 0.000000e+00 0.000000e+00 2.453937e-04 2.834901e-05 0.000000e+00 4.413156e-01 -8.403248e-02
4.360739e-01 6.491377e-05 0.000000e+00 2.608342e-05 0.000000e+00 9.173436e-06 0.000000e+00 0.000000e+00 6.638116e-05 0.000000e+00 0.000000e+00 0.000000e+00 3.074274e-04 4.811579e-05 0.000000e+00 1.129774e-04 0.000000e+00 0.000000e+00 0.000000e+00 1.086248e-03 0.000000e+00 1.596994e-05 0.000000e+00 0.000000e+00 0.000000e+00 0.000000e+00 0.000000e+00 3.246517e-04 4.252352e-05 0.000000e+00 4.360739e-01 -5.492300e-02
4.322173e-01 0.000000e+00 0.000000e+00 1.470376e-04 1.078233e-03 4.814665e-05 0.000000e+00 0.000000e+00 8.989116e-05 0.000000e+00 5.358595e-04 0.000000e+00 2.839524e-04 2.643385e-05 0.000000e+00 9.228693e-04 0.000000e+00 0.000000e+00 0.000000e+00 0.000000e+00 5.368948e-04 7.439432e-06 0.000000e+00 2.118250e-03 0.000000e+00 0.000000e+00 0.000000e+00 1.226969e-04 0.000000e+00 0.000000e+00 4.322173e-01 -2.270476e-02
4.284580e-01 3.245688e-05 0.000000e+00 0.000000e+00 0.000000e+00 1.372381e-04 0.000000e+00 0.000000e+00 3.613843e-05 0.000000e+00 0.000000e+00 0.000000e+00 3.685396e-04 1.380589e-05 0.000000e+00 1.168673e-03 0.000000e+00 0.000000e+00 0.000000e+00 5.431240e-04 8.237549e-04 6.006100e-05 0.000000e+00 0.000000e+00 0.000000e+00 0.000000e+00 0.000000e+00 1.623258e-04 0.000000e+00 0.000000e+00 4.284580e-01 1.210331e-02
4.244552e-01 8.953915e-05 0.000000e+00 2.608342e-05 0.000000e+00 5.442194e-05 0.000000e+00 0.000000e+00 1.120910e-05 0.000000e+00 0.000000e+00 0.000000e+00 0.000000e+00 2.050402e-05 2.813084e-04 1.129774e-04 0.000000e+00 0.000000e+00 0.000000e+00 0.000000e+00 0.000000e+00 1.062352e-04 2.140266e-04 1.595451e-04 0.000000e+00 0.000000e+00 0.000000e+00 8.443729e-05 0.000000e+00 0.000000e+00 4.244552e-01 5.378629e-02
4.209890e-01 5.337705e-03 0.000000e+00 2.653558e-04 0.000000e+00 1.372381e-04 0.000000e+00 0.000000e+00 3.653876e-05 0.000000e+00 0.000000e+00 0.000000e+00 0.000000e+00 7.618950e-06 2.813084e-04 0.000000e+00 0.000000e+00 0.000000e+00 0.000000e+00 5.431240e-04 0.000000e+00 0.000000e+00 3.210400e-04 0.000000e+00 0.000000e+00 0.000000e+00 0.000000e+00 2.453937e-04 0.000000e+00 0.000000e+00 4.209890e-01 9.475599e-02
4.178098e-01 5.610332e-05 0.000000e+00 0.000000e+00 0.000000e+00 1.092602e-04 1.025834e-03 0.000000e+00 4.003250e-05 0.000000e+00 0.000000e+00 0.000000e+00 1.842698e-04 3.410327e-05 0.000000e+00 9.175387e-04 0.000000e+00 0.000000e+00 0.000000e+00 1.086248e-03 8.237549e-04 1.487886e-05 0.000000e+00 8.517027e-04 0.000000e+00 0.000000e+00 0.000000e+00 1.992759e-04 2.834901e-05 0.000000e+00 4.178098e-01 1.329845e-01
4.139532e-01 1.677412e-04 0.000000e+00 4.639431e-05 1.887539e-05 0.000000e+00 0.000000e+00 0.000000e+00 0.000000e+00 0.000000e+00 0.000000e+00 0.000000e+00 0.000000e+00 1.396357e-05 5.626168e-04 0.000000e+00 0.000000e+00 0.000000e+00 0.000000e+00 0.000000e+00 0.000000e+00 0.000000e+00 0.000000e+00 9.958345e-04 0.000000e+00 0.000000e+00 0.000000e+00 0.000000e+00 1.133961e-04 0.000000e+00 4.139532e-01 1.813105e-01
4.100922e-01 0.000000e+00 0.000000e+00 4.577334e-04 0.000000e+00 0.000000e+00 0.000000e+00 0.000000e+00 5.895696e-06 0.000000e+00 0.000000e+00 0.000000e+00 0.000000e+00 0.000000e+00 0.000000e+00 0.000000e+00 0.000000e+00 0.000000e+00 0.000000e+00 1.086248e-03 0.000000e+00 1.487886e-05 0.000000e+00 7.339348e-04 0.000000e+00 0.000000e+00 0.000000e+00 4.142683e-04 0.000000e+00 0.000000e+00 4.100922e-01 2.323328e-01
2.573919e-01 0.000000e+00 0.000000e+00 4.639431e-05 0.000000e+00 0.000000e+00 0.000000e+00 0.000000e+00 5.895696e-06 0.000000e+00 0.000000e+00 0.000000e+00 0.000000e+00 3.075603e-05 5.626168e-04 0.000000e+00 0.000000e+00 0.000000e+00 0.000000e+00 0.000000e+00 0.000000e+00 0.000000e+00 3.210400e-04 0.000000e+00 0.000000e+00 0.000000e+00 0.000000e+00 0.000000e+00 0.000000e+00 0.000000e+00 2.573919e-01 2.424031e-01
2.573919e-01 0.000000e+00 0.000000e+00 4.639431e-05 0.000000e+00 0.000000e+00 0.000000e+00 0.000000e+00 5.895696e-06 0.000000e+00 0.000000e+00 0.000000e+00 0.000000e+00 3.075603e-05 5.626168e-04 0.000000e+00 0.000000e+00 0.000000e+00 0.000000e+00 0.000000e+00 0.000000e+00 0.000000e+00 3.210400e-04 0.000000e+00 0.000000e+00 0.000000e+00 0.000000e+00 0.000000e+00 0.000000e+00 0.000000e+00 2.573919e-01 2.424031e-01
2.573919e-01 0.000000e+00 0.000000e+00 4.639431e-05 0.000000e+00 0.000000e+00 0.000000e+00 0.000000e+00 5.895696e-06 0.000000e+00 0.000000e+00 0.000000e+00 0.000000e+00 3.075603e-05 5.626168e-04 0.000000e+00 0.000000e+00 0.000000e+00 0.000000e+00 0.000000e+00 0.000000e+00 0.000000e+00 3.210400e-04 0.000000e+00 0.000000e+00 0.000000e+00 0.000000e+00 0.000000e+00 0.000000e+00 0.000000e+00 2.573919e-01 2.424031e-01
2.573919e-01 0.000000e+00 0.000000e+00 4.639431e-05 0.000000e+00 0.000000e+00 0.000000e+00 0.000000e+00 5.895696e-06 0.000000e+00 0.000000e+00 0.000000e+00 0.000000e+00 3.075603e-05 5.626168e-04 0.000000e+00 0.000000e+00 0.000000e+00 0.000000e+00 0.000000e+00 0.000000e+00 0.000000e+00 3.210400e-04 0.000000e+00 0.000000e+00 0.000000e+00 0.000000e+00 0.000000e+00 0.000000e+00 0.000000e+00 2.573919e-01 2.424031e-01
2.573919e-01 0.000000e+00 0.000000e+00 4.639431e-05 0.000000e+00 0.000000e+00 0.000000e+00 0.000000e+00 5.895696e-06 0.000000e+00 0.000000e+00 0.000000e+00 0.000000e+00 3.075603e-05 5.626168e-04 0.000000e+00 0.000000e+00 0.000000e+00 0.000000e+00 0.000000e+00 0.000000e+00 0.000000e+00 3.210400e-04 0.000000e+00 0.000000e+00 0.000000e+00 0.000000e+00 0.000000e+00 0.000000e+00 0.000000e+00 2.573919e-01 2.424031e-01
2.573919e-01 0.000000e+00 0.000000e+00 4.639431e-05 0.000000e+00 0.000000e+00 0.000000e+00 0.000000e+00 5.895696e-06 0.000000e+00 0.000000e+00 0.000000e+00 0.000000e+00 3.075603e-05 5.626168e-04 0.000000e+00 0.000000e+00 0.000000e+00 0.000000e+00 0.000000e+00 0.000000e+00 0.000000e+00 3.210400e-04 0.000000e+00 0.000000e+00 0.000000e+00 0.000000e+00 0.000000e+00 0.000000e+00 0.000000e+00 2.573919e-01 2.424031e-01
2.557404e-01 0.000000e+00 0.000000e+00 4.577334e-04 1.358321e-04 1.667854e-06 0.000000e+00 0.000000e+00 5.895696e-06 0.000000e+00 1.800671e-03 0.000000e+00 0.000000e+00 0.000000e+00 0.000000e+00 0.000000e+00 0.000000e+00 0.000000e+00 0.000000e+00 0.000000e+00 1.866942e-03 1.487886e-05 0.000000e+00 7.339348e-04 0.000000e+00 0.000000e+00 0.000000e+00 4.142683e-04 0.000000e+00 0.000000e+00 2.557404e-01 2.439589e-01
2.428290e-01 0.000000e+00 0.000000e+00 3.631129e-04 0.000000e+00 3.335708e-07 0.000000e+00 0.000000e+00 5.895696e-06 0.000000e+00 1.807526e-03 0.000000e+00 1.774702e-04 0.000000e+00 2.813084e-04 0.000000e+00 0.000000e+00 0.000000e+00 0.000000e+00 0.000000e+00 0.000000e+00 0.000000e+00 0.000000e+00 0.000000e+00 0.000000e+00 0.000000e+00 0.000000e+00 0.000000e+00 2.834901e-05 0.000000e+00 2.428290e-01 2.711533e-01
2.334355e-01 0.000000e+00 0.000000e+00 8.450861e-04 0.000000e+00 0.000000e+00 0.000000e+00 0.000000e+00 5.895696e-06 0.000000e+00 0.000000e+00 0.000000e+00 1.774702e-04 3.075603e-05 2.335990e-04 0.000000e+00 0.000000e+00 0.000000e+00 0.000000e+00 0.000000e+00 0.000000e+00 0.000000e+00 3.210400e-04 5.705254e-04 0.000000e+00 0.000000e+00 0.000000e+00 0.000000e+00 2.834901e-05 0.000000e+00 2.334355e-01 3.148344e-01
2.235803e-01 0.000000e+00 0.000000e+00 3.209996e-04 3.544686e-04 9.415018e-06 0.000000e+00 0.000000e+00 1.710116e-04 8.123306e-05 0.000000e+00 0.000000e+00 2.218378e-05 2.053361e-04 0.000000e+00 0.000000e+00 0.000000e+00 0.000000e+00 0.000000e+00 0.000000e+00 2.018666e-04 2.975773e-05 0.000000e+00 4.986158e-04 0.000000e+00 1.537382e-03 0.000000e+00 1.536253e-04 0.000000e+00 0.000000e+00 2.235803e-01 3.771181e-01
2.154199e-01 0.000000e+00 0.000000e+00 9.823888e-04 6.410212e-04 8.581090e-06 0.000000e+00 0.000000e+00 2.947848e-06 8.123306e-05 0.000000e+00 0.000000e+00 0.000000e+00 3.831505e-05 4.219626e-04 0.000000e+00 0.000000e+00 0.000000e+00 0.000000e+00 0.000000e+00 1.009333e-04 0.000000e+00 1.716832e-03 8.198333e-04 0.000000e+00 0.000000e+00 0.000000e+00 3.840632e-05 0.000000e+00 0.000000e+00 2.154199e-01 4.367014e-01
2.061761e-01 0.000000e+00 0.000000e+00 4.215314e-04 4.637869e-04 1.312181e-05 0.000000e+00 0.000000e+00 5.240618e-06 4.061653e-05 9.003354e-04 0.000000e+00 0.000000e+00 2.293704e-05 9.335723e-04 0.000000e+00 8.350077e-05 0.000000e+00 0.000000e+00 0.000000e+00 0.000000e+00 1.487886e-05 1.070133e-04 9.242013e-04 0.000000e+00 0.000000e+00 0.000000e+00 3.840632e-05 0.000000e+00 0.000000e+00 2.061761e-01 5.071325e-01
1.949814e-01 1.481989e-04 0.000000e+00 6.469745e-04 0.000000e+00 0.000000e+00 0.000000e+00 0.000000e+00 0.000000e+00 0.000000e+00 0.000000e+00 0.000000e+00 3.633551e-05 0.000000e+00 5.568451e-04 0.000000e+00 0.000000e+00 0.000000e+00 0.000000e+00 6.675025e-04 0.000000e+00 3.404215e-04 0.000000e+00 5.055173e-04 0.000000e+00 0.000000e+00 0.000000e+00 0.000000e+00 3.543627e-06 0.000000e+00 1.949814e-01 5.897503e-01
1.828655e-01 0.000000e+00 0.000000e+00 3.711545e-04 0.000000e+00 1.253806e-05 0.000000e+00 0.000000e+00 0.000000e+00 0.000000e+00 0.000000e+00 0.000000e+00 0.000000e+00 2.733869e-05 3.709555e-04 0.000000e+00 0.000000e+00 0.000000e+00 0.000000e+00 0.000000e+00 5.970505e-04 0.000000e+00 0.000000e+00 0.000000e+00 0.000000e+00 0.000000e+00 0.000000e+00 0.000000e+00 0.000000e+00 0.000000e+00 1.828655e-01 6.664589e-01
8.500896e-02 0.000000e+00 0.000000e+00 3.209996e-04 3.544686e-04 9.415018e-06 0.000000e+00 0.000000e+00 0.000000e+00 8.123306e-05 0.000000e+00 0.000000e+00 2.218378e-05 4.587408e-05 0.000000e+00 0.000000e+00 0.000000e+00 0.000000e+00 0.000000e+00 0.000000e+00 2.018666e-04 2.975773e-05 0.000000e+00 4.986158e-04 0.000000e+00 0.000000e+00 0.000000e+00 7.681265e-05 7.087254e-06 0.000000e+00 8.500896e-02 6.703021e-01
8.500896e-02 0.000000e+00 0.000000e+00 3.209996e-04 3.544686e-04 9.415018e-06 0.000000e+00 0.000000e+00 0.000000e+00 8.123306e-05 0.000000e+00 0.000000e+00 2.218378e-05 4.587408e-05 0.000000e+00 0.000000e+00 0.000000e+00 0.000000e+00 0.000000e+00 0.000000e+00 2.018666e-04 2.975773e-05 0.000000e+00 4.986158e-04 0.000000e+00 0.000000e+00 0.000000e+00 7.681265e-05 7.087254e-06 0.000000e+00 8.500896e-02 6.703021e-01
8.500896e-02 0.000000e+00 0.000000e+00 3.209996e-04 3.544686e-04 9.415018e-06 0.000000e+00 0.000000e+00 0.000000e+00 8.123306e-05 0.000000e+00 0.000000e+00 2.218378e-05 4.587408e-05 0.000000e+00 0.000000e+00 0.000000e+00 0.000000e+00 0.000000e+00 0.000000e+00 2.018666e-04 2.975773e-05 0.000000e+00 4.986158e-04 0.000000e+00 0.000000e+00 0.000000e+00 7.681265e-05 7.087254e-06 0.000000e+00 8.500896e-02 6.703021e-01
8.500896e-02 0.000000e+00 0.000000e+00 3.209996e-04 3.544686e-04 9.415018e-06 0.000000e+00 0.000000e+00 0.000000e+00 8.123306e-05 0.000000e+00 0.000000e+00 2.218378e-05 4.587408e-05 0.000000e+00 0.000000e+00 0.000000e+00 0.000000e+00 0.000000e+00 0.000000e+00 2.018666e-04 2.975773e-05 0.000000e+00 4.986158e-04 0.000000e+00 0.000000e+00 0.000000e+00 7.681265e-05 7.087254e-06 0.000000e+00 8.500896e-02 6.703021e-01
7.630687e-02 0.000000e+00 0.000000e+00 8.973329e-04 0.000000e+00 4.194647e-06 0.000000e+00 0.000000e+00 0.000000e+00 0.000000e+00 2.285115e-04 0.000000e+00 1.021693e-04 0.000000e+00 0.000000e+00 0.000000e+00 0.000000e+00 0.000000e+00 0.000000e+00 1.791897e-04 7.273657e-04 4.946916e-05 0.000000e+00 0.000000e+00 0.000000e+00 0.000000e+00 0.000000e+00 7.681265e-05 7.087254e-06 0.000000e+00 7.630687e-02 6.726738e-01
5.556015e-02 1.070292e-05 0.000000e+00 6.807295e-05 3.143513e-04 9.415018e-06 0.000000e+00 0.000000e+00 0.000000e+00 0.000000e+00 0.000000e+00 0.000000e+00 1.549040e-04 1.875251e-04 2.319501e-04 0.000000e+00 0.000000e+00 0.000000e+00 0.000000e+00 1.028719e-03 1.402650e-04 1.677945e-04 4.146623e-06 0.000000e+00 0.000000e+00 0.000000e+00 0.000000e+00 1.152190e-04 0.000000e+00 0.000000e+00 5.556015e-02 7.102394e-01
3.867365e-02 2.634679e-05 0.000000e+00 7.623799e-04 0.000000e+00 3.660911e-04 0.000000e+00 0.000000e+00 0.000000e+00 0.000000e+00 0.000000e+00 0.000000e+00 1.723068e-04 1.146852e-05 9.005898e-05 0.000000e+00 0.000000e+00 0.000000e+00 0.000000e+00 6.812352e-04 0.000000e+00 2.957849e-04 0.000000e+00 2.927246e-04 0.000000e+00 0.000000e+00 0.000000e+00 1.152190e-04 3.189264e-05 0.000000e+00 3.867365e-02 7.678890e-01
1.794582e-02 7.409943e-05 0.000000e+00 3.208874e-04 0.000000e+00 1.667854e-06 0.000000e+00 0.000000e+00 0.000000e+00 0.000000e+00 0.000000e+00 0.000000e+00 9.485479e-05 4.401652e-06 0.000000e+00 0.000000e+00 0.000000e+00 0.000000e+00 0.000000e+00 3.337512e-04 1.885476e-03 8.492423e-04 1.658649e-05 1.562488e-04 0.000000e+00 0.000000e+00 0.000000e+00 0.000000e+00 0.000000e+00 0.000000e+00 1.794582e-02 8.575301e-01
0.000000e+00 1.317340e-05 0.000000e+00 4.736507e-04 2.111924e-04 1.881700e-04 0.000000e+00 0.000000e+00 0.000000e+00 8.123306e-05 0.000000e+00 0.000000e+00 1.021693e-04 2.867130e-05 0.000000e+00 0.000000e+00 0.000000e+00 0.000000e+00 0.000000e+00 1.791897e-04 2.018666e-04 4.946916e-05 0.000000e+00 5.519190e-04 0.000000e+00 0.000000e+00 0.000000e+00 1.344221e-04 1.948995e-05 0.000000e+00 0.000000e+00 1.000694e+00
