8.508697e-01	2.112260e-03	7.175716e-04	1.208447e-03	9.720041e-03	0.000000e+00	1.089961e-02	0.000000e+00	4.221438e-04	7.187327e-04	5.482478e-05	1.034107e-03	0.000000e+00	3.846405e-07	4.049869e-04	0.000000e+00	1.230058e-03	8.416800e-03	1.199184e-04	0.000000e+00	1.017845e-03	7.891997e-03	0.000000e+00	6.011593e-04	8.232190e-04	0.000000e+00	1.257571e-03	1.850494e-04	0.000000e+00	1.558407e-03	8.508697e-01	-7.645236e-01
8.477485e-01	0.000000e+00	0.000000e+00	4.922851e-04	6.745863e-03	4.715145e-04	6.413779e-03	0.000000e+00	2.311723e-03	3.686158e-03	1.108645e-03	0.000000e+00	3.042453e-04	1.819141e-04	0.000000e+00	6.786276e-03	1.573942e-03	1.922212e-03	3.824782e-04	7.794492e-04	0.000000e+00	9.912838e-03	0.000000e+00	7.858574e-04	0.000000e+00	0.000000e+00	1.323975e-03	2.857014e-04	0.000000e+00	1.616842e-02	8.477485e-01	-7.559971e-01
8.477485e-01	0.000000e+00	1.093326e-03	1.067524e-03	6.505777e-03	4.715145e-04	4.528901e-03	0.000000e+00	2.311723e-03	3.686158e-03	8.180292e-04	0.000000e+00	3.042453e-04	1.821064e-04	0.000000e+00	6.786276e-03	1.573942e-03	7.620026e-03	3.824782e-04	7.794492e-04	0.000000e+00	1.223302e-02	0.000000e+00	0.000000e+00	0.000000e+00	0.000000e+00	1.865373e-03	1.541609e-04	0.000000e+00	1.261822e-02	8.477485e-01	-7.554323e-01
8.443223e-01	6.625426e-03	3.189207e-04	9.731334e-04	1.014365e-02	7.256202e-03	0.000000e+00	5.749584e-05	1.765866e-03	1.166028e-03	5.908297e-04	2.151854e-04	4.373870e-03	4.100342e-04	1.636561e-03	3.393138e-03	7.802419e-04	3.132940e-03	3.329210e-04	4.710271e-04	1.678849e-03	4.474839e-03	3.109006e-06	0.000000e+00	6.070540e-03	0.000000e+00	5.955835e-04	0.000000e+00	8.797214e-04	1.433832e-03	8.443223e-01	-7.398976e-01
8.426545e-01	5.735035e-03	0.000000e+00	0.000000e+00	6.579975e-03	6.784688e-03	5.625826e-03	5.411374e-05	2.059413e-03	1.264261e-03	9.616436e-04	2.207098e-03	3.063770e-03	8.200683e-04	3.671269e-04	0.000000e+00	4.020601e-03	5.090663e-03	9.056789e-04	9.420543e-04	5.419131e-04	0.000000e+00	6.218011e-06	2.374227e-03	5.170152e-04	0.000000e+00	6.991017e-04	8.435052e-05	0.000000e+00	1.147066e-03	8.426545e-01	-7.295440e-01
8.426545e-01	1.462322e-02	4.907921e-03	5.796923e-05	8.053809e-04	6.784688e-03	3.294960e-04	5.411374e-05	2.059413e-03	1.591449e-03	1.620279e-04	5.059216e-03	0.000000e+00	3.615184e-03	3.671269e-04	0.000000e+00	4.020601e-03	0.000000e+00	9.056789e-04	1.166374e-05	1.074759e-03	5.950720e-03	0.000000e+00	3.364954e-03	3.027955e-03	1.474307e-04	0.000000e+00	4.513840e-04	2.199303e-04	8.574186e-03	8.426545e-01	-7.267834e-01
8.409984e-01	9.050905e-03	0.000000e+00	0.000000e+00	8.190737e-03	4.145487e-03	3.338215e-03	0.000000e+00	5.870952e-04	2.470644e-03	1.358794e-05	1.054880e-02	0.000000e+00	8.050436e-03	0.000000e+00	0.000000e+00	0.000000e+00	1.061461e-02	1.592610e-03	9.653818e-04	1.553962e-03	5.398180e-03	0.000000e+00	1.086513e-03	0.000000e+00	2.948614e-04	0.000000e+00	7.784355e-05	0.000000e+00	9.777879e-04	8.409984e-01	-7.130132e-01
8.401418e-01	5.890224e-03	6.378414e-04	1.319656e-04	9.093678e-03	5.841659e-03	3.338215e-03	0.000000e+00	5.870952e-04	1.976515e-03	1.096496e-04	3.553455e-03	4.435694e-04	7.692811e-07	2.925543e-04	0.000000e+00	2.460117e-03	8.295395e-03	2.398368e-04	0.000000e+00	2.080791e-03	0.000000e+00	0.000000e+00	8.900485e-04	8.731938e-04	0.000000e+00	5.075316e-04	2.352042e-05	0.000000e+00	1.074143e-02	8.401418e-01	-7.069744e-01
8.391748e-01	6.994013e-03	9.338652e-04	1.202121e-04	5.791415e-03	0.000000e+00	0.000000e+00	0.000000e+00	2.901108e-03	3.280915e-03	1.274825e-03	0.000000e+00	3.063770e-03	6.381543e-04	3.384120e-03	3.393138e-03	0.000000e+00	5.038799e-03	1.093741e-04	0.000000e+00	1.426926e-03	1.090281e-02	7.772514e-07	8.935464e-04	0.000000e+00	1.111686e-03	1.257571e-03	1.461276e-04	0.000000e+00	2.787315e-02	8.391748e-01	-6.935612e-01
8.384099e-01	1.246072e-02	7.175716e-04	1.334377e-03	7.285242e-03	0.000000e+00	1.502683e-02	0.000000e+00	4.403214e-04	2.561812e-03	4.420576e-04	2.181006e-03	0.000000e+00	0.000000e+00	0.000000e+00	0.000000e+00	7.869710e-04	0.000000e+00	6.675145e-04	3.897246e-04	1.171731e-03	0.000000e+00	0.000000e+00	4.634800e-03	2.729894e-03	1.505808e-03	1.149200e-03	1.752602e-04	0.000000e+00	4.840048e-03	8.384099e-01	-6.888712e-01
8.372681e-01	9.050905e-03	6.545694e-04	0.000000e+00	8.190737e-03	2.357573e-04	7.609072e-04	0.000000e+00	7.444372e-04	2.720406e-03	1.358794e-05	1.054880e-02	0.000000e+00	8.255453e-03	2.079408e-03	0.000000e+00	0.000000e+00	1.061461e-02	1.592610e-03	9.595499e-04	1.965960e-03	4.232779e-03	0.000000e+00	1.677225e-03	5.166142e-03	0.000000e+00	0.000000e+00	7.185013e-05	1.664293e-03	8.749526e-04	8.372681e-01	-6.740129e-01
8.372681e-01	9.050905e-03	6.545694e-04	0.000000e+00	8.190737e-03	2.357573e-04	7.609072e-04	0.000000e+00	7.444372e-04	2.720406e-03	1.358794e-05	1.054880e-02	0.000000e+00	8.255453e-03	2.079408e-03	0.000000e+00	0.000000e+00	1.061461e-02	1.592610e-03	9.595499e-04	1.965960e-03	4.232779e-03	0.000000e+00	1.677225e-03	5.166142e-03	0.000000e+00	0.000000e+00	7.185013e-05	1.664293e-03	8.749526e-04	8.372681e-01	-6.740129e-01
8.351941e-01	1.881441e-02	0.000000e+00	5.002596e-04	3.334829e-04	0.000000e+00	4.839790e-03	3.382108e-06	1.648229e-04	4.995241e-04	3.543572e-03	9.014098e-04	4.652272e-04	1.230102e-03	1.893263e-03	0.000000e+00	1.454364e-03	0.000000e+00	1.755875e-03	4.710271e-04	2.372124e-03	1.209551e-03	0.000000e+00	3.555651e-03	8.232190e-04	0.000000e+00	0.000000e+00	0.000000e+00	0.000000e+00	1.558407e-03	8.351941e-01	-6.525093e-01
8.348023e-01	1.002262e-02	1.295889e-02	1.319656e-04	2.403087e-03	7.151618e-04	6.465825e-03	0.000000e+00	0.000000e+00	0.000000e+00	6.495308e-03	4.441818e-04	0.000000e+00	0.000000e+00	2.925543e-04	0.000000e+00	0.000000e+00	0.000000e+00	5.610662e-03	0.000000e+00	9.949182e-04	0.000000e+00	0.000000e+00	5.237042e-03	8.935902e-03	4.302224e-03	0.000000e+00	0.000000e+00	7.845721e-04	1.987471e-03	8.348023e-01	-6.436459e-01
8.340649e-01	1.296529e-02	0.000000e+00	5.796923e-05	0.000000e+00	5.696681e-05	1.473301e-03	0.000000e+00	2.164313e-03	9.882574e-04	0.000000e+00	1.005907e-02	1.531885e-03	0.000000e+00	3.771468e-03	0.000000e+00	0.000000e+00	3.819017e-03	4.114265e-04	0.000000e+00	2.679423e-03	3.251630e-03	3.886257e-07	4.008811e-03	5.166142e-03	0.000000e+00	6.287856e-04	4.481305e-04	1.664293e-03	1.365526e-02	8.340649e-01	-6.333321e-01
8.330718e-01	9.050905e-03	3.587858e-04	1.167448e-03	0.000000e+00	0.000000e+00	9.540291e-03	0.000000e+00	0.000000e+00	1.148300e-03	3.283779e-03	8.883637e-04	7.440482e-03	8.200683e-04	2.079408e-03	0.000000e+00	0.000000e+00	0.000000e+00	1.592610e-03	1.948623e-04	1.553962e-03	0.000000e+00	0.000000e+00	4.685937e-03	1.929658e-03	7.529040e-04	0.000000e+00	7.784355e-05	0.000000e+00	9.777879e-04	8.330718e-01	-6.226961e-01
8.323518e-01	1.246072e-02	3.477364e-03	2.404241e-04	1.698895e-03	3.392344e-03	0.000000e+00	0.000000e+00	0.000000e+00	0.000000e+00	4.420576e-04	9.959564e-04	2.133315e-03	0.000000e+00	1.436008e-02	1.017941e-02	2.460117e-03	6.120904e-03	6.675145e-04	0.000000e+00	1.171731e-03	0.000000e+00	1.554503e-06	6.091029e-03	2.729894e-03	1.505808e-03	0.000000e+00	3.052798e-04	4.398607e-04	9.605142e-03	8.323518e-01	-6.063434e-01
8.316623e-01	1.100810e-02	2.607973e-02	8.179775e-04	7.387587e-03	0.000000e+00	0.000000e+00	5.411374e-05	3.722186e-04	1.649736e-03	0.000000e+00	5.718584e-03	2.326136e-04	8.200683e-04	7.810602e-03	0.000000e+00	1.651236e-03	6.804969e-03	6.495942e-03	4.826909e-04	1.315717e-03	5.398180e-03	0.000000e+00	4.722659e-03	0.000000e+00	7.175632e-04	0.000000e+00	0.000000e+00	8.321467e-04	1.147066e-03	8.316623e-01	-5.938415e-01
8.306011e-01	0.000000e+00	1.052115e-02	5.678477e-04	7.519557e-04	2.436473e-04	4.796717e-03	0.000000e+00	8.282920e-05	1.145187e-03	4.755147e-03	0.000000e+00	0.000000e+00	0.000000e+00	0.000000e+00	0.000000e+00	0.000000e+00	1.662051e-03	5.179036e-03	0.000000e+00	1.114591e-03	0.000000e+00	3.915400e-03	2.705991e-03	7.975144e-03	2.747313e-03	0.000000e+00	0.000000e+00	7.845721e-04	1.291423e-02	8.306011e-01	-5.819518e-01
8.297446e-01	1.100810e-02	8.760676e-04	8.179775e-04	7.387587e-03	1.257686e-04	3.747274e-03	0.000000e+00	3.722186e-04	6.603374e-04	4.124528e-03	5.718584e-03	0.000000e+00	8.200683e-04	7.810602e-03	0.000000e+00	0.000000e+00	5.090663e-03	6.056973e-03	0.000000e+00	1.420603e-03	0.000000e+00	0.000000e+00	4.722659e-03	5.170152e-04	2.847851e-03	0.000000e+00	0.000000e+00	0.000000e+00	0.000000e+00	8.297446e-01	-5.673641e-01
8.297446e-01	4.340898e-03	4.056041e-03	5.075334e-04	3.340645e-03	3.860643e-04	3.747274e-03	0.000000e+00	6.926235e-04	0.000000e+00	4.124528e-03	5.718584e-03	0.000000e+00	2.226434e-04	1.885734e-03	0.000000e+00	5.365043e-02	1.437123e-02	2.624482e-03	0.000000e+00	4.336426e-04	0.000000e+00	0.000000e+00	6.766634e-03	5.170152e-04	2.847851e-03	3.143928e-04	2.255460e-04	0.000000e+00	2.504894e-03	8.297446e-01	-5.589635e-01
8.287443e-01	1.851784e-02	2.448390e-03	0.000000e+00	0.000000e+00	0.000000e+00	4.796717e-03	0.000000e+00	9.017792e-04	2.290374e-03	3.553162e-03	4.683799e-03	2.024098e-04	0.000000e+00	0.000000e+00	6.620273e-03	0.000000e+00	1.233655e-02	1.059421e-04	1.930764e-03	1.812138e-03	0.000000e+00	0.000000e+00	0.000000e+00	7.975144e-03	1.088981e-03	0.000000e+00	0.000000e+00	3.328587e-03	1.327053e-02	8.287443e-01	-5.464921e-01
8.276913e-01	7.117173e-03	5.280237e-03	4.785488e-04	3.340645e-03	3.575809e-04	5.594742e-03	0.000000e+00	6.135659e-05	0.000000e+00	4.017199e-03	9.794627e-04	0.000000e+00	2.226434e-04	0.000000e+00	1.446775e-03	3.463028e-04	1.862999e-02	2.471740e-03	6.033636e-04	0.000000e+00	1.058878e-04	0.000000e+00	4.762228e-03	0.000000e+00	4.641597e-03	0.000000e+00	1.480728e-06	0.000000e+00	2.312530e-03	8.276913e-01	-5.317142e-01
8.271634e-01	0.000000e+00	5.280237e-03	4.367151e-04	1.187923e-02	0.000000e+00	0.000000e+00	2.988726e-04	2.454263e-04	0.000000e+00	0.000000e+00	5.292796e-05	8.537274e-03	8.200683e-04	5.960551e-04	4.193177e-03	0.000000e+00	2.722438e-03	6.653126e-05	9.653818e-04	1.110868e-04	3.362897e-02	0.000000e+00	8.141382e-04	5.170152e-04	1.910579e-03	7.865910e-04	1.480728e-06	0.000000e+00	0.000000e+00	8.271634e-01	-5.201905e-01
8.264792e-01	0.000000e+00	1.254917e-02	6.193382e-04	1.157879e-03	0.000000e+00	2.337713e-03	0.000000e+00	0.000000e+00	1.024977e-03	2.255476e-03	7.096900e-04	1.066658e-03	1.113217e-04	0.000000e+00	5.813095e-03	2.621019e-02	3.645063e-03	5.909669e-03	0.000000e+00	8.163061e-04	0.000000e+00	0.000000e+00	4.322310e-03	7.551178e-03	2.421130e-03	1.571964e-04	1.541206e-04	6.746069e-04	2.982923e-04	8.264792e-01	-5.064570e-01
8.251106e-01	0.000000e+00	0.000000e+00	1.523748e-04	1.000595e-02	0.000000e+00	0.000000e+00	2.988726e-04	2.454263e-04	5.390495e-04	3.346382e-03	0.000000e+00	8.537274e-03	4.805396e-04	5.960551e-04	4.193177e-03	0.000000e+00	9.074794e-04	6.653126e-05	9.653818e-04	0.000000e+00	4.235510e-04	1.076322e-03	8.141382e-04	5.395010e-03	6.824228e-03	0.000000e+00	1.480728e-06	0.000000e+00	0.000000e+00	8.251106e-01	-4.861983e-01
8.251106e-01	1.100810e-02	1.870416e-03	8.839603e-04	6.093243e-03	0.000000e+00	3.804536e-04	0.000000e+00	3.042491e-03	1.172826e-03	6.612330e-03	5.903831e-03	5.333289e-04	4.100342e-04	7.512574e-03	0.000000e+00	1.310509e-02	5.098236e-03	6.977091e-03	0.000000e+00	1.384408e-03	0.000000e+00	0.000000e+00	6.354624e-03	5.170152e-04	4.639874e-03	0.000000e+00	0.000000e+00	0.000000e+00	0.000000e+00	8.251106e-01	-4.796011e-01
8.251106e-01	1.100810e-02	1.870416e-03	8.839603e-04	6.093243e-03	0.000000e+00	3.804536e-04	0.000000e+00	3.042491e-03	1.172826e-03	6.612330e-03	5.903831e-03	5.333289e-04	4.100342e-04	7.512574e-03	0.000000e+00	1.310509e-02	5.098236e-03	6.977091e-03	0.000000e+00	1.384408e-03	0.000000e+00	0.000000e+00	6.354624e-03	5.170152e-04	4.639874e-03	0.000000e+00	0.000000e+00	0.000000e+00	0.000000e+00	8.251106e-01	-4.796011e-01
6.526474e-01	0.000000e+00	1.056047e-02	5.686807e-04	3.746568e-03	5.363713e-04	2.708155e-03	0.000000e+00	0.000000e+00	0.000000e+00	4.975603e-03	4.234237e-04	0.000000e+00	0.000000e+00	0.000000e+00	0.000000e+00	0.000000e+00	3.629917e-03	1.906766e-03	0.000000e+00	8.886944e-04	0.000000e+00	0.000000e+00	1.058380e-03	0.000000e+00	5.494625e-03	1.573182e-03	0.000000e+00	0.000000e+00	2.982923e-04	6.526474e-01	-4.511454e-01
6.526474e-01	0.000000e+00	1.056047e-02	5.686807e-04	3.746568e-03	5.363713e-04	2.708155e-03	0.000000e+00	0.000000e+00	0.000000e+00	4.975603e-03	4.234237e-04	0.000000e+00	0.000000e+00	0.000000e+00	0.000000e+00	0.000000e+00	3.629917e-03	1.906766e-03	0.000000e+00	8.886944e-04	0.000000e+00	0.000000e+00	1.058380e-03	0.000000e+00	5.494625e-03	1.573182e-03	0.000000e+00	0.000000e+00	2.982923e-04	6.526474e-01	-4.511454e-01
6.526474e-01	0.000000e+00	1.056047e-02	5.686807e-04	3.746568e-03	5.363713e-04	2.708155e-03	0.000000e+00	0.000000e+00	0.000000e+00	4.975603e-03	4.234237e-04	0.000000e+00	0.000000e+00	0.000000e+00	0.000000e+00	0.000000e+00	3.629917e-03	1.906766e-03	0.000000e+00	8.886944e-04	0.000000e+00	0.000000e+00	1.058380e-03	0.000000e+00	5.494625e-03	1.573182e-03	0.000000e+00	0.000000e+00	2.982923e-04	6.526474e-01	-4.511454e-01
6.526474e-01	0.000000e+00	1.056047e-02	5.686807e-04	3.746568e-03	5.363713e-04	2.708155e-03	0.000000e+00	0.000000e+00	0.000000e+00	4.975603e-03	4.234237e-04	0.000000e+00	0.000000e+00	0.000000e+00	0.000000e+00	0.000000e+00	3.629917e-03	1.906766e-03	0.000000e+00	8.886944e-04	0.000000e+00	0.000000e+00	1.058380e-03	0.000000e+00	5.494625e-03	1.573182e-03	0.000000e+00	0.000000e+00	2.982923e-04	6.526474e-01	-4.511454e-01
6.526474e-01	0.000000e+00	1.056047e-02	5.686807e-04	3.746568e-03	5.363713e-04	2.708155e-03	0.000000e+00	0.000000e+00	0.000000e+00	4.975603e-03	4.234237e-04	0.000000e+00	0.000000e+00	0.000000e+00	0.000000e+00	0.000000e+00	3.629917e-03	1.906766e-03	0.000000e+00	8.886944e-04	0.000000e+00	0.000000e+00	1.058380e-03	0.000000e+00	5.494625e-03	1.573182e-03	0.000000e+00	0.000000e+00	2.982923e-04	6.526474e-01	-4.511454e-01
6.485419e-01	0.000000e+00	0.000000e+00	0.000000e+00	1.000595e-02	0.000000e+00	2.030798e-03	0.000000e+00	0.000000e+00	4.390764e-04	1.736167e-02	3.175677e-04	7.725550e-04	0.000000e+00	1.711830e-03	1.606428e-03	2.608453e-03	5.949113e-03	6.574276e-03	0.000000e+00	1.777389e-03	0.000000e+00	1.468275e-03	1.465449e-03	0.000000e+00	2.747313e-03	0.000000e+00	4.442185e-06	0.000000e+00	9.378236e-03	6.485419e-01	-4.408647e-01
6.438463e-01	0.000000e+00	0.000000e+00	0.000000e+00	1.000595e-02	0.000000e+00	2.030798e-03	0.000000e+00	1.784919e-04	0.000000e+00	3.604248e-03	2.117118e-04	0.000000e+00	0.000000e+00	1.711830e-03	1.606428e-03	6.926056e-04	2.722438e-03	2.488373e-03	0.000000e+00	1.777389e-03	4.235510e-04	3.915400e-03	1.302621e-03	1.920885e-03	2.747313e-03	0.000000e+00	4.442185e-06	0.000000e+00	4.732094e-03	6.438463e-01	-4.264160e-01
6.425157e-01	2.742032e-03	0.000000e+00	5.686807e-04	0.000000e+00	1.787904e-04	7.459019e-03	1.026750e-03	2.086036e-04	8.503108e-04	6.675657e-04	0.000000e+00	2.329847e-03	4.289258e-04	0.000000e+00	2.806400e-03	4.006943e-03	5.422930e-04	5.963889e-03	3.117616e-04	2.337154e-03	5.032025e-03	0.000000e+00	0.000000e+00	0.000000e+00	4.814650e-03	6.294234e-03	1.110546e-06	0.000000e+00	8.255010e-03	6.425157e-01	-4.158090e-01
6.406356e-01	3.857835e-04	1.056047e-02	2.843404e-04	3.340645e-03	7.151618e-04	8.593671e-03	4.290051e-04	8.924594e-05	0.000000e+00	5.024938e-03	5.028156e-04	5.363992e-03	3.550916e-05	0.000000e+00	3.119892e-03	1.681588e-03	1.701524e-03	5.184523e-03	4.456835e-05	5.554340e-04	2.037515e-04	1.468275e-03	1.139793e-03	1.431571e-04	6.939748e-03	9.252628e-04	0.000000e+00	2.997458e-03	8.076118e-04	6.406356e-01	-4.018869e-01
6.381416e-01	2.742032e-03	1.056047e-02	0.000000e+00	0.000000e+00	0.000000e+00	2.191394e-03	0.000000e+00	0.000000e+00	5.352663e-03	0.000000e+00	3.440317e-04	8.853333e-04	8.379334e-05	9.850819e-04	2.360168e-03	0.000000e+00	4.083657e-03	1.281282e-03	2.525396e-05	1.333042e-03	8.150061e-04	0.000000e+00	3.256553e-04	0.000000e+00	3.469874e-03	1.573935e-03	5.154096e-03	0.000000e+00	8.612977e-03	6.381416e-01	-3.834542e-01
6.369078e-01	0.000000e+00	1.256511e-02	0.000000e+00	3.340645e-03	2.681857e-04	1.354077e-03	0.000000e+00	4.339847e-04	0.000000e+00	5.701904e-03	2.117118e-04	0.000000e+00	0.000000e+00	0.000000e+00	2.678443e-03	2.192648e-04	4.991137e-03	6.031089e-03	0.000000e+00	5.554340e-04	0.000000e+00	6.708668e-03	1.017673e-04	0.000000e+00	3.759688e-03	2.476999e-03	2.961457e-06	0.000000e+00	0.000000e+00	6.369078e-01	-3.722427e-01
6.349846e-01	2.549140e-03	0.000000e+00	5.686807e-04	2.029616e-04	5.363713e-04	0.000000e+00	2.225860e-03	2.117840e-05	1.275466e-03	2.604031e-03	5.292796e-04	1.164924e-03	6.603876e-05	9.850819e-04	8.002227e-04	3.679744e-03	3.629917e-03	4.217815e-03	0.000000e+00	9.503585e-03	0.000000e+00	0.000000e+00	7.734313e-04	1.920885e-03	4.843530e-03	2.014367e-03	2.221092e-06	0.000000e+00	5.911464e-03	6.349846e-01	-3.531317e-01
6.339852e-01	0.000000e+00	9.473545e-03	0.000000e+00	1.670322e-03	0.000000e+00	0.000000e+00	1.172957e-03	3.511555e-04	0.000000e+00	0.000000e+00	9.923992e-05	4.990558e-04	0.000000e+00	0.000000e+00	2.857477e-03	4.261860e-03	3.176178e-03	3.599111e-03	2.525396e-05	1.110868e-04	0.000000e+00	6.935470e-03	2.035345e-05	1.634571e-03	1.337923e-03	1.621072e-03	3.470457e-06	1.111602e-03	0.000000e+00	6.339852e-01	-3.441753e-01
6.317270e-01	2.742032e-03	0.000000e+00	0.000000e+00	0.000000e+00	0.000000e+00	2.191394e-03	2.440363e-03	6.580137e-05	1.392099e-05	1.348302e-03	4.234237e-04	8.853333e-04	8.379334e-05	9.850819e-04	2.360168e-03	4.520538e-03	1.814959e-03	3.599111e-03	2.525396e-05	0.000000e+00	0.000000e+00	3.915400e-03	8.141382e-04	0.000000e+00	3.469874e-03	1.690408e-03	8.406599e-05	0.000000e+00	6.166124e-03	6.317270e-01	-3.178463e-01
6.313644e-01	1.511301e-03	0.000000e+00	5.686807e-04	8.351612e-04	6.704642e-04	3.258966e-03	0.000000e+00	1.656584e-04	2.784198e-05	1.736167e-02	6.748315e-04	1.055191e-03	0.000000e+00	0.000000e+00	2.805316e-03	1.209963e-03	5.677966e-03	4.836518e-03	0.000000e+00	3.527006e-03	0.000000e+00	1.468275e-03	1.465449e-03	2.668220e-03	4.843530e-03	1.711854e-03	9.254552e-07	0.000000e+00	7.308018e-03	6.313644e-01	-3.088578e-01
6.293792e-01	0.000000e+00	0.000000e+00	0.000000e+00	1.670322e-03	0.000000e+00	0.000000e+00	0.000000e+00	1.656584e-04	0.000000e+00	4.516118e-03	0.000000e+00	4.990558e-04	8.379334e-05	0.000000e+00	3.163383e-03	4.261860e-03	3.176178e-03	3.599111e-03	2.525396e-05	1.110868e-04	0.000000e+00	7.687518e-03	0.000000e+00	1.634571e-03	0.000000e+00	1.690408e-03	0.000000e+00	0.000000e+00	0.000000e+00	6.293792e-01	-2.891462e-01
6.278873e-01	0.000000e+00	3.190990e-03	2.843404e-04	3.340645e-03	0.000000e+00	6.770387e-04	4.290051e-04	4.883580e-04	3.258270e-04	0.000000e+00	5.028156e-04	5.363992e-03	0.000000e+00	2.980275e-04	2.548346e-03	8.099928e-03	2.495568e-03	2.692474e-03	3.788094e-05	9.442378e-04	2.516012e-03	5.538836e-03	3.256553e-04	5.050125e-03	1.373656e-03	2.360526e-03	4.420781e-05	1.111602e-03	3.720258e-03	6.278873e-01	-2.646675e-01
6.267482e-01	0.000000e+00	0.000000e+00	0.000000e+00	0.000000e+00	8.787721e-03	0.000000e+00	0.000000e+00	4.339847e-04	1.806910e-03	0.000000e+00	0.000000e+00	1.551201e-03	0.000000e+00	0.000000e+00	0.000000e+00	3.799960e-04	0.000000e+00	0.000000e+00	0.000000e+00	0.000000e+00	0.000000e+00	0.000000e+00	0.000000e+00	5.150022e-03	0.000000e+00	0.000000e+00	1.480728e-06	0.000000e+00	0.000000e+00	6.267482e-01	-2.551120e-01
6.255193e-01	0.000000e+00	0.000000e+00	0.000000e+00	1.670322e-03	4.729093e-03	1.101621e-03	2.345914e-03	0.000000e+00	0.000000e+00	4.731052e-03	4.498876e-04	7.619758e-04	0.000000e+00	0.000000e+00	3.163383e-03	2.828069e-04	0.000000e+00	1.237406e-03	0.000000e+00	1.110868e-04	0.000000e+00	1.921880e-03	1.302621e-03	3.233365e-03	0.000000e+00	0.000000e+00	1.943456e-06	2.223205e-03	0.000000e+00	6.255193e-01	-2.348637e-01
6.247120e-01	1.511301e-03	0.000000e+00	0.000000e+00	0.000000e+00	2.681857e-04	2.708155e-03	2.589799e-03	1.486306e-04	6.516541e-04	2.650318e-03	6.086715e-04	1.164924e-03	0.000000e+00	5.960551e-04	2.060182e-03	7.895400e-03	3.629917e-03	4.217815e-03	2.525396e-05	2.221736e-03	0.000000e+00	3.915400e-03	1.058380e-03	5.414961e-04	3.831155e-03	3.146364e-03	8.443617e-05	0.000000e+00	7.440516e-03	6.247120e-01	-2.181426e-01
6.218237e-01	0.000000e+00	0.000000e+00	0.000000e+00	0.000000e+00	0.000000e+00	0.000000e+00	0.000000e+00	0.000000e+00	0.000000e+00	0.000000e+00	1.587839e-04	2.194653e-04	1.675867e-04	0.000000e+00	0.000000e+00	6.789662e-04	0.000000e+00	0.000000e+00	5.050792e-05	0.000000e+00	0.000000e+00	0.000000e+00	0.000000e+00	1.153665e-03	0.000000e+00	2.352049e-04	0.000000e+00	0.000000e+00	0.000000e+00	6.218237e-01	-1.817622e-01
6.208998e-01	2.742032e-03	0.000000e+00	0.000000e+00	0.000000e+00	0.000000e+00	8.403996e-06	2.225860e-03	0.000000e+00	0.000000e+00	1.348302e-03	1.587839e-04	0.000000e+00	1.452028e-04	0.000000e+00	0.000000e+00	2.415844e-03	1.050732e-02	2.252874e-03	4.197058e-04	0.000000e+00	0.000000e+00	0.000000e+00	6.513105e-04	0.000000e+00	1.159696e-04	1.568033e-04	0.000000e+00	0.000000e+00	4.305995e-03	6.208998e-01	-1.618085e-01
6.195302e-01	0.000000e+00	0.000000e+00	0.000000e+00	1.670322e-03	0.000000e+00	8.403996e-06	3.303612e-04	0.000000e+00	1.073317e-02	4.516118e-03	1.587839e-04	3.314112e-04	1.675867e-04	0.000000e+00	3.163383e-03	6.789662e-04	9.074794e-04	1.237406e-03	5.050792e-05	1.555215e-03	1.630012e-03	0.000000e+00	0.000000e+00	0.000000e+00	0.000000e+00	1.506103e-06	0.000000e+00	0.000000e+00	2.074394e-02	6.195302e-01	-1.347826e-01
4.529533e-01	0.000000e+00	0.000000e+00	0.000000e+00	0.000000e+00	0.000000e+00	0.000000e+00	0.000000e+00	0.000000e+00	0.000000e+00	0.000000e+00	1.587839e-04	2.194653e-04	7.805098e-05	0.000000e+00	0.000000e+00	6.789662e-04	0.000000e+00	0.000000e+00	0.000000e+00	0.000000e+00	0.000000e+00	0.000000e+00	0.000000e+00	1.067144e-03	0.000000e+00	0.000000e+00	0.000000e+00	0.000000e+00	0.000000e+00	4.529533e-01	-1.235697e-01
4.529533e-01	0.000000e+00	0.000000e+00	0.000000e+00	0.000000e+00	0.000000e+00	0.000000e+00	0.000000e+00	0.000000e+00	0.000000e+00	0.000000e+00	1.587839e-04	2.194653e-04	7.805098e-05	0.000000e+00	0.000000e+00	6.789662e-04	0.000000e+00	0.000000e+00	0.000000e+00	0.000000e+00	0.000000e+00	0.000000e+00	0.000000e+00	1.067144e-03	0.000000e+00	0.000000e+00	0.000000e+00	0.000000e+00	0.000000e+00	4.529533e-01	-1.235697e-01
4.529533e-01	0.000000e+00	0.000000e+00	0.000000e+00	0.000000e+00	0.000000e+00	0.000000e+00	0.000000e+00	0.000000e+00	0.000000e+00	0.000000e+00	1.587839e-04	2.194653e-04	7.805098e-05	0.000000e+00	0.000000e+00	6.789662e-04	0.000000e+00	0.000000e+00	0.000000e+00	0.000000e+00	0.000000e+00	0.000000e+00	0.000000e+00	1.067144e-03	0.000000e+00	0.000000e+00	0.000000e+00	0.000000e+00	0.000000e+00	4.529533e-01	-1.235697e-01
4.529533e-01	0.000000e+00	0.000000e+00	0.000000e+00	0.000000e+00	0.000000e+00	0.000000e+00	0.000000e+00	0.000000e+00	0.000000e+00	0.000000e+00	1.587839e-04	2.194653e-04	7.805098e-05	0.000000e+00	0.000000e+00	6.789662e-04	0.000000e+00	0.000000e+00	0.000000e+00	0.000000e+00	0.000000e+00	0.000000e+00	0.000000e+00	1.067144e-03	0.000000e+00	0.000000e+00	0.000000e+00	0.000000e+00	0.000000e+00	4.529533e-01	-1.235697e-01
4.529533e-01	0.000000e+00	0.000000e+00	0.000000e+00	0.000000e+00	0.000000e+00	0.000000e+00	0.000000e+00	0.000000e+00	0.000000e+00	0.000000e+00	1.587839e-04	2.194653e-04	7.805098e-05	0.000000e+00	0.000000e+00	6.789662e-04	0.000000e+00	0.000000e+00	0.000000e+00	0.000000e+00	0.000000e+00	0.000000e+00	0.000000e+00	1.067144e-03	0.000000e+00	0.000000e+00	0.000000e+00	0.000000e+00	0.000000e+00	4.529533e-01	-1.235697e-01
4.529533e-01	0.000000e+00	0.000000e+00	0.000000e+00	0.000000e+00	0.000000e+00	0.000000e+00	0.000000e+00	0.000000e+00	0.000000e+00	0.000000e+00	1.587839e-04	2.194653e-04	7.805098e-05	0.000000e+00	0.000000e+00	6.789662e-04	0.000000e+00	0.000000e+00	0.000000e+00	0.000000e+00	0.000000e+00	0.000000e+00	0.000000e+00	1.067144e-03	0.000000e+00	0.000000e+00	0.000000e+00	0.000000e+00	0.000000e+00	4.529533e-01	-1.235697e-01
4.529533e-01	0.000000e+00	0.000000e+00	0.000000e+00	0.000000e+00	0.000000e+00	0.000000e+00	0.000000e+00	0.000000e+00	0.000000e+00	0.000000e+00	1.587839e-04	2.194653e-04	7.805098e-05	0.000000e+00	0.000000e+00	6.789662e-04	0.000000e+00	0.000000e+00	0.000000e+00	0.000000e+00	0.000000e+00	0.000000e+00	0.000000e+00	1.067144e-03	0.000000e+00	0.000000e+00	0.000000e+00	0.000000e+00	0.000000e+00	4.529533e-01	-1.235697e-01
4.529533e-01	0.000000e+00	0.000000e+00	0.000000e+00	0.000000e+00	0.000000e+00	0.000000e+00	0.000000e+00	0.000000e+00	0.000000e+00	0.000000e+00	1.587839e-04	2.194653e-04	7.805098e-05	0.000000e+00	0.000000e+00	6.789662e-04	0.000000e+00	0.000000e+00	0.000000e+00	0.000000e+00	0.000000e+00	0.000000e+00	0.000000e+00	1.067144e-03	0.000000e+00	0.000000e+00	0.000000e+00	0.000000e+00	0.000000e+00	4.529533e-01	-1.235697e-01
4.461981e-01	0.000000e+00	0.000000e+00	0.000000e+00	0.000000e+00	0.000000e+00	1.124512e-04	0.000000e+00	6.400767e-04	5.853145e-03	0.000000e+00	1.587839e-04	9.462652e-04	2.123545e-04	0.000000e+00	0.000000e+00	4.152722e-03	0.000000e+00	0.000000e+00	8.394117e-04	0.000000e+00	8.369987e-04	0.000000e+00	0.000000e+00	1.110404e-03	2.319392e-04	9.136398e-05	0.000000e+00	2.586697e-04	2.633589e-04	4.461981e-01	-1.077512e-01
4.417405e-01	0.000000e+00	0.000000e+00	0.000000e+00	0.000000e+00	0.000000e+00	0.000000e+00	0.000000e+00	0.000000e+00	0.000000e+00	0.000000e+00	0.000000e+00	0.000000e+00	3.875628e-04	0.000000e+00	1.721762e-03	6.789662e-04	0.000000e+00	0.000000e+00	0.000000e+00	0.000000e+00	0.000000e+00	0.000000e+00	0.000000e+00	0.000000e+00	4.638784e-04	0.000000e+00	1.485106e-03	0.000000e+00	3.215186e-03	4.417405e-01	-8.993983e-02
4.375779e-01	0.000000e+00	0.000000e+00	0.000000e+00	0.000000e+00	0.000000e+00	2.249025e-04	0.000000e+00	0.000000e+00	1.170629e-02	0.000000e+00	1.587839e-04	2.194653e-04	7.805098e-05	0.000000e+00	4.618566e-05	6.789662e-04	0.000000e+00	0.000000e+00	0.000000e+00	0.000000e+00	1.673997e-03	0.000000e+00	0.000000e+00	1.153665e-03	0.000000e+00	1.827280e-04	0.000000e+00	0.000000e+00	5.267178e-04	4.375779e-01	-6.271393e-02
4.342233e-01	1.458244e-05	0.000000e+00	0.000000e+00	0.000000e+00	0.000000e+00	1.904135e-03	1.331663e-03	0.000000e+00	7.449972e-03	0.000000e+00	2.995396e-05	6.498686e-04	3.286034e-04	4.373491e-04	0.000000e+00	3.394831e-04	0.000000e+00	5.462975e-03	0.000000e+00	0.000000e+00	0.000000e+00	0.000000e+00	0.000000e+00	1.768333e-04	4.638784e-04	7.840164e-05	0.000000e+00	4.123401e-04	0.000000e+00	4.342233e-01	-3.695350e-02
4.323755e-01	0.000000e+00	0.000000e+00	0.000000e+00	0.000000e+00	0.000000e+00	0.000000e+00	0.000000e+00	6.400767e-04	1.901582e-03	0.000000e+00	7.939194e-05	8.141004e-04	8.754546e-05	0.000000e+00	3.869538e-02	3.394831e-04	0.000000e+00	0.000000e+00	0.000000e+00	0.000000e+00	0.000000e+00	0.000000e+00	0.000000e+00	1.240186e-03	0.000000e+00	1.060638e-03	0.000000e+00	0.000000e+00	4.140175e-04	4.323755e-01	-1.587976e-02
4.297194e-01	0.000000e+00	0.000000e+00	0.000000e+00	0.000000e+00	0.000000e+00	5.040884e-03	0.000000e+00	0.000000e+00	6.839687e-03	0.000000e+00	0.000000e+00	0.000000e+00	8.754546e-05	0.000000e+00	3.869538e-02	1.514633e-02	0.000000e+00	0.000000e+00	0.000000e+00	0.000000e+00	0.000000e+00	0.000000e+00	0.000000e+00	1.239514e-03	9.277569e-04	1.568033e-04	0.000000e+00	0.000000e+00	1.386678e-04	4.297194e-01	1.333991e-02
4.255160e-01	0.000000e+00	0.000000e+00	0.000000e+00	0.000000e+00	0.000000e+00	1.777111e-03	0.000000e+00	8.961074e-03	1.170629e-02	0.000000e+00	6.799916e-04	2.194653e-04	7.805098e-05	4.373491e-04	4.618566e-05	6.789662e-04	0.000000e+00	0.000000e+00	0.000000e+00	0.000000e+00	1.777016e-03	0.000000e+00	0.000000e+00	1.155008e-03	0.000000e+00	9.136398e-05	2.475159e-03	0.000000e+00	1.645747e-03	4.255160e-01	4.860412e-02
4.236884e-01	0.000000e+00	0.000000e+00	0.000000e+00	0.000000e+00	0.000000e+00	4.394039e-03	0.000000e+00	0.000000e+00	6.839687e-03	0.000000e+00	0.000000e+00	8.141004e-04	8.754546e-05	0.000000e+00	3.869538e-02	0.000000e+00	0.000000e+00	0.000000e+00	0.000000e+00	0.000000e+00	0.000000e+00	0.000000e+00	0.000000e+00	1.240186e-03	0.000000e+00	2.111554e-03	0.000000e+00	0.000000e+00	6.981823e-04	4.236884e-01	7.360074e-02
4.200515e-01	1.458244e-05	0.000000e+00	0.000000e+00	0.000000e+00	0.000000e+00	3.202696e-03	1.331663e-03	0.000000e+00	7.449972e-03	0.000000e+00	2.995396e-05	6.498686e-04	1.733290e-04	0.000000e+00	0.000000e+00	6.967749e-03	0.000000e+00	5.462975e-03	8.394117e-04	0.000000e+00	0.000000e+00	1.682309e-02	0.000000e+00	6.966821e-04	4.638784e-04	7.840164e-05	0.000000e+00	4.123401e-04	0.000000e+00	4.200515e-01	1.138073e-01
4.168290e-01	6.090312e-05	0.000000e+00	0.000000e+00	0.000000e+00	0.000000e+00	5.040884e-03	4.914687e-04	3.200384e-04	7.430427e-03	0.000000e+00	2.576598e-04	0.000000e+00	0.000000e+00	0.000000e+00	0.000000e+00	0.000000e+00	0.000000e+00	0.000000e+00	0.000000e+00	0.000000e+00	0.000000e+00	0.000000e+00	0.000000e+00	6.966821e-04	9.277569e-04	1.568033e-04	0.000000e+00	0.000000e+00	4.210059e-04	4.168290e-01	1.474476e-01
4.147436e-01	0.000000e+00	0.000000e+00	7.577418e-03	0.000000e+00	0.000000e+00	2.585184e-04	4.307351e-03	0.000000e+00	1.830854e-03	0.000000e+00	3.233102e-03	8.375178e-04	3.476563e-04	1.229860e-02	1.698669e-03	2.115088e-03	0.000000e+00	0.000000e+00	0.000000e+00	0.000000e+00	0.000000e+00	0.000000e+00	0.000000e+00	1.155008e-03	4.638784e-04	1.569288e-04	0.000000e+00	1.548657e-02	2.951827e-03	4.147436e-01	1.822243e-01
4.111524e-01	0.000000e+00	0.000000e+00	2.367943e-03	0.000000e+00	0.000000e+00	1.664660e-03	8.614703e-03	8.961074e-03	1.269431e-03	0.000000e+00	1.201199e-03	9.958440e-04	6.953127e-04	4.373491e-04	8.082491e-05	0.000000e+00	0.000000e+00	0.000000e+00	0.000000e+00	0.000000e+00	9.400175e-04	0.000000e+00	0.000000e+00	1.195880e-04	0.000000e+00	0.000000e+00	0.000000e+00	0.000000e+00	1.382388e-03	4.111524e-01	2.237290e-01
2.572960e-01	1.063660e-04	0.000000e+00	0.000000e+00	0.000000e+00	0.000000e+00	0.000000e+00	0.000000e+00	0.000000e+00	5.863388e-05	0.000000e+00	2.576598e-04	6.791917e-04	0.000000e+00	0.000000e+00	4.618566e-05	0.000000e+00	0.000000e+00	0.000000e+00	0.000000e+00	0.000000e+00	4.223540e-03	0.000000e+00	0.000000e+00	1.045023e-03	4.638784e-04	0.000000e+00	0.000000e+00	0.000000e+00	0.000000e+00	2.572960e-01	2.437838e-01
2.572960e-01	1.063660e-04	0.000000e+00	0.000000e+00	0.000000e+00	0.000000e+00	0.000000e+00	0.000000e+00	0.000000e+00	5.863388e-05	0.000000e+00	2.576598e-04	6.791917e-04	0.000000e+00	0.000000e+00	4.618566e-05	0.000000e+00	0.000000e+00	0.000000e+00	0.000000e+00	0.000000e+00	4.223540e-03	0.000000e+00	0.000000e+00	1.045023e-03	4.638784e-04	0.000000e+00	0.000000e+00	0.000000e+00	0.000000e+00	2.572960e-01	2.437838e-01
2.572960e-01	1.063660e-04	0.000000e+00	0.000000e+00	0.000000e+00	0.000000e+00	0.000000e+00	0.000000e+00	0.000000e+00	5.863388e-05	0.000000e+00	2.576598e-04	6.791917e-04	0.000000e+00	0.000000e+00	4.618566e-05	0.000000e+00	0.000000e+00	0.000000e+00	0.000000e+00	0.000000e+00	4.223540e-03	0.000000e+00	0.000000e+00	1.045023e-03	4.638784e-04	0.000000e+00	0.000000e+00	0.000000e+00	0.000000e+00	2.572960e-01	2.437838e-01
2.572960e-01	1.063660e-04	0.000000e+00	0.000000e+00	0.000000e+00	0.000000e+00	0.000000e+00	0.000000e+00	0.000000e+00	5.863388e-05	0.000000e+00	2.576598e-04	6.791917e-04	0.000000e+00	0.000000e+00	4.618566e-05	0.000000e+00	0.000000e+00	0.000000e+00	0.000000e+00	0.000000e+00	4.223540e-03	0.000000e+00	0.000000e+00	1.045023e-03	4.638784e-04	0.000000e+00	0.000000e+00	0.000000e+00	0.000000e+00	2.572960e-01	2.437838e-01
2.572960e-01	1.063660e-04	0.000000e+00	0.000000e+00	0.000000e+00	0.000000e+00	0.000000e+00	0.000000e+00	0.000000e+00	5.863388e-05	0.000000e+00	2.576598e-04	6.791917e-04	0.000000e+00	0.000000e+00	4.618566e-05	0.000000e+00	0.000000e+00	0.000000e+00	0.000000e+00	0.000000e+00	4.223540e-03	0.000000e+00	0.000000e+00	1.045023e-03	4.638784e-04	0.000000e+00	0.000000e+00	0.000000e+00	0.000000e+00	2.572960e-01	2.437838e-01
2.572960e-01	1.063660e-04	0.000000e+00	0.000000e+00	0.000000e+00	0.000000e+00	0.000000e+00	0.000000e+00	0.000000e+00	5.863388e-05	0.000000e+00	2.576598e-04	6.791917e-04	0.000000e+00	0.000000e+00	4.618566e-05	0.000000e+00	0.000000e+00	0.000000e+00	0.000000e+00	0.000000e+00	4.223540e-03	0.000000e+00	0.000000e+00	1.045023e-03	4.638784e-04	0.000000e+00	0.000000e+00	0.000000e+00	0.000000e+00	2.572960e-01	2.437838e-01
2.572960e-01	1.063660e-04	0.000000e+00	0.000000e+00	0.000000e+00	0.000000e+00	0.000000e+00	0.000000e+00	0.000000e+00	5.863388e-05	0.000000e+00	2.576598e-04	6.791917e-04	0.000000e+00	0.000000e+00	4.618566e-05	0.000000e+00	0.000000e+00	0.000000e+00	0.000000e+00	0.000000e+00	4.223540e-03	0.000000e+00	0.000000e+00	1.045023e-03	4.638784e-04	0.000000e+00	0.000000e+00	0.000000e+00	0.000000e+00	2.572960e-01	2.437838e-01
2.572960e-01	1.063660e-04	0.000000e+00	0.000000e+00	0.000000e+00	0.000000e+00	0.000000e+00	0.000000e+00	0.000000e+00	5.863388e-05	0.000000e+00	2.576598e-04	6.791917e-04	0.000000e+00	0.000000e+00	4.618566e-05	0.000000e+00	0.000000e+00	0.000000e+00	0.000000e+00	0.000000e+00	4.223540e-03	0.000000e+00	0.000000e+00	1.045023e-03	4.638784e-04	0.000000e+00	0.000000e+00	0.000000e+00	0.000000e+00	2.572960e-01	2.437838e-01
2.555005e-01	9.092578e-05	0.000000e+00	0.000000e+00	0.000000e+00	0.000000e+00	3.266008e-03	0.000000e+00	5.120614e-03	1.225456e-03	0.000000e+00	0.000000e+00	6.791917e-04	0.000000e+00	0.000000e+00	4.618566e-05	2.115088e-03	0.000000e+00	0.000000e+00	0.000000e+00	0.000000e+00	4.223540e-03	0.000000e+00	0.000000e+00	0.000000e+00	4.638784e-04	2.089037e-04	0.000000e+00	0.000000e+00	0.000000e+00	2.555005e-01	2.468805e-01
2.445626e-01	0.000000e+00	0.000000e+00	0.000000e+00	0.000000e+00	0.000000e+00	0.000000e+00	1.015391e-03	1.120134e-03	0.000000e+00	0.000000e+00	3.864897e-04	8.489896e-04	7.056948e-04	6.928457e-03	2.309283e-05	0.000000e+00	0.000000e+00	1.791474e-03	3.308163e-04	5.282307e-04	2.639712e-04	0.000000e+00	4.353969e-03	1.045023e-03	2.319392e-04	2.089037e-04	3.845013e-04	1.340168e-05	7.079533e-06	2.445626e-01	2.691827e-01
2.365907e-01	0.000000e+00	0.000000e+00	0.000000e+00	0.000000e+00	0.000000e+00	3.644245e-03	1.976971e-03	8.000959e-04	2.006880e-04	0.000000e+00	4.158978e-04	9.570165e-04	1.819627e-04	1.026611e-03	4.618566e-05	1.818569e-03	0.000000e+00	0.000000e+00	0.000000e+00	6.720793e-04	0.000000e+00	0.000000e+00	0.000000e+00	3.816697e-04	0.000000e+00	1.044518e-04	7.872588e-04	1.169075e-04	7.079533e-06	2.365907e-01	3.007746e-01
2.302150e-01	2.496813e-04	0.000000e+00	0.000000e+00	0.000000e+00	0.000000e+00	2.738604e-03	9.282685e-04	6.470416e-04	6.970140e-04	3.601352e-03	0.000000e+00	1.068536e-03	0.000000e+00	2.053223e-03	1.847426e-04	0.000000e+00	0.000000e+00	0.000000e+00	1.912532e-04	6.100667e-04	2.111770e-03	1.722253e-04	5.981785e-03	0.000000e+00	0.000000e+00	1.044518e-04	7.699032e-04	3.176033e-04	2.489754e-04	2.302150e-01	3.383872e-01
2.227224e-01	2.179302e-04	0.000000e+00	0.000000e+00	0.000000e+00	0.000000e+00	1.292592e-04	1.231474e-03	3.840460e-03	1.774788e-04	0.000000e+00	0.000000e+00	0.000000e+00	4.756065e-04	6.059160e-04	1.616498e-04	0.000000e+00	0.000000e+00	9.605592e-03	0.000000e+00	3.100997e-04	2.111770e-03	0.000000e+00	5.674416e-03	4.513387e-04	2.319392e-04	2.350166e-04	5.522866e-04	8.295867e-04	9.959017e-04	2.227224e-01	3.888437e-01
2.158854e-01	1.629823e-04	0.000000e+00	0.000000e+00	0.000000e+00	0.000000e+00	9.056410e-04	3.887808e-04	0.000000e+00	1.262102e-03	2.640992e-03	1.288299e-04	3.395958e-04	0.000000e+00	0.000000e+00	3.130161e-05	3.933657e-03	0.000000e+00	0.000000e+00	1.201794e-04	6.061241e-05	4.223540e-03	0.000000e+00	0.000000e+00	6.665732e-05	2.319392e-04	0.000000e+00	0.000000e+00	2.338149e-04	1.415907e-05	2.158854e-01	4.355578e-01
2.082068e-01	5.628647e-04	0.000000e+00	0.000000e+00	0.000000e+00	0.000000e+00	1.682023e-03	9.643548e-05	0.000000e+00	5.374772e-05	0.000000e+00	1.288299e-04	2.778248e-04	4.429333e-04	2.053223e-03	1.412632e-04	1.818569e-03	0.000000e+00	0.000000e+00	5.479145e-04	5.785261e-04	4.063306e-03	4.876937e-03	5.981785e-03	1.100874e-03	1.739544e-04	2.611296e-04	4.803782e-04	1.169075e-04	7.079533e-06	2.082068e-01	4.967143e-01
1.995955e-01	2.797640e-04	0.000000e+00	0.000000e+00	0.000000e+00	0.000000e+00	9.702707e-04	1.943904e-04	0.000000e+00	3.158683e-04	1.920721e-03	0.000000e+00	1.260944e-03	0.000000e+00	6.668694e-04	7.360840e-05	0.000000e+00	0.000000e+00	0.000000e+00	1.421476e-04	1.098909e-03	4.590873e-03	1.722253e-04	2.046404e-03	8.926921e-05	0.000000e+00	1.827907e-04	0.000000e+00	2.338149e-04	0.000000e+00	1.995955e-01	5.592078e-01
1.896727e-01	0.000000e+00	0.000000e+00	0.000000e+00	0.000000e+00	0.000000e+00	4.097066e-03	1.593377e-03	0.000000e+00	2.275619e-04	4.561713e-03	0.000000e+00	9.686789e-04	1.209066e-04	8.109891e-04	5.931069e-05	2.118157e-03	0.000000e+00	5.277266e-03	7.688894e-05	6.405387e-04	0.000000e+00	0.000000e+00	3.179266e-03	4.525612e-04	0.000000e+00	1.044518e-04	5.522866e-04	1.438760e-03	0.000000e+00	1.896727e-01	6.313331e-01
8.267693e-02	4.505628e-04	0.000000e+00	0.000000e+00	0.000000e+00	0.000000e+00	0.000000e+00	1.663666e-03	1.920230e-03	2.694499e-04	1.920721e-03	0.000000e+00	0.000000e+00	1.221123e-04	0.000000e+00	0.000000e+00	0.000000e+00	0.000000e+00	0.000000e+00	2.403587e-04	6.308112e-05	3.204672e-04	1.722253e-04	0.000000e+00	1.100874e-03	1.159696e-04	0.000000e+00	5.790498e-04	4.013917e-04	4.979508e-04	8.267693e-02	6.722725e-01
8.267693e-02	4.505628e-04	0.000000e+00	0.000000e+00	0.000000e+00	0.000000e+00	0.000000e+00	1.663666e-03	1.920230e-03	2.694499e-04	1.920721e-03	0.000000e+00	0.000000e+00	1.221123e-04	0.000000e+00	0.000000e+00	0.000000e+00	0.000000e+00	0.000000e+00	2.403587e-04	6.308112e-05	3.204672e-04	1.722253e-04	0.000000e+00	1.100874e-03	1.159696e-04	0.000000e+00	5.790498e-04	4.013917e-04	4.979508e-04	8.267693e-02	6.722725e-01
8.267693e-02	4.505628e-04	0.000000e+00	0.000000e+00	0.000000e+00	0.000000e+00	0.000000e+00	1.663666e-03	1.920230e-03	2.694499e-04	1.920721e-03	0.000000e+00	0.000000e+00	1.221123e-04	0.000000e+00	0.000000e+00	0.000000e+00	0.000000e+00	0.000000e+00	2.403587e-04	6.308112e-05	3.204672e-04	1.722253e-04	0.000000e+00	1.100874e-03	1.159696e-04	0.000000e+00	5.790498e-04	4.013917e-04	4.979508e-04	8.267693e-02	6.722725e-01
8.267693e-02	4.505628e-04	0.000000e+00	0.000000e+00	0.000000e+00	0.000000e+00	0.000000e+00	1.663666e-03	1.920230e-03	2.694499e-04	1.920721e-03	0.000000e+00	0.000000e+00	1.221123e-04	0.000000e+00	0.000000e+00	0.000000e+00	0.000000e+00	0.000000e+00	2.403587e-04	6.308112e-05	3.204672e-04	1.722253e-04	0.000000e+00	1.100874e-03	1.159696e-04	0.000000e+00	5.790498e-04	4.013917e-04	4.979508e-04	8.267693e-02	6.722725e-01
8.267693e-02	4.505628e-04	0.000000e+00	0.000000e+00	0.000000e+00	0.000000e+00	0.000000e+00	1.663666e-03	1.920230e-03	2.694499e-04	1.920721e-03	0.000000e+00	0.000000e+00	1.221123e-04	0.000000e+00	0.000000e+00	0.000000e+00	0.000000e+00	0.000000e+00	2.403587e-04	6.308112e-05	3.204672e-04	1.722253e-04	0.000000e+00	1.100874e-03	1.159696e-04	0.000000e+00	5.790498e-04	4.013917e-04	4.979508e-04	8.267693e-02	6.722725e-01
8.267693e-02	4.505628e-04	0.000000e+00	0.000000e+00	0.000000e+00	0.000000e+00	0.000000e+00	1.663666e-03	1.920230e-03	2.694499e-04	1.920721e-03	0.000000e+00	0.000000e+00	1.221123e-04	0.000000e+00	0.000000e+00	0.000000e+00	0.000000e+00	0.000000e+00	2.403587e-04	6.308112e-05	3.204672e-04	1.722253e-04	0.000000e+00	1.100874e-03	1.159696e-04	0.000000e+00	5.790498e-04	4.013917e-04	4.979508e-04	8.267693e-02	6.722725e-01
7.593173e-02	7.807949e-04	0.000000e+00	0.000000e+00	0.000000e+00	0.000000e+00	5.378913e-05	1.701418e-03	0.000000e+00	0.000000e+00	3.841442e-03	0.000000e+00	0.000000e+00	8.754339e-05	4.288912e-04	2.237118e-05	0.000000e+00	0.000000e+00	0.000000e+00	1.033801e-05	0.000000e+00	0.000000e+00	0.000000e+00	5.604394e-03	1.062693e-03	0.000000e+00	0.000000e+00	6.058130e-04	4.013917e-04	4.979508e-04	7.593173e-02	6.763864e-01
5.856094e-02	1.501424e-03	0.000000e+00	0.000000e+00	0.000000e+00	0.000000e+00	0.000000e+00	1.339529e-03	0.000000e+00	1.347249e-04	9.603606e-04	1.932449e-04	4.244948e-04	1.998418e-03	1.898771e-03	1.154642e-05	0.000000e+00	0.000000e+00	8.957371e-04	2.855875e-04	2.956559e-04	2.922192e-04	8.611266e-05	2.802197e-03	2.742102e-04	0.000000e+00	0.000000e+00	4.817756e-04	4.013917e-04	2.525152e-04	5.856094e-02	7.055149e-01
4.285681e-02	3.415978e-04	0.000000e+00	0.000000e+00	0.000000e+00	0.000000e+00	3.622564e-03	1.536526e-03	0.000000e+00	0.000000e+00	2.881082e-03	0.000000e+00	3.300310e-04	0.000000e+00	0.000000e+00	1.728354e-04	0.000000e+00	0.000000e+00	0.000000e+00	8.322098e-04	2.452500e-04	7.346660e-04	3.444506e-04	1.145688e-02	1.146098e-03	0.000000e+00	2.089037e-04	3.348864e-04	0.000000e+00	0.000000e+00	4.285681e-02	7.579300e-01
3.079881e-02	2.252814e-04	0.000000e+00	0.000000e+00	0.000000e+00	0.000000e+00	4.528205e-04	1.820319e-03	1.360163e-03	2.963237e-04	9.603606e-04	0.000000e+00	0.000000e+00	1.520375e-04	4.101461e-04	5.484547e-05	0.000000e+00	0.000000e+00	0.000000e+00	1.201794e-04	1.839375e-04	1.602336e-04	8.611266e-05	7.183564e-03	9.997591e-04	0.000000e+00	7.833888e-05	6.058130e-04	2.178243e-03	2.525152e-04	3.079881e-02	8.041190e-01
1.607272e-02	1.891822e-03	0.000000e+00	0.000000e+00	0.000000e+00	0.000000e+00	3.622564e-03	1.604236e-03	4.498756e-04	2.841083e-04	0.000000e+00	0.000000e+00	0.000000e+00	1.196904e-03	0.000000e+00	1.847426e-04	0.000000e+00	0.000000e+00	3.530619e-04	1.253484e-04	3.154056e-05	1.602336e-04	8.611266e-05	3.427410e-03	2.830451e-04	0.000000e+00	0.000000e+00	6.697727e-04	2.922193e-03	4.979508e-04	1.607272e-02	8.706184e-01
0.000000e+00	2.854468e-04	0.000000e+00	0.000000e+00	0.000000e+00	0.000000e+00	5.378913e-05	1.658250e-03	0.000000e+00	3.817928e-04	3.841442e-03	0.000000e+00	0.000000e+00	0.000000e+00	4.288912e-04	1.194332e-04	0.000000e+00	0.000000e+00	0.000000e+00	1.033801e-05	0.000000e+00	0.000000e+00	0.000000e+00	6.736359e-03	2.742102e-04	0.000000e+00	0.000000e+00	1.464850e-04	4.013917e-04	4.979508e-04	0.000000e+00	1.004604e+00
