8.513725e-01	2.444802e-03	3.083748e-03	2.928237e-03	5.562781e-03	5.994937e-04	0.000000e+00	0.000000e+00	4.004135e-04	0.000000e+00	0.000000e+00	2.251404e-03	0.000000e+00	3.391517e-03	0.000000e+00	1.579436e-03	0.000000e+00	0.000000e+00	0.000000e+00	1.000177e-03	0.000000e+00	5.003455e-04	0.000000e+00	9.426479e-05	1.072602e-03	2.635941e-03	0.000000e+00	3.129618e-03	0.000000e+00	0.000000e+00	8.513725e-01	-7.681415e-01
8.481849e-01	2.287618e-03	9.334108e-04	3.596356e-03	8.064379e-03	1.095566e-03	0.000000e+00	6.961563e-04	0.000000e+00	0.000000e+00	1.054898e-04	0.000000e+00	4.141162e-05	2.794672e-03	0.000000e+00	2.821382e-03	0.000000e+00	0.000000e+00	0.000000e+00	5.037168e-04	0.000000e+00	1.250864e-03	1.247533e-03	1.222685e-03	1.845290e-03	2.407753e-03	4.757410e-04	6.268222e-03	1.284728e-03	1.241032e-03	8.481849e-01	-7.610297e-01
8.458751e-01	4.918774e-03	0.000000e+00	7.208909e-03	2.354655e-03	1.148738e-03	0.000000e+00	1.348935e-03	6.551574e-05	0.000000e+00	0.000000e+00	1.662914e-03	1.322370e-05	3.147488e-03	0.000000e+00	1.579436e-03	0.000000e+00	0.000000e+00	0.000000e+00	9.360919e-04	0.000000e+00	0.000000e+00	0.000000e+00	9.637586e-04	1.039911e-03	2.211742e-03	0.000000e+00	3.238132e-03	1.132490e-03	1.058576e-03	8.458751e-01	-7.527803e-01
8.449373e-01	2.531944e-03	1.939212e-03	1.480213e-03	9.460669e-03	1.341285e-03	1.750717e-04	0.000000e+00	0.000000e+00	0.000000e+00	0.000000e+00	0.000000e+00	5.637584e-05	5.799414e-03	0.000000e+00	2.483892e-03	0.000000e+00	0.000000e+00	1.484894e-03	0.000000e+00	1.523149e-03	7.505183e-04	1.247533e-03	7.303499e-04	2.248878e-03	0.000000e+00	5.768922e-04	3.134111e-03	1.561548e-03	0.000000e+00	8.449373e-01	-7.469998e-01
8.449373e-01	2.531944e-03	1.939212e-03	1.480213e-03	9.460669e-03	1.341285e-03	1.750717e-04	0.000000e+00	0.000000e+00	0.000000e+00	0.000000e+00	0.000000e+00	5.637584e-05	5.799414e-03	0.000000e+00	2.483892e-03	0.000000e+00	0.000000e+00	1.484894e-03	0.000000e+00	1.523149e-03	7.505183e-04	1.247533e-03	7.303499e-04	2.248878e-03	0.000000e+00	5.768922e-04	3.134111e-03	1.561548e-03	0.000000e+00	8.449373e-01	-7.469998e-01
8.423845e-01	2.531944e-03	1.939212e-03	1.480213e-03	5.778223e-03	1.480659e-03	0.000000e+00	0.000000e+00	0.000000e+00	0.000000e+00	0.000000e+00	3.874262e-03	5.637584e-05	3.500686e-03	0.000000e+00	2.483892e-03	0.000000e+00	0.000000e+00	6.506915e-04	8.485596e-04	1.523149e-03	7.505183e-04	1.247533e-03	7.303499e-04	2.248878e-03	4.239485e-03	0.000000e+00	6.060180e-03	3.044743e-04	8.591016e-04	8.423845e-01	-7.290338e-01
8.407853e-01	2.243552e-03	4.689391e-03	4.833311e-03	1.423563e-03	1.486555e-03	0.000000e+00	3.263891e-04	9.087283e-04	0.000000e+00	0.000000e+00	3.325827e-03	2.664905e-05	2.011082e-02	0.000000e+00	0.000000e+00	0.000000e+00	0.000000e+00	8.571857e-06	1.799801e-03	0.000000e+00	0.000000e+00	0.000000e+00	6.764231e-04	2.601118e-03	0.000000e+00	0.000000e+00	6.060180e-03	4.296379e-05	6.965802e-04	8.407853e-01	-7.141001e-01
8.407853e-01	6.688873e-03	2.360908e-02	4.833311e-03	1.041158e-02	1.846526e-04	0.000000e+00	3.263891e-04	9.087283e-04	0.000000e+00	0.000000e+00	3.325827e-03	9.449215e-05	2.011082e-02	0.000000e+00	5.516802e-03	0.000000e+00	0.000000e+00	8.571857e-06	1.799801e-03	0.000000e+00	0.000000e+00	0.000000e+00	1.436678e-04	4.915454e-03	6.566135e-03	2.818239e-04	6.060180e-03	8.375518e-04	1.809979e-04	8.407853e-01	-7.063727e-01
8.388923e-01	5.911363e-04	0.000000e+00	3.185020e-03	3.662390e-03	2.378998e-03	2.626075e-04	0.000000e+00	1.536779e-03	8.412485e-05	0.000000e+00	0.000000e+00	2.818792e-05	0.000000e+00	3.327212e-03	9.790119e-03	0.000000e+00	0.000000e+00	1.385042e-03	4.834735e-04	2.784455e-03	2.126468e-03	0.000000e+00	5.222866e-04	6.562299e-03	0.000000e+00	9.400713e-05	5.584668e-04	0.000000e+00	4.853930e-04	8.388923e-01	-6.975218e-01
8.377650e-01	1.349671e-03	0.000000e+00	4.383267e-03	5.225591e-03	2.158737e-03	1.750717e-04	4.350125e-04	0.000000e+00	8.412485e-05	0.000000e+00	0.000000e+00	0.000000e+00	8.804156e-03	0.000000e+00	0.000000e+00	3.040644e-03	0.000000e+00	4.545842e-04	0.000000e+00	3.807873e-04	1.375950e-03	0.000000e+00	6.218562e-04	0.000000e+00	0.000000e+00	4.135400e-04	0.000000e+00	0.000000e+00	1.090724e-03	8.377650e-01	-6.868729e-01
8.370404e-01	4.085290e-03	0.000000e+00	3.064284e-03	8.064379e-03	4.219968e-04	0.000000e+00	8.700249e-04	8.747742e-04	0.000000e+00	0.000000e+00	0.000000e+00	9.619552e-05	1.133087e-03	2.347983e-03	0.000000e+00	6.081288e-03	0.000000e+00	9.091684e-04	4.792514e-04	7.615746e-04	2.501728e-04	0.000000e+00	4.459924e-04	5.997631e-03	3.175171e-03	2.445647e-04	2.485384e-03	1.522371e-04	8.107394e-04	8.370404e-01	-6.762994e-01
8.368298e-01	0.000000e+00	2.750180e-03	3.496932e-03	3.921607e-03	8.556277e-04	1.750717e-04	8.700249e-04	5.089288e-03	2.381172e-03	0.000000e+00	2.193410e-04	0.000000e+00	8.804156e-03	3.059569e-03	5.111358e-04	6.081288e-03	2.032109e-03	5.838227e-04	1.306974e-03	1.876929e-03	1.759094e-03	4.129151e-03	4.459924e-04	3.291462e-03	5.492266e-03	1.742240e-04	0.000000e+00	2.667498e-02	0.000000e+00	8.368298e-01	-6.664413e-01
8.353884e-01	6.535312e-03	0.000000e+00	5.351483e-04	1.041158e-02	1.846526e-04	0.000000e+00	0.000000e+00	0.000000e+00	0.000000e+00	0.000000e+00	3.325827e-03	5.811636e-05	6.384791e-03	1.663606e-03	7.378952e-03	0.000000e+00	0.000000e+00	8.571857e-06	1.799801e-03	4.284202e-04	0.000000e+00	0.000000e+00	8.618847e-04	0.000000e+00	0.000000e+00	2.818239e-04	3.413345e-03	1.293924e-03	0.000000e+00	8.353884e-01	-6.553728e-01
8.344955e-01	3.718085e-03	0.000000e+00	2.513721e-03	7.356715e-03	4.765259e-04	0.000000e+00	1.740050e-03	0.000000e+00	0.000000e+00	0.000000e+00	0.000000e+00	1.001860e-05	5.745110e-03	3.399092e-03	1.091579e-02	0.000000e+00	0.000000e+00	6.506915e-04	4.167404e-05	0.000000e+00	0.000000e+00	0.000000e+00	7.677432e-04	6.031470e-04	0.000000e+00	7.451831e-05	6.060180e-03	8.592759e-05	5.164245e-04	8.344955e-01	-6.433961e-01
8.338403e-01	1.349671e-03	0.000000e+00	4.315243e-03	3.974792e-03	1.587003e-03	0.000000e+00	0.000000e+00	6.745700e-04	2.381172e-03	0.000000e+00	1.096870e-03	2.003720e-05	8.804156e-03	0.000000e+00	0.000000e+00	0.000000e+00	0.000000e+00	0.000000e+00	1.875332e-03	0.000000e+00	1.501037e-03	0.000000e+00	4.459924e-04	3.291462e-03	8.478970e-03	1.490366e-04	0.000000e+00	0.000000e+00	6.853543e-04	8.338403e-01	-6.349533e-01
8.328583e-01	5.669864e-04	5.826338e-03	0.000000e+00	6.215400e-03	7.540882e-04	0.000000e+00	1.950268e-03	0.000000e+00	3.630683e-03	0.000000e+00	2.193410e-04	0.000000e+00	0.000000e+00	2.060230e-04	0.000000e+00	0.000000e+00	0.000000e+00	4.999892e-04	4.449613e-04	0.000000e+00	0.000000e+00	9.198929e-03	3.386975e-04	6.172471e-04	5.492266e-03	4.957646e-05	0.000000e+00	5.742879e-04	1.908492e-04	8.328583e-01	-6.213727e-01
8.320997e-01	5.351262e-03	0.000000e+00	3.320941e-03	9.946037e-03	3.535611e-04	0.000000e+00	0.000000e+00	0.000000e+00	0.000000e+00	6.160005e-03	2.193410e-04	1.012048e-04	0.000000e+00	2.100484e-03	4.727084e-03	0.000000e+00	0.000000e+00	9.091684e-04	9.035312e-04	0.000000e+00	5.003455e-04	0.000000e+00	0.000000e+00	5.696058e-03	5.460263e-03	2.818239e-04	0.000000e+00	2.927885e-04	0.000000e+00	8.320997e-01	-6.083104e-01
8.316786e-01	0.000000e+00	1.815667e-02	4.186236e-03	4.481216e-03	2.432171e-03	3.501434e-04	0.000000e+00	3.073558e-03	1.682497e-04	0.000000e+00	0.000000e+00	0.000000e+00	2.832213e-04	0.000000e+00	0.000000e+00	0.000000e+00	0.000000e+00	1.802143e-03	1.640932e-03	2.189458e-03	1.751209e-03	8.258301e-03	2.633605e-04	5.437860e-03	0.000000e+00	1.411423e-04	0.000000e+00	5.352479e-04	2.514433e-02	8.316786e-01	-5.960120e-01
8.306419e-01	0.000000e+00	5.500360e-03	1.415732e-02	2.769130e-03	6.796048e-04	0.000000e+00	2.697869e-03	1.017858e-02	2.847853e-03	1.485587e-03	0.000000e+00	0.000000e+00	1.802783e-03	4.949967e-04	0.000000e+00	0.000000e+00	4.064217e-03	0.000000e+00	0.000000e+00	3.781791e-03	0.000000e+00	0.000000e+00	2.828165e-04	0.000000e+00	0.000000e+00	3.044945e-04	0.000000e+00	7.658071e-04	0.000000e+00	8.306419e-01	-5.843262e-01
8.298523e-01	1.205183e-03	6.519568e-04	3.027034e-03	2.469410e-03	1.228102e-03	0.000000e+00	0.000000e+00	1.007787e-02	1.741391e-03	0.000000e+00	1.253547e-03	0.000000e+00	8.851972e-04	0.000000e+00	0.000000e+00	0.000000e+00	3.048163e-03	9.999784e-04	1.583613e-03	3.632510e-03	0.000000e+00	0.000000e+00	1.844028e-04	2.718930e-03	0.000000e+00	3.044945e-04	0.000000e+00	0.000000e+00	1.301730e-02	8.298523e-01	-5.719149e-01
8.295772e-01	8.034553e-04	0.000000e+00	1.552221e-03	4.777023e-03	1.587003e-03	0.000000e+00	0.000000e+00	1.716887e-03	2.381172e-03	0.000000e+00	6.395964e-03	2.003720e-05	8.804156e-03	0.000000e+00	0.000000e+00	0.000000e+00	2.032109e-03	7.284982e-04	1.732290e-03	1.876929e-03	1.759094e-03	0.000000e+00	4.459924e-04	3.291462e-03	8.478970e-03	1.490366e-04	0.000000e+00	2.537064e-04	6.853543e-04	8.295772e-01	-5.670299e-01
8.284055e-01	1.406674e-04	0.000000e+00	0.000000e+00	6.215400e-03	7.540882e-04	0.000000e+00	2.168900e-05	0.000000e+00	6.419750e-03	0.000000e+00	2.193410e-04	0.000000e+00	0.000000e+00	4.511617e-03	5.969030e-03	0.000000e+00	0.000000e+00	9.091684e-04	1.327811e-03	0.000000e+00	1.501037e-03	9.198929e-03	2.035180e-04	6.172471e-04	5.492266e-03	4.957646e-05	0.000000e+00	7.182208e-04	1.908492e-04	8.284055e-01	-5.476000e-01
8.276891e-01	0.000000e+00	0.000000e+00	5.364187e-03	1.182134e-03	1.617531e-03	1.050430e-03	1.787735e-03	7.065144e-03	1.291660e-03	0.000000e+00	0.000000e+00	0.000000e+00	4.082029e-03	1.499152e-03	0.000000e+00	0.000000e+00	0.000000e+00	0.000000e+00	0.000000e+00	2.250132e-03	3.760476e-03	1.777581e-03	7.183770e-05	1.543118e-04	0.000000e+00	3.790128e-04	1.514785e-03	4.564398e-04	2.370685e-03	8.276891e-01	-5.359478e-01
8.276891e-01	0.000000e+00	0.000000e+00	5.364187e-03	1.182134e-03	1.617531e-03	1.050430e-03	1.787735e-03	7.065144e-03	1.291660e-03	0.000000e+00	0.000000e+00	0.000000e+00	4.082029e-03	1.499152e-03	0.000000e+00	0.000000e+00	0.000000e+00	0.000000e+00	0.000000e+00	2.250132e-03	3.760476e-03	1.777581e-03	7.183770e-05	1.543118e-04	0.000000e+00	3.790128e-04	1.514785e-03	4.564398e-04	2.370685e-03	8.276891e-01	-5.359478e-01
8.260761e-01	1.055006e-04	0.000000e+00	0.000000e+00	5.052417e-03	1.617531e-03	7.002867e-04	1.516890e-04	2.438259e-03	7.531135e-03	0.000000e+00	0.000000e+00	0.000000e+00	0.000000e+00	0.000000e+00	0.000000e+00	0.000000e+00	0.000000e+00	1.676134e-03	9.809656e-04	0.000000e+00	1.357958e-03	6.377046e-03	3.830456e-04	0.000000e+00	6.238487e-03	7.326477e-05	1.235141e-04	8.531520e-04	2.466110e-03	8.260761e-01	-5.059510e-01
8.257374e-01	4.184966e-05	0.000000e+00	5.030243e-03	1.203191e-02	2.598295e-03	0.000000e+00	9.155564e-04	5.733761e-03	4.902445e-03	0.000000e+00	6.924233e-04	0.000000e+00	1.184289e-03	4.002377e-03	3.701184e-04	0.000000e+00	0.000000e+00	0.000000e+00	3.468454e-04	2.400031e-03	6.396751e-03	2.275400e-03	2.835871e-04	5.459544e-05	0.000000e+00	1.895064e-04	3.252284e-03	5.497624e-04	0.000000e+00	8.257374e-01	-4.969048e-01
8.249273e-01	3.516685e-05	5.500360e-03	0.000000e+00	1.168880e-03	1.915332e-03	7.002867e-04	2.130977e-03	2.536527e-03	5.548275e-03	1.769600e-03	0.000000e+00	0.000000e+00	7.678784e-03	5.779474e-04	3.701184e-04	0.000000e+00	0.000000e+00	0.000000e+00	2.032080e-04	4.493295e-03	2.039302e-03	8.709541e-04	0.000000e+00	6.621238e-04	3.956812e-03	1.346789e-04	6.793465e-03	0.000000e+00	0.000000e+00	8.249273e-01	-4.818919e-01
8.238091e-01	7.033371e-05	0.000000e+00	2.348149e-03	4.313361e-03	1.915332e-03	7.002867e-04	4.337801e-05	2.201188e-03	0.000000e+00	0.000000e+00	1.529457e-03	2.818792e-05	6.822059e-03	2.008310e-03	3.701184e-04	0.000000e+00	0.000000e+00	3.464618e-04	6.936908e-04	1.852049e-03	4.802670e-03	5.069778e-03	0.000000e+00	8.166798e-04	0.000000e+00	0.000000e+00	3.101470e-03	4.268038e-04	2.561534e-03	8.238091e-01	-4.608223e-01
6.525206e-01	7.121011e-05	0.000000e+00	2.348149e-03	2.857223e-03	2.637353e-03	0.000000e+00	1.495201e-03	2.168027e-04	1.757313e-04	2.519611e-04	0.000000e+00	0.000000e+00	0.000000e+00	5.779474e-04	1.045240e-04	0.000000e+00	0.000000e+00	0.000000e+00	6.936908e-04	1.852049e-03	2.718281e-03	1.680251e-03	7.264079e-05	1.543118e-04	0.000000e+00	0.000000e+00	3.101470e-03	3.830384e-04	2.587353e-03	6.525206e-01	-4.538216e-01
6.525206e-01	7.121011e-05	0.000000e+00	2.348149e-03	2.857223e-03	2.637353e-03	0.000000e+00	1.495201e-03	2.168027e-04	1.757313e-04	2.519611e-04	0.000000e+00	0.000000e+00	0.000000e+00	5.779474e-04	1.045240e-04	0.000000e+00	0.000000e+00	0.000000e+00	6.936908e-04	1.852049e-03	2.718281e-03	1.680251e-03	7.264079e-05	1.543118e-04	0.000000e+00	0.000000e+00	3.101470e-03	3.830384e-04	2.587353e-03	6.525206e-01	-4.538216e-01
6.525206e-01	7.121011e-05	0.000000e+00	2.348149e-03	2.857223e-03	2.637353e-03	0.000000e+00	1.495201e-03	2.168027e-04	1.757313e-04	2.519611e-04	0.000000e+00	0.000000e+00	0.000000e+00	5.779474e-04	1.045240e-04	0.000000e+00	0.000000e+00	0.000000e+00	6.936908e-04	1.852049e-03	2.718281e-03	1.680251e-03	7.264079e-05	1.543118e-04	0.000000e+00	0.000000e+00	3.101470e-03	3.830384e-04	2.587353e-03	6.525206e-01	-4.538216e-01
6.525206e-01	7.121011e-05	0.000000e+00	2.348149e-03	2.857223e-03	2.637353e-03	0.000000e+00	1.495201e-03	2.168027e-04	1.757313e-04	2.519611e-04	0.000000e+00	0.000000e+00	0.000000e+00	5.779474e-04	1.045240e-04	0.000000e+00	0.000000e+00	0.000000e+00	6.936908e-04	1.852049e-03	2.718281e-03	1.680251e-03	7.264079e-05	1.543118e-04	0.000000e+00	0.000000e+00	3.101470e-03	3.830384e-04	2.587353e-03	6.525206e-01	-4.538216e-01
6.525206e-01	7.121011e-05	0.000000e+00	2.348149e-03	2.857223e-03	2.637353e-03	0.000000e+00	1.495201e-03	2.168027e-04	1.757313e-04	2.519611e-04	0.000000e+00	0.000000e+00	0.000000e+00	5.779474e-04	1.045240e-04	0.000000e+00	0.000000e+00	0.000000e+00	6.936908e-04	1.852049e-03	2.718281e-03	1.680251e-03	7.264079e-05	1.543118e-04	0.000000e+00	0.000000e+00	3.101470e-03	3.830384e-04	2.587353e-03	6.525206e-01	-4.538216e-01
6.475145e-01	5.696809e-05	1.202194e-04	0.000000e+00	0.000000e+00	2.516033e-04	0.000000e+00	4.337801e-05	0.000000e+00	7.081022e-04	1.746559e-05	1.674067e-03	2.173526e-05	1.535757e-02	0.000000e+00	0.000000e+00	0.000000e+00	0.000000e+00	1.610843e-03	6.936908e-04	1.154167e-03	5.723137e-04	7.366339e-03	1.448074e-04	0.000000e+00	0.000000e+00	0.000000e+00	1.213157e-03	2.105225e-04	3.408610e-04	6.475145e-01	-4.443613e-01
6.444998e-01	7.121011e-05	2.409881e-03	2.354252e-03	2.722339e-03	2.492574e-03	0.000000e+00	5.766233e-03	0.000000e+00	0.000000e+00	0.000000e+00	1.135782e-04	0.000000e+00	1.672148e-03	0.000000e+00	1.556472e-03	0.000000e+00	0.000000e+00	1.521218e-04	6.936908e-04	5.688727e-05	1.406444e-03	0.000000e+00	6.073517e-05	5.978643e-04	0.000000e+00	8.030365e-03	1.866329e-05	8.433867e-05	1.053230e-04	6.444998e-01	-4.320598e-01
6.421711e-01	0.000000e+00	3.687668e-04	0.000000e+00	7.247099e-04	2.936669e-04	0.000000e+00	1.434085e-03	0.000000e+00	2.338400e-03	3.035277e-03	4.604253e-03	0.000000e+00	1.338897e-03	1.746568e-03	1.619419e-04	0.000000e+00	0.000000e+00	2.238773e-04	0.000000e+00	5.419319e-03	8.057162e-04	2.693876e-03	2.381125e-05	1.115340e-03	1.210679e-03	1.098906e-04	0.000000e+00	5.973995e-04	1.977977e-04	6.421711e-01	-4.189031e-01
6.401162e-01	3.221426e-04	0.000000e+00	2.348149e-03	8.957079e-03	2.062165e-03	0.000000e+00	2.168900e-05	2.710034e-04	1.169200e-03	1.263295e-03	6.314693e-04	2.818792e-05	8.360740e-04	3.717590e-04	1.561444e-03	0.000000e+00	0.000000e+00	8.291008e-04	3.468454e-04	1.496674e-03	3.372966e-03	4.031820e-03	7.495443e-05	5.080563e-04	0.000000e+00	0.000000e+00	2.565526e-04	7.522940e-04	5.258105e-04	6.401162e-01	-4.036018e-01
6.388786e-01	2.794165e-04	9.777299e-04	2.658549e-04	0.000000e+00	1.925650e-03	0.000000e+00	1.289880e-03	4.666579e-04	0.000000e+00	1.993195e-04	1.751657e-04	4.015930e-05	0.000000e+00	0.000000e+00	8.709949e-03	0.000000e+00	6.595522e-03	2.159815e-03	4.335568e-04	0.000000e+00	3.108310e-03	0.000000e+00	6.225023e-05	0.000000e+00	1.423326e-03	1.603543e-02	3.032892e-04	5.221548e-04	0.000000e+00	6.388786e-01	-3.911789e-01
6.367174e-01	3.506266e-04	0.000000e+00	0.000000e+00	0.000000e+00	1.083468e-03	0.000000e+00	5.850671e-04	2.168027e-04	0.000000e+00	1.489373e-03	9.754336e-06	3.096823e-03	1.336648e-03	3.457932e-05	1.055963e-03	0.000000e+00	0.000000e+00	1.556183e-03	3.468454e-04	2.281427e-04	0.000000e+00	4.946464e-04	5.751189e-05	0.000000e+00	1.423326e-03	1.599990e-02	0.000000e+00	7.026608e-04	2.629052e-04	6.367174e-01	-3.743620e-01
6.347125e-01	6.099077e-03	1.006450e-05	0.000000e+00	9.549390e-05	0.000000e+00	0.000000e+00	0.000000e+00	0.000000e+00	7.081022e-04	1.732480e-03	6.741526e-04	0.000000e+00	0.000000e+00	0.000000e+00	0.000000e+00	0.000000e+00	0.000000e+00	1.451240e-03	0.000000e+00	1.201362e-03	0.000000e+00	6.182385e-03	5.911809e-05	7.435603e-04	8.624647e-06	6.727745e-06	0.000000e+00	0.000000e+00	6.962410e-04	6.347125e-01	-3.559200e-01
6.339282e-01	0.000000e+00	0.000000e+00	1.174074e-03	0.000000e+00	2.148004e-03	0.000000e+00	1.776890e-03	3.966568e-03	4.230811e-04	0.000000e+00	0.000000e+00	0.000000e+00	2.502871e-04	4.093576e-04	2.155032e-03	0.000000e+00	0.000000e+00	0.000000e+00	6.936908e-04	1.217783e-03	1.573654e-03	3.091193e-03	6.391953e-05	0.000000e+00	7.116630e-04	7.999949e-03	2.973194e-03	0.000000e+00	2.455900e-03	6.339282e-01	-3.448312e-01
6.326447e-01	1.218257e-02	2.409881e-03	3.534002e-03	0.000000e+00	0.000000e+00	0.000000e+00	5.766233e-03	2.168027e-04	0.000000e+00	0.000000e+00	1.135782e-04	0.000000e+00	1.672148e-03	0.000000e+00	1.913813e-03	0.000000e+00	0.000000e+00	1.521218e-04	0.000000e+00	5.688727e-05	1.406444e-03	0.000000e+00	4.019583e-05	5.080563e-04	0.000000e+00	8.030365e-03	1.866329e-05	0.000000e+00	1.053230e-04	6.326447e-01	-3.291649e-01
6.315919e-01	3.221426e-04	0.000000e+00	1.041147e-03	4.733288e-03	6.825757e-05	0.000000e+00	1.594867e-03	3.760340e-03	0.000000e+00	1.263295e-03	5.539137e-04	0.000000e+00	1.336648e-03	3.717590e-04	1.561444e-03	0.000000e+00	0.000000e+00	0.000000e+00	1.907282e-02	7.483368e-04	1.323281e-04	0.000000e+00	7.495443e-05	1.595278e-03	0.000000e+00	0.000000e+00	9.578210e-04	1.150696e-04	6.621860e-04	6.315919e-01	-3.161260e-01
6.298651e-01	1.895553e-04	4.406196e-04	0.000000e+00	1.448639e-03	0.000000e+00	1.750717e-04	1.741415e-03	2.034948e-03	0.000000e+00	2.614680e-05	6.314693e-04	0.000000e+00	8.360740e-04	0.000000e+00	2.704596e-03	0.000000e+00	0.000000e+00	1.521218e-04	0.000000e+00	3.008984e-04	1.497790e-03	0.000000e+00	0.000000e+00	8.003774e-05	1.210679e-03	8.015087e-03	1.300676e-03	2.634978e-04	1.324372e-03	6.298651e-01	-2.970707e-01
6.276213e-01	0.000000e+00	3.687668e-04	0.000000e+00	0.000000e+00	2.936669e-04	0.000000e+00	1.434085e-03	3.913092e-04	2.338400e-03	0.000000e+00	7.802445e-04	0.000000e+00	1.338897e-03	0.000000e+00	3.065837e-03	0.000000e+00	0.000000e+00	7.293607e-04	0.000000e+00	5.770835e-04	8.057162e-04	0.000000e+00	7.240372e-05	1.687143e-03	1.210679e-03	1.098906e-04	0.000000e+00	1.052612e-04	1.977977e-04	6.276213e-01	-2.681136e-01
6.261296e-01	0.000000e+00	8.577529e-04	1.220576e-05	4.549416e-04	4.109262e-06	0.000000e+00	6.104458e-04	4.997105e-04	0.000000e+00	0.000000e+00	0.000000e+00	0.000000e+00	0.000000e+00	0.000000e+00	3.065837e-03	0.000000e+00	0.000000e+00	0.000000e+00	0.000000e+00	0.000000e+00	3.429780e-04	0.000000e+00	0.000000e+00	2.002446e-03	3.487198e-04	0.000000e+00	0.000000e+00	0.000000e+00	2.106460e-04	6.261296e-01	-2.478763e-01
6.261296e-01	0.000000e+00	0.000000e+00	0.000000e+00	4.549416e-04	6.825757e-05	0.000000e+00	0.000000e+00	3.651938e-03	3.540511e-04	2.129535e-03	0.000000e+00	0.000000e+00	0.000000e+00	0.000000e+00	6.045378e-04	0.000000e+00	0.000000e+00	0.000000e+00	1.907282e-02	0.000000e+00	0.000000e+00	0.000000e+00	8.441556e-05	1.713030e-03	4.312323e-06	0.000000e+00	9.484894e-04	1.150696e-04	2.106460e-04	6.261296e-01	-2.439295e-01
6.238986e-01	0.000000e+00	1.904203e-04	0.000000e+00	2.547488e-04	0.000000e+00	0.000000e+00	2.228962e-03	3.858167e-03	4.230811e-04	2.066480e-04	3.257619e-04	0.000000e+00	0.000000e+00	0.000000e+00	2.358439e-03	0.000000e+00	0.000000e+00	0.000000e+00	0.000000e+00	0.000000e+00	0.000000e+00	0.000000e+00	1.525214e-04	1.341249e-03	0.000000e+00	2.354711e-05	9.811894e-04	0.000000e+00	0.000000e+00	6.238986e-01	-2.131898e-01
6.224894e-01	1.240636e-02	0.000000e+00	0.000000e+00	0.000000e+00	3.801877e-07	3.109612e-02	3.063044e-03	4.167531e-05	0.000000e+00	4.693323e-03	1.116430e-03	0.000000e+00	8.360740e-04	4.245314e-04	2.108930e-03	0.000000e+00	0.000000e+00	1.521218e-04	0.000000e+00	6.594709e-05	0.000000e+00	0.000000e+00	1.646332e-04	1.136658e-03	0.000000e+00	1.345549e-05	1.866329e-05	0.000000e+00	0.000000e+00	6.224894e-01	-1.822908e-01
6.212798e-01	0.000000e+00	3.808407e-04	0.000000e+00	0.000000e+00	0.000000e+00	0.000000e+00	0.000000e+00	3.879005e-03	0.000000e+00	0.000000e+00	0.000000e+00	0.000000e+00	1.672148e-03	4.245314e-04	2.043891e-03	0.000000e+00	0.000000e+00	1.521218e-04	0.000000e+00	5.688727e-05	0.000000e+00	0.000000e+00	1.847311e-04	9.271240e-04	0.000000e+00	1.850130e-05	1.866329e-05	0.000000e+00	0.000000e+00	6.212798e-01	-1.714649e-01
6.193688e-01	1.240636e-02	3.808407e-04	0.000000e+00	0.000000e+00	7.603753e-07	0.000000e+00	6.104458e-04	0.000000e+00	8.461621e-05	3.143963e-05	0.000000e+00	0.000000e+00	8.094556e-04	4.245314e-04	0.000000e+00	0.000000e+00	0.000000e+00	7.257524e-04	0.000000e+00	0.000000e+00	0.000000e+00	0.000000e+00	0.000000e+00	9.674508e-04	1.432455e-03	3.363873e-05	0.000000e+00	0.000000e+00	0.000000e+00	6.193688e-01	-1.376754e-01
4.551502e-01	0.000000e+00	3.808407e-04	0.000000e+00	0.000000e+00	7.603753e-07	0.000000e+00	6.104458e-04	0.000000e+00	0.000000e+00	3.143963e-05	0.000000e+00	0.000000e+00	0.000000e+00	0.000000e+00	2.043891e-03	0.000000e+00	0.000000e+00	1.521218e-04	0.000000e+00	7.500692e-05	0.000000e+00	0.000000e+00	0.000000e+00	9.271240e-04	0.000000e+00	2.018324e-05	0.000000e+00	0.000000e+00	0.000000e+00	4.551502e-01	-1.229813e-01
4.551502e-01	0.000000e+00	3.808407e-04	0.000000e+00	0.000000e+00	7.603753e-07	0.000000e+00	6.104458e-04	0.000000e+00	0.000000e+00	3.143963e-05	0.000000e+00	0.000000e+00	0.000000e+00	0.000000e+00	2.043891e-03	0.000000e+00	0.000000e+00	1.521218e-04	0.000000e+00	7.500692e-05	0.000000e+00	0.000000e+00	0.000000e+00	9.271240e-04	0.000000e+00	2.018324e-05	0.000000e+00	0.000000e+00	0.000000e+00	4.551502e-01	-1.229813e-01
4.551502e-01	0.000000e+00	3.808407e-04	0.000000e+00	0.000000e+00	7.603753e-07	0.000000e+00	6.104458e-04	0.000000e+00	0.000000e+00	3.143963e-05	0.000000e+00	0.000000e+00	0.000000e+00	0.000000e+00	2.043891e-03	0.000000e+00	0.000000e+00	1.521218e-04	0.000000e+00	7.500692e-05	0.000000e+00	0.000000e+00	0.000000e+00	9.271240e-04	0.000000e+00	2.018324e-05	0.000000e+00	0.000000e+00	0.000000e+00	4.551502e-01	-1.229813e-01
4.551502e-01	0.000000e+00	3.808407e-04	0.000000e+00	0.000000e+00	7.603753e-07	0.000000e+00	6.104458e-04	0.000000e+00	0.000000e+00	3.143963e-05	0.000000e+00	0.000000e+00	0.000000e+00	0.000000e+00	2.043891e-03	0.000000e+00	0.000000e+00	1.521218e-04	0.000000e+00	7.500692e-05	0.000000e+00	0.000000e+00	0.000000e+00	9.271240e-04	0.000000e+00	2.018324e-05	0.000000e+00	0.000000e+00	0.000000e+00	4.551502e-01	-1.229813e-01
4.551502e-01	0.000000e+00	3.808407e-04	0.000000e+00	0.000000e+00	7.603753e-07	0.000000e+00	6.104458e-04	0.000000e+00	0.000000e+00	3.143963e-05	0.000000e+00	0.000000e+00	0.000000e+00	0.000000e+00	2.043891e-03	0.000000e+00	0.000000e+00	1.521218e-04	0.000000e+00	7.500692e-05	0.000000e+00	0.000000e+00	0.000000e+00	9.271240e-04	0.000000e+00	2.018324e-05	0.000000e+00	0.000000e+00	0.000000e+00	4.551502e-01	-1.229813e-01
4.551502e-01	0.000000e+00	3.808407e-04	0.000000e+00	0.000000e+00	7.603753e-07	0.000000e+00	6.104458e-04	0.000000e+00	0.000000e+00	3.143963e-05	0.000000e+00	0.000000e+00	0.000000e+00	0.000000e+00	2.043891e-03	0.000000e+00	0.000000e+00	1.521218e-04	0.000000e+00	7.500692e-05	0.000000e+00	0.000000e+00	0.000000e+00	9.271240e-04	0.000000e+00	2.018324e-05	0.000000e+00	0.000000e+00	0.000000e+00	4.551502e-01	-1.229813e-01
4.551502e-01	0.000000e+00	3.808407e-04	0.000000e+00	0.000000e+00	7.603753e-07	0.000000e+00	6.104458e-04	0.000000e+00	0.000000e+00	3.143963e-05	0.000000e+00	0.000000e+00	0.000000e+00	0.000000e+00	2.043891e-03	0.000000e+00	0.000000e+00	1.521218e-04	0.000000e+00	7.500692e-05	0.000000e+00	0.000000e+00	0.000000e+00	9.271240e-04	0.000000e+00	2.018324e-05	0.000000e+00	0.000000e+00	0.000000e+00	4.551502e-01	-1.229813e-01
4.551502e-01	0.000000e+00	3.808407e-04	0.000000e+00	0.000000e+00	7.603753e-07	0.000000e+00	6.104458e-04	0.000000e+00	0.000000e+00	3.143963e-05	0.000000e+00	0.000000e+00	0.000000e+00	0.000000e+00	2.043891e-03	0.000000e+00	0.000000e+00	1.521218e-04	0.000000e+00	7.500692e-05	0.000000e+00	0.000000e+00	0.000000e+00	9.271240e-04	0.000000e+00	2.018324e-05	0.000000e+00	0.000000e+00	0.000000e+00	4.551502e-01	-1.229813e-01
4.466860e-01	0.000000e+00	0.000000e+00	0.000000e+00	0.000000e+00	7.603753e-07	0.000000e+00	6.104458e-04	1.041883e-05	0.000000e+00	3.143963e-05	0.000000e+00	0.000000e+00	0.000000e+00	0.000000e+00	1.178618e-03	0.000000e+00	0.000000e+00	1.521218e-04	0.000000e+00	7.500692e-05	0.000000e+00	0.000000e+00	0.000000e+00	9.271240e-04	0.000000e+00	2.018324e-05	0.000000e+00	0.000000e+00	6.101576e-04	4.466860e-01	-1.118655e-01
4.414070e-01	0.000000e+00	0.000000e+00	0.000000e+00	0.000000e+00	0.000000e+00	0.000000e+00	1.220892e-03	0.000000e+00	1.269243e-04	3.733456e-05	0.000000e+00	0.000000e+00	0.000000e+00	0.000000e+00	0.000000e+00	0.000000e+00	0.000000e+00	0.000000e+00	0.000000e+00	0.000000e+00	0.000000e+00	0.000000e+00	0.000000e+00	0.000000e+00	5.100841e-03	1.093259e-05	0.000000e+00	0.000000e+00	0.000000e+00	4.414070e-01	-8.845835e-02
4.382217e-01	0.000000e+00	5.236559e-04	0.000000e+00	1.020469e-04	8.351995e-06	6.787108e-04	0.000000e+00	0.000000e+00	0.000000e+00	4.519446e-05	0.000000e+00	0.000000e+00	5.422775e-04	0.000000e+00	0.000000e+00	0.000000e+00	0.000000e+00	0.000000e+00	0.000000e+00	2.088360e-03	0.000000e+00	0.000000e+00	2.315774e-03	1.096331e-03	0.000000e+00	0.000000e+00	0.000000e+00	0.000000e+00	0.000000e+00	4.382217e-01	-6.900821e-02
4.350363e-01	0.000000e+00	7.616813e-04	0.000000e+00	2.040937e-04	0.000000e+00	0.000000e+00	2.431771e-03	7.033624e-05	0.000000e+00	6.435298e-05	0.000000e+00	0.000000e+00	0.000000e+00	0.000000e+00	1.372633e-03	0.000000e+00	0.000000e+00	0.000000e+00	0.000000e+00	3.750346e-05	0.000000e+00	0.000000e+00	2.443559e-04	1.984683e-03	9.351542e-03	9.671134e-06	2.588779e-05	5.655183e-04	1.497603e-03	4.350363e-01	-4.354194e-02
4.319806e-01	0.000000e+00	0.000000e+00	0.000000e+00	0.000000e+00	0.000000e+00	0.000000e+00	2.823868e-04	6.353338e-04	1.692324e-04	0.000000e+00	9.295656e-05	0.000000e+00	0.000000e+00	0.000000e+00	2.663277e-04	0.000000e+00	0.000000e+00	1.147261e-03	0.000000e+00	8.975547e-05	0.000000e+00	0.000000e+00	0.000000e+00	0.000000e+00	2.864911e-03	4.036647e-05	3.695860e-02	0.000000e+00	0.000000e+00	4.319806e-01	-1.296535e-02
4.287952e-01	0.000000e+00	0.000000e+00	0.000000e+00	0.000000e+00	1.670399e-05	0.000000e+00	9.850331e-04	2.226573e-04	0.000000e+00	0.000000e+00	0.000000e+00	0.000000e+00	6.586611e-04	0.000000e+00	0.000000e+00	6.510523e-03	0.000000e+00	0.000000e+00	0.000000e+00	4.719536e-05	0.000000e+00	0.000000e+00	1.966601e-02	0.000000e+00	0.000000e+00	6.054971e-05	6.970514e-06	0.000000e+00	4.783093e-04	4.287952e-01	1.404600e-02
4.258383e-01	0.000000e+00	2.856305e-04	0.000000e+00	0.000000e+00	3.416836e-05	0.000000e+00	2.015738e-03	1.432052e-04	0.000000e+00	2.161474e-05	0.000000e+00	0.000000e+00	1.064735e-04	0.000000e+00	1.050322e-02	1.302105e-02	0.000000e+00	0.000000e+00	0.000000e+00	9.860460e-05	0.000000e+00	0.000000e+00	4.790562e-03	9.271240e-04	0.000000e+00	3.111582e-05	1.394103e-05	0.000000e+00	0.000000e+00	4.258383e-01	4.519664e-02
4.227731e-01	0.000000e+00	0.000000e+00	0.000000e+00	0.000000e+00	0.000000e+00	0.000000e+00	0.000000e+00	0.000000e+00	0.000000e+00	0.000000e+00	0.000000e+00	0.000000e+00	1.117972e-03	0.000000e+00	0.000000e+00	0.000000e+00	0.000000e+00	0.000000e+00	0.000000e+00	4.719536e-05	0.000000e+00	0.000000e+00	3.181067e-03	0.000000e+00	0.000000e+00	0.000000e+00	0.000000e+00	8.553068e-04	2.424043e-04	4.227731e-01	7.361291e-02
4.199998e-01	0.000000e+00	0.000000e+00	0.000000e+00	0.000000e+00	1.053596e-04	0.000000e+00	2.823868e-04	1.193856e-03	0.000000e+00	0.000000e+00	0.000000e+00	0.000000e+00	5.589858e-04	0.000000e+00	0.000000e+00	0.000000e+00	0.000000e+00	0.000000e+00	0.000000e+00	2.359768e-05	0.000000e+00	0.000000e+00	0.000000e+00	0.000000e+00	0.000000e+00	0.000000e+00	0.000000e+00	4.276534e-04	6.090076e-04	4.199998e-01	1.057298e-01
4.169765e-01	0.000000e+00	2.389645e-03	0.000000e+00	0.000000e+00	0.000000e+00	0.000000e+00	2.823868e-04	2.265820e-04	0.000000e+00	1.175037e-03	0.000000e+00	0.000000e+00	2.129470e-04	0.000000e+00	0.000000e+00	0.000000e+00	0.000000e+00	0.000000e+00	0.000000e+00	0.000000e+00	0.000000e+00	0.000000e+00	0.000000e+00	0.000000e+00	9.351542e-03	0.000000e+00	3.311229e-06	0.000000e+00	0.000000e+00	4.169765e-01	1.451377e-01
4.135231e-01	0.000000e+00	0.000000e+00	0.000000e+00	0.000000e+00	1.366734e-04	0.000000e+00	2.823868e-04	4.167531e-05	0.000000e+00	0.000000e+00	0.000000e+00	0.000000e+00	7.453144e-04	0.000000e+00	0.000000e+00	0.000000e+00	0.000000e+00	0.000000e+00	0.000000e+00	0.000000e+00	0.000000e+00	0.000000e+00	0.000000e+00	0.000000e+00	0.000000e+00	0.000000e+00	2.889800e-05	0.000000e+00	0.000000e+00	4.135231e-01	1.867577e-01
4.107354e-01	0.000000e+00	5.712610e-04	0.000000e+00	0.000000e+00	7.280189e-05	0.000000e+00	1.517889e-03	2.083765e-05	2.538486e-04	4.574390e-03	1.859131e-04	0.000000e+00	0.000000e+00	0.000000e+00	1.386031e-04	0.000000e+00	0.000000e+00	1.179129e-03	0.000000e+00	4.719536e-05	0.000000e+00	0.000000e+00	1.590137e-04	0.000000e+00	5.729821e-03	6.054971e-05	1.444900e-05	3.529297e-04	2.424043e-04	4.107354e-01	2.263899e-01
2.592894e-01	0.000000e+00	0.000000e+00	0.000000e+00	0.000000e+00	2.107192e-04	0.000000e+00	2.823868e-04	1.510547e-04	0.000000e+00	0.000000e+00	2.232199e-04	0.000000e+00	0.000000e+00	0.000000e+00	0.000000e+00	0.000000e+00	0.000000e+00	0.000000e+00	0.000000e+00	0.000000e+00	0.000000e+00	0.000000e+00	0.000000e+00	0.000000e+00	0.000000e+00	0.000000e+00	0.000000e+00	0.000000e+00	0.000000e+00	2.592894e-01	2.426700e-01
2.592894e-01	0.000000e+00	0.000000e+00	0.000000e+00	0.000000e+00	2.107192e-04	0.000000e+00	2.823868e-04	1.510547e-04	0.000000e+00	0.000000e+00	2.232199e-04	0.000000e+00	0.000000e+00	0.000000e+00	0.000000e+00	0.000000e+00	0.000000e+00	0.000000e+00	0.000000e+00	0.000000e+00	0.000000e+00	0.000000e+00	0.000000e+00	0.000000e+00	0.000000e+00	0.000000e+00	0.000000e+00	0.000000e+00	0.000000e+00	2.592894e-01	2.426700e-01
2.592894e-01	0.000000e+00	0.000000e+00	0.000000e+00	0.000000e+00	2.107192e-04	0.000000e+00	2.823868e-04	1.510547e-04	0.000000e+00	0.000000e+00	2.232199e-04	0.000000e+00	0.000000e+00	0.000000e+00	0.000000e+00	0.000000e+00	0.000000e+00	0.000000e+00	0.000000e+00	0.000000e+00	0.000000e+00	0.000000e+00	0.000000e+00	0.000000e+00	0.000000e+00	0.000000e+00	0.000000e+00	0.000000e+00	0.000000e+00	2.592894e-01	2.426700e-01
2.592894e-01	0.000000e+00	0.000000e+00	0.000000e+00	0.000000e+00	2.107192e-04	0.000000e+00	2.823868e-04	1.510547e-04	0.000000e+00	0.000000e+00	2.232199e-04	0.000000e+00	0.000000e+00	0.000000e+00	0.000000e+00	0.000000e+00	0.000000e+00	0.000000e+00	0.000000e+00	0.000000e+00	0.000000e+00	0.000000e+00	0.000000e+00	0.000000e+00	0.000000e+00	0.000000e+00	0.000000e+00	0.000000e+00	0.000000e+00	2.592894e-01	2.426700e-01
2.592894e-01	0.000000e+00	0.000000e+00	0.000000e+00	0.000000e+00	2.107192e-04	0.000000e+00	2.823868e-04	1.510547e-04	0.000000e+00	0.000000e+00	2.232199e-04	0.000000e+00	0.000000e+00	0.000000e+00	0.000000e+00	0.000000e+00	0.000000e+00	0.000000e+00	0.000000e+00	0.000000e+00	0.000000e+00	0.000000e+00	0.000000e+00	0.000000e+00	0.000000e+00	0.000000e+00	0.000000e+00	0.000000e+00	0.000000e+00	2.592894e-01	2.426700e-01
2.592894e-01	0.000000e+00	0.000000e+00	0.000000e+00	0.000000e+00	2.107192e-04	0.000000e+00	2.823868e-04	1.510547e-04	0.000000e+00	0.000000e+00	2.232199e-04	0.000000e+00	0.000000e+00	0.000000e+00	0.000000e+00	0.000000e+00	0.000000e+00	0.000000e+00	0.000000e+00	0.000000e+00	0.000000e+00	0.000000e+00	0.000000e+00	0.000000e+00	0.000000e+00	0.000000e+00	0.000000e+00	0.000000e+00	0.000000e+00	2.592894e-01	2.426700e-01
2.592894e-01	0.000000e+00	0.000000e+00	0.000000e+00	0.000000e+00	2.107192e-04	0.000000e+00	2.823868e-04	1.510547e-04	0.000000e+00	0.000000e+00	2.232199e-04	0.000000e+00	0.000000e+00	0.000000e+00	0.000000e+00	0.000000e+00	0.000000e+00	0.000000e+00	0.000000e+00	0.000000e+00	0.000000e+00	0.000000e+00	0.000000e+00	0.000000e+00	0.000000e+00	0.000000e+00	0.000000e+00	0.000000e+00	0.000000e+00	2.592894e-01	2.426700e-01
2.592894e-01	0.000000e+00	0.000000e+00	0.000000e+00	0.000000e+00	2.107192e-04	0.000000e+00	2.823868e-04	1.510547e-04	0.000000e+00	0.000000e+00	2.232199e-04	0.000000e+00	0.000000e+00	0.000000e+00	0.000000e+00	0.000000e+00	0.000000e+00	0.000000e+00	0.000000e+00	0.000000e+00	0.000000e+00	0.000000e+00	0.000000e+00	0.000000e+00	0.000000e+00	0.000000e+00	0.000000e+00	0.000000e+00	0.000000e+00	2.592894e-01	2.426700e-01
2.548585e-01	4.700421e-05	0.000000e+00	0.000000e+00	0.000000e+00	1.053596e-04	0.000000e+00	0.000000e+00	1.328126e-04	0.000000e+00	0.000000e+00	2.779209e-04	0.000000e+00	0.000000e+00	0.000000e+00	0.000000e+00	0.000000e+00	0.000000e+00	0.000000e+00	0.000000e+00	0.000000e+00	0.000000e+00	0.000000e+00	0.000000e+00	2.028359e-05	0.000000e+00	0.000000e+00	1.223408e-04	0.000000e+00	1.931986e-04	2.548585e-01	2.434779e-01
2.446946e-01	4.700421e-05	0.000000e+00	0.000000e+00	0.000000e+00	2.107192e-04	0.000000e+00	0.000000e+00	1.250259e-04	0.000000e+00	0.000000e+00	2.232199e-04	0.000000e+00	0.000000e+00	0.000000e+00	0.000000e+00	0.000000e+00	0.000000e+00	1.513747e-04	0.000000e+00	0.000000e+00	0.000000e+00	0.000000e+00	1.277820e-04	3.631417e-05	0.000000e+00	0.000000e+00	2.446815e-04	0.000000e+00	5.742988e-05	2.446946e-01	2.643159e-01
2.359108e-01	3.995358e-04	0.000000e+00	0.000000e+00	0.000000e+00	1.053596e-04	0.000000e+00	4.235801e-04	2.500518e-04	0.000000e+00	0.000000e+00	1.288784e-04	0.000000e+00	0.000000e+00	0.000000e+00	0.000000e+00	0.000000e+00	0.000000e+00	0.000000e+00	0.000000e+00	0.000000e+00	1.555535e-03	0.000000e+00	0.000000e+00	0.000000e+00	0.000000e+00	0.000000e+00	0.000000e+00	2.622571e-04	0.000000e+00	2.359108e-01	3.018515e-01
2.295714e-01	0.000000e+00	0.000000e+00	0.000000e+00	0.000000e+00	3.160787e-04	0.000000e+00	0.000000e+00	1.510547e-04	0.000000e+00	0.000000e+00	1.557521e-04	0.000000e+00	0.000000e+00	0.000000e+00	0.000000e+00	0.000000e+00	0.000000e+00	0.000000e+00	0.000000e+00	0.000000e+00	0.000000e+00	0.000000e+00	0.000000e+00	0.000000e+00	0.000000e+00	0.000000e+00	0.000000e+00	0.000000e+00	1.148598e-04	2.295714e-01	3.371446e-01
2.220451e-01	1.880168e-04	0.000000e+00	0.000000e+00	0.000000e+00	3.160787e-04	0.000000e+00	1.411934e-04	2.500518e-04	0.000000e+00	0.000000e+00	3.348299e-04	0.000000e+00	0.000000e+00	0.000000e+00	0.000000e+00	0.000000e+00	0.000000e+00	3.186836e-05	0.000000e+00	0.000000e+00	0.000000e+00	0.000000e+00	6.389101e-05	1.832066e-05	1.705819e-03	0.000000e+00	2.446815e-04	0.000000e+00	5.742988e-05	2.220451e-01	3.877996e-01
2.169631e-01	2.820253e-04	0.000000e+00	0.000000e+00	0.000000e+00	0.000000e+00	0.000000e+00	0.000000e+00	2.240231e-04	0.000000e+00	0.000000e+00	6.362471e-04	0.000000e+00	0.000000e+00	0.000000e+00	0.000000e+00	0.000000e+00	0.000000e+00	0.000000e+00	0.000000e+00	0.000000e+00	0.000000e+00	0.000000e+00	6.725645e-05	0.000000e+00	0.000000e+00	0.000000e+00	0.000000e+00	0.000000e+00	0.000000e+00	2.169631e-01	4.242680e-01
2.075396e-01	0.000000e+00	0.000000e+00	0.000000e+00	0.000000e+00	0.000000e+00	0.000000e+00	0.000000e+00	0.000000e+00	0.000000e+00	0.000000e+00	0.000000e+00	0.000000e+00	0.000000e+00	0.000000e+00	0.000000e+00	0.000000e+00	0.000000e+00	1.513747e-04	0.000000e+00	0.000000e+00	0.000000e+00	0.000000e+00	1.277820e-04	0.000000e+00	0.000000e+00	4.396283e-05	0.000000e+00	0.000000e+00	0.000000e+00	2.075396e-01	4.958124e-01
1.998534e-01	9.400842e-05	0.000000e+00	0.000000e+00	0.000000e+00	0.000000e+00	0.000000e+00	1.411934e-04	9.632834e-05	0.000000e+00	0.000000e+00	4.149542e-04	0.000000e+00	0.000000e+00	0.000000e+00	0.000000e+00	0.000000e+00	0.000000e+00	1.673089e-04	0.000000e+00	0.000000e+00	0.000000e+00	0.000000e+00	1.748971e-03	0.000000e+00	0.000000e+00	0.000000e+00	0.000000e+00	0.000000e+00	1.644836e-04	1.998534e-01	5.545523e-01
1.908630e-01	0.000000e+00	2.951763e-04	0.000000e+00	0.000000e+00	0.000000e+00	0.000000e+00	1.072068e-04	4.682976e-05	3.068165e-03	0.000000e+00	1.149623e-04	0.000000e+00	4.258939e-04	0.000000e+00	0.000000e+00	0.000000e+00	0.000000e+00	0.000000e+00	0.000000e+00	0.000000e+00	0.000000e+00	0.000000e+00	6.052556e-05	0.000000e+00	1.705819e-03	0.000000e+00	0.000000e+00	0.000000e+00	5.352688e-05	1.908630e-01	6.185847e-01
8.519224e-02	3.760337e-04	0.000000e+00	0.000000e+00	0.000000e+00	0.000000e+00	0.000000e+00	0.000000e+00	5.205749e-05	0.000000e+00	0.000000e+00	4.119030e-04	0.000000e+00	0.000000e+00	0.000000e+00	0.000000e+00	0.000000e+00	0.000000e+00	1.195064e-05	0.000000e+00	0.000000e+00	0.000000e+00	0.000000e+00	1.210511e-04	0.000000e+00	0.000000e+00	0.000000e+00	0.000000e+00	0.000000e+00	0.000000e+00	8.519224e-02	6.701635e-01
8.519224e-02	3.760337e-04	0.000000e+00	0.000000e+00	0.000000e+00	0.000000e+00	0.000000e+00	0.000000e+00	5.205749e-05	0.000000e+00	0.000000e+00	4.119030e-04	0.000000e+00	0.000000e+00	0.000000e+00	0.000000e+00	0.000000e+00	0.000000e+00	1.195064e-05	0.000000e+00	0.000000e+00	0.000000e+00	0.000000e+00	1.210511e-04	0.000000e+00	0.000000e+00	0.000000e+00	0.000000e+00	0.000000e+00	0.000000e+00	8.519224e-02	6.701635e-01
8.519224e-02	3.760337e-04	0.000000e+00	0.000000e+00	0.000000e+00	0.000000e+00	0.000000e+00	0.000000e+00	5.205749e-05	0.000000e+00	0.000000e+00	4.119030e-04	0.000000e+00	0.000000e+00	0.000000e+00	0.000000e+00	0.000000e+00	0.000000e+00	1.195064e-05	0.000000e+00	0.000000e+00	0.000000e+00	0.000000e+00	1.210511e-04	0.000000e+00	0.000000e+00	0.000000e+00	0.000000e+00	0.000000e+00	0.000000e+00	8.519224e-02	6.701635e-01
8.519224e-02	3.760337e-04	0.000000e+00	0.000000e+00	0.000000e+00	0.000000e+00	0.000000e+00	0.000000e+00	5.205749e-05	0.000000e+00	0.000000e+00	4.119030e-04	0.000000e+00	0.000000e+00	0.000000e+00	0.000000e+00	0.000000e+00	0.000000e+00	1.195064e-05	0.000000e+00	0.000000e+00	0.000000e+00	0.000000e+00	1.210511e-04	0.000000e+00	0.000000e+00	0.000000e+00	0.000000e+00	0.000000e+00	0.000000e+00	8.519224e-02	6.701635e-01
8.519224e-02	3.760337e-04	0.000000e+00	0.000000e+00	0.000000e+00	0.000000e+00	0.000000e+00	0.000000e+00	5.205749e-05	0.000000e+00	0.000000e+00	4.119030e-04	0.000000e+00	0.000000e+00	0.000000e+00	0.000000e+00	0.000000e+00	0.000000e+00	1.195064e-05	0.000000e+00	0.000000e+00	0.000000e+00	0.000000e+00	1.210511e-04	0.000000e+00	0.000000e+00	0.000000e+00	0.000000e+00	0.000000e+00	0.000000e+00	8.519224e-02	6.701635e-01
8.519224e-02	3.760337e-04	0.000000e+00	0.000000e+00	0.000000e+00	0.000000e+00	0.000000e+00	0.000000e+00	5.205749e-05	0.000000e+00	0.000000e+00	4.119030e-04	0.000000e+00	0.000000e+00	0.000000e+00	0.000000e+00	0.000000e+00	0.000000e+00	1.195064e-05	0.000000e+00	0.000000e+00	0.000000e+00	0.000000e+00	1.210511e-04	0.000000e+00	0.000000e+00	0.000000e+00	0.000000e+00	0.000000e+00	0.000000e+00	8.519224e-02	6.701635e-01
7.625935e-02	4.230379e-04	0.000000e+00	0.000000e+00	0.000000e+00	0.000000e+00	0.000000e+00	3.476109e-04	2.018877e-04	3.127488e-03	0.000000e+00	6.347215e-04	0.000000e+00	0.000000e+00	0.000000e+00	0.000000e+00	0.000000e+00	0.000000e+00	0.000000e+00	0.000000e+00	3.427366e-04	0.000000e+00	0.000000e+00	0.000000e+00	0.000000e+00	0.000000e+00	0.000000e+00	0.000000e+00	0.000000e+00	0.000000e+00	7.625935e-02	6.734589e-01
6.090125e-02	5.405484e-04	0.000000e+00	0.000000e+00	9.321700e-04	1.008658e-04	0.000000e+00	3.716504e-04	5.205749e-05	0.000000e+00	0.000000e+00	6.680539e-04	0.000000e+00	5.245136e-04	0.000000e+00	0.000000e+00	0.000000e+00	0.000000e+00	3.107165e-04	0.000000e+00	0.000000e+00	0.000000e+00	0.000000e+00	1.210511e-04	2.290083e-05	0.000000e+00	0.000000e+00	0.000000e+00	0.000000e+00	0.000000e+00	6.090125e-02	6.968452e-01
4.403226e-02	5.640505e-04	0.000000e+00	0.000000e+00	0.000000e+00	2.562627e-05	0.000000e+00	0.000000e+00	6.251296e-05	0.000000e+00	0.000000e+00	1.646649e-04	0.000000e+00	0.000000e+00	0.000000e+00	0.000000e+00	0.000000e+00	0.000000e+00	3.107165e-04	0.000000e+00	0.000000e+00	0.000000e+00	0.000000e+00	0.000000e+00	3.631417e-05	0.000000e+00	0.000000e+00	1.737150e-04	0.000000e+00	0.000000e+00	4.403226e-02	7.472723e-01
3.193467e-02	0.000000e+00	0.000000e+00	0.000000e+00	1.649546e-04	0.000000e+00	0.000000e+00	0.000000e+00	3.707814e-05	2.663802e-03	0.000000e+00	5.430297e-04	0.000000e+00	0.000000e+00	0.000000e+00	0.000000e+00	0.000000e+00	0.000000e+00	5.098938e-04	0.000000e+00	1.370946e-03	0.000000e+00	0.000000e+00	1.748971e-03	0.000000e+00	0.000000e+00	0.000000e+00	0.000000e+00	1.512631e-03	0.000000e+00	3.193467e-02	7.967860e-01
1.626010e-02	4.817931e-04	1.475882e-04	0.000000e+00	5.446053e-03	0.000000e+00	0.000000e+00	0.000000e+00	4.456781e-05	0.000000e+00	0.000000e+00	0.000000e+00	0.000000e+00	3.194204e-04	0.000000e+00	0.000000e+00	0.000000e+00	0.000000e+00	4.182723e-05	0.000000e+00	0.000000e+00	0.000000e+00	0.000000e+00	8.063348e-04	2.453660e-05	0.000000e+00	0.000000e+00	2.446815e-04	0.000000e+00	0.000000e+00	1.626010e-02	8.667311e-01
0.000000e+00	4.700421e-04	0.000000e+00	0.000000e+00	0.000000e+00	0.000000e+00	0.000000e+00	0.000000e+00	5.728523e-05	0.000000e+00	0.000000e+00	2.882839e-04	0.000000e+00	0.000000e+00	0.000000e+00	0.000000e+00	0.000000e+00	0.000000e+00	1.613336e-04	0.000000e+00	0.000000e+00	0.000000e+00	0.000000e+00	8.668604e-04	1.815709e-05	0.000000e+00	1.923374e-05	0.000000e+00	0.000000e+00	0.000000e+00	0.000000e+00	1.000584e+00
