8.410797e-01 0.000000e+00 2.174704e-02 1.395675e-01 0.000000e+00 9.983092e-02 0.000000e+00 7.549872e-03 0.000000e+00 0.000000e+00 0.000000e+00 1.148807e-01 0.000000e+00 1.602771e-02 0.000000e+00 6.094000e-02 3.348188e-02 5.738744e-03 0.000000e+00 0.000000e+00 1.632788e-01 5.785859e-03 1.130342e-02 0.000000e+00 0.000000e+00 4.039802e-02 4.318582e-03 0.000000e+00 3.316054e-02 0.000000e+00 8.410797e-01 -5.923081e-01
8.410797e-01 0.000000e+00 2.174704e-02 1.395675e-01 0.000000e+00 9.983092e-02 0.000000e+00 7.549872e-03 0.000000e+00 0.000000e+00 0.000000e+00 1.148807e-01 0.000000e+00 1.602771e-02 0.000000e+00 6.094000e-02 3.348188e-02 5.738744e-03 0.000000e+00 0.000000e+00 1.632788e-01 5.785859e-03 1.130342e-02 0.000000e+00 0.000000e+00 4.039802e-02 4.318582e-03 0.000000e+00 3.316054e-02 0.000000e+00 8.410797e-01 -5.923081e-01
8.410797e-01 0.000000e+00 2.174704e-02 1.395675e-01 0.000000e+00 9.983092e-02 0.000000e+00 7.549872e-03 0.000000e+00 0.000000e+00 0.000000e+00 1.148807e-01 0.000000e+00 1.602771e-02 0.000000e+00 6.094000e-02 3.348188e-02 5.738744e-03 0.000000e+00 0.000000e+00 1.632788e-01 5.785859e-03 1.130342e-02 0.000000e+00 0.000000e+00 4.039802e-02 4.318582e-03 0.000000e+00 3.316054e-02 0.000000e+00 8.410797e-01 -5.923081e-01
8.410797e-01 0.000000e+00 2.174704e-02 1.395675e-01 0.000000e+00 9.983092e-02 0.000000e+00 7.549872e-03 0.000000e+00 0.000000e+00 0.000000e+00 1.148807e-01 0.000000e+00 1.602771e-02 0.000000e+00 6.094000e-02 3.348188e-02 5.738744e-03 0.000000e+00 0.000000e+00 1.632788e-01 5.785859e-03 1.130342e-02 0.000000e+00 0.000000e+00 4.039802e-02 4.318582e-03 0.000000e+00 3.316054e-02 0.000000e+00 8.410797e-01 -5.923081e-01
8.410797e-01 0.000000e+00 2.174704e-02 1.395675e-01 0.000000e+00 9.983092e-02 0.000000e+00 7.549872e-03 0.000000e+00 0.000000e+00 0.000000e+00 1.148807e-01 0.000000e+00 1.602771e-02 0.000000e+00 6.094000e-02 3.348188e-02 5.738744e-03 0.000000e+00 0.000000e+00 1.632788e-01 5.785859e-03 1.130342e-02 0.000000e+00 0.000000e+00 4.039802e-02 4.318582e-03 0.000000e+00 3.316054e-02 0.000000e+00 8.410797e-01 -5.923081e-01
8.366205e-01 0.000000e+00 2.174704e-02 1.330217e-01 0.000000e+00 9.151167e-02 0.000000e+00 6.606138e-03 0.000000e+00 0.000000e+00 0.000000e+00 1.148807e-01 0.000000e+00 0.000000e+00 0.000000e+00 6.509500e-02 3.348188e-02 5.738744e-03 0.000000e+00 0.000000e+00 1.632788e-01 5.785859e-03 9.890496e-03 0.000000e+00 0.000000e+00 4.039802e-02 4.318582e-03 0.000000e+00 3.316054e-02 0.000000e+00 8.366205e-01 -5.504368e-01
8.366205e-01 0.000000e+00 1.660974e-02 2.653348e-01 0.000000e+00 4.575584e-02 0.000000e+00 6.606138e-03 0.000000e+00 0.000000e+00 0.000000e+00 1.148807e-01 0.000000e+00 3.066245e-02 0.000000e+00 1.627375e-02 0.000000e+00 5.738744e-03 0.000000e+00 2.542525e-03 1.632788e-01 5.785859e-03 9.890496e-03 0.000000e+00 2.902311e-04 4.039802e-02 4.318582e-03 1.299524e-03 4.128635e-02 0.000000e+00 8.366205e-01 -5.427645e-01
8.366205e-01 0.000000e+00 1.660974e-02 2.653348e-01 0.000000e+00 4.575584e-02 0.000000e+00 6.606138e-03 0.000000e+00 0.000000e+00 0.000000e+00 1.148807e-01 0.000000e+00 3.066245e-02 0.000000e+00 1.627375e-02 0.000000e+00 5.738744e-03 0.000000e+00 2.542525e-03 1.632788e-01 5.785859e-03 9.890496e-03 0.000000e+00 2.902311e-04 4.039802e-02 4.318582e-03 1.299524e-03 4.128635e-02 0.000000e+00 8.366205e-01 -5.427645e-01
8.366205e-01 0.000000e+00 1.660974e-02 2.653348e-01 0.000000e+00 4.575584e-02 0.000000e+00 6.606138e-03 0.000000e+00 0.000000e+00 0.000000e+00 1.148807e-01 0.000000e+00 3.066245e-02 0.000000e+00 1.627375e-02 0.000000e+00 5.738744e-03 0.000000e+00 2.542525e-03 1.632788e-01 5.785859e-03 9.890496e-03 0.000000e+00 2.902311e-04 4.039802e-02 4.318582e-03 1.299524e-03 4.128635e-02 0.000000e+00 8.366205e-01 -5.427645e-01
8.366205e-01 0.000000e+00 2.174704e-02 2.091654e-01 0.000000e+00 0.000000e+00 0.000000e+00 6.606138e-03 0.000000e+00 0.000000e+00 0.000000e+00 1.148807e-01 9.547643e-03 3.066245e-02 4.032083e-02 1.627375e-02 4.889460e-02 5.232384e-03 8.416836e-04 2.542525e-03 1.632788e-01 5.785859e-03 8.170314e-02 0.000000e+00 2.902311e-04 0.000000e+00 4.318582e-03 1.299524e-03 1.251737e-02 5.046279e-02 8.366205e-01 -5.326068e-01
8.366205e-01 0.000000e+00 2.174704e-02 2.091654e-01 0.000000e+00 0.000000e+00 0.000000e+00 6.606138e-03 0.000000e+00 0.000000e+00 0.000000e+00 1.148807e-01 9.547643e-03 3.066245e-02 4.032083e-02 1.627375e-02 4.889460e-02 5.232384e-03 8.416836e-04 2.542525e-03 1.632788e-01 5.785859e-03 8.170314e-02 0.000000e+00 2.902311e-04 0.000000e+00 4.318582e-03 1.299524e-03 1.251737e-02 5.046279e-02 8.366205e-01 -5.326068e-01
8.366205e-01 0.000000e+00 2.174704e-02 2.091654e-01 0.000000e+00 0.000000e+00 0.000000e+00 6.606138e-03 0.000000e+00 0.000000e+00 0.000000e+00 1.148807e-01 9.547643e-03 3.066245e-02 4.032083e-02 1.627375e-02 4.889460e-02 5.232384e-03 8.416836e-04 2.542525e-03 1.632788e-01 5.785859e-03 8.170314e-02 0.000000e+00 2.902311e-04 0.000000e+00 4.318582e-03 1.299524e-03 1.251737e-02 5.046279e-02 8.366205e-01 -5.326068e-01
8.366205e-01 0.000000e+00 2.174704e-02 2.091654e-01 0.000000e+00 0.000000e+00 0.000000e+00 6.606138e-03 0.000000e+00 0.000000e+00 0.000000e+00 1.148807e-01 9.547643e-03 3.066245e-02 4.032083e-02 1.627375e-02 4.889460e-02 5.232384e-03 8.416836e-04 2.542525e-03 1.632788e-01 5.785859e-03 8.170314e-02 0.000000e+00 2.902311e-04 0.000000e+00 4.318582e-03 1.299524e-03 1.251737e-02 5.046279e-02 8.366205e-01 -5.326068e-01
8.321612e-01 1.462356e-03 2.174704e-02 2.091654e-01 0.000000e+00 0.000000e+00 0.000000e+00 0.000000e+00 0.000000e+00 1.301778e-02 0.000000e+00 2.196412e-01 9.547643e-03 1.602771e-02 4.032083e-02 0.000000e+00 4.889460e-02 5.232384e-03 8.416836e-04 1.207699e-02 1.632788e-01 5.785859e-03 0.000000e+00 0.000000e+00 0.000000e+00 0.000000e+00 4.318582e-03 0.000000e+00 1.251737e-02 5.046279e-02 8.321612e-01 -4.694735e-01
8.321612e-01 1.462356e-03 2.174704e-02 2.091654e-01 0.000000e+00 0.000000e+00 0.000000e+00 0.000000e+00 0.000000e+00 1.301778e-02 0.000000e+00 2.196412e-01 9.547643e-03 1.602771e-02 4.032083e-02 0.000000e+00 4.889460e-02 5.232384e-03 8.416836e-04 1.207699e-02 1.632788e-01 5.785859e-03 0.000000e+00 0.000000e+00 0.000000e+00 0.000000e+00 4.318582e-03 0.000000e+00 1.251737e-02 5.046279e-02 8.321612e-01 -4.694735e-01
8.321612e-01 9.005251e-03 1.947785e-02 2.064800e-01 0.000000e+00 0.000000e+00 0.000000e+00 7.617889e-03 0.000000e+00 6.736699e-03 0.000000e+00 1.866013e-01 5.168857e-03 4.550201e-02 2.016042e-02 0.000000e+00 4.889460e-02 5.232384e-03 1.356027e-02 1.493733e-02 1.677882e-01 5.785859e-03 0.000000e+00 0.000000e+00 0.000000e+00 0.000000e+00 1.040092e-01 0.000000e+00 2.527067e-02 5.046279e-02 8.321612e-01 -4.494263e-01
8.321612e-01 9.005251e-03 1.947785e-02 2.070068e-01 0.000000e+00 0.000000e+00 1.072474e-03 7.599012e-02 0.000000e+00 3.596161e-03 0.000000e+00 1.866013e-01 3.514779e-02 4.550201e-02 0.000000e+00 1.836182e-02 0.000000e+00 5.232384e-03 1.334985e-02 1.493733e-02 1.677882e-01 0.000000e+00 5.849560e-03 0.000000e+00 0.000000e+00 0.000000e+00 1.034537e-02 8.609344e-03 3.299621e-02 1.005081e-01 8.321612e-01 -4.459511e-01
8.321612e-01 9.005251e-03 1.947785e-02 2.070068e-01 0.000000e+00 0.000000e+00 1.072474e-03 7.599012e-02 0.000000e+00 3.596161e-03 0.000000e+00 1.866013e-01 3.514779e-02 4.550201e-02 0.000000e+00 1.836182e-02 0.000000e+00 5.232384e-03 1.334985e-02 1.493733e-02 1.677882e-01 0.000000e+00 5.849560e-03 0.000000e+00 0.000000e+00 0.000000e+00 1.034537e-02 1.023375e-02 3.299621e-02 1.005081e-01 8.321612e-01 -4.456488e-01
8.321612e-01 9.005251e-03 1.947785e-02 2.070068e-01 0.000000e+00 0.000000e+00 1.072474e-03 7.599012e-02 0.000000e+00 3.596161e-03 0.000000e+00 1.866013e-01 3.514779e-02 4.550201e-02 0.000000e+00 1.836182e-02 0.000000e+00 5.232384e-03 1.334985e-02 1.493733e-02 1.677882e-01 0.000000e+00 5.849560e-03 0.000000e+00 0.000000e+00 0.000000e+00 1.034537e-02 1.023375e-02 3.299621e-02 1.005081e-01 8.321612e-01 -4.456488e-01
8.321612e-01 9.005251e-03 1.947785e-02 2.070068e-01 0.000000e+00 0.000000e+00 1.072474e-03 7.599012e-02 0.000000e+00 3.596161e-03 0.000000e+00 1.866013e-01 3.514779e-02 4.550201e-02 0.000000e+00 1.836182e-02 0.000000e+00 5.232384e-03 1.334985e-02 1.493733e-02 1.677882e-01 0.000000e+00 5.849560e-03 0.000000e+00 0.000000e+00 0.000000e+00 1.034537e-02 1.023375e-02 3.299621e-02 1.005081e-01 8.321612e-01 -4.456488e-01
8.321612e-01 9.005251e-03 1.947785e-02 2.070068e-01 0.000000e+00 0.000000e+00 1.072474e-03 7.599012e-02 0.000000e+00 3.596161e-03 0.000000e+00 1.866013e-01 3.514779e-02 4.550201e-02 0.000000e+00 1.836182e-02 0.000000e+00 5.232384e-03 1.334985e-02 1.493733e-02 1.677882e-01 0.000000e+00 5.849560e-03 0.000000e+00 0.000000e+00 0.000000e+00 1.034537e-02 1.023375e-02 3.299621e-02 1.005081e-01 8.321612e-01 -4.456488e-01
8.321612e-01 9.005251e-03 1.947785e-02 2.070068e-01 0.000000e+00 0.000000e+00 1.072474e-03 7.599012e-02 0.000000e+00 3.596161e-03 0.000000e+00 1.866013e-01 3.514779e-02 4.550201e-02 0.000000e+00 1.836182e-02 0.000000e+00 5.232384e-03 1.334985e-02 1.493733e-02 1.677882e-01 0.000000e+00 5.849560e-03 0.000000e+00 0.000000e+00 0.000000e+00 1.034537e-02 1.023375e-02 3.299621e-02 1.005081e-01 8.321612e-01 -4.456488e-01
8.321612e-01 9.005251e-03 1.947785e-02 2.070068e-01 0.000000e+00 0.000000e+00 1.072474e-03 7.599012e-02 0.000000e+00 3.596161e-03 0.000000e+00 1.866013e-01 3.514779e-02 4.550201e-02 0.000000e+00 1.836182e-02 0.000000e+00 5.232384e-03 1.334985e-02 1.493733e-02 1.677882e-01 0.000000e+00 5.849560e-03 0.000000e+00 0.000000e+00 0.000000e+00 1.034537e-02 1.023375e-02 3.299621e-02 1.005081e-01 8.321612e-01 -4.456488e-01
8.321612e-01 9.005251e-03 1.947785e-02 2.070068e-01 0.000000e+00 0.000000e+00 1.072474e-03 7.599012e-02 0.000000e+00 3.596161e-03 0.000000e+00 1.866013e-01 3.514779e-02 4.550201e-02 0.000000e+00 1.836182e-02 0.000000e+00 5.232384e-03 1.334985e-02 1.493733e-02 1.677882e-01 0.000000e+00 5.849560e-03 0.000000e+00 0.000000e+00 0.000000e+00 1.034537e-02 1.023375e-02 3.299621e-02 1.005081e-01 8.321612e-01 -4.456488e-01
8.321612e-01 9.005251e-03 1.947785e-02 2.070068e-01 0.000000e+00 0.000000e+00 1.072474e-03 7.599012e-02 0.000000e+00 3.596161e-03 0.000000e+00 1.866013e-01 3.514779e-02 4.550201e-02 0.000000e+00 1.836182e-02 0.000000e+00 5.232384e-03 1.334985e-02 1.493733e-02 1.677882e-01 0.000000e+00 5.849560e-03 0.000000e+00 0.000000e+00 0.000000e+00 1.034537e-02 1.023375e-02 3.299621e-02 1.005081e-01 8.321612e-01 -4.456488e-01
6.490185e-01 3.447688e-02 2.223513e-02 2.105880e-01 3.436246e-03 3.304213e-03 0.000000e+00 2.453375e-02 0.000000e+00 3.596161e-03 0.000000e+00 1.614409e-01 0.000000e+00 0.000000e+00 1.458544e-02 5.834965e-02 0.000000e+00 0.000000e+00 0.000000e+00 0.000000e+00 8.872891e-02 0.000000e+00 0.000000e+00 0.000000e+00 0.000000e+00 0.000000e+00 6.465855e-03 1.583794e-03 0.000000e+00 6.592691e-02 6.490185e-01 -3.204424e-01
6.490185e-01 3.447688e-02 2.223513e-02 2.105880e-01 3.436246e-03 3.304213e-03 0.000000e+00 2.453375e-02 0.000000e+00 3.596161e-03 0.000000e+00 1.614409e-01 0.000000e+00 0.000000e+00 1.458544e-02 5.834965e-02 0.000000e+00 0.000000e+00 0.000000e+00 0.000000e+00 8.872891e-02 0.000000e+00 0.000000e+00 0.000000e+00 0.000000e+00 0.000000e+00 6.465855e-03 1.583794e-03 0.000000e+00 6.592691e-02 6.490185e-01 -3.204424e-01
6.490185e-01 3.447688e-02 2.223513e-02 2.105880e-01 3.436246e-03 3.304213e-03 0.000000e+00 2.453375e-02 0.000000e+00 3.596161e-03 0.000000e+00 1.614409e-01 0.000000e+00 0.000000e+00 1.458544e-02 5.834965e-02 0.000000e+00 0.000000e+00 0.000000e+00 0.000000e+00 8.872891e-02 0.000000e+00 0.000000e+00 0.000000e+00 0.000000e+00 0.000000e+00 6.465855e-03 1.583794e-03 0.000000e+00 6.592691e-02 6.490185e-01 -3.204424e-01
6.490185e-01 3.447688e-02 2.223513e-02 2.105880e-01 3.436246e-03 3.304213e-03 0.000000e+00 2.453375e-02 0.000000e+00 3.596161e-03 0.000000e+00 1.614409e-01 0.000000e+00 0.000000e+00 1.458544e-02 5.834965e-02 0.000000e+00 0.000000e+00 0.000000e+00 0.000000e+00 8.872891e-02 0.000000e+00 0.000000e+00 0.000000e+00 0.000000e+00 0.000000e+00 6.465855e-03 1.583794e-03 0.000000e+00 6.592691e-02 6.490185e-01 -3.204424e-01
6.490185e-01 3.447688e-02 2.223513e-02 2.105880e-01 3.436246e-03 3.304213e-03 0.000000e+00 2.453375e-02 0.000000e+00 3.596161e-03 0.000000e+00 1.614409e-01 0.000000e+00 0.000000e+00 1.458544e-02 5.834965e-02 0.000000e+00 0.000000e+00 0.000000e+00 0.000000e+00 8.872891e-02 0.000000e+00 0.000000e+00 0.000000e+00 0.000000e+00 0.000000e+00 6.465855e-03 1.583794e-03 0.000000e+00 6.592691e-02 6.490185e-01 -3.204424e-01
6.490185e-01 3.447688e-02 2.223513e-02 2.105880e-01 3.436246e-03 3.304213e-03 0.000000e+00 2.453375e-02 0.000000e+00 3.596161e-03 0.000000e+00 1.614409e-01 0.000000e+00 0.000000e+00 1.458544e-02 5.834965e-02 0.000000e+00 0.000000e+00 0.000000e+00 0.000000e+00 8.872891e-02 0.000000e+00 0.000000e+00 0.000000e+00 0.000000e+00 0.000000e+00 6.465855e-03 1.583794e-03 0.000000e+00 6.592691e-02 6.490185e-01 -3.204424e-01
6.463247e-01 2.426052e-02 2.223513e-02 2.134309e-01 3.436246e-03 0.000000e+00 0.000000e+00 2.409099e-02 0.000000e+00 0.000000e+00 0.000000e+00 1.614409e-01 0.000000e+00 0.000000e+00 1.458544e-02 6.133524e-02 1.544085e-03 6.751463e-03 0.000000e+00 0.000000e+00 8.872891e-02 0.000000e+00 0.000000e+00 0.000000e+00 7.499404e-03 0.000000e+00 5.172684e-03 1.055863e-03 0.000000e+00 8.810687e-02 6.463247e-01 -3.070851e-01
6.463247e-01 2.426052e-02 2.223513e-02 2.191168e-01 3.436246e-03 3.304213e-03 0.000000e+00 2.320547e-02 0.000000e+00 3.596161e-03 0.000000e+00 1.614409e-01 4.543391e-02 4.637231e-02 1.458544e-02 2.433299e-02 0.000000e+00 5.035767e-02 0.000000e+00 1.493733e-02 8.872891e-02 0.000000e+00 0.000000e+00 0.000000e+00 0.000000e+00 0.000000e+00 2.586342e-03 1.055863e-03 0.000000e+00 8.810687e-02 6.463247e-01 -2.845815e-01
6.409370e-01 1.659824e-02 1.111756e-02 2.191168e-01 3.436246e-03 6.608425e-03 1.608710e-03 2.331616e-02 0.000000e+00 1.798080e-03 0.000000e+00 1.614409e-01 8.282360e-03 8.702944e-04 1.458544e-02 2.881137e-02 7.720423e-04 4.114399e-02 0.000000e+00 0.000000e+00 8.872891e-02 0.000000e+00 0.000000e+00 0.000000e+00 0.000000e+00 0.000000e+00 2.586342e-03 1.788241e-02 0.000000e+00 1.047418e-01 6.409370e-01 -2.705771e-01
6.409370e-01 1.659824e-02 1.111756e-02 2.191168e-01 3.436246e-03 6.608425e-03 1.608710e-03 2.331616e-02 0.000000e+00 1.798080e-03 0.000000e+00 1.614409e-01 8.282360e-03 8.702944e-04 1.458544e-02 2.881137e-02 7.720423e-04 4.114399e-02 0.000000e+00 0.000000e+00 8.872891e-02 0.000000e+00 0.000000e+00 0.000000e+00 0.000000e+00 0.000000e+00 2.586342e-03 1.788241e-02 0.000000e+00 1.047418e-01 6.409370e-01 -2.705771e-01
6.409370e-01 2.083493e-02 1.111756e-02 2.191168e-01 3.436246e-03 6.608425e-03 1.608710e-03 2.331616e-02 0.000000e+00 1.798080e-03 0.000000e+00 1.614409e-01 8.282360e-03 8.702944e-04 1.458544e-02 2.881137e-02 7.720423e-04 4.114399e-02 0.000000e+00 3.575576e-02 8.872891e-02 0.000000e+00 0.000000e+00 0.000000e+00 0.000000e+00 0.000000e+00 2.586342e-03 1.788241e-02 0.000000e+00 1.047418e-01 6.409370e-01 -2.626272e-01
6.409370e-01 2.083493e-02 1.111756e-02 2.191168e-01 3.436246e-03 6.608425e-03 1.608710e-03 2.331616e-02 0.000000e+00 1.798080e-03 0.000000e+00 1.614409e-01 8.282360e-03 8.702944e-04 1.458544e-02 2.881137e-02 7.720423e-04 4.114399e-02 0.000000e+00 3.575576e-02 8.872891e-02 0.000000e+00 0.000000e+00 0.000000e+00 0.000000e+00 0.000000e+00 2.586342e-03 1.788241e-02 0.000000e+00 1.047418e-01 6.409370e-01 -2.626272e-01
6.409370e-01 2.083493e-02 1.111756e-02 2.191168e-01 3.436246e-03 6.608425e-03 1.608710e-03 2.331616e-02 0.000000e+00 1.798080e-03 0.000000e+00 1.614409e-01 8.282360e-03 8.702944e-04 1.458544e-02 2.881137e-02 7.720423e-04 4.114399e-02 0.000000e+00 3.575576e-02 8.872891e-02 0.000000e+00 0.000000e+00 0.000000e+00 0.000000e+00 0.000000e+00 2.586342e-03 1.788241e-02 0.000000e+00 1.047418e-01 6.409370e-01 -2.626272e-01
6.409370e-01 2.083493e-02 1.111756e-02 2.191168e-01 3.436246e-03 6.608425e-03 1.608710e-03 2.331616e-02 0.000000e+00 1.798080e-03 0.000000e+00 1.614409e-01 8.282360e-03 8.702944e-04 1.458544e-02 2.881137e-02 7.720423e-04 4.114399e-02 0.000000e+00 3.575576e-02 8.872891e-02 0.000000e+00 0.000000e+00 0.000000e+00 0.000000e+00 0.000000e+00 2.586342e-03 1.788241e-02 0.000000e+00 1.047418e-01 6.409370e-01 -2.626272e-01
6.409370e-01 1.823721e-02 1.111756e-02 2.248027e-01 3.436246e-03 6.608425e-03 0.000000e+00 2.331616e-02 0.000000e+00 1.798080e-03 0.000000e+00 1.614409e-01 1.028612e-02 8.702944e-04 1.458544e-02 2.881137e-02 7.720423e-04 4.114399e-02 0.000000e+00 0.000000e+00 8.872891e-02 0.000000e+00 0.000000e+00 0.000000e+00 0.000000e+00 0.000000e+00 0.000000e+00 1.788241e-02 0.000000e+00 9.935811e-02 6.409370e-01 -2.706268e-01
6.409370e-01 1.823721e-02 1.111756e-02 2.248027e-01 3.436246e-03 6.608425e-03 0.000000e+00 2.331616e-02 0.000000e+00 1.798080e-03 0.000000e+00 1.614409e-01 1.028612e-02 8.702944e-04 1.458544e-02 2.881137e-02 7.720423e-04 4.114399e-02 0.000000e+00 0.000000e+00 8.872891e-02 0.000000e+00 0.000000e+00 0.000000e+00 0.000000e+00 0.000000e+00 0.000000e+00 1.788241e-02 0.000000e+00 9.935811e-02 6.409370e-01 -2.706268e-01
6.409370e-01 1.823721e-02 1.111756e-02 2.248027e-01 3.436246e-03 6.608425e-03 0.000000e+00 2.331616e-02 0.000000e+00 1.798080e-03 0.000000e+00 1.614409e-01 1.028612e-02 8.702944e-04 1.458544e-02 2.881137e-02 7.720423e-04 4.114399e-02 0.000000e+00 0.000000e+00 8.872891e-02 0.000000e+00 0.000000e+00 0.000000e+00 0.000000e+00 0.000000e+00 0.000000e+00 1.788241e-02 0.000000e+00 9.935811e-02 6.409370e-01 -2.706268e-01
6.409370e-01 1.823721e-02 1.111756e-02 2.248027e-01 3.436246e-03 6.608425e-03 0.000000e+00 2.331616e-02 0.000000e+00 1.798080e-03 0.000000e+00 1.614409e-01 1.028612e-02 8.702944e-04 1.458544e-02 2.881137e-02 7.720423e-04 4.114399e-02 0.000000e+00 0.000000e+00 8.872891e-02 0.000000e+00 0.000000e+00 0.000000e+00 0.000000e+00 0.000000e+00 0.000000e+00 1.788241e-02 0.000000e+00 9.935811e-02 6.409370e-01 -2.706268e-01
6.409370e-01 1.823721e-02 1.111756e-02 2.248027e-01 3.436246e-03 6.608425e-03 0.000000e+00 2.331616e-02 0.000000e+00 1.798080e-03 0.000000e+00 1.614409e-01 1.028612e-02 8.702944e-04 1.458544e-02 2.881137e-02 7.720423e-04 4.114399e-02 0.000000e+00 0.000000e+00 8.872891e-02 0.000000e+00 0.000000e+00 0.000000e+00 0.000000e+00 0.000000e+00 0.000000e+00 1.788241e-02 0.000000e+00 9.935811e-02 6.409370e-01 -2.706268e-01
6.409370e-01 1.823721e-02 1.111756e-02 2.248027e-01 3.436246e-03 6.608425e-03 0.000000e+00 2.331616e-02 0.000000e+00 1.798080e-03 0.000000e+00 1.614409e-01 1.028612e-02 8.702944e-04 1.458544e-02 2.881137e-02 7.720423e-04 4.114399e-02 0.000000e+00 0.000000e+00 8.872891e-02 0.000000e+00 0.000000e+00 0.000000e+00 0.000000e+00 0.000000e+00 0.000000e+00 1.788241e-02 0.000000e+00 9.935811e-02 6.409370e-01 -2.706268e-01
6.409370e-01 1.823721e-02 1.111756e-02 2.248027e-01 3.436246e-03 6.608425e-03 0.000000e+00 2.331616e-02 0.000000e+00 1.798080e-03 0.000000e+00 1.614409e-01 1.028612e-02 8.702944e-04 1.458544e-02 2.881137e-02 7.720423e-04 4.114399e-02 0.000000e+00 0.000000e+00 8.872891e-02 0.000000e+00 0.000000e+00 0.000000e+00 0.000000e+00 0.000000e+00 0.000000e+00 1.788241e-02 0.000000e+00 9.935811e-02 6.409370e-01 -2.706268e-01
6.409370e-01 1.823721e-02 1.111756e-02 2.248027e-01 3.436246e-03 6.608425e-03 0.000000e+00 2.331616e-02 0.000000e+00 1.798080e-03 0.000000e+00 1.614409e-01 1.028612e-02 8.702944e-04 1.458544e-02 2.881137e-02 7.720423e-04 4.114399e-02 0.000000e+00 0.000000e+00 8.872891e-02 0.000000e+00 0.000000e+00 0.000000e+00 0.000000e+00 0.000000e+00 0.000000e+00 1.788241e-02 0.000000e+00 9.935811e-02 6.409370e-01 -2.706268e-01
6.409370e-01 1.823721e-02 1.111756e-02 2.248027e-01 3.436246e-03 6.608425e-03 0.000000e+00 2.331616e-02 0.000000e+00 1.798080e-03 0.000000e+00 1.614409e-01 1.028612e-02 8.702944e-04 1.458544e-02 2.881137e-02 7.720423e-04 4.114399e-02 0.000000e+00 0.000000e+00 8.872891e-02 0.000000e+00 0.000000e+00 0.000000e+00 0.000000e+00 0.000000e+00 0.000000e+00 1.788241e-02 0.000000e+00 9.935811e-02 6.409370e-01 -2.706268e-01
4.526143e-01 1.693834e-02 6.915043e-03 2.248027e-01 3.436246e-03 6.608425e-03 0.000000e+00 4.246165e-03 0.000000e+00 0.000000e+00 0.000000e+00 1.601501e-01 1.128800e-02 8.702944e-04 1.458544e-02 1.130808e-02 1.861761e-02 0.000000e+00 0.000000e+00 0.000000e+00 6.699613e-03 0.000000e+00 0.000000e+00 0.000000e+00 0.000000e+00 0.000000e+00 0.000000e+00 0.000000e+00 0.000000e+00 9.935811e-02 4.526143e-01 -6.517355e-04
4.526143e-01 1.693834e-02 6.915043e-03 2.248027e-01 3.436246e-03 6.608425e-03 0.000000e+00 4.246165e-03 0.000000e+00 0.000000e+00 0.000000e+00 1.601501e-01 1.128800e-02 8.702944e-04 1.458544e-02 1.130808e-02 1.861761e-02 0.000000e+00 0.000000e+00 0.000000e+00 6.699613e-03 0.000000e+00 0.000000e+00 0.000000e+00 0.000000e+00 0.000000e+00 0.000000e+00 0.000000e+00 0.000000e+00 9.935811e-02 4.526143e-01 -6.517355e-04
4.526143e-01 1.693834e-02 6.915043e-03 2.248027e-01 3.436246e-03 6.608425e-03 0.000000e+00 4.246165e-03 0.000000e+00 0.000000e+00 0.000000e+00 1.601501e-01 1.128800e-02 8.702944e-04 1.458544e-02 1.130808e-02 1.861761e-02 0.000000e+00 0.000000e+00 0.000000e+00 6.699613e-03 0.000000e+00 0.000000e+00 0.000000e+00 0.000000e+00 0.000000e+00 0.000000e+00 0.000000e+00 0.000000e+00 9.935811e-02 4.526143e-01 -6.517355e-04
4.526143e-01 1.693834e-02 6.915043e-03 2.248027e-01 3.436246e-03 6.608425e-03 0.000000e+00 4.246165e-03 0.000000e+00 0.000000e+00 0.000000e+00 1.601501e-01 1.128800e-02 8.702944e-04 1.458544e-02 1.130808e-02 1.861761e-02 0.000000e+00 0.000000e+00 0.000000e+00 6.699613e-03 0.000000e+00 0.000000e+00 0.000000e+00 0.000000e+00 0.000000e+00 0.000000e+00 0.000000e+00 0.000000e+00 9.935811e-02 4.526143e-01 -6.517355e-04
4.526143e-01 1.693834e-02 6.915043e-03 2.248027e-01 3.436246e-03 6.608425e-03 0.000000e+00 4.246165e-03 0.000000e+00 0.000000e+00 0.000000e+00 1.601501e-01 1.128800e-02 8.702944e-04 1.458544e-02 1.130808e-02 1.861761e-02 0.000000e+00 0.000000e+00 0.000000e+00 6.699613e-03 0.000000e+00 0.000000e+00 0.000000e+00 0.000000e+00 0.000000e+00 0.000000e+00 0.000000e+00 0.000000e+00 9.935811e-02 4.526143e-01 -6.517355e-04
4.526143e-01 1.693834e-02 6.915043e-03 2.248027e-01 3.436246e-03 6.608425e-03 0.000000e+00 4.246165e-03 0.000000e+00 0.000000e+00 0.000000e+00 1.601501e-01 1.128800e-02 8.702944e-04 1.458544e-02 1.130808e-02 1.861761e-02 0.000000e+00 0.000000e+00 0.000000e+00 6.699613e-03 0.000000e+00 0.000000e+00 0.000000e+00 0.000000e+00 0.000000e+00 0.000000e+00 0.000000e+00 0.000000e+00 9.935811e-02 4.526143e-01 -6.517355e-04
4.526143e-01 1.693834e-02 6.915043e-03 2.248027e-01 3.436246e-03 6.608425e-03 0.000000e+00 4.246165e-03 0.000000e+00 0.000000e+00 0.000000e+00 1.601501e-01 1.128800e-02 8.702944e-04 1.458544e-02 1.130808e-02 1.861761e-02 0.000000e+00 0.000000e+00 0.000000e+00 6.699613e-03 0.000000e+00 0.000000e+00 0.000000e+00 0.000000e+00 0.000000e+00 0.000000e+00 0.000000e+00 0.000000e+00 9.935811e-02 4.526143e-01 -6.517355e-04
4.526143e-01 1.693834e-02 6.915043e-03 2.248027e-01 3.436246e-03 6.608425e-03 0.000000e+00 4.246165e-03 0.000000e+00 0.000000e+00 0.000000e+00 1.601501e-01 1.128800e-02 8.702944e-04 1.458544e-02 1.130808e-02 1.861761e-02 0.000000e+00 0.000000e+00 0.000000e+00 6.699613e-03 0.000000e+00 0.000000e+00 0.000000e+00 0.000000e+00 0.000000e+00 0.000000e+00 0.000000e+00 0.000000e+00 9.935811e-02 4.526143e-01 -6.517355e-04
4.526143e-01 1.693834e-02 6.915043e-03 2.248027e-01 3.436246e-03 6.608425e-03 0.000000e+00 4.246165e-03 0.000000e+00 0.000000e+00 0.000000e+00 1.601501e-01 1.128800e-02 8.702944e-04 1.458544e-02 1.130808e-02 1.861761e-02 0.000000e+00 0.000000e+00 0.000000e+00 6.699613e-03 0.000000e+00 0.000000e+00 0.000000e+00 0.000000e+00 0.000000e+00 0.000000e+00 0.000000e+00 0.000000e+00 9.935811e-02 4.526143e-01 -6.517355e-04
4.526143e-01 1.628891e-02 6.761517e-04 2.231965e-01 3.436246e-03 0.000000e+00 0.000000e+00 7.890166e-03 0.000000e+00 8.812371e-04 0.000000e+00 1.539373e-01 4.912459e-02 0.000000e+00 0.000000e+00 2.596169e-02 0.000000e+00 2.960000e-03 0.000000e+00 0.000000e+00 8.907630e-03 5.481611e-02 0.000000e+00 0.000000e+00 0.000000e+00 2.268424e-02 0.000000e+00 9.932389e-04 2.174635e-02 5.385899e-02 4.526143e-01 1.255988e-02
4.526143e-01 1.628891e-02 6.761517e-04 2.231965e-01 3.436246e-03 0.000000e+00 0.000000e+00 7.890166e-03 0.000000e+00 8.812371e-04 0.000000e+00 1.539373e-01 4.912459e-02 0.000000e+00 0.000000e+00 2.596169e-02 0.000000e+00 2.960000e-03 0.000000e+00 0.000000e+00 8.907630e-03 5.481611e-02 0.000000e+00 0.000000e+00 0.000000e+00 2.268424e-02 0.000000e+00 9.932389e-04 2.174635e-02 5.385899e-02 4.526143e-01 1.255988e-02
4.526143e-01 1.628891e-02 6.761517e-04 2.231965e-01 3.436246e-03 0.000000e+00 0.000000e+00 7.890166e-03 0.000000e+00 8.812371e-04 0.000000e+00 1.539373e-01 4.912459e-02 0.000000e+00 0.000000e+00 2.596169e-02 0.000000e+00 2.960000e-03 0.000000e+00 0.000000e+00 8.907630e-03 5.481611e-02 0.000000e+00 0.000000e+00 0.000000e+00 2.268424e-02 0.000000e+00 9.932389e-04 2.174635e-02 5.385899e-02 4.526143e-01 1.255988e-02
4.461446e-01 2.589108e-02 6.915043e-03 2.231965e-01 5.048064e-03 1.974213e-02 2.991731e-03 9.918056e-03 0.000000e+00 4.406185e-04 0.000000e+00 1.755471e-01 4.952975e-03 5.343668e-02 2.751964e-02 1.696213e-02 5.843310e-02 0.000000e+00 4.697378e-02 0.000000e+00 8.907630e-03 1.286188e-01 0.000000e+00 0.000000e+00 0.000000e+00 1.736485e-02 0.000000e+00 9.932389e-04 2.174635e-02 6.146237e-02 4.461446e-01 8.468259e-02
4.461446e-01 2.589108e-02 6.915043e-03 2.231965e-01 5.048064e-03 1.974213e-02 2.991731e-03 9.918056e-03 0.000000e+00 4.406185e-04 0.000000e+00 1.755471e-01 4.952975e-03 5.343668e-02 2.751964e-02 1.696213e-02 5.843310e-02 0.000000e+00 4.697378e-02 0.000000e+00 8.907630e-03 1.286188e-01 0.000000e+00 0.000000e+00 0.000000e+00 1.736485e-02 0.000000e+00 9.932389e-04 2.174635e-02 6.146237e-02 4.461446e-01 8.468259e-02
4.337813e-01 1.236373e-02 6.761517e-04 2.231965e-01 2.126096e-04 1.974213e-02 0.000000e+00 7.288001e-03 3.732839e-02 8.812371e-04 0.000000e+00 1.650376e-01 0.000000e+00 5.343668e-02 0.000000e+00 1.799912e-02 8.602582e-03 5.920001e-03 4.697378e-02 1.477491e-02 8.907630e-03 5.481611e-02 0.000000e+00 0.000000e+00 1.917371e-04 2.268424e-02 4.109202e-02 9.932389e-04 2.174635e-02 5.385899e-02 4.337813e-01 1.378427e-01
4.337813e-01 1.236373e-02 6.761517e-04 2.231965e-01 3.436246e-03 1.974213e-02 0.000000e+00 9.918056e-03 3.732839e-02 8.812371e-04 0.000000e+00 1.755471e-01 4.952975e-03 5.343668e-02 0.000000e+00 1.696213e-02 6.266319e-02 0.000000e+00 4.697378e-02 0.000000e+00 8.907630e-03 5.481611e-02 0.000000e+00 0.000000e+00 0.000000e+00 2.268424e-02 4.109202e-02 9.932389e-04 2.174635e-02 5.385899e-02 4.337813e-01 1.495694e-01
4.337813e-01 1.236373e-02 6.761517e-04 2.231965e-01 3.436246e-03 1.974213e-02 0.000000e+00 9.918056e-03 3.732839e-02 8.812371e-04 0.000000e+00 1.755471e-01 4.952975e-03 5.343668e-02 0.000000e+00 1.696213e-02 6.266319e-02 0.000000e+00 4.697378e-02 0.000000e+00 8.907630e-03 5.481611e-02 0.000000e+00 0.000000e+00 0.000000e+00 2.268424e-02 4.109202e-02 9.932389e-04 2.174635e-02 5.385899e-02 4.337813e-01 1.495694e-01
4.244277e-01 7.152492e-04 6.761517e-04 2.231965e-01 2.126096e-04 1.974213e-02 0.000000e+00 7.288001e-03 4.126461e-02 0.000000e+00 0.000000e+00 1.650376e-01 0.000000e+00 8.051720e-02 0.000000e+00 0.000000e+00 1.071762e-02 5.920001e-03 4.697378e-02 1.966552e-02 9.643636e-03 7.214375e-03 0.000000e+00 0.000000e+00 1.917371e-04 2.268424e-02 4.109202e-02 1.986478e-03 3.301545e-02 3.944755e-03 4.244277e-01 2.129300e-01
4.244277e-01 7.152492e-04 6.761517e-04 2.231965e-01 2.126096e-04 1.974213e-02 0.000000e+00 7.288001e-03 4.126461e-02 0.000000e+00 0.000000e+00 1.650376e-01 0.000000e+00 8.051720e-02 0.000000e+00 0.000000e+00 1.071762e-02 5.920001e-03 4.697378e-02 1.966552e-02 9.643636e-03 7.214375e-03 0.000000e+00 0.000000e+00 1.917371e-04 2.268424e-02 4.109202e-02 1.986478e-03 3.301545e-02 3.944755e-03 4.244277e-01 2.129300e-01
4.244277e-01 7.152492e-04 6.761517e-04 2.231965e-01 2.126096e-04 1.974213e-02 0.000000e+00 7.288001e-03 4.126461e-02 0.000000e+00 0.000000e+00 1.650376e-01 0.000000e+00 8.051720e-02 0.000000e+00 0.000000e+00 1.071762e-02 5.920001e-03 4.697378e-02 1.966552e-02 9.643636e-03 7.214375e-03 0.000000e+00 0.000000e+00 1.917371e-04 2.268424e-02 4.109202e-02 1.986478e-03 3.301545e-02 3.944755e-03 4.244277e-01 2.129300e-01
4.151998e-01 6.490262e-03 3.795597e-03 2.223934e-01 0.000000e+00 2.238267e-02 1.495866e-03 0.000000e+00 3.251606e-02 1.101546e-03 5.648853e-03 2.200183e-01 0.000000e+00 7.296138e-05 0.000000e+00 0.000000e+00 3.767672e-02 2.960000e-03 0.000000e+00 1.966552e-02 7.442090e-03 0.000000e+00 0.000000e+00 0.000000e+00 1.917371e-04 1.793723e-02 6.088128e-03 1.986478e-03 3.301545e-02 1.430642e-04 4.151998e-01 3.030128e-01
4.151998e-01 6.490262e-03 3.795597e-03 2.223934e-01 0.000000e+00 2.238267e-02 1.495866e-03 0.000000e+00 3.251606e-02 1.101546e-03 5.648853e-03 2.200183e-01 0.000000e+00 7.296138e-05 0.000000e+00 0.000000e+00 3.767672e-02 2.960000e-03 0.000000e+00 1.966552e-02 7.442090e-03 0.000000e+00 0.000000e+00 0.000000e+00 1.917371e-04 1.793723e-02 6.088128e-03 1.986478e-03 3.301545e-02 1.430642e-04 4.151998e-01 3.030128e-01
2.636395e-01 7.152492e-04 6.761517e-04 2.264827e-01 5.315239e-05 2.238267e-02 0.000000e+00 0.000000e+00 3.339218e-02 8.812371e-04 0.000000e+00 1.670115e-01 0.000000e+00 7.296138e-05 0.000000e+00 0.000000e+00 1.469668e-02 5.920001e-03 5.043742e-02 1.966552e-02 1.360620e-02 8.618369e-03 0.000000e+00 0.000000e+00 1.917371e-04 1.850961e-02 3.470331e-02 1.986478e-03 3.301545e-02 3.944755e-03 2.636395e-01 4.007057e-01
2.636395e-01 7.152492e-04 6.761517e-04 2.264827e-01 5.315239e-05 2.238267e-02 0.000000e+00 0.000000e+00 3.339218e-02 8.812371e-04 0.000000e+00 1.670115e-01 0.000000e+00 7.296138e-05 0.000000e+00 0.000000e+00 1.469668e-02 5.920001e-03 5.043742e-02 1.966552e-02 1.360620e-02 8.618369e-03 0.000000e+00 0.000000e+00 1.917371e-04 1.850961e-02 3.470331e-02 1.986478e-03 3.301545e-02 3.944755e-03 2.636395e-01 4.007057e-01
2.636395e-01 7.152492e-04 6.761517e-04 2.264827e-01 5.315239e-05 2.238267e-02 0.000000e+00 0.000000e+00 3.339218e-02 8.812371e-04 0.000000e+00 1.670115e-01 0.000000e+00 7.296138e-05 0.000000e+00 0.000000e+00 1.469668e-02 5.920001e-03 5.043742e-02 1.966552e-02 1.360620e-02 8.618369e-03 0.000000e+00 0.000000e+00 1.917371e-04 1.850961e-02 3.470331e-02 1.986478e-03 3.301545e-02 3.944755e-03 2.636395e-01 4.007057e-01
2.636395e-01 7.152492e-04 6.761517e-04 2.264827e-01 5.315239e-05 2.238267e-02 0.000000e+00 0.000000e+00 3.339218e-02 8.812371e-04 0.000000e+00 1.670115e-01 0.000000e+00 7.296138e-05 0.000000e+00 0.000000e+00 1.469668e-02 5.920001e-03 5.043742e-02 1.966552e-02 1.360620e-02 8.618369e-03 0.000000e+00 0.000000e+00 1.917371e-04 1.850961e-02 3.470331e-02 1.986478e-03 3.301545e-02 3.944755e-03 2.636395e-01 4.007057e-01
2.636395e-01 7.152492e-04 6.761517e-04 2.264827e-01 5.315239e-05 2.238267e-02 0.000000e+00 0.000000e+00 3.339218e-02 8.812371e-04 0.000000e+00 1.670115e-01 0.000000e+00 7.296138e-05 0.000000e+00 0.000000e+00 1.469668e-02 5.920001e-03 5.043742e-02 1.966552e-02 1.360620e-02 8.618369e-03 0.000000e+00 0.000000e+00 1.917371e-04 1.850961e-02 3.470331e-02 1.986478e-03 3.301545e-02 3.944755e-03 2.636395e-01 4.007057e-01
2.636395e-01 7.152492e-04 6.761517e-04 2.264827e-01 5.315239e-05 2.238267e-02 0.000000e+00 0.000000e+00 3.339218e-02 8.812371e-04 0.000000e+00 1.670115e-01 0.000000e+00 7.296138e-05 0.000000e+00 0.000000e+00 1.469668e-02 5.920001e-03 5.043742e-02 1.966552e-02 1.360620e-02 8.618369e-03 0.000000e+00 0.000000e+00 1.917371e-04 1.850961e-02 3.470331e-02 1.986478e-03 3.301545e-02 3.944755e-03 2.636395e-01 4.007057e-01
2.636395e-01 7.152492e-04 6.761517e-04 2.264827e-01 5.315239e-05 2.238267e-02 0.000000e+00 0.000000e+00 3.339218e-02 8.812371e-04 0.000000e+00 1.670115e-01 0.000000e+00 7.296138e-05 0.000000e+00 0.000000e+00 1.469668e-02 5.920001e-03 5.043742e-02 1.966552e-02 1.360620e-02 8.618369e-03 0.000000e+00 0.000000e+00 1.917371e-04 1.850961e-02 3.470331e-02 1.986478e-03 3.301545e-02 3.944755e-03 2.636395e-01 4.007057e-01
2.636395e-01 7.152492e-04 6.761517e-04 2.264827e-01 5.315239e-05 2.238267e-02 0.000000e+00 0.000000e+00 3.339218e-02 8.812371e-04 0.000000e+00 1.670115e-01 0.000000e+00 7.296138e-05 0.000000e+00 0.000000e+00 1.469668e-02 5.920001e-03 5.043742e-02 1.966552e-02 1.360620e-02 8.618369e-03 0.000000e+00 0.000000e+00 1.917371e-04 1.850961e-02 3.470331e-02 1.986478e-03 3.301545e-02 3.944755e-03 2.636395e-01 4.007057e-01
2.636395e-01 7.152492e-04 6.761517e-04 2.264827e-01 5.315239e-05 2.238267e-02 0.000000e+00 0.000000e+00 3.339218e-02 8.812371e-04 0.000000e+00 1.670115e-01 0.000000e+00 7.296138e-05 0.000000e+00 0.000000e+00 1.469668e-02 5.920001e-03 5.043742e-02 1.966552e-02 1.360620e-02 8.618369e-03 0.000000e+00 0.000000e+00 1.917371e-04 1.850961e-02 3.470331e-02 1.986478e-03 3.301545e-02 3.944755e-03 2.636395e-01 4.007057e-01
2.636395e-01 7.152492e-04 1.621309e-03 2.282427e-01 5.315239e-05 2.238267e-02 3.415858e-02 9.280185e-02 0.000000e+00 3.578101e-02 0.000000e+00 1.670115e-01 0.000000e+00 2.626928e-02 0.000000e+00 0.000000e+00 2.578501e-02 7.830848e-03 5.043742e-02 1.539053e-03 1.258957e-02 8.618369e-03 2.786127e-03 0.000000e+00 1.917371e-04 4.225979e-03 3.470331e-02 1.986478e-03 3.417207e-02 3.944755e-03 2.636395e-01 4.342895e-01
2.404248e-01 1.515278e-02 9.234926e-04 2.300911e-01 5.882533e-03 1.872937e-02 0.000000e+00 8.093962e-03 6.794359e-02 0.000000e+00 5.648853e-03 1.957888e-01 0.000000e+00 7.296138e-05 0.000000e+00 0.000000e+00 9.668581e-03 2.973886e-03 3.507288e-02 1.812647e-02 1.176233e-02 1.049386e-02 8.574303e-03 5.780763e-05 0.000000e+00 1.399744e-02 1.626157e-02 1.986478e-03 4.257157e-02 6.539294e-02 2.404248e-01 4.672505e-01
2.371856e-01 2.079512e-02 6.518231e-04 2.219571e-01 0.000000e+00 8.654345e-03 0.000000e+00 3.628348e-02 1.669609e-02 1.762474e-03 0.000000e+00 1.532330e-01 0.000000e+00 1.666130e-02 9.110499e-03 0.000000e+00 8.235118e-03 9.838897e-03 5.159197e-02 1.994755e-02 1.066857e-02 7.916372e-03 0.000000e+00 0.000000e+00 1.869845e-04 0.000000e+00 2.752510e-02 1.762155e-03 3.895013e-02 1.197678e-01 2.371856e-01 4.816063e-01
2.371856e-01 2.079512e-02 6.518231e-04 2.219571e-01 0.000000e+00 8.654345e-03 0.000000e+00 3.628348e-02 1.669609e-02 1.762474e-03 0.000000e+00 1.532330e-01 0.000000e+00 1.666130e-02 9.110499e-03 0.000000e+00 8.235118e-03 9.838897e-03 5.159197e-02 1.994755e-02 1.066857e-02 7.916372e-03 0.000000e+00 0.000000e+00 1.869845e-04 0.000000e+00 2.752510e-02 1.762155e-03 3.895013e-02 1.197678e-01 2.371856e-01 4.816063e-01
2.172100e-01 1.515278e-02 9.234926e-04 2.300911e-01 5.006880e-03 1.872937e-02 0.000000e+00 8.093962e-03 6.794359e-02 0.000000e+00 5.648853e-03 2.245661e-01 0.000000e+00 7.296138e-05 0.000000e+00 6.939912e-03 9.668581e-03 2.973886e-03 1.970834e-02 1.658742e-02 9.918462e-03 1.236936e-02 1.714861e-02 1.156153e-04 0.000000e+00 9.485272e-03 1.626157e-02 1.986478e-03 4.257157e-02 6.539294e-02 2.172100e-01 6.175738e-01
2.075301e-01 1.804029e-02 9.898990e-04 2.108326e-01 1.251720e-03 8.654345e-03 4.791836e-02 0.000000e+00 8.348044e-03 1.762474e-03 2.720715e-02 1.843691e-01 0.000000e+00 0.000000e+00 0.000000e+00 6.939912e-03 4.117559e-03 6.474181e-03 6.231865e-02 1.664126e-02 5.130348e-03 9.320366e-03 0.000000e+00 1.734229e-03 1.869845e-04 2.315366e-02 2.509471e-02 2.979717e-03 0.000000e+00 2.224483e-02 2.075301e-01 6.649402e-01
2.075301e-01 1.804029e-02 9.898990e-04 2.108326e-01 1.251720e-03 8.654345e-03 4.791836e-02 0.000000e+00 8.348044e-03 1.762474e-03 2.720715e-02 1.843691e-01 0.000000e+00 0.000000e+00 0.000000e+00 6.939912e-03 4.117559e-03 6.474181e-03 6.231865e-02 1.664126e-02 5.130348e-03 9.320366e-03 0.000000e+00 1.734229e-03 1.869845e-04 2.315366e-02 2.509471e-02 2.979717e-03 0.000000e+00 2.224483e-02 2.075301e-01 6.649402e-01
1.961983e-01 0.000000e+00 4.652542e-03 2.028773e-01 2.574025e-03 8.066727e-03 4.791836e-02 6.939752e-02 6.670925e-03 3.455345e-02 4.081073e-02 1.145138e-01 0.000000e+00 0.000000e+00 0.000000e+00 0.000000e+00 0.000000e+00 4.710148e-03 5.925224e-02 1.521166e-02 9.391151e-03 4.987883e-03 0.000000e+00 1.734229e-03 0.000000e+00 2.875133e-02 2.791059e-02 0.000000e+00 3.787759e-03 0.000000e+00 1.961983e-01 7.488931e-01
8.897459e-02 2.347386e-03 0.000000e+00 2.028773e-01 0.000000e+00 1.382128e-02 4.791836e-02 3.028268e-02 0.000000e+00 8.812371e-04 2.720715e-02 1.322963e-01 0.000000e+00 4.614420e-04 0.000000e+00 0.000000e+00 0.000000e+00 0.000000e+00 2.667497e-02 1.301717e-02 9.391151e-03 4.987883e-03 0.000000e+00 1.734229e-03 2.012422e-04 1.841103e-02 1.696393e-02 0.000000e+00 0.000000e+00 1.820385e-02 8.897459e-02 8.224740e-01
8.897459e-02 2.347386e-03 0.000000e+00 2.028773e-01 0.000000e+00 1.382128e-02 4.791836e-02 3.028268e-02 0.000000e+00 8.812371e-04 2.720715e-02 1.322963e-01 0.000000e+00 4.614420e-04 0.000000e+00 0.000000e+00 0.000000e+00 0.000000e+00 2.667497e-02 1.301717e-02 9.391151e-03 4.987883e-03 0.000000e+00 1.734229e-03 2.012422e-04 1.841103e-02 1.696393e-02 0.000000e+00 0.000000e+00 1.820385e-02 8.897459e-02 8.224740e-01
8.897459e-02 2.347386e-03 0.000000e+00 2.028773e-01 0.000000e+00 1.382128e-02 4.791836e-02 3.028268e-02 0.000000e+00 8.812371e-04 2.720715e-02 1.322963e-01 0.000000e+00 4.614420e-04 0.000000e+00 0.000000e+00 0.000000e+00 0.000000e+00 2.667497e-02 1.301717e-02 9.391151e-03 4.987883e-03 0.000000e+00 1.734229e-03 2.012422e-04 1.841103e-02 1.696393e-02 0.000000e+00 0.000000e+00 1.820385e-02 8.897459e-02 8.224740e-01
8.897459e-02 2.347386e-03 0.000000e+00 2.028773e-01 0.000000e+00 1.382128e-02 4.791836e-02 3.028268e-02 0.000000e+00 8.812371e-04 2.720715e-02 1.322963e-01 0.000000e+00 4.614420e-04 0.000000e+00 0.000000e+00 0.000000e+00 0.000000e+00 2.667497e-02 1.301717e-02 9.391151e-03 4.987883e-03 0.000000e+00 1.734229e-03 2.012422e-04 1.841103e-02 1.696393e-02 0.000000e+00 0.000000e+00 1.820385e-02 8.897459e-02 8.224740e-01
8.897459e-02 2.347386e-03 0.000000e+00 2.028773e-01 0.000000e+00 1.382128e-02 4.791836e-02 3.028268e-02 0.000000e+00 8.812371e-04 2.720715e-02 1.322963e-01 0.000000e+00 4.614420e-04 0.000000e+00 0.000000e+00 0.000000e+00 0.000000e+00 2.667497e-02 1.301717e-02 9.391151e-03 4.987883e-03 0.000000e+00 1.734229e-03 2.012422e-04 1.841103e-02 1.696393e-02 0.000000e+00 0.000000e+00 1.820385e-02 8.897459e-02 8.224740e-01
8.897459e-02 2.347386e-03 0.000000e+00 2.028773e-01 0.000000e+00 1.382128e-02 4.791836e-02 3.028268e-02 0.000000e+00 8.812371e-04 2.720715e-02 1.322963e-01 0.000000e+00 4.614420e-04 0.000000e+00 0.000000e+00 0.000000e+00 0.000000e+00 2.667497e-02 1.301717e-02 9.391151e-03 4.987883e-03 0.000000e+00 1.734229e-03 2.012422e-04 1.841103e-02 1.696393e-02 0.000000e+00 0.000000e+00 1.820385e-02 8.897459e-02 8.224740e-01
8.897459e-02 2.347386e-03 0.000000e+00 2.028773e-01 0.000000e+00 1.382128e-02 4.791836e-02 3.028268e-02 0.000000e+00 8.812371e-04 2.720715e-02 1.322963e-01 0.000000e+00 4.614420e-04 0.000000e+00 0.000000e+00 0.000000e+00 0.000000e+00 2.667497e-02 1.301717e-02 9.391151e-03 4.987883e-03 0.000000e+00 1.734229e-03 2.012422e-04 1.841103e-02 1.696393e-02 0.000000e+00 0.000000e+00 1.820385e-02 8.897459e-02 8.224740e-01
7.289922e-02 5.338208e-03 8.822612e-03 2.121879e-01 5.491570e-03 2.885610e-02 5.461100e-02 0.000000e+00 1.501897e-02 6.421470e-03 5.761691e-03 1.383276e-01 3.455927e-03 1.344106e-02 0.000000e+00 0.000000e+00 5.552938e-03 7.056134e-03 2.810547e-02 2.022957e-02 6.477284e-03 9.928662e-03 0.000000e+00 0.000000e+00 1.917371e-04 0.000000e+00 1.531836e-02 1.537833e-03 5.063517e-02 7.229035e-02 7.289922e-02 8.686225e-01
5.023572e-02 2.347386e-03 4.135582e-03 1.975419e-01 3.755160e-03 2.133869e-02 4.791836e-02 3.440281e-02 3.354239e-03 3.210735e-03 0.000000e+00 1.143526e-01 1.079977e-03 1.382954e-02 0.000000e+00 0.000000e+00 0.000000e+00 3.528067e-03 2.054215e-02 1.587637e-02 5.656773e-03 7.934418e-03 0.000000e+00 1.734229e-03 1.291210e-03 2.391664e-02 1.133216e-02 0.000000e+00 3.343139e-02 9.558493e-02 5.023572e-02 9.108301e-01
2.757222e-02 2.347386e-03 0.000000e+00 2.028773e-01 3.896330e-03 2.016345e-02 4.791836e-02 3.028268e-02 0.000000e+00 6.879268e-02 2.720715e-02 1.322963e-01 5.399885e-04 4.614420e-04 0.000000e+00 0.000000e+00 0.000000e+00 0.000000e+00 1.440933e-02 1.301717e-02 4.930609e-03 4.987883e-03 0.000000e+00 4.624610e-04 2.012422e-04 3.511198e-02 1.696393e-02 9.594500e-04 0.000000e+00 6.112417e-03 2.757222e-02 9.940831e-01
2.757222e-02 2.347386e-03 0.000000e+00 2.028773e-01 3.896330e-03 2.016345e-02 4.791836e-02 3.028268e-02 0.000000e+00 6.879268e-02 2.720715e-02 1.322963e-01 5.399885e-04 4.614420e-04 0.000000e+00 0.000000e+00 0.000000e+00 0.000000e+00 1.440933e-02 1.301717e-02 4.930609e-03 4.987883e-03 0.000000e+00 4.624610e-04 2.012422e-04 3.511198e-02 1.696393e-02 9.594500e-04 0.000000e+00 6.112417e-03 2.757222e-02 9.940831e-01
1.362149e-02 7.496265e-03 5.190103e-04 2.085698e-01 3.031102e-02 0.000000e+00 6.241554e-02 1.052650e-01 1.501897e-02 5.540233e-03 0.000000e+00 1.343523e-01 8.639816e-04 2.359770e-02 0.000000e+00 2.342552e-02 0.000000e+00 5.082800e-03 3.158878e-02 1.041796e-02 1.098533e-02 1.308634e-02 0.000000e+00 9.249220e-04 0.000000e+00 2.739409e-02 2.098444e-02 0.000000e+00 1.590383e-02 2.150838e-02 1.362149e-02 1.104948e+00
0.000000e+00 0.000000e+00 4.652542e-03 2.028773e-01 2.574025e-03 2.709324e-02 7.187754e-02 3.028268e-02 0.000000e+00 3.672584e-02 2.720715e-02 7.467929e-02 1.349971e-03 4.614420e-04 0.000000e+00 0.000000e+00 0.000000e+00 4.030858e-02 2.667497e-02 1.301717e-02 9.391151e-03 4.987883e-03 0.000000e+00 1.734229e-03 2.388306e-03 1.841103e-02 1.785734e-02 0.000000e+00 3.787759e-03 2.091732e-02 0.000000e+00 1.198390e+00
