8.541817e-01 3.702535e-01 3.945558e-02 0.000000e+00 1.552294e-02 0.000000e+00 0.000000e+00 2.985580e-04 1.739855e-02 0.000000e+00 3.123006e-03 5.597719e-01 0.000000e+00 0.000000e+00 1.904864e-03 0.000000e+00 8.405598e-02 7.482846e-03 0.000000e+00 0.000000e+00 1.845162e-02 1.275384e-02 3.577313e-02 1.297069e-02 1.095228e-02 0.000000e+00 3.592031e-03 7.806477e-03 8.264019e-03 9.694920e-02 8.541817e-01 -5.369864e-01
8.466921e-01 3.524540e-01 0.000000e+00 1.079761e-03 1.218941e-02 1.125694e-03 0.000000e+00 9.560223e-04 6.948439e-02 0.000000e+00 3.123006e-03 6.365524e-01 0.000000e+00 0.000000e+00 6.681989e-04 0.000000e+00 1.107541e-02 0.000000e+00 0.000000e+00 0.000000e+00 1.886922e-02 2.782681e-02 2.694415e-02 0.000000e+00 1.117810e-02 0.000000e+00 3.592031e-03 0.000000e+00 4.132010e-03 9.694920e-02 8.466921e-01 -5.328975e-01
8.466921e-01 3.524540e-01 0.000000e+00 1.079761e-03 1.218941e-02 1.125694e-03 0.000000e+00 9.560223e-04 6.948439e-02 0.000000e+00 3.123006e-03 6.365524e-01 0.000000e+00 0.000000e+00 6.681989e-04 0.000000e+00 1.107541e-02 0.000000e+00 0.000000e+00 0.000000e+00 1.886922e-02 2.782681e-02 2.694415e-02 0.000000e+00 1.117810e-02 0.000000e+00 3.592031e-03 0.000000e+00 4.132010e-03 9.694920e-02 8.466921e-01 -5.328975e-01
8.435019e-01 3.732200e-01 0.000000e+00 0.000000e+00 1.218941e-02 1.029206e-03 0.000000e+00 9.560223e-04 6.948439e-02 0.000000e+00 3.123006e-03 6.365524e-01 1.409898e-02 0.000000e+00 6.681989e-04 0.000000e+00 1.107541e-02 0.000000e+00 0.000000e+00 0.000000e+00 9.820965e-03 2.782681e-02 4.440776e-02 0.000000e+00 2.484022e-03 0.000000e+00 3.592031e-03 0.000000e+00 0.000000e+00 6.336213e-02 8.435019e-01 -5.155266e-01
8.435019e-01 3.732200e-01 0.000000e+00 0.000000e+00 1.218941e-02 1.029206e-03 0.000000e+00 9.560223e-04 6.948439e-02 0.000000e+00 3.123006e-03 6.365524e-01 1.409898e-02 0.000000e+00 6.681989e-04 0.000000e+00 1.107541e-02 0.000000e+00 0.000000e+00 0.000000e+00 9.820965e-03 2.782681e-02 4.440776e-02 0.000000e+00 2.484022e-03 0.000000e+00 3.592031e-03 0.000000e+00 0.000000e+00 6.336213e-02 8.435019e-01 -5.155266e-01
8.435019e-01 3.732200e-01 0.000000e+00 0.000000e+00 1.218941e-02 1.029206e-03 0.000000e+00 9.560223e-04 6.948439e-02 0.000000e+00 3.123006e-03 6.365524e-01 1.409898e-02 0.000000e+00 6.681989e-04 0.000000e+00 1.107541e-02 0.000000e+00 0.000000e+00 0.000000e+00 9.820965e-03 2.782681e-02 4.440776e-02 0.000000e+00 2.484022e-03 0.000000e+00 3.592031e-03 0.000000e+00 0.000000e+00 6.336213e-02 8.435019e-01 -5.155266e-01
8.435019e-01 3.732200e-01 0.000000e+00 0.000000e+00 1.218941e-02 1.029206e-03 0.000000e+00 9.560223e-04 6.948439e-02 0.000000e+00 3.123006e-03 6.365524e-01 1.409898e-02 0.000000e+00 6.681989e-04 0.000000e+00 1.107541e-02 0.000000e+00 0.000000e+00 0.000000e+00 9.820965e-03 2.782681e-02 4.440776e-02 0.000000e+00 2.484022e-03 0.000000e+00 3.592031e-03 0.000000e+00 0.000000e+00 6.336213e-02 8.435019e-01 -5.155266e-01
8.435019e-01 3.732200e-01 0.000000e+00 0.000000e+00 1.218941e-02 1.029206e-03 0.000000e+00 9.560223e-04 6.948439e-02 0.000000e+00 3.123006e-03 6.365524e-01 1.409898e-02 0.000000e+00 6.681989e-04 0.000000e+00 1.107541e-02 0.000000e+00 0.000000e+00 0.000000e+00 9.820965e-03 2.782681e-02 4.440776e-02 0.000000e+00 2.484022e-03 0.000000e+00 3.592031e-03 0.000000e+00 0.000000e+00 6.336213e-02 8.435019e-01 -5.155266e-01
8.435019e-01 3.732200e-01 0.000000e+00 0.000000e+00 1.218941e-02 1.029206e-03 0.000000e+00 9.560223e-04 6.948439e-02 0.000000e+00 3.123006e-03 6.365524e-01 1.409898e-02 0.000000e+00 6.681989e-04 0.000000e+00 1.107541e-02 0.000000e+00 0.000000e+00 0.000000e+00 9.820965e-03 2.782681e-02 4.440776e-02 0.000000e+00 2.484022e-03 0.000000e+00 3.592031e-03 0.000000e+00 0.000000e+00 6.336213e-02 8.435019e-01 -5.155266e-01
8.381849e-01 3.239572e-01 0.000000e+00 2.159522e-03 1.663067e-02 1.543809e-03 0.000000e+00 0.000000e+00 0.000000e+00 0.000000e+00 3.123006e-03 6.345398e-01 0.000000e+00 0.000000e+00 0.000000e+00 0.000000e+00 1.722739e-01 0.000000e+00 0.000000e+00 0.000000e+00 1.284158e-02 4.289977e-02 5.840962e-02 0.000000e+00 1.219429e-02 0.000000e+00 0.000000e+00 0.000000e+00 0.000000e+00 5.058768e-02 8.381849e-01 -4.563115e-01
8.381849e-01 3.239572e-01 0.000000e+00 2.159522e-03 1.663067e-02 1.543809e-03 0.000000e+00 0.000000e+00 0.000000e+00 0.000000e+00 3.123006e-03 6.345398e-01 0.000000e+00 0.000000e+00 0.000000e+00 0.000000e+00 1.722739e-01 0.000000e+00 0.000000e+00 0.000000e+00 1.284158e-02 4.289977e-02 5.840962e-02 0.000000e+00 1.219429e-02 0.000000e+00 0.000000e+00 0.000000e+00 0.000000e+00 5.058768e-02 8.381849e-01 -4.563115e-01
8.381849e-01 3.239572e-01 0.000000e+00 2.159522e-03 1.663067e-02 1.543809e-03 0.000000e+00 0.000000e+00 0.000000e+00 0.000000e+00 3.123006e-03 6.345398e-01 0.000000e+00 0.000000e+00 0.000000e+00 0.000000e+00 1.722739e-01 0.000000e+00 0.000000e+00 0.000000e+00 1.284158e-02 4.289977e-02 5.840962e-02 0.000000e+00 1.219429e-02 0.000000e+00 0.000000e+00 0.000000e+00 0.000000e+00 5.058768e-02 8.381849e-01 -4.563115e-01
8.349032e-01 3.613537e-01 3.432028e-03 4.319045e-04 1.218941e-02 1.157857e-03 0.000000e+00 9.560223e-04 6.940048e-02 0.000000e+00 3.123006e-03 6.214557e-01 1.409898e-02 0.000000e+00 2.473330e-03 0.000000e+00 1.107541e-02 0.000000e+00 0.000000e+00 0.000000e+00 9.820965e-03 2.666724e-02 4.479646e-02 5.188276e-03 2.484022e-03 0.000000e+00 8.980077e-04 0.000000e+00 0.000000e+00 7.088545e-02 8.349032e-01 -4.290274e-01
8.381849e-01 3.239572e-01 0.000000e+00 2.159522e-03 1.663067e-02 1.543809e-03 0.000000e+00 0.000000e+00 0.000000e+00 0.000000e+00 3.123006e-03 6.345398e-01 0.000000e+00 0.000000e+00 0.000000e+00 0.000000e+00 1.722739e-01 0.000000e+00 0.000000e+00 0.000000e+00 1.284158e-02 4.289977e-02 5.840962e-02 0.000000e+00 1.219429e-02 0.000000e+00 0.000000e+00 0.000000e+00 0.000000e+00 5.058768e-02 8.381849e-01 -4.563115e-01
8.322877e-01 3.239572e-01 0.000000e+00 9.331270e-04 1.663067e-02 1.543809e-03 0.000000e+00 7.784139e-04 3.824421e-02 0.000000e+00 3.123006e-03 6.429622e-01 6.786051e-03 0.000000e+00 0.000000e+00 0.000000e+00 0.000000e+00 0.000000e+00 0.000000e+00 0.000000e+00 0.000000e+00 3.217483e-02 5.840962e-02 0.000000e+00 1.219429e-02 0.000000e+00 0.000000e+00 0.000000e+00 0.000000e+00 6.336213e-02 8.322877e-01 -4.028612e-01
8.322877e-01 3.239572e-01 0.000000e+00 9.331270e-04 1.663067e-02 1.543809e-03 0.000000e+00 7.784139e-04 3.824421e-02 0.000000e+00 3.123006e-03 6.429622e-01 6.786051e-03 0.000000e+00 0.000000e+00 0.000000e+00 0.000000e+00 0.000000e+00 0.000000e+00 0.000000e+00 0.000000e+00 3.217483e-02 5.840962e-02 0.000000e+00 1.219429e-02 0.000000e+00 0.000000e+00 0.000000e+00 0.000000e+00 6.336213e-02 8.322877e-01 -4.028612e-01
8.320720e-01 3.608656e-01 0.000000e+00 2.730063e-03 3.970388e-03 1.125694e-03 0.000000e+00 4.607716e-04 0.000000e+00 0.000000e+00 7.078849e-03 6.473593e-01 1.706021e-02 0.000000e+00 1.236665e-03 0.000000e+00 1.114831e-01 0.000000e+00 0.000000e+00 1.849827e-02 6.316387e-03 0.000000e+00 2.632238e-02 3.192571e-02 3.470557e-02 0.000000e+00 9.193480e-03 0.000000e+00 0.000000e+00 3.400123e-02 8.320720e-01 -3.779962e-01
8.291739e-01 3.455447e-01 0.000000e+00 1.101090e-03 3.970388e-03 1.157857e-03 0.000000e+00 4.365566e-04 0.000000e+00 0.000000e+00 1.765609e-03 6.409496e-01 0.000000e+00 0.000000e+00 2.473330e-03 0.000000e+00 0.000000e+00 0.000000e+00 0.000000e+00 1.849827e-02 9.818978e-03 0.000000e+00 3.701813e-02 3.769573e-03 7.639784e-03 0.000000e+00 2.867359e-03 0.000000e+00 0.000000e+00 3.400123e-02 8.291739e-01 -3.691147e-01
8.291739e-01 3.455447e-01 0.000000e+00 1.101090e-03 3.970388e-03 1.157857e-03 0.000000e+00 4.365566e-04 0.000000e+00 0.000000e+00 1.765609e-03 6.409496e-01 0.000000e+00 0.000000e+00 2.473330e-03 0.000000e+00 0.000000e+00 0.000000e+00 0.000000e+00 1.849827e-02 9.818978e-03 0.000000e+00 3.701813e-02 3.769573e-03 7.639784e-03 0.000000e+00 2.867359e-03 0.000000e+00 0.000000e+00 3.400123e-02 8.291739e-01 -3.691147e-01
8.291739e-01 3.712487e-01 0.000000e+00 2.730063e-03 3.970388e-03 1.929761e-04 0.000000e+00 4.365566e-04 9.274328e-02 0.000000e+00 1.765609e-03 6.409496e-01 2.500897e-02 0.000000e+00 2.473330e-03 0.000000e+00 0.000000e+00 0.000000e+00 0.000000e+00 1.849827e-02 9.818978e-03 0.000000e+00 3.701813e-02 3.769573e-03 7.639784e-03 0.000000e+00 9.193480e-03 0.000000e+00 0.000000e+00 0.000000e+00 8.291739e-01 -3.470708e-01
8.291739e-01 3.712487e-01 0.000000e+00 2.730063e-03 3.970388e-03 1.929761e-04 0.000000e+00 4.365566e-04 9.274328e-02 0.000000e+00 1.765609e-03 6.409496e-01 2.500897e-02 0.000000e+00 2.473330e-03 0.000000e+00 0.000000e+00 0.000000e+00 0.000000e+00 1.849827e-02 9.818978e-03 0.000000e+00 3.701813e-02 3.769573e-03 7.639784e-03 0.000000e+00 9.193480e-03 0.000000e+00 0.000000e+00 0.000000e+00 8.291739e-01 -3.470708e-01
8.291739e-01 3.712487e-01 0.000000e+00 2.730063e-03 3.970388e-03 1.929761e-04 0.000000e+00 4.365566e-04 9.274328e-02 0.000000e+00 1.765609e-03 6.409496e-01 2.500897e-02 0.000000e+00 2.473330e-03 0.000000e+00 0.000000e+00 0.000000e+00 0.000000e+00 1.849827e-02 9.818978e-03 0.000000e+00 3.701813e-02 3.769573e-03 7.639784e-03 0.000000e+00 9.193480e-03 0.000000e+00 0.000000e+00 0.000000e+00 8.291739e-01 -3.470708e-01
8.275665e-01 3.712487e-01 0.000000e+00 2.730063e-03 0.000000e+00 1.929761e-04 0.000000e+00 4.498276e-03 9.152856e-02 0.000000e+00 7.757547e-03 6.441544e-01 1.250448e-02 0.000000e+00 3.877044e-03 0.000000e+00 0.000000e+00 0.000000e+00 0.000000e+00 2.167674e-02 1.565852e-03 0.000000e+00 1.562663e-02 2.724299e-02 3.309054e-02 1.341684e-02 6.747259e-03 2.584347e-04 0.000000e+00 1.325271e-02 8.275665e-01 -3.101316e-01
8.275665e-01 3.712487e-01 0.000000e+00 2.730063e-03 0.000000e+00 1.929761e-04 0.000000e+00 4.498276e-03 9.152856e-02 0.000000e+00 7.757547e-03 6.441544e-01 1.250448e-02 0.000000e+00 3.877044e-03 0.000000e+00 0.000000e+00 0.000000e+00 0.000000e+00 2.167674e-02 1.565852e-03 0.000000e+00 1.562663e-02 2.724299e-02 3.309054e-02 1.341684e-02 6.747259e-03 2.584347e-04 0.000000e+00 1.325271e-02 8.275665e-01 -3.101316e-01
8.275665e-01 3.712487e-01 0.000000e+00 2.730063e-03 0.000000e+00 1.929761e-04 0.000000e+00 4.498276e-03 9.152856e-02 0.000000e+00 7.757547e-03 6.441544e-01 1.250448e-02 0.000000e+00 3.877044e-03 0.000000e+00 0.000000e+00 0.000000e+00 0.000000e+00 2.167674e-02 1.565852e-03 0.000000e+00 1.562663e-02 2.724299e-02 3.309054e-02 1.341684e-02 6.747259e-03 2.584347e-04 0.000000e+00 1.325271e-02 8.275665e-01 -3.101316e-01
8.275665e-01 3.712487e-01 0.000000e+00 2.730063e-03 0.000000e+00 1.929761e-04 0.000000e+00 4.498276e-03 9.152856e-02 0.000000e+00 7.757547e-03 6.441544e-01 1.250448e-02 0.000000e+00 3.877044e-03 0.000000e+00 0.000000e+00 0.000000e+00 0.000000e+00 2.167674e-02 1.565852e-03 0.000000e+00 1.562663e-02 2.724299e-02 3.309054e-02 1.341684e-02 6.747259e-03 2.584347e-04 0.000000e+00 1.325271e-02 8.275665e-01 -3.101316e-01
8.275665e-01 3.712487e-01 0.000000e+00 2.730063e-03 0.000000e+00 1.929761e-04 0.000000e+00 4.498276e-03 9.152856e-02 0.000000e+00 7.757547e-03 6.441544e-01 1.250448e-02 0.000000e+00 3.877044e-03 0.000000e+00 0.000000e+00 0.000000e+00 0.000000e+00 2.167674e-02 1.565852e-03 0.000000e+00 1.562663e-02 2.724299e-02 3.309054e-02 1.341684e-02 6.747259e-03 2.584347e-04 0.000000e+00 1.325271e-02 8.275665e-01 -3.101316e-01
6.512085e-01 2.326546e-01 0.000000e+00 4.265723e-05 1.653436e-03 1.061369e-03 3.736111e-02 8.731131e-04 9.423581e-02 0.000000e+00 3.189152e-04 6.489617e-01 6.980025e-03 0.000000e+00 6.483765e-03 0.000000e+00 2.215082e-02 0.000000e+00 0.000000e+00 1.670612e-02 6.796379e-03 0.000000e+00 0.000000e+00 0.000000e+00 2.631560e-03 0.000000e+00 3.942618e-03 0.000000e+00 6.276190e-03 3.315000e-02 6.512085e-01 -2.394728e-01
6.512085e-01 2.326546e-01 0.000000e+00 4.265723e-05 1.653436e-03 1.061369e-03 3.736111e-02 8.731131e-04 9.423581e-02 0.000000e+00 3.189152e-04 6.489617e-01 6.980025e-03 0.000000e+00 6.483765e-03 0.000000e+00 2.215082e-02 0.000000e+00 0.000000e+00 1.670612e-02 6.796379e-03 0.000000e+00 0.000000e+00 0.000000e+00 2.631560e-03 0.000000e+00 3.942618e-03 0.000000e+00 6.276190e-03 3.315000e-02 6.512085e-01 -2.394728e-01
6.512085e-01 2.326546e-01 0.000000e+00 4.265723e-05 1.653436e-03 1.061369e-03 3.736111e-02 8.731131e-04 9.423581e-02 0.000000e+00 3.189152e-04 6.489617e-01 6.980025e-03 0.000000e+00 6.483765e-03 0.000000e+00 2.215082e-02 0.000000e+00 0.000000e+00 1.670612e-02 6.796379e-03 0.000000e+00 0.000000e+00 0.000000e+00 2.631560e-03 0.000000e+00 3.942618e-03 0.000000e+00 6.276190e-03 3.315000e-02 6.512085e-01 -2.394728e-01
6.512085e-01 2.326546e-01 0.000000e+00 4.265723e-05 1.653436e-03 1.061369e-03 3.736111e-02 8.731131e-04 9.423581e-02 0.000000e+00 3.189152e-04 6.489617e-01 6.980025e-03 0.000000e+00 6.483765e-03 0.000000e+00 2.215082e-02 0.000000e+00 0.000000e+00 1.670612e-02 6.796379e-03 0.000000e+00 0.000000e+00 0.000000e+00 2.631560e-03 0.000000e+00 3.942618e-03 0.000000e+00 6.276190e-03 3.315000e-02 6.512085e-01 -2.394728e-01
6.512085e-01 2.326546e-01 0.000000e+00 4.265723e-05 1.653436e-03 1.061369e-03 3.736111e-02 8.731131e-04 9.423581e-02 0.000000e+00 3.189152e-04 6.489617e-01 6.980025e-03 0.000000e+00 6.483765e-03 0.000000e+00 2.215082e-02 0.000000e+00 0.000000e+00 1.670612e-02 6.796379e-03 0.000000e+00 0.000000e+00 0.000000e+00 2.631560e-03 0.000000e+00 3.942618e-03 0.000000e+00 6.276190e-03 3.315000e-02 6.512085e-01 -2.394728e-01
6.512085e-01 2.326546e-01 0.000000e+00 4.265723e-05 1.653436e-03 1.061369e-03 3.736111e-02 8.731131e-04 9.423581e-02 0.000000e+00 3.189152e-04 6.489617e-01 6.980025e-03 0.000000e+00 6.483765e-03 0.000000e+00 2.215082e-02 0.000000e+00 0.000000e+00 1.670612e-02 6.796379e-03 0.000000e+00 0.000000e+00 0.000000e+00 2.631560e-03 0.000000e+00 3.942618e-03 0.000000e+00 6.276190e-03 3.315000e-02 6.512085e-01 -2.394728e-01
6.512085e-01 3.072732e-01 1.389612e-03 4.265723e-05 6.697657e-03 1.061369e-03 3.736111e-02 2.816516e-02 9.423581e-02 0.000000e+00 3.189152e-04 6.400298e-01 6.980025e-03 0.000000e+00 8.422288e-03 8.436208e-03 1.332542e-02 0.000000e+00 0.000000e+00 1.670612e-02 6.796379e-03 0.000000e+00 0.000000e+00 0.000000e+00 2.903790e-03 2.683367e-02 3.942618e-03 0.000000e+00 0.000000e+00 3.315000e-02 6.512085e-01 -2.147187e-01
6.512085e-01 3.072732e-01 1.389612e-03 4.265723e-05 6.697657e-03 1.061369e-03 3.736111e-02 2.816516e-02 9.423581e-02 0.000000e+00 3.189152e-04 6.400298e-01 6.980025e-03 0.000000e+00 8.422288e-03 8.436208e-03 1.332542e-02 0.000000e+00 0.000000e+00 1.670612e-02 6.796379e-03 0.000000e+00 0.000000e+00 0.000000e+00 2.903790e-03 2.683367e-02 3.942618e-03 0.000000e+00 0.000000e+00 3.315000e-02 6.512085e-01 -2.147187e-01
6.461286e-01 3.463662e-01 0.000000e+00 0.000000e+00 3.306871e-03 1.929761e-04 7.472222e-02 7.457860e-03 9.140928e-02 0.000000e+00 2.296190e-04 6.400298e-01 1.396005e-02 0.000000e+00 8.422288e-03 0.000000e+00 1.626387e-02 0.000000e+00 0.000000e+00 2.127092e-02 1.495875e-02 0.000000e+00 0.000000e+00 0.000000e+00 2.177842e-03 4.025051e-02 2.150519e-03 3.876520e-04 0.000000e+00 2.948131e-02 6.461286e-01 -1.874975e-01
6.472886e-01 3.296175e-01 5.267467e-02 4.265723e-05 8.372072e-03 1.061369e-03 3.736111e-02 3.485444e-04 9.657105e-02 0.000000e+00 2.264298e-04 6.261181e-01 4.165196e-02 0.000000e+00 1.153140e-03 0.000000e+00 8.178103e-03 0.000000e+00 0.000000e+00 8.353060e-03 1.176042e-02 0.000000e+00 2.293316e-02 0.000000e+00 2.722303e-03 2.683367e-02 2.867359e-03 0.000000e+00 5.321063e-03 3.695041e-02 6.472886e-01 -1.902814e-01
6.472886e-01 3.296175e-01 5.267467e-02 4.265723e-05 8.372072e-03 1.061369e-03 3.736111e-02 3.485444e-04 9.657105e-02 0.000000e+00 2.264298e-04 6.261181e-01 4.165196e-02 0.000000e+00 1.153140e-03 0.000000e+00 8.178103e-03 0.000000e+00 0.000000e+00 8.353060e-03 1.176042e-02 0.000000e+00 2.293316e-02 0.000000e+00 2.722303e-03 2.683367e-02 2.867359e-03 0.000000e+00 5.321063e-03 3.695041e-02 6.472886e-01 -1.902814e-01
6.472886e-01 3.296175e-01 5.267467e-02 4.265723e-05 8.372072e-03 1.061369e-03 3.736111e-02 3.485444e-04 9.657105e-02 0.000000e+00 2.264298e-04 6.261181e-01 4.165196e-02 0.000000e+00 1.153140e-03 0.000000e+00 8.178103e-03 0.000000e+00 0.000000e+00 8.353060e-03 1.176042e-02 0.000000e+00 2.293316e-02 0.000000e+00 2.722303e-03 2.683367e-02 2.867359e-03 0.000000e+00 5.321063e-03 3.695041e-02 6.472886e-01 -1.902814e-01
6.472886e-01 3.296175e-01 5.267467e-02 4.265723e-05 8.372072e-03 1.061369e-03 3.736111e-02 3.485444e-04 9.657105e-02 0.000000e+00 2.264298e-04 6.261181e-01 4.165196e-02 0.000000e+00 1.153140e-03 0.000000e+00 8.178103e-03 0.000000e+00 0.000000e+00 8.353060e-03 1.176042e-02 0.000000e+00 2.293316e-02 0.000000e+00 2.722303e-03 2.683367e-02 2.867359e-03 0.000000e+00 5.321063e-03 3.695041e-02 6.472886e-01 -1.902814e-01
6.363771e-01 3.780678e-01 6.008593e-02 0.000000e+00 0.000000e+00 0.000000e+00 0.000000e+00 2.089419e-02 6.267401e-02 0.000000e+00 2.232406e-04 6.678533e-01 9.601980e-03 0.000000e+00 0.000000e+00 2.109052e-03 1.566274e-02 0.000000e+00 0.000000e+00 9.688960e-02 1.397596e-02 0.000000e+00 0.000000e+00 0.000000e+00 2.903790e-03 0.000000e+00 2.150519e-03 7.753040e-04 0.000000e+00 3.124980e-02 6.363771e-01 -1.071554e-01
6.363771e-01 3.780678e-01 0.000000e+00 0.000000e+00 0.000000e+00 0.000000e+00 0.000000e+00 2.089419e-02 6.267401e-02 4.831426e-02 3.189152e-04 6.678533e-01 6.980025e-03 0.000000e+00 5.947044e-02 6.224534e-02 2.215082e-02 0.000000e+00 0.000000e+00 1.670612e-02 6.796379e-03 0.000000e+00 0.000000e+00 0.000000e+00 2.903790e-03 0.000000e+00 2.150519e-03 7.753040e-04 0.000000e+00 3.315000e-02 6.363771e-01 -1.017109e-01
6.309416e-01 3.294367e-01 1.389612e-03 0.000000e+00 6.697657e-03 0.000000e+00 0.000000e+00 2.816516e-02 0.000000e+00 0.000000e+00 1.658359e-04 6.400298e-01 1.418824e-02 0.000000e+00 8.422288e-03 8.436208e-03 1.332542e-02 0.000000e+00 0.000000e+00 2.728866e-03 0.000000e+00 0.000000e+00 4.403013e-02 4.020878e-02 2.903790e-03 2.683367e-02 0.000000e+00 0.000000e+00 0.000000e+00 3.695041e-02 6.309416e-01 -7.851601e-02
6.309416e-01 3.294367e-01 1.389612e-03 0.000000e+00 6.697657e-03 0.000000e+00 0.000000e+00 2.816516e-02 0.000000e+00 0.000000e+00 1.658359e-04 6.400298e-01 1.418824e-02 0.000000e+00 8.422288e-03 8.436208e-03 1.332542e-02 0.000000e+00 0.000000e+00 2.728866e-03 0.000000e+00 0.000000e+00 4.403013e-02 4.020878e-02 2.903790e-03 2.683367e-02 0.000000e+00 0.000000e+00 0.000000e+00 3.695041e-02 6.309416e-01 -7.851601e-02
6.285373e-01 3.125178e-01 1.467408e-02 0.000000e+00 6.697657e-03 0.000000e+00 0.000000e+00 0.000000e+00 0.000000e+00 4.988416e-02 7.016135e-05 6.226401e-01 1.418824e-02 1.528936e-02 0.000000e+00 0.000000e+00 6.240206e-03 0.000000e+00 1.022138e-01 0.000000e+00 0.000000e+00 8.890516e-04 1.054849e-02 4.523488e-02 0.000000e+00 0.000000e+00 0.000000e+00 0.000000e+00 5.457421e-04 2.934959e-02 6.285373e-01 -4.097808e-02
6.285373e-01 3.125178e-01 1.467408e-02 0.000000e+00 6.697657e-03 0.000000e+00 0.000000e+00 0.000000e+00 0.000000e+00 4.988416e-02 7.016135e-05 6.226401e-01 1.418824e-02 1.528936e-02 0.000000e+00 0.000000e+00 6.240206e-03 0.000000e+00 1.022138e-01 0.000000e+00 0.000000e+00 8.890516e-04 1.054849e-02 4.523488e-02 0.000000e+00 0.000000e+00 0.000000e+00 0.000000e+00 5.457421e-04 2.934959e-02 6.285373e-01 -4.097808e-02
6.285373e-01 3.125178e-01 1.467408e-02 0.000000e+00 6.697657e-03 0.000000e+00 0.000000e+00 0.000000e+00 0.000000e+00 4.988416e-02 7.016135e-05 6.226401e-01 1.418824e-02 1.528936e-02 0.000000e+00 0.000000e+00 6.240206e-03 0.000000e+00 1.022138e-01 0.000000e+00 0.000000e+00 8.890516e-04 1.054849e-02 4.523488e-02 0.000000e+00 0.000000e+00 0.000000e+00 0.000000e+00 5.457421e-04 2.934959e-02 6.285373e-01 -4.097808e-02
6.285373e-01 3.125178e-01 1.467408e-02 0.000000e+00 6.697657e-03 0.000000e+00 0.000000e+00 0.000000e+00 0.000000e+00 4.988416e-02 7.016135e-05 6.226401e-01 1.418824e-02 1.528936e-02 0.000000e+00 0.000000e+00 6.240206e-03 0.000000e+00 1.022138e-01 0.000000e+00 0.000000e+00 8.890516e-04 1.054849e-02 4.523488e-02 0.000000e+00 0.000000e+00 0.000000e+00 0.000000e+00 5.457421e-04 2.934959e-02 6.285373e-01 -4.097808e-02
6.285373e-01 3.125178e-01 1.467408e-02 0.000000e+00 6.697657e-03 0.000000e+00 0.000000e+00 0.000000e+00 0.000000e+00 4.988416e-02 7.016135e-05 6.226401e-01 1.418824e-02 1.528936e-02 0.000000e+00 0.000000e+00 6.240206e-03 0.000000e+00 1.022138e-01 0.000000e+00 0.000000e+00 8.890516e-04 1.054849e-02 4.523488e-02 0.000000e+00 0.000000e+00 0.000000e+00 0.000000e+00 5.457421e-04 2.934959e-02 6.285373e-01 -4.097808e-02
6.285373e-01 3.125178e-01 1.467408e-02 0.000000e+00 6.697657e-03 0.000000e+00 0.000000e+00 0.000000e+00 0.000000e+00 4.988416e-02 7.016135e-05 6.226401e-01 1.418824e-02 1.528936e-02 0.000000e+00 0.000000e+00 6.240206e-03 0.000000e+00 1.022138e-01 0.000000e+00 0.000000e+00 8.890516e-04 1.054849e-02 4.523488e-02 0.000000e+00 0.000000e+00 0.000000e+00 0.000000e+00 5.457421e-04 2.934959e-02 6.285373e-01 -4.097808e-02
4.567152e-01 3.294367e-01 1.260473e-03 0.000000e+00 6.697657e-03 0.000000e+00 0.000000e+00 7.873246e-03 6.335635e-04 0.000000e+00 1.020529e-04 6.400298e-01 1.064118e-02 1.528936e-02 4.211144e-03 0.000000e+00 1.193974e-02 0.000000e+00 0.000000e+00 6.503672e-03 0.000000e+00 5.927011e-04 0.000000e+00 0.000000e+00 0.000000e+00 0.000000e+00 0.000000e+00 0.000000e+00 0.000000e+00 2.934959e-02 4.567152e-01 1.043011e-01
4.567152e-01 3.294367e-01 1.260473e-03 0.000000e+00 6.697657e-03 0.000000e+00 0.000000e+00 7.873246e-03 6.335635e-04 0.000000e+00 1.020529e-04 6.400298e-01 1.064118e-02 1.528936e-02 4.211144e-03 0.000000e+00 1.193974e-02 0.000000e+00 0.000000e+00 6.503672e-03 0.000000e+00 5.927011e-04 0.000000e+00 0.000000e+00 0.000000e+00 0.000000e+00 0.000000e+00 0.000000e+00 0.000000e+00 2.934959e-02 4.567152e-01 1.043011e-01
4.567152e-01 3.294367e-01 1.260473e-03 0.000000e+00 6.697657e-03 0.000000e+00 0.000000e+00 7.873246e-03 6.335635e-04 0.000000e+00 1.020529e-04 6.400298e-01 1.064118e-02 1.528936e-02 4.211144e-03 0.000000e+00 1.193974e-02 0.000000e+00 0.000000e+00 6.503672e-03 0.000000e+00 5.927011e-04 0.000000e+00 0.000000e+00 0.000000e+00 0.000000e+00 0.000000e+00 0.000000e+00 0.000000e+00 2.934959e-02 4.567152e-01 1.043011e-01
4.567152e-01 3.294367e-01 1.260473e-03 0.000000e+00 6.697657e-03 0.000000e+00 0.000000e+00 7.873246e-03 6.335635e-04 0.000000e+00 1.020529e-04 6.400298e-01 1.064118e-02 1.528936e-02 4.211144e-03 0.000000e+00 1.193974e-02 0.000000e+00 0.000000e+00 6.503672e-03 0.000000e+00 5.927011e-04 0.000000e+00 0.000000e+00 0.000000e+00 0.000000e+00 0.000000e+00 0.000000e+00 0.000000e+00 2.934959e-02 4.567152e-01 1.043011e-01
4.567152e-01 3.294367e-01 1.260473e-03 0.000000e+00 6.697657e-03 0.000000e+00 0.000000e+00 7.873246e-03 6.335635e-04 0.000000e+00 1.020529e-04 6.400298e-01 1.064118e-02 1.528936e-02 4.211144e-03 0.000000e+00 1.193974e-02 0.000000e+00 0.000000e+00 6.503672e-03 0.000000e+00 5.927011e-04 0.000000e+00 0.000000e+00 0.000000e+00 0.000000e+00 0.000000e+00 0.000000e+00 0.000000e+00 2.934959e-02 4.567152e-01 1.043011e-01
4.567152e-01 3.294367e-01 1.260473e-03 0.000000e+00 6.697657e-03 0.000000e+00 0.000000e+00 7.873246e-03 6.335635e-04 0.000000e+00 1.020529e-04 6.400298e-01 1.064118e-02 1.528936e-02 4.211144e-03 0.000000e+00 1.193974e-02 0.000000e+00 0.000000e+00 6.503672e-03 0.000000e+00 5.927011e-04 0.000000e+00 0.000000e+00 0.000000e+00 0.000000e+00 0.000000e+00 0.000000e+00 0.000000e+00 2.934959e-02 4.567152e-01 1.043011e-01
4.567152e-01 3.294367e-01 1.260473e-03 0.000000e+00 6.697657e-03 0.000000e+00 0.000000e+00 7.873246e-03 6.335635e-04 0.000000e+00 1.020529e-04 6.400298e-01 1.064118e-02 1.528936e-02 4.211144e-03 0.000000e+00 1.193974e-02 0.000000e+00 0.000000e+00 6.503672e-03 0.000000e+00 5.927011e-04 0.000000e+00 0.000000e+00 0.000000e+00 0.000000e+00 0.000000e+00 0.000000e+00 0.000000e+00 2.934959e-02 4.567152e-01 1.043011e-01
4.567152e-01 3.294367e-01 1.260473e-03 0.000000e+00 6.697657e-03 0.000000e+00 0.000000e+00 7.873246e-03 6.335635e-04 0.000000e+00 1.020529e-04 6.400298e-01 1.064118e-02 1.528936e-02 4.211144e-03 0.000000e+00 1.193974e-02 0.000000e+00 0.000000e+00 6.503672e-03 0.000000e+00 5.927011e-04 0.000000e+00 0.000000e+00 0.000000e+00 0.000000e+00 0.000000e+00 0.000000e+00 0.000000e+00 2.934959e-02 4.567152e-01 1.043011e-01
4.567152e-01 3.308568e-01 1.251000e-03 0.000000e+00 7.282506e-03 0.000000e+00 0.000000e+00 7.873246e-03 9.503453e-04 0.000000e+00 1.020529e-04 6.374259e-01 1.064118e-02 1.528936e-02 5.790323e-03 0.000000e+00 1.241524e-02 0.000000e+00 0.000000e+00 6.503672e-03 0.000000e+00 5.927011e-04 0.000000e+00 0.000000e+00 0.000000e+00 0.000000e+00 0.000000e+00 0.000000e+00 0.000000e+00 2.786069e-02 4.567152e-01 1.043612e-01
4.504994e-01 3.226663e-01 3.789431e-05 0.000000e+00 6.697657e-03 0.000000e+00 0.000000e+00 9.434528e-04 3.167818e-04 6.496633e-03 1.020529e-04 6.296141e-01 1.418824e-02 2.293404e-02 8.422288e-03 0.000000e+00 1.315080e-02 0.000000e+00 0.000000e+00 7.317710e-03 0.000000e+00 5.334310e-04 0.000000e+00 0.000000e+00 0.000000e+00 6.335155e-02 0.000000e+00 0.000000e+00 0.000000e+00 3.530522e-02 4.504994e-01 1.206500e-01
4.409899e-01 3.265965e-01 1.279420e-03 0.000000e+00 6.697657e-03 0.000000e+00 0.000000e+00 4.717264e-04 0.000000e+00 0.000000e+00 1.530793e-04 6.452377e-01 0.000000e+00 2.675638e-02 0.000000e+00 0.000000e+00 1.851514e-02 0.000000e+00 0.000000e+00 7.317710e-03 0.000000e+00 0.000000e+00 0.000000e+00 0.000000e+00 3.139460e-02 7.804802e-04 0.000000e+00 0.000000e+00 0.000000e+00 3.232741e-02 4.409899e-01 1.482782e-01
4.409899e-01 3.265965e-01 1.279420e-03 0.000000e+00 6.697657e-03 0.000000e+00 0.000000e+00 4.717264e-04 0.000000e+00 0.000000e+00 1.530793e-04 6.452377e-01 0.000000e+00 2.675638e-02 0.000000e+00 0.000000e+00 1.851514e-02 0.000000e+00 0.000000e+00 7.317710e-03 0.000000e+00 0.000000e+00 0.000000e+00 0.000000e+00 3.139460e-02 7.804802e-04 0.000000e+00 0.000000e+00 0.000000e+00 3.232741e-02 4.409899e-01 1.482782e-01
4.370916e-01 3.294367e-01 0.000000e+00 0.000000e+00 9.039047e-03 0.000000e+00 0.000000e+00 7.637383e-03 1.267127e-03 0.000000e+00 2.876675e-03 6.400298e-01 5.320592e-03 1.528936e-02 8.422288e-03 0.000000e+00 1.462191e-02 0.000000e+00 0.000000e+00 1.056955e-02 7.129487e-03 9.483217e-04 2.333205e-02 6.006407e-02 2.284511e-02 6.708419e-03 0.000000e+00 0.000000e+00 0.000000e+00 4.666961e-02 4.370916e-01 1.989802e-01
4.348815e-01 3.429774e-01 3.705631e-03 0.000000e+00 9.037054e-03 0.000000e+00 0.000000e+00 0.000000e+00 1.267127e-03 0.000000e+00 1.020529e-04 6.400298e-01 0.000000e+00 0.000000e+00 2.105572e-03 5.747200e-02 2.699255e-02 0.000000e+00 0.000000e+00 3.925131e-03 0.000000e+00 7.112413e-04 0.000000e+00 0.000000e+00 0.000000e+00 5.422208e-02 0.000000e+00 1.882776e-02 0.000000e+00 2.934959e-02 4.348815e-01 2.110488e-01
4.301391e-01 3.039454e-01 6.894708e-03 0.000000e+00 8.035594e-03 0.000000e+00 0.000000e+00 0.000000e+00 1.373102e-02 3.494057e-02 0.000000e+00 6.295026e-01 0.000000e+00 0.000000e+00 1.544086e-02 2.103204e-02 1.315080e-02 0.000000e+00 2.853691e-02 5.493210e-03 6.663136e-03 1.244672e-03 1.310031e-02 0.000000e+00 4.569022e-02 2.012526e-02 0.000000e+00 0.000000e+00 0.000000e+00 2.410858e-02 4.301391e-01 2.531251e-01
4.301391e-01 3.046567e-01 3.371797e-02 0.000000e+00 7.406692e-03 2.115013e-02 0.000000e+00 0.000000e+00 1.373102e-02 5.464936e-02 9.903768e-03 6.433331e-01 0.000000e+00 0.000000e+00 1.544086e-02 2.103204e-02 1.066367e-02 0.000000e+00 3.703706e-02 5.493210e-03 6.663136e-03 1.481753e-03 1.310031e-02 2.088687e-02 4.641617e-02 2.012526e-02 0.000000e+00 0.000000e+00 0.000000e+00 2.155375e-02 4.301391e-01 2.792851e-01
4.262777e-01 3.322792e-01 1.366503e-03 0.000000e+00 6.024703e-03 4.230027e-02 0.000000e+00 3.936623e-03 0.000000e+00 3.941758e-02 1.990959e-02 6.165665e-01 5.320592e-03 7.644680e-03 2.105572e-03 6.664046e-03 2.336690e-03 0.000000e+00 1.700030e-02 8.331452e-04 3.331568e-03 0.000000e+00 4.523308e-02 4.177374e-02 1.451895e-03 1.184045e-02 0.000000e+00 0.000000e+00 0.000000e+00 2.275103e-02 4.262777e-01 3.010043e-01
4.238035e-01 3.059860e-01 8.600825e-03 0.000000e+00 9.708016e-03 0.000000e+00 0.000000e+00 0.000000e+00 6.335635e-04 0.000000e+00 2.825649e-03 7.753675e-01 0.000000e+00 0.000000e+00 8.037673e-03 0.000000e+00 1.522744e-02 0.000000e+00 4.413917e-03 1.006431e-02 1.046105e-02 7.705114e-04 2.988221e-02 0.000000e+00 4.569022e-02 0.000000e+00 0.000000e+00 0.000000e+00 0.000000e+00 4.404910e-02 4.238035e-01 3.376614e-01
4.207493e-01 3.066052e-01 8.600825e-03 0.000000e+00 1.272037e-02 0.000000e+00 0.000000e+00 1.968312e-03 6.335635e-04 1.217970e-02 1.012505e-02 7.727635e-01 2.660296e-03 0.000000e+00 3.856197e-04 0.000000e+00 0.000000e+00 0.000000e+00 6.708407e-03 6.848835e-02 1.212684e-02 7.705114e-04 1.377822e-03 0.000000e+00 4.641617e-02 0.000000e+00 0.000000e+00 9.413879e-03 0.000000e+00 4.404910e-02 4.207493e-01 3.838112e-01
4.164844e-01 3.281993e-01 0.000000e+00 0.000000e+00 3.364772e-04 0.000000e+00 0.000000e+00 0.000000e+00 1.644741e-02 0.000000e+00 0.000000e+00 6.631950e-01 0.000000e+00 9.555850e-03 1.515730e-02 3.187050e-02 1.522744e-02 0.000000e+00 1.123199e-02 0.000000e+00 3.214981e-03 0.000000e+00 0.000000e+00 6.266061e-02 1.497135e-02 2.381935e-02 0.000000e+00 0.000000e+00 0.000000e+00 5.831742e-03 4.164844e-01 4.105919e-01
4.164844e-01 3.441873e-01 0.000000e+00 0.000000e+00 0.000000e+00 5.141766e-02 3.614001e-02 0.000000e+00 1.212750e-02 3.476697e-02 6.553353e-03 6.631950e-01 0.000000e+00 3.822340e-03 1.515730e-02 3.187050e-02 4.182240e-02 0.000000e+00 1.870450e-02 0.000000e+00 0.000000e+00 0.000000e+00 0.000000e+00 7.560316e-02 0.000000e+00 5.303363e-02 0.000000e+00 0.000000e+00 2.618884e-02 0.000000e+00 4.164844e-01 4.586762e-01
2.583063e-01 3.310407e-01 6.706914e-04 0.000000e+00 0.000000e+00 3.026753e-02 0.000000e+00 0.000000e+00 8.296189e-03 1.505818e-02 5.310785e-03 4.938641e-01 0.000000e+00 0.000000e+00 1.740968e-02 2.103204e-02 4.826778e-02 0.000000e+00 1.241132e-02 0.000000e+00 0.000000e+00 0.000000e+00 0.000000e+00 5.471629e-02 0.000000e+00 3.535576e-02 0.000000e+00 1.882776e-02 2.618884e-02 1.043552e-03 2.583063e-01 5.079754e-01
2.583063e-01 3.310407e-01 6.706914e-04 0.000000e+00 0.000000e+00 3.026753e-02 0.000000e+00 0.000000e+00 8.296189e-03 1.505818e-02 5.310785e-03 4.938641e-01 0.000000e+00 0.000000e+00 1.740968e-02 2.103204e-02 4.826778e-02 0.000000e+00 1.241132e-02 0.000000e+00 0.000000e+00 0.000000e+00 0.000000e+00 5.471629e-02 0.000000e+00 3.535576e-02 0.000000e+00 1.882776e-02 2.618884e-02 1.043552e-03 2.583063e-01 5.079754e-01
2.583063e-01 3.310407e-01 6.706914e-04 0.000000e+00 0.000000e+00 3.026753e-02 0.000000e+00 0.000000e+00 8.296189e-03 1.505818e-02 5.310785e-03 4.938641e-01 0.000000e+00 0.000000e+00 1.740968e-02 2.103204e-02 4.826778e-02 0.000000e+00 1.241132e-02 0.000000e+00 0.000000e+00 0.000000e+00 0.000000e+00 5.471629e-02 0.000000e+00 3.535576e-02 0.000000e+00 1.882776e-02 2.618884e-02 1.043552e-03 2.583063e-01 5.079754e-01
2.583063e-01 3.310407e-01 6.706914e-04 0.000000e+00 0.000000e+00 3.026753e-02 0.000000e+00 0.000000e+00 8.296189e-03 1.505818e-02 5.310785e-03 4.938641e-01 0.000000e+00 0.000000e+00 1.740968e-02 2.103204e-02 4.826778e-02 0.000000e+00 1.241132e-02 0.000000e+00 0.000000e+00 0.000000e+00 0.000000e+00 5.471629e-02 0.000000e+00 3.535576e-02 0.000000e+00 1.882776e-02 2.618884e-02 1.043552e-03 2.583063e-01 5.079754e-01
2.583063e-01 3.310407e-01 6.706914e-04 0.000000e+00 0.000000e+00 3.026753e-02 0.000000e+00 0.000000e+00 8.296189e-03 1.505818e-02 5.310785e-03 4.938641e-01 0.000000e+00 0.000000e+00 1.740968e-02 2.103204e-02 4.826778e-02 0.000000e+00 1.241132e-02 0.000000e+00 0.000000e+00 0.000000e+00 0.000000e+00 5.471629e-02 0.000000e+00 3.535576e-02 0.000000e+00 1.882776e-02 2.618884e-02 1.043552e-03 2.583063e-01 5.079754e-01
2.583063e-01 3.310407e-01 6.706914e-04 0.000000e+00 0.000000e+00 3.026753e-02 0.000000e+00 0.000000e+00 8.296189e-03 1.505818e-02 5.310785e-03 4.938641e-01 0.000000e+00 0.000000e+00 1.740968e-02 2.103204e-02 4.826778e-02 0.000000e+00 1.241132e-02 0.000000e+00 0.000000e+00 0.000000e+00 0.000000e+00 5.471629e-02 0.000000e+00 3.535576e-02 0.000000e+00 1.882776e-02 2.618884e-02 1.043552e-03 2.583063e-01 5.079754e-01
2.583063e-01 3.310407e-01 6.706914e-04 0.000000e+00 0.000000e+00 3.026753e-02 0.000000e+00 0.000000e+00 8.296189e-03 1.505818e-02 5.310785e-03 4.938641e-01 0.000000e+00 0.000000e+00 1.740968e-02 2.103204e-02 4.826778e-02 0.000000e+00 1.241132e-02 0.000000e+00 0.000000e+00 0.000000e+00 0.000000e+00 5.471629e-02 0.000000e+00 3.535576e-02 0.000000e+00 1.882776e-02 2.618884e-02 1.043552e-03 2.583063e-01 5.079754e-01
2.583063e-01 3.310407e-01 6.706914e-04 0.000000e+00 0.000000e+00 3.026753e-02 0.000000e+00 0.000000e+00 8.296189e-03 1.505818e-02 5.310785e-03 4.938641e-01 0.000000e+00 0.000000e+00 1.740968e-02 2.103204e-02 4.826778e-02 0.000000e+00 1.241132e-02 0.000000e+00 0.000000e+00 0.000000e+00 0.000000e+00 5.471629e-02 0.000000e+00 3.535576e-02 0.000000e+00 1.882776e-02 2.618884e-02 1.043552e-03 2.583063e-01 5.079754e-01
2.583063e-01 3.310407e-01 6.706914e-04 0.000000e+00 0.000000e+00 3.026753e-02 0.000000e+00 0.000000e+00 8.296189e-03 1.505818e-02 5.310785e-03 4.938641e-01 0.000000e+00 0.000000e+00 1.740968e-02 2.103204e-02 4.826778e-02 0.000000e+00 1.241132e-02 0.000000e+00 0.000000e+00 0.000000e+00 0.000000e+00 5.471629e-02 0.000000e+00 3.535576e-02 0.000000e+00 1.882776e-02 2.618884e-02 1.043552e-03 2.583063e-01 5.079754e-01
2.583063e-01 3.310407e-01 6.706914e-04 0.000000e+00 0.000000e+00 3.026753e-02 0.000000e+00 0.000000e+00 8.296189e-03 2.256775e-02 5.310785e-03 5.482793e-01 0.000000e+00 0.000000e+00 1.740968e-02 2.300380e-03 4.826778e-02 0.000000e+00 1.241132e-02 0.000000e+00 0.000000e+00 0.000000e+00 0.000000e+00 5.471629e-02 0.000000e+00 4.590594e-02 0.000000e+00 2.622056e-02 2.618884e-02 1.043552e-03 2.583063e-01 5.228097e-01
2.378430e-01 3.186974e-01 1.341383e-03 0.000000e+00 1.233750e-03 0.000000e+00 0.000000e+00 0.000000e+00 8.296189e-03 3.904259e-05 5.089503e-03 5.905327e-01 1.225780e-02 0.000000e+00 1.860927e-02 5.389461e-02 4.826778e-02 0.000000e+00 1.070680e-02 0.000000e+00 0.000000e+00 0.000000e+00 0.000000e+00 6.521031e-02 0.000000e+00 1.105841e-02 0.000000e+00 1.882776e-02 3.265034e-02 9.157036e-04 2.378430e-01 5.797941e-01
2.378430e-01 3.186974e-01 1.341383e-03 0.000000e+00 1.233750e-03 0.000000e+00 0.000000e+00 0.000000e+00 8.296189e-03 3.904259e-05 5.089503e-03 5.905327e-01 1.225780e-02 0.000000e+00 1.860927e-02 5.389461e-02 4.826778e-02 0.000000e+00 1.070680e-02 0.000000e+00 0.000000e+00 0.000000e+00 0.000000e+00 6.521031e-02 0.000000e+00 1.105841e-02 0.000000e+00 1.882776e-02 3.265034e-02 9.157036e-04 2.378430e-01 5.797941e-01
2.365855e-01 3.700889e-01 2.883973e-03 1.150530e-03 3.701249e-03 2.696845e-02 0.000000e+00 0.000000e+00 1.571116e-02 1.932710e-02 5.615049e-03 6.253821e-01 3.064451e-02 0.000000e+00 2.079127e-02 5.915263e-02 0.000000e+00 9.977673e-04 1.576802e-02 1.072990e-02 0.000000e+00 0.000000e+00 2.439320e-02 0.000000e+00 2.905343e-03 2.096381e-02 8.579630e-03 1.989399e-02 8.639948e-03 6.107918e-03 2.365855e-01 6.114351e-01
2.200520e-01 3.436160e-01 3.755872e-03 2.755695e-03 1.233750e-03 2.226905e-02 0.000000e+00 0.000000e+00 1.332234e-02 5.787849e-02 6.334218e-03 5.905327e-01 0.000000e+00 0.000000e+00 4.087855e-02 2.103204e-02 0.000000e+00 1.995535e-03 2.246520e-02 9.782671e-03 0.000000e+00 0.000000e+00 1.290782e-02 1.909831e-02 0.000000e+00 2.843217e-02 3.561607e-03 1.276002e-02 2.217480e-02 6.088137e-03 2.200520e-01 7.038806e-01
2.081350e-01 3.115166e-01 0.000000e+00 0.000000e+00 5.832272e-03 3.253571e-02 0.000000e+00 0.000000e+00 1.593493e-02 3.904259e-05 4.328843e-03 3.850338e-01 2.451561e-02 8.560209e-03 4.771963e-02 3.779196e-02 0.000000e+00 0.000000e+00 2.415477e-02 1.606305e-02 1.065944e-03 0.000000e+00 2.132983e-02 6.529961e-02 2.681855e-03 1.383611e-02 7.656458e-03 7.244648e-02 0.000000e+00 3.228735e-03 2.081350e-01 7.607728e-01
2.081350e-01 3.115166e-01 0.000000e+00 0.000000e+00 5.832272e-03 3.253571e-02 0.000000e+00 0.000000e+00 1.593493e-02 3.904259e-05 4.328843e-03 3.850338e-01 2.451561e-02 8.560209e-03 4.771963e-02 3.779196e-02 0.000000e+00 0.000000e+00 2.415477e-02 1.606305e-02 1.065944e-03 0.000000e+00 2.132983e-02 6.529961e-02 2.681855e-03 1.383611e-02 7.656458e-03 7.244648e-02 0.000000e+00 3.228735e-03 2.081350e-01 7.607728e-01
7.531313e-02 3.115166e-01 0.000000e+00 0.000000e+00 2.691818e-03 7.671738e-03 0.000000e+00 0.000000e+00 1.306842e-02 3.904259e-05 4.072985e-03 3.872813e-01 3.081114e-02 0.000000e+00 0.000000e+00 6.786121e-02 0.000000e+00 0.000000e+00 3.262943e-03 2.966343e-03 0.000000e+00 0.000000e+00 6.126734e-03 1.941856e-02 2.234879e-03 0.000000e+00 3.561607e-03 0.000000e+00 1.493001e-02 0.000000e+00 7.531313e-02 9.100509e-01
7.531313e-02 3.115166e-01 0.000000e+00 0.000000e+00 2.691818e-03 7.671738e-03 0.000000e+00 0.000000e+00 1.306842e-02 3.904259e-05 4.072985e-03 3.872813e-01 3.081114e-02 0.000000e+00 0.000000e+00 6.786121e-02 0.000000e+00 0.000000e+00 3.262943e-03 2.966343e-03 0.000000e+00 0.000000e+00 6.126734e-03 1.941856e-02 2.234879e-03 0.000000e+00 3.561607e-03 0.000000e+00 1.493001e-02 0.000000e+00 7.531313e-02 9.100509e-01
7.531313e-02 3.115166e-01 0.000000e+00 0.000000e+00 2.691818e-03 7.671738e-03 0.000000e+00 0.000000e+00 1.306842e-02 3.904259e-05 4.072985e-03 3.872813e-01 3.081114e-02 0.000000e+00 0.000000e+00 6.786121e-02 0.000000e+00 0.000000e+00 3.262943e-03 2.966343e-03 0.000000e+00 0.000000e+00 6.126734e-03 1.941856e-02 2.234879e-03 0.000000e+00 3.561607e-03 0.000000e+00 1.493001e-02 0.000000e+00 7.531313e-02 9.100509e-01
7.531313e-02 3.115166e-01 0.000000e+00 0.000000e+00 2.691818e-03 7.671738e-03 0.000000e+00 0.000000e+00 1.306842e-02 3.904259e-05 4.072985e-03 3.872813e-01 3.081114e-02 0.000000e+00 0.000000e+00 6.786121e-02 0.000000e+00 0.000000e+00 3.262943e-03 2.966343e-03 0.000000e+00 0.000000e+00 6.126734e-03 1.941856e-02 2.234879e-03 0.000000e+00 3.561607e-03 0.000000e+00 1.493001e-02 0.000000e+00 7.531313e-02 9.100509e-01
7.531313e-02 3.115166e-01 0.000000e+00 0.000000e+00 2.691818e-03 7.671738e-03 0.000000e+00 0.000000e+00 1.306842e-02 3.904259e-05 4.072985e-03 3.872813e-01 3.081114e-02 0.000000e+00 0.000000e+00 6.786121e-02 0.000000e+00 0.000000e+00 3.262943e-03 2.966343e-03 0.000000e+00 0.000000e+00 6.126734e-03 1.941856e-02 2.234879e-03 0.000000e+00 3.561607e-03 0.000000e+00 1.493001e-02 0.000000e+00 7.531313e-02 9.100509e-01
7.531313e-02 3.115166e-01 0.000000e+00 0.000000e+00 2.691818e-03 7.671738e-03 0.000000e+00 0.000000e+00 1.306842e-02 3.904259e-05 4.072985e-03 3.872813e-01 3.081114e-02 0.000000e+00 0.000000e+00 6.786121e-02 0.000000e+00 0.000000e+00 3.262943e-03 2.966343e-03 0.000000e+00 0.000000e+00 6.126734e-03 1.941856e-02 2.234879e-03 0.000000e+00 3.561607e-03 0.000000e+00 1.493001e-02 0.000000e+00 7.531313e-02 9.100509e-01
7.531313e-02 3.115166e-01 0.000000e+00 0.000000e+00 2.691818e-03 7.671738e-03 0.000000e+00 0.000000e+00 1.306842e-02 3.904259e-05 4.072985e-03 3.872813e-01 3.081114e-02 0.000000e+00 0.000000e+00 6.786121e-02 0.000000e+00 0.000000e+00 3.262943e-03 2.966343e-03 0.000000e+00 0.000000e+00 6.126734e-03 1.941856e-02 2.234879e-03 0.000000e+00 3.561607e-03 0.000000e+00 1.493001e-02 0.000000e+00 7.531313e-02 9.100509e-01
7.531313e-02 3.115166e-01 0.000000e+00 0.000000e+00 2.691818e-03 7.671738e-03 0.000000e+00 0.000000e+00 1.306842e-02 3.904259e-05 4.072985e-03 3.872813e-01 3.081114e-02 0.000000e+00 0.000000e+00 6.786121e-02 0.000000e+00 0.000000e+00 3.262943e-03 2.966343e-03 0.000000e+00 0.000000e+00 6.126734e-03 1.941856e-02 2.234879e-03 0.000000e+00 3.561607e-03 0.000000e+00 1.493001e-02 0.000000e+00 7.531313e-02 9.100509e-01
3.488026e-02 2.682912e-01 0.000000e+00 0.000000e+00 0.000000e+00 3.447648e-02 0.000000e+00 0.000000e+00 1.045853e-02 0.000000e+00 3.554354e-03 3.166606e-01 2.003825e-02 0.000000e+00 0.000000e+00 2.103204e-02 4.156399e-03 1.995535e-03 7.233042e-04 2.425769e-02 6.395663e-03 0.000000e+00 3.601615e-02 9.298912e-02 1.340927e-03 1.677105e-03 2.703976e-03 1.276002e-02 0.000000e+00 4.852154e-04 3.488026e-02 1.025668e+00
3.488026e-02 2.682912e-01 0.000000e+00 0.000000e+00 0.000000e+00 3.447648e-02 0.000000e+00 0.000000e+00 1.045853e-02 0.000000e+00 3.554354e-03 3.166606e-01 2.003825e-02 0.000000e+00 0.000000e+00 2.103204e-02 4.156399e-03 1.995535e-03 7.233042e-04 2.425769e-02 6.395663e-03 0.000000e+00 3.601615e-02 9.298912e-02 1.340927e-03 1.677105e-03 2.703976e-03 1.276002e-02 0.000000e+00 4.852154e-04 3.488026e-02 1.025668e+00
3.488026e-02 3.212787e-01 1.341383e-03 0.000000e+00 0.000000e+00 3.447648e-02 0.000000e+00 0.000000e+00 1.068231e-02 3.904259e-05 4.691885e-03 5.916564e-01 2.003825e-02 0.000000e+00 8.704839e-03 6.892924e-02 4.156399e-03 0.000000e+00 2.608833e-04 1.483172e-03 0.000000e+00 0.000000e+00 3.601615e-02 3.706743e-02 1.340927e-03 4.140352e-03 2.703976e-03 0.000000e+00 4.011534e-02 0.000000e+00 3.488026e-02 1.119496e+00
8.902187e-03 3.115166e-01 0.000000e+00 0.000000e+00 2.691818e-03 7.671738e-03 0.000000e+00 0.000000e+00 1.306842e-02 3.904259e-05 3.945056e-03 3.872813e-01 3.395891e-02 0.000000e+00 0.000000e+00 6.786121e-02 0.000000e+00 0.000000e+00 3.262943e-03 2.966343e-03 0.000000e+00 0.000000e+00 0.000000e+00 1.941856e-02 2.234879e-03 0.000000e+00 1.514181e-03 0.000000e+00 1.493001e-02 0.000000e+00 8.902187e-03 1.161916e+00
0.000000e+00 3.212787e-01 0.000000e+00 0.000000e+00 2.691818e-03 7.671738e-03 0.000000e+00 0.000000e+00 1.306842e-02 1.952129e-05 3.945056e-03 3.872813e-01 1.076158e-02 0.000000e+00 0.000000e+00 6.786121e-02 0.000000e+00 0.000000e+00 3.262943e-03 2.966343e-03 0.000000e+00 0.000000e+00 0.000000e+00 2.749922e-02 1.508543e-03 0.000000e+00 2.703976e-03 0.000000e+00 1.493001e-02 0.000000e+00 0.000000e+00 1.269209e+00
