6.496096e-01 6.088931e-02 1.843177e-03 1.092445e-02 0.000000e+00 0.000000e+00 1.444069e-02 2.694482e-04 1.158266e-03 1.549523e-02 9.033764e-04 2.667931e-03 2.777271e-02 5.365032e-02 0.000000e+00 0.000000e+00 2.940355e-03 2.382034e-02 5.508392e-02 0.000000e+00 1.422568e-02 0.000000e+00 8.741296e-04 0.000000e+00 0.000000e+00 8.171401e-03 0.000000e+00 1.007553e-02 1.672411e-02 1.983775e-02 6.496096e-01 -3.911451e-01
6.496096e-01 8.710199e-02 0.000000e+00 4.401551e-03 0.000000e+00 0.000000e+00 1.444069e-02 2.032562e-03 0.000000e+00 7.747617e-03 0.000000e+00 8.033389e-04 2.777271e-02 6.659979e-02 0.000000e+00 1.073703e-02 2.940355e-03 2.382034e-02 6.770732e-02 0.000000e+00 1.422568e-02 0.000000e+00 8.741296e-04 0.000000e+00 0.000000e+00 0.000000e+00 0.000000e+00 0.000000e+00 1.672411e-02 2.154420e-02 6.496096e-01 -3.858352e-01
6.472305e-01 5.193864e-02 1.843177e-03 1.092445e-02 0.000000e+00 0.000000e+00 2.914393e-03 1.916567e-02 0.000000e+00 9.684521e-03 9.033764e-04 3.213356e-03 2.777271e-02 6.659979e-02 3.175340e-02 7.844968e-05 4.410533e-03 0.000000e+00 6.196941e-02 0.000000e+00 1.422568e-02 0.000000e+00 8.741296e-04 0.000000e+00 0.000000e+00 8.171401e-03 0.000000e+00 7.988253e-03 2.110829e-02 2.998542e-02 6.472305e-01 -3.783341e-01
6.472305e-01 5.193864e-02 1.843177e-03 1.092445e-02 0.000000e+00 0.000000e+00 2.914393e-03 1.916567e-02 0.000000e+00 9.684521e-03 9.033764e-04 3.213356e-03 2.777271e-02 6.659979e-02 3.175340e-02 7.844968e-05 4.410533e-03 0.000000e+00 6.196941e-02 0.000000e+00 1.422568e-02 0.000000e+00 8.741296e-04 0.000000e+00 0.000000e+00 8.171401e-03 0.000000e+00 7.988253e-03 2.110829e-02 2.998542e-02 6.472305e-01 -3.783341e-01
6.464289e-01 3.841439e-02 1.843177e-03 1.092445e-02 0.000000e+00 0.000000e+00 1.444069e-02 1.916567e-02 1.271131e-03 7.747617e-03 1.355065e-03 3.213356e-03 2.412342e-02 5.365032e-02 0.000000e+00 3.922484e-05 4.410533e-03 2.382034e-02 5.508392e-02 0.000000e+00 1.422568e-02 0.000000e+00 8.741296e-04 0.000000e+00 0.000000e+00 8.171401e-03 0.000000e+00 1.007553e-02 1.844481e-02 1.476392e-02 6.464289e-01 -3.848813e-01
6.407461e-01 2.101526e-02 1.843177e-03 8.271045e-03 0.000000e+00 0.000000e+00 1.444069e-02 1.379771e-02 9.325375e-04 3.389582e-03 0.000000e+00 3.084398e-03 2.819177e-02 5.365032e-02 0.000000e+00 4.729773e-03 0.000000e+00 4.953895e-02 3.672262e-02 0.000000e+00 1.422568e-02 0.000000e+00 8.741296e-04 0.000000e+00 0.000000e+00 4.085700e-03 0.000000e+00 1.043638e-03 0.000000e+00 1.983775e-02 6.407461e-01 -3.615453e-01
6.407461e-01 2.101526e-02 1.843177e-03 8.271045e-03 0.000000e+00 0.000000e+00 1.444069e-02 1.379771e-02 9.325375e-04 3.389582e-03 0.000000e+00 3.084398e-03 2.819177e-02 5.365032e-02 0.000000e+00 4.729773e-03 0.000000e+00 4.953895e-02 3.672262e-02 0.000000e+00 1.422568e-02 0.000000e+00 8.741296e-04 0.000000e+00 0.000000e+00 4.085700e-03 0.000000e+00 1.043638e-03 0.000000e+00 1.983775e-02 6.407461e-01 -3.615453e-01
6.407461e-01 2.101526e-02 1.843177e-03 8.271045e-03 0.000000e+00 0.000000e+00 1.444069e-02 1.379771e-02 9.325375e-04 3.389582e-03 0.000000e+00 3.084398e-03 2.819177e-02 5.365032e-02 0.000000e+00 4.729773e-03 0.000000e+00 4.953895e-02 3.672262e-02 0.000000e+00 1.422568e-02 0.000000e+00 8.741296e-04 0.000000e+00 0.000000e+00 4.085700e-03 0.000000e+00 1.043638e-03 0.000000e+00 1.983775e-02 6.407461e-01 -3.615453e-01
6.407461e-01 2.101526e-02 1.843177e-03 8.271045e-03 0.000000e+00 0.000000e+00 1.444069e-02 1.379771e-02 9.325375e-04 3.389582e-03 0.000000e+00 3.084398e-03 2.819177e-02 5.365032e-02 0.000000e+00 4.729773e-03 0.000000e+00 4.953895e-02 3.672262e-02 0.000000e+00 1.422568e-02 0.000000e+00 8.741296e-04 0.000000e+00 0.000000e+00 4.085700e-03 0.000000e+00 1.043638e-03 0.000000e+00 1.983775e-02 6.407461e-01 -3.615453e-01
6.407461e-01 2.101526e-02 1.843177e-03 8.271045e-03 0.000000e+00 0.000000e+00 1.444069e-02 1.379771e-02 9.325375e-04 3.389582e-03 0.000000e+00 3.084398e-03 2.819177e-02 5.365032e-02 0.000000e+00 4.729773e-03 0.000000e+00 4.953895e-02 3.672262e-02 0.000000e+00 1.422568e-02 0.000000e+00 8.741296e-04 0.000000e+00 0.000000e+00 4.085700e-03 0.000000e+00 1.043638e-03 0.000000e+00 1.983775e-02 6.407461e-01 -3.615453e-01
6.382440e-01 6.896528e-02 1.670847e-03 8.439539e-03 0.000000e+00 0.000000e+00 1.444069e-02 3.795675e-03 9.325375e-04 7.747617e-03 0.000000e+00 3.213356e-03 3.507128e-02 5.365032e-02 0.000000e+00 0.000000e+00 0.000000e+00 3.762878e-02 5.508392e-02 0.000000e+00 1.173568e-02 0.000000e+00 8.741296e-04 0.000000e+00 0.000000e+00 0.000000e+00 1.271460e-02 1.425008e-02 2.004927e-02 2.998542e-02 6.382440e-01 -3.219260e-01
6.382440e-01 6.896528e-02 1.670847e-03 8.439539e-03 0.000000e+00 0.000000e+00 1.444069e-02 3.795675e-03 9.325375e-04 7.747617e-03 0.000000e+00 3.213356e-03 3.507128e-02 5.365032e-02 0.000000e+00 0.000000e+00 0.000000e+00 3.762878e-02 5.508392e-02 0.000000e+00 1.173568e-02 0.000000e+00 8.741296e-04 0.000000e+00 0.000000e+00 0.000000e+00 1.271460e-02 1.425008e-02 2.004927e-02 2.998542e-02 6.382440e-01 -3.219260e-01
6.355742e-01 6.088931e-02 1.843177e-03 1.214054e-02 0.000000e+00 0.000000e+00 1.444069e-02 2.694482e-04 0.000000e+00 4.842260e-03 4.516882e-04 3.213356e-03 3.507128e-02 5.365032e-02 1.587670e-02 3.922484e-05 2.205267e-03 2.382034e-02 4.819843e-02 0.000000e+00 1.422568e-02 0.000000e+00 8.741296e-04 0.000000e+00 0.000000e+00 4.085700e-03 0.000000e+00 1.007553e-02 1.844481e-02 1.813131e-02 6.355742e-01 -3.035939e-01
6.337284e-01 1.653992e-02 7.390360e-03 1.020579e-02 0.000000e+00 0.000000e+00 7.220346e-03 2.694482e-04 0.000000e+00 5.326486e-03 2.258441e-04 2.410017e-03 3.184106e-02 5.365032e-02 7.938350e-03 5.397933e-03 1.102633e-03 3.762878e-02 5.164118e-02 0.000000e+00 1.298068e-02 0.000000e+00 8.741296e-04 0.000000e+00 0.000000e+00 2.042850e-03 0.000000e+00 5.037765e-03 0.000000e+00 1.983775e-02 6.337284e-01 -2.958408e-01
6.337284e-01 1.653992e-02 7.390360e-03 1.020579e-02 0.000000e+00 0.000000e+00 7.220346e-03 2.694482e-04 0.000000e+00 5.326486e-03 2.258441e-04 2.410017e-03 3.184106e-02 5.365032e-02 7.938350e-03 5.397933e-03 1.102633e-03 3.762878e-02 5.164118e-02 0.000000e+00 1.298068e-02 0.000000e+00 8.741296e-04 0.000000e+00 0.000000e+00 2.042850e-03 0.000000e+00 5.037765e-03 0.000000e+00 1.983775e-02 6.337284e-01 -2.958408e-01
6.318826e-01 0.000000e+00 1.293754e-02 5.493345e-03 0.000000e+00 0.000000e+00 0.000000e+00 0.000000e+00 0.000000e+00 4.358034e-03 0.000000e+00 2.410017e-03 2.861083e-02 5.365032e-02 0.000000e+00 1.075664e-02 2.385334e-03 3.762878e-02 5.164118e-02 0.000000e+00 5.867842e-03 0.000000e+00 8.741296e-04 0.000000e+00 0.000000e+00 0.000000e+00 0.000000e+00 0.000000e+00 0.000000e+00 3.405893e-02 6.318826e-01 -2.797200e-01
6.318826e-01 0.000000e+00 1.293754e-02 5.493345e-03 0.000000e+00 0.000000e+00 0.000000e+00 0.000000e+00 0.000000e+00 4.358034e-03 0.000000e+00 2.410017e-03 2.861083e-02 5.365032e-02 0.000000e+00 1.075664e-02 2.385334e-03 3.762878e-02 5.164118e-02 0.000000e+00 5.867842e-03 0.000000e+00 8.741296e-04 0.000000e+00 0.000000e+00 0.000000e+00 0.000000e+00 0.000000e+00 0.000000e+00 3.405893e-02 6.318826e-01 -2.797200e-01
6.318826e-01 0.000000e+00 1.293754e-02 5.493345e-03 0.000000e+00 0.000000e+00 0.000000e+00 0.000000e+00 0.000000e+00 4.358034e-03 0.000000e+00 2.410017e-03 2.861083e-02 5.365032e-02 0.000000e+00 1.075664e-02 2.385334e-03 3.762878e-02 5.164118e-02 0.000000e+00 5.867842e-03 0.000000e+00 8.741296e-04 0.000000e+00 0.000000e+00 0.000000e+00 0.000000e+00 0.000000e+00 0.000000e+00 3.405893e-02 6.318826e-01 -2.797200e-01
6.318826e-01 0.000000e+00 1.293754e-02 5.493345e-03 0.000000e+00 0.000000e+00 0.000000e+00 0.000000e+00 0.000000e+00 4.358034e-03 0.000000e+00 2.410017e-03 2.861083e-02 5.365032e-02 0.000000e+00 1.075664e-02 2.385334e-03 3.762878e-02 5.164118e-02 0.000000e+00 5.867842e-03 0.000000e+00 8.741296e-04 0.000000e+00 0.000000e+00 0.000000e+00 0.000000e+00 0.000000e+00 0.000000e+00 3.405893e-02 6.318826e-01 -2.797200e-01
6.291932e-01 0.000000e+00 1.247675e-02 6.882195e-03 0.000000e+00 0.000000e+00 0.000000e+00 2.020862e-04 0.000000e+00 2.784300e-03 0.000000e+00 3.168678e-03 2.773728e-02 6.706290e-02 1.574328e-04 8.057674e-03 4.037431e-03 2.822159e-02 3.078384e-02 0.000000e+00 0.000000e+00 0.000000e+00 2.119371e-02 0.000000e+00 0.000000e+00 0.000000e+00 1.158780e-03 8.150990e-03 2.606438e-03 2.445977e-02 6.291932e-01 -2.454840e-01
6.584622e-01 3.098726e-02 6.468772e-03 2.143260e-02 0.000000e+00 0.000000e+00 1.501533e-02 4.855547e-03 0.000000e+00 0.000000e+00 4.249781e-03 3.927339e-03 2.416144e-02 1.852452e-03 0.000000e+00 0.000000e+00 4.770667e-03 4.514788e-02 1.097029e-02 1.169756e-03 8.894751e-03 0.000000e+00 1.748259e-03 9.094059e-03 0.000000e+00 0.000000e+00 4.635119e-03 1.259441e-03 7.790887e-03 3.405893e-02 6.584622e-01 -4.015110e-01
6.283497e-01 0.000000e+00 6.468772e-03 6.882195e-03 0.000000e+00 0.000000e+00 0.000000e+00 2.020862e-04 0.000000e+00 2.179017e-03 0.000000e+00 3.927339e-03 3.009396e-02 6.706290e-02 1.574328e-04 0.000000e+00 4.037431e-03 1.881439e-02 3.078384e-02 0.000000e+00 0.000000e+00 0.000000e+00 4.151330e-02 0.000000e+00 0.000000e+00 0.000000e+00 2.317559e-03 8.150990e-03 5.212876e-03 2.445977e-02 6.283497e-01 -2.333635e-01
6.263188e-01 6.266601e-02 0.000000e+00 8.271045e-03 0.000000e+00 0.000000e+00 0.000000e+00 2.694482e-04 0.000000e+00 0.000000e+00 0.000000e+00 0.000000e+00 1.971206e-02 0.000000e+00 0.000000e+00 0.000000e+00 0.000000e+00 3.762878e-02 0.000000e+00 0.000000e+00 2.329096e-03 0.000000e+00 0.000000e+00 0.000000e+00 0.000000e+00 0.000000e+00 4.635119e-03 2.518882e-03 1.042575e-02 3.405893e-02 6.263188e-01 -2.177038e-01
6.263188e-01 6.266601e-02 0.000000e+00 8.271045e-03 0.000000e+00 0.000000e+00 0.000000e+00 2.694482e-04 0.000000e+00 0.000000e+00 0.000000e+00 0.000000e+00 1.971206e-02 0.000000e+00 0.000000e+00 0.000000e+00 0.000000e+00 3.762878e-02 0.000000e+00 0.000000e+00 2.329096e-03 0.000000e+00 0.000000e+00 0.000000e+00 0.000000e+00 0.000000e+00 4.635119e-03 2.518882e-03 1.042575e-02 3.405893e-02 6.263188e-01 -2.177038e-01
6.263188e-01 4.717238e-02 0.000000e+00 0.000000e+00 0.000000e+00 2.858320e-02 0.000000e+00 0.000000e+00 0.000000e+00 0.000000e+00 0.000000e+00 0.000000e+00 3.528491e-02 0.000000e+00 0.000000e+00 0.000000e+00 8.348667e-03 0.000000e+00 0.000000e+00 0.000000e+00 8.156420e-04 0.000000e+00 4.370648e-04 0.000000e+00 0.000000e+00 4.939943e-02 4.635119e-03 2.518882e-03 1.042575e-02 3.405893e-02 6.263188e-01 -2.102148e-01
6.263188e-01 4.717238e-02 0.000000e+00 0.000000e+00 0.000000e+00 2.858320e-02 0.000000e+00 0.000000e+00 0.000000e+00 0.000000e+00 0.000000e+00 0.000000e+00 3.528491e-02 0.000000e+00 0.000000e+00 0.000000e+00 8.348667e-03 0.000000e+00 0.000000e+00 0.000000e+00 8.156420e-04 0.000000e+00 4.370648e-04 0.000000e+00 0.000000e+00 4.939943e-02 4.635119e-03 2.518882e-03 1.042575e-02 3.405893e-02 6.263188e-01 -2.102148e-01
6.263188e-01 4.717238e-02 0.000000e+00 0.000000e+00 0.000000e+00 2.858320e-02 0.000000e+00 0.000000e+00 0.000000e+00 0.000000e+00 0.000000e+00 0.000000e+00 3.528491e-02 0.000000e+00 0.000000e+00 0.000000e+00 8.348667e-03 0.000000e+00 0.000000e+00 0.000000e+00 8.156420e-04 0.000000e+00 4.370648e-04 0.000000e+00 0.000000e+00 4.939943e-02 4.635119e-03 2.518882e-03 1.042575e-02 3.405893e-02 6.263188e-01 -2.102148e-01
6.263188e-01 4.717238e-02 0.000000e+00 0.000000e+00 0.000000e+00 2.858320e-02 0.000000e+00 0.000000e+00 0.000000e+00 0.000000e+00 0.000000e+00 0.000000e+00 3.528491e-02 0.000000e+00 0.000000e+00 0.000000e+00 8.348667e-03 0.000000e+00 0.000000e+00 0.000000e+00 8.156420e-04 0.000000e+00 4.370648e-04 0.000000e+00 0.000000e+00 4.939943e-02 4.635119e-03 2.518882e-03 1.042575e-02 3.405893e-02 6.263188e-01 -2.102148e-01
6.238014e-01 6.536353e-02 1.293754e-02 3.221138e-02 0.000000e+00 7.975871e-03 0.000000e+00 6.736206e-05 0.000000e+00 0.000000e+00 0.000000e+00 0.000000e+00 1.396493e-02 4.694403e-02 2.361492e-04 1.066823e-02 0.000000e+00 3.762878e-02 0.000000e+00 0.000000e+00 3.916499e-03 2.394129e-02 0.000000e+00 0.000000e+00 0.000000e+00 0.000000e+00 0.000000e+00 1.348593e-02 1.432120e-02 1.966019e-02 6.238014e-01 -1.561902e-01
6.238014e-01 6.536353e-02 1.293754e-02 2.947170e-02 0.000000e+00 1.429160e-02 0.000000e+00 6.736206e-05 0.000000e+00 0.000000e+00 0.000000e+00 0.000000e+00 2.026823e-02 4.694403e-02 2.361492e-04 1.066823e-02 0.000000e+00 3.762878e-02 0.000000e+00 0.000000e+00 2.569981e-03 2.394129e-02 0.000000e+00 0.000000e+00 0.000000e+00 0.000000e+00 2.317559e-03 6.594377e-03 1.432120e-02 1.966019e-02 6.238014e-01 -1.554254e-01
6.238014e-01 6.536353e-02 1.293754e-02 2.947170e-02 0.000000e+00 1.429160e-02 0.000000e+00 6.736206e-05 0.000000e+00 0.000000e+00 0.000000e+00 0.000000e+00 2.026823e-02 4.694403e-02 2.361492e-04 1.066823e-02 0.000000e+00 3.762878e-02 0.000000e+00 0.000000e+00 2.569981e-03 2.394129e-02 0.000000e+00 0.000000e+00 0.000000e+00 0.000000e+00 2.317559e-03 6.594377e-03 1.432120e-02 1.966019e-02 6.238014e-01 -1.554254e-01
6.225426e-01 7.176158e-02 1.293754e-02 4.694722e-02 0.000000e+00 1.429160e-02 0.000000e+00 1.010431e-04 0.000000e+00 0.000000e+00 2.134503e-02 0.000000e+00 2.026823e-02 7.041605e-02 2.361492e-04 1.600234e-02 0.000000e+00 3.762878e-02 4.963254e-03 0.000000e+00 4.793669e-03 2.394129e-02 0.000000e+00 0.000000e+00 0.000000e+00 0.000000e+00 0.000000e+00 1.552367e-02 1.626892e-02 1.006102e-02 6.225426e-01 -1.197967e-01
6.225426e-01 7.176158e-02 1.293754e-02 4.694722e-02 0.000000e+00 1.429160e-02 0.000000e+00 1.010431e-04 0.000000e+00 0.000000e+00 2.134503e-02 0.000000e+00 2.026823e-02 7.041605e-02 2.361492e-04 1.600234e-02 0.000000e+00 3.762878e-02 4.963254e-03 0.000000e+00 4.793669e-03 2.394129e-02 0.000000e+00 0.000000e+00 0.000000e+00 0.000000e+00 0.000000e+00 1.552367e-02 1.626892e-02 1.006102e-02 6.225426e-01 -1.197967e-01
4.475318e-01 2.139590e-02 0.000000e+00 5.479363e-03 0.000000e+00 1.595174e-02 0.000000e+00 3.823205e-04 0.000000e+00 0.000000e+00 0.000000e+00 2.650082e-03 2.267831e-02 0.000000e+00 3.148656e-04 0.000000e+00 0.000000e+00 0.000000e+00 1.001912e-02 0.000000e+00 0.000000e+00 0.000000e+00 0.000000e+00 0.000000e+00 8.336287e-04 0.000000e+00 0.000000e+00 5.199345e-04 0.000000e+00 1.486061e-02 4.475318e-01 -9.545478e-02
4.475318e-01 2.139590e-02 0.000000e+00 5.479363e-03 0.000000e+00 1.595174e-02 0.000000e+00 3.823205e-04 0.000000e+00 0.000000e+00 0.000000e+00 2.650082e-03 2.267831e-02 0.000000e+00 3.148656e-04 0.000000e+00 0.000000e+00 0.000000e+00 1.001912e-02 0.000000e+00 0.000000e+00 0.000000e+00 0.000000e+00 0.000000e+00 8.336287e-04 0.000000e+00 0.000000e+00 5.199345e-04 0.000000e+00 1.486061e-02 4.475318e-01 -9.545478e-02
4.475318e-01 2.139590e-02 0.000000e+00 5.479363e-03 0.000000e+00 1.595174e-02 0.000000e+00 3.823205e-04 0.000000e+00 0.000000e+00 0.000000e+00 2.650082e-03 2.267831e-02 0.000000e+00 3.148656e-04 0.000000e+00 0.000000e+00 0.000000e+00 1.001912e-02 0.000000e+00 0.000000e+00 0.000000e+00 0.000000e+00 0.000000e+00 8.336287e-04 0.000000e+00 0.000000e+00 5.199345e-04 0.000000e+00 1.486061e-02 4.475318e-01 -9.545478e-02
4.475318e-01 2.139590e-02 0.000000e+00 5.479363e-03 0.000000e+00 1.595174e-02 0.000000e+00 3.823205e-04 0.000000e+00 0.000000e+00 0.000000e+00 2.650082e-03 2.267831e-02 0.000000e+00 3.148656e-04 0.000000e+00 0.000000e+00 0.000000e+00 1.001912e-02 0.000000e+00 0.000000e+00 0.000000e+00 0.000000e+00 0.000000e+00 8.336287e-04 0.000000e+00 0.000000e+00 5.199345e-04 0.000000e+00 1.486061e-02 4.475318e-01 -9.545478e-02
4.475318e-01 2.139590e-02 0.000000e+00 5.479363e-03 0.000000e+00 1.595174e-02 0.000000e+00 3.823205e-04 0.000000e+00 0.000000e+00 0.000000e+00 2.650082e-03 2.267831e-02 0.000000e+00 3.148656e-04 0.000000e+00 0.000000e+00 0.000000e+00 1.001912e-02 0.000000e+00 0.000000e+00 0.000000e+00 0.000000e+00 0.000000e+00 8.336287e-04 0.000000e+00 0.000000e+00 5.199345e-04 0.000000e+00 1.486061e-02 4.475318e-01 -9.545478e-02
4.475318e-01 2.139590e-02 0.000000e+00 5.479363e-03 0.000000e+00 1.595174e-02 0.000000e+00 3.823205e-04 0.000000e+00 0.000000e+00 0.000000e+00 2.650082e-03 2.267831e-02 0.000000e+00 3.148656e-04 0.000000e+00 0.000000e+00 0.000000e+00 1.001912e-02 0.000000e+00 0.000000e+00 0.000000e+00 0.000000e+00 0.000000e+00 8.336287e-04 0.000000e+00 0.000000e+00 5.199345e-04 0.000000e+00 1.486061e-02 4.475318e-01 -9.545478e-02
4.475318e-01 2.139590e-02 0.000000e+00 5.479363e-03 0.000000e+00 1.595174e-02 0.000000e+00 3.823205e-04 0.000000e+00 0.000000e+00 0.000000e+00 2.650082e-03 2.267831e-02 0.000000e+00 3.148656e-04 0.000000e+00 0.000000e+00 0.000000e+00 1.001912e-02 0.000000e+00 0.000000e+00 0.000000e+00 0.000000e+00 0.000000e+00 8.336287e-04 0.000000e+00 0.000000e+00 5.199345e-04 0.000000e+00 1.486061e-02 4.475318e-01 -9.545478e-02
4.475318e-01 2.139590e-02 0.000000e+00 5.479363e-03 0.000000e+00 1.595174e-02 0.000000e+00 3.823205e-04 0.000000e+00 0.000000e+00 0.000000e+00 2.650082e-03 2.267831e-02 0.000000e+00 3.148656e-04 0.000000e+00 0.000000e+00 0.000000e+00 1.001912e-02 0.000000e+00 0.000000e+00 0.000000e+00 0.000000e+00 0.000000e+00 8.336287e-04 0.000000e+00 0.000000e+00 5.199345e-04 0.000000e+00 1.486061e-02 4.475318e-01 -9.545478e-02
4.475318e-01 2.139590e-02 0.000000e+00 5.479363e-03 0.000000e+00 1.595174e-02 0.000000e+00 3.823205e-04 0.000000e+00 0.000000e+00 0.000000e+00 2.650082e-03 2.267831e-02 0.000000e+00 3.148656e-04 0.000000e+00 0.000000e+00 0.000000e+00 1.001912e-02 0.000000e+00 0.000000e+00 0.000000e+00 0.000000e+00 0.000000e+00 8.336287e-04 0.000000e+00 0.000000e+00 5.199345e-04 0.000000e+00 1.486061e-02 4.475318e-01 -9.545478e-02
4.431414e-01 0.000000e+00 0.000000e+00 5.479363e-03 0.000000e+00 2.392761e-02 0.000000e+00 2.184689e-04 0.000000e+00 0.000000e+00 0.000000e+00 0.000000e+00 2.567784e-02 7.768656e-04 3.148656e-04 0.000000e+00 0.000000e+00 0.000000e+00 9.926508e-03 1.154943e-03 2.817998e-03 0.000000e+00 0.000000e+00 0.000000e+00 8.336287e-04 0.000000e+00 0.000000e+00 0.000000e+00 0.000000e+00 1.486061e-02 4.431414e-01 -8.072045e-02
4.431414e-01 0.000000e+00 0.000000e+00 5.479363e-03 0.000000e+00 2.392761e-02 0.000000e+00 2.184689e-04 0.000000e+00 0.000000e+00 0.000000e+00 0.000000e+00 2.567784e-02 7.768656e-04 3.148656e-04 0.000000e+00 0.000000e+00 0.000000e+00 9.926508e-03 1.154943e-03 2.817998e-03 0.000000e+00 0.000000e+00 0.000000e+00 8.336287e-04 0.000000e+00 0.000000e+00 0.000000e+00 0.000000e+00 1.486061e-02 4.431414e-01 -8.072045e-02
4.400053e-01 0.000000e+00 7.018289e-03 7.932502e-03 0.000000e+00 2.791555e-02 0.000000e+00 3.277033e-04 0.000000e+00 0.000000e+00 0.000000e+00 0.000000e+00 2.567784e-02 9.322387e-04 5.510148e-04 0.000000e+00 0.000000e+00 0.000000e+00 1.011173e-02 1.732414e-03 2.472658e-03 0.000000e+00 0.000000e+00 0.000000e+00 0.000000e+00 0.000000e+00 0.000000e+00 1.734185e-02 0.000000e+00 2.229091e-02 4.400053e-01 -5.591781e-02
4.400053e-01 3.289879e-02 0.000000e+00 6.705932e-03 9.036694e-03 3.449790e-02 0.000000e+00 2.184689e-04 0.000000e+00 8.227972e-04 0.000000e+00 0.000000e+00 2.417808e-02 0.000000e+00 1.574328e-04 6.830249e-03 0.000000e+00 4.114611e-04 2.224741e-02 9.624524e-06 3.152155e-02 0.000000e+00 0.000000e+00 0.000000e+00 3.671230e-03 0.000000e+00 0.000000e+00 0.000000e+00 0.000000e+00 7.430303e-03 4.400053e-01 -4.410103e-02
4.400053e-01 3.289879e-02 0.000000e+00 6.705932e-03 9.036694e-03 3.449790e-02 0.000000e+00 2.184689e-04 0.000000e+00 8.227972e-04 0.000000e+00 0.000000e+00 2.417808e-02 0.000000e+00 1.574328e-04 6.830249e-03 0.000000e+00 4.114611e-04 2.224741e-02 9.624524e-06 3.152155e-02 0.000000e+00 0.000000e+00 0.000000e+00 3.671230e-03 0.000000e+00 0.000000e+00 0.000000e+00 0.000000e+00 7.430303e-03 4.400053e-01 -4.410103e-02
4.361908e-01 4.440169e-02 0.000000e+00 0.000000e+00 1.355504e-02 3.709231e-02 3.405388e-03 4.083287e-04 2.004153e-02 1.645594e-03 0.000000e+00 0.000000e+00 2.417808e-02 0.000000e+00 0.000000e+00 1.366050e-02 6.008815e-04 8.229223e-04 0.000000e+00 1.924905e-05 5.541623e-03 3.954413e-03 0.000000e+00 0.000000e+00 6.508831e-03 0.000000e+00 2.167015e-03 5.205212e-03 5.905695e-04 8.359091e-03 4.361908e-01 -1.600330e-02
4.361908e-01 4.440169e-02 0.000000e+00 0.000000e+00 1.355504e-02 3.709231e-02 3.405388e-03 4.083287e-04 2.004153e-02 1.645594e-03 0.000000e+00 0.000000e+00 2.417808e-02 0.000000e+00 0.000000e+00 1.366050e-02 6.008815e-04 8.229223e-04 0.000000e+00 1.924905e-05 5.541623e-03 3.954413e-03 0.000000e+00 0.000000e+00 6.508831e-03 0.000000e+00 2.167015e-03 5.205212e-03 5.905695e-04 8.359091e-03 4.361908e-01 -1.600330e-02
4.324787e-01 4.700472e-02 0.000000e+00 1.115589e-04 4.518347e-03 4.392794e-02 3.405388e-03 2.990943e-04 0.000000e+00 2.065886e-03 0.000000e+00 1.296351e-04 4.294635e-03 0.000000e+00 0.000000e+00 3.438108e-03 7.511019e-04 5.022266e-04 1.011173e-02 1.280062e-03 2.206964e-02 7.908826e-03 0.000000e+00 1.220026e-02 0.000000e+00 0.000000e+00 0.000000e+00 5.205212e-03 2.818809e-03 1.418254e-03 4.324787e-01 1.013484e-02
4.324787e-01 4.700472e-02 0.000000e+00 1.115589e-04 4.518347e-03 4.392794e-02 3.405388e-03 2.990943e-04 0.000000e+00 2.065886e-03 0.000000e+00 1.296351e-04 4.294635e-03 0.000000e+00 0.000000e+00 3.438108e-03 7.511019e-04 5.022266e-04 1.011173e-02 1.280062e-03 2.206964e-02 7.908826e-03 0.000000e+00 1.220026e-02 0.000000e+00 0.000000e+00 0.000000e+00 5.205212e-03 2.818809e-03 1.418254e-03 4.324787e-01 1.013484e-02
4.324787e-01 4.700472e-02 0.000000e+00 1.115589e-04 4.518347e-03 4.392794e-02 3.405388e-03 2.990943e-04 0.000000e+00 2.065886e-03 0.000000e+00 1.296351e-04 4.294635e-03 0.000000e+00 0.000000e+00 3.438108e-03 7.511019e-04 5.022266e-04 1.011173e-02 1.280062e-03 2.206964e-02 7.908826e-03 0.000000e+00 1.220026e-02 0.000000e+00 0.000000e+00 0.000000e+00 5.205212e-03 2.818809e-03 1.418254e-03 4.324787e-01 1.013484e-02
4.285315e-01 5.170879e-02 1.582076e-02 6.482814e-03 1.807339e-02 5.335799e-02 6.810776e-03 3.797197e-04 0.000000e+00 3.308974e-03 0.000000e+00 0.000000e+00 1.558881e-02 0.000000e+00 6.297312e-04 4.596661e-05 0.000000e+00 5.929920e-04 1.059682e-02 2.550499e-03 0.000000e+00 0.000000e+00 0.000000e+00 1.917019e-02 0.000000e+00 0.000000e+00 9.917978e-04 1.041042e-02 6.173771e-03 8.308947e-03 4.285315e-01 5.930466e-02
4.262920e-01 6.790405e-02 0.000000e+00 0.000000e+00 9.036694e-03 5.335799e-02 6.098151e-05 3.797197e-04 2.732141e-02 1.652025e-03 5.035914e-03 0.000000e+00 0.000000e+00 9.291245e-05 0.000000e+00 1.763602e-02 7.317186e-04 5.929920e-04 0.000000e+00 2.550499e-03 6.308864e-03 7.908826e-03 0.000000e+00 2.178535e-02 6.002680e-03 0.000000e+00 9.917978e-04 1.041042e-02 4.946020e-03 0.000000e+00 4.262920e-01 8.527739e-02
4.247473e-01 4.700472e-02 1.582076e-02 3.966251e-03 1.807339e-02 7.975871e-03 0.000000e+00 1.638516e-04 0.000000e+00 3.160520e-04 0.000000e+00 1.568595e-02 0.000000e+00 3.132278e-03 2.755074e-04 1.102930e-02 3.004407e-04 2.964960e-04 1.011173e-02 2.550499e-03 4.007141e-03 1.581765e-02 0.000000e+00 4.357070e-02 0.000000e+00 2.791205e-03 0.000000e+00 1.041042e-02 2.362278e-03 2.600606e-02 4.247473e-01 1.013282e-01
4.212516e-01 4.440169e-02 1.093091e-02 0.000000e+00 0.000000e+00 3.709231e-02 0.000000e+00 0.000000e+00 2.004153e-02 1.645594e-03 0.000000e+00 0.000000e+00 0.000000e+00 2.013049e-03 0.000000e+00 1.366050e-02 6.008815e-04 8.229223e-04 0.000000e+00 1.924905e-05 5.541623e-03 0.000000e+00 0.000000e+00 0.000000e+00 6.508831e-03 0.000000e+00 2.167015e-03 0.000000e+00 4.724556e-03 0.000000e+00 4.212516e-01 1.218025e-01
4.212516e-01 4.440169e-02 1.701454e-02 0.000000e+00 0.000000e+00 3.709231e-02 0.000000e+00 0.000000e+00 2.004153e-02 0.000000e+00 0.000000e+00 0.000000e+00 0.000000e+00 2.013049e-03 0.000000e+00 1.366050e-02 7.874455e-04 3.942546e-02 0.000000e+00 0.000000e+00 4.842589e-05 0.000000e+00 0.000000e+00 9.875497e-03 8.750945e-03 3.819978e-03 1.083508e-03 0.000000e+00 4.724556e-03 0.000000e+00 4.212516e-01 1.329618e-01
4.212516e-01 4.440169e-02 1.701454e-02 0.000000e+00 0.000000e+00 3.709231e-02 0.000000e+00 0.000000e+00 2.004153e-02 0.000000e+00 0.000000e+00 0.000000e+00 0.000000e+00 2.013049e-03 0.000000e+00 1.366050e-02 7.874455e-04 3.942546e-02 0.000000e+00 0.000000e+00 4.842589e-05 0.000000e+00 0.000000e+00 9.875497e-03 8.750945e-03 3.819978e-03 1.083508e-03 0.000000e+00 4.724556e-03 0.000000e+00 4.212516e-01 1.329618e-01
4.212516e-01 4.440169e-02 1.701454e-02 0.000000e+00 0.000000e+00 3.709231e-02 0.000000e+00 0.000000e+00 2.004153e-02 0.000000e+00 0.000000e+00 0.000000e+00 0.000000e+00 2.013049e-03 0.000000e+00 1.366050e-02 7.874455e-04 3.942546e-02 0.000000e+00 0.000000e+00 4.842589e-05 0.000000e+00 0.000000e+00 9.875497e-03 8.750945e-03 3.819978e-03 1.083508e-03 0.000000e+00 4.724556e-03 0.000000e+00 4.212516e-01 1.329618e-01
4.212516e-01 4.440169e-02 1.701454e-02 0.000000e+00 0.000000e+00 3.709231e-02 0.000000e+00 0.000000e+00 2.004153e-02 0.000000e+00 0.000000e+00 0.000000e+00 0.000000e+00 2.013049e-03 0.000000e+00 1.366050e-02 7.874455e-04 3.942546e-02 0.000000e+00 0.000000e+00 4.842589e-05 0.000000e+00 0.000000e+00 9.875497e-03 8.750945e-03 3.819978e-03 1.083508e-03 0.000000e+00 4.724556e-03 0.000000e+00 4.212516e-01 1.329618e-01
4.136226e-01 6.790405e-02 0.000000e+00 0.000000e+00 9.036694e-03 5.335799e-02 6.810776e-03 3.797197e-04 2.732141e-02 3.308974e-03 0.000000e+00 7.842973e-03 0.000000e+00 0.000000e+00 0.000000e+00 4.596661e-05 7.511019e-04 5.929920e-04 0.000000e+00 2.550499e-03 6.308864e-03 7.908826e-03 0.000000e+00 2.178535e-02 6.508831e-03 0.000000e+00 9.917978e-04 1.041042e-02 5.905695e-03 1.857576e-03 4.136226e-01 2.365023e-01
2.607588e-01 5.129102e-04 3.142452e-03 0.000000e+00 0.000000e+00 0.000000e+00 0.000000e+00 2.470779e-04 3.981490e-03 2.572308e-05 1.007183e-03 0.000000e+00 1.582827e-03 1.920137e-03 0.000000e+00 0.000000e+00 9.692848e-04 0.000000e+00 0.000000e+00 0.000000e+00 5.541623e-03 0.000000e+00 0.000000e+00 1.183721e-02 6.057058e-03 5.213998e-03 0.000000e+00 7.029667e-04 5.167483e-03 0.000000e+00 2.607588e-01 2.544355e-01
2.607588e-01 5.129102e-04 3.142452e-03 0.000000e+00 0.000000e+00 0.000000e+00 0.000000e+00 2.470779e-04 3.981490e-03 2.572308e-05 1.007183e-03 0.000000e+00 1.582827e-03 1.920137e-03 0.000000e+00 0.000000e+00 9.692848e-04 0.000000e+00 0.000000e+00 0.000000e+00 5.541623e-03 0.000000e+00 0.000000e+00 1.183721e-02 6.057058e-03 5.213998e-03 0.000000e+00 7.029667e-04 5.167483e-03 0.000000e+00 2.607588e-01 2.544355e-01
2.607588e-01 5.129102e-04 3.142452e-03 0.000000e+00 0.000000e+00 0.000000e+00 0.000000e+00 2.470779e-04 3.981490e-03 2.572308e-05 1.007183e-03 0.000000e+00 1.582827e-03 1.920137e-03 0.000000e+00 0.000000e+00 9.692848e-04 0.000000e+00 0.000000e+00 0.000000e+00 5.541623e-03 0.000000e+00 0.000000e+00 1.183721e-02 6.057058e-03 5.213998e-03 0.000000e+00 7.029667e-04 5.167483e-03 0.000000e+00 2.607588e-01 2.544355e-01
2.607588e-01 5.129102e-04 3.142452e-03 0.000000e+00 0.000000e+00 0.000000e+00 0.000000e+00 2.470779e-04 3.981490e-03 2.572308e-05 1.007183e-03 0.000000e+00 1.582827e-03 1.920137e-03 0.000000e+00 0.000000e+00 9.692848e-04 0.000000e+00 0.000000e+00 0.000000e+00 5.541623e-03 0.000000e+00 0.000000e+00 1.183721e-02 6.057058e-03 5.213998e-03 0.000000e+00 7.029667e-04 5.167483e-03 0.000000e+00 2.607588e-01 2.544355e-01
2.607588e-01 5.129102e-04 3.142452e-03 0.000000e+00 0.000000e+00 0.000000e+00 0.000000e+00 2.470779e-04 3.981490e-03 2.572308e-05 1.007183e-03 0.000000e+00 1.582827e-03 1.920137e-03 0.000000e+00 0.000000e+00 9.692848e-04 0.000000e+00 0.000000e+00 0.000000e+00 5.541623e-03 0.000000e+00 0.000000e+00 1.183721e-02 6.057058e-03 5.213998e-03 0.000000e+00 7.029667e-04 5.167483e-03 0.000000e+00 2.607588e-01 2.544355e-01
2.607588e-01 5.129102e-04 3.142452e-03 0.000000e+00 0.000000e+00 0.000000e+00 0.000000e+00 2.470779e-04 3.981490e-03 2.572308e-05 1.007183e-03 0.000000e+00 1.582827e-03 1.920137e-03 0.000000e+00 0.000000e+00 9.692848e-04 0.000000e+00 0.000000e+00 0.000000e+00 5.541623e-03 0.000000e+00 0.000000e+00 1.183721e-02 6.057058e-03 5.213998e-03 0.000000e+00 7.029667e-04 5.167483e-03 0.000000e+00 2.607588e-01 2.544355e-01
2.607588e-01 5.129102e-04 3.142452e-03 0.000000e+00 0.000000e+00 0.000000e+00 0.000000e+00 2.470779e-04 3.981490e-03 2.572308e-05 1.007183e-03 0.000000e+00 1.582827e-03 1.920137e-03 0.000000e+00 0.000000e+00 9.692848e-04 0.000000e+00 0.000000e+00 0.000000e+00 5.541623e-03 0.000000e+00 0.000000e+00 1.183721e-02 6.057058e-03 5.213998e-03 0.000000e+00 7.029667e-04 5.167483e-03 0.000000e+00 2.607588e-01 2.544355e-01
2.607588e-01 5.129102e-04 3.142452e-03 0.000000e+00 0.000000e+00 0.000000e+00 0.000000e+00 2.470779e-04 3.981490e-03 2.572308e-05 1.007183e-03 0.000000e+00 1.582827e-03 1.920137e-03 0.000000e+00 0.000000e+00 9.692848e-04 0.000000e+00 0.000000e+00 0.000000e+00 5.541623e-03 0.000000e+00 0.000000e+00 1.183721e-02 6.057058e-03 5.213998e-03 0.000000e+00 7.029667e-04 5.167483e-03 0.000000e+00 2.607588e-01 2.544355e-01
2.607588e-01 5.129102e-04 3.142452e-03 0.000000e+00 0.000000e+00 0.000000e+00 0.000000e+00 2.470779e-04 3.981490e-03 2.572308e-05 1.007183e-03 0.000000e+00 1.582827e-03 1.920137e-03 0.000000e+00 0.000000e+00 9.692848e-04 0.000000e+00 0.000000e+00 0.000000e+00 5.541623e-03 0.000000e+00 0.000000e+00 1.183721e-02 6.057058e-03 5.213998e-03 0.000000e+00 7.029667e-04 5.167483e-03 0.000000e+00 2.607588e-01 2.544355e-01
2.607588e-01 5.129102e-04 3.142452e-03 0.000000e+00 0.000000e+00 0.000000e+00 0.000000e+00 2.470779e-04 3.981490e-03 2.572308e-05 1.007183e-03 0.000000e+00 1.582827e-03 1.920137e-03 0.000000e+00 0.000000e+00 9.692848e-04 0.000000e+00 0.000000e+00 0.000000e+00 5.541623e-03 0.000000e+00 0.000000e+00 1.183721e-02 6.057058e-03 5.213998e-03 0.000000e+00 7.029667e-04 5.167483e-03 0.000000e+00 2.607588e-01 2.544355e-01
2.607588e-01 5.129102e-04 3.142452e-03 0.000000e+00 0.000000e+00 0.000000e+00 0.000000e+00 2.470779e-04 3.981490e-03 2.572308e-05 1.007183e-03 0.000000e+00 1.582827e-03 1.920137e-03 0.000000e+00 0.000000e+00 9.692848e-04 0.000000e+00 0.000000e+00 0.000000e+00 5.541623e-03 0.000000e+00 0.000000e+00 1.183721e-02 6.057058e-03 5.213998e-03 0.000000e+00 7.029667e-04 5.167483e-03 0.000000e+00 2.607588e-01 2.544355e-01
2.506781e-01 5.129102e-04 9.239266e-03 0.000000e+00 0.000000e+00 0.000000e+00 0.000000e+00 0.000000e+00 1.365740e-02 0.000000e+00 2.517957e-03 0.000000e+00 0.000000e+00 1.960500e-03 0.000000e+00 1.366050e-02 6.008815e-04 0.000000e+00 0.000000e+00 0.000000e+00 1.281500e-02 0.000000e+00 0.000000e+00 9.515451e-03 3.375177e-03 3.886204e-03 1.550493e-03 0.000000e+00 3.543417e-03 0.000000e+00 2.506781e-01 2.666123e-01
2.506781e-01 5.129102e-04 9.239266e-03 0.000000e+00 0.000000e+00 0.000000e+00 0.000000e+00 0.000000e+00 1.365740e-02 0.000000e+00 2.517957e-03 0.000000e+00 0.000000e+00 1.960500e-03 0.000000e+00 1.366050e-02 6.008815e-04 0.000000e+00 0.000000e+00 0.000000e+00 1.281500e-02 0.000000e+00 0.000000e+00 9.515451e-03 3.375177e-03 3.886204e-03 1.550493e-03 0.000000e+00 3.543417e-03 0.000000e+00 2.506781e-01 2.666123e-01
2.368171e-01 5.129102e-04 4.042179e-03 0.000000e+00 0.000000e+00 0.000000e+00 5.050031e-05 2.470779e-04 6.674594e-03 2.572308e-05 1.007183e-03 0.000000e+00 1.582827e-03 1.920137e-03 0.000000e+00 5.983150e-04 6.008815e-04 0.000000e+00 0.000000e+00 0.000000e+00 1.075617e-02 0.000000e+00 0.000000e+00 0.000000e+00 2.776581e-04 1.139445e-02 8.185568e-04 9.946267e-03 9.596755e-04 9.643873e-05 2.368171e-01 3.086773e-01
2.368171e-01 5.129102e-04 4.042179e-03 0.000000e+00 0.000000e+00 0.000000e+00 5.050031e-05 2.470779e-04 6.674594e-03 2.572308e-05 1.007183e-03 0.000000e+00 1.582827e-03 1.920137e-03 0.000000e+00 5.983150e-04 6.008815e-04 0.000000e+00 0.000000e+00 0.000000e+00 1.075617e-02 0.000000e+00 0.000000e+00 0.000000e+00 2.776581e-04 1.139445e-02 8.185568e-04 9.946267e-03 9.596755e-04 9.643873e-05 2.368171e-01 3.086773e-01
2.302016e-01 2.564551e-04 4.619633e-03 4.976783e-04 0.000000e+00 0.000000e+00 0.000000e+00 3.953246e-04 6.883196e-03 2.572308e-05 5.791301e-03 0.000000e+00 3.244795e-03 1.020613e-03 0.000000e+00 3.812302e-02 3.198240e-04 0.000000e+00 7.743323e-04 0.000000e+00 1.075617e-02 0.000000e+00 0.000000e+00 8.823443e-03 3.961694e-03 9.227702e-03 7.752466e-04 2.480393e-03 1.771709e-03 0.000000e+00 2.302016e-01 3.567028e-01
2.267364e-01 5.012450e-02 0.000000e+00 6.836297e-03 0.000000e+00 0.000000e+00 7.432122e-05 3.212012e-04 4.900851e-04 2.007655e-05 3.273344e-03 0.000000e+00 4.313203e-03 6.054416e-05 0.000000e+00 0.000000e+00 7.076106e-04 0.000000e+00 1.548665e-03 2.406131e-06 5.224190e-03 0.000000e+00 0.000000e+00 7.079482e-03 4.482871e-03 3.533802e-02 0.000000e+00 4.994572e-03 6.127159e-03 1.157265e-03 2.267364e-01 3.863536e-01
2.267364e-01 5.012450e-02 0.000000e+00 6.836297e-03 0.000000e+00 0.000000e+00 7.432122e-05 3.212012e-04 4.900851e-04 2.007655e-05 3.273344e-03 0.000000e+00 4.313203e-03 6.054416e-05 0.000000e+00 0.000000e+00 7.076106e-04 0.000000e+00 1.548665e-03 2.406131e-06 5.224190e-03 0.000000e+00 0.000000e+00 7.079482e-03 4.482871e-03 3.533802e-02 0.000000e+00 4.994572e-03 6.127159e-03 1.157265e-03 2.267364e-01 3.863536e-01
2.166557e-01 5.129102e-04 0.000000e+00 6.611155e-03 0.000000e+00 0.000000e+00 6.574569e-05 1.729545e-04 6.570293e-03 2.242927e-05 7.679769e-03 0.000000e+00 1.820251e-03 0.000000e+00 0.000000e+00 0.000000e+00 0.000000e+00 4.644380e-02 3.176442e-02 0.000000e+00 4.476998e-03 0.000000e+00 0.000000e+00 1.448426e-02 3.917001e-03 1.508836e-02 0.000000e+00 1.163462e-02 1.181139e-03 1.928775e-04 2.166557e-01 4.627476e-01
2.097252e-01 0.000000e+00 0.000000e+00 9.953566e-04 0.000000e+00 0.000000e+00 7.432122e-05 1.235389e-04 1.089882e-04 6.273921e-05 5.035914e-03 0.000000e+00 2.690805e-03 8.072554e-05 0.000000e+00 3.770529e-03 3.876655e-05 0.000000e+00 1.548665e-03 0.000000e+00 6.253605e-03 0.000000e+00 0.000000e+00 3.207601e-03 4.548210e-03 1.456920e-02 0.000000e+00 4.960786e-03 0.000000e+00 0.000000e+00 2.097252e-01 4.904729e-01
2.097252e-01 5.129102e-04 0.000000e+00 5.029088e-02 0.000000e+00 0.000000e+00 7.432122e-05 1.235389e-04 6.674594e-03 2.352720e-05 7.050280e-03 0.000000e+00 2.690805e-03 8.072554e-05 0.000000e+00 5.983150e-04 3.876655e-05 3.096253e-02 0.000000e+00 0.000000e+00 4.194776e-03 0.000000e+00 0.000000e+00 0.000000e+00 4.548210e-03 1.139445e-02 0.000000e+00 4.960786e-03 0.000000e+00 0.000000e+00 2.097252e-01 5.087650e-01
2.037398e-01 5.129102e-04 2.309817e-03 4.573330e-03 0.000000e+00 0.000000e+00 5.050031e-05 2.470779e-04 6.674594e-03 2.352720e-05 7.050280e-03 0.000000e+00 2.295099e-03 0.000000e+00 0.000000e+00 5.983150e-04 7.753310e-05 3.096253e-02 0.000000e+00 0.000000e+00 5.694014e-03 0.000000e+00 0.000000e+00 0.000000e+00 2.776581e-04 1.139445e-02 0.000000e+00 8.583211e-03 5.462768e-03 0.000000e+00 2.037398e-01 5.456383e-01
1.980158e-01 0.000000e+00 6.640723e-03 2.188014e-03 0.000000e+00 1.241767e-02 4.478330e-05 3.582629e-04 6.674594e-03 4.705441e-05 4.658221e-03 0.000000e+00 7.914134e-04 0.000000e+00 0.000000e+00 4.528439e-02 2.664594e-04 1.423898e-02 0.000000e+00 2.040366e-02 4.194776e-03 0.000000e+00 0.000000e+00 9.695424e-03 3.170767e-03 2.039954e-02 0.000000e+00 4.956241e-03 0.000000e+00 0.000000e+00 1.980158e-01 6.052200e-01
8.041442e-02 5.129102e-04 0.000000e+00 4.573330e-03 0.000000e+00 0.000000e+00 5.645554e-05 1.235389e-04 3.960811e-03 6.273921e-05 0.000000e+00 0.000000e+00 1.899392e-03 8.072554e-05 0.000000e+00 0.000000e+00 0.000000e+00 8.704848e-03 0.000000e+00 0.000000e+00 5.567329e-03 0.000000e+00 0.000000e+00 0.000000e+00 2.604994e-03 1.100843e-02 0.000000e+00 3.527181e-03 1.181139e-03 0.000000e+00 8.041442e-02 6.816995e-01
8.041442e-02 5.129102e-04 0.000000e+00 4.573330e-03 0.000000e+00 0.000000e+00 5.645554e-05 1.235389e-04 3.960811e-03 6.273921e-05 0.000000e+00 0.000000e+00 1.899392e-03 8.072554e-05 0.000000e+00 0.000000e+00 0.000000e+00 8.704848e-03 0.000000e+00 0.000000e+00 5.567329e-03 0.000000e+00 0.000000e+00 0.000000e+00 2.604994e-03 1.100843e-02 0.000000e+00 3.527181e-03 1.181139e-03 0.000000e+00 8.041442e-02 6.816995e-01
8.041442e-02 5.129102e-04 0.000000e+00 4.573330e-03 0.000000e+00 0.000000e+00 5.645554e-05 1.235389e-04 3.960811e-03 6.273921e-05 0.000000e+00 0.000000e+00 1.899392e-03 8.072554e-05 0.000000e+00 0.000000e+00 0.000000e+00 8.704848e-03 0.000000e+00 0.000000e+00 5.567329e-03 0.000000e+00 0.000000e+00 0.000000e+00 2.604994e-03 1.100843e-02 0.000000e+00 3.527181e-03 1.181139e-03 0.000000e+00 8.041442e-02 6.816995e-01
8.041442e-02 5.129102e-04 0.000000e+00 4.573330e-03 0.000000e+00 0.000000e+00 5.645554e-05 1.235389e-04 3.960811e-03 6.273921e-05 0.000000e+00 0.000000e+00 1.899392e-03 8.072554e-05 0.000000e+00 0.000000e+00 0.000000e+00 8.704848e-03 0.000000e+00 0.000000e+00 5.567329e-03 0.000000e+00 0.000000e+00 0.000000e+00 2.604994e-03 1.100843e-02 0.000000e+00 3.527181e-03 1.181139e-03 0.000000e+00 8.041442e-02 6.816995e-01
8.041442e-02 5.129102e-04 0.000000e+00 4.573330e-03 0.000000e+00 0.000000e+00 5.645554e-05 1.235389e-04 3.960811e-03 6.273921e-05 0.000000e+00 0.000000e+00 1.899392e-03 8.072554e-05 0.000000e+00 0.000000e+00 0.000000e+00 8.704848e-03 0.000000e+00 0.000000e+00 5.567329e-03 0.000000e+00 0.000000e+00 0.000000e+00 2.604994e-03 1.100843e-02 0.000000e+00 3.527181e-03 1.181139e-03 0.000000e+00 8.041442e-02 6.816995e-01
8.041442e-02 5.129102e-04 0.000000e+00 4.573330e-03 0.000000e+00 0.000000e+00 5.645554e-05 1.235389e-04 3.960811e-03 6.273921e-05 0.000000e+00 0.000000e+00 1.899392e-03 8.072554e-05 0.000000e+00 0.000000e+00 0.000000e+00 8.704848e-03 0.000000e+00 0.000000e+00 5.567329e-03 0.000000e+00 0.000000e+00 0.000000e+00 2.604994e-03 1.100843e-02 0.000000e+00 3.527181e-03 1.181139e-03 0.000000e+00 8.041442e-02 6.816995e-01
8.041442e-02 5.129102e-04 0.000000e+00 4.573330e-03 0.000000e+00 0.000000e+00 5.645554e-05 1.235389e-04 3.960811e-03 6.273921e-05 0.000000e+00 0.000000e+00 1.899392e-03 8.072554e-05 0.000000e+00 0.000000e+00 0.000000e+00 8.704848e-03 0.000000e+00 0.000000e+00 5.567329e-03 0.000000e+00 0.000000e+00 0.000000e+00 2.604994e-03 1.100843e-02 0.000000e+00 3.527181e-03 1.181139e-03 0.000000e+00 8.041442e-02 6.816995e-01
8.041442e-02 5.129102e-04 0.000000e+00 4.573330e-03 0.000000e+00 0.000000e+00 5.645554e-05 1.235389e-04 3.960811e-03 6.273921e-05 0.000000e+00 0.000000e+00 1.899392e-03 8.072554e-05 0.000000e+00 0.000000e+00 0.000000e+00 8.704848e-03 0.000000e+00 0.000000e+00 5.567329e-03 0.000000e+00 0.000000e+00 0.000000e+00 2.604994e-03 1.100843e-02 0.000000e+00 3.527181e-03 1.181139e-03 0.000000e+00 8.041442e-02 6.816995e-01
8.041442e-02 5.129102e-04 0.000000e+00 4.573330e-03 0.000000e+00 0.000000e+00 5.645554e-05 1.235389e-04 3.960811e-03 6.273921e-05 0.000000e+00 0.000000e+00 1.899392e-03 8.072554e-05 0.000000e+00 0.000000e+00 0.000000e+00 8.704848e-03 0.000000e+00 0.000000e+00 5.567329e-03 0.000000e+00 0.000000e+00 0.000000e+00 2.604994e-03 1.100843e-02 0.000000e+00 3.527181e-03 1.181139e-03 0.000000e+00 8.041442e-02 6.816995e-01
6.804631e-02 7.693654e-04 0.000000e+00 3.503020e-03 0.000000e+00 2.182472e-02 6.538838e-05 1.235389e-04 8.600506e-03 2.352720e-05 7.050280e-03 0.000000e+00 2.295099e-03 8.072554e-05 0.000000e+00 5.983150e-04 7.753310e-05 3.531496e-02 0.000000e+00 0.000000e+00 3.851637e-03 0.000000e+00 0.000000e+00 0.000000e+00 1.388291e-04 9.614066e-03 0.000000e+00 8.583211e-03 5.167483e-03 0.000000e+00 6.804631e-02 7.108385e-01
6.142768e-02 3.419402e-04 9.625718e-03 3.503020e-03 0.000000e+00 5.606711e-02 8.623167e-05 2.470779e-04 1.210216e-02 6.666041e-05 7.050280e-03 0.000000e+00 3.482219e-03 4.036277e-05 0.000000e+00 2.280687e-02 9.691637e-05 1.983369e-02 0.000000e+00 0.000000e+00 5.224190e-03 0.000000e+00 0.000000e+00 0.000000e+00 2.017282e-03 6.439303e-03 3.057154e-04 2.802841e-03 4.576914e-03 0.000000e+00 6.142768e-02 7.373231e-01
4.355781e-02 5.129102e-04 0.000000e+00 4.573330e-03 0.000000e+00 0.000000e+00 5.050031e-05 3.088474e-04 1.307742e-02 3.246754e-05 7.050280e-03 0.000000e+00 4.392344e-03 0.000000e+00 0.000000e+00 5.983150e-04 7.753310e-05 2.012809e-02 0.000000e+00 0.000000e+00 3.851637e-03 0.000000e+00 0.000000e+00 0.000000e+00 1.388291e-04 6.309878e-03 0.000000e+00 9.034130e-03 5.462768e-03 0.000000e+00 4.355781e-02 7.696539e-01
3.573974e-02 5.129102e-04 2.309817e-03 2.743210e-02 0.000000e+00 0.000000e+00 5.050031e-05 2.470779e-04 6.674594e-03 9.410882e-05 1.057542e-02 0.000000e+00 2.690805e-03 0.000000e+00 0.000000e+00 8.974725e-04 9.691637e-05 3.096253e-02 0.000000e+00 0.000000e+00 5.007738e-03 0.000000e+00 0.000000e+00 0.000000e+00 1.429570e-03 1.870176e-03 0.000000e+00 2.078500e-03 0.000000e+00 0.000000e+00 3.573974e-02 8.048713e-01
2.328905e-02 5.129102e-04 0.000000e+00 4.573330e-03 0.000000e+00 2.483535e-02 4.478330e-05 0.000000e+00 6.674594e-03 4.705441e-05 0.000000e+00 0.000000e+00 7.914134e-04 0.000000e+00 0.000000e+00 4.528439e-02 0.000000e+00 1.423898e-02 0.000000e+00 0.000000e+00 4.194776e-03 0.000000e+00 0.000000e+00 0.000000e+00 2.776581e-04 2.039954e-02 0.000000e+00 2.631550e-03 1.771709e-03 0.000000e+00 2.328905e-02 8.680613e-01
6.536048e-03 0.000000e+00 0.000000e+00 0.000000e+00 0.000000e+00 1.365539e-01 0.000000e+00 2.048099e-02 1.302364e-02 0.000000e+00 0.000000e+00 0.000000e+00 9.496960e-04 0.000000e+00 0.000000e+00 4.037713e-02 3.930422e-02 1.093580e-02 0.000000e+00 0.000000e+00 2.783664e-03 0.000000e+00 0.000000e+00 0.000000e+00 0.000000e+00 0.000000e+00 5.324023e-04 1.002555e-02 5.905695e-04 0.000000e+00 6.536048e-03 9.999534e-01
0.000000e+00 2.564551e-04 0.000000e+00 4.038175e-03 3.097391e-03 0.000000e+00 5.645554e-05 3.706168e-04 1.948025e-02 4.140788e-05 1.057542e-02 0.000000e+00 6.489589e-03 0.000000e+00 0.000000e+00 4.621205e-02 0.000000e+00 9.293640e-03 7.743323e-04 0.000000e+00 3.508499e-03 0.000000e+00 0.000000e+00 2.785435e-03 0.000000e+00 1.225305e-03 0.000000e+00 9.485049e-03 0.000000e+00 0.000000e+00 0.000000e+00 1.036525e+00
